15 11 31
11 31 32
12 32 34
12 32 34
12 32 33
12 33 35
13 34 33
12 34 35
12 35 34
12 35 34
12 36 36
12 35 37
11 34 37
13 36 38
12 36 37
12 37 37
11 36 36
12 35 36
12 35 34
13 38 34
11 36 35
12 37 36
12 36 36
12 37 37
12 36 36
11 37 36
12 36 35
12 37 35
13 37 34
13 35 35
12 36 35
12 37 35
13 37 35
11 35 36
11 37 36
12 37 35
12 37 35
13 37 35
12 37 33
13 37 34
12 36 36
12 36 33
12 36 34
12 37 34
12 38 34
13 37 35
12 36 34
12 37 35
12 35 33
13 37 32
12 35 33
13 34 32
14 34 32
15 35 30
14 34 30
14 34 29
13 36 29
13 36 31
13 35 30
15 32 29
13 32 30
12 33 31
12 33 28
12 32 34
10 28 31
07 30 28
10 32 33
12 27 29
10 31 28
11 30 30
11 26 26
13 29 24
14 28 27
13 27 24
09 29 28
09 30 26
12 28 29
13 29 30
13 31 26
14 34 25
13 29 27
13 28 27
11 30 27
10 33 26
10 29 29
09 28 32
10 31 31
10 30 31
11 33 30
10 32 31
12 36 33
14 37 31
13 39 33
15 37 32
15 39 35
15 39 40
21 38 37
22 40 42
23 36 44
23 43 51
23 41 60
28 37 54
31 43 57
33 37 60
31 30 57
30 30 52
31 31 50
30 41 53
31 42 50
32 39 52
32 38 54
32 36 54
32 36 52
31 34 52
31 36 53
31 38 52
31 39 53
31 36 52
30 36 53
30 34 53
31 36 52
31 35 53
31 35 53
30 35 52
31 35 53
30 35 53
31 34 53
31 35 54
31 35 53
31 34 53
30 35 52
30 35 53
31 35 52
31 35 52
31 36 53
31 34 53
31 34 53
31 35 51
31 34 51
30 34 53
30 34 53
31 35 53
31 34 53
31 34 53
31 33 53
29 36 53
31 35 52
32 34 53
32 35 52
30 34 52
32 34 52
31 35 52
31 35 52
30 35 53
31 34 53
31 35 53
31 35 52
31 36 52
31 34 53
30 35 53
31 34 52
30 35 53
31 36 53
31 35 53
31 34 52
32 35 53
32 35 52
31 34 52
32 36 52
31 34 53
31 35 53
31 35 52
31 35 53
31 34 54
30 35 53
32 34 53
31 35 52
32 35 53
32 35 53
32 35 53
31 35 53
31 35 52
31 34 54
31 36 52
30 34 54
31 34 53
32 35 52
32 35 53
31 34 52
29 35 53
32 35 53
31 36 52
30 34 53
32 35 52
31 36 53
31 37 53
31 33 53
31 35 53
31 34 53
31 36 53
