11 33 33
11 34 30
12 32 30
12 34 31
12 34 29
10 33 30
12 32 30
13 34 31
10 32 32
12 35 32
11 33 32
10 35 33
11 34 28
13 33 29
14 32 31
13 34 33
12 33 33
10 33 34
10 33 34
09 34 34
10 36 35
12 36 35
12 36 35
11 35 35
12 35 34
13 36 34
13 35 35
13 35 34
13 35 35
14 36 35
13 36 35
12 36 34
14 36 35
11 35 35
12 35 36
12 36 35
11 36 36
11 37 36
12 35 35
13 36 35
12 36 35
12 36 34
12 36 36
12 36 35
11 37 36
13 36 36
12 36 35
14 36 35
12 36 37
12 36 36
13 37 35
13 37 36
11 37 36
11 36 37
13 36 35
12 36 36
12 36 36
12 36 37
13 36 37
12 37 37
12 37 36
12 38 37
11 38 36
11 38 36
12 37 36
12 38 34
12 37 35
13 35 34
12 37 34
12 35 35
12 34 36
14 35 36
14 34 36
14 33 35
14 33 35
14 32 35
16 32 35
14 33 34
15 33 35
13 33 33
13 32 33
10 33 34
10 30 30
11 31 30
10 33 33
11 34 32
11 36 31
09 37 35
09 29 35
13 37 43
16 39 42
12 43 41
12 40 43
12 42 49
15 44 47
25 38 47
26 43 51
27 46 49
30 51 56
33 54 59
31 43 50
32 37 51
29 41 50
28 40 46
29 44 48
29 40 50
29 41 53
33 40 54
32 38 49
31 42 51
32 45 51
32 44 50
32 43 51
30 39 50
31 40 50
30 43 50
31 41 51
30 42 50
31 42 51
31 41 50
32 41 51
31 41 50
31 42 51
31 41 50
30 42 50
30 42 51
32 42 51
31 41 51
31 41 51
32 43 51
31 42 52
31 42 50
31 42 51
31 42 51
31 41 50
30 43 51
32 41 51
32 41 50
32 42 51
31 41 51
31 42 51
31 41 51
32 40 51
31 41 50
31 42 52
31 41 51
31 41 51
30 41 51
31 42 51
33 44 52
31 41 50
31 41 51
32 42 51
31 41 51
31 42 50
32 39 51
32 41 51
30 41 51
32 41 50
31 42 51
31 43 51
31 41 50
31 42 51
31 41 50
30 41 50
30 42 51
31 42 51
31 42 50
32 42 51
32 42 50
31 40 50
31 42 51
31 41 51
31 41 51
31 42 51
30 42 51
32 42 51
31 42 51
31 43 50
32 41 51
32 41 50
31 42 51
31 42 51
33 44 50
