14 35 32
15 34 30
15 34 31
15 33 30
16 33 31
15 34 29
16 37 34
15 34 30
15 36 28
15 35 28
12 33 27
10 33 27
12 34 26
12 34 26
09 35 28
09 35 29
10 35 29
10 34 28
09 35 31
09 33 31
11 43 39
14 40 36
15 37 36
12 37 38
13 40 37
14 40 36
12 47 41
08 49 49
10 38 52
17 33 48
20 37 50
22 42 55
23 38 52
23 36 52
23 35 53
22 34 51
21 38 49
21 38 44
24 39 45
23 40 45
22 43 44
24 42 43
24 39 43
22 40 44
21 42 46
24 58 61
23 42 54
25 46 52
29 55 51
29 55 52
32 50 50
33 46 49
36 48 49
34 49 49
33 45 49
33 45 48
33 44 45
33 41 45
32 41 45
32 39 42
32 35 42
33 32 41
33 35 45
32 38 48
31 38 47
32 61 63
33 22 42
36 29 53
39 32 58
38 34 51
37 40 52
37 41 52
36 43 52
36 42 51
37 39 51
36 39 51
35 39 51
37 37 52
38 39 52
38 40 52
38 40 52
38 39 51
37 40 52
38 39 51
38 37 52
37 39 52
37 40 52
36 40 51
36 39 51
36 39 52
36 39 51
37 39 51
37 39 52
38 39 51
37 39 51
37 39 51
39 38 51
38 39 52
37 40 51
37 38 51
38 40 51
37 40 52
37 39 52
38 38 51
37 38 52
36 39 51
37 38 51
37 40 51
37 40 52
37 39 52
37 39 51
37 39 52
38 39 52
38 40 51
38 39 51
38 39 51
38 38 52
37 39 51
39 40 51
36 38 51
37 39 52
37 39 51
37 38 52
36 38 53
38 38 51
39 40 51
38 39 50
37 37 51
38 39 51
37 40 52
38 40 52
38 39 52
37 39 52
39 39 51
36 38 51
37 39 52
38 40 51
38 40 52
