13 38 33
13 38 33
13 38 33
33 12 38
12 38 32
13 38 33
12 40 33
12 39 33
12 38 33
12 38 33
12 38 33
12 38 34
11 41 34
12 39 33
13 39 34
12 39 33
13 38 33
13 39 34
12 39 33
13 39 33
13 39 33
12 38 34
13 38 33
13 40 32
11 39 32
12 39 33
12 40 33
13 40 33
13 40 33
12 40 33
13 39 33
12 39 33
13 37 33
12 39 34
13 39 33
13 39 34
13 38 34
11 40 33
13 40 32
13 38 34
13 39 34
13 38 33
13 39 33
13 38 32
12 40 32
12 39 34
14 38 33
13 38 34
12 38 32
11 39 32
13 39 33
13 38 34
13 39 33
13 37 33
12 38 33
13 39 33
13 38 33
12 38 34
13 39 33
13 40 34
12 39 34
12 40 33
12 39 33
12 39 33
12 40 33
13 38 32
13 38 33
13 39 33
12 39 33
13 40 33
12 40 34
12 39 33
12 39 32
11 38 32
12 39 32
12 39 33
13 39 33
13 39 33
13 40 34
13 40 33
11 39 33
13 38 33
12 39 33
12 38 32
13 38 33
12 38 34
14 39 33
13 38 32
11 39 34
12 39 32
12 39 32
13 39 33
13 39 32
13 39 32
12 39 32
11 38 32
12 37 31
11 38 32
13 37 32
13 36 33
14 37 32
13 38 33
14 37 32
13 37 32
15 35 33
14 35 33
15 34 33
13 35 33
16 36 34
14 34 32
14 34 33
14 36 31
16 34 33
15 33 33
15 35 32
14 33 32
14 33 30
13 32 29
15 32 27
12 31 25
13 32 24
12 32 22
12 31 20
11 31 21
11 31 21
11 31 22
10 30 22
11 29 24
10 29 25
08 27 25
06 29 29
09 28 29
10 31 28
07 36 32
11 31 32
11 29 25
10 31 27
10 31 30
13 33 30
13 34 30
13 33 30
11 34 32
11 34 35
10 34 36
12 37 39
13 36 41
18 34 46
20 35 47
20 41 48
18 42 48
19 42 50
19 41 51
19 38 48
13 43 49
14 43 49
17 36 50
20 31 49
25 31 41
28 31 39
33 31 40
34 28 40
39 36 62
27 31 58
41 34 50
35 43 53
31 38 51
28 39 52
27 33 52
27 34 53
29 35 53
29 37 52
31 38 53
30 36 52
30 34 52
29 34 53
27 35 52
28 36 53
30 35 53
29 37 52
29 38 52
30 38 53
31 37 54
32 36 53
31 35 53
29 33 52
30 35 53
29 36 53
31 34 53
31 34 53
30 33 53
29 35 52
29 36 53
29 36 52
30 35 53
29 35 53
29 37 53
29 36 52
30 36 52
30 35 53
31 35 53
30 35 53
32 35 53
30 35 53
30 34 53
30 35 52
29 34 53
29 35 53
28 36 52
31 35 52
30 35 52
30 35 51
30 34 53
30 34 52
30 34 53
30 35 53
30 35 53
30 36 53
29 35 52
30 34 53
30 34 53
30 35 53
30 35 52
29 35 53
30 35 53
30 35 52
29 36 51
31 37 52
31 35 53
30 33 53
28 33 53
29 33 52
30 37 54
30 36 51
31 34 53
29 34 53
29 36 53
30 35 53
30 34 52
30 35 52
29 35 52
29 35 52
29 34 53
31 34 52
30 35 53
31 36 52
29 36 53
29 38 52
29 37 53
30 35 53
29 35 53
29 32 54
30 36 50
31 36 52
31 32 54
31 36 53
30 35 54
31 35 52
30 33 52
32 33 54
33 35 53
33 35 52
32 34 54
31 37 53
31 39 52
31 40 52
28 38 52
30 35 52
31 34 53
30 36 53
31 37 53
30 37 53
31 37 52
30 37 52
30 37 53
31 35 52
30 36 53
31 36 52
30 36 52
30 38 52
31 39 52
29 36 53
31 37 53
30 35 52
30 37 52
29 37 53
30 38 53
31 37 51
30 36 53
30 37 52
32 36 52
31 37 53
31 37 52
31 37 53
30 37 53
30 36 52
30 37 52
30 35 51
30 37 52
30 36 54
29 35 52
30 35 53
31 36 52
30 35 53
31 36 53
31 35 53
30 35 52
30 37 52
28 37 53
30 36 53
29 36 53
31 35 52
30 37 52
29 36 53
31 37 52
30 37 54
29 38 52
31 38 53
30 37 52
30 37 53
29 36 53
29 36 52
30 37 52
30 37 53
30 36 52
31 36 53
30 36 52
29 37 52
32 39 53
30 38 52
29 36 52
30 35 52
31 35 53
31 40 51
30 40 53
29 36 53
29 36 53
30 38 52
30 37 52
29 35 53
31 35 53
31 36 52
30 36 53
28 38 52
30 38 52
30 37 52
30 36 53
29 37 53
32 37 54
31 35 56
33 38 56
33 37 55
33 40 53
31 40 50
32 37 47
29 37 46
28 40 45
29 40 48
31 38 51
31 38 55
31 34 57
28 36 57
29 40 54
30 39 53
31 37 53
30 37 52
30 35 53
30 37 52
30 38 52
29 37 51
29 39 54
29 39 56
31 37 61
31 39 58
28 41 51
33 44 50
31 42 49
33 40 46
33 40 46
34 40 49
35 40 51
36 40 51
37 42 51
38 43 52
39 42 52
37 43 52
37 43 54
39 44 53
40 44 54
39 41 54
37 40 55
36 42 55
36 42 54
37 45 52
36 41 51
36 42 48
36 40 48
38 39 47
36 36 46
35 34 46
35 30 45
34 28 45
33 28 44
34 29 42
37 26 44
36 26 46
37 27 47
38 30 52
39 32 57
42 28 57
38 27 55
35 29 55
34 30 54
32 32 53
32 28 55
