12 37 36
12 36 35
12 38 35
13 37 35
12 36 36
11 38 35
12 38 35
13 38 35
13 37 34
12 37 35
13 37 35
13 38 34
13 37 35
12 37 35
12 38 34
14 36 36
11 37 36
12 38 36
11 37 36
12 37 36
12 38 35
12 37 35
12 37 34
12 39 34
13 39 34
12 39 35
13 36 33
14 37 36
14 34 35
15 36 34
16 37 35
17 37 34
19 36 32
21 36 32
19 36 28
16 36 26
12 33 21
04 26 22
01 37 28
06 35 34
00 40 54
14 36 29
16 49 37
22 50 34
22 50 33
14 42 36
12 37 37
11 38 36
11 39 35
15 37 38
17 38 38
16 39 36
15 44 32
18 44 31
23 37 39
16 40 36
19 46 38
19 46 41
19 50 47
24 54 53
31 57 59
36 53 57
35 49 52
37 46 48
36 43 49
34 43 51
33 44 55
32 43 56
43 37 56
42 42 52
45 47 53
46 50 55
45 47 54
40 51 52
48 40 48
44 38 47
42 43 45
41 37 44
40 36 41
37 37 42
35 36 43
35 31 42
31 32 44
27 31 46
27 32 47
26 34 49
23 36 48
25 37 47
27 44 47
26 42 50
25 44 51
25 47 51
27 53 57
20 44 61
18 34 52
19 44 47
21 43 48
23 40 49
23 42 49
26 42 49
26 40 49
24 44 48
25 46 48
21 44 46
20 42 46
20 41 48
18 40 46
20 40 46
24 41 48
21 45 48
19 41 50
20 43 50
19 42 48
20 42 48
21 42 48
21 40 47
22 40 47
22 41 48
25 41 48
24 39 47
25 40 48
25 43 47
25 43 48
24 43 48
23 43 48
25 43 48
24 42 47
23 42 47
23 43 47
23 44 47
21 43 48
22 42 47
22 42 48
20 44 49
21 43 48
20 43 48
22 42 48
23 41 48
23 41 47
23 42 46
24 42 48
23 41 49
23 41 47
22 41 48
23 42 48
23 42 47
22 41 48
22 41 48
22 43 49
23 44 49
23 40 47
23 44 48
22 42 48
24 42 47
23 41 47
22 41 47
24 42 47
22 43 48
24 43 47
22 42 48
24 42 48
23 42 47
24 42 48
23 42 48
24 43 49
23 42 48
24 42 47
24 42 48
22 42 49
22 41 49
24 42 49
23 43 47
22 40 48
24 42 48
22 42 48
22 42 48
22 42 49
23 41 47
23 42 48
24 41 47
23 42 48
23 42 48
24 43 47
22 41 47
23 42 48
23 42 48
23 42 48
22 41 48
24 41 49
24 41 48
22 42 48
23 42 48
