11 35 34
13 37 35
13 37 34
12 37 34
12 37 35
12 36 35
12 36 34
12 38 36
11 38 36
12 38 35
12 37 35
12 37 35
13 37 35
12 37 34
12 37 36
14 37 36
12 38 34
13 37 35
13 36 34
13 36 35
14 34 35
14 34 34
13 33 33
13 34 34
11 33 34
11 33 33
12 33 33
14 33 33
14 33 33
15 32 32
15 31 31
16 34 32
14 31 29
12 33 31
15 31 33
13 29 34
07 28 34
11 38 39
16 23 38
13 48 55
14 42 46
14 45 49
17 46 44
23 39 47
29 38 51
31 36 54
35 55 62
32 50 57
29 39 47
30 34 50
26 41 45
28 43 45
32 41 51
32 38 54
32 43 52
34 41 52
33 37 53
33 44 55
33 44 53
35 38 50
37 39 50
36 40 49
33 39 48
31 41 48
28 41 47
24 48 53
20 40 49
19 41 43
22 40 53
29 35 55
33 39 51
32 38 52
33 40 50
31 41 52
30 37 54
29 33 52
32 36 52
32 41 52
30 39 51
30 40 51
28 43 51
26 44 51
24 42 48
26 41 48
27 44 50
30 41 51
31 44 52
32 41 50
34 41 51
32 43 51
29 41 51
29 41 52
30 40 51
30 38 51
28 40 52
27 40 50
27 42 52
29 40 51
34 39 51
35 36 53
34 35 53
32 35 53
31 35 53
31 37 52
30 41 54
30 39 53
30 37 50
31 39 51
32 39 52
34 41 52
33 37 52
31 38 52
31 35 53
31 35 53
30 38 53
31 37 52
31 39 53
30 39 52
31 37 52
31 38 52
31 38 52
31 37 52
30 37 52
31 37 52
32 37 51
31 37 53
31 38 52
31 37 53
31 37 51
31 37 53
31 38 52
30 37 53
31 36 53
31 37 51
30 38 52
31 37 52
31 37 53
30 37 52
31 37 53
31 37 53
30 38 52
30 37 53
31 36 52
32 39 53
31 36 53
31 38 52
30 39 52
32 37 52
30 37 52
31 38 52
32 37 52
30 38 52
31 36 52
32 39 52
32 36 52