11 33 33
12 34 32
13 36 33
11 36 34
13 36 32
13 36 32
11 35 33
12 35 32
10 36 33
11 35 33
11 35 32
11 36 32
10 35 32
11 36 32
12 34 33
11 35 34
12 37 34
11 36 34
11 36 34
12 36 34
10 36 35
11 37 34
12 36 35
13 38 34
11 37 35
13 36 34
12 36 35
11 36 34
11 37 34
12 38 34
12 38 35
13 37 34
11 36 34
12 38 35
12 37 33
12 36 35
13 36 34
13 35 35
13 36 34
15 37 34
16 37 33
16 36 33
14 35 33
15 37 32
13 35 31
12 36 32
14 34 31
13 34 30
12 34 30
14 33 30
14 34 29
15 35 30
17 35 30
14 37 28
16 37 27
15 36 30
12 39 27
11 40 28
10 39 32
09 34 32
12 34 33
08 40 34
10 39 36
11 34 32
17 37 35
22 54 45
18 42 42
13 40 51
11 43 53
17 40 54
20 33 63
24 29 63
29 36 63
29 36 57
29 32 54
27 35 51
23 34 55
21 33 51
21 37 47
20 32 48
22 31 48
26 34 47
27 33 45
28 32 43
28 35 45
33 39 44
33 42 44
35 38 40
38 36 38
38 36 39
40 41 48
31 42 63
24 19 63
04 38 50
22 00 63
30 41 54
23 30 45
20 42 49
23 47 54
26 40 52
26 40 50
23 34 51
26 33 52
25 32 52
26 36 52
24 36 53
26 36 52
26 34 51
25 35 51
25 35 52
25 34 52
26 36 51
25 36 51
26 37 51
27 38 51
26 38 52
27 38 51
27 37 51
27 39 52
27 38 51
28 37 53
28 37 51
28 36 50
28 37 51
28 39 50
28 39 48
27 36 49
26 35 51
25 35 53
25 34 55
24 35 52
25 35 51
26 36 49
27 38 51
26 37 52
25 36 53
25 36 52
26 35 52
26 36 51
25 37 50
26 38 52
26 37 52
25 38 51
26 36 52
25 36 51
26 36 52
26 37 51
26 37 51
25 35 51
26 36 52
27 37 51
26 36 51
25 37 51
26 38 51
25 36 52
25 36 50
26 37 52
25 37 51
26 36 51
25 35 50
26 36 52
26 36 54
26 36 51
24 35 51
24 33 51
24 33 51
24 34 51
23 34 52
25 33 53
25 35 53
25 34 51
24 36 50
25 35 51
24 36 51
24 36 52
24 35 51
24 35 50
23 36 52
24 38 51
25 36 49
25 37 50
24 38 51
23 37 52
24 38 49
25 37 51
24 37 50
24 37 50
24 37 50
24 38 51
25 38 51
24 38 50
25 39 51
24 38 51
24 37 51
24 40 51
24 38 50
24 38 51
