36 39 49
36 39 49
36 40 49
36 39 49
35 38 45
34 40 47
35 40 45
34 40 44
31 42 46
30 41 44
28 48 47
26 53 49
24 47 43
22 46 44
20 48 46
19 49 44
18 47 42
17 44 40
15 46 41
13 46 41
11 45 40
11 44 40
12 42 38
12 42 38
14 42 38
12 39 37
13 40 37
13 40 37
13 39 36
13 39 36
13 40 36
12 39 36
13 41 36
12 39 36
12 40 36
13 40 35
13 39 36
12 40 36
13 41 36
13 40 36
12 39 36
13 40 36
12 40 35
13 39 35
13 39 35
13 38 36
13 39 35
13 39 35
13 38 35
13 39 35
13 39 36
13 38 35
13 37 35
14 38 34
12 39 35
13 38 34
13 39 35
13 39 36
13 38 34
11 39 35
12 39 35
12 38 35
13 39 34
12 38 35
11 38 35
13 40 35
13 38 34
13 40 34
13 40 34
13 39 34
14 39 34
14 39 33
13 40 33
14 39 33
14 40 33
13 40 32
14 41 34
14 41 32
14 42 34
14 41 33
15 40 32
15 39 33
15 41 29
15 37 31
15 40 30
14 41 32
11 44 37
11 41 43
17 36 30
17 44 31
15 47 35
15 45 33
19 43 33
20 44 34
19 42 35
21 43 37
20 47 37
21 43 36
21 44 38
21 44 42
23 47 48
23 48 49
27 48 51
29 45 57
29 45 62
34 43 61
36 41 61
37 39 60
34 44 62
32 38 55
31 34 47
33 36 44
34 33 45
37 34 48
40 38 50
43 40 55
35 45 58
30 44 57
32 44 54
31 40 53
32 41 51
32 42 47
35 41 45
37 45 46
37 43 48
36 41 52
33 41 56
31 41 56
34 39 53
32 40 51
31 41 49
31 40 49
28 40 49
30 40 51
32 40 50
34 41 53
35 43 55
37 44 52
37 45 52
35 44 51
37 45 50
37 43 49
37 41 47
35 41 46
33 40 48
35 44 50
37 45 50
37 46 49
35 44 49
34 44 51
35 43 52
36 41 52
35 40 51
34 40 52
35 41 50
33 43 50
34 42 50
34 46 50
35 48 47
39 47 50
39 45 50
38 44 48
37 42 49
35 36 50
33 34 53
34 35 54
34 34 50
35 35 52
34 35 53
35 36 54
34 35 53
35 37 53
35 35 52
34 34 52
35 35 53
34 34 52
36 35 52
34 36 52
34 36 52
35 35 52
34 36 53
35 36 52
35 35 53
35 34 53
35 35 53
35 34 53
34 34 52
34 35 53
36 35 53
36 35 52
35 34 51
35 34 52
35 34 51
35 35 52
34 35 53
35 35 52
34 34 52
35 36 53
34 36 52
34 34 52
35 35 54
34 35 53
35 34 52
34 36 52
34 34 52
36 35 53
36 34 55
35 35 52
35 34 52
34 34 53
35 35 53
