22 36 49
22 36 49
21 35 49
22 35 50
22 34 49
21 35 49
21 36 50
21 36 49
22 35 48
20 35 48
21 34 49
21 35 49
22 36 49
21 36 49
22 34 49
21 34 49
21 35 49
22 35 49
22 35 50
21 34 48
21 35 49
21 36 49
22 35 49
20 35 50
22 37 49
22 35 49
21 34 49
21 35 48
23 35 49
22 34 49
21 35 50
22 36 50
21 34 49
22 35 50
22 35 50
22 34 50
21 35 49
21 34 50
21 34 49
22 35 49
21 36 49
21 36 49
21 37 49
22 35 49
21 35 49
23 35 49
21 35 49
22 36 49
21 35 49
21 36 49
20 35 49
21 34 48
21 34 49
21 35 49
20 34 49
22 34 49
20 36 50
22 33 49
22 34 49
21 34 48
21 34 49
22 34 48
21 35 49
21 35 48
21 35 49
21 32 49
18 33 50
18 31 49
19 33 50
20 33 48
20 32 49
21 32 48
20 31 47
19 33 48
20 32 48
20 32 47
21 32 48
23 33 48
22 31 48
22 32 48
22 33 49
25 32 47
23 32 48
22 29 52
23 29 53
21 32 50
22 31 49
24 29 50
23 30 51
24 30 52
23 32 52
24 29 51
26 29 58
26 30 57
28 31 51
26 31 49
28 31 52
29 29 55
30 30 52
31 31 51
31 30 54
33 31 54
34 31 53
35 32 54
36 31 52
35 31 53
36 31 53
35 31 53
35 29 52
35 29 53
35 31 55
35 29 52
34 29 52
33 29 52
34 27 55
34 28 50
33 29 52
34 27 52
33 29 51
33 30 52
34 28 53
35 28 51
34 28 53
34 28 53
34 30 52
35 31 52
34 29 52
33 29 53
34 29 53
35 31 52
34 29 52
34 28 52
35 31 53
36 31 52
35 30 52
37 31 53
36 30 53
36 31 52
35 30 52
36 31 52
36 32 53
37 32 53
37 32 52
37 32 52
37 32 52
38 31 52
37 33 53
35 32 52
36 33 52
38 32 52
37 33 53
37 32 53
36 31 51
37 32 52
38 32 53
37 32 53
37 32 53
39 33 53
36 33 53
37 33 53
38 32 52
38 32 52
37 32 52
37 32 52
38 32 52
37 32 52
37 34 53
37 34 52
37 32 52
38 32 52
38 32 53
37 32 53
37 33 52
37 32 53
38 32 52
37 33 53
38 34 53
37 32 52
37 33 52
37 33 52
37 33 52
38 32 52
36 33 53
37 32 52
37 32 53
37 32 53
38 33 53
37 33 52
36 33 52
38 32 53
37 33 52
37 32 53
36 33 53
37 33 53
38 32 52
37 33 53
38 32 53
37 32 51
37 32 53
37 33 53
37 34 53
38 32 52
38 33 52
37 32 52
37 33 52
37 32 52
37 32 52
37 32 52
37 33 53
37 32 53
37 31 52
37 32 53
38 34 52
38 31 53
37 32 53
