17 45 29
18 46 30
18 45 28
18 45 28
18 45 28
18 47 29
18 46 28
16 46 29
17 46 28
17 46 28
17 46 28
17 46 28
18 45 28
17 46 28
17 46 30
17 46 29
18 46 29
18 46 29
17 46 29
17 46 29
17 45 28
17 46 28
17 45 28
16 46 29
17 46 28
17 46 29
18 47 28
16 47 29
17 45 28
17 45 29
18 45 28
18 46 28
17 46 28
18 45 28
17 46 29
17 46 28
16 46 28
17 44 29
18 45 28
17 47 29
16 46 28
17 45 28
18 46 28
18 46 29
17 46 28
16 46 28
17 46 29
17 45 28
18 46 27
17 46 28
18 45 29
18 46 29
17 46 28
18 46 29
17 46 28
18 46 29
16 46 28
16 46 28
17 46 28
18 46 29
17 46 27
15 46 28
16 47 30
17 45 30
17 46 29
17 46 27
18 46 28
18 46 29
17 45 28
18 46 29
18 45 28
17 45 28
18 44 27
17 46 27
16 46 27
15 46 27
15 46 29
16 44 28
15 44 28
16 42 28
15 43 29
15 40 29
14 40 28
15 40 28
15 41 29
14 40 28
18 41 28
14 36 29
16 39 28
14 38 26
13 39 26
12 36 26
13 38 26
15 37 23
15 35 24
16 37 23
13 38 24
14 39 28
14 36 26
13 35 27
13 35 28
12 34 28
13 35 27
13 35 25
13 35 26
13 33 26
12 34 26
11 32 25
11 33 26
11 33 25
13 31 25
11 30 24
13 31 24
15 31 24
16 29 26
17 31 26
17 30 24
16 29 24
16 30 24
15 30 24
15 29 23
15 32 23
14 31 24
15 32 24
16 31 24
16 31 26
15 32 27
15 35 27
14 35 28
13 36 27
13 37 29
12 38 30
11 40 32
11 42 32
13 41 35
14 44 36
11 45 37
10 44 39
14 47 41
15 47 41
15 46 43
18 46 43
18 44 42
20 44 44
21 44 45
20 44 46
21 45 47
21 44 48
22 43 51
21 45 49
23 47 48
23 44 46
22 43 47
21 44 46
21 44 43
21 43 44
21 46 43
21 46 43
21 47 42
20 46 45
22 44 44
21 45 44
22 46 43
22 47 45
22 47 44
22 48 46
22 45 44
23 46 44
23 47 44
23 47 43
24 46 43
21 45 43
22 46 42
22 47 43
23 48 44
22 47 44
23 47 45
24 48 44
24 46 44
24 48 44
25 47 43
24 48 44
24 48 43
23 49 43
24 48 44
24 47 45
23 47 44
24 47 44
23 45 44
25 47 44
23 47 44
23 47 45
23 47 44
24 47 44
24 48 44
23 48 44
24 47 44
24 48 45
23 47 45
23 49 44
23 47 44
22 47 44
24 48 43
24 47 44
24 48 45
23 47 44
23 47 44
24 46 44
25 47 44
24 46 44
24 47 45
23 48 44
24 47 44
23 47 44
23 46 44
24 47 44
23 48 45
24 47 44
24 48 44
24 48 45
24 47 44
23 48 45
24 47 45
24 47 45
24 48 43
24 46 45
24 48 45
24 46 44
24 48 44
23 47 44
24 47 44
23 47 44
23 47 45
25 48 45
22 46 45
24 47 44
24 47 45
24 46 45
23 46 44
23 48 44
24 47 44
24 47 44
24 48 44
23 47 44
23 47 45
24 46 43
25 48 44
24 47 44
23 47 44
23 48 45
24 46 44
24 47 45
25 47 44
23 47 44
25 47 44
24 47 44
25 47 45
23 46 44
24 47 44
23 47 44
23 47 45
24 46 44
23 46 45
25 47 45
23 47 45
23 48 45
24 47 45
24 47 45
24 47 44
23 46 43
24 48 44
24 46 44
24 47 45
24 47 45
24 47 44
24 47 43
23 47 44
24 48 45
24 47 45
23 48 44
24 46 44
24 47 45
24 47 44
24 46 44
23 46 44
23 47 44
23 46 44
22 47 44
25 47 45
24 46 44
24 47 45
24 47 44
24 46 44
24 47 45
24 46 44
24 47 44
24 46 44
24 46 43
22 47 45
24 47 43
24 46 45
23 48 44
23 47 44
23 47 45
23 47 45
23 46 45
23 48 44
24 48 45
23 47 45
23 47 45
22 48 45
23 48 45
24 48 45
24 46 44
24 46 44
23 47 44
23 47 44
24 48 45
24 47 44
24 46 43
23 47 45
24 47 44
24 47 45
24 47 44
23 47 45
24 47 44
24 46 44
23 47 45
23 46 43
24 47 45
24 46 43
23 47 44
24 46 44
24 47 45
23 46 44
23 46 44
24 46 44
23 47 45
24 47 44
24 47 44
24 47 45
25 47 44
25 46 44
24 46 45
23 47 44
