14 36 32
14 37 32
12 36 32
14 36 31
13 36 32
15 37 31
15 37 31
15 35 32
15 36 32
16 37 32
15 36 33
15 35 32
16 36 34
13 35 31
11 36 23
07 33 21
07 32 21
12 32 23
00 41 56
06 33 46
22 54 27
17 46 46
21 41 35
17 40 36
13 45 37
12 44 34
15 45 37
22 42 36
17 43 38
17 41 41
16 39 42
18 38 42
17 42 40
18 41 40
20 43 40
22 44 44
27 43 52
32 42 58
36 42 59
41 44 61
42 46 58
39 48 53
36 50 49
31 48 45
34 47 53
32 45 48
32 42 45
34 45 48
32 47 53
32 44 54
38 36 55
40 41 53
42 41 49
42 42 49
37 47 49
39 43 47
40 41 46
39 42 47
38 41 50
36 43 52
33 41 52
32 37 52
28 41 51
23 38 51
23 36 48
21 41 48
20 39 46
21 38 45
25 39 45
27 41 42
30 47 47
34 49 53
26 46 51
25 48 51
26 51 52
28 49 51
29 46 51
28 43 50
27 43 48
27 43 49
25 45 51
23 41 51
24 44 50
27 42 49
26 43 50
26 43 48
27 44 49
25 43 48
26 43 49
26 43 48
27 43 48
26 45 46
26 45 48
26 43 48
27 45 49
27 46 50
27 44 49
27 43 51
27 44 50
27 44 50
28 45 51
28 45 50
29 44 50
29 41 50
28 42 50
30 41 49
31 41 50
30 42 49
29 42 50
31 43 50
30 42 50
32 42 50
30 42 51
29 42 50
30 42 50
30 43 51
30 41 50
31 42 49
30 41 49
29 42 50
30 42 51
29 42 50
30 42 51
32 42 50
30 41 51
30 43 50
30 41 50
29 42 51
29 42 51
29 41 51
29 42 51
30 43 50
30 42 50
29 41 50
29 42 49
28 44 49
30 42 50
30 45 50
30 43 51
28 42 50
29 43 51
29 42 51
29 43 51
30 41 49
30 42 51
30 42 50
31 42 49
30 43 51
30 42 50
30 43 50
29 42 51
30 42 50
28 43 50
30 42 51
30 42 51