18 29 33
19 30 47
18 30 47
18 30 47
18 30 47
18 30 47
18 30 46
18 30 47
17 31 47
18 29 46
17 30 47
18 29 47
18 29 47
17 30 48
19 30 47
19 30 47
19 30 47
18 31 47
18 30 47
18 29 47
18 30 47
17 29 47
18 30 48
18 31 47
18 29 47
18 29 46
19 29 47
19 29 47
18 31 45
17 28 47
18 29 47
17 31 47
19 30 48
19 30 48
19 29 47
18 29 47
18 29 47
18 29 46
17 30 47
18 29 47
18 30 46
19 31 47
18 30 47
18 30 47
17 29 46
18 29 47
17 30 47
18 29 48
18 31 48
18 30 47
18 28 47
18 29 47
17 29 46
18 30 47
17 29 47
19 30 47
19 29 47
18 30 47
19 29 47
19 31 47
19 29 47
19 30 47
18 29 46
17 30 47
18 30 48
19 29 47
17 29 47
17 29 48
18 30 46
17 29 47
18 30 48
20 30 47
18 29 47
18 30 47
18 30 46
19 30 47
18 30 48
18 29 46
18 31 46
19 29 46
16 30 47
18 29 46
17 30 47
18 31 47
17 30 46
17 31 47
17 29 46
19 30 47
17 30 47
18 30 47
18 30 46
18 31 47
19 30 46
18 29 47
18 30 47
18 30 47
17 29 46
17 30 47
17 30 47
18 30 47
18 31 47
18 29 47
18 30 47
18 31 47
19 30 48
18 29 46
18 30 48
18 30 47
19 29 48
18 30 47
19 31 47
16 29 47
17 30 47
17 29 47
18 30 46
18 30 47
18 30 47
19 31 47
18 31 47
17 31 47
18 30 47
18 30 47
19 29 47
18 30 47
18 30 47
18 29 47
18 30 47
18 30 48
19 29 46
17 30 48
18 30 48
19 31 46
18 30 47
18 30 46
17 29 47
17 29 47
18 29 48
18 30 47
18 30 47
17 29 46
18 29 47
20 28 47
18 29 46
17 29 47
19 29 47
17 28 47
17 29 47
17 30 47
19 29 48
18 30 47
18 29 48
18 29 47
18 30 46
16 28 47
19 30 48
19 29 48
17 29 47
18 28 47
17 29 47
19 29 47
17 30 46
18 30 45
19 29 46
19 31 45
20 28 46
19 29 49
19 30 49
19 29 49
20 29 48
18 29 47
20 30 48
20 28 48
19 29 50
20 30 48
20 30 49
22 29 48
21 28 50
22 28 49
22 28 49
21 28 48
23 29 50
22 29 50
21 29 50
23 28 51
24 28 50
25 28 49
22 28 51
26 29 51
27 29 51
26 28 53
25 28 52
27 28 52
27 29 52
29 29 54
28 30 52
28 27 52
30 27 52
29 27 53
30 28 52
28 27 52
28 27 51
28 28 50
28 27 51
28 27 52
29 28 53
29 27 51
28 27 50
27 26 50
29 28 53
30 30 53
31 33 53
32 32 55
32 30 54
32 31 52
31 31 53
31 32 52
30 33 53
32 32 53
30 31 53
30 33 53
31 33 54
31 30 53
30 31 52
32 30 52
30 30 53
32 29 53
31 28 52
31 27 52
28 28 52
32 28 52
30 30 52
30 29 51
29 30 50
28 33 51
28 31 50
26 30 47
21 31 50
23 24 50
33 26 59
31 31 50
33 36 52
33 37 54
32 34 52
29 33 54
31 33 54
31 32 53
31 34 51
31 32 53
31 35 52
32 33 54
32 33 53
31 30 52
29 34 53
31 34 53
30 33 52
32 32 53
30 34 53
31 35 53
32 31 53
31 31 53
30 33 52
31 32 53
30 33 52
31 32 53
31 32 52
30 32 53
30 31 52
32 32 52
32 33 53
31 33 52
32 34 52
32 32 53
32 33 53
32 32 53
32 34 53
31 33 52
32 34 52
31 32 52
31 33 54
31 33 53
31 32 53
31 33 53
30 32 52
31 34 53
30 33 54
31 34 53
30 33 53
31 32 53
31 35 52
31 32 53
29 32 52
32 34 53
31 35 53
30 34 53
31 32 53
31 32 52
31 32 52
32 33 53
30 34 52
31 34 53
30 33 53
31 34 53
30 34 54
32 33 53
31 34 53
