13 39 33
13 33 33
13 39 33
12 40 33
13 38 33
13 39 33
13 40 33
13 39 33
14 40 34
11 40 33
12 39 33
13 40 33
12 39 33
12 41 34
14 39 33
13 40 33
13 40 33
12 40 33
12 39 34
12 39 35
13 39 35
13 40 35
13 40 35
13 40 35
14 41 35
13 39 34
13 39 34
14 40 33
13 39 34
14 38 34
12 40 34
13 40 33
13 40 34
11 40 34
12 39 34
12 39 34
14 41 34
13 40 34
12 39 34
13 40 34
12 39 34
13 39 33
12 39 34
13 39 33
12 39 34
13 39 33
13 40 34
11 40 33
12 40 34
13 38 34
13 38 34
13 39 33
13 40 34
12 39 34
13 38 34
13 38 33
13 39 33
13 38 33
13 39 33
13 38 33
13 39 32
13 39 34
12 39 34
13 39 34
13 40 35
14 39 33
14 40 35
12 41 34
13 41 35
13 40 34
13 38 36
14 41 34
13 42 34
12 41 35
13 42 35
13 41 34
12 40 36
12 40 36
13 41 35
12 40 35
13 39 34
11 40 35
13 39 35
13 38 34
13 39 34
12 39 35
13 39 34
15 40 34
14 41 34
14 40 34
12 40 33
13 40 34
13 39 33
14 39 33
12 39 34
12 40 35
13 41 34
13 39 35
13 39 34
12 40 34
12 39 34
12 40 35
13 39 34
14 40 34
12 40 34
12 40 35
14 40 34
13 41 34
13 40 35
12 41 34
14 40 35
13 41 34
13 40 35
13 40 34
13 41 35
13 40 35
12 40 35
12 40 34
14 39 33
14 40 34
12 40 34
13 39 34
13 40 34
13 40 34
13 40 34
13 39 34
13 40 36
13 41 35
13 39 34
12 39 34
13 40 33
13 40 35
13 40 34
12 40 35
13 41 34
13 40 34
12 41 34
14 40 33
13 39 33
12 39 35
14 39 33
12 38 33
14 40 33
12 38 34
14 39 33
11 39 33
13 38 32
12 39 33
13 39 32
13 37 32
12 38 32
13 36 31
14 36 31
13 37 32
14 37 32
13 37 32
12 38 33
12 39 34
12 38 34
13 36 33
12 36 34
12 36 34
11 36 35
13 34 34
13 34 34
15 35 34
17 34 34
16 33 33
14 33 32
16 33 31
13 33 30
15 33 28
14 33 27
15 33 25
14 33 24
12 33 22
11 34 23
09 34 23
11 32 24
10 31 25
11 31 27
07 32 25
10 34 31
08 31 30
09 31 28
06 34 31
06 34 31
09 35 30
09 32 26
11 35 25
12 36 27
13 34 31
13 35 30
12 34 30
13 34 28
12 34 29
14 35 29
13 36 32
12 35 32
13 34 33
10 34 31
11 33 32
12 32 35
12 34 36
13 36 37
13 36 38
13 35 40
14 37 39
14 37 39
15 38 40
17 36 41
16 36 41
15 35 42
12 40 41
09 37 43
12 39 43
14 38 44
15 36 44
17 36 43
15 38 43
18 37 46
18 39 48
20 32 46
22 36 48
26 37 51
28 32 51
29 37 50
29 41 50
27 45 54
31 37 57
35 38 58
33 35 52
33 36 50
30 39 54
28 33 52
27 35 53
30 36 52
31 35 52
29 38 52
32 38 51
30 39 53
30 38 52
31 37 53
30 38 53
31 37 53
33 32 53
26 37 52
26 41 51
30 40 51
34 37 56
36 33 59
39 34 55
39 34 56
34 34 54
28 28 53
26 30 52
28 31 53
25 28 52
26 28 52
24 29 55
23 30 54
21 34 51
21 34 51
21 33 49
19 39 49
20 36 49
18 33 48
20 34 49
22 32 50
18 33 49
19 27 48
24 25 45
29 17 32
38 12 36
31 19 45
27 21 47
22 27 49
18 31 49
17 37 54
20 32 59
29 30 56
28 30 53
25 37 59
30 30 55
30 28 54
29 29 48
30 38 51
35 33 58
31 34 56
34 34 55
33 36 54
33 38 52
30 36 53
30 36 52
30 37 51
30 36 52
30 36 53
30 35 53
29 36 53
30 34 53
31 35 52
31 35 53
30 34 54
29 35 52
30 35 52
30 35 52
30 35 52
32 34 53
30 34 52
30 36 53
29 35 53
29 35 53
29 36 53
30 35 53
30 36 53
32 36 52
31 35 52
31 34 53
29 35 52
30 35 52
31 35 52
29 34 52
28 34 53
30 35 52
31 35 52
30 35 53
30 35 53
30 35 52
30 36 52
30 35 53
30 35 53
29 34 53
31 34 53
31 34 54
30 35 53
30 36 53
29 35 53
31 35 53
30 34 54
31 34 52
30 35 53
29 35 53
30 35 52
31 34 53
29 35 53
30 35 54
30 35 53
30 34 53
30 35 52
30 34 54
30 34 53
30 35 53
31 34 53
30 33 54
30 33 53
30 34 53
29 34 54
30 35 53
31 34 52
30 34 54
29 34 53
30 34 53
29 35 53
29 34 53
29 34 53
30 34 53
30 34 52
30 35 53
29 35 53
30 35 52
30 34 53
28 34 53
30 34 53
30 34 53
31 35 52
30 34 53
30 34 52
30 34 52
30 34 52
29 33 52
30 34 53
30 33 52
30 34 53
31 33 52
29 34 52
29 34 53
29 34 53
29 33 52
30 34 53
30 34 52
30 34 53
29 33 53
29 34 53
29 33 52
31 34 53
30 33 52
31 34 53
30 34 53
29 34 53
30 35 53
32 35 52
31 34 52
29 34 53
29 34 52
30 35 53
31 33 53
30 33 52
30 33 53
29 33 53
31 35 52
30 34 53
31 35 54
30 33 52
30 35 53
30 34 53
29 34 53
30 34 53
30 33 52
29 33 53
30 34 53
30 33 53
29 34 52
30 34 53
30 35 53
30 34 52
29 34 53
30 34 53
30 33 53
30 35 53
30 34 53
29 33 53
30 34 52
30 34 53
30 33 53
30 35 53
