13 31 34
13 31 34
11 31 34
11 31 34
57 33 32
11 32 35
11 30 35
11 33 35
11 31 35
11 32 36
11 33 34
11 31 35
13 35 36
11 33 34
11 34 34
12 34 35
11 35 35
11 34 34
12 36 34
11 37 35
12 36 35
11 37 34
12 36 35
11 36 35
12 36 35
12 37 34
12 36 34
12 37 33
12 37 34
13 37 34
12 37 34
13 38 33
11 38 33
12 36 35
12 36 35
11 38 36
13 37 35
12 36 35
12 37 34
10 37 34
12 37 34
12 37 34
12 37 33
12 37 34
12 38 34
13 38 35
12 37 34
12 38 35
12 36 34
11 37 33
12 36 34
12 37 34
12 36 34
11 35 33
12 36 35
11 36 34
12 34 33
13 33 33
13 34 32
13 33 32
12 34 32
11 33 32
12 34 31
14 33 32
14 33 31
15 31 30
15 34 31
13 34 31
14 31 30
16 31 28
14 29 28
12 30 28
12 32 29
09 30 26
14 31 31
13 24 27
11 28 33
11 30 31
12 27 29
10 27 31
06 38 30
07 26 32
13 30 33
15 38 30
08 32 28
04 30 30
06 33 32
10 31 32
16 29 35
13 37 34
12 36 34
12 38 33
15 32 38
12 48 42
13 40 39
13 42 41
20 38 38
19 42 35
22 44 42
23 39 49
25 44 55
27 39 58
31 32 59
32 36 58
30 38 56
31 33 53
30 30 52
28 35 53
29 38 51
30 38 51
29 35 52
30 37 53
30 36 54
30 35 53
31 37 51
31 35 52
29 36 53
29 37 52
31 35 52
31 35 55
30 35 52
31 35 53
32 33 53
31 36 53
30 37 52
30 36 51
30 36 52
31 37 52
31 36 52
31 34 53
32 35 52
30 35 53
30 36 53
31 35 53
32 36 53
31 36 53
31 35 52
31 36 53
31 37 53
32 36 53
31 36 53
31 35 54
31 35 53
30 37 52
31 36 52
32 35 53
30 36 53
31 35 53
31 35 54
32 36 52
29 35 53
30 36 53
32 37 53
31 35 53
31 35 53
32 35 52
31 36 53
32 35 53
32 37 53
31 36 53
31 36 53
31 35 51
31 36 53
31 35 53
31 36 53
32 35 53
32 35 52
30 36 53
30 36 53
31 34 53
32 35 53
30 36 53
31 35 53
31 36 53
31 35 53
31 35 53
32 36 52
31 37 52
30 35 53
32 34 52
