13 38 37
13 38 37
13 38 37
14 39 36
13 38 37
14 39 36
13 38 36
14 39 37
13 39 38
14 38 38
12 39 36
14 37 37
12 38 36
14 38 37
13 38 37
14 39 37
14 38 37
12 38 37
12 39 37
13 39 36
13 38 38
15 39 37
13 39 36
13 38 37
14 38 36
14 39 36
13 39 37
14 37 37
12 39 37
13 40 36
13 38 36
13 38 37
13 38 37
14 39 37
14 38 36
13 38 37
13 38 37
14 38 37
13 38 38
14 39 36
13 38 36
13 39 36
12 38 38
12 39 36
14 38 37
13 38 37
14 39 37
15 38 36
13 40 35
14 39 35
15 41 35
15 39 35
14 39 35
15 39 34
15 39 34
16 38 34
16 39 33
18 37 34
17 37 32
15 37 33
16 40 33
15 38 33
15 39 33
14 39 34
14 39 34
13 38 35
11 41 36
12 39 36
09 37 34
11 42 34
08 47 39
09 41 37
09 40 36
12 43 38
13 45 40
14 43 42
16 41 44
16 40 43
17 40 46
18 44 46
19 44 45
19 44 46
20 43 48
21 44 48
24 41 49
25 44 50
30 41 51
30 39 51
32 38 52
31 37 52
32 38 52
32 39 52
31 37 54
32 37 54
34 36 53
33 34 53
33 33 55
32 35 54
31 32 55
32 33 54
32 31 54
32 32 52
32 32 52
32 34 52
31 32 52
31 33 50
31 33 49
28 35 50
25 36 51
23 36 53
22 37 52
26 39 51
30 42 52
29 41 53
28 39 52
27 40 52
29 40 51
29 41 51
28 42 52
28 41 51
28 40 50
28 40 51
27 39 51
27 40 50
28 39 50
28 41 53
29 40 53
29 40 52
29 40 52
29 39 52
29 40 52
29 41 52
28 41 51
28 38 51
28 40 51
28 38 52
28 38 52
27 39 52
29 40 52
27 39 52
27 39 53
27 38 51
27 39 52
26 40 50
27 40 51
26 39 52
27 40 50
26 40 50
26 40 52
26 40 51
25 39 50
27 39 51
27 41 51
26 40 50
27 40 50
27 39 51
27 39 51
27 39 51
27 39 51
26 39 52
27 39 51
26 39 52
27 38 51
26 40 51
26 40 51
27 39 51
27 39 51
29 39 51
27 40 51
26 40 51
27 40 52
28 40 51
27 39 52
27 41 51
26 41 50
27 40 51
27 39 51
28 41 50
27 39 51
27 39 51
27 39 51
27 38 51
28 40 51
27 40 51
28 41 51
27 40 52
27 40 51
27 40 51
27 40 51
27 40 50
28 40 50
27 39 50
27 40 50
28 40 52
26 39 51
28 41 51
27 40 52
27 39 50
27 40 51
27 40 50
27 39 51
26 40 51
26 39 51
27 40 50
27 40 51
28 40 51
27 42 51
27 40 51
27 39 51
27 40 51
26 39 51
27 40 51
26 40 51
26 40 51
26 40 52
27 41 51
27 40 51
26 40 50
