14 42 33
14 41 32
14 42 32
14 43 32
14 41 33
14 43 33
12 43 34
13 42 33
13 41 34
13 41 33
13 42 33
13 42 33
14 41 32
13 41 32
14 41 34
12 40 34
13 42 34
13 41 34
13 42 34
13 42 34
14 43 33
15 42 33
13 43 34
15 42 34
14 42 33
13 41 35
14 41 33
14 43 35
14 43 34
14 42 34
13 42 33
14 42 34
14 42 34
14 41 34
14 42 34
13 42 34
13 42 34
13 41 34
14 42 32
14 42 33
14 42 34
13 41 34
14 42 33
14 41 34
13 42 34
14 43 34
13 42 34
15 41 33
14 42 33
14 42 34
15 41 34
14 42 33
13 42 33
14 41 34
13 39 34
14 42 33
14 42 34
14 41 33
14 42 32
15 42 33
14 43 32
15 42 32
17 43 32
15 40 31
16 41 30
17 42 30
15 41 30
16 41 28
11 39 25
13 39 27
09 44 31
11 41 29
12 40 33
12 39 32
14 38 30
15 41 29
19 43 27
19 49 29
19 47 30
20 45 26
21 45 29
19 47 31
18 46 27
16 50 27
18 49 29
18 46 32
19 46 33
21 46 30
21 48 31
21 47 31
23 50 31
23 51 31
22 49 30
21 49 30
21 52 33
24 54 32
23 52 34
21 52 34
26 51 37
26 49 40
25 47 44
24 49 46
26 45 46
27 43 49
32 43 54
34 46 60
38 45 62
38 39 61
36 36 57
35 36 56
33 34 52
33 32 47
34 33 49
35 40 49
35 39 46
34 43 46
34 47 49
35 47 53
33 45 51
32 43 50
34 42 52
36 42 51
36 43 51
38 42 48
36 43 48
37 45 49
36 44 50
35 42 51
34 41 51
35 44 51
36 45 50
38 44 48
37 43 48
40 43 49
38 43 48
37 44 49
38 44 49
37 45 49
37 44 49
38 44 49
38 45 48
38 44 49
38 43 49
38 44 49
38 43 49
40 44 49
38 45 49
37 45 48
37 45 48
37 45 49
38 44 48
36 44 48
37 44 49
39 44 49
40 45 50
37 44 48
35 45 48
36 46 48
36 45 48
38 43 49
38 44 49
38 45 48
39 44 48
39 44 49
38 46 48
37 43 49
37 44 49
38 45 48
39 45 48
39 44 50
38 45 48
38 45 48
37 45 48
38 45 49
37 45 47
38 46 48
36 44 48
37 44 48
38 43 49
38 45 49
38 43 48
39 45 48
38 44 49
38 44 48
36 44 48
37 44 49
37 44 48
38 45 48
38 44 48
36 45 49
38 45 49
39 45 49
37 44 54
40 46 50
42 42 49
42 42 51
