14 41 32
15 40 33
16 41 32
17 43 33
14 43 33
14 42 33
13 42 31
12 42 33
12 40 32
12 40 32
13 40 33
14 41 32
14 39 34
13 41 34
13 41 34
12 40 34
12 40 33
11 40 33
12 40 33
13 40 34
13 40 33
13 40 33
12 38 34
13 40 34
13 38 34
13 40 34
14 40 33
13 41 33
14 39 34
14 38 32
15 39 32
14 41 33
13 41 33
13 39 33
13 40 34
13 39 36
12 40 36
12 41 36
12 40 35
14 40 34
13 41 33
12 40 32
13 39 33
13 40 33
14 40 33
14 40 34
14 39 35
13 41 34
12 40 34
13 41 33
12 41 34
12 40 33
13 40 33
13 38 33
13 40 34
14 39 33
12 40 33
13 41 34
13 40 33
14 40 33
13 39 34
13 41 33
13 40 33
13 40 34
14 40 33
13 39 33
13 38 32
14 38 32
14 40 32
14 38 33
13 38 30
15 39 30
17 40 31
13 40 30
13 41 31
14 41 30
16 43 29
16 45 32
18 43 32
19 44 34
20 45 35
22 46 34
18 47 32
17 44 34
22 49 36
20 47 34
20 55 31
22 46 42
20 49 39
24 49 41
22 53 43
25 52 41
26 54 37
25 63 45
24 60 33
26 55 31
35 51 33
41 50 40
51 51 48
54 44 54
48 36 56
45 32 57
45 41 60
44 37 52
42 41 53
41 39 49
42 41 51
40 36 50
39 36 52
37 38 53
36 38 52
35 36 51
38 33 49
36 32 48
35 33 47
35 33 47
35 33 47
34 31 46
34 34 46
32 34 53
32 32 54
32 33 55
31 31 54
31 31 53
31 32 52
30 36 51
24 35 51
24 56 62
25 38 58
29 40 50
30 44 46
32 49 49
29 55 53
31 41 46
32 42 46
32 43 51
32 41 52
32 42 52
31 40 54
30 37 52
29 40 52
30 40 52
30 39 50
32 40 50
32 41 50
32 39 51
33 39 50
32 40 50
32 41 50
31 41 51
29 42 52
31 41 52
29 41 52
30 39 51
29 40 52
30 41 52
30 39 52
30 39 53
31 40 52
30 38 51
29 40 52
30 40 52
29 41 52
29 37 52
29 40 51
30 38 52
30 39 52
29 39 52
31 40 52
29 39 52
29 38 52
29 40 52
29 41 53
28 40 52
30 40 50
30 39 51
30 39 51
30 39 51
30 39 52
30 38 52
29 40 52
30 38 51
30 40 52
29 39 52
29 40 51
30 39 51
30 39 52
29 38 52
29 38 52
30 39 53
30 41 51
30 37 52
31 40 51
29 40 52
30 39 52
30 39 52
29 39 52
31 40 51
30 40 52
30 39 52
29 39 52
29 40 52
30 40 52
29 39 52
30 39 53
30 39 51
31 39 50
30 40 51
29 40 52
31 39 52
30 39 52
30 39 52
29 39 52
30 39 52
30 40 52
30 39 52
28 40 51
29 39 52
29 39 52
29 40 51
29 38 51
30 38 53
30 38 52
31 39 52
30 39 52
29 38 52
29 39 52
29 39 51
29 39 50
30 39 52
30 40 51
31 40 52
30 40 51
29 40 52
31 39 51
29 40 52
29 39 52
30 39 51
30 40 52
29 38 52
28 39 52
29 38 52
30 39 51
30 39 52
29 39 51
31 39 51
30 39 52
30 39 52
30 40 52
29 38 52
30 37 52
30 39 51
29 39 52
29 39 52
30 39 52
30 39 51
31 39 52
30 40 52
30 38 51
29 38 52
29 38 51
29 40 52
29 41 53
30 38 53
30 39 52
30 39 51
30 40 52
30 40 52
29 40 51
29 39 51
30 39 51
29 38 52
30 40 52
28 38 51
30 39 52
29 39 51
30 39 52
30 39 51
29 40 52
30 39 51
29 41 52
31 39 51
31 39 53
31 39 52
29 38 52
29 39 52
29 39 51
30 38 52
32 39 52
30 39 51
29 39 51
31 38 52
29 39 52
30 40 53
29 39 53
30 39 51
30 39 52
30 39 51
30 40 52
29 39 52
30 39 52
29 39 53
30 39 52
30 40 52
30 40 52
30 40 51
31 39 53
30 39 51
29 38 52
29 39 52
30 39 51
29 38 52
29 40 52
29 39 52
29 38 51
30 39 53
30 39 52
30 39 51
30 38 51
30 39 52
29 39 51
29 39 52
31 37 52
29 38 51
30 38 52
30 38 51
30 38 52
30 39 51
30 39 52
29 39 51
31 39 52
29 37 52
30 39 52
29 39 52
31 38 52
30 39 52
30 39 51
31 39 51
29 38 52
29 38 51
30 39 51
30 40 52
30 39 52
29 38 52
30 38 51
31 39 52
31 38 53
30 38 52
30 40 52
29 37 52
30 39 52
31 37 52
30 39 52
30 38 52
30 39 53
30 38 52
30 39 52
29 40 51
29 39 53
30 39 52
30 38 52
30 39 52
30 38 52
29 40 52
30 38 51
30 39 53
31 38 52
29 38 53
29 39 52
