17 47 37
16 47 31
16 47 31
18 46 31
17 45 31
16 46 31
17 47 31
17 47 32
17 47 31
17 46 32
16 46 32
18 48 31
18 45 31
16 47 32
16 46 32
17 46 30
17 46 31
16 45 31
17 46 32
16 46 31
17 47 30
18 46 32
17 46 31
17 47 32
17 46 31
17 46 31
16 46 31
17 46 32
17 47 31
18 45 31
16 47 32
17 45 32
17 47 31
16 45 31
16 45 31
17 45 31
17 46 31
16 47 31
17 46 30
17 46 32
17 47 31
17 47 32
16 46 30
17 46 31
17 47 31
17 46 31
15 46 32
16 47 32
16 47 32
17 45 31
17 46 32
16 47 31
16 45 32
16 46 30
16 46 31
17 45 31
17 45 32
16 45 32
16 45 32
15 45 31
15 46 32
16 46 31
15 44 32
17 46 32
16 45 31
15 46 30
17 46 30
16 44 31
15 44 30
17 45 31
16 44 30
15 45 31
15 43 30
14 42 31
15 42 29
15 41 30
30 38 28
16 39 29
11 38 31
14 39 29
14 38 28
13 37 26
14 36 26
13 36 27
14 38 27
15 38 26
15 36 26
16 36 26
14 35 25
16 35 25
13 34 22
15 35 24
12 33 23
14 32 23
13 33 24
15 32 25
15 33 25
14 32 24
13 31 24
13 30 24
13 28 24
14 32 24
14 29 24
13 30 25
14 30 26
12 32 26
12 32 27
13 30 27
14 32 29
12 33 29
13 33 30
13 35 30
12 35 31
13 36 32
11 38 32
11 39 33
11 40 33
10 41 34
11 42 35
12 43 37
11 42 38
12 44 42
13 43 42
14 42 42
17 44 43
19 42 44
19 42 43
19 43 43
20 44 43
20 44 45
20 44 46
20 44 45
20 45 47
22 44 48
22 44 47
23 43 47
24 43 48
23 43 51
24 46 51
24 44 51
25 41 49
23 42 46
21 44 42
20 45 44
22 43 46
22 48 48
21 46 50
22 46 49
23 45 48
24 43 47
22 43 46
23 43 46
23 45 45
22 42 44
22 43 46
23 43 46
24 45 45
23 46 45
24 45 46
24 46 45
23 46 44
25 46 46
25 47 47
24 48 47
23 46 48
26 44 47
25 46 46
25 46 45
27 46 45
25 46 47
26 47 47
26 45 47
26 46 47
24 47 46
25 46 46
26 46 48
27 44 47
25 43 47
25 44 47
24 44 47
27 43 48
26 45 47
24 44 47
26 46 48
25 46 48
24 45 47
25 45 48
25 45 47
26 47 47
25 45 48
25 45 47
24 45 47
25 45 46
26 45 47
25 45 48
26 46 46
25 45 46
25 45 47
25 45 48
25 46 47
25 47 46
26 45 47
26 45 47
25 46 47
26 45 47
25 46 46
25 45 47
27 44 47
26 46 47
25 46 47
25 46 47
25 46 47
26 46 47
26 45 47
25 45 48
25 44 47
25 45 48
25 45 47
25 45 47
26 45 47
25 45 47
26 44 48
25 46 48
25 45 47
25 45 47
26 45 47
24 45 47
25 46 47
25 45 47
25 45 47
26 44 48
25 46 47
25 45 47
25 45 47
24 47 47
25 46 47
26 46 47
24 46 47
25 45 48
24 45 48
25 45 46
25 45 47
24 44 47
24 45 47
25 45 46
24 45 46
25 46 47
26 45 47
25 46 46
25 45 47
25 45 48
26 45 47
25 45 47
24 45 47
25 46 47
25 44 46
25 45 47
25 45 47
26 45 46
25 45 46
25 45 47
26 44 47
24 46 47
24 45 46
25 45 48
25 45 47
26 45 47
26 44 47
26 45 47
26 46 46
25 45 48
25 45 47
26 45 46
25 46 48
25 47 48
26 44 47
26 45 47
25 45 47
25 45 47
25 45 48
24 45 47
25 46 47
26 45 47
26 46 46
25 46 47
26 45 46
26 46 47
25 46 47
24 45 47
25 45 48
26 45 47
25 44 46
25 44 46
26 45 47
25 46 47
25 45 48
24 46 46
24 46 47
25 43 47
25 45 47
26 46 47
25 45 46
24 45 46
25 45 46
27 44 47
24 45 47
25 45 47
27 44 47
24 44 46
24 46 48
26 46 47
26 46 46
25 46 47
26 45 47
25 44 47
25 44 47
26 46 47
25 45 47
26 44 47
25 45 47
25 44 47
25 46 47
25 45 46
25 45 47
26 45 47
25 46 48
26 45 48
24 45 47
25 44 46
26 45 47
26 45 47
26 45 46
25 46 47
25 45 47
26 45 47
25 46 48
24 45 47
25 47 48
24 44 46
27 45 46
27 45 47
24 45 47
25 44 47
25 45 48
25 45 47
25 44 47
25 44 46
25 46 48
25 45 47
25 45 47
24 45 47
26 45 47
26 45 47
26 44 47
25 44 47
26 45 48
26 46 47
25 46 47
25 44 48
24 45 46
25 46 48
26 46 46
25 47 46
25 45 47
23 44 47
25 46 47
25 45 48
25 45 47
25 45 47
25 44 46
26 45 47
