13 38 35
13 38 35
13 38 36
13 39 35
12 38 35
12 38 36
13 37 35
12 37 36
12 39 35
13 37 36
11 38 35
13 39 35
12 37 36
12 38 36
12 38 36
13 37 35
12 40 36
13 39 36
13 38 36
11 39 35
13 37 36
13 37 36
13 38 36
13 37 36
12 39 36
13 38 35
13 38 35
13 38 36
12 37 35
12 38 36
12 38 35
13 38 36
12 38 36
11 38 36
13 38 36
12 39 36
14 38 37
13 38 36
12 38 38
12 38 36
12 38 36
13 37 36
13 38 36
13 38 36
13 38 36
12 39 36
13 39 36
13 40 35
13 37 35
12 39 36
14 39 35
11 38 35
13 39 35
13 38 33
14 39 34
15 38 34
15 38 34
15 38 34
15 39 33
14 40 34
14 38 33
14 38 32
14 38 32
14 39 32
15 38 31
13 38 31
12 40 32
10 40 30
12 39 30
12 40 29
13 41 30
14 41 30
15 41 32
13 41 31
14 43 33
15 44 34
15 42 31
13 43 31
12 42 32
12 44 34
12 42 33
12 47 35
13 47 37
13 46 37
17 46 39
18 46 41
19 47 40
22 49 41
23 49 41
22 50 43
23 49 43
26 48 45
28 46 46
32 46 48
33 47 48
36 46 49
38 45 49
38 45 50
36 44 51
38 43 51
38 42 51
36 39 52
33 39 54
32 43 54
29 42 51
32 45 50
29 44 52
29 40 52
34 38 50
34 38 48
38 38 49
35 37 49
35 31 49
33 31 47
35 33 47
34 30 52
35 31 52
33 33 53
34 33 54
34 43 58
33 43 60
32 39 56
31 35 51
30 37 52
28 40 53
30 37 53
31 36 55
32 36 54
33 37 53
33 37 53
31 36 52
32 38 52
32 39 53
32 38 52
33 37 53
32 38 53
32 38 52
32 37 52
32 38 53
32 37 52
32 37 53
32 37 53
32 37 53
32 36 53
32 36 54
31 36 52
32 38 53
33 36 52
32 34 51
32 36 52
33 36 53
31 35 52
32 37 52
32 40 53
33 37 52
32 36 51
32 37 53
33 37 53
32 37 53
32 36 52
32 37 52
32 37 53
32 36 53
33 37 52
32 36 52
32 36 52
32 37 51
32 37 52
33 36 53
32 38 52
32 37 53
33 36 53
32 37 52
32 37 53
32 36 52
32 36 53
33 37 52
32 37 53
33 35 52
33 36 53
32 35 52
33 36 52
32 37 54
33 37 54
33 35 52
34 36 51
33 37 53
33 36 53
33 36 52
32 38 53
