11 38 34
12 37 34
12 37 34
11 38 34
11 38 34
13 38 33
13 38 34
13 39 34
13 37 34
11 38 34
12 37 33
11 37 34
11 36 34
12 39 34
13 38 35
14 37 34
12 36 34
12 36 34
13 38 34
12 36 35
11 36 36
12 36 35
12 37 34
12 37 35
12 37 35
12 37 35
12 38 35
14 37 35
12 38 34
11 38 33
11 38 35
11 39 35
11 39 34
11 38 35
13 38 32
12 39 33
14 39 35
14 38 34
13 38 33
14 36 32
14 39 34
13 39 34
15 41 35
13 38 35
15 37 35
13 38 33
13 35 32
12 29 30
15 28 27
12 36 28
09 35 28
14 33 29
12 37 30
12 38 31
09 41 29
12 43 31
15 40 32
20 41 30
17 40 34
16 44 34
10 40 35
13 39 33
11 36 38
14 36 35
13 37 31
13 36 30
17 34 27
11 37 27
12 39 27
14 37 28
15 37 27
15 38 26
16 35 29
16 35 30
14 42 30
09 41 31
10 43 35
09 42 38
09 44 42
10 44 46
13 46 48
15 48 48
16 45 47
21 47 45
23 47 47
24 52 53
26 43 56
29 42 55
34 42 56
33 50 57
42 39 56
36 49 53
42 42 50
44 42 50
27 57 52
25 36 47
35 48 38
31 52 38
28 42 43
29 37 44
29 40 44
27 38 41
25 39 40
22 41 41
20 41 43
20 38 42
18 41 41
16 49 39
18 49 40
21 48 44
26 63 41
20 56 39
21 41 44
23 43 38
25 55 37
25 54 35
23 53 38
27 52 43
24 48 44
24 48 42
24 50 41
21 51 42
22 49 42
22 52 43
23 52 43
25 50 43
27 54 41
26 53 38
26 52 37
25 50 39
26 47 42
27 47 42
28 50 43
28 48 44
29 48 44
28 48 45
28 47 45
27 48 45
27 49 46
27 46 46
27 48 45
27 48 47
26 47 45
27 48 46
28 47 45
28 47 46
28 47 45
28 48 46
29 46 45
27 48 46
28 47 47
27 47 46
28 47 47
29 47 47
27 46 47
27 48 47
27 49 47
26 47 46
27 47 46
27 47 46
28 45 46
28 48 47
26 48 45
27 47 46
28 48 46
26 47 47
27 47 46
26 47 47
25 47 46
27 48 45
28 48 47
27 47 46
28 47 46
28 46 46
29 46 47
29 46 47
28 47 46
27 48 48
27 47 47
27 47 48
28 46 47
27 46 46
29 45 47
