19 43 44
19 33 45
19 41 45
19 43 44
18 43 44
19 42 44
20 42 45
19 42 45
19 40 45
19 42 45
19 43 44
19 42 44
20 41 44
19 42 45
20 44 45
20 42 45
19 43 44
19 42 44
19 42 45
19 42 45
19 42 45
19 43 45
20 43 44
19 42 45
20 42 45
18 43 44
20 43 44
19 44 45
20 42 45
19 43 44
19 42 45
20 42 44
19 42 44
19 43 44
19 42 43
19 42 45
20 43 45
19 43 44
20 43 45
19 42 46
19 42 45
19 43 45
18 44 45
19 43 45
19 42 45
20 43 44
19 42 44
19 44 45
19 43 45
20 43 45
19 42 45
19 43 44
19 43 45
19 43 46
18 43 45
19 42 45
19 43 46
19 42 45
20 43 45
20 43 44
20 42 46
20 42 44
20 42 44
20 42 45
20 42 45
19 43 45
19 43 45
18 42 44
19 42 45
20 43 46
20 41 45
18 43 45
20 42 44
19 43 44
18 42 44
19 42 45
20 42 45
19 41 44
19 42 45
19 43 44
19 42 45
19 43 45
19 42 45
19 43 44
19 42 45
19 44 45
20 43 45
19 42 44
19 41 44
19 42 45
19 43 45
20 43 45
21 43 45
19 42 45
19 44 46
20 43 46
18 42 45
20 44 45
20 43 46
20 43 44
20 42 45
20 43 46
20 45 46
19 42 45
20 42 46
21 43 44
20 43 45
21 44 45
22 44 45
21 43 44
21 43 46
23 43 46
22 42 46
22 43 47
23 42 45
22 44 47
24 43 47
23 43 46
24 43 47
24 43 47
23 43 47
22 42 46
23 43 47
23 43 47
24 43 48
24 41 47
23 42 49
25 42 48
26 41 49
25 42 49
25 43 48
26 43 48
26 43 48
26 43 49
26 41 49
26 42 51
28 42 51
27 42 50
29 41 51
29 40 51
30 41 51
29 42 51
30 41 50
31 41 51
31 41 50
31 43 50
30 40 52
31 41 51
32 42 51
31 41 52
33 39 51
33 39 52
33 41 51
33 40 52
32 40 53
34 40 51
33 41 52
33 40 51
34 41 52
34 39 52
33 39 51
32 39 52
33 39 52
35 39 52
35 38 53
32 38 52
30 36 52
34 36 53
37 38 54
34 37 54
34 35 53
31 38 53
30 39 53
31 37 50
31 38 52
33 40 54
33 40 52
32 36 50
30 35 48
31 35 49
33 35 50
36 38 63
33 37 47
30 41 52
32 42 52
32 41 50
34 38 52
35 36 53
35 39 51
34 39 52
33 44 51
34 43 51
33 45 51
36 44 50
35 40 50
34 41 52
34 42 51
36 42 51
36 42 50
35 42 50
35 40 51
35 41 51
35 42 50
36 42 49
34 41 51
35 41 50
34 42 52
35 41 51
34 41 51
34 40 51
35 41 52
34 41 50
35 41 51
34 41 51
34 39 51
35 40 52
34 39 52
34 39 51
34 39 52
33 41 51
36 41 51
34 40 51
34 40 52
34 40 52
34 41 53
34 41 52
35 40 52
35 40 51
33 42 51
34 41 51
34 40 52
33 40 51
34 40 52
35 41 51
33 40 52
34 41 51
33 40 52
34 40 51
34 39 52
34 40 51
35 39 51
35 39 51
34 40 51
35 39 52
34 39 51
34 39 51
34 40 52
34 40 51
34 41 51
33 40 52
35 39 51
33 39 51
36 39 52
35 40 52
34 41 52
34 40 52
35 40 52
33 39 52
34 39 52
33 39 51
34 40 51
35 41 51
33 40 52
33 40 51
34 40 53
33 39 52
35 40 52
33 39 52
34 41 52
35 40 52
35 39 51
34 40 51
34 41 52
35 39 52
35 40 52
34 40 52
35 39 52
34 40 52
35 40 51
35 39 52
35 40 52
34 40 51
34 39 52
35 40 51
34 40 51
33 40 51
34 39 52
36 40 52
34 39 52
34 39 51
35 39 51
35 39 51
35 40 52
