14 43 33
14 43 33
12 39 35
14 38 34
13 41 34
13 41 33
13 41 31
14 41 32
13 41 33
13 40 33
15 39 34
14 40 34
14 40 33
13 40 32
13 42 33
14 41 32
13 41 32
14 41 33
14 41 33
13 41 33
13 41 34
13 40 34
14 41 33
14 41 33
13 42 33
14 41 32
13 41 33
13 41 33
14 41 33
12 41 33
14 41 33
13 42 34
14 41 34
14 42 33
13 42 33
13 42 33
13 41 33
12 42 34
14 41 34
12 42 34
13 42 33
14 41 33
13 42 34
14 43 33
13 42 33
13 42 33
13 42 34
13 41 33
14 41 33
12 40 34
14 40 33
15 41 33
14 41 33
13 42 33
14 40 32
12 42 33
13 41 31
13 41 33
13 42 32
15 43 31
14 43 32
15 43 34
16 42 30
18 41 31
17 41 30
15 42 28
15 40 30
14 43 29
14 43 28
12 47 31
14 42 31
14 40 29
16 39 28
18 45 33
16 42 33
19 46 30
17 48 31
17 44 29
17 45 28
17 45 28
16 45 27
18 48 28
18 47 29
18 48 28
18 47 29
19 47 28
18 48 28
18 48 28
21 48 28
20 50 29
21 50 29
20 48 29
19 51 31
19 48 31
21 49 33
21 50 36
22 49 37
21 49 38
22 52 41
23 52 44
24 53 48
27 52 48
29 51 50
31 49 47
29 45 41
28 54 48
28 46 46
26 38 43
26 39 46
26 43 55
25 39 55
25 38 51
28 42 49
28 43 48
30 43 48
31 44 50
33 43 51
33 44 51
33 46 50
28 46 48
27 45 48
26 46 47
26 47 45
27 47 47
28 45 48
26 44 48
27 45 48
28 46 48
29 46 48
30 46 49
30 45 48
29 44 48
27 45 49
27 44 50
28 45 48
27 45 48
27 45 47
28 47 49
29 46 48
28 45 47
29 46 48
29 46 48
28 45 48
28 46 47
29 45 48
28 47 47
28 46 48
28 45 49
29 46 48
29 44 48
29 46 48
29 45 48
27 45 48
27 45 47
29 45 47
29 46 49
29 46 48
28 44 46
28 46 47
28 45 47
30 45 48
29 46 48
28 45 47
29 45 48
29 45 48
29 46 48
29 46 48
28 46 47
28 46 48
28 47 47
29 45 48
27 45 48
28 46 48
29 45 48
28 46 47
28 47 48
28 46 48
29 47 47
29 47 47
29 46 48
29 46 47
29 47 48
28 45 47
28 46 48
30 45 48
29 46 49
29 44 48
30 46 48
29 46 47
28 46 47
28 46 48
28 45 48
30 48 48
29 46 47
29 46 49
29 47 48
31 47 48
29 45 48
29 45 47
30 46 48
29 46 48
29 45 47
30 46 47
30 45 47
28 46 46
28 45 47
29 45 48
29 46 48
30 46 48
29 46 46
29 45 47
29 46 48
29 46 47
29 47 48
29 46 47
29 46 47
28 46 48
29 45 48
30 46 48
28 46 48
31 46 48
29 47 48
29 47 47
30 46 47
29 46 47
29 46 47
29 47 48
29 45 47
