14 39 40
14 39 40
14 38 40
14 40 40
15 39 41
14 39 41
12 39 40
15 40 41
13 41 42
15 40 41
15 39 40
13 40 40
14 39 40
14 40 41
14 39 41
14 39 41
14 38 40
16 40 41
15 38 40
14 40 41
15 39 40
15 39 40
15 40 40
15 40 40
14 39 41
14 39 40
14 39 39
13 40 40
14 39 42
15 39 40
14 38 41
14 39 41
14 40 40
14 40 40
15 40 40
15 40 40
15 39 40
14 39 41
15 39 41
15 39 40
13 40 41
15 40 42
14 40 41
15 39 40
14 39 41
13 39 41
14 39 41
14 40 41
14 39 40
14 39 40
14 40 40
15 40 41
15 40 42
15 39 41
15 39 41
15 39 42
15 38 40
14 40 41
15 38 41
15 38 40
14 40 40
15 40 40
17 40 41
15 38 41
16 40 40
15 39 40
14 39 41
15 39 41
14 39 41
14 39 41
15 40 41
15 40 41
15 40 41
15 40 41
14 39 40
13 39 40
14 39 40
16 40 40
14 40 41
14 38 41
16 40 41
15 38 41
15 39 41
15 39 40
15 40 41
16 39 40
14 39 41
15 39 40
14 41 42
14 40 40
15 38 41
13 39 41
15 39 41
15 40 41
15 39 41
15 39 41
14 38 42
14 39 40
15 40 41
14 41 41
15 41 41
16 40 41
14 40 40
14 39 41
14 38 41
15 40 40
15 40 40
15 40 41
16 38 41
15 39 41
14 39 40
14 39 42
14 41 41
15 39 40
14 38 40
14 39 41
15 39 41
14 39 39
15 40 41
15 38 40
14 40 40
14 40 40
14 39 40
15 39 40
15 39 40
13 38 40
13 40 40
14 39 41
14 39 41
13 38 40
15 39 40
14 39 39
13 39 41
15 40 40
14 40 40
13 39 41
14 38 41
15 38 41
15 38 41
15 39 42
13 39 41
16 39 41
16 39 41
12 37 41
14 40 42
16 39 40
14 38 42
16 40 42
15 40 41
13 38 41
15 38 41
15 39 41
15 40 41
15 40 41
15 37 41
18 39 41
20 41 43
19 40 44
18 39 44
18 41 46
21 40 46
18 40 46
19 40 45
21 40 47
24 40 48
23 39 46
25 41 50
28 45 50
27 42 54
27 40 56
29 38 51
30 38 50
30 40 50
32 41 54
32 44 51
33 43 50
33 40 51
34 39 51
35 43 50
35 40 53
35 38 51
37 38 49
36 36 51
35 39 53
34 40 49
35 42 53
34 37 52
34 39 52
34 43 53
34 41 52
35 42 51
34 42 51
33 42 51
32 41 46
29 43 45
30 47 54
32 46 49
34 43 53
35 38 50
35 45 49
34 47 49
32 43 51
33 40 51
33 42 48
34 45 50
35 46 49
35 43 49
33 45 49
34 42 50
35 42 50
34 42 50
33 41 50
34 43 51
33 43 49
32 45 50
33 44 51
33 44 50
34 43 50
34 41 51
34 42 50
34 42 51
33 43 50
34 43 51
35 43 51
33 41 51
33 43 51
33 42 51
34 42 51
34 42 51
32 41 50
34 41 50
33 42 51
34 42 52
34 42 50
35 42 51
34 41 50
34 43 50
33 41 50
34 42 50
33 42 51
34 41 50
34 42 51
33 41 50
34 42 50
34 42 50
34 42 51
33 42 50
34 41 51
35 42 51
34 42 51
34 42 51
33 42 50
35 42 50
34 41 50
34 43 50
33 42 50
33 43 50
34 42 50
33 42 51
34 41 51
34 42 51
35 43 51
33 41 51
34 42 50
34 42 51
34 41 50
34 41 51
33 43 51
33 43 51
34 41 51
34 42 51
33 43 50
34 42 51
35 40 50
33 41 51
34 42 50
33 41 50
34 41 51
34 41 51
33 41 50
35 41 50
34 42 51
34 42 50
34 41 51
34 42 51
35 43 51
33 41 52
34 41 51
34 42 51
34 42 51
34 42 52
34 40 50
34 43 51
34 42 50
33 42 50
33 42 50
33 42 50
33 41 50
34 42 50
35 41 50
33 42 51
