13 41 31
13 41 31
12 40 31
13 39 32
14 41 31
13 40 32
13 39 33
14 39 32
14 39 33
13 40 33
13 40 33
12 41 33
12 40 34
13 41 33
12 40 34
13 40 32
13 40 33
13 40 33
14 41 32
13 40 32
13 40 33
12 39 33
13 40 33
13 41 33
12 39 32
12 39 33
13 40 33
13 39 33
12 39 33
14 40 32
14 39 32
11 40 34
12 40 32
13 39 33
13 39 32
13 40 33
11 40 34
14 40 33
12 39 33
13 39 33
13 40 34
12 40 34
13 40 34
13 39 33
14 40 34
13 40 34
11 41 32
12 39 32
13 41 33
14 40 33
14 40 32
13 40 33
13 41 32
13 40 32
12 41 32
13 42 34
14 41 33
13 40 33
12 41 32
13 40 33
13 40 33
14 40 33
14 43 34
14 42 32
16 42 36
16 43 33
17 42 34
18 40 32
19 41 31
19 40 30
18 37 28
15 36 29
10 43 37
10 39 29
09 40 23
10 39 29
10 46 37
14 45 32
17 45 31
19 51 33
18 48 34
19 47 29
14 44 30
18 39 32
19 45 34
20 51 38
19 46 34
19 46 34
18 47 40
20 45 37
16 52 40
15 55 45
17 57 45
16 56 46
20 50 44
23 46 43
24 45 42
25 43 40
27 41 41
22 43 41
21 43 42
20 47 43
22 47 45
24 48 47
25 46 48
25 45 46
28 45 47
29 45 46
28 45 48
28 47 46
26 49 49
26 46 44
27 47 46
25 47 47
26 48 49
25 44 46
27 47 46
26 46 47
27 46 47
26 49 47
27 46 46
26 48 46
26 47 46
26 47 45
26 48 47
26 48 47
27 47 45
26 47 46
26 48 46
28 47 46
29 47 45
27 46 46
26 47 47
25 47 47
26 47 46
27 46 46
26 48 47
25 47 46
27 47 46
24 46 46
26 47 46
26 47 46
26 46 46
27 47 46
27 46 46
25 47 47
27 47 45
26 45 46
27 47 47
26 47 46
27 47 47
26 48 46
26 47 46
27 47 45
27 48 46
26 48 46
25 47 46
27 47 45
