12 35 36
14 36 36
11 36 36
12 35 36
12 36 37
13 36 36
12 36 36
12 35 36
13 36 37
13 35 37
13 36 36
14 36 36
13 35 36
13 35 35
13 36 36
13 36 35
13 35 36
12 36 36
11 37 36
13 36 36
13 36 36
13 36 36
13 36 36
13 37 37
12 36 36
13 36 36
13 36 36
12 36 35
12 37 36
13 35 37
13 36 36
13 35 36
12 34 37
11 36 36
13 36 36
12 35 36
12 36 36
12 36 35
13 35 36
12 37 37
12 36 36
13 36 35
12 36 36
13 37 37
12 37 36
14 34 36
11 35 36
12 36 36
12 36 36
14 36 35
13 36 36
12 37 36
12 36 37
13 36 36
14 36 36
12 35 36
12 36 36
11 36 36
13 36 36
12 35 36
12 36 36
13 37 36
12 36 36
12 36 35
11 36 37
12 36 36
13 35 36
13 36 35
12 35 35
11 35 36
12 35 35
11 36 35
12 37 36
13 36 35
13 37 35
12 36 35
12 36 35
12 35 34
13 35 35
12 35 34
12 36 35
12 35 34
12 35 34
12 36 35
12 36 34
12 36 33
14 36 34
13 35 33
13 35 33
14 35 31
14 36 30
15 34 31
12 34 30
13 34 31
12 34 32
12 35 33
13 35 34
13 36 34
12 36 34
13 37 34
13 38 33
11 39 34
11 38 33
08 37 34
07 36 34
07 35 33
08 36 34
10 35 35
12 37 35
14 38 36
13 39 43
11 51 46
16 40 35
16 42 40
13 41 39
12 39 39
13 41 39
16 41 40
16 39 42
16 39 42
16 40 42
18 40 43
20 40 43
18 40 44
16 40 44
15 42 43
17 44 42
18 46 41
20 47 42
20 45 43
20 43 46
21 42 45
23 43 47
25 45 46
26 43 48
26 42 48
25 42 48
25 44 48
25 44 46
27 42 48
25 44 52
25 43 49
27 41 51
30 40 51
30 40 52
31 43 50
32 42 51
32 42 51
33 44 52
32 42 51
30 42 50
30 42 51
30 41 51
29 38 52
28 38 51
30 38 51
29 37 51
29 38 51
30 36 53
31 35 52
32 37 52
33 36 53
32 37 51
32 38 53
33 39 52
34 39 53
34 41 54
35 37 54
33 38 54
33 38 54
34 38 53
32 37 53
33 39 53
32 39 51
31 40 51
32 39 51
30 40 54
30 39 54
30 37 52
30 39 52
30 38 52
29 37 52
29 38 51
30 39 52
30 38 51
30 40 52
31 40 52
30 40 51
31 40 52
32 39 51
33 40 52
32 40 52
32 39 51
31 39 51
31 39 52
30 39 51
30 39 53
29 37 53
31 39 51
31 39 52
31 39 52
31 40 52
31 40 52
32 40 52
31 39 51
32 40 51
31 39 53
31 39 51
30 39 52
32 38 52
30 39 52
31 40 52
31 40 52
31 39 52
31 38 52
32 40 52
31 39 52
30 41 51
32 41 51
31 40 52
31 38 52
31 40 51
31 39 51
31 42 52
31 40 51
30 40 52
31 40 51
31 39 52
32 39 51
31 39 52
31 40 52
32 40 52
31 40 52
31 39 52
31 39 52
31 40 52
31 40 53
31 39 52
31 39 52
31 40 52
31 40 52
31 40 52
32 40 52
31 39 52
31 38 51
31 39 51
31 40 52
31 40 52
30 39 52
31 38 52
31 39 52
32 40 52
31 40 52
30 40 52
32 40 51
30 39 51
31 40 51
31 40 51
31 39 51
30 41 52
32 39 52
31 40 51
31 40 52
31 40 52
31 40 51
30 39 52
32 39 51
31 39 52
30 41 52
31 38 51
31 40 51
32 40 52
31 39 52
31 40 52
32 40 52
31 39 52
31 40 51
32 39 53
31 39 51
30 41 52
31 40 52
31 39 52
32 39 52
31 40 51
30 39 51
30 40 51
33 39 52
29 40 52
30 40 52
30 40 52
32 40 52
31 40 51
32 40 52
31 39 51
31 40 53
30 39 53
33 40 53
31 40 51
32 39 50
31 40 52
32 41 52
32 41 52
31 41 52
32 41 52
31 42 52
31 41 52
31 41 52
31 40 52
31 39 51
31 40 52
31 40 52
31 40 52
32 41 51
