11 37 37
11 37 37
11 37 36
12 37 35
13 36 35
13 37 35
12 36 35
12 37 35
12 37 35
12 36 36
12 37 36
12 38 35
12 37 35
12 35 35
12 36 34
12 37 35
13 37 35
12 37 36
13 35 35
12 37 36
12 37 35
12 36 35
12 38 36
13 36 35
12 37 35
12 35 36
12 36 35
12 37 34
12 35 35
12 36 35
14 36 35
13 36 35
13 37 35
12 37 35
12 37 35
13 38 35
12 37 36
12 37 36
11 36 35
11 37 36
13 36 36
12 35 35
12 37 35
12 37 36
13 37 37
12 35 34
13 36 35
12 36 35
12 36 36
13 36 36
13 36 36
12 36 37
12 36 36
11 37 35
13 35 36
13 36 35
12 37 36
11 38 36
13 37 35
13 36 36
13 36 35
12 36 34
13 36 35
13 35 35
11 38 35
12 36 36
12 36 35
12 37 35
12 36 36
12 35 35
11 37 36
11 35 35
13 35 37
12 35 36
12 37 35
13 36 34
12 36 35
12 36 35
13 36 36
12 36 37
11 34 36
12 36 36
13 35 35
13 36 36
12 37 35
13 36 35
11 37 35
13 37 35
13 36 36
11 37 35
11 36 35
11 36 35
12 36 36
12 36 37
12 36 35
12 37 36
13 37 36
12 36 35
12 37 35
13 37 34
12 36 35
11 36 35
12 36 35
12 36 35
14 37 34
12 36 34
13 36 36
13 36 36
10 36 36
12 37 36
13 36 36
13 36 36
11 36 36
12 37 35
12 35 34
13 33 33
13 35 33
13 34 33
14 34 34
16 34 34
15 35 32
16 36 32
16 34 31
15 35 30
15 36 28
17 35 29
14 37 29
10 39 30
09 42 31
08 41 31
08 41 33
10 43 36
12 42 37
11 42 39
14 42 39
16 42 35
12 44 37
13 41 36
13 42 36
16 43 37
18 44 37
15 46 37
16 44 37
15 44 38
16 45 37
18 46 39
17 47 39
20 48 39
20 47 41
20 47 41
22 47 42
22 48 43
22 48 43
24 49 45
26 48 46
27 50 47
27 47 48
29 47 48
29 47 50
30 47 50
28 47 51
30 45 50
28 45 49
27 45 48
27 43 48
27 44 48
28 42 48
29 43 49
28 44 49
27 45 49
28 45 47
30 46 49
30 44 49
31 45 48
30 44 48
29 43 49
29 46 48
27 49 50
28 45 48
28 44 46
28 46 48
29 47 49
29 46 49
30 44 48
29 45 48
30 46 47
28 47 48
28 46 48
29 47 48
29 46 49
29 45 48
28 45 47
29 46 48
28 45 49
29 44 48
29 45 47
27 46 49
29 45 47
28 44 49
29 46 48
27 47 49
30 45 48
30 46 48
28 46 48
29 46 49
29 46 47
29 46 47
29 46 47
30 46 47
30 45 47
29 45 47
29 45 48
30 46 48
29 45 48
30 45 48
28 46 48
29 45 48
29 47 47
30 45 48
29 46 48
29 46 47
28 45 48
29 46 48
29 46 49
30 47 48
29 47 49
28 44 48
29 45 48
29 46 48
29 45 48
28 45 48
29 45 48
29 45 48
29 45 49
30 45 48
28 46 49
30 44 48
28 45 48
29 45 47
28 45 48
30 45 49
28 45 49
29 44 48
27 45 49
28 44 48
30 45 48
28 46 49
28 46 48
28 45 48
28 45 48
29 44 48
29 45 49
29 46 48
28 45 48
29 44 49
28 45 49
28 44 49
29 44 48
29 44 49
30 44 49
30 45 48
30 45 48
30 44 49
29 44 49
28 44 49
30 43 50
29 45 50
29 45 49
28 45 48
28 45 49
28 45 49
30 45 48
29 45 49
30 44 49
29 46 49
29 45 49
28 45 49
28 44 49
29 45 49
29 45 47
29 45 48
30 46 49
29 45 49
31 45 48
29 45 47
28 45 49
29 45 48
30 44 48
30 44 49
30 47 49
29 46 49
29 45 48
29 45 48
30 45 48
30 45 47
29 45 48
30 46 49
29 46 47
30 47 49
30 46 48
29 46 48
29 46 48
30 45 48
29 45 48
29 46 48
29 45 47
30 46 48
30 47 47
29 46 47
29 46 48
29 46 48
29 46 48
29 45 49
29 47 48
