13 36 33
12 37 33
12 37 35
12 38 33
13 37 35
12 37 34
12 37 33
12 37 33
13 37 35
12 37 34
12 37 34
12 38 34
11 36 33
12 37 34
12 36 33
12 36 34
12 35 32
12 36 34
12 38 34
13 37 34
11 38 33
13 37 33
13 37 34
13 37 33
11 37 34
12 36 33
12 37 32
13 37 32
13 36 33
12 36 30
12 36 31
12 36 32
12 35 31
11 37 32
12 38 31
11 37 31
12 37 30
15 33 30
14 32 29
14 35 28
15 33 28
12 31 29
14 34 29
14 41 31
12 42 31
13 40 32
15 45 31
11 50 45
12 42 41
22 35 34
14 37 37
12 38 34
10 37 33
11 38 28
15 38 31
15 37 31
14 37 30
14 35 29
13 36 29
14 33 32
13 35 35
09 42 34
06 40 39
04 43 44
06 46 47
12 45 50
19 42 49
20 43 45
21 43 45
21 46 46
19 47 46
23 41 51
23 41 59
27 43 53
34 40 50
39 42 51
47 39 52
38 37 47
44 42 48
36 48 53
41 42 50
43 43 49
32 44 44
34 45 47
31 44 43
27 42 40
26 40 43
23 34 51
19 34 50
19 34 47
17 31 47
16 30 46
16 32 44
17 33 44
14 30 41
23 46 63
08 34 62
11 33 43
18 38 45
22 38 49
22 40 51
23 41 49
23 44 46
24 44 47
23 44 48
21 43 47
23 42 48
23 42 48
21 40 47
22 40 49
24 41 49
24 41 50
26 40 51
25 41 49
24 40 50
23 40 49
24 41 49
23 39 49
24 40 49
23 42 48
24 40 48
25 41 48
23 41 49
25 41 49
23 40 50
24 41 49
24 40 49
24 41 48
25 41 49
24 43 49
24 42 49
25 41 49
24 42 49
24 40 48
24 41 50
24 41 49
24 40 48
24 41 49
24 42 49
22 41 48
24 40 49
24 41 49
24 40 49
24 42 49
23 41 48
23 42 49
24 41 49
24 40 49
24 42 49
23 40 49
24 42 48
23 40 50
24 42 49
25 41 49
24 41 48
24 40 48
