11 33 30
11 35 30
12 35 30
12 35 31
11 36 31
10 36 30
11 36 31
12 35 31
12 36 32
12 36 30
12 37 32
14 36 32
13 36 32
12 37 32
13 37 31
13 37 32
12 37 31
13 38 33
12 36 34
12 36 35
12 38 35
11 37 33
12 37 33
13 36 33
12 36 32
14 37 34
12 36 34
11 35 34
11 36 34
12 37 34
11 37 34
11 39 34
10 38 34
13 38 35
12 37 35
12 35 35
12 36 33
12 37 33
12 36 34
13 38 34
13 37 34
13 38 34
12 37 35
12 37 35
12 37 36
12 38 34
11 39 35
12 38 35
12 38 34
11 38 34
12 38 34
12 37 35
12 37 34
12 36 35
12 37 34
12 37 35
12 37 34
12 37 35
12 38 34
13 37 34
12 38 34
12 38 35
12 37 35
13 37 36
12 37 35
13 38 36
13 39 36
12 38 34
12 38 35
12 38 34
11 38 35
12 38 34
13 36 35
12 37 34
13 38 35
13 38 34
13 38 36
13 38 35
13 38 35
13 38 34
12 38 34
13 37 35
12 38 35
13 37 35
13 38 35
13 38 35
13 39 35
12 38 34
12 38 35
12 37 35
12 39 34
12 38 35
11 39 35
11 38 35
12 37 35
12 38 35
11 37 35
12 37 34
12 38 36
12 37 35
13 37 35
13 37 34
12 38 34
12 37 36
12 38 34
13 37 34
13 38 35
11 38 35
14 37 35
12 38 35
11 38 35
12 37 34
11 37 35
12 37 35
12 38 35
13 38 34
13 38 35
13 39 35
12 38 34
12 38 35
12 37 34
12 38 35
13 37 34
12 38 35
13 38 34
13 37 35
12 37 34
12 37 34
12 37 35
12 38 34
12 38 33
12 38 33
12 37 33
13 37 34
13 38 33
13 39 33
13 38 33
14 38 32
13 37 32
14 38 32
13 39 32
12 38 32
13 38 32
15 38 32
17 38 31
15 38 32
14 38 32
13 38 32
11 39 31
10 38 31
11 39 29
12 37 31
13 37 29
13 37 29
12 38 30
08 40 29
09 40 29
10 41 29
08 41 29
07 43 34
11 38 33
14 37 29
14 41 32
15 44 34
15 41 32
15 41 32
13 39 35
14 43 34
13 43 31
13 47 33
17 46 33
17 44 35
18 47 36
18 47 36
17 44 37
16 49 36
17 49 38
16 48 37
18 48 37
18 48 39
18 46 37
19 49 38
20 48 39
21 45 39
21 47 40
21 48 40
22 48 40
21 48 42
23 46 43
24 48 42
24 48 43
26 48 44
27 48 45
28 49 45
27 50 46
28 48 46
28 48 47
30 47 47
30 49 46
30 50 46
32 48 46
33 48 46
32 46 47
33 45 46
32 45 48
33 46 49
32 46 48
34 45 48
33 45 50
34 43 50
34 44 49
34 44 49
34 45 50
35 45 50
34 47 50
34 47 48
35 46 46
35 45 49
36 45 50
35 44 49
35 45 50
33 46 50
32 47 47
31 47 47
31 46 48
34 45 48
34 45 49
35 44 48
35 45 48
35 45 49
34 45 49
34 45 49
32 45 49
34 45 49
34 45 47
34 45 48
33 47 49
34 47 48
34 47 49
34 46 47
34 45 48
34 44 49
35 45 48
34 45 48
34 44 48
35 44 48
34 45 49
35 44 48
33 45 47
34 45 48
34 46 47
34 46 47
34 46 48
34 47 48
34 46 48
34 46 49
34 45 49
35 45 48
34 44 47
34 44 48
34 45 48
35 45 47
34 46 47
34 46 49
34 46 49
33 45 47
34 44 48
34 46 48
34 45 48
35 45 48
34 45 47
33 46 48
35 45 49
34 44 47
35 46 47
34 46 47
35 46 48
34 45 49
35 45 48
34 46 48
35 46 48
34 45 48
34 47 48
34 45 48
35 44 47
34 46 48
35 46 48
34 46 48
35 47 48
35 44 47
34 45 48
34 46 48
34 45 48
35 45 48
35 45 48
35 45 49
35 45 47
34 45 48
35 45 48
34 45 48
35 45 48
34 45 48
35 46 47
33 45 49
35 45 48
34 45 48
35 46 49
35 45 48
34 47 48
34 45 48
34 46 48
35 45 48
35 45 48
35 47 49
34 45 47
34 46 48
34 44 48
35 45 48
35 45 48
34 46 47
33 44 47
34 45 48
35 47 47
35 46 48
