13 39 32
14 39 38
13 39 38
15 39 37
14 38 37
13 39 38
13 38 37
13 39 37
13 37 37
13 40 37
13 39 38
14 39 38
14 39 36
13 39 37
14 38 37
14 39 37
12 38 37
13 39 38
13 40 38
13 39 37
13 38 38
13 39 37
14 39 38
14 38 38
12 40 36
13 39 37
13 38 37
13 38 38
13 39 36
15 39 38
13 39 37
14 40 37
13 39 38
14 38 37
14 39 37
13 39 37
13 38 38
13 40 38
13 39 38
13 39 37
13 38 37
14 38 38
12 38 37
13 38 37
12 38 37
13 40 38
13 39 37
13 39 38
12 38 38
13 38 37
14 38 37
13 38 37
13 38 38
14 38 37
13 38 36
13 40 38
12 38 37
14 38 36
13 39 36
14 39 36
14 38 35
13 39 37
13 38 36
15 39 36
14 38 36
16 39 36
16 40 36
17 40 35
19 39 35
18 38 35
17 38 34
16 38 34
18 39 33
15 41 34
14 40 32
15 39 32
13 41 32
12 41 32
12 41 32
14 41 31
15 43 32
12 43 32
09 43 33
10 44 35
11 46 33
11 45 35
10 46 33
13 47 32
15 48 33
16 48 33
15 49 33
18 48 33
18 47 33
17 44 36
20 50 35
19 48 39
18 51 37
18 50 36
18 49 36
19 54 38
18 56 38
17 49 36
17 48 37
21 49 41
25 48 43
27 46 43
26 45 44
28 43 46
28 43 46
27 42 47
27 42 49
24 43 50
24 44 50
25 45 51
25 43 51
26 39 52
27 38 50
30 37 50
31 39 51
31 38 52
30 38 52
31 37 51
30 39 50
32 39 49
31 40 45
31 43 44
32 42 46
31 48 50
33 51 55
26 46 49
29 45 48
27 48 47
28 50 45
29 51 45
31 50 44
28 45 44
30 45 44
30 48 44
28 49 42
28 51 42
30 50 43
27 50 44
29 52 43
28 51 42
28 52 43
29 51 42
29 51 43
29 50 43
29 49 43
29 49 43
29 50 42
31 49 43
29 49 43
29 49 44
29 50 44
28 51 44
27 50 44
29 50 44
28 50 44
28 49 43
28 50 43
28 50 43
29 50 43
29 50 43
29 50 43
28 50 43
29 50 44
28 49 44
30 49 44
28 48 45
29 48 46
29 48 45
27 49 45
27 48 46
28 47 46
28 48 46
28 48 46
28 47 46
27 49 46
29 47 45
28 49 47
27 48 45
27 48 45
28 48 45
28 50 44
28 49 44
28 48 44
28 49 45
27 50 44
29 49 44
27 49 46
27 49 45
29 47 45
29 48 46
28 48 46
28 47 46
29 48 45
27 49 44
28 48 45
29 48 45
28 48 45
28 47 46
29 47 46
27 47 47
26 45 47
28 46 47
26 45 47
26 43 47
26 45 47
27 44 48
25 44 48
27 45 49
28 44 49
26 46 48
26 45 48
26 45 48
27 45 48
27 45 48
27 45 48
26 45 48
27 46 48
27 46 48
27 44 49
27 45 49
25 45 47
27 45 49
27 44 48
26 45 48
26 44 48
26 42 48
26 43 49
26 45 48
27 44 48
26 44 50
25 44 49
27 44 49
28 43 49
26 43 49
26 44 49
26 43 48
26 43 49
26 44 49
25 43 48
26 44 48
28 44 49
26 43 49
26 44 49
26 43 49
26 43 49
26 43 49
26 42 49
26 43 49
26 43 49
26 43 50
26 42 49
26 43 49
25 42 50
25 42 49
26 43 49
27 43 49
