63 31 55
12 35 40
12 35 40
12 36 39
13 36 39
14 35 40
13 36 39
14 36 40
13 37 40
14 36 38
14 35 40
13 37 40
14 35 40
13 34 39
14 36 39
14 36 40
14 37 40
14 37 40
13 37 40
12 36 39
14 35 40
13 35 39
13 36 40
14 37 39
13 36 39
13 35 40
15 34 40
14 35 40
14 32 42
15 37 42
15 37 43
15 38 42
16 38 43
17 39 42
17 37 42
16 38 42
18 37 41
17 37 41
14 37 41
13 37 40
13 38 38
11 39 38
12 37 38
12 40 39
12 39 38
12 39 39
11 38 42
11 37 43
11 38 43
13 36 43
16 37 44
17 35 43
16 36 44
16 38 44
16 37 46
17 37 44
17 37 44
17 38 45
17 40 45
19 38 44
19 39 44
21 40 46
22 41 47
24 41 48
24 42 48
25 43 50
27 45 49
30 45 51
32 43 52
31 42 51
29 40 52
28 43 50
29 41 51
30 40 53
32 37 52
33 36 52
33 33 52
31 34 50
30 36 53
30 41 53
31 38 52
32 39 53
30 39 53
29 38 53
29 38 51
33 39 52
30 39 51
29 38 52
31 38 54
30 36 52
30 35 52
29 38 57
29 36 52
28 39 52
27 40 52
27 39 51
27 39 50
26 38 49
25 38 50
25 38 49
25 37 49
27 38 49
28 40 52
28 43 54
29 39 54
28 38 54
30 36 53
30 36 52
29 37 52
29 38 52
28 38 55
28 39 56
30 37 56
31 37 55
31 40 55
30 40 52
32 40 50
33 40 49
34 44 50
36 47 49
37 51 46
37 51 46
40 48 43
42 48 43
44 45 43
42 44 43
43 43 44
41 43 47
38 40 47
38 40 48
33 38 49
33 38 51
30 37 53
26 40 55
24 40 54
22 40 52
22 42 49
25 43 48
26 44 47
29 44 45
28 43 43
24 45 50
30 61 51
30 34 50
33 46 52
31 44 50
32 47 49
32 47 48
34 46 49
34 46 48
33 46 48
32 46 49
32 44 50
32 44 49
32 45 49
32 45 48
32 45 49
32 44 50
32 44 50
32 45 49
31 46 50
34 48 47
33 47 48
33 45 50
33 44 49
32 43 50
32 43 50
31 43 50
33 44 49
33 42 49
31 45 48
32 43 51
31 44 49
32 44 49
32 45 48
33 45 50
32 44 49
33 45 49
33 44 48
34 45 49
32 44 49
33 45 49
33 45 49
32 45 48
33 44 49
32 44 50
33 45 49
32 45 49
32 46 50
33 44 49
32 45 49
31 45 49
33 44 49
33 44 49
33 45 50
33 45 49
32 45 49
33 45 49
33 45 49
33 46 49
33 45 49
