13 36 32
12 35 33
12 36 34
11 39 33
11 37 33
12 37 33
13 37 35
14 35 34
13 36 34
13 37 34
12 35 32
12 37 34
12 37 34
12 37 35
12 37 34
12 38 33
12 36 34
12 37 35
11 37 35
12 35 37
13 37 35
14 37 35
12 38 34
13 37 34
13 38 34
12 37 35
11 36 34
11 36 34
10 37 34
11 37 34
11 37 35
12 36 36
13 36 36
13 36 36
14 36 35
14 37 34
15 38 34
12 37 35
12 37 35
13 37 35
12 37 35
12 36 35
11 36 35
11 38 34
13 36 34
14 36 35
14 34 35
15 35 33
16 35 34
14 35 34
14 37 34
15 35 33
15 36 32
16 35 31
16 35 30
17 35 32
15 34 30
16 35 32
13 34 30
15 34 29
14 33 29
14 33 29
13 34 26
14 32 28
12 32 31
03 38 31
00 40 30
04 31 43
05 41 41
11 42 41
12 43 35
09 40 36
10 44 42
16 47 46
23 42 54
23 28 62
24 42 63
24 34 57
24 34 51
24 37 48
24 34 45
25 33 42
25 36 41
26 35 42
22 40 50
25 30 54
28 31 60
29 30 60
25 30 54
23 29 54
22 29 50
21 29 47
21 31 46
21 36 44
19 35 42
18 31 45
19 29 47
20 30 48
21 33 50
22 32 51
22 27 52
20 32 52
20 32 52
20 28 49
20 30 51
21 32 54
22 34 55
21 38 58
20 30 63
21 30 55
21 30 46
20 33 42
23 33 41
21 36 39
25 33 43
21 32 43
22 34 48
21 37 54
23 37 58
26 33 56
30 33 48
36 31 49
39 29 48
45 27 49
45 29 54
38 30 50
27 32 48
20 20 52
24 35 58
24 43 54
25 48 51
27 51 50
27 46 49
27 41 51
29 36 51
29 34 52
28 37 52
27 39 52
28 39 52
26 40 51
28 40 51
27 39 52
28 39 51
29 38 50
28 40 51
26 40 51
27 40 51
28 39 52
27 39 52
26 39 52
26 38 52
27 40 51
26 38 51
28 37 52
28 39 52
27 38 51
27 39 51
27 38 52
28 38 51
28 40 51
27 39 51
27 39 51
28 39 52
27 39 52
26 39 51
27 39 52
27 38 51
27 39 52
27 39 52
27 38 52
28 39 51
27 39 52
27 38 51
27 39 51
28 36 51
28 38 52
29 38 52
27 37 51
29 38 52
29 39 51
27 39 52
27 37 52
27 36 53
27 36 52
29 37 51
27 35 51
29 36 51
29 38 52
29 37 52
28 38 52
28 38 51
27 38 52
26 37 51
29 38 52
29 38 52
28 38 51
27 38 51
28 38 52
27 39 51
28 40 50
28 40 51
28 39 50
27 40 51
28 39 51
27 40 50
28 40 52
28 41 51
27 41 51
27 40 50
27 39 51
27 39 51
