22 29 50
22 29 50
21 29 49
22 28 50
23 29 49
22 30 50
21 28 49
21 28 50
22 29 50
21 29 49
22 30 50
23 30 49
21 30 48
23 32 49
23 31 48
23 33 48
23 32 48
23 32 49
22 33 48
24 32 48
22 31 49
22 33 48
22 29 50
23 29 50
21 30 51
20 30 52
20 30 51
19 30 51
19 31 51
20 29 50
20 29 51
20 31 50
20 32 49
19 32 48
21 32 49
20 32 48
19 33 48
19 33 48
21 35 47
20 34 49
19 33 49
20 32 49
19 32 50
20 31 49
19 31 48
18 31 49
19 28 48
20 28 46
17 28 46
19 27 46
20 28 47
21 27 48
22 27 47
19 26 48
20 26 49
21 26 48
23 27 49
20 30 49
20 30 49
21 31 49
20 32 52
18 31 51
21 31 49
21 33 48
20 31 48
21 31 48
21 31 48
21 33 49
21 35 50
22 36 50
21 38 50
21 36 49
22 34 48
22 35 49
22 33 48
20 34 49
20 34 50
19 33 50
19 31 48
17 32 49
19 32 47
20 32 46
21 32 49
21 34 49
20 31 48
20 32 49
20 32 47
20 34 48
20 32 49
21 33 49
19 32 49
20 32 51
20 32 50
22 33 49
23 33 50
23 34 51
24 32 51
26 33 49
27 31 51
26 34 56
27 30 53
28 31 52
29 33 51
29 32 50
29 30 53
29 29 54
31 29 54
31 31 54
32 29 52
34 27 50
32 29 56
33 28 58
34 29 55
36 29 50
35 27 48
31 31 55
32 26 52
34 24 51
32 27 50
30 30 51
32 29 51
32 26 51
34 26 51
32 26 51
30 26 53
31 27 53
32 27 51
31 30 53
31 27 50
32 26 51
33 27 52
33 29 53
34 26 54
34 27 52
33 27 52
35 28 54
33 28 53
34 27 52
34 30 53
34 30 52
35 29 52
36 29 52
35 29 53
36 28 52
36 29 53
37 29 52
38 29 53
37 31 52
37 30 52
36 30 52
37 31 52
37 32 52
39 30 52
38 30 52
37 31 52
38 30 52
39 30 53
38 30 52
38 31 51
38 31 52
39 30 52
39 31 52
38 31 53
38 31 52
40 31 53
38 31 53
38 31 52
39 31 53
39 31 51
39 31 51
37 31 51
38 31 51
39 31 52
39 30 52
38 31 52
38 30 52
38 30 52
39 31 51
39 31 53
38 31 52
37 29 52
38 27 52
38 29 51
38 30 50
37 30 52
37 31 51
37 32 51
38 32 54
37 30 52
37 29 50
37 29 50
37 30 53
38 29 53
38 32 52
37 31 52
36 31 53
37 31 52
38 29 52
37 30 52
38 29 53
38 30 52
38 30 53
37 28 52
37 30 52
37 29 52
37 29 51
37 28 52
37 30 52
37 30 53
38 30 52
38 29 52
37 29 52
37 30 52
38 30 52
37 30 52
36 28 52
38 28 52
37 31 52
37 28 52
36 30 51
37 29 52
36 29 53
38 28 51
37 29 53
36 30 52
37 29 52
38 30 52
37 29 51
37 29 52
36 29 52
