36 37 53
36 38 51
36 38 52
36 38 52
37 39 51
35 38 51
35 38 52
36 40 51
37 40 50
36 42 51
34 42 50
35 41 49
35 41 51
35 41 50
36 40 48
33 42 50
32 41 48
32 39 47
31 43 52
29 41 50
28 38 48
28 39 50
27 41 50
27 37 46
24 44 51
24 42 49
23 41 49
22 43 48
21 38 47
18 43 48
17 42 47
17 40 46
17 39 45
18 37 42
17 38 44
18 38 41
16 37 39
17 36 40
14 38 40
14 38 38
14 37 38
11 37 39
13 38 35
13 37 37
15 35 36
15 35 38
15 35 37
15 35 37
11 37 37
09 37 39
07 38 38
08 39 40
10 38 39
11 37 42
13 37 40
11 38 41
14 39 42
15 36 43
16 39 45
16 43 45
18 37 46
17 40 47
20 40 47
21 39 47
21 38 49
22 38 48
22 39 51
23 39 52
24 39 53
26 40 53
26 39 52
25 40 54
23 39 55
19 45 56
15 46 50
17 49 46
19 48 45
25 44 48
26 39 46
28 38 44
30 37 44
31 39 45
33 37 44
33 40 45
36 42 46
39 45 49
40 45 48
40 47 49
42 46 52
43 45 52
41 43 51
39 42 51
38 40 51
37 38 51
39 39 51
39 41 51
40 42 51
38 43 51
37 44 51
34 46 52
33 43 48
32 45 48
33 45 48
34 44 48
35 45 48
36 46 48
37 46 48
36 47 46
36 48 47
35 47 47
34 47 47
35 46 46
36 46 47
36 45 47
37 46 49
35 45 50
35 46 48
35 45 50
35 44 48
34 44 48
35 45 49
35 44 49
36 46 48
35 46 50
35 44 48
35 45 49
36 44 51
36 43 51
36 45 49
36 44 48
37 44 49
36 44 50
35 45 48
36 43 51
39 42 51
39 40 50
38 38 50
39 38 50
38 35 50
37 35 51
38 32 52
36 29 54
35 31 53
37 33 53
37 34 53
37 34 51
39 35 53
37 33 53
37 32 51
36 33 53
37 32 51
37 34 53
37 32 52
38 34 52
39 33 52
37 33 52
36 33 52
37 34 52
38 33 52
37 32 52
38 33 52
37 33 53
37 34 51
38 33 52
39 33 53
37 33 53
37 33 52
37 32 51
38 32 52
38 32 53
38 33 52
36 32 52
37 33 52
37 34 52
