13 40 33
13 40 33
11 40 34
12 39 32
13 38 32
12 39 33
13 40 32
13 40 32
12 39 32
13 40 33
12 40 32
12 39 33
12 40 32
12 42 31
11 45 32
11 45 30
13 45 30
12 43 33
14 45 32
16 44 33
17 43 35
17 45 34
17 44 36
17 42 37
17 42 37
18 45 35
17 45 34
16 46 34
20 47 35
17 45 32
18 45 36
20 47 35
19 44 34
16 44 34
18 45 34
17 45 38
17 45 38
18 44 40
17 44 42
16 45 46
18 46 47
18 44 51
20 44 50
20 42 48
23 45 46
23 46 46
24 44 46
24 45 47
24 46 47
26 42 47
26 44 49
27 44 48
27 44 47
29 45 49
30 44 50
30 43 50
29 43 50
29 45 49
29 44 49
32 44 49
32 44 50
32 43 51
32 44 51
32 45 51
31 46 50
32 44 50
31 43 49
31 46 50
29 44 47
26 46 46
25 43 48
26 45 50
22 45 47
23 43 46
23 41 47
23 41 45
28 39 45
30 38 44
33 37 47
35 37 48
34 37 51
35 38 56
33 39 56
31 39 53
25 41 55
23 45 55
23 54 62
25 36 59
31 38 50
30 41 44
28 43 43
25 46 44
21 46 47
15 51 55
22 42 46
22 41 42
21 48 44
21 49 46
22 49 45
26 45 43
25 44 45
22 46 50
22 47 50
16 49 47
20 42 34
20 50 46
26 48 38
25 53 41
21 49 37
17 47 37
17 46 37
19 47 37
21 46 35
21 45 37
20 44 39
17 45 39
16 45 36
16 47 37
17 52 41
17 51 46
19 51 47
19 51 44
19 50 43
23 46 44
22 44 47
21 47 49
20 46 50
23 46 51
26 50 50
28 49 53
32 50 52
37 51 50
40 50 48
43 52 45
45 51 41
46 51 39
45 48 40
45 47 41
44 45 38
43 41 38
41 40 39
37 36 41
33 37 40
29 43 45
24 39 49
24 37 52
23 39 51
24 40 52
24 40 51
26 41 53
28 39 50
28 36 46
30 40 53
33 57 63
28 35 49