15 41 40
40 57 33
13 40 38
14 41 40
15 41 39
15 41 40
14 41 40
15 41 39
16 42 39
15 41 38
15 41 39
15 40 39
14 42 39
15 42 39
15 41 39
14 40 40
15 41 40
14 40 40
15 41 39
15 42 40
14 41 40
16 41 40
14 41 39
15 40 39
14 40 40
15 39 39
15 41 39
15 41 39
14 42 39
14 41 40
15 41 39
16 41 40
15 42 39
14 42 39
14 40 39
15 41 40
15 41 40
15 40 39
15 41 39
15 41 38
14 41 40
15 41 40
14 40 40
15 41 39
14 40 40
13 41 39
15 40 40
15 40 39
15 41 40
14 40 39
14 41 39
15 41 39
14 41 39
16 41 40
15 41 39
15 41 40
15 42 41
15 40 39
15 42 39
15 42 39
14 41 39
15 41 41
15 40 40
15 41 39
15 42 40
14 40 39
15 41 39
15 42 40
14 41 39
15 41 39
15 40 39
15 41 39
15 41 39
14 42 40
15 40 40
14 40 40
15 41 39
13 40 39
15 41 40
14 41 40
15 41 38
14 43 39
15 41 40
14 42 38
15 41 40
14 41 40
15 41 39
15 41 40
17 40 41
14 40 40
16 41 39
15 39 41
15 41 40
15 40 40
14 39 41
14 41 42
15 40 42
17 39 41
16 39 43
16 40 43
18 40 43
18 40 43
18 40 45
17 40 45
18 40 45
19 43 46
19 43 47
20 45 47
22 44 48
24 42 47
24 39 48
26 39 49
28 41 51
29 42 51
29 41 51
30 41 50
30 42 49
31 43 51
31 42 52
32 43 50
34 40 49
35 44 50
34 45 52
36 41 48
36 42 52
36 43 51
35 41 49
37 44 51
35 43 52
36 42 53
36 42 51
36 42 51
35 41 50
35 40 49
36 40 47
36 43 51
34 42 48
34 43 50
32 43 49
32 42 49
32 42 49
33 41 48
33 42 49
33 44 49
32 46 50
33 45 52
34 43 50
34 45 50
34 45 47
33 46 50
33 45 50
32 42 49
32 44 49
31 46 50
34 43 50
33 40 49
31 41 52
31 41 51
32 44 51
32 44 51
35 42 50
34 41 51
35 38 52
32 40 51
33 40 51
35 41 51
33 41 51
34 41 51
34 41 51
33 40 51
33 40 52
33 40 51
33 42 50
33 41 51
32 41 52
34 41 51
35 40 52
33 40 51
33 41 50
32 41 50
32 41 51
32 40 51
33 40 51
34 41 50
34 41 52
32 40 51
34 42 51
34 41 50
33 41 51
33 41 51
32 40 52
33 40 50
33 41 51
33 41 51
34 41 51
33 41 51
33 41 51
33 41 52
34 41 51
34 42 51
33 41 52
33 41 52
33 40 51
33 43 51
34 41 51
33 39 51
34 40 50
33 41 51
33 42 51
33 40 51
33 41 51
33 40 51
33 41 52
32 41 51
33 41 51
33 40 51
34 42 51
33 40 51
34 39 50
35 40 52
32 40 51
33 41 52
33 42 51
33 40 50
33 40 51
34 41 50
33 41 50
34 41 51
34 41 51
33 42 51
33 41 52
33 41 52
33 40 51
34 42 50
33 41 51
33 41 52
34 41 51
33 40 51
33 41 50
34 40 50
33 41 51
33 41 51
33 40 50
33 41 51
34 41 51
33 40 51
34 41 52
33 40 51
34 41 51
33 40 51
