13 38 34
12 39 35
12 38 35
13 38 35
13 38 36
14 38 35
13 38 35
11 38 36
14 37 34
12 39 35
12 39 35
11 41 34
12 41 35
13 40 35
13 41 34
14 42 36
15 41 35
15 41 35
16 40 35
15 41 33
17 39 33
15 41 34
14 39 33
15 39 33
16 38 33
15 39 33
14 39 33
13 39 33
14 42 32
14 41 34
15 40 32
15 39 31
11 50 47
16 36 41
19 41 32
18 44 37
17 47 38
18 45 34
19 46 35
18 43 36
20 43 37
21 43 40
21 43 43
25 48 45
26 50 48
27 53 51
30 50 53
29 46 55
29 46 58
28 42 60
27 37 60
28 35 58
30 34 56
33 39 55
36 38 51
38 39 49
37 44 47
38 44 45
39 47 47
37 48 48
36 46 48
38 45 52
36 41 54
36 40 49
35 42 49
34 43 51
33 45 54
33 40 52
33 41 48
33 44 47
33 45 50
35 44 52
36 44 52
36 42 50
36 40 49
36 41 50
36 42 51
35 44 49
34 44 49
33 43 48
34 43 48
35 44 50
35 44 52
34 43 52
35 42 50
35 43 49
33 44 50
34 43 50
34 42 49
31 44 45
34 51 53
33 42 52
32 47 47
37 48 46
37 40 47
37 45 46
37 47 45
37 52 45
40 49 44
39 52 43
35 46 38
36 50 43
37 52 40
36 51 41
36 51 42
37 56 40
37 53 42
37 51 41
34 47 41
36 49 40
36 52 42
36 52 43
36 50 45
34 50 42
36 51 40
36 52 40
34 51 43
35 49 43
35 50 46
35 49 47
37 49 46
36 49 49
35 48 45
34 46 44
36 46 46
34 47 45
36 48 46
37 43 49
36 46 51
36 45 49
37 43 47
36 45 51
35 46 47
36 48 46
36 48 46
36 46 47
34 46 48
35 47 47
35 48 47
34 48 45
34 49 46
35 47 47
35 47 48
35 47 46
35 46 48
35 47 48
35 48 46
36 48 47
34 48 47
35 47 47
35 47 47
35 46 47
35 47 48
34 46 47
35 47 47