12 34 32
12 34 32
12 35 33
12 34 32
10 35 33
11 33 33
11 35 32
12 36 33
13 36 34
12 37 35
12 35 33
12 37 33
11 34 33
12 36 34
12 37 33
12 39 34
12 37 35
13 37 34
11 36 35
11 35 33
11 35 34
12 35 33
12 36 33
12 34 33
12 36 35
12 35 35
12 36 35
12 37 35
13 37 35
12 38 36
11 37 35
12 38 35
12 37 35
12 37 36
12 36 35
12 36 35
11 38 35
12 37 35
12 37 36
12 37 35
13 37 35
12 38 35
11 38 34
13 36 35
12 37 35
12 36 35
12 37 35
13 38 35
11 37 35
11 38 35
13 37 35
13 37 35
11 37 36
12 37 35
12 37 36
13 36 35
13 37 34
12 37 35
13 38 36
12 36 35
12 37 35
12 37 35
12 37 35
12 38 35
12 37 35
11 36 35
12 36 36
12 35 36
12 37 35
11 37 35
13 38 36
12 37 35
12 38 35
12 37 34
12 36 34
12 39 35
12 37 35
12 38 35
12 37 35
12 36 34
12 38 35
12 37 35
13 37 36
12 37 36
12 37 35
13 37 35
13 38 35
13 37 35
13 36 35
12 37 35
13 37 36
11 36 35
11 37 35
12 38 34
11 37 34
12 37 34
12 36 35
13 37 35
12 37 35
12 38 35
12 37 35
12 38 35
12 37 35
12 37 35
12 39 35
13 37 34
12 39 35
11 37 34
13 38 35
13 36 34
12 37 35
13 38 35
12 38 36
10 37 35
11 38 34
12 38 34
12 36 34
12 38 35
12 38 35
11 36 34
12 37 34
12 37 34
12 38 34
13 37 33
13 36 32
13 36 32
14 37 32
14 38 32
12 37 32
14 36 32
13 36 32
12 38 30
13 37 30
14 37 32
14 37 33
14 37 34
11 39 33
10 38 31
10 39 31
10 37 30
11 37 28
12 36 27
12 37 27
12 36 27
11 36 28
11 37 29
10 40 29
09 40 28
11 42 32
16 39 33
15 40 33
17 42 31
19 44 32
18 47 31
16 45 30
15 43 32
17 42 33
17 42 32
20 44 29
17 53 34
18 51 33
16 49 33
16 48 33
17 49 34
18 50 34
20 48 34
19 50 34
20 50 34
21 48 35
21 48 35
21 48 36
21 51 36
21 50 34
22 49 36
23 51 37
22 51 38
21 50 39
25 48 41
26 49 41
27 48 43
28 48 43
29 49 45
30 48 48
32 49 51
32 49 53
32 48 53
31 44 52
30 43 51
31 40 49
29 41 49
28 37 47
29 39 48
27 40 49
30 42 51
31 43 50
31 45 51
33 43 51
35 44 50
35 43 48
36 43 47
34 42 49
32 48 52
32 45 49
30 44 47
30 44 50
30 46 50
29 47 48
31 45 47
33 45 49
34 45 51
35 44 49
34 45 48
32 48 48
32 45 48
31 45 48
31 45 48
32 45 48
32 45 48
31 44 48
31 45 50
33 45 48
31 45 49
32 46 49
33 45 49
33 43 49
32 46 49
31 46 49
31 45 49
32 46 49
32 46 47
32 46 47
34 45 47
32 47 48
32 47 48
32 46 48
32 46 47
32 46 49
32 46 48
32 45 48
33 45 48
32 45 48
33 46 48
32 46 49
33 46 48
33 45 48
33 46 47
32 46 49
31 45 48
33 46 48
33 47 48
32 47 48
33 45 49
33 47 49
33 45 47
34 46 48
32 47 48
33 46 48
33 45 48
33 46 48
31 47 48
33 46 48
34 46 47
33 47 48
33 47 48
33 46 48
33 46 48
32 45 47
33 46 48
32 44 48
33 47 48
33 45 47
33 46 47
32 46 48
33 44 48
33 46 48
33 46 48
32 47 49
32 46 48
34 46 47
33 44 48
33 45 48
33 46 48
32 46 48
32 46 48
33 46 48
33 47 48
32 46 49
34 45 48
32 44 49
32 45 48
34 45 49
34 45 48
34 46 48
33 45 48
34 45 48
33 46 48
33 45 48
33 46 48
32 47 48
32 46 47
33 46 48
33 45 48
33 46 47
34 45 48
34 45 48
34 45 47
31 46 48
33 46 48
33 46 48
32 47 48
33 45 47
33 47 48
33 46 48
33 48 47
32 46 48
32 46 48
32 46 48
34 45 48
33 45 48
34 46 48
32 47 47
33 46 47
32 47 47
33 45 48
33 45 49
33 47 48
33 46 48
32 45 48
34 45 48
33 44 48
32 46 48
34 45 48
33 46 48
