13 39 35
12 38 35
12 40 34
14 39 35
13 38 35
13 39 35
12 38 35
12 39 35
13 39 36
13 40 34
12 38 35
13 39 36
14 39 35
13 40 36
13 39 35
14 38 35
12 39 35
13 40 35
13 40 35
12 39 35
13 39 36
12 41 35
12 39 34
12 39 35
13 40 35
13 40 36
14 39 35
12 39 35
13 40 34
13 39 36
13 41 35
14 41 34
13 40 34
12 39 34
14 40 33
13 39 32
13 38 33
14 39 32
15 37 32
14 37 31
15 38 31
16 38 31
15 38 32
16 40 32
15 41 31
15 41 32
15 41 30
16 39 30
12 39 31
11 41 34
13 40 32
12 41 31
13 42 30
12 43 30
13 41 31
15 43 32
13 42 31
14 42 32
14 42 32
12 44 32
13 45 35
14 46 34
13 45 36
16 45 38
15 45 39
15 44 41
16 46 40
15 45 38
17 47 40
19 47 41
20 44 42
23 44 43
23 46 45
25 47 46
27 48 45
29 46 46
31 47 48
32 47 49
32 45 49
33 45 51
35 42 49
36 43 50
35 46 51
36 48 50
36 45 50
36 43 50
39 43 50
39 42 51
37 44 53
38 44 54
38 44 53
38 41 51
39 40 51
41 41 49
39 43 47
39 43 44
41 47 48
39 46 46
41 42 43
42 41 42
42 41 42
43 40 43
44 37 43
47 37 43
46 41 43
45 42 44
43 47 46
42 50 44
41 47 42
36 47 41
30 52 45
28 54 49
30 50 45
31 50 46
30 49 46
26 50 58
26 44 51
31 48 46
30 51 44
28 50 43
27 50 43
28 51 44
28 50 43
29 48 44
28 51 44
31 51 45
30 51 46
29 50 45
28 49 46
30 49 47
28 46 46
28 47 45
29 46 46
30 44 48
30 44 49
29 45 48
30 45 48
30 44 48
28 44 47
29 45 48
31 46 47
31 45 47
31 46 48
29 49 49
30 51 46
30 48 47
29 45 48
28 43 47
29 43 48
30 44 48
29 45 48
28 49 48
29 46 46
29 48 47
29 46 47
29 47 47
29 46 46
28 45 47
28 47 47
29 46 48
29 47 47
29 47 47
29 47 47
28 48 47
30 47 47
28 48 46
28 48 46
29 46 46
28 47 47
28 48 48
29 47 46
27 47 46
28 47 46
29 47 46
28 48 47
30 47 46
29 47 45
