15 44 28
15 43 30
16 44 29
16 43 29
16 44 29
16 43 29
16 43 29
16 43 29
15 44 28
15 44 29
16 44 26
14 43 29
17 44 29
14 42 29
15 44 28
15 43 29
15 43 28
15 44 28
16 44 28
15 43 28
15 44 28
15 43 28
14 43 29
16 43 28
14 42 29
16 44 28
15 44 27
17 43 28
16 42 28
15 43 29
15 43 29
15 44 28
15 43 29
15 43 29
16 43 29
16 43 28
15 42 28
15 44 29
14 44 28
15 43 29
16 43 29
15 43 30
16 44 28
15 43 29
15 43 28
16 43 28
15 43 28
15 43 28
16 43 29
16 43 29
15 43 29
14 43 28
15 42 28
16 44 30
14 45 27
14 44 28
15 43 27
15 43 28
16 44 30
15 43 28
15 43 28
15 43 29
16 44 28
17 44 28
16 44 28
16 44 28
14 43 28
16 43 28
15 44 29
16 44 29
16 43 29
15 44 29
15 44 28
16 43 28
17 43 28
17 44 28
15 43 28
15 44 28
16 44 28
15 43 30
16 42 28
16 44 28
15 43 29
15 44 28
16 43 28
15 42 29
16 44 29
15 44 29
17 43 28
16 43 29
15 44 29
16 44 28
16 44 29
16 42 27
16 43 29
16 44 29
17 44 28
16 44 29
15 43 29
15 43 27
15 42 29
16 44 28
16 44 28
16 44 28
16 44 29
16 43 29
15 44 29
16 43 28
15 44 28
15 44 29
15 43 28
15 44 29
16 44 29
15 44 28
15 44 28
16 44 28
15 45 29
15 45 28
16 45 29
15 43 28
16 43 29
15 43 28
16 43 29
15 45 29
16 43 29
16 43 29
15 44 28
17 44 28
16 45 29
16 43 29
16 43 28
16 43 29
15 44 28
16 44 29
15 43 28
15 44 28
16 45 29
15 44 28
16 44 29
14 45 29
14 44 31
16 45 30
14 44 30
15 45 30
14 44 30
16 44 29
16 45 29
16 45 30
16 47 31
14 45 31
16 44 33
17 45 32
18 46 32
18 46 33
18 45 31
20 46 33
19 45 32
18 45 31
19 43 33
19 43 34
21 43 33
14 41 34
14 41 34
12 38 34
14 39 34
11 37 33
12 37 33
12 36 32
12 36 32
14 36 32
12 37 33
11 33 34
12 37 34
12 37 33
12 36 31
17 34 31
12 35 32
15 37 30
13 42 28
13 38 29
11 35 29
13 36 29
13 37 33
12 36 32
13 37 33
12 38 33
14 41 32
14 39 33
13 39 32
12 40 33
10 38 33
10 40 34
12 40 34
12 40 34
12 39 34
11 41 36
12 40 35
13 40 36
11 41 36
14 42 35
13 41 37
13 42 38
13 41 38
13 41 39
16 39 41
15 40 41
18 40 42
17 41 42
18 40 41
17 41 43
17 40 43
18 43 43
18 44 44
19 45 44
19 44 45
22 44 46
24 44 47
25 45 47
27 44 48
28 45 48
28 44 50
29 43 48
30 44 50
30 43 50
32 42 50
34 42 50
32 43 53
31 40 53
33 40 51
31 44 51
30 42 51
30 37 51
29 38 51
30 36 51
30 37 52
30 36 51
29 35 51
30 31 53
30 33 53
31 32 52
29 31 50
29 33 50
29 30 49
28 29 49
29 27 50
29 24 56
22 22 61
28 20 61
28 32 52
27 38 50
27 36 50
26 32 53
24 31 54
26 33 53
26 34 51
26 32 52
25 30 51
25 31 51
27 32 53
27 33 53
29 34 53
28 33 53
26 31 50
26 32 51
24 32 55
26 31 51
26 32 51
26 35 52
26 32 52
28 33 53
27 33 53
27 32 53
26 33 53
26 33 53
26 32 52
26 32 51
26 32 52
27 32 52
26 33 52
27 33 53
27 34 53
27 35 53
28 35 52
26 33 52
26 32 51
27 33 52
27 34 53
29 34 51
27 34 53
26 34 52
28 34 52
27 34 52
28 33 53
27 36 52
28 35 52
27 35 51
28 36 53
28 35 51
27 35 53
28 34 52
28 35 53
28 35 52
28 34 52
28 34 52
26 36 53
27 35 53
27 34 53
27 35 52
28 35 53
28 34 52
28 35 52
28 34 53
27 35 52
27 36 52
27 36 52
27 36 52
28 35 52
28 36 52
29 36 52
27 35 53
27 35 52
27 34 52
27 35 52
28 36 53
28 35 53
28 36 52
27 34 52
28 35 53
28 35 52
28 35 53
28 35 52
28 35 52
27 35 52
28 35 53
28 34 52
28 34 52
27 34 52
27 36 53
28 35 53
27 35 53
27 35 51
27 35 53
28 34 52
28 35 53
29 34 52
28 36 52
28 35 52
27 36 54
28 35 52
27 35 52
28 34 52
28 35 52
27 35 52
29 36 52
28 35 53
27 35 53
28 35 53
28 34 52
28 35 53
28 35 52
28 36 53
27 34 53
27 35 53
28 35 52
28 35 52
28 35 53
29 33 52
27 34 52
27 33 52
28 36 51
29 34 52
28 36 53
28 35 52
28 36 53
28 34 52
28 36 52
28 34 53
28 34 52
28 35 52
28 35 52
27 36 53
28 35 52
28 35 53
28 35 52
28 35 52
29 36 53
27 35 52
28 36 52
28 36 53
27 35 52
28 35 52
27 35 53
28 35 52
29 35 52
29 35 52
28 35 53
28 35 53
28 36 53
28 35 52
27 35 53
27 35 52
27 36 53
28 35 52
27 34 52
28 36 52
28 35 52
28 34 53
27 35 52
27 34 52
28 36 53
29 35 53
28 35 53
28 35 52
27 35 52
27 36 53
27 34 52
27 35 52
27 34 52
28 35 52
28 36 54
28 34 52
29 34 52
28 35 52
28 35 53
27 36 52
29 35 53
28 36 52
28 35 52
27 36 52
27 35 53
27 36 53
27 36 53
26 36 52
28 35 52
28 34 53
28 35 52
28 35 51
28 34 54
27 36 52
29 35 52
28 34 52
