17 33 28
17 46 28
16 45 29
18 46 29
17 45 29
16 47 29
17 45 29
17 45 28
16 45 29
17 46 29
17 45 29
17 46 29
16 46 29
17 45 28
18 46 29
17 46 29
16 46 29
17 45 29
17 45 29
17 46 28
18 46 29
16 45 29
16 45 29
18 45 28
16 44 28
18 45 29
18 45 30
16 46 28
17 45 29
17 45 29
17 46 27
17 46 28
18 46 29
17 44 28
16 46 29
17 44 29
17 46 29
17 45 29
16 46 29
17 44 29
18 47 29
17 46 30
16 46 29
17 46 29
16 45 29
18 47 29
18 47 29
17 46 29
16 45 29
18 46 29
16 46 28
16 46 29
16 45 29
17 46 28
17 44 29
16 44 29
17 47 29
18 46 29
17 45 28
18 45 29
18 46 28
16 46 30
17 45 29
17 46 30
17 46 29
18 46 27
17 45 29
17 44 29
18 46 28
16 45 30
16 46 29
16 45 29
16 45 29
17 45 28
17 46 28
18 45 30
17 46 29
17 46 28
16 45 29
16 45 29
17 46 29
18 45 29
17 46 29
17 44 29
18 46 28
18 45 29
17 45 29
17 47 29
16 45 29
16 45 29
16 45 28
17 45 29
15 46 28
14 46 28
13 46 30
12 45 31
13 44 31
14 45 30
17 46 30
18 46 29
19 45 30
20 47 32
18 49 32
19 49 33
19 46 33
19 46 31
18 45 31
16 43 33
17 43 36
17 42 36
18 39 35
16 38 35
18 36 34
19 37 34
20 36 34
14 40 33
15 42 34
11 40 32
13 39 31
11 35 29
14 35 31
13 34 31
12 34 29
13 35 29
10 34 27
11 36 32
07 39 33
11 35 31
10 37 31
11 37 33
11 37 33
11 39 33
12 40 31
12 41 31
13 41 30
12 41 31
11 40 36
11 41 35
12 39 35
13 42 34
14 43 35
13 40 36
14 44 36
13 43 36
14 43 36
13 42 37
13 41 38
14 44 38
15 45 39
17 44 38
18 46 40
19 45 40
19 48 40
20 48 41
20 48 41
20 47 42
20 45 43
20 46 44
25 46 45
27 44 46
27 47 48
30 45 48
31 45 50
32 43 50
32 44 51
33 45 51
33 44 54
33 43 53
30 41 51
30 45 53
27 48 51
26 43 48
26 46 47
25 48 48
28 45 47
31 45 46
33 43 46
33 44 47
32 45 49
36 41 54
34 41 54
34 44 55
31 42 53
35 36 55
32 44 48
32 45 45
32 51 42
33 50 44
34 49 45
34 49 47
33 51 46
31 49 48
31 51 45
33 52 41
32 49 43
32 46 45
30 50 44
30 50 44
31 50 45
29 48 46
32 48 47
33 51 48
34 49 48
33 46 47
33 46 47
34 46 45
32 51 42
32 49 46
32 47 48
32 42 49
32 37 52
28 40 50
31 44 49
31 45 49
30 41 50
31 41 50
30 46 50
30 52 51
31 48 51
32 45 51
32 44 51
33 41 52
32 41 52
34 41 52
36 44 48
35 45 49
36 42 49
35 41 49
35 41 50
32 40 49
32 40 50
31 42 48
31 44 53
33 46 52
32 45 51
31 41 51
29 41 51
28 37 51
27 39 50
24 41 52
23 47 50
27 32 49
28 36 54
28 37 52
27 37 51
26 39 51
27 38 52
27 36 52
24 37 51
27 39 52
28 37 51
27 36 51
25 34 52
26 37 53
26 35 51
26 39 52
26 34 51
25 35 52
25 35 51
26 36 52
26 36 51
25 35 52
25 34 53
25 35 51
25 38 51
26 37 52
26 36 52
24 35 51
26 35 53
27 32 53
25 34 53
24 34 53
25 41 49
23 29 51
25 33 52
23 35 53
24 35 53
24 35 50
23 37 49
24 38 47
27 37 44
28 39 44
29 40 44
28 42 45
28 46 55
26 39 56
25 30 55
28 29 54
30 29 55
29 26 57
27 26 57
26 33 53
26 37 51
28 37 52
29 36 53
28 33 53
28 33 52
29 36 52
28 35 52
28 33 53
27 34 52
28 36 52
28 34 53
28 35 52
27 36 52
28 34 51
27 35 52
27 34 52
28 35 52
29 35 53
28 35 51
28 35 53
28 36 52
27 35 52
27 35 52
28 36 52
28 35 52
27 35 53
29 34 53
27 35 53
27 35 52
27 35 52
27 34 53
27 35 53
28 35 53
28 35 52
27 36 53
28 35 52
28 36 53
28 34 52
28 34 52
28 34 53
27 35 53
27 33 51
29 36 52
28 35 52
28 35 53
27 35 52
28 36 53
27 33 52
28 35 52
27 35 52
27 36 52
27 35 51
28 35 53
27 34 53
27 35 51
28 36 52
27 34 53
27 35 53
27 35 52
26 35 52
29 34 53
27 35 52
28 37 52
26 35 52
28 35 52
28 36 52
27 35 52
27 35 53
27 35 52
28 35 52
27 35 52
27 34 52
27 35 52
28 35 53
29 34 53
28 35 53
28 35 53
27 36 52
27 36 51
27 34 53
28 35 52
28 35 53
28 35 52
29 34 52
26 36 52
27 36 53
27 34 52
28 34 52
27 35 52
27 36 53
27 36 53
28 34 52
29 35 52
28 34 52
27 34 51
27 35 53
28 36 53
27 36 52
28 36 52
27 35 53
