12 37 35
12 38 34
12 38 34
12 37 34
13 36 34
12 37 35
11 37 35
12 37 34
12 37 34
12 37 35
11 38 34
13 37 35
12 37 34
13 36 34
13 36 34
11 38 34
12 37 34
12 36 35
12 37 34
11 38 34
12 37 33
12 37 34
12 38 34
12 37 34
12 36 35
11 37 34
11 37 35
12 37 36
12 40 36
12 38 37
11 36 37
11 36 36
12 38 35
13 38 35
14 38 34
13 38 33
13 38 31
13 37 31
12 38 31
14 43 33
12 39 36
12 37 34
12 36 35
12 31 36
12 29 35
14 34 35
14 35 36
15 33 35
14 34 34
17 35 36
16 36 36
16 33 36
16 34 35
16 35 33
18 38 34
17 42 32
20 42 31
13 39 31
00 24 35
06 41 28
14 51 30
18 49 33
21 47 37
22 40 36
10 39 38
11 48 38
14 47 32
15 46 33
15 44 34
12 45 35
15 46 34
15 46 35
14 47 36
15 44 36
16 43 38
16 42 40
15 42 40
14 43 43
09 44 43
09 39 46
07 40 52
11 35 55
14 33 53
18 30 52
19 30 47
19 33 46
20 35 49
19 35 49
21 37 47
21 33 52
21 34 52
18 35 52
23 32 54
22 35 50
24 29 50
26 27 48
27 30 45
29 30 43
30 27 43
29 30 45
30 31 46
28 31 48
26 31 49
23 36 50
23 37 48
20 37 47
17 40 45
18 39 45
19 39 45
16 38 47
19 39 49
18 38 49
20 40 49
18 43 52
19 63 62
20 29 53
20 33 51
22 40 50
24 41 49
24 42 50
24 44 50
25 43 49
22 43 47
22 44 48
23 43 49
24 42 48
24 43 49
24 45 45
25 45 47
24 48 44
23 48 45
23 48 46
22 45 46
24 43 46
24 45 46
24 44 46
23 45 45
24 47 46
24 45 46
24 46 45
24 46 47
23 44 46
24 45 46
25 44 47
24 44 47
24 45 47
24 45 47
23 43 47
24 44 46
24 45 45
25 46 46
24 45 46
25 45 46
25 45 47
25 45 47
24 44 47
25 46 47
23 44 48
24 44 47
24 44 46
24 43 48
25 45 47
25 45 47
23 44 48
25 44 46
24 46 46
24 45 47
23 44 46
24 44 47
24 44 46
25 45 46
24 44 47
24 45 47
24 45 47
24 45 47
24 46 47
