12 36 32
11 35 32
13 35 31
12 35 32
13 36 33
12 37 33
12 37 34
12 37 34
12 36 34
12 37 35
12 37 35
13 39 34
12 37 34
11 37 34
12 37 33
11 37 34
12 37 33
13 37 34
12 37 35
12 38 35
13 37 35
13 36 36
14 35 35
12 37 35
12 37 35
12 38 35
13 38 35
11 38 34
12 37 35
12 37 34
13 38 34
13 37 35
12 37 34
12 37 35
12 37 34
12 36 35
13 38 35
11 37 35
12 38 34
12 36 35
13 38 35
11 38 35
12 38 36
12 37 35
12 38 35
12 38 35
12 38 36
11 37 34
12 37 35
12 37 35
11 37 34
13 38 35
12 38 34
12 37 34
13 37 35
13 38 35
12 37 35
12 38 35
11 37 36
12 37 36
12 38 35
11 38 35
11 38 35
12 36 35
13 36 35
12 38 35
11 37 35
13 37 35
12 38 35
12 37 35
12 37 34
11 36 35
13 38 35
13 37 35
12 37 35
12 38 35
12 36 35
12 38 34
13 37 35
12 38 35
13 37 35
12 36 34
12 35 34
13 36 34
12 36 34
11 37 34
11 37 34
13 36 34
13 37 34
13 35 34
14 35 33
15 37 32
14 35 34
12 37 33
14 36 33
13 33 33
14 34 32
14 33 32
13 32 32
14 32 31
15 33 31
15 32 32
14 32 32
15 31 31
14 31 31
13 32 32
12 31 33
06 30 29
04 40 37
01 35 35
08 37 37
10 37 37
16 35 33
16 34 31
19 35 35
15 38 42
17 36 38
04 39 60
12 36 48
17 39 38
23 46 46
26 45 55
28 40 51
26 39 49
31 40 54
30 38 55
31 41 53
30 44 52
29 43 48
29 41 50
27 46 52
28 43 50
29 42 52
31 38 52
32 40 49
34 42 49
32 46 51
32 46 48
32 43 48
33 42 50
31 41 50
31 39 49
31 41 50
30 43 49
31 47 48
33 49 48
33 43 49
34 43 51
32 43 50
32 45 50
33 45 50
34 44 49
32 43 51
33 41 50
30 44 51
30 43 50
33 42 49
32 43 50
31 40 52
27 40 49
24 41 50
22 39 53
26 37 51
24 41 52
25 42 53
26 39 51
27 42 50
29 41 50
29 42 48
27 42 51
29 41 50
31 41 52
34 41 51
38 42 53
39 40 52
34 38 51
30 40 52
30 45 50
31 47 49
30 47 48
32 47 49
31 44 48
30 42 51
30 42 49
30 40 49
31 43 51
31 42 51
31 44 50
30 45 50
31 42 49
30 42 50
30 42 50
31 45 51
30 44 50
30 43 50
30 43 51
30 43 49
31 42 50
30 42 50
31 42 50
31 43 50
31 44 49
30 43 51
30 42 50
30 41 50
29 42 50
30 43 50
30 42 50
30 42 50
29 42 50
31 42 51
31 42 50
29 43 51
31 42 51
30 42 51
30 43 51
30 42 51
31 42 51
31 41 50
30 40 50
30 42 51
31 42 51
30 42 51
31 41 50
30 40 50
29 42 51
30 41 51
31 42 52
29 42 50
29 40 51
30 40 51
32 41 51
31 42 51
31 41 51
31 41 50
30 41 51
31 41 51
32 41 51
29 41 51
30 41 51
30 41 51
29 42 51
31 42 51
30 41 51
30 41 52
31 41 51
30 42 50
30 41 51
31 41 51
29 41 51
29 42 51
30 41 51
30 42 52
30 41 51
30 42 51
29 42 51
30 41 51
30 42 50
29 40 51
30 41 50
29 42 51
30 41 51
30 42 52
30 41 51
30 42 51
29 42 51
30 41 51
30 42 50
29 40 51
30 41 50