12 38 35
11 37 34
11 37 34
12 38 34
13 38 36
13 37 35
13 39 34
13 39 35
12 38 35
12 39 35
13 38 34
12 38 35
12 36 34
13 38 35
13 37 35
13 37 36
13 38 35
12 39 35
13 37 36
13 37 36
13 38 36
13 38 35
12 37 35
12 37 34
12 37 34
13 37 35
11 37 35
13 37 35
13 36 35
13 36 36
12 36 36
13 37 35
11 38 36
12 38 35
11 38 35
11 37 36
14 37 36
11 39 35
13 37 35
12 37 35
12 38 35
12 37 36
11 39 35
12 37 35
12 36 35
13 37 35
12 36 35
11 38 34
13 36 34
13 37 34
12 37 34
13 36 34
13 37 33
14 36 34
13 36 34
12 35 34
13 36 33
15 35 32
14 36 34
14 35 33
14 35 32
11 36 32
14 34 31
10 36 30
10 39 31
07 42 31
08 43 31
10 44 33
12 48 34
14 45 33
20 44 34
22 45 34
22 45 34
24 47 31
23 49 33
26 48 37
23 46 35
20 45 35
20 48 36
20 49 36
23 53 40
26 58 41
29 54 42
31 53 42
29 50 42
29 47 41
30 45 41
30 43 45
28 46 49
22 44 53
23 44 56
23 42 56
24 31 58
24 37 63
30 26 53
31 42 56
28 39 60
29 41 59
30 37 51
31 35 47
29 35 45
29 35 47
27 35 52
26 31 53
28 31 57
30 32 55
30 30 52
28 31 52
28 28 51
28 29 50
32 28 48
34 31 49
36 32 53
34 35 56
29 36 60
28 35 55
29 33 50
29 36 52
29 37 50
29 37 48
31 36 48
28 37 53
27 38 52
32 39 52
30 38 55
30 40 53
32 39 51
31 39 53
32 39 53
33 38 54
31 39 53
31 34 52
31 34 51
32 30 54
31 29 54
31 30 53
32 31 52
33 29 51
31 29 52
29 25 50
30 27 55
30 31 54
28 33 53
27 35 51
28 33 50
27 33 54
28 28 55
28 27 54
29 26 51
30 29 53
31 32 52
31 36 52
33 38 52
32 38 52
30 37 53
29 37 52
30 35 52
31 35 52
31 33 52
32 35 53
32 35 53
31 36 52
31 34 53
30 34 53
31 35 53
30 34 53
30 34 52
30 34 52
31 35 53
31 35 53
30 35 52
31 35 52
31 34 53
31 36 52
30 36 52
31 35 54
30 35 53
30 33 53
30 33 53
30 35 54
32 35 53
31 35 53
31 34 52
29 36 52
29 35 53
30 36 52
30 34 52
30 35 53
31 35 54
31 35 53
31 35 53
32 35 53
31 36 53
31 34 53
31 36 52
31 36 53
31 34 53
31 36 53
30 35 53
30 35 53
31 35 52
31 35 52
30 35 52
31 35 54
31 35 52
32 35 51
31 36 53
30 34 52
32 35 52
31 33 53
30 34 53
30 35 53
31 36 52
30 36 53
30 35 53
31 36 53
31 37 52
31 35 52
30 35 52
30 35 54
30 35 52
31 36 53
30 35 52
30 35 52
31 35 52
30 35 53
