13 39 32
13 39 32
13 39 34
14 40 34
12 40 35
12 41 35
13 41 35
12 41 33
13 41 34
13 39 35
12 40 34
13 37 34
12 39 33
12 41 35
13 42 35
14 42 34
14 41 35
13 41 34
12 41 34
14 41 33
13 39 33
14 39 33
13 41 34
13 38 33
14 39 33
13 40 34
13 40 35
13 41 35
13 41 33
14 39 35
13 40 34
14 40 34
13 39 33
13 40 32
14 39 32
14 40 32
14 39 31
14 40 31
13 38 32
14 39 31
13 38 32
12 38 31
15 38 31
15 39 32
14 40 33
14 40 32
17 37 32
15 38 32
12 39 32
13 38 29
12 40 30
14 39 28
14 41 27
12 41 29
13 41 29
13 44 31
14 44 34
13 44 33
14 43 33
15 42 33
15 44 36
15 46 37
16 44 35
15 46 36
16 47 37
16 49 36
16 51 37
17 47 38
17 47 38
18 47 41
20 47 42
20 48 41
24 48 43
25 51 40
28 50 42
28 48 44
27 47 45
27 48 47
28 50 47
27 50 46
32 48 46
36 45 49
38 45 49
38 43 51
39 42 50
36 42 52
35 43 50
34 43 51
34 42 49
33 41 50
34 44 51
30 44 51
31 47 49
32 41 51
32 42 50
33 40 50
36 40 50
37 39 50
37 41 50
35 36 49
38 35 48
37 33 49
35 28 51
33 34 55
32 33 61
31 32 60
29 33 54
29 34 50
30 36 48
29 36 51
31 36 54
30 34 54
31 34 55
33 36 54
33 35 54
33 33 53
32 33 53
30 34 53
30 35 53
32 36 54
32 35 53
31 36 53
32 36 53
33 35 54
33 35 54
33 35 52
32 34 51
33 36 51
33 37 52
31 36 53
32 35 53
32 38 52
31 37 52
31 36 53
32 36 53
31 37 52
31 35 53
31 36 53
31 35 53
32 35 52
31 36 53
31 35 53
31 36 53
32 35 52
31 36 53
31 37 53
33 36 52
32 35 53
32 35 53
31 36 52
31 37 52
33 36 52
33 36 53
32 37 54
30 36 52
32 36 52
32 36 53
32 36 52
32 35 54
31 36 53
33 36 52
31 36 53
32 37 54
