12 40 35
35 57 33
15 41 35
13 41 35
14 40 35
14 40 36
13 41 36
13 39 36
12 42 35
13 40 36
14 41 36
13 40 36
14 39 36
14 42 36
13 41 37
12 40 36
14 40 36
15 40 36
13 40 37
13 41 37
14 41 36
13 41 36
13 41 35
13 41 36
12 41 35
14 41 37
12 41 36
12 40 36
14 40 36
13 41 36
13 40 35
13 40 36
14 40 36
14 40 35
13 40 36
13 41 36
13 40 35
15 40 35
14 39 35
15 40 34
15 39 35
15 39 34
16 39 35
14 38 35
15 39 35
15 37 34
14 40 34
14 42 33
15 42 34
13 41 33
15 40 33
14 40 32
15 42 32
15 42 33
14 44 32
15 43 33
17 45 34
18 46 34
19 47 36
19 47 37
17 47 42
14 44 42
15 42 41
15 44 41
17 49 44
19 50 43
22 47 41
26 44 40
25 54 46
26 50 41
26 49 43
23 48 46
21 48 47
23 48 46
26 48 45
27 50 47
31 49 45
32 50 47
33 47 49
33 46 49
34 48 48
35 46 49
35 44 48
36 45 48
36 46 48
35 45 47
33 47 47
33 45 49
34 46 49
33 46 49
34 46 49
34 46 48
33 45 50
35 45 49
35 44 50
35 42 52
34 44 53
32 45 52
32 43 52
33 40 49
36 41 50
36 40 50
36 39 51
36 37 50
35 42 51
35 39 50
35 37 49
33 38 49
36 38 52
38 39 53
35 39 54
35 37 54
34 34 55
33 36 54
32 35 53
32 35 53
32 32 51
33 33 49
34 34 50
34 35 50
35 36 52
35 34 55
36 35 53
35 36 51
34 34 50
33 35 50
32 36 55
28 36 60
28 38 53
30 41 53
32 39 52
34 40 51
33 39 52
33 37 52
33 38 52
33 38 52
31 39 51
34 38 51
32 39 51
31 39 53
32 39 53
32 39 53
32 38 53
32 39 52
32 39 53
31 39 52
32 39 52
32 39 51
32 38 52
32 39 52
32 38 52
32 40 52
31 38 52
33 38 52
32 38 53
32 38 52
31 39 51
33 39 52
32 39 51
32 37 52
32 39 52
32 38 51
32 39 52
32 39 51
32 39 51
33 41 52
32 38 52
31 39 53
32 38 53
33 39 51
32 39 52
32 39 51
32 39 51
32 39 53
32 37 52
32 38 52
31 37 52
32 39 53
33 38 52
32 38 52
32 38 52
31 38 52
32 38 51
31 38 52
32 39 52
32 39 53
31 38 53
31 39 53
31 38 52
31 39 52
32 38 52
31 38 52
32 38 53
31 38 51
31 38 53
