13 36 29
11 35 30
13 35 31
11 35 32
12 36 32
11 36 31
12 36 30
12 35 30
11 35 31
11 36 32
10 36 32
11 36 32
11 37 31
10 36 32
12 37 32
13 36 31
15 37 30
15 37 31
14 37 34
12 37 31
12 36 30
11 36 32
12 36 33
10 37 33
11 36 32
11 36 34
12 37 34
11 38 33
11 37 33
11 38 32
11 38 33
12 37 33
12 36 34
13 35 34
13 36 34
13 36 34
12 36 34
13 37 35
12 36 33
11 36 34
13 36 34
12 37 34
11 37 35
12 37 34
11 37 35
12 36 34
11 37 36
11 37 36
13 36 36
12 36 37
14 36 36
12 35 36
13 37 38
12 37 38
12 38 38
13 37 37
13 36 37
12 35 35
13 36 35
12 38 36
14 37 36
12 37 35
13 37 37
13 36 37
13 37 37
13 37 38
12 37 36
13 37 36
12 36 36
13 36 36
12 34 36
11 36 37
12 35 36
10 37 36
14 37 36
12 36 36
13 36 35
12 37 36
12 35 36
13 36 35
13 37 35
12 37 35
13 37 36
12 38 36
13 38 36
14 36 35
12 34 35
13 36 35
14 37 36
15 37 34
16 36 34
17 36 34
16 38 34
15 36 34
14 35 32
14 37 32
11 36 31
13 34 29
13 35 30
14 35 28
14 35 28
13 35 28
12 34 28
13 34 27
13 33 28
12 33 27
12 33 26
10 33 30
11 31 29
06 33 28
06 35 24
06 38 25
10 40 29
10 34 32
15 39 30
15 34 29
10 35 38
05 40 34
05 40 32
09 42 32
12 37 31
14 44 31
16 39 33
17 46 35
15 45 40
12 42 43
15 41 54
21 42 51
20 39 57
24 33 56
27 34 51
28 34 47
27 37 46
23 38 49
21 38 49
20 36 50
19 35 47
20 33 49
17 30 47
19 27 45
21 25 44
21 30 43
25 58 63
18 26 49
19 23 36
18 29 43
19 37 50
20 35 50
22 30 52
24 33 55
23 39 53
20 39 49
16 37 46
16 36 48
16 35 48
15 38 46
14 38 45
16 40 46
15 40 47
14 34 41
14 36 40
16 46 45
20 46 46
22 46 50
22 43 50
18 41 45
19 40 49
22 40 48
23 41 45
26 46 44
28 47 47
28 42 43
30 44 47
30 43 49
30 44 48
30 42 49
30 43 50
31 40 51
30 37 50
28 36 48
27 35 48
25 37 46
22 35 50
23 39 54
23 33 59
26 31 53
29 36 52
32 37 54
30 37 53
28 34 52
28 35 53
27 35 53
28 37 52
29 36 52
28 38 51
29 37 51
28 37 52
26 37 52
27 37 52
28 37 51
29 36 51
27 38 52
28 38 52
29 37 51
28 38 52
29 36 52
29 37 52
27 37 52
28 36 51
29 37 51
27 36 52
28 36 51
28 37 53
27 35 52
28 37 52
28 37 52
27 37 51
29 37 51
28 35 52
28 36 52
28 38 52
28 37 53
26 38 52
29 37 51
29 37 51
27 37 52
28 37 52
28 36 52
27 35 52
28 36 53
27 37 52
28 37 52
27 36 52
28 36 53
30 37 52
28 38 53
27 36 52
28 38 51
27 38 51
28 36 51
27 38 52
29 37 51
27 37 52
28 37 52
27 34 54
27 34 53
28 35 58
27 32 56
33 38 58
30 35 57
32 33 53
