09 33 29
09 34 30
10 35 30
10 35 30
11 34 30
13 35 31
13 35 31
13 36 32
14 36 32
13 36 32
14 37 31
15 37 32
12 38 33
12 39 33
12 37 33
13 37 34
14 37 34
12 37 34
13 37 34
13 37 35
13 37 35
12 37 35
12 37 36
12 37 36
12 38 34
11 38 34
11 37 34
11 39 35
11 38 35
13 37 35
12 38 35
12 37 35
13 37 34
14 38 35
12 37 34
12 36 35
12 37 35
12 38 35
13 37 35
13 39 35
14 39 35
12 38 35
12 38 34
12 38 34
12 36 35
11 37 35
11 38 35
12 37 36
13 35 36
13 36 36
12 36 36
12 37 36
10 37 35
13 38 34
13 38 35
12 36 34
12 39 34
13 36 34
13 38 34
12 39 35
12 38 35
12 37 35
12 38 36
11 37 35
11 37 36
12 37 35
11 37 35
13 37 35
14 37 35
13 37 35
13 37 34
12 36 34
14 36 33
15 36 34
14 36 33
14 35 32
15 34 32
15 35 32
17 35 31
18 34 30
18 34 31
18 35 31
16 33 30
16 34 30
15 34 31
14 32 28
12 34 29
11 33 26
09 31 23
07 33 24
09 33 27
09 31 25
07 35 23
10 35 27
03 34 28
01 43 35
12 32 30
18 39 32
16 35 39
12 40 42
10 37 35
07 39 34
11 41 34
22 40 34
29 39 33
25 36 37
11 43 51
02 56 62
08 43 55
21 38 55
30 33 54
34 34 53
29 40 51
29 40 52
30 46 48
27 56 46
28 60 43
29 56 43
32 55 43
33 53 43
38 49 42
38 48 43
38 42 45
37 48 44
33 46 52
37 33 47
34 35 49
29 38 50
27 38 46
24 41 42
25 39 41
25 38 45
26 37 46
28 37 49
27 37 53
30 46 57
30 51 58
32 47 57
29 27 45
30 41 51
30 45 52
29 46 50
30 44 49
31 43 51
31 41 50
31 43 51
29 43 49
31 41 50
30 41 51
30 40 50
31 41 51
29 42 50
30 42 50
29 43 51
31 41 51
31 41 51
30 42 50
29 42 50
31 42 50
30 42 50
30 41 50
30 42 51
29 41 51
30 42 50
30 42 51
30 41 50
30 41 51
30 42 52
30 41 50
30 42 50
30 42 51
30 43 50
29 43 50
30 43 51
30 42 50
31 42 50
30 42 51
29 43 51
30 42 50
31 42 50
30 42 50
30 43 51
30 42 51
31 41 50
30 42 51
30 43 50
30 43 51
30 43 49
29 43 51
30 43 50
30 42 51
