12 39 33
12 39 33
12 38 34
13 39 34
12 37 34
13 39 34
13 38 34
13 38 34
13 39 33
12 38 32
13 38 32
13 39 34
12 38 33
13 39 33
13 38 34
13 38 34
12 38 33
14 36 33
14 36 31
14 37 32
14 37 32
14 38 31
12 37 32
15 37 31
14 38 30
13 39 31
13 38 29
12 38 29
12 36 29
12 36 28
11 37 29
12 34 31
13 34 30
13 37 29
13 35 30
15 35 30
16 36 29
12 38 26
14 38 27
13 39 26
15 38 28
14 40 26
14 40 29
15 41 28
13 39 29
11 38 30
10 39 30
09 39 33
10 42 33
11 42 31
12 42 34
13 40 34
14 40 33
14 43 33
12 42 34
12 41 35
14 42 37
12 43 34
12 44 36
12 43 34
11 44 35
15 45 35
14 45 35
18 44 38
20 44 40
22 44 40
22 44 41
22 45 41
21 45 45
23 48 46
23 48 49
26 44 49
28 46 49
31 52 54
30 49 57
32 49 56
31 53 54
32 52 49
32 46 43
32 41 40
32 39 37
36 37 36
39 35 37
41 35 41
40 34 46
39 35 49
39 33 50
28 35 54
26 58 63
26 38 61
38 28 44
37 38 50
28 31 58
29 37 54
33 35 49
32 39 53
31 39 54
31 36 53
32 37 52
32 36 53
32 35 53
32 36 52
32 36 52
33 36 53
33 36 53
33 36 52
32 36 53
33 35 53
31 37 53
32 38 53
33 37 52
32 36 53
32 36 51
32 34 53
33 35 53
33 35 54
32 36 52
33 36 53
32 35 53
33 34 52
31 36 52
32 36 52
32 34 54
32 35 53
33 35 51
33 34 54
33 35 52
33 36 52
33 35 54
33 34 53
32 35 53
32 35 53
32 36 52
33 36 53
32 36 52
32 37 53
32 35 53
32 36 53
32 36 54
31 35 53
33 36 52
33 36 53
32 37 53
32 36 53
31 35 53
32 36 53
32 35 53
32 35 53
33 35 53
32 35 53
32 36 53
32 36 53
33 34 53
32 36 53
32 35 52
32 35 54
33 34 52
32 35 53
