18 33 38
18 47 38
19 47 38
17 47 37
19 46 38
18 46 39
18 47 38
18 47 37
19 47 38
17 47 38
18 47 37
17 47 38
18 47 38
19 47 37
18 48 38
18 47 38
19 47 37
18 46 37
18 47 38
19 47 36
19 47 38
18 46 37
17 47 38
18 47 37
19 47 38
19 46 37
18 48 38
18 46 37
18 46 37
18 46 37
19 47 36
19 46 36
17 46 35
18 47 36
18 48 35
18 47 36
19 47 34
20 47 34
19 45 34
19 44 33
19 44 34
18 45 34
16 46 35
15 44 35
16 44 34
17 44 34
17 44 34
17 45 34
18 45 34
17 46 34
17 46 32
16 46 33
17 49 32
17 47 31
19 46 30
18 48 30
19 48 30
20 47 29
18 48 28
20 49 30
19 48 31
18 50 32
17 50 34
17 51 35
17 52 38
17 53 36
18 52 35
19 53 35
21 50 35
19 50 37
19 54 42
21 53 45
21 44 41
24 52 37
24 55 34
22 53 33
23 51 37
25 51 39
26 53 40
25 54 38
26 55 36
28 55 36
29 53 38
29 51 40
31 49 42
33 48 41
33 52 43
32 50 44
32 49 45
32 51 45
33 53 46
35 48 46
36 45 46
36 46 44
36 44 41
35 47 43
37 46 42
36 48 44
35 54 48
35 45 43
37 50 44
39 49 43
41 47 40
40 49 38
38 53 41
38 55 42
38 51 40
38 49 41
35 50 44
34 48 45
32 48 45
30 49 45
28 49 47
28 46 47
25 46 49
25 45 51
27 48 48
29 48 45
29 48 44
28 51 43
27 51 43
27 48 44
28 46 46
27 47 45
29 48 44
28 50 44
29 49 45
28 50 43
27 50 44
29 50 44
29 50 45
30 49 46
29 49 46
29 48 46
30 49 45
31 49 45
30 50 44
28 49 46
28 49 45
28 48 46
30 48 46
28 49 45
28 48 45
29 49 45
28 48 45
29 48 43
28 48 44
28 50 44
28 49 44
28 49 44
30 49 44
30 49 45
28 49 45
30 48 44
30 47 46
30 48 45
28 49 45
28 48 45
28 50 44
29 49 44
29 50 44
29 50 45
29 49 44
29 49 45
29 49 44
29 49 44
29 49 45
29 49 45
30 48 45
29 48 45
28 47 45
29 49 45
28 47 45
29 49 44
29 49 45
29 48 44
28 47 45
29 49 45
29 47 45
28 48 45
29 48 45
29 48 44
29 48 44
28 49 45
29 48 45
29 49 46
28 48 45
29 48 45
28 48 45
29 48 45
28 48 46
28 49 46
29 47 46
30 47 45
28 48 45
28 47 45
30 48 45
29 48 46
30 48 45
29 48 45
28 49 45
28 49 44
29 48 45
28 49 45
