14 29 25
14 29 27
13 25 28
12 26 26
08 28 24
12 22 24
14 29 27
16 28 31
12 28 31
10 27 31
08 27 31
12 29 28
14 30 27
11 30 31
11 30 29
10 32 31
11 29 30
12 33 31
11 34 33
12 31 34
12 33 33
12 37 31
10 32 33
11 34 33
11 35 34
10 33 33
11 35 34
12 35 35
13 34 39
13 37 38
13 36 38
12 36 39
13 38 39
13 38 41
14 38 41
15 38 41
14 37 43
14 38 44
15 42 42
14 38 43
18 37 44
18 39 44
17 39 43
18 39 45
20 36 45
19 38 45
22 39 45
22 40 43
22 39 45
22 43 57
25 44 61
28 32 49
25 39 51
28 36 53
29 35 55
31 31 53
31 27 56
29 28 55
28 33 51
28 35 52
28 34 53
29 33 54
29 32 53
28 30 52
27 33 52
28 34 52
28 34 52
27 33 53
30 32 53
28 33 51
30 34 52
30 33 53
29 34 52
29 35 53
30 34 52
29 34 52
29 34 53
31 33 53
30 34 53
29 34 53
28 33 53
27 33 51
29 33 52
29 33 53
29 33 52
30 33 52
29 33 52
30 33 52
28 33 52
29 32 53
29 34 53
27 33 52
28 33 53
29 34 52
29 32 53
30 32 52
30 33 53
29 33 53
29 33 52
29 33 53
30 34 52
28 33 53
30 32 52
30 33 52
29 35 53
28 33 53
29 34 51
29 34 52
28 32 52
29 33 53
29 34 53
28 34 52
29 33 52
28 32 52
29 32 53
29 34 52
29 33 52
28 33 53
29 34 53
29 33 52
29 33 52
29 33 53
30 33 53
29 33 52
29 33 53
28 32 52
29 33 52
29 34 53
28 33 52
29 32 53
28 33 53
29 33 54
29 33 52
29 33 52
29 34 52
29 32 52
28 34 52
28 34 52
28 34 52
28 32 53
29 32 52
29 32 53
28 34 52
28 34 53
28 34 53
30 34 52
30 34 52
28 34 52
29 33 51
28 33 53
29 35 53
29 34 52
31 35 53
28 35 53
27 33 51