12 38 37
13 37 37
13 37 37
14 38 37
13 39 37
13 38 36
13 38 37
13 37 38
12 39 38
14 38 38
13 39 37
13 38 36
12 38 36
13 39 39
12 37 36
11 37 37
14 39 37
14 38 37
13 38 37
13 38 37
13 38 37
11 37 37
12 38 37
14 38 38
14 39 37
13 38 37
13 37 37
13 37 37
12 38 37
14 38 37
13 39 38
13 38 36
13 39 37
13 38 36
14 38 36
14 37 36
13 38 37
13 38 37
12 38 36
14 37 35
15 36 35
15 38 35
16 37 34
16 38 35
14 38 34
16 40 33
17 38 33
17 39 32
17 40 32
17 41 33
15 41 33
14 41 34
11 41 34
10 44 35
09 46 36
12 43 35
13 43 35
15 46 37
15 46 37
17 44 35
18 46 37
16 46 37
14 48 37
16 58 52
18 40 36
18 48 43
19 46 42
22 48 42
21 49 43
22 48 43
22 51 43
25 51 40
26 53 40
29 52 40
31 51 42
34 52 42
36 54 42
35 53 43
36 52 45
39 49 48
36 46 48
37 42 50
34 44 51
31 55 51
30 55 52
31 44 51
32 45 48
34 44 47
35 43 46
37 40 44
35 38 45
35 37 45
35 37 46
35 36 45
36 36 45
40 38 46
42 37 51
44 36 56
44 31 61
39 35 59
35 40 52
34 40 50
31 43 52
33 41 56
34 37 58
31 35 55
28 35 51
29 38 51
31 41 53
33 40 53
34 40 53
33 37 52
33 39 51
31 38 52
31 39 51
32 39 51
32 38 51
33 40 52
32 38 51
34 39 51
34 38 52
32 37 53
32 38 51
32 39 52
32 38 52
31 39 53
33 38 52
32 38 53
32 38 51
33 37 52
33 37 53
32 38 53
32 38 53
31 36 52
31 37 52
32 39 52
33 39 52
32 37 53
33 38 51
32 39 52
33 38 53
32 38 52
32 38 52
32 39 52
32 39 52
32 38 52
32 39 51
32 38 53
32 38 52
32 38 53
32 38 52
32 38 52
32 38 53
32 39 53
32 38 51
32 38 52
32 39 52
33 38 52
32 38 52
32 38 52
33 38 53
32 38 53
32 38 53
32 39 53
33 38 52
33 38 51
32 37 52
32 38 53
31 41 52
32 38 52
33 38 52
