30 53 35
31 53 35
31 52 35
31 52 36
30 52 35
31 53 34
30 54 36
31 53 35
31 53 35
31 53 35
31 53 35
31 52 36
30 53 35
31 52 35
32 52 35
30 52 36
31 54 35
30 53 35
30 52 35
30 51 34
30 53 34
29 51 34
30 52 34
29 52 33
28 52 33
27 52 33
27 52 32
27 51 32
29 49 32
28 49 31
28 50 31
28 50 28
27 49 29
27 49 28
26 50 27
26 50 28
26 51 28
24 53 29
24 54 29
24 51 28
24 50 29
25 50 30
25 51 30
24 52 30
24 52 30
25 54 28
24 56 29
24 54 30
25 52 30
25 54 30
24 55 31
24 52 31
24 52 31
23 52 32
22 53 33
22 54 34
23 52 34
25 52 32
27 52 30
28 56 29
28 54 27
29 55 28
28 52 29
30 54 30
30 53 30
30 54 31
32 53 31
34 55 30
34 55 33
34 54 35
34 54 38
36 54 39
36 52 40
37 51 43
36 52 43
39 52 43
38 51 42
38 46 43
37 45 44
37 46 44
36 48 46
37 46 48
40 45 51
40 41 51
42 38 49
40 40 48
39 44 47
38 43 49
37 41 47
35 39 46
35 41 49
36 39 52
36 39 50
34 37 48
33 37 51
34 41 54
33 41 57
31 43 59
30 39 54
28 37 49
29 40 47
27 41 48
29 42 53
33 42 56
36 40 55
34 39 52
33 39 50
31 41 52
32 41 52
33 37 51
33 38 51
32 38 51
33 40 52
33 38 52
32 39 51
33 39 52
33 40 52
32 40 52
32 40 52
33 38 52
32 39 52
33 39 51
33 40 52
33 39 53
31 38 52
31 38 52
32 41 52
32 42 53
32 39 51
33 39 52
33 40 51
32 40 52
32 40 52
33 41 51
32 40 52
32 41 51
33 38 51
32 39 52
31 38 52
32 40 51
32 39 51
33 39 51
32 39 52
33 40 52
33 40 51
33 40 51
33 40 52
32 39 50
32 39 50
32 40 52
33 39 51
31 39 52
32 39 53
32 40 51
31 40 51
32 40 52
32 40 53
32 41 52
33 40 52
33 40 51
32 38 52
32 39 51
33 40 51
33 39 51
32 39 51
33 39 52
32 40 52
33 39 52
33 39 51
32 38 52
32 40 51
32 40 51
32 39 51
33 40 51
33 40 53
32 40 51
32 39 51
33 39 51
32 41 51
