12 38 34
12 39 33
12 38 34
13 36 34
13 36 34
13 38 35
13 38 35
13 38 36
16 38 35
15 37 34
14 39 34
14 38 33
14 39 33
14 38 31
14 39 32
14 37 30
15 39 31
16 37 30
16 39 30
14 39 30
13 40 31
13 43 34
14 43 34
13 41 34
15 42 34
15 44 34
15 47 36
15 45 35
17 47 35
16 47 34
15 45 36
14 50 38
15 48 40
15 48 43
18 41 40
19 44 40
20 49 42
23 49 42
24 48 42
24 47 43
25 51 44
27 50 45
29 49 46
28 48 47
30 49 48
32 47 48
35 45 49
35 45 52
36 42 53
38 39 52
37 45 53
35 41 52
35 36 52
30 41 54
30 38 50
31 36 49
28 37 51
27 44 53
29 37 54
31 32 52
34 31 53
36 34 51
35 36 50
31 36 53
32 38 56
32 35 54
34 33 51
32 37 52
34 34 52
35 36 53
31 35 56
30 36 56
31 37 55
32 37 51
30 37 51
30 38 50
30 36 50
31 35 50
33 35 51
32 32 53
33 34 55
36 34 55
34 34 54
34 34 53
32 38 53
31 36 52
30 33 54
31 35 54
33 39 52
32 39 51
33 37 52
32 36 53
33 36 53
32 36 52
32 36 53
32 35 53
33 36 53
33 36 52
33 38 52
33 37 52
33 37 52
32 38 53
33 39 52
31 38 51
32 38 52
33 38 52
34 37 53
34 37 52
33 38 52
33 38 52
34 38 51
32 37 52
31 36 52
33 37 55
33 36 53
33 36 53
32 37 52
31 38 53
32 37 52
33 36 53
31 38 53
32 39 52
31 37 53
32 37 52
31 37 52
31 37 53
32 37 52
32 38 52
32 38 52
32 37 52
32 36 53
32 37 52
32 37 52
31 37 52
32 38 53
33 38 52
32 38 52
32 38 51
32 37 52
32 37 53
32 37 53
32 36 52
32 38 52
31 37 52
33 38 52
30 37 54
31 39 52
32 37 52
32 36 52
31 37 52
32 36 52
32 37 52
32 38 52
32 37 53
32 37 52