12 36 36
11 38 36
12 36 36
10 36 36
13 37 35
13 35 36
12 36 36
12 37 35
12 36 36
11 35 36
12 36 35
13 36 37
13 36 36
13 36 37
12 36 36
13 36 36
13 37 36
12 36 35
13 36 36
12 35 35
12 37 36
12 36 36
14 36 36
12 36 35
12 37 35
12 36 35
12 36 37
13 37 36
13 36 36
13 37 36
12 35 36
13 35 36
13 35 36
12 35 37
13 37 37
13 36 35
13 35 36
12 36 36
12 36 36
12 37 36
12 36 35
14 37 35
13 38 35
13 36 36
13 37 36
13 36 36
13 37 36
13 37 35
13 37 36
13 36 36
12 35 35
12 36 34
12 36 36
11 36 36
12 37 36
12 37 35
12 36 36
12 36 36
13 37 36
13 37 35
13 36 36
13 37 35
13 37 35
11 37 35
12 36 36
12 36 36
13 37 35
13 37 35
13 36 34
13 37 34
13 37 34
14 37 34
13 36 34
13 36 34
12 37 34
12 37 34
12 38 33
12 37 34
13 36 33
14 37 32
14 36 31
15 36 31
15 37 30
13 36 30
13 37 29
13 35 29
12 34 29
12 35 31
11 38 31
12 37 31
12 36 33
11 35 31
13 36 30
12 38 30
13 37 31
13 38 31
11 39 34
13 40 35
12 39 33
13 39 33
13 42 36
14 42 36
15 42 36
14 43 35
15 43 35
15 44 36
13 44 35
13 43 37
14 43 36
14 42 37
15 42 37
15 44 39
17 45 39
15 45 38
16 44 38
16 44 39
17 44 41
18 45 40
19 44 41
18 43 41
19 44 42
20 44 42
20 45 43
21 45 43
22 45 44
24 45 47
27 44 48
27 44 49
28 44 50
30 43 49
31 42 51
32 41 51
34 42 52
35 43 52
34 44 53
34 43 53
34 43 53
33 41 54
34 41 54
33 40 51
33 41 50
34 42 49
33 41 48
33 41 49
33 40 48
32 40 49
32 37 50
35 37 51
36 38 54
34 35 62
34 29 58
31 32 51
29 39 51
30 39 52
34 38 52
34 37 52
34 39 51
33 38 52
32 38 53
32 38 54
32 36 52
32 38 53
32 36 54
31 36 53
32 37 52
32 37 52
32 37 53
31 39 52
32 40 52
33 39 52
32 38 52
32 38 53
33 37 52
32 38 52
32 38 53
32 38 52
33 39 52
33 39 53
34 40 53
34 39 52
34 39 51
33 39 53
33 39 52
32 38 52
33 39 52
33 39 52
34 39 52
32 40 52
33 40 52
33 39 52
33 39 52
33 40 52
32 39 53
35 39 52
33 39 53
33 40 51
32 38 53
34 39 51
34 39 53
34 39 52
34 39 51
33 40 53
33 39 52
33 38 52
34 38 53
34 40 53
34 39 52
33 40 52
33 40 51
34 40 52
34 39 52
33 39 53
35 39 52
34 39 53
34 40 52
36 40 53
33 40 52
33 39 51
32 40 52
33 39 53
33 39 52
33 39 51
33 39 51
33 40 52
34 40 52
32 41 51
33 40 52
33 40 52
34 39 52
33 40 52
32 39 52
33 39 52
34 39 52
33 39 53
32 39 52
34 39 52
34 39 52
34 41 51
34 38 52
33 40 53
33 39 51
33 40 52
33 39 51
33 39 52
34 39 52
34 39 52
33 40 53
33 40 52
33 39 52
34 40 53
33 39 52
34 40 52
32 39 52
34 40 52
33 40 52
33 39 51
33 39 51
33 39 52
32 39 52
34 38 52
33 40 51
32 40 52
33 39 52
34 39 52
33 40 52
34 39 51
34 39 52
34 39 51
32 39 52
32 40 52
33 38 52
33 39 51
33 39 52
34 40 52
34 39 52
33 40 51
33 38 53
33 39 52
34 39 52
34 40 51
34 39 52
32 39 51
33 39 51
34 39 52
34 38 53
32 40 53
34 40 51
34 38 52
32 39 52
34 40 52
33 39 53
34 39 51
33 40 52
34 40 52
34 38 52
33 38 52
34 40 52
34 39 52
34 40 52
33 39 52
34 40 52
34 40 51
33 40 53
33 38 52
34 39 51
32 39 52
33 39 52
33 39 52
33 39 52
33 39 52
33 39 52
33 39 52
34 39 52
33 39 52
33 39 51
33 39 51
33 39 52
34 39 51
34 39 52
34 39 52
34 38 53
33 40 51
32 39 52
34 39 53
34 39 51
34 39 52
34 40 52
34 40 52
33 40 52
33 40 51
34 41 52
33 39 51
33 40 51
35 39 51
35 39 52
33 40 52
34 41 52
34 40 51
33 40 52
34 39 52
34 40 52
34 39 52
33 40 53
34 38 51
33 39 53
34 39 51
33 39 51
33 39 53
34 40 52
34 40 51
33 40 52
33 40 52
34 38 51
34 38 52
33 39 52
33 39 53
33 40 51
34 40 53
34 40 52
34 39 52
34 39 52
