11 33 34
10 33 34
13 34 34
13 36 35
12 35 35
12 34 34
10 33 32
12 34 33
11 33 33
13 35 32
13 33 33
11 36 34
13 36 34
12 36 35
12 36 35
11 37 35
12 37 35
14 35 34
13 38 36
11 39 35
10 36 35
12 38 36
11 35 34
11 36 34
11 36 35
11 36 35
12 36 34
12 36 35
13 37 34
13 36 36
13 36 36
13 36 35
13 36 35
13 36 35
12 38 35
11 37 35
11 36 35
12 37 35
13 37 34
13 37 35
12 38 34
11 38 35
13 38 34
12 38 35
13 37 35
12 38 35
13 38 33
14 38 35
13 36 35
14 38 35
12 36 33
13 36 34
13 36 35
13 36 34
14 36 33
12 37 34
12 36 33
12 35 32
12 36 33
14 36 31
14 37 31
14 34 31
16 35 31
18 35 30
18 37 31
18 37 31
16 37 31
16 37 29
13 37 29
11 39 31
11 36 30
11 36 30
10 35 32
11 34 31
11 35 32
11 32 30
13 35 33
13 43 39
08 47 33
15 51 37
13 53 43
13 42 40
15 51 42
25 58 48
14 36 53
19 39 61
24 37 63
22 40 63
22 34 62
23 44 57
21 38 53
23 26 49
21 29 38
19 36 38
20 39 46
26 34 46
29 31 49
33 30 47
35 33 48
35 34 47
34 34 42
34 36 41
35 40 42
32 39 46
31 38 44
27 36 44
24 39 46
21 36 47
09 48 63
19 24 63
24 29 49
25 38 38
27 40 38
28 43 43
29 41 54
25 38 61
24 31 56
23 33 50
25 33 47
22 36 47
24 35 51
24 35 55
24 34 52
26 34 51
25 36 52
26 38 51
26 34 49
24 35 51
22 34 53
24 32 53
24 33 52
24 35 52
24 36 49
23 36 47
23 38 49
24 35 50
22 34 48
23 36 52
22 40 59
22 30 54
26 30 47
25 32 48
25 35 51
25 33 51
24 33 51
24 33 50
23 33 51
24 32 53
24 31 52
23 35 53
22 30 51
28 36 51
27 41 54
26 39 50
26 36 46
24 38 47
24 40 48
24 40 50
20 44 50
21 51 51
25 44 48
27 34 48
27 35 50
27 35 51
26 37 50
24 39 52
25 40 50
24 38 50
25 39 50
25 39 51
25 39 51
24 37 50
26 38 50
26 38 51
24 39 50
25 38 50
24 39 50
25 38 51
25 38 52
24 38 52
24 39 50
24 37 49
24 38 50
26 38 50
24 39 50
24 38 50
24 40 50
25 39 50
24 37 50
25 39 50
24 38 50
24 39 50
25 38 50
24 39 52
25 39 49
24 39 49
24 39 50
25 39 51
24 39 50
24 38 51
24 40 50
24 40 50
25 38 50
24 39 50
25 39 50
23 40 49
25 38 50
24 39 51
24 39 51
24 40 50
25 38 50
24 39 50
23 38 50
24 39 50
25 39 50
24 39 51
25 38 50
24 38 49
24 39 50
24 39 50
24 39 50
24 37 50
23 39 50
