13 35 38
12 36 36
12 36 36
13 36 36
13 36 37
13 36 36
13 36 37
11 35 37
12 36 38
12 36 37
13 36 37
13 37 37
13 36 37
13 36 37
14 36 37
14 36 36
14 36 36
13 36 36
13 36 37
12 36 37
12 37 37
13 37 38
13 35 37
12 36 37
13 35 36
12 35 37
13 35 37
13 35 36
12 35 37
13 36 37
12 35 37
12 36 36
13 36 37
13 36 37
13 36 37
12 35 38
13 36 37
13 36 35
12 36 36
12 36 36
12 36 36
12 35 36
12 35 36
13 36 37
12 36 36
13 36 36
13 36 37
13 36 36
12 35 36
12 34 36
12 36 37
13 36 37
12 36 37
12 36 37
12 36 36
12 36 37
14 35 37
13 36 37
11 36 36
12 36 37
13 35 37
11 35 37
12 35 37
13 37 37
13 37 37
12 35 36
12 35 36
13 36 36
11 36 37
12 35 36
13 36 36
12 37 35
12 36 37
13 37 36
12 35 36
13 35 36
13 36 36
13 35 37
12 35 36
12 36 37
12 35 36
12 37 37
11 37 37
13 36 36
12 35 36
14 35 36
12 36 35
13 36 36
12 36 36
12 35 37
13 36 37
12 37 35
13 34 36
13 35 37
12 35 35
12 35 35
12 36 36
13 36 35
12 35 35
11 36 35
11 35 34
12 36 34
12 36 35
12 36 34
13 38 35
13 35 33
14 37 33
14 37 33
16 36 33
16 36 32
18 37 32
18 38 33
16 37 33
14 36 32
12 37 32
12 37 33
15 37 31
06 36 33
14 43 50
19 37 29
17 36 34
12 41 43
14 40 36
12 41 38
11 45 35
14 45 37
15 44 40
18 42 38
17 44 38
15 46 38
16 45 42
18 45 43
18 46 44
21 44 43
21 47 45
22 46 47
25 44 47
26 47 48
27 45 51
28 46 51
30 45 52
31 45 52
32 45 52
31 46 53
30 47 52
34 45 50
30 44 47
30 44 47
28 43 47
24 41 48
23 44 49
23 45 50
25 41 50
26 43 49
28 42 49
29 44 51
29 44 52
28 43 50
28 44 49
28 44 50
27 43 51
26 43 50
29 41 48
29 43 50
30 43 50
29 44 50
31 43 49
30 43 49
29 44 50
29 43 49
29 44 49
28 44 49
27 43 50
27 42 49
28 42 50
29 44 49
27 43 49
27 44 49
29 43 49
30 43 50
30 43 50
30 45 50
28 45 49
29 43 49
30 44 49
29 43 49
30 45 48
28 44 48
29 44 50
28 44 50
29 44 49
28 44 50
28 43 50
29 43 49
29 43 50
29 43 50
29 43 49
28 44 49
29 44 50
29 44 48
30 44 49
29 43 49
29 43 49
29 43 49
29 45 49
29 43 50
28 44 49
28 43 49
29 44 50
28 43 50
30 44 50
29 44 49
28 44 49
29 45 49
28 42 48
29 44 49
29 43 49
28 45 50
29 44 49
29 44 49
29 44 49
29 43 50
29 45 50
29 43 50
28 42 50
29 43 49
29 44 49
29 44 49
29 44 50
27 44 49
29 44 50
29 44 49
29 43 49
29 44 49
29 44 50
28 44 50
29 44 49
30 44 49
28 44 49
29 44 50
28 44 50
29 44 48
29 43 50
29 44 50
30 44 49
29 45 49
28 44 50
29 44 49
29 43 49
28 44 49
28 44 50
28 44 50
27 43 49
29 43 49
30 46 50
30 44 49
29 44 50
28 43 49
29 44 49
28 43 50
28 43 50
29 43 50
30 45 50
30 44 50
29 44 48
29 43 48
29 44 50
29 43 49
29 44 49
28 43 49
28 43 49
29 45 50
29 44 49
28 43 49
29 43 49
30 44 48
30 43 49
29 43 49
29 43 49
29 44 50
29 44 50
29 44 50
30 43 49
29 43 49
29 44 49
30 43 49
28 45 50
29 43 48
29 44 49
29 44 50
30 43 49
30 45 48
29 44 49
28 44 49
29 44 50
29 43 49
29 42 49
28 45 50
29 44 49
29 43 49
30 44 49
29 43 49
30 44 50
29 42 49
29 44 49
29 43 50
30 43 49
29 44 49
29 44 49
29 43 50
29 43 49
30 43 49
29 45 50
29 43 49
29 43 50
28 44 49
28 44 49
29 45 49
28 44 49
29 45 49
29 43 49
30 44 50
29 44 49
