12 38 33
12 38 33
13 38 34
11 38 34
13 36 34
12 37 35
12 37 34
13 38 34
12 38 34
12 37 34
11 37 34
12 38 34
12 37 34
12 38 34
13 38 34
13 38 33
12 38 34
12 38 35
12 38 34
13 39 34
13 37 33
11 37 34
11 37 33
14 38 35
12 37 35
12 37 34
12 38 34
12 38 33
12 37 34
13 38 35
12 37 35
12 37 32
12 37 34
12 37 35
12 38 33
12 38 34
13 37 35
12 38 34
12 38 34
12 37 35
12 38 35
12 37 34
12 37 34
11 38 34
11 38 34
11 37 34
12 37 34
12 39 34
13 38 34
12 38 35
12 38 34
11 38 34
12 38 34
13 38 33
13 39 34
13 39 33
14 38 32
13 37 32
14 38 32
15 38 31
16 39 31
17 38 31
15 37 30
15 37 29
16 36 30
16 35 31
14 35 32
13 39 31
11 38 31
09 39 30
10 42 30
06 43 34
09 47 40
15 43 36
19 37 35
19 49 45
24 43 37
20 46 36
18 45 38
19 44 38
15 39 38
12 40 37
14 45 36
18 42 38
21 43 38
22 45 37
20 44 41
18 48 45
16 49 57
19 53 63
29 53 60
32 52 57
32 46 53
33 43 54
36 41 56
40 40 49
41 43 46
43 43 49
46 37 47
44 43 50
44 50 55
43 50 47
43 41 45
39 45 47
38 50 48
39 41 45
36 42 44
33 48 46
28 51 48
29 41 48
26 38 47
21 44 46
21 41 47
23 35 46
25 31 47
26 35 49
24 33 49
26 40 55
25 41 60
25 44 56
25 35 51
26 37 49
27 44 51
27 43 50
29 45 49
29 45 48
29 46 47
29 44 48
28 47 48
29 46 46
28 45 47
28 46 47
28 47 47
27 45 49
28 46 47
26 45 49
28 45 50
27 44 48
27 45 48
27 45 48
27 45 48
27 45 47
28 44 47
27 47 47
26 45 48
27 44 48
28 45 48
29 45 47
28 46 48
27 44 48
27 44 48
25 46 48
27 44 48
27 44 49
26 44 47
27 45 49
27 45 49
27 45 48
27 45 48
26 45 47
27 45 48
27 45 48
26 44 48
27 45 48
27 46 48
27 45 48
28 45 47
27 45 47
27 45 47
27 44 48
27 46 48
26 46 48
27 44 48
27 45 48
28 45 48
28 45 48
28 46 48
27 44 48
27 46 48
28 46 49
29 46 47
26 44 47
26 44 49
27 45 48
27 45 48
27 45 48
27 45 49
27 45 47
