11 33 27
11 32 27
11 32 28
11 33 28
11 32 28
10 32 29
12 32 29
12 34 28
12 32 28
12 33 28
12 33 28
11 33 28
11 33 29
11 33 29
12 33 29
11 33 30
11 35 31
11 35 30
11 34 30
10 35 30
11 34 31
12 34 29
12 35 30
11 35 30
13 34 30
13 34 31
12 35 31
13 35 30
13 35 31
14 36 31
12 34 31
10 36 31
10 36 33
11 35 33
11 36 32
11 36 32
12 34 32
14 36 31
12 37 32
13 36 31
11 38 32
10 37 31
12 37 32
11 36 33
11 35 33
11 37 33
12 37 32
13 36 32
11 37 32
12 38 34
13 36 33
12 37 33
12 37 32
11 37 33
12 36 33
12 35 34
13 37 34
13 37 34
12 37 33
12 38 33
12 38 34
12 38 33
12 37 33
11 38 34
11 38 33
12 39 33
11 37 33
12 37 34
12 37 34
13 36 32
13 36 33
12 36 33
13 35 33
13 36 33
12 36 32
11 35 34
10 36 32
11 35 32
12 36 32
11 35 33
12 34 32
11 34 32
11 36 32
13 34 31
12 33 32
11 34 31
12 34 32
11 33 32
11 32 31
12 31 31
11 30 31
12 32 32
10 30 30
12 30 30
14 29 29
14 29 29
15 30 28
14 30 27
13 30 27
11 29 26
10 30 26
12 28 27
13 27 27
12 27 27
13 28 28
10 26 27
12 25 28
12 25 27
12 24 27
12 24 26
13 24 27
12 23 26
13 24 26
13 24 27
13 23 27
12 23 25
12 23 26
14 22 25
14 22 25
17 22 23
12 24 22
15 22 27
13 24 24
14 22 25
14 23 26
09 18 22
10 21 26
14 28 28
11 25 29
12 31 27
11 32 24
13 29 22
14 26 20
11 30 29
12 30 28
11 31 29
14 31 26
12 29 29
06 31 33
11 32 29
12 37 30
12 34 30
12 34 28
12 35 27
10 33 29
12 30 27
12 36 29
10 34 31
12 34 32
12 35 31
12 35 33
12 40 30
12 37 33
12 35 35
12 39 36
13 40 35
13 41 35
13 42 38
16 42 40
15 40 45
16 38 38
14 44 40
16 41 41
18 40 43
19 41 43
20 39 42
23 43 42
23 52 43
24 55 47
25 52 41
25 50 44
26 48 44
25 40 44
25 35 46
23 44 50
23 30 49
26 36 49
25 40 50
23 44 51
22 41 50
24 44 50
25 47 47
26 47 46
23 48 46
23 46 45
24 45 46
23 47 50
24 41 48
23 42 51
23 41 50
22 45 54
24 43 50
25 43 48
25 46 48
25 45 47
26 44 47
25 43 48
23 42 46
24 42 46
24 44 48
24 43 48
24 42 48
23 42 48
25 43 48
24 42 48
25 43 48
24 43 48
24 42 48
23 43 48
25 43 48
23 43 48
23 43 47
26 43 48
25 42 49
24 42 48
25 44 48
25 43 48
22 42 48
24 43 49
25 43 48
25 42 48
24 42 48
23 43 47
24 43 48
24 43 47
24 44 48
25 44 48
24 42 48
23 43 48
24 42 48
25 43 48
24 44 48
24 43 48
24 43 48
23 43 47
24 42 48
25 43 48
25 43 48
25 43 49
24 43 48
25 43 48
23 44 49
24 43 48
24 44 48
24 42 48
23 43 48
25 42 47
24 43 48
25 43 48
24 42 48
24 43 48
24 43 48
25 42 48
23 41 48
23 43 49
24 43 49
24 43 48
24 43 47
25 43 47
25 43 48
24 41 48
23 42 48
25 42 47
23 43 48
23 43 48
24 42 49
24 43 47
24 43 48
23 43 48
23 43 47