12 36 34
13 35 34
13 36 33
13 36 34
13 34 35
14 35 34
13 36 33
13 34 33
12 35 33
12 34 33
13 34 32
13 33 32
12 34 32
13 34 33
14 32 32
14 32 33
14 32 32
13 32 33
15 29 30
13 31 30
13 35 32
12 36 30
11 31 28
11 30 29
10 31 28
12 29 29
12 28 29
10 31 29
08 30 30
08 30 32
10 33 32
08 35 28
08 41 32
09 37 35
13 33 36
17 32 35
21 33 34
20 44 36
17 44 37
14 37 42
16 36 47
23 35 50
23 52 52
23 50 63
16 26 61
22 29 47
29 29 43
26 33 46
25 45 45
33 43 54
31 41 56
26 33 57
30 28 52
30 30 51
31 35 54
29 34 55
30 34 53
29 35 50
29 37 52
28 35 52
28 32 53
27 33 52
30 37 53
31 40 53
30 38 53
29 37 53
28 34 52
31 35 52
33 36 53
31 36 54
31 36 52
28 36 53
29 37 52
29 36 52
30 35 52
30 35 54
29 34 53
29 36 52
28 35 52
30 34 52
29 33 53
30 35 52
30 34 52
31 34 52
30 35 52
30 35 54
29 34 52
29 36 52
29 34 53
28 34 52
31 34 53
30 34 53
30 37 53
31 35 51
29 37 52
29 35 53
37 34 53
21 35 52
28 38 52
32 35 53
32 35 54
29 34 52
28 37 53
29 36 52
29 33 53
30 33 54
28 37 52
28 40 51
28 39 51
29 36 52
30 36 53
29 36 53
29 37 52
29 36 52
28 37 52
28 37 51
28 37 52
29 37 52
28 36 52
29 37 53
29 37 52
31 36 52
30 39 53
30 40 53
28 39 51
25 41 50
24 39 52
27 41 51
28 38 51
28 37 52
28 38 51
29 39 51
29 39 51
28 38 52
29 37 52
28 37 52
30 41 51
30 42 52
29 39 51
27 39 51
29 38 52
30 39 52
29 39 52
29 39 52
28 38 51
29 38 52
28 37 52
28 40 51
28 39 51
28 39 51
29 39 52
27 39 51
27 39 52
28 38 50
28 39 51