11 39 35
11 39 35
11 37 34
12 38 34
12 38 34
13 38 34
12 37 33
11 36 34
11 37 35
13 38 34
12 38 34
13 38 34
13 38 35
12 39 34
12 39 35
13 39 34
11 40 35
12 39 34
11 39 35
12 38 34
13 38 33
13 38 33
13 37 33
12 39 34
11 37 34
10 37 35
12 37 34
11 37 34
12 36 34
12 37 34
12 38 34
13 38 35
10 37 34
13 37 34
12 37 34
13 38 34
13 37 34
12 38 34
13 39 33
13 37 33
13 36 33
13 38 32
14 37 32
14 36 31
16 37 31
17 37 31
16 36 30
16 36 29
12 33 25
10 29 22
09 31 23
06 36 23
06 40 35
05 50 43
18 35 35
18 38 37
13 53 39
14 48 31
14 45 26
13 45 30
15 40 31
18 41 33
16 42 32
17 41 30
16 40 32
16 39 29
16 37 26
05 38 37
08 40 30
17 44 27
23 45 32
15 43 34
15 45 36
14 47 45
08 52 53
14 52 60
22 53 62
27 51 60
24 49 55
31 42 49
28 38 44
28 39 45
28 43 44
30 43 44
28 46 46
29 47 50
28 49 55
30 47 53
29 45 51
32 43 49
32 43 49
31 44 48
29 42 45
31 45 47
31 45 51
32 44 52
31 47 49
30 45 50
31 43 50
29 45 49
30 44 50
29 44 50
29 42 52
31 45 51
34 43 53
34 47 51
33 45 50
36 45 55
38 44 53
40 42 52
39 50 44
43 41 46
37 45 48
37 46 45
30 46 44
30 45 45
29 48 42
25 48 44
26 47 45
25 45 44
26 43 45
26 39 45
24 41 44
26 43 44
23 48 43
25 46 43
23 51 42
23 54 40
26 60 38
27 56 38
27 50 38
25 52 38
23 51 42
26 52 43
26 52 42
27 54 39
27 53 39
27 53 39
27 54 38
26 53 37
24 51 37
26 52 37
27 51 38
27 51 41
27 51 40
28 50 40
27 51 40
27 52 39
27 51 40
26 51 40
29 52 39
28 51 40
27 51 40
28 49 41
28 52 40
28 51 41
28 49 41
27 49 40
27 53 40
27 53 39
27 51 39
28 51 40
28 50 39
27 53 40
28 51 40
27 51 40
26 51 40
26 52 40
27 51 40
27 51 40
27 52 39
27 50 40
27 51 40
28 50 41
28 51 40
27 50 41
26 52 41
28 52 41
28 52 40
26 51 41
27 50 40
27 51 41
27 51 41
26 51 39
28 50 41
27 51 40
27 51 40
27 52 41
27 51 40
28 50 41
27 51 40
27 51 41
28 52 41
28 50 41
27 51 41
27 52 40
27 51 40
27 50 41
28 52 41
27 51 41
28 51 41
27 50 41
28 50 40
27 51 40
28 50 41
28 51 41
27 51 42
26 51 41
27 51 41
