13 36 34
13 36 34
05 13 36
12 36 35
13 37 35
12 36 36
13 37 35
11 36 34
12 36 35
12 36 35
12 36 34
12 36 34
13 36 34
12 37 35
13 37 34
13 35 35
12 38 35
12 36 35
12 36 36
12 36 34
11 36 36
12 37 35
12 37 35
12 36 35
12 36 36
12 36 36
12 37 34
13 36 35
14 37 35
12 35 36
13 37 34
12 37 35
13 37 35
12 36 34
12 36 35
12 36 35
12 36 35
11 36 35
14 36 34
12 36 34
13 37 34
11 36 34
13 36 35
12 35 35
13 37 36
13 37 35
12 37 35
11 37 35
11 37 35
12 37 35
13 36 35
13 36 34
13 36 34
12 37 35
12 37 35
11 36 36
12 37 34
12 36 35
12 37 35
13 37 36
13 37 35
12 35 34
13 36 34
13 36 35
13 36 35
12 37 34
12 36 35
13 36 36
13 36 35
12 36 35
12 36 35
12 37 35
12 36 35
14 37 35
13 37 34
13 36 35
13 36 35
13 36 35
13 36 35
12 36 35
13 36 34
11 38 35
12 36 35
13 36 35
12 37 34
11 36 36
12 36 35
12 36 35
12 37 35
11 36 34
12 36 36
12 37 35
12 37 34
12 37 34
11 37 35
13 37 35
13 37 34
12 37 34
14 36 33
12 37 34
12 36 34
12 36 32
13 36 33
14 36 32
13 36 33
13 36 32
13 36 32
15 37 32
14 35 31
15 36 30
15 34 30
16 35 31
15 35 33
15 39 32
16 38 32
16 35 30
13 37 30
09 42 31
02 45 46
13 37 35
16 46 36
13 47 40
15 42 36
15 42 39
18 41 39
16 41 39
16 43 38
15 45 39
15 46 38
16 45 38
18 45 39
20 47 41
21 48 44
22 45 46
25 48 46
27 47 48
28 48 51
29 49 52
28 48 52
28 47 50
29 47 49
27 47 50
29 46 48
28 44 47
29 45 46
28 42 47
28 42 46
27 42 48
27 42 50
28 43 51
29 44 49
29 45 49
29 46 49
29 46 48
31 44 50
32 45 50
30 45 49
32 45 50
32 44 49
31 43 47
29 46 47
28 45 48
28 45 47
28 43 50
28 44 49
30 45 50
30 43 50
31 44 51
30 43 50
30 44 49
29 45 49
30 44 49
30 45 49
29 45 49
31 43 49
29 44 49
29 45 49
30 44 49
29 45 48
30 45 49
30 44 49
30 43 48
31 45 48
30 45 49
31 47 50
29 45 49
29 45 48
30 45 48
30 46 49
30 45 48
30 45 48
30 45 49
30 45 48
30 47 49
31 45 49
30 46 49
30 46 49
29 46 48
31 46 49
30 47 49
31 46 49
31 45 49
30 44 49
30 44 50
30 44 49
30 45 48
30 45 48
31 45 49
31 45 49
29 45 49
28 44 49
30 44 48
29 45 49
30 43 48
30 45 49
30 45 49
31 44 49
29 44 49
29 46 50
29 45 47
30 44 48
30 43 49
29 44 48
29 45 50
30 45 50
30 44 51
30 44 49
31 46 49
29 46 49
29 46 47
29 46 48
28 44 48
29 45 48
30 46 48
31 45 48
31 47 48
29 45 49
29 45 48
28 44 49
29 45 49
31 45 49
28 44 48
29 44 50
30 45 48
30 45 48
31 46 49
29 45 48
30 45 48
30 45 48
29 44 48
31 46 49
30 46 49
30 45 48
30 46 48
30 45 49
28 45 49
29 45 48
29 44 48
30 45 49
29 46 48
31 45 49
30 44 49
29 44 48
31 46 49
30 46 49
29 46 49
30 45 49
29 45 49
29 46 48
30 46 49
30 47 49
30 46 49
31 45 48
30 45 48
31 45 48
30 46 49
29 45 48
29 46 49
29 44 48
28 45 49
30 46 48
29 45 48
31 45 49
30 46 48
30 45 48
29 45 49
29 44 49
29 45 48
29 45 48
30 47 49
30 45 49
30 46 48
30 45 49
29 45 49
28 45 48
30 45 48
29 47 49
30 46 49
29 45 47
31 46 49
29 45 48
31 46 48
30 45 49
30 45 48
29 45 49
29 44 49
30 46 48
29 46 49
29 46 49
29 46 48
29 45 48
30 45 49
29 46 48
30 45 49
30 45 48
29 45 48
30 45 49
30 46 49
30 46 49
29 45 49
29 46 47
30 46 47
29 45 48
30 45 48
30 45 48
30 45 48
29 44 48
29 45 48
30 44 49
30 45 48
29 45 48
29 45 48
30 45 49
29 45 48
29 46 48
31 46 48
30 45 49
29 45 48
29 47 48
30 46 48
30 45 48
30 45 49
31 45 49
29 46 48
30 45 48
29 46 48
29 46 49
29 45 49
30 45 48
30 45 48
30 46 47
30 44 48
30 45 48
30 47 49
29 46 48
30 45 48
29 45 48
30 44 49
29 45 48
31 46 49
31 47 48
31 46 49
29 45 49
30 46 48
31 45 48
29 43 47
