13 32 31
13 34 32
12 35 33
13 34 32
13 35 33
13 36 32
12 34 34
12 35 33
11 35 35
12 35 34
11 35 34
12 34 35
13 35 35
12 35 34
12 35 34
12 34 35
11 33 34
13 34 34
12 34 34
12 35 34
11 36 36
12 36 34
13 34 34
13 35 35
13 34 35
13 36 35
12 36 35
12 35 35
12 35 35
13 35 36
11 35 35
11 35 35
13 35 35
13 36 35
12 35 34
12 36 35
12 35 35
12 35 35
12 35 34
11 37 35
10 37 34
12 36 35
12 35 35
12 35 34
12 36 35
13 35 35
13 36 35
12 36 36
12 35 34
12 34 34
13 35 35
11 34 34
13 36 34
15 34 34
13 33 33
13 34 33
16 32 33
16 34 33
16 33 32
16 33 31
17 33 32
16 36 30
15 38 31
16 36 32
15 35 30
15 32 29
12 32 28
10 31 27
09 32 29
06 38 31
10 36 32
05 40 32
07 36 28
09 39 33
09 41 33
13 41 32
13 41 34
17 39 36
17 41 37
19 42 40
20 44 42
18 47 46
19 46 47
17 39 47
20 41 53
24 45 55
22 41 58
24 36 53
26 37 49
25 36 51
26 37 47
27 35 48
27 38 52
27 39 52
28 38 50
28 41 51
24 40 54
25 37 53
24 37 49
23 39 50
20 38 51
20 35 48
19 35 49
19 36 51
23 37 50
23 40 53
21 38 53
17 39 50
17 38 54
15 39 49
16 38 45
22 35 42
18 44 43
22 36 44
23 36 42
24 38 44
23 38 45
24 38 48
27 43 52
25 45 56
26 34 50
24 35 51
21 39 54
20 35 52
23 36 53
22 34 53
22 37 53
24 37 49
22 37 48
23 37 49
23 35 49
25 36 51
25 36 53
26 36 52
28 34 53
31 32 54
32 34 54
32 43 57
25 35 49
26 35 50
28 34 54
31 37 55
34 35 51
38 33 48
39 37 50
36 42 55
33 39 52
30 37 53
26 35 54
26 37 51
25 38 50
25 41 51
29 40 52
31 39 52
29 38 53
29 37 52
29 37 52
30 37 52
29 39 51
32 38 52
30 39 52
30 38 53
29 36 53
29 37 52
29 38 51
29 39 53
30 40 52
29 40 51
30 39 52
30 39 52
29 39 52
29 40 52
29 40 52
29 39 51
29 39 51
28 39 51
29 40 52
29 41 52
29 40 52
30 38 52
30 37 52
28 37 51
30 38 52
29 38 52
30 39 51
30 39 51
30 39 52
30 39 52
29 38 52
30 39 52
29 40 51
30 40 52
28 40 51
28 39 52
28 39 52
30 38 53
30 38 52
29 38 51
29 40 52
28 40 52
30 39 53
29 37 51
30 37 53
29 38 52
29 38 52
30 39 52
30 37 52
30 38 52
29 40 51
30 41 52
30 39 52
29 38 52
30 38 53
30 40 52
29 39 52
30 39 52
30 40 52
30 39 52
30 38 52
29 38 51
31 39 53
30 38 51
31 39 51
31 41 51
31 38 51
31 40 52
30 39 52
30 38 53
