13 38 37
13 38 37
12 38 37
13 39 38
13 38 37
12 38 37
13 38 37
13 39 38
13 37 38
13 38 36
12 38 36
13 37 36
14 38 35
15 37 36
13 39 36
12 39 36
13 37 36
12 38 36
14 38 37
13 37 36
13 38 36
14 38 36
13 39 36
13 38 36
13 39 36
13 39 36
12 39 37
13 39 37
14 39 38
12 40 36
13 40 35
15 41 34
14 41 35
16 40 35
14 39 33
15 39 34
17 39 34
16 38 35
16 38 34
16 38 32
15 39 32
15 39 32
14 40 31
14 39 32
14 39 32
12 39 33
13 40 32
13 42 32
14 43 31
15 41 30
13 43 28
14 42 28
15 44 29
14 43 32
14 43 33
15 40 33
13 38 29
14 47 33
12 43 34
12 44 33
14 49 35
15 46 39
14 45 40
17 46 42
18 45 41
18 47 41
20 48 40
22 47 42
23 50 42
25 49 43
28 49 43
31 49 44
32 49 46
35 51 47
37 51 45
38 50 46
40 49 46
45 45 48
46 43 51
46 42 50
42 41 50
37 43 51
30 46 53
27 44 49
24 48 51
27 46 48
32 41 49
34 37 50
40 35 51
38 36 52
37 38 53
38 34 52
38 35 52
40 36 50
41 33 50
41 32 48
38 33 48
36 33 48
36 36 49
34 34 49
33 36 48
31 39 49
31 45 55
28 43 63
32 34 62
36 31 54
33 35 52
31 36 52
33 36 51
31 36 52
30 37 54
30 36 52
28 35 52
29 37 53
31 36 54
31 36 53
32 37 52
31 36 54
32 37 52
32 36 52
32 38 52
33 37 51
30 36 52
30 37 53
32 35 53
31 37 52
31 36 53
32 38 52
31 37 53
31 36 53
32 37 53
31 37 53
31 37 52
32 36 52
30 37 52
30 37 54
31 37 52
32 37 53
32 36 52
32 37 52
32 38 52
32 37 52
32 38 52
31 36 53
31 37 52
30 36 54
31 36 52
31 38 53
30 37 52
30 37 53
31 36 53
30 36 52
31 36 52
31 35 53
31 36 52
31 37 53
31 36 52
31 37 53
31 36 52
32 36 52
30 38 52
32 36 52
31 37 53
30 36 53
31 37 51
31 36 52
32 37 53
31 36 53
32 37 52
31 37 53
