12 39 34
12 38 33
14 38 35
12 39 34
13 40 34
13 38 35
11 38 34
13 38 34
12 38 34
12 39 33
12 38 34
11 38 34
12 38 33
12 40 34
12 38 33
12 38 35
12 39 34
12 38 34
14 39 34
12 38 33
13 38 33
14 39 34
13 38 34
12 38 34
13 39 34
13 38 34
13 39 35
12 39 34
14 39 34
13 39 34
12 39 34
13 39 34
12 39 34
13 38 34
13 38 33
13 39 34
13 38 34
12 38 34
13 38 35
12 38 34
13 39 34
12 38 35
13 39 34
13 40 35
12 38 34
13 38 33
13 38 34
12 39 35
12 39 34
12 39 34
12 39 34
12 40 34
13 39 34
13 38 34
13 39 33
13 39 34
12 39 34
12 39 33
13 38 33
14 39 34
13 38 33
13 40 34
14 38 33
13 38 34
12 39 35
13 37 34
13 38 34
14 39 34
13 39 35
13 39 35
13 39 35
12 40 34
13 39 34
12 39 34
12 39 34
12 39 34
13 39 34
12 39 33
13 39 35
13 39 33
13 38 34
12 38 34
13 38 34
14 38 35
12 39 34
13 39 34
13 39 34
13 39 34
12 38 34
12 39 34
13 38 34
13 39 35
13 38 35
13 39 34
12 39 34
13 39 34
13 39 35
11 39 34
13 39 34
13 38 33
12 38 33
13 38 35
13 39 33
14 38 33
12 37 34
12 38 33
12 37 33
13 39 34
13 37 32
13 37 33
12 37 34
13 37 32
14 37 32
15 37 33
15 35 32
14 36 32
15 34 31
14 33 31
15 35 30
14 34 30
14 34 31
14 35 31
14 34 31
12 35 29
15 34 31
14 34 30
13 34 27
15 33 32
12 31 29
14 33 24
12 31 24
11 32 22
13 31 25
12 30 22
12 31 22
09 33 22
09 31 23
05 32 17
08 35 24
12 29 26
08 38 32
07 28 33
00 27 31
10 29 30
14 31 31
14 39 36
13 38 34
12 33 32
12 31 34
12 33 37
15 37 40
16 36 39
14 35 39
14 39 38
14 42 43
19 41 44
20 42 50
24 38 53
27 33 56
29 35 55
25 35 52
27 35 52
22 34 52
24 33 50
25 34 50
24 34 53
28 31 55
33 31 57
31 36 50
28 36 51
27 40 51
27 40 52
28 38 52
28 35 52
29 36 53
27 36 51
28 36 53
28 38 52
29 38 51
29 35 52
29 36 53
30 34 53
27 34 53
28 34 52
28 34 52
28 34 52
28 33 54
30 31 53
28 32 52
29 34 53
28 34 53
27 35 53
29 34 52
29 34 52
28 34 53
29 34 52
28 35 53
29 33 53
27 34 52
28 33 52
28 33 52
29 33 52
28 32 52
28 33 53
29 34 52
29 35 52
28 35 52
29 35 52
28 33 52
30 34 53
28 33 53
28 33 52
28 33 51
28 34 53
28 33 52
29 33 53
28 35 52
28 34 53
28 33 52
29 35 53
28 33 52
29 33 52
28 32 52
29 33 52
29 34 53
28 34 53
28 32 53
29 34 53
28 34 53
27 33 53
28 35 52
29 35 52
29 33 52
29 34 52
29 33 53
29 33 53
28 34 52
28 33 52
28 32 51
29 33 53
29 33 53
28 33 53
28 32 52
29 32 53
29 33 52
29 34 53
28 32 52
28 34 52
29 33 53
29 32 53
28 33 53
29 34 52
29 33 53
29 32 53
28 32 53
28 34 53
27 33 53
29 32 53
29 32 52
29 32 53
29 34 53
28 33 52
30 33 52
29 33 52
28 33 51
28 34 53
29 33 53
29 34 52
28 32 53
28 33 52
28 33 51
29 34 52
28 34 53
28 32 52
29 33 51
28 34 53
28 35 52
29 33 54
29 33 52
28 33 53
29 34 52
27 33 53
28 33 53
29 32 53
29 33 53
29 32 52
29 31 52
28 33 54
29 33 53
28 32 53
28 32 52
28 32 52
28 33 52
28 32 52
28 33 52
29 32 52
28 32 52
29 32 53
28 33 53
28 33 53
29 34 52
28 34 52
28 32 52
28 34 53
29 33 52
27 33 53
29 33 53
28 33 51
28 33 52
29 33 52
29 32 52
28 33 53
28 33 53
29 32 52
28 33 53
27 33 53
29 34 51
28 33 52
28 32 52
29 32 53
27 33 53
29 33 53
29 33 53
29 33 52
28 32 53
29 33 53
29 33 52
29 33 52
29 32 52
29 34 53
28 34 53
29 33 52
28 33 52
27 32 53
27 34 52
28 33 52
28 33 52
28 32 52
28 33 53
28 33 53
28 33 53
28 33 52
28 34 53
29 34 54
28 34 53
28 33 54
28 33 52
28 33 53
28 32 52
27 33 53
29 32 52
29 33 52
29 33 52
28 33 53
28 33 52
28 33 53
29 34 52
28 33 53
28 33 53
29 33 53
29 33 53
28 33 53
29 33 53
28 33 52
28 33 53
28 32 52
29 32 52
29 33 53
28 32 52
28 33 52
28 32 53
29 33 53
30 33 52
28 33 53
29 32 53
28 33 53
29 33 52
29 33 52
28 32 52
29 32 52
28 33 52
29 34 52
28 32 53
28 33 52
28 32 52
28 33 53
29 33 53
29 33 52
28 34 53
29 34 52
30 33 52
29 34 52
30 33 52
29 33 53
28 32 54
28 32 53
27 32 52
28 32 53
28 32 52
28 32 53
29 33 53
27 33 53
28 32 53
29 32 52
28 33 52
29 33 53
28 34 52
30 33 52
30 33 52
28 34 53
29 33 52
29 33 52
28 34 53
28 33 53
28 32 52
30 33 53
27 34 52
29 32 53
28 33 53
28 32 52
29 33 52
29 31 53
29 34 52
28 33 53
29 33 53
29 32 53
28 32 52
28 32 53
29 33 53
28 33 52
28 33 52
29 32 53
28 31 53
28 33 52
28 33 53
