19 43 45
19 57 33
19 42 45
19 43 45
20 43 44
18 43 44
17 41 44
19 43 44
19 42 44
18 43 44
20 43 44
18 42 44
20 44 44
18 43 44
19 43 44
20 42 45
18 43 44
18 44 43
18 43 44
19 42 44
18 43 44
18 43 44
18 43 43
20 43 44
18 43 45
19 42 45
18 44 44
19 44 45
19 44 44
19 43 45
18 42 45
19 43 45
19 43 43
20 43 44
19 42 45
18 42 45
19 42 44
18 42 43
18 42 44
19 43 44
19 43 43
18 43 44
19 44 45
19 41 44
19 43 44
18 43 44
19 43 45
18 43 45
20 43 44
18 42 44
19 43 44
19 43 44
19 43 44
20 44 45
19 43 44
19 43 44
18 42 44
18 43 44
19 43 44
19 43 44
19 42 45
18 43 45
19 43 44
19 43 44
19 42 45
21 43 45
20 43 45
19 44 46
19 43 44
20 43 44
19 44 46
19 44 45
19 43 45
20 44 44
20 41 45
20 43 45
20 43 46
20 43 45
22 42 44
23 42 45
21 43 44
22 43 45
21 42 45
22 42 46
21 43 46
22 43 47
23 43 46
27 41 46
22 43 47
22 41 46
21 42 47
22 42 47
22 43 48
24 43 48
23 41 48
25 42 50
26 44 51
27 41 51
27 41 49
28 42 51
29 41 53
28 42 51
29 41 49
30 41 50
30 41 51
30 42 51
30 42 51
31 41 50
32 42 50
32 40 51
33 42 52
34 40 52
34 40 51
33 41 52
35 41 51
34 41 51
33 40 51
35 41 51
33 41 51
34 42 52
35 38 51
35 38 53
35 39 53
36 38 53
35 38 53
34 37 52
30 37 53
33 38 52
40 40 51
40 36 55
31 38 54
32 38 51
30 39 49
34 37 50
34 39 53
35 37 54
36 39 54
32 34 53
32 37 51
30 36 50
32 35 50
36 39 51
36 39 53
34 40 51
29 39 47
32 41 59
31 37 51
32 39 51
37 35 52
35 39 50
36 44 52
33 45 52
33 42 52
33 42 50
34 42 51
35 43 51
34 42 49
34 40 51
35 43 50
34 43 51
35 44 51
34 41 49
34 41 51
35 43 50
36 43 51
34 41 51
35 42 51
33 41 51
34 40 52
34 41 51
34 41 51
35 42 52
35 42 50
34 42 51
35 41 51
35 42 50
36 41 51
35 43 51
35 42 51
36 40 51
35 43 51
35 41 51
34 41 51
37 41 51
35 39 51
35 39 50
34 41 54
35 39 51
35 42 51
35 41 51
35 41 51
34 41 51
34 42 51
35 42 50
34 42 51
34 42 51
36 41 51
36 40 51
35 40 50
35 41 52
35 41 51
36 41 51
35 39 51
34 41 51
34 41 52
35 40 52
35 41 51
34 40 52
35 40 52
35 41 52
34 40 50
34 41 51
36 41 51
36 41 51
36 41 52
34 40 51
35 40 51
35 40 51
35 42 52
35 41 51
37 40 52
35 42 52
35 41 52
35 41 51
35 41 51
36 40 50
34 40 51
35 40 51
36 40 52
34 40 52
36 40 51
35 42 51
33 41 51
34 41 51
36 39 52
35 39 51
36 40 52
34 41 51
36 40 52
36 39 51
35 39 51
35 40 51
35 40 50
34 40 52
36 40 51
35 42 52
35 40 51
35 40 51
35 39 51
