15 34 34
14 33 33
15 33 32
15 33 31
14 33 31
16 32 29
17 35 28
16 34 30
15 34 29
16 32 30
16 32 27
12 32 29
12 29 29
11 29 25
10 31 25
10 31 31
10 29 28
09 29 27
09 30 29
04 37 28
07 31 30
12 30 29
13 35 31
10 35 33
10 34 33
12 34 37
16 36 37
17 34 32
18 35 37
20 38 34
13 50 38
15 41 40
20 34 45
15 41 62
11 46 63
14 37 62
27 31 44
27 34 46
24 30 45
20 39 46
19 38 48
19 39 52
23 39 57
24 38 54
25 34 48
25 33 46
25 34 46
23 35 46
22 38 49
19 39 52
20 35 50
21 36 49
22 35 49
21 36 48
24 36 46
25 39 49
26 40 53
25 40 54
24 42 51
23 39 49
23 38 48
19 39 48
17 42 45
17 42 47
19 37 49
22 38 49
21 39 46
21 40 43
19 42 43
19 40 45
11 40 37
14 38 47
13 41 52
16 34 44
19 37 42
21 40 45
21 41 45
23 39 45
21 41 45
21 38 46
20 40 50
19 39 52
20 40 52
19 39 51
21 38 49
22 39 51
22 39 50
20 38 47
18 41 46
22 40 46
20 39 50
19 38 51
26 29 54
31 32 56
35 32 54
36 36 50
37 38 51
39 38 51
35 38 49
34 40 51
33 37 49
33 39 51
33 38 51
29 37 49
26 37 46
23 40 54
27 43 62
32 31 54
35 33 53
36 35 59
34 37 58
34 31 55
32 33 48
31 39 44
30 44 45
29 41 54
31 37 53
33 32 54
32 29 56
32 30 54
33 33 53
32 37 53
33 37 52
33 35 53
35 35 55
32 36 53
32 37 53
33 38 53
33 37 52
34 38 53
34 36 53
32 36 53
33 36 53
33 37 54
32 36 53
33 36 53
34 35 53
33 36 53
34 36 52
33 36 53
32 36 52
34 36 53
33 36 52
33 36 53
32 36 53
33 37 53
34 37 53
33 36 53
33 35 54
33 35 54
34 35 52
34 36 53
32 37 53
34 35 54
33 37 53