12 38 34
12 38 34
12 37 34
12 37 33
12 36 33
13 38 35
14 37 34
13 39 34
14 38 34
13 39 34
12 38 34
12 38 34
12 38 33
11 38 34
11 35 34
11 38 34
13 36 34
13 36 33
14 36 33
14 35 34
14 35 33
15 37 33
15 34 33
14 36 33
12 37 33
13 36 31
12 36 33
10 36 32
11 37 30
13 35 31
12 31 31
14 34 30
14 34 31
13 33 33
11 35 34
11 38 33
11 35 35
14 36 35
11 40 39
14 38 39
11 34 34
09 49 50
17 33 52
17 32 47
14 46 44
18 43 42
22 43 46
28 47 53
31 38 62
35 36 61
35 43 54
28 43 53
20 52 53
17 56 45
19 47 44
24 27 40
29 22 39
27 23 45
26 29 56
24 40 60
25 41 57
24 37 52
24 36 52
26 32 53
21 32 50
20 32 48
23 30 49
24 31 49
22 36 46
21 32 49
22 31 51
22 36 50
24 36 49
26 30 51
25 36 56
28 34 56
29 32 54
29 32 49
27 34 45
23 39 50
21 45 54
20 45 47
25 42 54
29 38 52
27 37 54
28 38 53
26 39 50
22 37 51
23 35 52
24 35 51
23 37 51
25 38 49
24 38 49
23 37 48
21 37 45
21 36 46
17 39 48
19 40 45
24 32 46
24 31 58
25 29 60
29 31 52
28 33 50
24 38 51
22 41 52
21 36 50
23 28 50
22 33 50
24 33 50
25 34 49
29 36 51
29 40 52
32 39 53
35 39 53
39 36 53
38 33 57
31 29 53
26 28 53
32 37 54
33 36 54
32 37 51
33 41 54
32 39 52
27 39 48
25 38 50
23 39 52
28 39 51
29 38 51
31 38 53
31 37 52
30 37 52
29 37 52
29 39 52
32 38 53
31 39 51
29 38 52
30 38 52
31 39 51
31 40 51
29 39 52
30 39 52
31 39 52
29 38 52
30 39 53
31 39 52
31 38 51
30 39 53
30 39 52
30 39 52
30 39 52
30 39 52
29 39 52
30 39 52
30 38 51
30 39 52