35 57 33
13 39 36
12 39 35
12 38 35
12 38 35
13 38 34
12 39 35
12 37 35
14 37 35
13 38 35
13 38 35
13 37 35
11 38 34
12 38 34
13 37 36
12 38 35
13 39 35
12 38 35
12 38 35
12 38 35
12 39 34
13 39 34
12 38 35
13 39 34
13 37 35
13 39 35
12 39 34
12 38 35
12 40 35
13 37 35
13 38 35
12 39 35
12 38 35
12 38 36
13 37 35
13 39 34
12 38 35
14 39 35
13 40 35
12 39 36
12 38 35
12 38 35
13 39 35
13 39 34
13 39 35
13 39 35
12 39 34
12 39 35
13 39 35
13 39 34
13 39 35
12 38 35
13 39 35
14 38 36
15 39 35
13 38 35
12 39 35
13 37 35
13 38 36
12 38 35
12 37 34
13 38 35
13 37 34
13 39 34
13 38 34
12 37 35
13 38 36
13 38 34
13 37 35
12 37 34
13 38 35
13 37 34
13 37 33
13 37 33
14 37 32
13 38 33
13 38 32
14 39 32
15 37 33
14 38 32
14 38 31
14 38 31
13 37 32
13 39 32
11 39 33
12 39 32
11 42 33
11 42 35
11 43 35
12 41 35
12 40 35
11 42 35
13 42 37
11 42 37
12 39 36
12 40 37
12 40 35
11 40 37
12 39 36
12 40 35
12 37 36
14 37 35
14 38 34
15 38 34
15 37 33
16 36 31
16 37 31
16 35 31
18 36 29
17 36 29
16 36 27
18 35 26
18 35 26
18 34 25
14 33 23
12 33 21
11 35 22
08 33 24
03 36 23
05 35 32
05 35 33
06 33 34
06 36 35
02 35 40
09 33 33
10 40 38
10 37 34
12 37 35
12 40 33
11 40 33
13 35 32
12 34 34
12 36 34
13 37 33
12 36 35
12 35 36
12 35 36
14 39 40
13 34 39
15 41 39
14 37 42
15 38 39
16 42 40
17 43 45
18 39 49
19 37 46
17 40 48
17 38 49
21 37 49
21 39 45
20 41 50
22 40 49
12 38 46
25 37 49
25 40 50
22 38 49
21 37 48
22 35 47
22 37 49
22 37 49
23 37 48
24 35 49
24 35 48
25 36 52
26 43 62
27 40 57
26 38 48
29 39 53
27 39 52
27 37 50
27 38 51
26 38 51
26 40 51
26 40 52
27 38 51
28 38 52
27 37 53
26 40 51
32 41 53
29 44 52
28 43 51
29 40 47
28 39 46
26 40 45
26 42 47
27 41 54
25 38 58
27 36 51
29 40 50
29 42 53
27 41 51
26 40 50
26 41 52
29 40 51
28 40 51
28 39 51
29 39 51
28 39 52
28 41 51
28 41 51
28 40 52
27 39 50
29 40 51
27 39 52
28 39 51
27 39 51
28 39 52
28 39 51
26 39 50
27 39 51
27 37 52
27 41 51
27 40 51
28 39 52
27 41 52
28 40 51
27 39 52
27 39 51
28 38 51
28 41 51
28 40 51
27 39 51
28 40 51
27 39 51
28 38 51
28 39 51
28 38 51
27 39 51
27 39 51
27 40 50
27 39 52
27 42 51
28 40 51
27 41 51
28 40 51
27 41 51
28 39 51
27 39 52
28 40 51
27 39 50
27 39 52
27 40 50
26 40 51
28 39 52
28 40 50
27 40 51
28 39 52
29 39 52
27 39 50
28 39 52
27 41 52
28 39 51
29 40 51
27 39 51
27 40 52
27 40 51
27 38 51
27 38 52
28 39 51
27 40 51
27 40 52
28 39 52
28 38 51
27 39 51
29 40 52
28 39 52
27 40 51
28 40 50
27 39 51
27 39 52
28 40 51
28 38 51
28 40 51
29 38 51
27 40 51
27 39 50
28 40 50
28 39 52
27 40 52
28 38 52
28 40 51
27 40 52
27 39 52
28 40 51
27 39 52
27 39 51
28 40 51
28 39 52
28 39 51
26 41 51
27 39 50
28 38 51
28 41 51
26 39 51
28 39 51
27 39 52
28 40 51
27 39 51
28 38 51
27 39 52
28 40 51
27 39 51
28 39 51
27 39 52
27 40 51
29 38 52
28 39 52
27 40 51
27 39 52
27 39 52
28 39 51
27 40 51
27 39 51
27 38 51
25 39 51
26 39 51
27 39 51
28 39 51
28 38 51
27 39 51
27 39 51
28 39 51
27 39 51
26 39 52
27 38 51
27 40 51
28 39 51
27 40 51
27 40 50
28 39 51
28 39 51
27 39 51
27 40 51
27 39 52
26 39 51
28 39 51
28 39 51
27 39 51
27 38 51
27 38 52
28 39 52
27 40 50
28 38 51
28 40 51
28 39 51
28 38 51
27 39 52
26 39 51
28 39 51
27 40 51
28 39 51
29 39 50
28 39 50
27 39 51
28 38 51
28 40 51
27 40 51
28 40 51
27 39 51
27 40 52
27 39 51
