11 38 34
11 38 34
00 11 38
00 12 39
12 39 34
12 39 34
11 39 33
13 36 32
10 34 33
15 34 29
10 36 31
11 35 31
11 34 30
11 36 31
12 35 31
11 35 32
12 36 33
11 38 35
10 39 32
12 37 33
12 36 32
14 37 32
12 38 32
12 37 31
12 37 32
11 38 32
14 38 33
14 38 32
13 37 32
12 36 33
12 38 33
12 38 33
13 37 32
13 38 32
11 38 33
13 37 32
11 36 32
12 38 31
12 38 31
13 37 31
14 39 32
13 40 32
15 35 33
13 39 31
12 42 30
12 38 30
12 39 31
14 36 28
15 35 24
12 46 35
12 32 42
15 45 32
15 44 26
15 41 27
16 40 29
17 38 29
15 39 37
13 41 36
14 43 33
17 37 30
16 49 32
19 47 28
17 46 26
16 52 30
18 48 28
16 49 30
16 49 32
18 46 34
19 47 37
19 49 38
18 53 43
20 56 47
25 53 48
27 50 51
27 45 49
25 43 47
26 41 48
27 43 50
26 44 50
30 44 50
27 44 48
26 43 48
27 43 46
25 46 46
23 46 46
24 46 46
24 46 46
23 45 45
24 44 47
26 44 49
27 44 48
29 44 49
27 45 48
27 46 49
27 46 47
27 46 46
26 45 47
28 46 48
26 45 49
25 45 49
28 45 50
29 44 48
26 44 46
22 57 59
27 48 49
17 47 42
18 46 35
16 49 35
17 48 34
19 46 35
18 43 34
20 45 34
19 46 36
19 47 35
16 45 32
13 45 32
15 41 34
16 42 36
20 40 38
19 43 38
19 44 40
20 45 38
13 41 36
12 39 29
12 43 33
14 54 35
18 47 36
20 48 38
22 48 40
21 49 43
21 57 49
26 57 52
25 52 50
27 45 46
28 43 48
25 40 48
22 37 50
21 38 51
23 39 53
28 41 58
31 40 59
31 42 60
26 48 58
26 46 57
28 42 55
32 43 52
33 42 52
35 40 50
37 38 50
37 35 45
38 32 45
38 33 44
37 32 43
35 36 43
34 36 48
31 40 48
28 42 52
30 39 52
30 40 51
31 38 53
33 41 55
34 41 59
36 38 54
34 40 54
32 36 55
34 34 51
31 31 51
28 25 50
29 26 51
25 25 54
26 22 49
27 24 50
25 27 50
24 23 51
29 36 57
32 36 52
31 32 52
31 31 53
30 29 53
30 26 51
31 31 52
31 31 53
32 29 53
31 31 53
30 31 52
31 30 53
32 32 53
31 32 53
31 29 52
31 31 52
31 30 53
31 32 53
31 33 53
32 31 52
31 31 53
31 30 53
31 30 53
31 31 52
31 29 53
31 30 53
32 31 52
31 31 54
31 30 52
30 31 52
31 30 53
30 30 53
32 30 52
31 31 52
31 30 53
32 31 53
31 29 53
33 30 52
31 30 53
30 30 53
31 30 53
30 31 53
31 30 53
31 31 53
32 31 53
31 30 53
30 31 53
31 30 53
31 29 53
30 29 52
31 28 53
30 28 52
29 31 52
31 31 53
31 30 52
30 30 53
31 30 52
32 30 54
31 31 54
32 31 53
31 29 52
30 31 53
31 32 53
31 30 52
31 30 53
31 29 52
30 29 52
30 29 54
