10 37 35
12 37 35
11 37 34
11 37 34
12 38 36
12 37 34
12 37 35
13 38 34
11 37 34
11 36 35
11 36 35
12 35 35
13 36 35
13 35 34
12 35 34
13 36 34
12 36 35
13 37 34
12 37 36
12 38 35
11 39 35
11 37 35
13 37 35
12 36 35
12 38 36
11 35 35
11 36 36
11 38 37
11 35 36
12 36 37
10 36 37
12 36 38
13 37 37
13 37 36
14 37 37
15 37 36
13 37 36
14 36 37
14 35 37
14 34 37
14 35 36
13 33 36
12 34 37
13 35 36
13 33 35
12 32 35
12 32 32
13 32 32
11 30 31
14 29 29
14 31 28
15 31 27
14 32 26
14 31 26
14 31 26
15 30 24
13 31 23
12 30 25
09 28 24
09 30 24
11 30 23
12 29 24
10 31 22
10 29 22
11 29 25
13 32 23
12 25 29
07 23 38
03 21 31
05 45 20
14 28 27
11 39 33
15 30 27
12 34 33
10 33 38
16 34 32
13 36 33
12 38 33
14 40 34
20 39 33
18 41 39
10 44 52
09 43 50
14 38 45
18 41 41
19 39 44
16 35 43
14 36 42
14 38 41
16 41 45
18 43 46
21 45 46
23 47 45
20 44 44
16 41 44
13 41 43
14 41 40
15 40 40
17 43 42
18 42 42
17 42 41
17 42 42
15 41 42
16 42 44
17 42 45
13 42 45
15 46 45
16 50 44
18 49 41
20 52 43
22 50 43
25 52 41
25 49 42
26 48 42
27 44 43
27 46 42
26 45 41
28 43 40
27 41 42
28 39 45
23 40 47
22 41 52
22 37 56
23 35 53
24 40 49
27 42 47
27 45 48
26 49 47
28 49 47
28 46 46
28 44 48
28 45 49
27 45 49
27 43 47
26 44 48
27 44 49
27 44 47
27 44 47
26 45 48
27 45 48
26 44 48
27 43 49
26 44 48
26 44 49
27 45 48
27 42 49
27 44 48
26 44 49
27 44 48
28 44 48
27 44 49
27 44 48
27 44 49
27 44 48
25 44 47
26 43 47
27 44 48
27 45 47
26 45 49
28 44 49
26 44 49
28 44 49
28 44 48
28 45 48
28 44 47
27 44 48
27 45 49
26 44 48
28 43 48
26 45 48
28 43 48
27 45 49
28 45 48
28 44 48
28 43 49
27 44 49
28 46 49
27 44 49
27 43 48
28 44 49
27 44 47
27 44 48
27 45 49
27 45 50
27 44 50
27 45 53
28 45 51
30 47 53
33 47 55
34 45 53
36 45 53
37 44 52
