12 31 31
11 33 32
11 36 32
11 35 32
08 32 31
10 33 30
11 34 32
12 34 31
14 35 32
14 36 33
15 35 32
12 36 33
10 36 32
13 37 33
12 38 33
10 38 33
10 38 33
10 38 32
12 36 32
13 37 33
12 37 33
12 37 33
11 36 32
12 37 33
12 37 33
12 37 33
12 36 33
12 37 34
13 37 35
11 37 35
13 38 35
12 38 34
12 37 35
14 37 35
12 37 35
13 36 34
12 38 36
12 38 35
11 38 35
11 38 35
13 37 35
11 36 34
11 37 34
12 36 36
12 36 34
13 35 34
12 36 34
12 37 34
12 37 35
12 36 34
11 37 35
12 37 34
12 37 35
12 36 35
12 37 34
13 37 35
12 37 34
13 36 33
12 38 35
13 38 35
13 37 34
13 38 35
12 36 34
13 37 33
14 35 34
11 34 34
10 36 34
12 33 32
14 30 32
15 29 32
18 31 32
16 30 31
15 34 31
14 33 31
13 31 29
09 33 27
07 31 29
08 33 30
06 33 28
07 33 29
06 28 31
06 38 32
09 37 34
13 35 33
12 27 31
11 33 29
12 36 29
11 41 34
13 39 33
16 36 36
17 36 41
15 40 43
14 40 42
15 38 44
15 38 40
16 40 41
20 43 45
25 43 48
32 45 62
30 39 59
32 40 44
36 54 51
33 51 51
31 44 47
27 42 47
25 46 46
25 42 49
28 42 55
27 40 51
33 36 47
33 49 52
33 47 46
31 50 49
28 48 48
28 43 48
27 37 51
29 34 51
30 37 51
29 40 51
29 41 51
29 40 51
29 40 51
29 40 51
29 40 51
29 41 51
29 41 52
30 40 50
29 39 51
27 39 51
30 40 51
29 40 51
29 40 51
29 40 50
28 40 51
28 41 51
28 40 50
29 41 51
29 41 51
30 41 50
28 42 50
28 40 51
30 42 51
29 42 51
29 41 51
29 41 50
28 43 51
29 42 51
30 42 50
30 43 50
29 42 50
29 43 51
27 42 51
29 42 50
29 42 50
29 42 51
28 42 51
30 41 50
29 40 52
29 42 49
29 41 51
27 42 51
30 41 50
29 41 50
29 41 50
29 41 50
30 43 51
29 43 50
29 42 50
29 42 51
29 42 50
28 41 50
30 42 51
28 41 50
29 42 50
29 43 51
29 42 50
28 41 50
29 43 51
28 43 50
30 41 51
29 43 50
