13 41 31
13 41 31
13 41 31
13 41 33
13 41 31
13 40 31
13 40 32
15 42 32
15 42 32
15 42 31
13 43 33
11 41 33
13 42 33
14 42 33
15 42 33
15 43 33
14 41 32
14 41 33
12 42 32
14 42 32
13 42 32
13 42 33
14 42 32
12 41 32
13 41 33
13 42 33
13 41 32
14 42 33
13 41 33
13 42 33
14 40 34
13 42 34
14 42 34
14 41 33
13 41 33
14 41 34
15 41 33
14 40 33
15 41 34
14 40 34
14 41 33
13 42 34
14 42 33
14 41 34
14 42 33
14 41 33
13 40 32
15 41 32
14 41 33
14 41 33
14 42 33
14 41 34
13 41 33
13 42 33
13 41 33
12 42 32
14 41 33
14 42 33
13 41 32
13 41 32
13 40 31
13 40 32
14 42 32
14 41 31
14 42 32
14 41 31
14 41 32
13 41 31
15 40 31
14 41 31
16 41 30
14 41 30
16 41 30
17 40 30
16 40 29
16 41 29
16 40 27
14 40 28
14 41 28
16 44 29
14 42 29
15 42 29
15 47 32
14 45 28
16 43 29
16 46 34
19 55 35
20 42 40
22 45 34
21 49 33
21 52 37
20 43 35
22 42 34
23 51 37
24 50 33
22 53 35
24 51 34
26 53 36
25 52 37
24 54 36
26 53 38
28 52 42
30 48 45
33 48 49
33 46 54
35 41 58
34 38 61
34 37 60
32 35 56
31 34 54
33 33 52
33 34 50
36 37 50
37 40 50
37 41 49
37 43 49
35 43 49
35 43 50
34 42 52
31 41 53
33 40 54
32 38 53
33 37 53
34 39 52
36 41 52
36 41 52
36 43 52
34 43 50
34 45 50
34 43 50
35 43 49
36 43 48
36 45 47
36 45 48
36 44 49
36 43 49
37 44 50
37 42 52
36 42 51
35 40 52
36 40 51
36 40 51
35 42 50
35 42 49
36 43 49
36 43 50
37 43 51
35 44 49
36 43 51
36 42 49
33 43 50
37 43 49
36 43 50
35 42 49
34 42 50
34 42 52
36 42 51
37 42 52
36 41 52
36 40 53
36 42 51
35 43 49
34 43 51
34 42 51
33 42 51
34 42 50
36 42 50
35 43 51
34 43 50
35 42 50
35 42 50
35 42 51
35 43 51
35 41 51
35 41 52
33 40 52
32 40 52
35 41 51
36 40 50
36 42 50
