14 40 38
14 40 33
13 39 37
12 38 37
13 38 37
13 39 37
13 40 37
14 38 36
14 40 37
14 39 37
14 40 37
14 39 37
13 40 37
13 39 38
13 38 36
14 40 38
14 38 38
14 39 37
15 39 37
13 39 37
12 38 38
13 38 37
13 40 37
13 38 37
13 39 37
13 39 37
13 39 37
13 38 37
13 39 37
14 38 36
14 38 37
14 39 36
12 39 37
13 37 36
13 38 36
14 39 36
14 39 37
14 39 36
13 39 37
12 38 37
14 38 37
13 37 37
14 38 37
13 39 37
14 39 37
13 39 37
14 39 38
13 39 36
13 39 37
13 39 37
13 39 37
13 38 37
13 37 37
13 40 37
14 39 37
14 39 37
13 39 37
14 39 37
12 39 37
13 38 37
13 39 35
13 39 36
13 38 37
13 39 36
13 40 37
13 38 37
13 38 37
14 40 38
14 39 38
13 38 38
14 40 37
13 39 37
13 40 37
14 39 37
14 39 37
13 38 36
15 38 36
14 39 35
15 38 35
14 37 36
16 37 35
17 38 34
16 40 35
15 39 34
16 38 33
15 38 34
15 38 33
15 40 33
15 39 33
15 38 34
14 41 33
14 41 34
14 43 35
13 41 34
14 42 34
14 44 35
13 46 37
13 45 36
14 44 37
14 47 38
14 45 38
14 46 39
17 47 39
15 45 40
15 46 42
16 46 42
17 45 41
17 46 44
18 46 43
19 48 43
17 47 44
21 48 45
20 51 46
20 53 45
20 48 43
24 47 44
27 47 48
29 46 49
31 43 48
34 40 48
33 41 47
32 45 51
28 46 51
27 43 50
28 43 51
28 39 49
29 42 50
29 43 50
31 42 51
30 40 50
31 39 48
33 40 48
35 43 49
35 44 47
35 45 47
32 42 45
34 44 46
36 45 44
36 51 45
34 54 46
33 55 47
30 49 43
32 49 43
33 53 40
34 54 39
33 54 40
33 54 39
31 52 40
31 53 41
29 52 43
30 51 41
30 50 41
31 51 40
31 51 41
31 52 39
32 52 40
32 55 41
32 52 38
31 53 39
32 53 39
32 54 42
32 52 41
32 53 42
32 52 44
36 49 44
33 52 40
32 54 39
32 52 38
30 49 37
30 49 36
32 48 37
30 49 39
29 54 41
33 58 45
32 54 46
32 47 44
31 48 44
33 50 42
31 51 42
33 51 42
31 52 42
30 53 42
31 52 42
32 52 42
32 51 42
31 51 41
31 51 43
32 51 42
29 52 43
29 51 44
31 51 43
31 49 44
31 50 44
30 51 43
30 49 44
30 49 45
30 49 46
30 51 44
30 49 45
30 49 45
30 48 43
28 50 45
31 49 44
29 49 44
29 49 45
30 49 44
30 50 45
29 49 46
30 50 45
29 49 45
31 50 43
30 50 44
30 49 45
30 49 45
31 49 45
29 48 46
31 48 45
31 50 44
31 49 44
30 51 44
32 50 44
32 49 45
32 50 44
30 49 44
31 50 44
31 50 43
30 51 44
30 50 45
29 50 44
30 48 46
31 49 45
31 50 45
31 48 45
31 49 44
31 49 44
30 49 43
30 49 44
31 50 44
29 50 44
32 50 44
30 50 45
30 50 44
29 49 45
29 49 46
30 50 46
29 50 45
30 48 45
30 49 45
31 49 46
30 49 45
