12 41 33
12 41 33
14 39 34
13 40 34
13 41 34
14 41 35
12 41 33
13 39 32
13 41 35
12 41 34
13 40 35
14 40 35
14 40 35
14 39 36
12 40 35
13 39 35
13 41 35
12 41 36
13 42 35
14 40 34
14 43 35
15 42 35
13 41 34
14 44 33
14 43 34
15 42 34
14 41 33
14 42 36
17 40 34
19 36 33
19 38 33
19 37 35
17 39 33
14 38 30
14 37 29
13 39 28
10 37 28
09 37 27
09 38 27
14 38 28
14 34 29
15 32 27
15 37 29
15 36 27
14 34 26
10 39 27
11 35 26
09 37 24
11 36 26
11 31 24
08 35 19
13 30 19
12 30 23
11 40 26
12 40 30
13 38 31
11 33 28
10 34 29
10 40 30
13 39 30
15 41 30
17 44 27
17 46 27
16 46 28
16 43 29
15 40 31
14 38 30
16 47 35
16 43 36
16 40 34
15 39 38
13 40 43
16 46 44
20 51 45
19 55 48
20 46 46
20 40 42
19 34 40
19 34 41
18 37 41
20 40 42
19 45 47
20 50 46
17 43 36
21 52 42
23 50 46
22 56 42
23 60 42
23 58 40
28 57 39
34 57 40
27 52 38
29 49 36
29 47 38
29 49 39
31 44 38
31 44 40
30 46 44
29 44 44
30 44 45
31 43 45
29 40 43
25 43 55
23 47 63
24 40 53
25 39 46
28 43 45
29 45 47
31 49 49
31 50 49
31 44 47
30 45 48
30 45 49
30 45 49
29 45 48
29 45 48
30 45 48
30 47 48
30 45 49
30 46 48
29 46 47
30 46 48
29 45 49
30 45 49
30 45 47
30 46 49
29 46 49
30 45 49
30 44 48
29 45 47
30 46 49
29 45 48
30 46 48
30 45 48
29 45 48
29 46 48
30 46 48
30 45 49
30 45 48
30 45 47
30 45 48
29 46 48
31 45 49
30 46 48
29 45 47
30 45 48
30 46 49
30 45 48
30 46 48
31 45 48
31 45 49
29 44 49
30 46 48
31 47 49
30 45 48
31 46 47
32 48 49
29 47 49
