20 41 47
20 41 48
20 57 33
21 41 47
20 40 47
22 40 47
22 40 47
20 41 47
21 41 47
21 41 46
21 42 47
21 42 48
20 42 47
21 41 47
20 41 47
21 41 47
22 41 47
22 41 48
22 41 48
21 40 47
22 41 46
22 41 48
20 41 48
21 41 48
21 40 47
22 41 48
22 40 48
21 41 47
22 41 48
21 41 49
22 41 48
22 40 48
21 39 48
21 40 48
21 42 46
20 42 47
21 41 47
23 40 47
21 39 48
21 41 47
21 41 48
20 40 47
21 40 47
20 42 47
21 41 47
21 41 47
21 40 47
21 41 48
21 40 46
21 40 46
21 40 47
21 40 46
22 41 48
23 42 49
23 41 48
24 40 48
22 39 47
24 41 47
25 41 48
25 41 51
25 41 50
26 40 51
26 41 51
27 39 51
27 40 51
28 40 50
28 40 51
28 40 53
29 39 52
30 39 52
28 36 52
28 36 50
28 37 50
29 38 56
33 40 59
30 36 57
28 39 51
27 35 46
28 34 47
27 32 49
29 33 52
28 37 53
30 37 53
28 35 53
27 36 50
29 35 51
28 35 52
29 37 54
28 37 52
29 34 51
28 35 51
29 36 52
27 36 52
28 36 52
29 38 53
29 39 53
30 35 52
29 39 52
31 39 52
29 40 52
31 39 53
30 37 53
31 38 53
31 41 52
31 40 51
31 39 52
31 40 52
33 39 51
31 41 51
32 41 51
31 42 52
33 41 54
34 43 54
33 41 53
33 39 51
32 37 51
32 36 49
30 37 49
30 36 50
30 37 51
29 36 50
28 37 49
28 37 51
29 40 55
31 42 58
32 37 50
31 40 52
32 39 53
30 40 52
32 39 53
32 38 52
31 38 51
30 38 51
32 40 52
32 39 52
33 39 52
33 40 52
33 39 51
32 40 52
31 40 52
33 38 51
33 37 52
32 39 52
32 38 52
32 39 52
31 37 53
32 40 52
32 41 52
32 40 51
30 40 52
32 39 52
33 40 52
31 39 51
32 40 52
31 38 52
31 38 52
32 37 51
32 37 52
31 39 52
34 40 52
32 38 52
33 38 51
32 38 52
32 38 51
32 38 52
31 39 51
31 38 52
32 38 53
32 39 52
32 38 52
32 38 52
33 39 52
31 38 52
31 38 51
31 38 52
31 39 52
32 40 51
31 39 53
32 38 52
32 39 52
32 38 53
32 38 52
32 39 51
32 38 51
31 39 51
32 39 52
32 39 52
32 39 52
31 38 52
31 39 53
33 41 52
33 39 52
32 39 52
33 39 52
31 41 52
32 38 51
31 39 51
31 39 53
32 39 53
33 40 52
32 41 51
32 40 52
33 39 51
32 40 52
32 40 52
32 38 52
32 39 51
32 40 52
33 40 51
32 38 52
32 39 51
32 38 52
32 39 52
32 39 53
31 39 52
30 39 52
32 39 52
32 40 52
32 39 51
31 39 52
33 40 52
32 40 52
33 39 52
32 39 52
33 39 51
33 40 51
32 40 52
32 40 51
32 40 51
33 40 51
32 41 51
32 39 51
32 39 51
32 41 51
33 42 52
32 40 50
32 41 52
32 40 51
32 40 52
33 40 51
32 41 51
31 39 51
32 39 52
32 40 52
32 41 51
31 40 52
32 41 52
33 40 52
