14 38 36
13 38 35
13 38 35
14 37 35
15 39 35
15 39 35
15 40 35
12 38 34
14 37 34
15 38 33
15 38 34
14 39 35
15 39 34
15 39 33
15 39 32
14 42 31
12 38 30
12 38 29
10 40 31
11 43 33
11 42 33
13 43 32
13 42 33
14 42 34
15 45 37
16 45 37
16 44 37
17 42 36
14 44 38
15 47 40
15 42 38
16 43 37
16 45 40
15 45 41
16 46 40
14 47 41
17 48 41
18 50 40
19 48 42
21 46 44
24 44 45
24 47 44
28 50 46
28 49 44
28 48 46
28 49 47
30 49 46
31 48 47
34 47 47
33 45 48
34 44 49
34 42 50
35 44 50
34 42 50
35 42 52
34 44 51
31 42 52
28 47 52
26 46 51
28 41 51
29 42 52
31 41 52
31 39 51
33 40 51
35 38 50
37 39 50
37 37 50
38 38 50
37 39 50
35 33 50
36 35 50
38 38 51
39 33 52
37 33 51
35 37 53
33 35 53
30 36 52
31 37 52
32 40 50
31 36 52
32 36 52
32 37 54
32 39 56
30 39 57
33 39 56
34 40 53
34 42 53
33 41 52
32 39 52
30 38 51
31 38 52
31 38 52
32 37 53
32 38 52
33 40 51
32 40 52
33 39 51
34 39 51
32 40 52
32 38 52
33 39 52
32 38 53
32 38 52
32 39 52
31 37 53
32 39 52
33 36 52
33 38 52
33 39 52
32 40 52
32 38 52
31 38 53
32 37 53
33 38 53
33 38 51
33 38 51
34 38 52
33 37 53
32 37 52
31 38 51
33 36 51
33 39 51
33 38 53
33 39 52
33 37 53
33 39 52
33 37 53
32 38 52
32 37 52
33 38 52
32 38 53
34 37 52
34 37 52
34 37 52
33 37 52
32 39 51
33 38 52
32 38 52
32 37 53
34 39 53
32 37 52
32 39 52
32 38 52
33 38 52
32 39 52
34 38 53
32 39 53
32 38 53
32 38 52
33 38 53
33 38 53
33 38 53
33 38 52
33 38 52
33 38 51