58 12 34
12 34 30
12 34 31
14 35 30
12 34 32
12 35 32
09 35 31
11 35 31
11 33 30
12 35 31
12 35 30
12 36 31
12 34 32
12 35 31
11 35 32
12 36 32
11 37 32
11 36 32
11 36 32
10 35 32
11 36 33
10 36 32
12 36 33
11 36 33
12 36 33
13 37 32
12 35 33
12 36 33
11 37 33
13 36 33
12 35 34
12 38 34
11 37 35
11 37 34
12 36 34
11 36 34
13 37 34
12 38 34
12 37 35
11 38 34
12 37 34
12 38 35
12 38 34
12 37 34
12 37 34
13 36 34
13 38 35
13 39 34
12 36 34
12 38 35
11 38 35
12 37 35
12 36 34
12 37 34
11 37 34
11 37 34
12 38 34
13 37 35
12 37 34
12 36 33
12 36 34
12 37 34
12 37 33
13 36 34
13 37 33
14 37 32
14 37 33
14 37 34
13 35 33
16 34 34
16 34 32
16 36 32
16 34 32
16 34 30
17 33 29
15 32 29
16 32 28
17 34 28
13 32 28
13 34 27
13 33 26
11 33 26
08 36 24
09 34 25
07 33 23
03 43 31
09 36 34
07 38 29
10 37 36
04 37 39
10 39 36
10 41 36
13 39 38
15 40 36
18 40 37
16 40 37
17 43 34
17 43 41
18 47 45
19 47 48
21 40 55
26 36 60
26 42 59
27 40 55
31 38 53
30 36 51
28 33 49
28 39 51
27 39 48
26 36 49
27 37 49
29 39 51
28 37 52
28 36 53
27 36 53
28 37 54
28 39 52
30 37 54
30 34 54
29 35 51
24 39 50
21 41 50
19 41 49
17 38 47
19 37 45
21 40 48
25 40 50
23 42 46
18 41 49
17 39 48
16 38 47
15 37 46
15 38 46
15 37 46
13 38 48
17 37 51
19 33 50
21 32 53
19 33 50
22 33 48
21 33 47
23 39 49
26 41 51
19 31 48
21 24 44
19 31 48
18 34 50
19 32 47
19 37 47
20 41 53
21 35 51
19 32 49
24 34 51
30 36 51
30 37 51
34 40 53
32 39 51
32 36 53
31 35 52
33 32 52
33 34 52
32 32 49
32 34 47
27 37 46
23 37 55
18 35 58
23 37 55
29 35 53
31 34 51
31 36 54
30 37 53
31 34 52
29 36 51
29 39 51
30 39 51
30 40 51
29 39 52
30 37 52
28 38 52
29 38 53
29 37 52
30 38 52
29 39 52
30 38 52
29 39 52
29 38 53
30 40 52
30 39 52
30 39 51
29 39 52
28 39 51
30 39 51
28 39 52
28 38 52
29 39 52
29 39 52
29 39 52
29 37 51
29 39 51
29 39 52
28 38 51
28 39 51
29 38 51
30 38 51
28 39 52
30 38 52
28 38 52
30 38 51
29 38 52
29 38 52
29 39 52
30 39 51
29 39 51
28 38 52
30 38 53
29 39 51
29 39 52
29 38 52
29 39 51
28 39 51
29 38 51
30 39 51
29 39 51
29 37 52
29 39 51
