12 32 28
12 32 28
11 12 32
11 12 32
12 31 28
12 31 28
13 31 27
12 31 27
11 32 28
11 32 27
12 32 28
11 31 28
10 31 28
12 33 27
12 33 27
12 33 29
11 32 27
11 30 28
12 31 28
11 32 28
12 31 29
11 32 29
12 32 28
12 31 30
11 33 29
12 29 28
13 30 31
12 32 32
10 32 31
11 30 29
10 33 32
12 31 30
13 29 30
12 30 31
13 32 31
12 30 32
12 30 31
13 31 31
12 34 32
12 32 32
12 30 33
12 31 32
12 32 32
12 32 32
11 32 34
13 34 34
11 33 32
11 31 33
11 33 33
11 33 33
13 34 33
12 34 34
11 35 34
12 35 33
12 36 33
12 35 34
13 36 34
13 36 35
14 36 35
13 35 34
12 35 34
11 36 33
11 33 33
12 34 33
11 36 35
12 36 34
12 35 34
12 36 34
13 35 35
13 34 34
12 36 35
12 37 34
16 36 34
15 36 33
16 36 33
16 36 32
17 37 31
14 38 32
11 34 31
12 37 30
11 40 33
12 39 32
12 40 37
13 44 34
16 40 34
19 39 36
18 39 35
15 41 34
15 40 34
07 53 46
12 42 39
18 37 31
20 50 43
23 49 41
16 49 39
14 47 41
19 46 42
21 47 43
23 50 44
25 49 47
26 47 51
30 49 56
34 48 59
35 47 57
31 43 51
30 39 47
31 40 46
29 41 50
29 41 49
31 40 49
33 41 49
34 43 54
29 38 54
33 30 56
34 39 55
32 38 50
31 30 53
33 26 54
33 29 56
32 32 55
31 34 55
29 36 52
28 36 52
27 38 50
25 37 48
23 36 48
21 35 52
28 34 54
32 37 57
32 38 53
30 35 48
27 33 46
23 34 44
22 32 44
25 34 54
21 37 63
23 42 63
29 37 53
30 33 48
30 30 53
31 29 54
31 32 53
31 33 52
33 36 53
31 37 53
29 35 52
30 35 52
29 35 53
29 35 53
30 34 52
29 34 53
29 33 53
30 33 53
31 34 52
31 34 53
30 34 52
31 35 53
31 34 53
29 35 53
30 35 53
31 35 54
31 33 53
29 33 54
30 33 53
30 35 53
30 35 53
33 35 53
30 34 53
30 34 53
28 35 52
28 34 52
28 33 51
29 36 53
29 34 54
31 34 53
30 34 53
29 33 53
29 34 53
30 34 53
28 35 52
30 35 53
30 35 53
30 35 52
29 34 52
29 34 53
30 34 53
31 34 52
29 35 53
30 35 52
29 33 53
30 34 53
29 34 53
30 35 54
30 34 53
30 34 54
29 34 53
31 34 53
28 36 52
30 34 53
30 35 52
30 33 53
29 34 53
29 33 53
28 35 52
30 34 53
30 33 52
30 35 53
31 34 53
31 35 52
30 34 54
29 34 52
30 35 54
30 35 54
29 35 53
29 34 52
30 35 53
30 34 52
30 35 52
30 34 54
29 35 53
30 34 53
30 34 53
30 36 53
30 35 53
29 35 53
30 35 52
29 36 53
31 34 53
30 33 53
30 36 53
30 35 52
30 34 53
29 34 53
30 35 53
29 35 52
30 36 53
