12 34 34
12 34 34
12 34 34
12 34 34
12 35 35
12 37 35
11 36 35
11 35 34
13 35 34
11 35 34
12 34 34
12 36 35
12 35 34
12 34 35
11 35 34
12 35 34
12 35 35
12 36 35
12 35 34
11 35 34
12 34 34
12 35 34
13 35 35
12 35 36
12 36 35
11 35 34
11 36 35
12 35 35
12 35 34
11 36 35
11 35 34
12 36 35
12 35 35
12 33 35
12 35 36
12 35 34
12 35 34
12 35 33
10 37 34
11 34 35
11 35 34
10 35 35
11 36 34
11 37 35
12 37 35
11 39 35
13 40 36
13 39 36
14 35 35
14 35 34
15 42 35
15 42 33
16 43 32
16 41 34
16 41 34
14 40 36
12 37 33
12 35 35
17 37 35
13 43 33
16 41 35
18 37 36
17 39 38
16 39 38
16 39 34
15 42 36
14 47 36
12 46 36
13 44 40
14 45 42
17 45 43
16 45 46
18 46 52
17 41 52
20 45 56
22 45 62
20 44 58
23 44 53
24 44 59
26 41 57
29 40 55
34 39 55
36 39 56
38 39 53
40 35 52
41 33 51
43 29 46
43 26 42
44 26 43
42 26 40
41 25 37
41 26 39
41 27 39
38 27 40
35 27 43
32 29 48
32 30 53
31 30 53
31 35 55
31 35 56
28 37 55
31 36 55
32 38 60
30 36 61
30 35 53
31 36 51
33 35 49
34 35 54
32 35 55
31 37 53
32 33 52
31 33 52
33 31 53
31 32 53
34 34 53
34 33 53
35 32 53
35 34 54
35 34 53
34 35 52
32 31 51
32 34 53
33 36 53
35 35 53
35 34 53
34 35 53
33 33 53
33 35 52
34 35 54
33 34 54
33 33 53
34 35 52
33 33 54
34 33 52
36 33 52
35 34 53
35 33 52
36 33 53
36 33 53
34 34 52
34 34 53
35 34 53
35 34 53
33 34 54
35 33 52
34 35 52
34 32 54
33 34 54
34 33 52
34 34 53
34 34 52
35 33 52
34 34 53
34 34 53
33 33 53
35 34 53
34 33 53
34 32 53
34 34 53
33 33 53
34 33 53
34 33 53
34 33 53
33 33 54
35 35 52
35 33 54
35 32 53
33 32 52
35 32 52
35 34 53
34 34 53
33 34 53
35 34 54
35 33 52
34 34 52
34 33 53
34 32 53
34 33 53
34 33 52
34 32 53
34 33 53
35 33 53
35 34 52
35 34 52
35 34 53
34 33 53
33 33 52
35 33 54
35 34 53
33 33 53
35 34 53
33 34 53
33 35 53
