13 38 34
12 39 34
12 39 34
12 40 33
12 39 33
13 39 33
12 39 33
10 38 34
12 39 34
12 38 33
12 37 34
13 39 33
13 39 35
13 38 33
14 38 34
14 39 34
13 40 34
13 39 34
12 39 34
12 39 35
11 40 35
12 40 33
11 40 34
13 39 34
12 38 33
12 39 34
12 38 33
12 38 33
13 39 34
12 38 33
13 38 33
11 38 34
12 40 34
13 38 33
12 38 33
13 39 33
12 39 33
13 38 33
13 38 33
13 39 33
14 38 32
13 38 33
12 38 33
13 38 33
12 38 33
13 38 32
12 38 32
13 38 33
14 39 33
13 38 31
13 38 32
15 39 31
14 38 31
15 38 32
14 40 30
15 38 32
15 38 31
14 40 32
12 38 32
13 40 30
12 38 29
11 41 30
12 36 28
13 36 29
15 39 28
14 39 29
14 38 28
11 50 42
16 40 50
19 38 36
21 43 32
21 48 37
19 49 37
16 51 38
14 49 38
13 48 37
14 50 38
16 47 39
16 49 40
21 52 42
20 50 44
19 51 46
20 54 51
21 55 50
23 50 47
27 45 45
28 41 46
31 37 48
31 36 50
36 35 54
37 36 52
36 40 50
32 40 49
31 38 49
32 36 49
34 37 51
34 38 51
34 37 50
34 39 52
32 42 55
32 41 51
31 42 51
29 42 50
30 41 50
30 42 51
32 44 50
34 42 50
33 41 51
32 41 52
33 41 50
33 42 51
32 43 50
33 44 49
33 43 52
33 43 51
32 43 50
32 45 51
33 45 51
32 43 50
33 44 51
32 44 50
30 43 51
31 42 50
32 42 50
33 43 49
34 44 50
35 42 51
35 41 51
34 41 51
34 41 51
33 41 52
33 41 51
33 40 50
34 41 50
34 42 51
35 42 51
35 42 51
36 42 51
36 41 50
36 42 50
36 42 50
36 40 48
37 40 51
39 40 52
39 37 50
38 41 50
35 41 52
34 43 54
34 42 52
35 41 51
35 41 51
36 39 51
35 39 51
36 41 51
36 42 50
37 41 51
36 40 52
35 41 51
35 40 51
35 40 52
34 41 51
36 42 51
36 42 50
37 41 50
37 41 51
36 41 51
37 41 49
35 41 51
35 41 50
36 41 50
36 41 51
36 41 50
36 42 51
36 42 51
35 42 51
37 43 51
35 42 50
36 42 51
36 40 51
35 43 51
36 42 51
35 43 51
35 42 50
36 42 50
36 42 50
35 42 50
36 43 51
36 41 51
36 42 50
36 42 51
37 43 51
36 41 50
35 41 50
35 42 51
35 42 50
35 42 50
36 42 50
36 42 51
36 43 51
37 42 51
36 43 51
38 41 52
37 44 53
37 39 52
38 38 53
