13 30 28
08 28 27
09 30 29
10 31 28
12 31 29
12 34 30
12 31 28
13 33 29
12 30 29
12 32 31
14 35 29
13 34 29
12 32 28
11 29 27
14 25 27
13 24 28
09 30 29
06 36 27
13 43 29
10 47 27
10 47 25
17 46 30
22 45 37
17 42 41
14 40 41
13 46 38
12 44 36
11 45 38
10 45 40
12 44 39
12 46 39
16 49 41
18 46 44
20 54 47
21 43 45
20 50 49
25 49 51
27 49 50
29 45 51
35 39 49
39 33 50
41 31 48
41 32 48
40 28 47
41 32 46
40 31 47
39 34 47
38 34 46
35 38 52
34 36 55
32 30 53
33 40 59
34 36 54
37 34 48
36 40 46
34 44 47
35 40 48
32 39 47
34 36 50
35 33 55
35 34 55
38 39 61
39 34 51
40 39 54
39 40 51
37 36 51
36 37 52
35 39 53
36 39 52
36 37 51
38 39 51
39 41 51
40 41 52
40 40 51
39 39 52
38 37 52
38 38 51
38 37 51
38 40 51
40 39 50
40 39 51
40 39 51
38 37 52
39 38 52
38 37 51
39 38 50
37 39 51
37 40 50
37 39 51
38 39 52
38 40 51
37 40 51
39 36 52
38 38 51
38 40 52
39 37 52
39 38 52
39 39 51
37 39 51
39 38 50
38 38 51
38 39 51
40 39 52
38 39 51
38 37 51
38 40 50
38 39 51
38 39 51
38 39 51
38 37 51
38 38 52
39 38 51
38 38 52
38 38 51
39 38 51
39 39 51
39 39 51
37 39 51
39 40 52
39 40 51
38 38 51
40 40 51
38 38 52
38 39 52
37 38 51
38 39 52
38 37 51
39 38 52
38 39 51
38 38 52
39 39 51
38 38 51
39 38 51
38 39 51
39 39 51
39 39 51
39 38 51
39 39 51
38 38 51
39 39 52
38 40 50
37 39 51
38 39 51
38 38 52
38 38 51
38 38 51
38 39 51
39 38 52
38 39 51
39 39 51
39 37 52
38 39 51
37 39 51
38 38 51
38 38 51