13 35 27
13 38 29
13 35 29
14 37 27
07 46 33
12 30 36
17 37 33
17 41 33
17 42 32
14 47 29
06 49 32
06 41 29
10 41 29
18 42 34
12 47 35
17 41 36
17 41 32
15 42 31
13 42 31
16 40 31
17 43 31
18 41 31
17 43 33
14 43 33
16 38 31
17 40 34
15 42 35
14 42 31
12 49 29
23 45 33
17 39 35
15 40 40
12 43 39
11 48 44
13 46 50
14 49 55
15 52 53
22 49 50
25 46 45
27 45 45
27 45 44
27 48 45
23 50 46
25 49 45
28 47 47
26 42 49
31 41 59
31 42 57
32 51 57
36 53 53
40 46 57
41 46 52
44 44 50
44 46 46
44 44 47
39 45 46
41 46 47
41 42 45
39 36 40
31 46 43
30 44 48
31 37 48
34 38 45
29 37 43
28 36 42
27 35 43
25 34 43
21 36 43
19 38 47
18 43 49
17 44 51
19 46 51
21 47 48
24 52 46
24 44 46
24 43 48
23 57 56
23 47 53
24 33 49
22 46 48
22 55 48
24 46 47
27 46 47
28 49 49
29 44 47
29 44 46
30 44 44
29 43 46
29 45 47
27 46 47
26 45 49
25 44 49
26 43 49
27 44 49
28 46 48
26 45 49
26 44 48
26 45 48
26 44 47
26 43 48
26 44 48
26 43 48
26 44 48
26 44 48
26 43 49
26 43 49
25 42 50
26 43 49
25 44 49
26 42 48
25 43 48
26 44 48
26 44 49
27 42 48
26 44 49
25 44 49
25 44 49
26 43 49
26 42 49
25 44 49
25 44 49
25 43 49
26 44 49
25 43 50
26 44 49
26 42 49
27 44 49
27 43 49
26 44 50
27 43 50
27 43 50
28 44 50
27 42 50
26 44 49
27 42 49
27 44 48
26 43 48
27 43 48
27 43 49
27 43 48
27 43 49
28 42 50
27 43 50
28 43 50
26 45 49
27 43 49
27 43 50
26 43 49
27 44 49
27 44 48
27 43 50
26 43 49
27 43 49
25 43 49
28 42 49