13 40 35
13 40 35
13 38 36
13 39 36
14 38 36
12 39 35
14 38 35
13 39 35
13 38 35
13 40 34
13 39 35
12 39 35
12 38 34
13 39 36
13 39 35
14 39 36
13 40 35
13 40 36
12 41 36
13 41 35
13 41 36
12 43 37
12 43 38
12 43 38
14 41 38
16 40 37
17 40 37
17 38 38
18 39 37
17 40 37
16 41 37
15 40 36
13 42 36
13 42 36
15 42 36
17 43 36
18 44 37
18 42 35
15 41 34
12 42 34
10 40 32
12 39 31
12 40 30
15 41 31
15 37 33
15 38 31
16 38 30
13 40 31
15 38 30
16 38 34
13 41 32
13 40 33
14 39 34
08 42 31
11 43 41
13 45 42
18 44 34
15 43 36
15 41 42
12 43 36
10 44 37
12 45 39
16 46 40
19 45 40
17 45 38
18 45 41
19 46 42
19 46 47
20 47 45
17 48 45
18 46 44
20 44 45
21 41 45
22 41 45
22 42 46
23 44 44
25 46 44
21 46 46
22 45 47
22 46 45
25 47 44
24 45 46
24 45 47
24 45 46
24 46 48
25 46 47
25 45 47
25 45 47
24 45 47
24 46 47
25 45 46
24 45 46
24 46 46
23 45 46
25 46 47
25 46 46
25 46 47
25 46 47
25 46 47
25 46 47
25 45 46
24 46 47
24 45 46
25 44 46
25 46 46
24 45 46
25 45 46
25 46 46
25 45 47
25 45 46
24 46 47
25 46 46
24 46 46
26 46 47
25 45 46
25 45 47
24 47 46
24 46 46
25 45 46
24 45 46
25 45 46
24 45 47
24 45 47
25 47 46
25 46 46
