12 37 34
12 33 32
13 40 33
13 38 33
14 38 34
14 38 34
14 38 34
13 40 33
13 40 33
11 39 34
12 41 34
12 40 35
11 38 35
11 40 34
12 40 35
13 39 34
12 38 35
12 40 34
13 38 34
13 40 35
14 38 36
14 39 36
13 41 35
13 41 35
14 42 35
13 41 35
13 42 36
13 44 36
12 44 34
14 43 34
13 42 34
15 42 34
14 42 35
16 42 34
15 41 34
15 41 33
14 42 34
13 42 35
13 42 36
13 42 35
12 43 35
13 41 35
14 43 34
15 41 35
13 41 34
13 40 35
13 40 35
13 41 34
14 41 35
13 41 34
15 41 35
13 41 35
13 40 36
13 41 35
14 41 35
13 41 35
14 41 35
14 40 34
13 40 34
13 40 36
13 40 36
14 40 35
14 40 35
12 41 34
13 41 35
13 40 35
14 41 34
13 40 34
14 39 34
14 40 35
13 41 35
13 41 35
13 40 34
13 40 35
13 41 36
14 41 36
13 40 35
13 40 34
13 40 34
13 38 35
13 41 34
13 40 34
14 39 35
14 40 34
13 40 34
14 40 34
13 40 35
13 40 33
12 40 35
13 42 35
13 40 35
13 41 35
13 41 35
13 40 34
13 40 34
14 40 34
14 39 33
12 41 34
12 40 35
13 39 34
13 40 34
13 40 35
13 41 34
13 40 35
12 40 34
14 40 34
13 41 34
13 40 35
14 40 34
12 40 34
13 40 33
13 41 34
13 40 35
15 40 35
13 39 34
12 39 34
13 40 34
13 39 34
14 40 34
13 41 34
13 40 35
13 39 35
13 40 35
13 40 34
14 40 34
13 40 34
13 41 35
12 41 34
13 39 34
12 40 34
13 40 35
13 40 35
13 40 34
13 40 34
13 40 35
13 39 35
11 40 35
13 40 35
13 41 34
13 41 34
13 39 35
12 41 33
14 40 34
12 41 34
14 41 34
12 40 34
12 41 34
12 41 35
12 40 34
12 42 35
13 40 34
13 41 34
13 40 34
13 39 34
13 41 35
13 38 34
13 40 34
13 39 35
12 41 35
14 39 34
14 40 34
15 40 35
13 38 35
14 38 34
13 41 35
14 40 34
13 39 35
12 40 34
12 39 35
13 39 35
13 39 34
15 40 34
13 40 34
13 40 33
14 41 34
13 40 35
14 40 35
13 40 36
13 40 34
14 40 34
13 40 36
14 40 34
13 40 34
12 40 34
13 41 35
14 40 34
13 40 36
13 40 35
12 40 35
13 40 34
13 41 35
13 40 34
13 40 34
14 40 34
13 41 34
13 40 36
14 41 34
13 40 35
13 41 34
13 40 34
13 40 34
13 39 34
12 40 34
14 40 34
13 41 35
12 40 35
13 42 34
13 40 36
14 41 35
13 40 35
13 39 34
12 40 35
13 39 35
14 40 34
14 40 36
14 39 35
13 40 33
14 40 35
12 39 35
13 40 33
14 39 34
12 41 33
14 40 34
13 41 35
15 41 34
13 40 35
14 40 33
14 39 33
13 39 32
14 39 33
14 39 33
14 40 32
13 41 33
12 39 32
13 40 32
12 40 34
12 40 32
14 41 31
14 40 32
13 40 32
13 42 32
13 41 31
12 40 31
12 40 32
12 41 31
11 41 33
13 40 32
13 40 32
11 40 33
12 41 33
12 40 33
13 40 33
12 40 33
13 38 32
12 39 33
13 38 32
12 39 33
12 39 33
13 40 32
13 41 31
13 40 31
12 40 28
15 38 29
14 38 28
14 39 28
17 39 27
16 38 27
17 40 27
16 39 25
13 41 25
14 43 23
16 41 23
16 40 23
17 40 23
17 38 23
18 39 22
15 40 23
18 41 23
17 42 24
17 42 23
16 46 25
17 45 24
17 45 24
15 50 24
20 45 30
17 49 31
21 54 29
23 50 25
25 52 22
23 49 22
24 50 21
23 52 21
24 51 24
25 51 23
26 49 22
29 49 23
31 55 24
34 52 29
40 48 32
44 54 34
44 55 50
43 55 55
40 56 49
38 48 46
43 48 43
43 50 39
41 50 38
39 50 40
38 51 39
36 55 38
36 58 39
35 54 43
36 53 45
38 54 44
39 52 41
43 53 42
38 49 41
38 50 41
39 48 39
36 49 41
37 49 39
37 50 39
36 51 37
35 52 35
36 54 34
35 56 32
33 59 32
35 55 33
35 57 34
36 55 38
37 53 37
38 50 38
35 47 38
33 44 36
33 41 31
33 46 31
34 56 34
35 59 38
35 54 40
33 51 41
31 52 41
30 55 35
30 55 33
29 56 33
30 55 31
35 58 28
35 56 31
32 54 35
29 54 35
29 55 31
27 54 29
27 52 29
28 52 28
30 51 28
30 52 30
32 54 31
34 51 33
33 53 36
33 53 36
32 53 37
32 55 37
31 53 36
33 53 36
33 52 34
32 52 34
32 53 35
31 54 36
33 54 36
32 54 36
30 56 36
29 54 36
29 53 35
29 52 37
29 53 36
31 53 35
32 51 37
31 51 38
32 51 36
31 52 37
32 54 37
32 54 37
32 56 37
31 55 37
31 55 37
30 55 37
30 54 36
32 53 37
32 52 37
31 51 36
33 52 36
33 53 37
32 52 37
32 53 37
33 53 37
32 53 37
31 53 36
32 54 36
33 54 37
32 53 35
32 52 37
33 54 36
33 53 36
32 53 37
31 53 37
33 53 36
32 53 37
31 53 38
32 53 37
31 53 37
31 53 36
31 53 37
32 51 37
32 53 38
32 54 37
32 53 36
32 52 36
32 52 37
31 52 37
33 52 37
32 53 37
32 53 36
32 53 37
32 54 37
32 53 37
31 52 36
32 54 36
32 53 36
32 53 37
32 51 37
33 53 37
32 53 37
33 55 36
32 53 36
32 53 38
31 53 37
32 53 37
31 53 38
33 53 36
32 53 37
32 53 37
33 53 37
33 52 37
32 53 36
32 53 37
32 53 37
33 54 37
32 52 37
32 53 37
33 53 37
33 53 37
32 53 36
32 53 38
33 53 37
33 53 37
32 53 37
31 54 37
32 53 37
33 54 37
32 52 36
31 53 37
32 52 37
32 53 37
33 53 36
32 54 37
32 53 37
33 54 36
33 53 38
32 54 37
31 53 38
32 53 37
31 53 36
33 54 37
32 53 37
32 53 37
32 53 37
32 53 37
33 53 37
32 53 37
32 52 36
31 54 37
31 54 36
32 53 37
33 52 36
31 53 36
32 53 37
32 53 36
32 53 37
32 53 36
31 52 38
31 53 37
32 53 38
33 52 37
31 52 37
32 53 37
32 53 37
32 54 37
32 53 38
32 53 37
32 53 37
32 53 37
33 53 36
32 53 38
31 52 37
31 52 37
32 52 36
32 53 37
32 53 37
31 53 37
32 53 37
32 52 37
31 53 37
31 53 37
32 53 36
33 53 37
32 53 37
32 53 37
32 53 37
33 52 37
32 53 37
31 53 36
31 54 37
32 53 36
32 53 36
32 54 37
32 52 37
31 52 37
32 52 38
32 54 38
31 52 37
32 53 37
32 53 37
32 54 36
32 53 37
33 52 37
32 53 37
32 52 36
33 53 37
31 54 37
31 52 37
32 52 37
32 53 37
32 53 36
32 51 36
32 52 37
31 53 37
31 53 37
32 53 37
32 53 38
31 53 36
32 54 37
31 53 37
32 53 36
32 52 35
32 53 37
31 54 37
32 54 36
33 52 38
32 53 37
32 53 38
32 53 37
32 53 37
32 54 37
31 54 37
33 53 37
32 53 38
31 53 38
32 53 37
31 53 37
32 53 36
32 54 36
32 54 37
31 53 38
32 53 36
32 53 36
32 54 37
31 53 37
32 52 37
31 52 37
32 53 37
32 52 37
32 54 37
31 52 37
31 53 37
31 54 38
31 53 37
33 53 37
32 54 37
32 52 36
33 53 36
31 54 36
32 53 38
32 54 37
32 53 37
31 53 37
31 52 37
32 54 37
32 53 37
32 53 37
32 54 37
32 53 37
31 53 37
32 53 36
32 53 37
31 52 36
32 54 36
32 53 37
33 53 36
32 53 37
32 52 38
32 53 38
32 53 37
33 52 37
32 53 37
32 53 37
31 54 37
32 54 37
31 52 38
32 52 37
32 54 38
32 53 37
31 53 36
31 54 37
31 53 38
31 53 38
32 54 38
33 53 36
32 51 37
33 54 37
31 52 37
33 54 36
31 53 37
32 54 38
33 53 37
33 53 36
31 53 37
33 52 37
32 52 36
31 52 37
32 53 36
31 52 37
32 54 37
32 53 37
32 54 37
31 53 37
32 52 37
31 52 37
32 52 38
31 52 37
32 53 37
32 52 37
32 52 37
31 53 36
32 53 37
31 52 37
32 53 38
31 53 39
32 55 39
33 54 39
31 54 38
32 51 36
32 51 34
32 53 35
34 52 35
33 53 35
33 53 35
32 54 36
32 53 37
32 52 35
34 53 36
34 54 36
34 52 37
33 52 37
33 53 38
33 53 37
32 53 37
31 52 37
33 52 37
32 54 37
33 52 39
33 53 37
33 53 37
31 53 38
32 54 37
33 53 39
33 53 38
32 53 38
31 52 38
32 52 38
32 53 38
32 53 38
33 53 38
