10 39 35
10 40 34
11 33 40
11 40 33
11 39 34
12 40 35
12 38 35
14 39 34
13 39 35
13 39 35
15 39 35
14 39 34
13 38 34
14 40 35
13 39 36
14 39 35
13 38 33
12 38 35
12 38 35
09 37 38
09 33 39
13 32 38
12 36 36
12 36 35
11 39 33
13 37 34
13 37 35
13 37 35
13 38 36
13 35 37
12 34 38
13 35 38
12 37 36
11 37 37
11 38 35
12 37 34
14 37 33
13 37 34
13 37 34
13 38 34
12 37 34
13 36 34
13 37 34
14 36 33
13 37 33
13 38 33
13 38 33
14 36 32
14 40 32
13 40 32
15 38 32
16 38 29
14 38 31
17 42 32
13 42 28
14 42 30
14 42 30
13 44 28
15 42 24
14 45 31
15 45 34
15 40 34
18 34 34
19 44 34
20 50 30
22 55 30
21 57 34
22 49 32
19 52 40
16 47 38
15 49 37
20 51 39
22 50 39
23 50 43
24 52 47
25 51 46
24 58 48
22 61 44
26 52 38
27 47 41
27 41 52
25 42 53
27 37 45
29 40 47
30 34 51
30 35 51
28 37 47
26 37 54
28 31 59
28 31 59
27 31 54
24 34 53
26 36 49
30 42 47
29 45 49
29 40 49
29 38 50
31 43 49
31 48 51
32 47 50
31 45 48
28 46 47
31 46 48
29 45 48
28 44 49
31 44 51
29 42 50
29 42 50
30 42 49
29 45 49
30 44 49
31 45 49
31 47 48
31 46 50
32 43 50
29 44 49
29 45 49
29 44 49
27 44 49
28 43 49
29 43 49
29 42 49
30 43 49
29 44 49
31 44 50
29 46 49
30 44 49
30 44 48
29 44 49
31 44 49
29 44 49
28 44 49
29 44 50
28 43 49
30 44 49
30 44 50
30 44 50
30 44 49
29 44 49
29 44 49
30 43 49
30 45 48
30 44 48
29 44 50
31 43 49
31 44 48
29 44 50
30 45 50
30 44 48
30 44 49
29 45 49
30 44 48
29 44 49
31 45 49
30 44 49
31 44 50
30 44 49
29 45 49
30 45 50
29 44 49
30 44 49
29 44 48
29 45 49
29 43 48
29 44 49
29 45 48
29 44 49
30 44 49
31 44 50
31 43 50
31 45 51
31 44 52
33 48 54
33 49 52
34 53 52
34 58 51
37 55 52
34 49 51
37 46 50
