13 37 33
13 38 34
12 38 34
13 38 33
12 38 33
12 37 33
13 38 33
13 39 32
13 38 32
11 37 33
13 38 32
11 38 33
13 37 34
13 38 33
11 38 33
12 37 33
11 39 33
13 38 32
12 38 33
11 38 33
13 39 33
13 38 33
13 38 34
13 37 33
13 37 33
12 39 33
12 38 33
12 38 33
12 38 33
11 38 34
12 38 33
12 38 33
12 38 32
13 37 33
12 37 33
12 38 33
13 38 33
13 38 32
12 38 33
13 38 33
12 37 33
13 37 33
12 38 32
13 37 33
12 38 33
14 38 33
13 37 33
12 38 34
12 38 34
12 38 33
12 39 33
12 38 32
12 38 33
12 39 33
12 38 33
12 38 34
13 38 33
11 37 32
13 38 33
14 38 34
13 39 33
13 38 33
12 39 33
12 38 34
12 37 33
12 38 33
12 38 33
13 37 34
12 37 33
13 39 34
12 39 34
12 37 33
12 37 33
13 38 33
12 37 34
13 37 33
12 38 33
12 38 34
14 39 33
12 36 33
11 38 35
13 37 34
12 38 35
14 39 34
12 37 34
11 39 34
12 37 33
11 38 35
12 37 34
12 38 32
12 37 34
12 37 32
12 35 31
12 35 31
12 34 30
14 35 31
14 34 31
14 34 30
14 33 30
14 32 29
14 31 29
14 31 27
13 31 28
12 31 28
13 31 27
13 32 29
13 31 27
14 30 27
14 29 28
14 28 27
15 28 27
15 29 27
15 29 26
15 29 26
14 29 26
14 28 26
13 29 25
12 29 27
12 29 26
12 29 28
12 30 28
13 29 28
12 29 28
13 28 28
12 29 26
12 31 26
12 31 27
12 33 26
12 31 27
11 33 28
12 34 27
13 34 28
13 34 28
14 34 28
14 33 28
13 33 29
12 35 27
11 34 31
11 34 31
10 32 31
09 33 33
09 29 33
08 29 32
09 30 33
11 32 31
12 32 29
11 31 28
08 33 29
11 31 30
11 29 28
11 27 28
11 31 30
13 33 30
14 33 29
14 32 29
13 32 30
12 33 31
09 32 31
10 33 30
10 32 29
13 32 30
13 30 31
11 29 30
10 29 31
12 32 30
12 30 29
12 31 29
10 30 29
09 29 29
13 27 30
12 28 30
13 26 28
14 28 24
14 28 22
14 26 22
14 28 23
14 27 22
16 26 22
15 26 23
14 27 25
13 26 26
13 26 25
12 27 26
13 27 28
12 27 28
11 27 29
10 28 25
11 30 26
12 28 25
14 28 26
11 29 29
12 29 29
13 28 30
12 28 32
12 30 30
11 31 32
12 29 31
12 31 36
12 29 34
11 28 31
12 28 33
14 31 35
13 31 36
11 31 35
11 34 34
12 32 37
12 32 37
12 32 38
14 33 40
14 37 42
13 34 41
13 35 41
14 37 42
14 33 40
13 32 40
13 34 42
14 37 42
15 38 43
14 36 43
15 35 43
16 36 44
16 38 45
15 37 44
15 36 46
16 38 43
15 36 44
18 35 46
19 34 47
19 34 45
16 39 45
11 39 41
13 36 40
13 37 40
15 36 42
15 38 42
14 37 42
15 37 44
14 38 43
15 36 43
16 36 43
16 37 42
17 38 43
16 38 43
16 38 44
17 38 44
17 38 45
16 39 45
16 38 44
17 39 43
17 39 44
16 39 42
15 40 41
16 38 42
16 40 42
14 40 42
15 39 43
16 39 43
15 39 43
15 37 43
15 38 43
17 37 44
16 37 44
14 36 42
14 36 44
15 36 43
14 35 43
15 36 43
14 36 42
16 35 43
16 36 45
16 36 44
16 36 44
16 35 45
16 36 44
15 37 43
16 36 43
17 38 44
17 38 44
16 37 45
17 38 44
17 38 44
17 39 45
18 39 45
17 38 44
19 39 46
18 41 45
19 39 46
17 39 45
18 39 45
17 40 46
18 40 45
20 40 46
19 41 46
18 38 46
18 39 45
18 41 44
16 40 43
16 39 44
17 38 44
16 40 42
15 39 42
14 39 42
17 39 43
16 40 41
15 41 41
14 38 40
15 38 42
15 37 42
16 37 42
14 35 41
15 37 41
15 38 43
16 37 42
15 36 42
16 37 42
16 36 42
15 36 42
15 37 42
15 37 42
15 37 41
14 36 41
14 39 41
16 39 42
16 40 43
16 40 43
16 40 44
17 38 44
16 39 45
17 39 44
18 41 44
17 41 45
18 41 48
18 38 50
18 39 50
16 38 46
15 40 44
16 40 41
14 40 37
16 40 36
16 38 35
15 38 38
14 36 40
15 33 37
13 36 38
13 35 39
12 35 37
12 35 36
12 35 37
12 35 38
12 34 38
13 34 37
12 33 37
12 35 37
12 34 38
13 35 37
14 36 36
11 36 38
13 34 37
12 34 35
11 34 37
14 36 40
14 35 37
13 34 40
15 36 43
15 37 39
15 35 41
16 36 45
18 36 39
16 38 45
18 35 48
20 36 44
18 37 48
18 37 49
19 38 46
19 38 48
20 40 46
22 41 46
19 41 48
19 39 48
21 40 47
22 41 48
23 41 50
23 41 49
24 42 48
25 41 49
24 40 49
24 42 49
25 43 50
25 42 51
26 40 50
26 41 50
25 44 50
25 44 49
26 42 49
26 43 49
26 45 49
26 41 50
24 41 50
26 42 49
26 43 50
26 41 50
26 42 50
25 43 49
26 43 50
27 41 50
25 42 50
26 41 49
25 42 50
25 42 49
25 42 49
24 42 48
23 43 47
24 43 48
24 41 48
23 40 50
25 41 49
25 43 49
25 41 49
24 42 49
23 42 49
23 42 48
23 43 47
22 42 48
23 41 47
21 41 47
23 41 48
22 40 48
21 42 48
23 40 47
24 40 47
22 41 48
23 42 45
21 42 48
20 39 48
21 40 48
23 41 49
21 40 48
23 41 49
22 41 49
23 42 47
21 40 48
22 39 48
23 42 47
22 41 48
22 41 48
23 40 48
23 41 48
22 42 47
22 41 48
23 41 48
23 41 48
24 41 49
23 42 48
24 41 48
23 40 48
23 42 48
24 41 49
22 42 48
24 42 49
23 42 48
24 42 49
23 41 49
23 41 48
22 41 49
24 41 48
22 41 48
22 41 48
22 42 48
23 42 48
24 42 48
23 42 49
23 41 49
24 42 48
23 42 49
