14 39 36
13 41 35
13 41 36
14 40 37
12 39 37
14 40 36
13 40 36
13 40 36
14 39 35
13 41 36
14 40 36
13 40 36
14 40 36
14 39 35
14 38 36
14 40 35
13 41 35
14 39 36
15 40 36
13 39 36
12 40 36
13 39 36
13 40 36
12 41 35
15 39 37
13 40 36
13 40 35
13 40 36
14 39 36
15 41 35
13 40 35
14 39 37
14 40 35
13 41 36
14 40 36
14 40 35
14 39 35
13 40 36
13 41 35
14 40 36
12 40 35
14 41 35
14 39 36
13 40 36
12 41 35
13 40 35
13 40 35
13 40 37
14 41 35
13 40 36
12 40 37
14 40 36
13 40 36
14 40 35
13 42 35
13 41 35
14 40 36
14 41 35
14 41 36
15 41 36
14 40 36
13 40 35
15 39 35
15 41 34
15 40 34
15 40 34
16 40 33
15 40 33
16 40 32
17 39 32
17 38 32
17 39 32
18 38 30
19 39 30
15 41 32
13 42 34
12 43 37
07 43 39
10 38 32
08 41 35
07 45 33
12 45 36
13 44 39
13 43 42
16 42 41
20 43 43
20 43 44
20 45 44
20 43 45
19 42 46
19 41 46
19 43 46
20 43 48
23 44 47
24 44 47
23 44 49
24 45 48
24 44 49
24 46 49
25 47 49
26 43 49
27 44 50
28 42 49
28 42 50
30 41 52
32 42 51
32 43 53
32 41 52
30 41 52
34 38 51
34 39 51
32 37 52
32 34 52
32 32 54
31 38 55
34 41 56
32 39 54
33 36 53
34 34 52
34 36 50
33 39 51
33 37 51
31 35 49
30 35 48
27 37 49
25 38 51
23 39 55
25 41 55
27 41 51
28 41 49
27 41 50
27 41 50
26 40 49
27 41 50
27 45 49
25 46 51
24 44 49
26 43 48
26 45 49
26 45 50
26 43 49
27 43 49
28 44 49
26 43 50
29 43 51
28 44 49
29 43 50
30 43 50
29 43 49
28 44 50
31 43 50
29 43 50
29 44 50
30 46 50
29 45 49
30 43 49
29 42 49
28 42 50
29 43 49
28 45 49
29 44 48
28 45 50
28 44 49
30 45 49
28 44 49
29 44 48
29 44 49
29 44 50
28 44 50
29 44 50
28 44 50
28 44 49
29 44 49
28 44 49
29 43 49
30 44 50
28 42 49
30 43 50
29 45 50
30 44 50
29 44 49
27 43 50
28 44 49
28 43 50
28 45 49
28 43 49
29 43 49
29 43 49
28 44 50
29 43 49
28 44 50
28 43 48
28 43 49
28 45 50
27 44 49
28 43 49
29 43 50
28 43 50
29 44 50
28 44 50
28 43 48
28 44 49
28 43 49
27 44 49
28 43 50
28 43 49
28 44 50
28 43 50
29 44 50
29 43 49
28 44 49
29 44 49
29 42 49
28 43 49
29 43 49
28 44 49
28 44 49
27 43 50
27 43 50
28 45 49
28 43 49
28 44 50
28 44 50
28 43 48
28 43 49
27 42 49
28 43 49
28 44 50
