13 39 35
13 38 34
13 39 35
12 39 34
13 39 35
13 40 35
13 38 34
13 38 35
13 37 35
14 38 34
13 39 35
13 38 35
12 40 35
13 39 34
13 39 35
12 37 34
11 37 35
13 40 34
13 39 35
12 39 34
13 38 34
14 39 35
13 38 36
13 39 35
13 38 35
15 39 34
13 38 35
13 38 35
13 38 35
12 38 35
12 39 35
14 39 34
13 38 34
12 38 34
12 38 35
11 38 35
12 38 34
12 39 34
13 38 35
13 38 35
13 39 35
12 39 34
13 39 34
13 39 35
12 38 35
13 40 36
13 38 34
14 39 35
13 39 34
13 39 34
12 38 34
13 39 34
13 40 34
12 39 34
13 38 34
14 38 34
13 39 35
12 39 35
13 38 34
12 39 35
12 39 34
14 38 34
13 39 35
12 39 34
12 38 35
12 39 35
12 38 35
14 39 34
13 38 33
13 38 34
12 38 34
13 39 36
12 39 35
13 39 34
13 38 35
13 38 35
13 39 35
12 38 34
12 37 35
12 39 35
13 38 35
13 38 35
14 37 34
14 38 32
14 37 34
15 37 33
13 38 34
13 38 33
14 39 34
13 38 34
13 39 35
13 39 36
12 38 38
13 40 37
12 39 37
12 39 36
12 39 36
12 40 37
11 40 37
12 38 37
14 39 37
13 40 37
13 39 36
12 37 36
13 38 34
13 37 34
14 37 33
16 37 33
15 38 34
16 37 31
15 37 31
16 36 32
16 36 29
13 34 28
15 33 24
14 31 22
13 33 22
13 31 22
14 31 21
10 33 20
09 30 22
08 31 25
06 32 25
04 36 31
05 40 36
10 33 29
03 42 30
38 31 51
07 30 36
10 31 31
10 34 31
11 35 32
13 37 34
12 36 34
12 35 33
11 31 32
09 34 31
13 36 33
12 34 34
11 32 36
12 37 36
13 37 37
14 36 38
12 34 39
13 36 38
13 37 39
14 37 40
16 37 41
15 36 43
13 37 44
16 35 45
17 35 45
18 33 45
17 32 47
18 32 46
16 34 47
17 33 46
17 35 47
18 36 48
21 36 48
20 35 47
20 33 48
20 34 48
20 35 48
19 35 48
18 37 49
20 35 48
18 35 47
19 35 48
18 36 47
20 36 47
19 35 47
18 36 46
19 36 45
18 36 47
16 35 44
14 36 43
14 37 44
15 37 43
16 36 43
15 36 43
15 35 44
16 35 43
15 34 43
14 34 43
15 34 44
16 35 45
16 33 46
18 34 48
19 34 47
17 33 46
16 33 46
16 33 44
16 33 45
15 35 44
17 35 44
16 35 44
16 37 45
16 37 45
16 37 46
18 38 46
18 39 46
18 39 45
18 38 45
17 39 45
18 39 47
20 39 46
19 38 48
20 39 47
21 38 47
22 37 50
22 38 48
22 38 48
19 40 49
23 39 50
23 38 47
22 38 50
23 36 52
26 36 51
25 38 50
27 39 53
27 36 53
27 35 53
27 40 50
27 40 52
27 38 53
27 36 52
28 38 51
27 43 51
26 40 51
28 40 51
27 40 50
27 41 51
27 39 53
27 38 51
27 39 52
28 40 50
26 41 50
27 40 52
28 38 51
27 41 51
27 40 51
28 41 49
28 40 52
29 38 51
29 35 51
28 38 52
26 39 52
28 39 51
29 40 51
28 38 52
29 37 52
27 38 52
29 38 51
28 38 52
28 38 53
29 38 51
28 39 51
30 38 52
28 39 52
28 38 52
28 38 52
29 39 51
29 38 52
29 39 52
29 38 51
29 37 51
28 38 52
28 38 52
27 38 51
29 38 52
30 36 53
30 37 52
29 38 52
29 38 52
28 37 52
28 38 52
28 38 52
29 38 52
28 38 52
29 37 52
28 38 52
29 37 52
29 37 53
28 37 53
28 38 52
29 36 53
28 38 52
28 39 52
28 38 52
29 38 51
29 37 52
29 37 52
30 37 52
28 38 52
28 38 52
27 39 52
28 38 51
29 36 53
29 38 52
28 37 52
28 37 51
29 37 53
28 38 52
29 39 53
29 38 52
29 37 52
30 38 52
29 37 52
27 37 52
30 38 52
28 38 52
28 37 52
28 37 52
28 39 52
29 38 52
29 37 52
28 37 52
28 38 52
29 37 52
28 37 52
27 37 53
28 38 52
29 37 52
27 39 53
29 38 52
28 37 51
29 37 52
28 36 53
28 37 51
28 37 52
27 38 52
29 37 53
29 37 51
28 37 52
28 35 52
29 37 51
27 38 52
28 37 52
27 37 51
28 38 53
29 36 52
29 38 51
30 37 52
29 37 53
28 38 51
28 38 52
27 38 52
29 37 53
28 38 53
28 37 51
28 37 51
28 38 52
28 37 52
29 37 52
27 37 51
28 37 52
28 37 51
28 36 52
27 38 52
28 39 52
28 37 51
28 36 53
28 36 51
27 37 51
28 37 52
28 38 51
29 36 51
30 37 53
30 37 51
30 37 52
29 37 53
29 37 53
29 38 51
28 37 52
29 37 52
28 36 53
29 39 52
30 38 52
30 37 52
29 37 52
29 37 52
28 37 52
29 38 52
28 37 53
28 38 52
28 38 52
30 36 52
28 38 52
28 36 52
28 36 52
28 37 52
29 37 53
29 37 52
27 37 53
28 38 52
29 37 52
28 37 51
28 36 51
28 36 52
29 38 52
29 38 53
28 37 52
29 37 52
28 36 51
29 37 53
28 37 52
28 37 52
28 38 52
29 37 52
28 37 52
29 37 51
