17 36 40
17 37 38
16 39 39
14 39 37
13 38 38
14 39 37
13 38 36
15 39 35
14 38 35
14 38 36
13 38 35
13 40 36
11 38 34
11 38 35
11 37 34
12 38 34
13 37 34
12 38 35
12 39 34
11 39 35
10 39 34
10 39 34
11 40 35
11 40 35
12 39 34
14 39 34
15 38 34
15 39 35
14 41 36
12 40 35
12 41 37
13 41 37
11 43 39
13 42 39
14 40 41
14 41 41
17 43 42
17 44 43
18 45 46
20 45 47
19 44 45
22 41 47
21 44 48
22 44 48
21 46 48
22 43 47
21 43 47
22 43 46
22 43 47
22 44 45
22 44 46
22 43 47
24 41 47
24 40 49
24 38 50
23 37 50
24 36 51
24 35 50
23 35 50
25 33 49
27 35 49
26 36 49
25 35 50
23 37 50
22 39 49
21 38 48
21 39 49
21 38 49
23 39 49
20 39 50
19 39 51
19 41 48
19 43 48
20 43 46
21 40 46
21 39 46
22 37 48
21 35 48
19 33 48
21 32 50
20 31 49
20 35 47
21 37 49
21 40 47
21 38 47
19 39 48
19 37 45
19 41 46
19 43 48
21 41 48
21 41 49
22 38 51
22 34 50
21 38 49
22 40 49
22 41 49
23 38 48
22 37 49
21 38 49
22 37 49
21 38 48
23 39 48
23 39 49
22 40 48
23 39 48
23 40 50
21 40 50
22 39 49
20 37 49
22 40 48
22 41 49
24 39 48
24 37 47
23 38 49
22 41 50
24 40 48
22 38 49
22 38 51
22 39 51
22 39 48
22 38 48
24 37 48
23 37 49
24 38 49
24 37 49
23 37 50
21 40 50
20 40 50
22 39 49
23 39 49
24 38 49
26 36 47
26 38 49
23 40 50
26 39 49
25 39 50
25 43 52
24 42 50
24 40 50
24 35 48
23 38 47
22 38 46
21 39 46
22 38 48
23 40 50
23 38 51
24 40 49
24 41 49
24 42 49
23 43 50
22 43 49
22 42 49
21 41 49
22 40 48
21 38 48