12 37 33
12 37 33
12 38 33
13 37 33
12 38 32
13 38 33
13 39 33
14 39 35
14 40 33
14 39 34
13 39 34
14 39 33
13 38 34
13 40 34
14 39 34
13 40 33
13 40 33
12 42 33
12 40 33
13 40 33
12 39 34
13 39 33
13 40 34
13 38 35
13 41 34
12 40 33
12 40 34
13 39 34
14 40 34
12 39 34
13 39 34
12 40 34
14 40 33
13 39 34
13 39 34
12 40 33
13 40 35
12 40 34
13 40 34
13 40 35
13 41 35
14 40 36
14 40 34
14 40 35
12 40 35
12 40 35
13 40 36
13 40 34
13 41 35
14 41 35
15 41 36
14 41 35
13 41 35
13 41 35
13 40 35
13 41 34
14 39 34
11 40 34
13 40 34
12 40 35
14 40 34
12 38 34
14 40 35
13 40 35
13 40 34
13 40 34
13 39 34
13 39 35
13 40 35
13 40 35
11 40 35
12 40 35
13 41 35
12 40 35
13 40 35
13 41 35
13 41 35
14 41 35
13 39 34
13 40 34
13 40 34
12 39 34
12 40 34
13 41 35
12 39 34
13 39 35
13 39 35
12 40 35
12 39 34
12 39 34
13 40 35
13 39 34
15 40 34
14 39 35
14 39 35
14 40 35
12 40 34
13 39 35
12 40 34
13 39 34
13 39 34
12 39 34
13 39 34
13 39 35
15 40 34
13 40 35
12 39 35
13 39 34
14 38 34
13 39 34
13 39 34
14 39 34
13 40 34
11 39 34
13 39 35
13 39 34
14 41 35
13 38 35
12 39 34
14 39 34
14 41 33
13 39 34
13 39 35
13 39 35
15 39 35
13 40 35
13 39 35
12 39 35
12 39 34
13 40 34
13 40 35
13 39 34
13 39 34
12 40 34
14 40 33
14 39 34
14 40 35
12 38 33
13 39 34
11 38 34
13 39 35
13 38 35
13 39 34
14 39 33
13 39 34
12 38 34
13 40 35
13 40 34
14 39 34
13 38 34
14 39 35
14 40 34
13 40 34
13 39 35
12 40 33
13 40 34
12 39 34
13 40 34
12 39 33
12 40 34
12 38 34
12 39 34
14 38 34
12 39 33
13 38 34
12 39 35
14 39 34
13 40 34
12 40 35
14 39 34
14 40 34
13 39 35
13 40 35
13 38 34
13 39 34
14 39 34
12 39 34
14 40 34
12 40 35
13 39 34
13 39 33
13 40 34
12 39 35
15 40 34
13 39 33
12 39 34
13 38 34
13 39 34
13 39 34
13 39 35
13 40 34
13 39 34
14 39 33
14 40 35
13 40 34
14 41 33
13 39 34
13 40 35
14 38 33
12 39 34
13 40 34
13 39 35
14 39 34
13 39 34
13 40 34
11 40 35
12 40 35
13 40 34
13 39 35
13 39 34
13 40 34
12 39 35
12 40 36
12 39 35
12 40 34
12 39 34
12 39 34
12 40 34
12 40 34
12 40 34
12 39 35
13 39 34
13 39 34
12 39 33
12 39 34
14 38 35
13 39 35
13 38 34
13 40 35
12 39 33
12 39 35
13 39 34
13 40 35
13 39 34
12 39 34
13 39 34
13 38 34
13 38 34
12 40 35
14 39 33
13 40 34
13 40 34
13 40 34
14 40 34
12 40 34
12 38 34
13 39 35
13 39 35
13 40 34
13 40 34
13 39 33
13 39 34
13 40 34
13 40 34
12 39 34
13 39 34
13 39 34
13 40 34
12 39 34
12 39 35
13 39 33
12 39 35
13 40 34
13 39 35
12 38 34
14 40 35
13 39 35
13 38 34
13 39 34
12 40 36
12 39 34
13 40 35
13 40 34
13 39 34
13 40 34
13 41 34
14 40 34
13 40 34
13 39 34
13 40 34
12 39 34
11 40 35
12 40 35
13 38 33
12 39 34
13 39 34
12 39 34
13 40 35
13 39 34
13 40 35
14 39 34
13 39 33
12 38 35
12 39 34
12 39 34
13 39 34
14 39 35
13 39 35
14 39 34
13 39 34
13 39 34
13 39 35
12 40 35
13 40 34
13 38 34
13 38 34
12 40 34
14 40 35
13 41 34
12 40 34
13 39 35
12 39 35
12 40 34
13 40 35
14 40 34
13 39 34
13 38 35
13 37 34
12 39 35
12 38 34
14 39 34
12 39 34
13 38 34
12 41 34
14 39 34
12 38 34
13 39 35
13 40 35
12 40 34
13 39 35
13 39 34
11 39 34
12 38 34
13 38 34
13 39 34
13 40 34
12 39 33
13 38 32
13 39 33
13 39 33
12 38 32
14 39 32
14 39 32
14 38 32
15 38 32
15 37 33
14 39 31
12 38 32
14 35 32
14 36 30
14 33 31
15 35 31
15 34 30
14 33 29
16 33 29
17 35 30
18 34 29
16 34 29
14 34 30
14 33 28
14 29 26
11 27 26
10 34 21
10 36 26
08 23 26
11 30 23
08 27 22
06 50 32
04 42 32
11 40 32
11 41 32
16 37 30
16 43 32
14 43 35
11 43 36
14 40 35
18 42 35
19 43 38
13 44 40
10 46 41
12 48 42
15 46 43
17 45 45
19 46 47
22 44 45
25 43 48
25 43 48
28 43 49
26 42 49
25 43 49
24 43 48
22 44 50
23 42 47
23 42 48
22 42 49
20 38 48
24 46 50
25 46 51
30 48 49
29 51 47
31 57 47
31 55 44
31 57 44
32 50 43
33 50 42
34 47 42
34 47 40
36 45 39
34 48 43
37 44 43
39 45 48
40 46 61
42 40 54
40 41 48
41 44 51
40 45 52
38 46 46
37 43 44
36 40 41
32 41 44
32 39 43
28 39 41
30 39 41
32 47 54
07 18 63
31 29 48
38 33 45
41 48 59
41 43 51
42 39 51
41 36 52
39 37 51
38 40 51
37 41 51
39 41 50
39 40 51
38 41 50
38 40 52
38 41 51
38 40 51
38 41 51
38 39 50
37 40 51
39 39 51
37 40 52
39 40 51
38 41 52
38 41 51
37 40 51
36 40 52
37 39 52
37 40 52
39 40 51
38 40 52
37 40 50
37 40 51
38 40 50
38 40 51
38 41 51
37 40 51
37 39 51
37 39 50
36 41 50
37 41 52
37 40 51
38 39 52
38 40 51
38 41 51
38 41 51
37 39 50
37 40 51
37 40 51
36 40 52
37 40 51
38 41 51
37 40 50
38 40 51
39 39 51
37 41 51
38 41 51
36 39 52
39 40 51
38 40 51
37 40 51
37 39 51
38 40 51
38 42 52
37 39 51
37 40 51
36 39 51
37 41 51
37 39 52
37 39 51
37 40 51
38 41 50
38 40 51
38 40 52
37 41 51
37 40 51
39 41 52
37 39 50
36 41 51
38 40 51
39 41 51
37 39 51
38 40 52
39 39 52
37 40 52
39 40 51
37 40 52
37 40 51
38 40 51
36 40 51
38 41 51
37 41 51
38 41 51
37 40 52
38 41 51
38 40 51
37 39 51
37 40 51
38 40 50
38 40 51
38 40 52
37 40 51
37 40 51
39 40 51
38 40 51
38 39 51
38 40 51
39 40 51
38 41 50
38 40 51
38 40 51
38 40 51
38 39 52
39 40 51
37 41 51
37 40 51
37 41 51
38 40 51
37 40 51
37 41 52
38 41 51
38 40 51
38 40 50
37 39 51
39 41 50
38 40 50
37 40 51
38 41 50
37 40 51
37 40 51
38 40 51
39 41 52
38 39 52
39 41 51
38 40 50
39 40 51
38 40 51
38 40 52
38 41 51
38 40 50
38 40 51
39 40 51
38 41 50
37 38 51
38 41 52
39 39 51
38 39 51
39 40 51
38 40 51
38 40 51
37 41 50
39 39 51
37 41 51
37 39 51
37 41 52
39 41 51
39 39 52
38 41 50
38 41 51
39 40 50
39 41 50
38 40 51
38 41 51
39 41 51
39 39 50
39 40 51
38 41 50
37 39 52
40 41 50
38 39 52
37 41 52
38 41 50
38 41 50
39 41 51
39 40 52
38 40 52
38 39 50
39 40 50
38 40 51
39 40 50
38 39 51
38 41 51
38 41 51
39 40 51
38 41 51
38 39 51
38 40 51
38 41 52
38 41 50
39 40 51
38 39 50
38 40 51
39 40 51
40 40 51
38 40 51
39 40 51
38 39 51
39 40 51
39 42 51
38 40 51
38 40 52
39 40 50
39 40 51
39 40 51
39 40 51
39 41 51
39 41 51
