12 34 31
12 34 31
13 35 32
12 36 31
12 36 32
12 35 31
10 35 31
12 36 31
11 37 31
11 37 32
10 37 32
11 36 33
12 36 32
12 36 32
13 37 34
12 36 32
13 37 33
11 37 32
12 38 33
12 38 33
12 38 33
13 39 33
13 39 33
12 39 34
12 39 34
14 40 34
13 40 32
13 39 34
13 40 34
14 39 33
13 38 34
12 40 35
11 41 34
12 40 34
12 39 34
13 39 34
13 39 35
14 39 34
13 39 34
14 38 35
14 39 35
14 39 34
13 40 34
13 40 35
12 39 34
13 38 34
12 40 33
11 39 34
13 39 35
13 39 35
12 38 34
13 40 35
14 40 34
13 40 35
12 40 34
12 39 34
13 39 33
13 39 34
13 39 34
12 39 34
11 38 33
12 39 34
12 38 34
13 39 34
14 38 33
13 39 34
12 40 35
14 40 34
13 38 34
13 39 35
13 40 34
13 40 35
13 40 35
13 39 34
13 40 34
14 39 35
11 40 34
13 39 34
13 39 35
14 41 34
12 39 33
13 40 34
13 39 34
13 39 34
14 40 34
13 39 34
13 40 34
13 40 34
12 39 34
13 38 34
11 39 34
13 39 35
12 41 34
13 40 35
13 41 35
13 41 36
12 41 35
11 39 35
14 38 35
13 39 34
14 38 34
13 39 34
13 40 35
13 39 35
13 40 33
13 39 35
13 38 35
13 39 35
12 39 35
12 39 35
13 39 34
13 38 33
13 38 33
13 38 33
13 39 34
13 39 34
12 40 34
12 39 34
13 37 34
13 39 33
12 38 34
13 38 34
12 39 34
14 39 34
13 39 34
14 39 35
13 39 35
12 39 35
13 40 35
12 40 34
13 39 34
13 39 34
13 40 34
12 39 35
12 39 34
12 39 35
11 39 35
12 38 35
12 40 35
12 40 35
11 40 35
12 39 36
12 39 35
13 39 34
12 37 33
12 37 33
13 38 33
12 38 33
13 38 32
14 37 31
13 37 31
10 36 33
11 35 33
12 36 33
12 35 33
12 35 33
11 35 32
12 36 33
12 36 34
12 37 34
12 37 33
11 35 33
12 37 34
13 36 34
12 38 33
11 40 34
14 38 34
13 38 33
12 37 34
12 37 33
12 38 34
12 37 33
12 38 33
13 39 34
13 37 33
13 39 34
13 39 34
13 38 34
14 38 34
14 40 34
14 40 32
13 39 32
13 39 32
14 40 33
14 41 31
15 41 30
15 38 29
14 40 29
12 42 31
14 42 31
15 38 30
15 40 29
12 41 30
11 35 27
16 38 30
13 44 31
12 46 30
11 46 30
14 46 28
17 45 29
16 43 31
17 44 33
14 44 31
14 43 31
18 44 31
20 46 30
21 47 31
22 48 33
19 47 32
20 47 32
17 47 33
19 50 32
19 49 32
20 48 34
20 49 32
20 50 33
21 49 33
20 49 34
20 50 34
21 51 37
22 50 37
21 51 38
21 52 37
22 51 38
23 50 38
24 49 41
24 48 42
23 49 43
26 50 44
25 48 44
27 49 45
26 49 46
29 49 47
29 49 47
29 48 49
31 46 47
31 47 48
32 49 49
31 45 49
31 44 49
33 44 50
33 45 53
35 46 52
35 44 50
34 44 52
34 43 52
35 39 51
34 37 53
35 41 51
37 35 51
39 48 53
39 46 50
39 41 49
39 46 50
38 45 49
39 43 47
36 42 48
35 42 51
33 39 52
34 41 54
35 39 51
36 39 50
33 39 52
33 38 52
32 37 49
32 38 48
34 40 50
36 48 56
38 42 50
37 41 52
38 38 53
37 39 52
39 39 52
39 41 52
39 40 50
38 39 52
39 41 52
38 40 50
39 42 50
39 41 50
39 42 51
39 42 51
38 40 51
38 40 51
38 41 50
38 39 50
38 40 51
38 41 51
40 40 51
39 41 50
38 41 50
39 40 50
38 42 51
40 41 50
38 41 51
39 40 51
39 41 51
39 42 50
37 40 51
38 42 50
38 40 50
39 41 50
39 41 50
39 41 51
37 40 52
38 41 51
38 41 51
38 40 51
38 42 51
39 40 51
39 40 51
38 40 50
38 41 49
38 40 50
38 40 51
37 41 50
39 40 51
39 40 50
39 41 51
37 41 50
38 39 51
37 41 51
37 40 51
39 42 51
39 41 51
38 40 51
39 41 51
37 40 51
38 41 51
38 41 50
39 41 51
39 41 51
38 40 50
38 42 51
38 40 51
39 40 51
39 42 51
38 39 51
39 41 50
39 41 50
38 40 51
38 41 51
38 39 50
39 39 50
38 38 50
38 41 52
38 40 51
38 40 50
38 40 51
38 41 51
38 41 50
38 39 51
38 41 51
38 40 52
37 41 51
38 40 50
39 40 50
38 41 51
39 41 50
39 40 51
37 41 51
39 40 51
38 41 51
37 40 51
37 42 50
38 41 50
38 41 51
38 40 50
38 42 50
39 40 51
38 40 50
38 40 50
37 40 51
38 40 50
37 40 49
38 41 51
38 40 51
39 42 51
37 41 50
38 39 52
39 40 51
39 41 51
39 40 51
37 40 51
39 41 51
38 39 51
39 40 51
39 41 51
37 40 51
39 41 51
38 41 51
39 40 50
39 40 50
39 41 51
39 40 50
38 41 51
39 40 51
39 40 51
38 39 50
38 41 50
38 39 51
38 41 50
38 41 51
39 41 51
38 40 51
39 42 51
39 41 51
39 41 50
39 41 50
38 40 51
39 41 51
40 41 51
40 41 51
37 40 51
38 40 51
39 40 51
38 40 50
38 41 50
38 40 51
38 42 50
38 40 50
38 41 50
38 40 51
39 40 51
38 40 50
38 40 51
39 40 50
38 41 51
37 41 50
39 41 50
38 40 50
39 40 51
37 40 51
38 40 50
38 41 51
38 40 50
38 42 50
39 39 51
39 40 50
39 40 50
38 40 50
38 39 51
39 42 51
38 41 50
39 41 51
38 41 51
38 41 51
38 40 51
38 41 50
39 41 51
39 40 51
39 40 50
38 41 51
38 41 51
38 41 50
38 41 51
39 40 51
38 41 51
38 41 51
38 40 51
38 42 51
38 40 51
39 41 50
37 41 51
39 40 52
38 41 50
38 41 51
39 41 50
39 41 51
39 41 51
38 42 49
38 41 51
37 40 51
39 40 51
38 41 51
38 40 50
38 41 51
38 41 51
40 39 50
39 40 51
39 41 50
38 41 51
37 40 52
38 40 52
38 41 51
38 41 51
40 40 51
37 41 51
39 40 51
39 41 51
39 40 51
39 41 51
37 42 51
38 40 52
38 41 51
39 41 51
38 40 50
38 40 50
38 41 51
38 41 51
38 39 50
39 40 50
38 41 51
38 41 51
38 41 50
37 41 51
38 40 52
39 39 51
39 40 51
39 41 51
39 41 51
38 40 51
38 39 51
39 41 50
39 41 52
37 41 50
38 40 51
38 40 50
38 42 51
38 41 50
37 41 51
38 40 51
38 40 51
38 40 51
39 40 50
38 40 51
38 41 51
40 42 51
38 42 50
39 41 51
38 40 50
39 41 51
38 41 51
39 40 50
38 40 51
40 41 51
39 42 50
38 40 52
38 40 51
38 40 50
38 41 50
38 41 50
