13 33 34
12 35 34
11 37 34
12 37 33
14 38 34
12 37 33
12 38 33
14 38 33
12 38 33
11 38 35
13 38 34
12 39 35
11 38 35
13 38 34
11 38 34
12 38 35
13 38 36
12 38 35
13 38 35
13 38 35
13 38 34
13 39 34
13 41 35
12 41 35
13 40 35
12 39 34
12 41 35
12 41 34
12 40 35
13 39 35
13 38 36
14 37 36
13 40 37
12 39 35
13 40 34
12 40 34
13 39 34
14 38 35
13 38 35
13 38 36
12 39 36
13 39 36
13 40 35
13 40 35
13 41 36
12 40 36
13 39 35
12 41 36
13 39 35
13 40 36
12 40 35
14 39 35
13 39 36
13 40 35
12 41 36
13 40 35
13 39 36
13 40 35
14 40 35
13 39 35
13 39 36
13 40 35
13 39 35
13 40 36
14 39 35
13 38 34
14 38 35
14 41 35
14 39 35
14 39 34
12 39 36
13 39 35
13 39 34
13 39 35
13 38 35
13 40 35
12 38 35
13 39 34
13 38 35
12 38 35
14 39 35
13 37 34
12 39 35
13 39 34
13 40 36
13 39 34
12 39 35
14 41 37
14 39 36
12 41 36
14 39 35
12 37 35
12 39 35
13 39 34
12 38 33
12 38 34
13 39 34
13 40 34
13 39 34
15 39 34
14 39 34
13 40 35
14 40 34
16 40 33
15 42 34
16 44 33
17 45 33
17 44 31
19 42 31
19 42 29
19 41 29
20 41 28
18 41 27
17 43 28
12 44 27
09 45 28
10 51 34
05 49 35
14 53 37
20 42 37
24 44 35
24 40 33
26 49 38
27 41 34
29 48 32
33 60 41
32 60 39
33 53 42
32 52 44
33 53 46
36 48 47
41 49 52
54 42 60
52 32 61
40 32 54
34 28 47
39 40 46
40 48 49
44 39 42
49 42 42
47 46 51
45 44 49
44 41 48
45 38 49
43 44 51
43 46 49
40 48 54
43 51 60
44 51 51
44 49 47
39 46 44
38 48 43
36 41 39
35 45 41
36 47 37
36 48 41
32 47 39
30 49 36
31 47 33
34 51 34
35 62 38
34 56 40
32 47 39
32 50 45
33 55 51
37 54 47
34 54 43
33 54 40
32 56 37
33 54 36
34 52 37
33 52 39
36 52 40
35 52 40
35 51 39
34 44 38
36 44 39
38 49 40
39 62 45
33 49 43
31 50 38
31 55 38
32 55 37
33 52 39
35 51 41
36 51 42
36 52 43
35 50 41
35 51 41
34 52 42
34 52 42
33 53 42
34 52 39
35 51 38
34 51 37
38 50 37
37 50 40
37 51 40
37 51 41
36 51 39
36 52 40
34 52 41
34 52 41
35 52 42
34 51 41
35 51 42
35 52 40
35 52 41
34 51 41
34 52 40
35 51 41
35 53 41
36 52 42
37 52 42
35 51 41
35 51 41
34 51 41
34 51 41
35 50 40
36 52 40
35 53 41
35 52 41
35 52 41
35 52 41
34 52 42
35 51 41
35 50 40
36 51 41
35 52 41
35 52 41
36 52 40
36 51 41
34 52 41
34 52 41
35 50 40
34 52 41
35 52 40
35 52 41
34 51 42
35 52 41
35 52 41
35 52 40
35 52 41
35 51 41
35 51 42
35 51 41
35 51 41
34 52 42
34 51 40
35 52 40
35 52 40
34 52 42
36 52 40
35 50 41
35 51 40
35 51 41
35 51 41
35 51 41
35 52 41
35 52 41
35 51 41
36 51 41
33 52 41
36 51 41
35 51 41
36 51 41
35 51 41
35 51 41
35 51 42
35 50 42
35 51 40
35 52 40
35 52 43
36 49 40
34 52 41
35 50 41
35 51 41
35 51 40
36 50 41
34 51 42
34 51 41
34 52 41
36 52 41
36 52 40
35 50 41
35 52 41
34 51 41
36 52 41
36 51 41
34 51 42
34 51 41
34 52 42
36 51 40
35 53 41
34 52 40
36 51 41
35 50 42
35 51 41
35 52 42
34 53 41
34 51 41
36 51 40
35 51 41
35 51 41
35 51 41
36 51 41
36 51 41
35 51 40
36 51 41
35 52 41
35 51 41
35 51 40
34 51 41
36 52 41
36 52 41
35 51 41
34 52 41
34 51 42
35 52 41
35 52 40
36 52 41
35 51 41
35 52 41
35 52 41
34 52 41
36 52 41
35 51 41
35 52 41
35 51 41
36 51 40
35 50 42
35 51 41
35 51 41
34 52 41
35 52 42
35 50 41
36 50 40
34 52 41
35 51 41
35 51 41
34 51 42
35 51 41
35 51 41
36 51 40
34 52 42
35 52 42
36 51 42
35 51 41
35 51 40
34 52 41
35 51 40
35 52 41
35 51 41
36 52 41
34 51 40
36 50 41
36 50 41
36 51 41
35 52 42
35 51 41
34 50 41
34 51 41
36 51 42
34 52 42
35 52 41
35 51 41
34 50 42
35 51 41
35 51 42
34 52 40
35 51 42
36 51 40
34 51 41
36 51 41
36 51 42
35 52 41
35 51 40
36 51 41
35 52 41
36 52 41
35 51 41
35 51 41
34 52 41
35 52 42
36 52 41
36 52 41
35 52 40
34 52 41
35 51 41
35 52 41
36 51 41
34 51 41
35 51 40
35 51 42
34 52 41
35 51 40
34 52 41
35 52 39
34 52 40
35 51 40
35 51 42
35 51 41
35 51 41
35 51 40
35 53 42
35 51 42
35 52 41
35 50 41
36 51 42
34 52 41
35 51 42
34 51 42
36 51 40
35 51 41
34 51 41
36 51 42
35 52 40
35 52 41
35 51 41
35 51 41
36 50 42
35 50 42
35 51 41
36 51 41
37 52 40
37 50 39
36 52 40
37 50 42
35 50 39
35 54 41
36 52 42
36 52 41
35 50 41
36 51 42
37 51 41
35 52 41
35 52 41
35 50 41
35 51 42
35 51 42
35 49 42
35 49 42
35 51 42
35 51 42
35 50 42
35 50 42
35 51 42
35 50 43
35 51 42
35 50 42
36 49 43
34 50 43
35 50 43
34 50 42
35 50 43
35 51 43
35 51 42
35 50 43
34 51 42
35 50 43
34 49 43
34 51 43
35 51 43
