58 12 38
12 38 33
11 39 33
11 40 34
12 39 33
13 39 33
13 40 33
12 39 32
12 39 33
11 39 33
12 38 34
13 39 33
14 39 33
14 39 32
13 41 33
11 40 33
12 39 32
12 38 33
12 39 34
13 39 34
13 39 33
13 40 32
12 40 32
12 38 32
12 39 33
12 39 33
12 39 33
14 37 34
12 38 33
12 39 33
12 41 33
14 39 32
12 38 33
11 40 33
13 39 33
13 39 33
12 38 33
15 38 33
16 37 33
17 37 33
16 38 33
17 36 32
15 38 32
15 36 30
15 36 30
15 35 31
15 35 29
12 35 29
10 35 29
12 33 27
12 33 29
10 32 28
09 33 29
10 34 28
09 36 28
08 37 28
12 36 28
11 36 27
08 37 30
11 35 33
09 40 32
12 41 32
12 42 32
12 42 31
15 38 31
14 42 32
15 43 35
11 39 37
11 43 39
14 46 39
16 45 40
16 45 40
17 51 39
17 45 40
18 45 40
18 40 40
20 47 40
20 49 37
20 51 35
21 53 28
20 50 31
20 50 32
17 49 32
17 44 34
17 49 31
19 49 31
19 46 31
19 49 30
17 48 28
17 45 29
16 48 30
17 44 27
20 41 24
19 44 20
10 41 26
10 38 29
17 35 31
14 40 24
12 32 30
13 40 25
12 39 32
13 39 29
11 37 27
12 37 29
14 38 29
11 33 29
12 29 29
09 23 25
13 25 30
14 30 26
12 32 30
12 32 30
07 35 29
16 45 28
14 42 27
14 43 27
12 45 26
14 47 26
17 49 25
19 44 30
19 43 33
18 49 33
17 53 32
17 48 34
18 53 37
15 50 38
17 52 40
16 57 41
21 55 36
28 51 35
32 53 32
32 50 32
31 47 35
29 50 36
29 46 40
26 40 42
21 35 49
23 41 55
23 39 52
24 38 49
23 41 49
26 43 49
26 44 50
28 50 49
28 45 46
26 48 49
23 53 56
21 51 58
24 51 59
28 43 59
33 38 58
35 33 54
37 31 50
39 29 47
39 32 44
39 30 42
38 30 44
36 35 45
35 31 43
33 35 43
31 45 48
32 40 49
33 41 50
34 40 55
34 40 55
31 37 53
29 35 50
29 35 51
26 35 52
27 45 55
30 35 50
32 39 54
32 38 52
33 37 53
33 35 53
32 34 54
31 34 53
31 36 52
32 37 52
31 39 52
32 37 54
31 36 53
32 36 53
32 35 53
32 37 53
31 37 53
31 35 53
33 36 53
32 36 52
31 36 53
32 36 52
32 37 53
31 34 52
31 37 53
31 37 53
31 36 53
31 37 53
30 35 52
31 37 53
31 37 53
32 37 52
32 35 53
31 35 53
30 36 52
31 35 52
32 35 52
30 35 52
30 36 53
32 35 53
32 36 52
30 35 53
31 35 53
31 36 52
32 35 53
31 35 53
31 35 53
31 35 52
31 35 53
31 35 53
31 35 54
31 36 52
31 36 53
31 35 53
33 35 53
32 35 52
31 36 53
31 35 52
33 36 52
30 36 53
31 35 53
31 35 53
31 35 53
31 36 53
30 35 53
31 36 53
30 35 53
31 35 51
32 36 52
32 35 52
33 34 53
32 36 53
31 36 53
33 35 52
31 37 52
31 35 52
31 35 52
31 35 53
31 35 53
31 34 52
31 34 52
31 35 53
32 35 53
31 36 53
31 35 53
31 36 53
31 33 53
