12 35 32
12 35 32
12 34 31
13 35 33
12 35 32
12 35 31
13 36 31
12 32 32
14 32 31
13 33 31
10 34 31
10 33 31
10 33 32
09 34 33
10 35 33
11 33 32
10 33 33
12 33 32
13 32 31
13 32 31
13 32 32
12 33 32
11 34 34
12 33 32
11 33 32
12 35 32
11 33 33
12 34 34
11 33 33
12 33 33
11 32 33
12 35 32
12 34 33
12 33 34
12 33 32
12 34 33
12 34 33
12 34 33
13 33 33
13 33 33
14 33 31
15 34 33
15 32 33
15 33 32
14 33 31
15 33 31
18 34 31
18 33 31
17 34 31
17 36 32
16 34 34
17 34 31
13 35 34
12 34 34
13 33 34
12 33 36
12 37 36
04 44 32
05 50 51
03 40 48
12 41 41
24 40 58
22 34 63
26 33 63
27 30 63
27 36 61
25 30 49
24 20 46
26 26 37
25 36 33
25 35 35
29 31 36
33 32 43
33 38 46
32 39 51
24 44 51
22 31 47
23 38 55
21 41 63
20 30 62
24 31 53
24 36 50
26 37 53
26 38 51
27 39 52
28 40 52
27 39 51
28 40 52
27 39 52
26 38 49
25 39 50
25 38 51
24 38 52
25 37 52
27 39 52
26 39 51
27 39 51
26 38 51
26 38 51
25 38 51
26 38 52
26 38 51
25 38 51
26 38 51
26 39 51
27 37 52
27 38 51
27 38 50
27 38 51
25 38 51
27 39 51
25 38 51
26 37 51
25 37 51
26 38 51
27 38 50
26 39 52
26 37 51
27 39 51
26 38 52
26 38 52
27 38 51
26 39 51
26 39 50
25 38 50
26 38 50
26 39 51
25 39 51
25 38 51
25 38 51
24 38 51
24 38 49
24 38 50
23 37 50
23 38 49
23 40 50
25 38 50
24 40 50
23 39 50
22 39 50
24 39 50
24 39 51
23 38 49
22 40 50
24 39 50
24 39 50
25 40 50
25 38 51
25 38 50
23 39 50
25 39 51
24 40 49
24 39 51
24 39 51
24 38 50
23 38 50
23 38 50
23 39 51
23 39 52
