12 35 35
12 35 35
13 35 34
12 37 34
11 37 35
12 36 34
13 38 33
12 37 34
13 35 33
12 36 33
14 36 33
14 37 33
13 38 33
14 38 32
15 37 33
15 38 33
14 39 33
15 40 34
13 39 32
10 37 32
10 37 31
10 37 30
10 41 30
09 45 38
15 36 45
19 35 37
21 43 35
16 47 37
17 48 37
15 42 38
15 41 39
15 44 37
11 48 37
15 46 38
15 46 37
18 44 39
19 44 39
17 47 37
17 47 39
18 44 38
18 45 41
19 45 41
19 44 43
19 44 41
19 44 43
19 45 47
21 44 51
26 42 54
29 46 53
28 41 49
28 39 48
27 40 48
27 40 49
27 43 52
28 42 52
27 42 49
27 41 48
24 43 48
25 41 50
25 42 49
23 44 50
23 45 49
23 42 48
23 43 51
24 41 50
24 43 51
24 42 49
26 41 48
28 42 46
29 42 49
28 43 50
27 41 50
28 40 49
28 38 49
28 39 49
28 37 49
30 38 49
23 46 60
27 42 50
25 42 45
25 42 47
25 43 50
28 43 52
28 42 50
29 41 50
27 42 50
27 43 51
27 43 50
27 41 50
27 42 50
28 43 48
27 43 50
28 43 49
26 42 49
27 42 50
27 41 51
27 41 50
26 42 50
27 42 49
27 42 50
28 42 49
28 41 49
26 41 50
27 42 50
27 43 50
27 44 51
27 42 50
27 42 50
27 42 49
27 42 49
28 42 50
26 43 50
26 42 50
26 44 49
27 41 50
27 43 49
27 42 49
26 42 50
27 43 49
27 43 50
27 43 49
27 42 51
26 42 49
26 42 50
26 44 50
27 42 49
27 41 49
27 44 50
27 42 50
27 43 49
26 43 49
