12 36 32
11 34 31
13 35 31
14 36 32
14 35 31
13 35 31
13 37 31
13 38 33
13 37 32
12 38 33
12 38 33
12 39 32
13 39 33
13 39 33
11 39 34
12 39 33
11 40 33
12 39 32
13 40 33
12 39 33
13 40 33
11 41 33
13 39 32
14 40 33
13 41 33
12 41 34
13 39 33
13 39 34
13 39 34
13 40 32
11 40 33
13 40 33
13 40 34
13 40 35
14 40 34
14 41 34
14 40 34
14 41 33
13 40 35
14 40 33
12 40 34
14 40 34
13 40 34
13 39 33
12 41 34
13 39 34
12 40 34
13 39 34
13 39 34
12 38 34
14 40 34
12 39 35
13 40 33
15 39 33
12 39 34
11 41 34
12 40 33
14 39 34
13 39 34
13 39 35
13 40 34
14 39 34
13 41 34
14 40 36
14 41 35
14 40 34
15 40 34
14 40 34
13 40 34
13 40 34
12 40 34
13 41 34
12 39 34
13 40 34
13 40 33
13 40 33
14 41 33
14 40 34
13 40 34
13 38 34
13 39 34
13 41 34
12 40 33
14 39 33
14 41 34
14 39 34
13 40 34
14 40 34
13 41 34
14 40 33
13 40 34
13 39 35
13 41 35
14 41 35
13 41 34
12 41 33
13 39 33
14 40 34
13 39 33
14 40 33
13 40 32
13 38 33
12 41 34
12 39 33
13 41 35
13 40 34
13 41 34
13 40 34
13 39 33
13 39 33
12 40 33
13 39 32
11 36 33
13 38 33
13 38 33
12 39 32
11 40 33
12 39 34
12 38 34
12 39 33
13 39 33
13 38 31
12 38 31
13 40 33
12 39 32
12 39 33
13 39 32
11 40 33
12 39 32
11 38 34
11 39 35
12 37 33
12 38 33
11 39 32
13 37 31
11 38 31
12 38 31
13 38 32
12 38 32
11 38 32
12 37 32
12 39 31
12 38 32
12 38 33
13 38 33
13 37 32
11 38 31
13 37 32
12 38 32
13 39 32
12 37 32
11 39 32
12 39 33
13 39 33
11 38 34
12 37 33
13 38 33
15 38 33
15 37 32
13 38 33
12 39 32
13 39 32
13 39 33
13 40 34
12 38 32
13 38 33
13 37 32
13 39 32
13 38 33
13 39 31
13 39 32
14 38 33
13 38 32
12 39 32
12 38 32
12 38 31
13 36 32
12 37 33
14 37 31
13 38 31
13 38 31
14 38 30
14 38 30
14 38 30
14 38 29
14 38 30
13 38 30
14 38 30
14 38 30
13 39 31
13 40 32
12 38 31
12 40 32
15 39 32
15 38 33
13 37 34
13 35 34
11 34 35
11 31 34
13 33 36
11 34 35
12 32 33
12 33 29
12 32 29
12 32 27
11 30 26
10 30 25
13 32 25
10 29 26
07 32 34
03 35 29
03 23 32
15 31 35
16 33 29
13 31 31
08 34 35
12 36 34
12 40 35
12 40 34
10 39 35
12 38 33
14 38 32
13 34 34
12 41 36
14 41 35
14 41 35
14 41 35
16 39 34
18 38 32
20 41 34
15 48 44
09 46 46
18 43 42
18 44 42
18 45 45
19 45 43
19 43 44
18 42 43
18 43 42
20 43 49
23 43 48
25 41 45
22 42 51
27 44 49
29 45 52
27 45 54
27 41 51
27 46 42
24 42 45
22 43 48
20 40 48
21 39 45
24 39 46
23 41 45
28 43 42
26 41 38
21 41 37
19 42 37
14 39 38
14 37 38
10 49 54
06 22 63
17 42 50
20 38 40
21 40 50
21 43 56
20 39 46
21 53 45
22 57 47
26 54 48
24 49 47
27 49 46
26 48 47
28 49 46
23 37 44
32 45 44
34 53 45
37 45 43
35 43 46
35 44 46
34 39 45
34 39 44
32 48 61
36 35 51
39 43 52
41 44 54
42 41 51
42 41 51
40 43 56
39 37 50
37 39 50
37 42 47
34 38 44
29 37 42
30 36 46
33 40 62
31 42 58
38 35 45
40 38 55
39 42 53
40 39 51
39 38 50
37 39 52
36 38 51
37 40 51
37 39 51
38 39 52
38 40 52
36 42 51
38 40 51
38 40 51
39 39 50
40 40 52
37 39 51
38 39 51
39 40 51
37 40 52
38 41 51
39 40 51
38 40 52
39 39 51
38 40 52
38 40 50
38 40 51
38 40 51
38 40 51
38 39 51
39 40 51
38 40 51
37 41 51
38 40 51
38 40 51
38 39 52
39 39 50
39 40 50
38 40 50
38 41 51
39 41 51
38 40 51
39 40 51
37 41 51
40 40 51
39 40 51
38 40 50
38 41 51
37 39 50
39 40 51
39 40 51
38 40 51
39 40 52
39 40 52
39 39 51
37 40 52
38 40 51
39 42 51
38 40 52
38 40 51
38 39 51
38 41 51
38 41 50
38 40 51
38 40 50
39 41 51
38 40 51
38 40 51
38 40 52
38 40 51
39 40 52
38 40 51
37 42 51
38 41 51
38 41 51
38 39 51
37 39 51
39 40 51
38 39 51
39 40 52
38 40 50
37 40 50
40 40 51
39 40 51
38 40 51
39 40 52
38 40 52
37 40 52
37 40 51
38 39 50
38 40 51
38 40 51
38 41 51
38 41 50
37 40 51
39 41 51
38 40 51
39 40 51
38 40 51
39 40 51
38 41 51
39 40 51
38 40 52
39 40 50
38 41 51
38 41 52
37 40 51
39 39 51
37 41 52
38 40 51
38 40 51
38 40 51
38 40 51
38 40 51
37 40 51
38 40 51
39 40 51
39 40 51
38 40 51
39 40 51
40 40 52
39 40 51
38 39 52
39 41 51
38 41 51
39 40 51
38 40 52
39 40 50
37 40 51
38 40 51
38 41 51
37 40 51
38 40 51
37 40 51
38 40 52
38 40 51
38 39 52
38 39 51
38 40 51
39 41 51
38 40 50
39 38 51
39 39 51
38 39 50
38 40 51
38 39 52
38 40 51
38 39 51
39 39 51
39 39 52
38 40 52
38 41 51
39 41 51
37 40 52
38 41 51
37 40 51
39 40 50
38 39 52
39 41 50
39 40 51
38 40 52
