63 35 40
35 40 51
34 42 52
35 40 51
35 40 51
34 40 51
34 40 52
35 41 50
35 40 51
35 41 52
35 40 51
35 40 51
34 41 52
36 40 51
35 41 51
35 40 52
34 40 52
35 41 53
33 41 50
34 41 51
34 40 51
35 40 52
34 40 51
34 40 51
34 41 51
34 41 52
36 41 51
34 41 50
35 41 52
35 40 51
34 41 51
35 40 52
35 41 51
35 40 51
35 41 52
33 41 51
34 40 51
34 40 51
35 39 51
34 40 51
35 39 52
34 40 51
35 41 51
35 40 51
35 41 51
34 42 52
34 41 51
34 41 51
35 41 52
34 40 51
34 41 52
34 41 52
36 41 51
35 41 51
35 43 50
34 43 51
36 40 49
35 39 52
34 39 54
33 37 55
34 35 52
35 39 51
34 39 52
34 42 50
34 42 51
35 42 51
36 40 52
34 39 52
36 39 52
35 39 51
35 40 52
33 41 49
32 41 49
32 44 50
32 46 51
33 44 51
35 42 50
35 43 50
35 44 49
35 45 49
34 44 49
34 43 50
34 43 51
35 43 51
35 42 51
34 44 49
34 44 49
34 43 48
34 43 51
34 43 49
35 44 50
34 44 49
33 44 50
34 43 50
35 43 50
36 43 49
36 44 49
35 42 48
34 43 49
34 43 50
33 45 51
34 46 51
34 45 50
33 44 49
33 42 48
34 45 48
34 45 48
35 45 50
33 46 50
33 44 50
32 44 49
33 44 50
32 44 49
30 45 50
30 46 49
33 43 50
36 41 51
36 36 49
41 39 49
37 45 43
35 49 41
37 46 40
49 47 45
43 50 51
38 48 48
39 44 52
35 43 54
37 41 50
38 46 49
35 52 50
32 50 49
30 45 51
30 46 52
25 48 50
11 51 52
18 37 49
16 36 48
18 43 49
20 43 49
26 42 46
30 44 46
34 47 50
41 36 46
45 39 43
35 46 52
22 45 53
14 33 51
13 41 46
07 42 42
14 43 45
19 42 46
19 42 44
17 43 43
17 41 41
16 44 42
18 42 43
17 40 43
15 44 40
13 44 40
15 43 41
14 43 39
17 44 39
13 42 39
13 40 35
13 43 36
11 45 37
14 45 34
13 44 34
11 42 34
09 41 36
12 41 34
14 39 34
16 36 32
14 38 31
18 36 29
18 34 29
18 34 31
19 35 37
17 31 43
11 27 45
09 33 42
08 37 42
06 36 42
08 34 39
11 34 38
13 35 38
16 36 38
15 33 36
16 32 37
17 29 38
16 32 42
13 32 42
11 34 43
11 36 41
11 34 41
12 32 39
15 33 40
16 35 41
16 36 42
16 34 43
14 34 44
12 35 41
12 36 42
12 36 42
13 37 43
15 37 41
15 38 41
16 36 40
14 37 41
14 35 41
14 36 41
14 37 43
14 36 44
14 37 43
13 37 44
13 34 45
11 36 44
12 34 44
13 39 47
11 38 47
14 42 51
12 48 50
16 46 48
20 42 45
23 42 44
26 44 42
28 42 41
27 43 41
29 39 42
24 35 41
24 30 42
23 37 43
18 30 43
13 29 41
03 38 44
07 38 49
08 36 50
16 37 43
24 38 43
21 46 51
20 42 48
22 40 43
18 48 42
20 49 43
21 50 43
18 49 41
16 50 36
15 50 33
17 48 33
17 50 35
17 48 34
17 51 35
12 53 32
10 51 30
08 48 29
03 43 28
00 36 30
02 32 29
07 33 32
12 33 34
17 33 34
19 37 34
21 37 35
23 34 34
24 35 34
22 35 33
19 36 31
17 37 31
15 39 31
14 39 31
14 38 32
12 40 32
12 38 33
13 37 33
11 37 32
12 39 35
13 39 34
14 39 34
14 38 35
16 39 35
14 38 35
15 38 35
15 38 34
13 37 33
10 38 32
05 36 29
09 36 29
11 36 28
13 36 29
13 33 30
14 34 31
12 33 28
10 36 26
08 34 28
08 35 27
09 36 28
12 34 28
12 34 28
13 34 29
12 35 28
12 37 26
13 37 27
13 38 28
13 37 29
13 38 29
10 38 29
09 37 29
11 40 30
13 38 32
14 38 32
13 40 33
13 39 33
12 37 32
13 36 32
14 36 31
15 36 32
14 39 32
13 41 33
11 42 34
12 42 34
15 40 35
17 43 35
17 42 36
16 41 38
16 42 39
15 42 41
17 45 41
16 46 39
15 46 38
15 44 38
14 44 37
13 43 35
11 42 35
11 41 35
10 41 34
11 40 35
14 40 33
14 39 33
13 39 33
13 38 33
14 38 34
13 39 34
14 40 33
14 39 33
14 38 34
13 38 33
13 39 33
12 39 34
12 40 32
11 39 34
13 40 34
12 40 34
14 39 33
13 39 33
12 40 33
12 39 32
12 39 33
14 39 32
12 39 33
12 40 32
11 38 33
12 38 34
12 40 33
13 39 34
13 39 34
12 38 35
14 38 34
13 39 32
12 40 33
13 39 33
12 39 34
13 40 33
