17 38 44
17 36 43
15 39 43
13 37 44
15 39 43
16 38 43
14 38 42
13 38 45
14 36 45
15 40 44
17 40 40
17 40 40
18 44 39
19 45 39
19 43 40
20 47 39
18 47 38
18 49 38
18 47 38
19 46 39
16 46 41
18 44 40
16 45 39
17 44 40
18 44 39
16 45 44
17 45 42
18 44 41
20 46 39
20 52 40
21 51 39
18 47 40
18 45 40
20 44 39
20 44 40
19 47 40
17 45 42
18 43 43
18 44 41
17 44 41
16 47 32
18 50 41
18 43 44
19 43 45
20 45 43
20 47 38
19 45 41
19 46 42
22 46 41
24 44 40
23 44 37
23 51 28
20 50 38
20 45 37
18 51 33
20 51 32
22 49 26
18 49 29
16 50 32
19 49 32
22 53 33
21 55 31
21 48 31
22 53 35
20 51 32
21 51 32
21 51 32
22 49 33
22 49 32
22 51 33
21 52 33
20 51 33
23 49 32
21 50 32
19 50 32
17 47 33
16 46 32
17 47 31
16 52 29
19 52 32
21 50 35
21 51 35
21 47 42
21 43 44
20 43 44
19 49 44
19 48 43
20 42 45
21 42 45
20 44 44
19 47 38
18 44 35
17 46 36
14 41 39
15 43 38
15 43 37
15 43 39
15 45 38
16 45 37
14 44 37
15 44 35
16 42 35
15 43 34
16 40 36
17 43 36
17 46 37
16 45 37
16 44 40
15 45 40
17 44 40
18 42 39
18 45 40
18 45 40
17 47 39
16 47 38
16 49 38
17 49 40
14 48 39
17 46 37
19 46 35
19 46 35
18 48 35
17 49 36
17 47 36
16 45 37
17 44 37
18 46 37
18 46 38
16 48 40
16 45 39
16 45 39
15 42 38
16 43 39
17 43 40
18 44 38
17 43 41
17 45 41
19 44 42
19 45 42
18 45 40
17 43 39
17 43 41
18 44 42
17 42 42
19 44 43
19 45 43
18 44 44
18 45 46
17 41 43
17 42 43
18 43 43
20 44 45
18 46 47
18 43 46
17 44 45
17 43 44
19 41 44
18 43 45
21 46 48
21 40 48
22 39 49
24 41 51
23 40 51
21 36 50
23 38 49
22 40 52
23 39 52
24 37 52
25 38 51
24 40 50
24 40 48
26 39 46
26 40 50
26 43 48
21 40 46
22 41 46
20 39 47
21 38 42
20 41 41
19 40 46
21 43 46
20 41 49
20 39 46
19 33 47
20 31 41
21 31 46
21 27 44
23 31 45
24 40 52
23 40 51
23 40 50
22 43 52
21 46 54
22 41 54
24 40 52
23 39 52
24 42 52
25 41 53
26 43 53
27 44 53
29 43 51
31 43 49
31 44 49
31 44 49
31 44 48
30 43 47
28 45 48
30 45 50
28 46 49
28 49 49
27 45 47
29 44 48
29 45 49
29 45 48
28 44 48
29 45 48
29 46 49
30 45 49
32 46 49
33 46 48
32 46 49
30 46 48
29 45 48
29 44 47
28 45 47
29 44 46
29 44 45
30 46 46
29 46 46
28 47 49
28 46 49
29 47 51
27 46 48
29 47 47
26 47 45
26 47 45
25 51 48
28 49 50
27 48 46
27 46 45
26 47 45
23 49 45
22 51 46
20 51 43
21 48 42
19 46 40
18 43 38
17 48 42
14 51 40
14 43 35
16 41 32
15 42 33
14 47 36
13 46 33
14 40 31
13 41 32
12 42 33
12 40 34
12 40 33
11 40 33
11 41 33
11 39 32
12 40 31
11 38 31
11 39 31
12 37 31
12 38 29
13 37 30
15 39 30
16 39 30
15 39 30
17 37 29
16 38 31
16 37 31
16 39 31
15 37 31
15 38 31
13 39 31
11 39 32
11 36 31
11 42 34
09 42 34
07 41 36
08 38 36
14 39 36
14 37 36
14 38 35
13 37 34
14 37 34
14 38 33
13 37 33
13 37 34
12 37 34
12 41 39
13 40 38
13 40 37
12 41 35
10 39 35
12 39 34
13 39 35
13 38 35
13 40 33
13 38 34
12 39 35
13 39 34
12 39 34
12 39 34
11 37 34
12 37 34
12 38 35
12 38 34
10 38 34
12 38 35
12 39 36
12 39 34
13 38 34
13 38 34
13 38 34
12 39 35
12 38 35
13 38 35
12 39 35
14 37 35
11 37 34
12 38 35
13 38 35
12 37 35
12 37 34
12 39 35
13 38 34
12 38 35
12 38 35
11 38 35
12 38 35
12 37 35
12 37 35
12 37 35
12 37 35
12 38 33
12 37 35
13 37 35
13 38 35
12 38 36
12 38 35
13 38 35
14 37 35
13 38 35
13 37 35
12 36 34
13 37 35
12 37 34
12 36 35
11 36 36
13 36 35
12 36 34
12 36 33
11 36 34
12 36 33
12 36 34
11 35 33
12 36 36
13 35 35
11 35 35
13 36 35
12 37 35
12 35 35
11 36 35
12 34 35
13 35 35
12 36 35
13 35 34
12 34 35
11 34 34
11 35 34
11 35 35
11 36 34
13 35 35
12 35 35
12 35 35
12 35 35
12 35 34
12 35 35
11 36 36
12 35 35
12 35 35
12 36 34
12 34 36
12 34 35
13 34 35
11 36 34
11 35 34
12 35 35
12 36 35
12 37 35
12 35 35
12 35 35
12 36 35
12 37 36
12 35 36
12 35 35
11 35 35
12 34 35
