18 37 50
18 37 50
20 39 48
20 37 48
20 35 49
21 38 49
22 38 49
21 39 47
23 39 46
21 39 46
19 38 46
18 38 48
17 40 50
18 31 47
20 33 47
22 36 45
21 38 49
20 35 47
19 34 46
18 35 47
18 36 49
17 39 49
19 36 50
21 38 48
21 38 49
20 37 47
20 36 47
18 36 47
19 37 48
18 37 48
18 38 47
20 37 47
19 38 47
20 39 46
19 39 47
19 39 47
18 38 47
19 38 48
19 39 47
18 39 48
20 38 47
20 37 47
20 37 48
19 38 46
20 38 46
19 38 47
18 39 47
19 39 47
19 38 47
19 39 47
19 39 47
20 39 47
19 38 47
19 39 47
19 39 48
20 38 49
14 41 52
10 31 51
10 39 47
12 40 43
16 35 44
18 38 44
20 33 43
21 40 44
24 38 41
24 38 44
25 34 50
26 41 48
26 42 48
26 43 49
25 45 49
21 45 48
17 42 43
12 33 47
12 36 48
14 35 47
16 42 43
16 38 43
17 34 42
15 35 42
16 39 46
17 36 45
18 35 45
16 34 45
16 37 46
13 42 46
13 41 47
12 39 47
14 39 47
14 34 45
18 33 48
24 33 48
27 30 49
34 21 49
33 24 46
29 32 46
22 37 51
17 38 54
15 39 51
10 34 45
10 36 46
16 36 46
18 36 44
19 36 46
18 33 45
16 38 44
19 29 47
18 41 49
18 46 46
15 38 43
14 29 47
17 34 45
18 35 44
17 36 47
17 35 45
13 35 45
15 33 44
15 36 41
16 36 43
17 36 44
21 38 44
23 43 47
21 36 49
21 41 49
20 37 51
19 36 51
21 41 49
22 39 47
22 40 46
23 41 45
22 40 47
22 39 48
22 46 48
22 43 51
23 42 49
24 43 49
24 45 49
25 41 47
25 46 47
26 41 45
22 51 45
21 43 49
21 42 50
22 43 46
23 44 45
18 42 45
19 42 42
25 46 49
28 43 46
27 47 48
23 44 50
21 43 51
22 46 53
20 41 48
22 41 47
22 40 47
25 42 45
26 44 46
22 45 44
21 42 45
19 40 46
16 42 50
15 49 47
12 57 44
10 55 42
09 56 38
15 52 43
17 53 43
17 54 38
20 55 35
24 51 35
27 50 34
31 47 35
35 45 35
37 45 36
35 41 37
37 39 38
34 42 41
33 41 45
29 32 47
28 30 51
29 26 58
35 34 56
32 30 55
33 35 52
29 38 55
26 36 49
24 43 49
26 46 52
27 40 48
25 46 53
22 41 48
23 47 46
20 57 55
22 45 55
27 41 56
23 41 58
23 42 53
22 46 53
18 47 48
18 47 45
22 47 44
20 42 37
18 46 32
18 51 42
21 52 40
21 49 41
25 48 42
25 46 40
24 51 44
25 55 42
25 53 41
27 52 41
27 58 38
28 52 35
28 47 38
27 48 38
26 43 34
26 43 36
24 44 37
25 46 40
26 48 42
27 45 40
26 53 44
23 51 46
24 46 48
19 56 56
21 61 62
26 59 56
32 59 55
32 56 49
37 48 47
44 49 46
48 45 44
51 44 41
54 49 45
51 47 46
47 56 48
39 58 53
34 42 46
34 44 48
31 41 34
30 34 26
30 33 23
26 37 26
21 49 35
17 39 47
14 46 50
08 39 56
10 40 53
10 35 58
07 24 50
05 19 50
09 25 51
10 26 46
16 50 47
18 53 42
16 38 40
17 40 42
16 36 45
16 39 45
14 46 38
13 37 40
15 41 41
13 44 38
14 39 42
15 42 41
13 40 36
15 41 33
12 42 30
12 43 31
09 40 25
10 40 33
09 37 29
15 39 26
15 42 32
10 36 26
11 39 30
14 42 35
13 41 25
16 37 25
16 36 28
14 33 26
17 40 31
12 39 27
16 43 28
09 40 28
12 37 25
15 43 29
14 44 26
11 45 23
16 45 28
14 47 32
11 46 31
15 45 29
15 47 32
16 45 31
16 43 34
17 43 34
19 42 35
18 40 37
16 41 33
14 37 33
11 37 35
09 43 37
09 45 39
12 42 39
14 38 38
16 37 40
13 34 41
13 31 41
14 31 39
12 30 38
13 28 37
15 27 43
14 25 40
13 29 39
15 29 42
15 26 40
14 29 39
15 29 39
14 28 39
15 33 40
13 32 41
15 31 41
15 34 43
14 34 40
13 31 41
14 33 43
15 34 43
16 34 43
17 32 43
15 32 43
14 31 42
15 32 41
14 33 42
12 31 42
09 33 43
10 34 42
08 33 44
04 34 45
03 34 42
06 29 39
16 30 37
15 29 38
15 33 37
13 35 37
12 41 35
10 40 36
15 44 35
16 44 35
15 45 35
14 45 34
16 45 36
17 48 35
16 47 34
18 49 33
17 47 33
19 46 33
19 45 33
19 46 34
18 46 36
16 44 36
15 46 35
15 44 36
12 44 34
10 41 34
06 33 36
07 35 35
12 39 31
12 36 34
12 39 32
13 38 31
14 37 30
15 40 30
15 40 30
14 37 31
13 38 32
11 40 34
10 40 37
12 38 36
12 36 34
13 39 31
14 41 31
14 39 31
14 38 30
13 38 30
12 38 31
12 39 31
13 38 31
13 37 32
13 39 32
13 38 31
11 38 31
11 35 30
11 36 29
13 37 31
13 36 31
14 38 31
13 39 31
12 39 31
13 37 31
13 38 30
12 37 31
12 37 32
12 36 31
13 40 32
12 37 32
14 37 30
13 38 31
11 39 31
13 39 31
11 38 31
12 35 31
12 34 31
11 34 32
12 36 32
12 37 32
12 37 32
12 37 32
12 37 31
13 38 31
12 38 30
13 36 31
12 36 31
12 37 31
11 36 31
12 37 31
12 35 31
12 36 31
11 36 31
12 36 30
12 36 31
12 36 31
12 35 31
12 37 31
12 36 32
12 36 31
12 35 31
12 36 31
11 36 31
11 36 31
12 35 32
12 37 31
13 37 31
13 37 30
12 37 32
13 37 31
10 37 32
11 36 31
11 35 31
11 36 32
12 36 32
12 36 32
13 37 32
12 36 32
