37 43 49
37 43 49
38 43 33
38 43 50
37 43 49
38 43 50
38 44 50
37 41 49
39 43 50
39 43 50
37 41 50
39 42 49
38 43 51
38 42 50
37 43 49
37 43 49
38 44 50
38 42 50
37 42 50
38 42 49
37 42 50
36 43 49
37 42 50
38 43 50
38 44 50
38 44 49
37 43 49
37 44 49
39 43 50
39 43 49
38 44 49
37 44 49
37 42 50
36 43 50
37 43 49
38 44 50
38 44 49
38 43 49
37 42 50
38 42 50
36 42 50
38 43 49
38 43 50
37 43 50
38 44 49
38 42 50
38 44 50
37 43 50
38 43 50
38 42 50
39 42 50
38 43 50
38 43 49
38 42 50
37 43 51
38 42 50
38 43 49
37 43 50
37 43 50
37 44 51
37 43 50
37 42 50
37 42 50
38 42 51
37 43 50
36 43 50
36 42 50
37 41 50
37 43 50
37 43 50
38 41 50
37 43 49
37 43 50
38 42 50
38 44 50
37 43 51
38 42 50
37 42 51
39 41 50
38 43 50
38 43 50
37 43 50
38 43 49
37 43 49
37 43 50
38 42 50
38 42 49
37 43 51
37 43 50
37 43 49
37 44 50
37 41 50
38 43 50
38 42 50
37 43 49
37 43 51
38 42 50
38 42 51
38 44 50
38 43 49
38 43 49
38 43 50
39 42 49
37 42 50
38 43 50
38 42 50
38 43 49
37 42 49
39 42 50
37 42 51
37 41 51
38 42 51
39 41 51
39 40 50
39 42 51
40 42 50
40 43 49
39 45 49
41 43 48
39 45 48
40 46 49
41 45 49
41 45 50
39 47 50
39 47 50
40 44 48
39 42 45
37 43 46
37 43 44
35 44 44
35 45 44
34 47 45
36 47 43
35 44 45
34 44 45
34 44 47
35 46 49
35 45 48
34 44 47
33 45 48
32 46 49
32 46 48
32 48 47
31 48 47
30 48 49
32 48 50
33 47 49
31 47 49
31 49 51
31 47 50
31 47 49
29 47 50
27 47 48
27 48 48
26 47 46
27 46 47
26 48 46
27 46 45
26 46 46
26 46 46
25 45 46
25 46 47
26 46 45
27 46 46
28 47 45
30 46 45
30 46 45
30 47 46
29 47 45
28 48 45
28 49 47
28 47 45
29 49 46
28 49 46
29 50 46
28 47 46
27 47 45
27 48 45
28 48 45
29 48 45
28 49 45
27 50 45
27 50 46
26 48 44
28 48 45
26 50 46
28 49 46
27 47 45
29 48 45
29 50 45
29 49 44
29 48 43
30 48 44
28 49 43
28 50 43
27 50 44
27 51 45
26 50 45
26 50 45
27 48 46
28 46 45
28 47 44
27 48 44
28 48 44
28 49 44
29 49 44
28 49 44
28 49 44
28 50 46
28 49 44
29 49 44
27 48 44
28 48 44
29 49 44
26 49 45
27 49 43
28 47 45
28 48 44
27 50 45
26 48 48
26 47 46
25 48 46
24 46 46
26 47 44
24 48 45
22 48 45
22 47 45
23 46 44
23 45 44
23 45 44
23 45 44
23 45 44
22 44 44
22 47 44
21 47 45
19 46 44
18 46 44
19 44 44
19 43 43
17 43 44
18 43 43
21 45 44
20 46 44
20 45 43
21 45 43
20 45 43
21 44 43
20 44 43
20 44 43
18 42 43
20 43 43
19 43 42
17 44 43
17 45 44
18 45 44
19 43 44
18 42 43
19 40 43
19 42 43
18 43 43
17 43 41
17 41 42
16 44 42
18 43 42
16 42 42
15 42 43
16 41 43
17 40 42
14 42 42
15 44 43
16 42 43
17 42 42
18 41 42
18 42 41
17 42 42
17 44 41
16 43 43
15 43 42
16 42 43
15 42 43
16 41 43
14 41 43
15 41 42
16 40 42
17 41 41
18 41 42
18 40 42
19 40 42
19 42 43
19 41 42
17 42 44
18 41 43
18 42 43
16 42 43
16 41 44
15 42 43
16 40 43
16 40 42
18 40 41
17 38 41
17 38 41
19 37 40
17 34 39
15 35 40
14 41 41
13 42 45
13 45 48
12 42 43
12 39 42
14 39 41
13 38 39
12 37 37
13 36 39
14 36 39
13 39 40
12 41 40
13 34 40
14 35 40
15 37 39
15 38 40
16 36 41
17 38 42
17 35 41
15 38 41
14 37 43
13 37 41
13 37 41
13 38 41
14 38 39
14 38 41
14 39 39
14 40 41
15 39 42
14 39 41
14 39 40
15 39 41
14 38 41
14 39 41
14 39 40
13 40 40
14 39 40
13 38 39
12 41 38
12 40 37
12 37 39
15 39 39
15 37 39
16 38 39
14 39 41
13 40 39
14 39 40
14 39 40
15 37 39
14 39 38
14 39 40
13 39 39
12 39 39
14 39 38
13 38 38
14 40 38
14 39 38
13 38 39
13 40 39
14 39 37
12 39 37
15 40 37
13 37 38
13 38 36
13 38 37
15 39 35
12 39 34
12 39 34
12 37 33
10 38 32
09 40 31
09 38 30
08 39 30
08 37 29
09 37 29
08 37 30
08 35 29
10 35 29
10 35 29
11 35 29
11 32 28
12 32 29
10 35 30
11 34 29
10 34 29
11 35 31
11 34 29
12 35 31
11 35 29
11 37 29
13 34 31
15 36 30
15 35 30
15 37 30
15 37 31
15 37 30
14 35 30
16 36 31
16 37 32
16 38 33
17 37 33
15 39 33
13 37 35
13 39 36
14 35 35
13 38 37
13 37 35
14 37 36
14 39 37
16 38 36
15 38 37
14 39 35
13 40 34
12 38 34
11 39 32
11 37 32
11 40 31
11 41 34
11 39 32
11 37 31
12 38 31
14 39 31
14 38 31
12 38 31
14 38 32
12 39 33
14 39 33
13 39 34
13 38 33
12 38 34
13 39 34
13 39 35
14 38 35
12 38 34
11 38 33
12 40 35
13 39 33
12 38 33
12 39 34
12 40 34
12 39 34
12 39 34
14 38 33
12 39 33
13 39 32
14 38 34
12 39 34
12 38 33
13 39 33
13 38 34
12 39 34
12 38 33
12 38 33
13 38 34
13 38 33
13 39 33
13 39 33
12 40 33
12 38 33
12 38 32
12 38 34
13 38 34
12 39 33
13 39 33
12 37 34
12 38 34
12 38 34
12 38 34
12 38 34
12 39 33
13 38 34
13 38 34
13 38 34
13 38 34
12 39 33
13 38 34
12 39 33
12 39 34
13 39 33
13 38 35
13 38 34
13 38 34
12 40 33
12 39 34
13 38 33
13 38 34
12 38 34
12 38 33
14 38 34
12 38 33
13 39 34
13 37 34
12 38 33
12 38 33
13 38 34
12 38 34
12 38 34
12 38 33
12 38 34
13 38 33
