49 30 43
49 30 43
50 30 43
50 30 43
51 28 44
50 29 42
50 29 43
51 30 43
50 29 44
51 30 43
50 30 43
50 31 43
51 29 43
51 29 44
50 30 43
50 29 43
51 30 44
50 30 43
50 29 44
51 30 43
50 30 44
51 30 43
50 29 43
50 29 43
50 28 44
50 29 43
50 29 44
50 29 43
50 30 43
51 29 43
51 29 43
50 29 44
50 29 44
50 30 44
50 29 43
51 30 43
50 29 43
50 30 43
51 30 43
49 30 42
50 30 43
50 29 43
50 28 44
50 29 43
50 29 42
50 30 43
50 30 44
49 30 44
50 29 44
50 29 43
50 29 42
50 29 44
51 31 43
49 29 42
50 30 43
51 30 43
50 28 43
51 29 43
51 30 44
51 29 43
51 29 42
50 30 43
49 30 43
50 30 42
50 29 42
50 30 43
51 30 43
50 28 43
50 29 44
50 28 42
51 30 43
52 30 43
49 30 44
50 29 44
50 30 42
52 28 42
50 29 43
50 30 44
50 29 42
51 29 43
51 29 43
48 29 46
50 30 45
50 27 44
50 26 44
50 27 44
50 28 43
49 26 43
50 28 42
53 27 40
53 28 37
51 31 37
48 30 37
51 31 36
51 33 35
50 38 34
53 34 33
54 37 30
55 42 33
54 43 34
57 42 31
56 40 31
53 40 31
54 38 32
56 36 32
55 36 31
51 37 31
53 39 33
54 39 34
49 39 34
50 39 35
51 44 35
49 42 36
52 41 36
55 41 36
52 42 37
51 41 34
51 38 31
52 42 33
52 41 33
52 41 32
51 41 31
54 41 30
52 39 30
52 42 29
51 43 31
51 43 32
52 44 32
52 45 34
51 45 33
50 42 34
48 43 34
50 44 32
48 46 33
47 47 33
47 46 34
46 48 33
45 50 35
45 50 36
45 48 36
46 49 35
43 49 36
45 51 37
45 49 36
41 49 37
41 49 39
39 49 39
39 48 38
39 51 38
38 53 39
36 51 39
36 50 41
34 50 41
31 50 44
30 54 46
28 50 43
27 52 44
25 54 45
25 50 43
24 49 44
22 50 45
21 52 45
19 51 44
21 49 43
18 48 43
18 49 46
17 49 46
18 46 46
18 44 43
18 41 43
16 43 43
16 42 42
17 40 42
18 40 43
17 42 43
20 38 43
20 38 42
20 37 45
23 38 44
22 37 44
23 37 45
22 35 43
22 38 49
20 44 53
22 36 49
20 36 49
18 36 47
18 36 46
17 37 47
17 36 48
17 36 48
19 35 46
17 37 46
17 37 46
18 36 44
18 36 45
17 36 45
18 36 45
17 34 44
17 35 45
14 35 45
15 33 43
16 35 45
15 34 46
16 34 43
16 35 45
16 36 45
15 34 45
15 34 45
14 35 44
15 33 44
13 34 43
13 31 42
15 32 42
15 31 41
14 31 42
15 31 42
15 31 42
15 31 41
14 31 42
15 31 42
14 31 42
15 31 41
15 31 44
16 31 43
16 31 42
15 32 43
15 30 45
15 31 44
15 32 44
14 32 42
17 32 43
16 32 44
16 31 44
15 31 43
15 33 43
15 33 44
17 32 44
15 33 44
16 31 44
15 34 45
16 33 45
15 33 44
16 32 45
15 33 45
17 33 45
16 34 44
15 34 45
15 35 44
16 35 46
16 34 45
16 34 44
16 34 45
16 35 45
16 35 44
16 36 44
15 34 43
16 34 46
15 34 45
16 35 45
16 34 45
16 33 45
14 34 45
16 34 44
15 35 45
15 33 45
16 34 45
17 34 43
15 34 44
16 34 43
16 34 44
17 35 43
16 33 44
16 34 44
15 34 44
17 33 44
17 34 44
18 33 41
18 33 38
13 36 41
08 34 41
05 33 41
06 33 41
08 32 40
08 32 39
09 32 37
11 32 36
11 31 35
12 32 35
12 32 33
10 30 32
11 29 29
11 29 29
10 29 29
10 28 30
09 31 30
10 30 31
11 29 31
11 29 30
11 30 31
14 32 31
15 33 31
15 36 32
15 33 31
16 35 31
14 36 30
14 35 30
14 37 30
15 37 30
14 37 31
12 37 30
12 37 30
11 35 32
11 35 32
11 35 32
12 34 32
12 35 33
12 34 34
13 34 34
12 36 35
11 35 35
13 37 37
13 36 36
13 37 34
13 38 36
14 37 35
14 37 35
14 38 35
14 39 34
14 37 34
14 37 35
12 39 35
11 39 35
11 39 34
12 37 33
12 39 33
12 37 33
13 38 33
12 38 33
12 37 32
11 38 32
12 36 31
12 38 32
12 39 33
13 39 32
13 38 31
13 38 30
11 38 31
14 40 30
12 40 31
13 41 31
13 40 32
13 40 32
13 39 33
14 40 34
13 40 34
14 41 34
13 39 34
13 40 36
14 40 36
12 41 35
11 41 37
11 40 37
12 38 37
13 39 36
12 39 37
13 37 37
13 38 36
12 38 35
13 40 35
11 39 35
11 41 34
13 39 33
14 40 34
13 40 34
14 39 33
14 39 33
12 39 34
14 40 33
12 39 33
13 38 33
13 39 34
14 38 34
11 41 34
13 39 34
14 39 34
13 39 34
13 38 33
13 39 34
13 39 34
13 38 35
12 39 33
12 40 34
13 39 33
14 40 33
14 39 35
11 38 34
13 40 35
13 39 33
13 39 34
12 40 35
13 39 34
12 40 34
13 40 35
13 39 35
14 38 33
13 39 34
12 39 34
12 40 33
12 39 35
12 38 35
12 38 33
14 40 34
13 39 34
12 39 34
13 38 33
13 38 35
13 40 34
14 39 35
13 39 34
13 39 34
11 39 34
13 38 35
13 40 34
14 39 34
12 38 34
12 39 34
12 40 34
13 39 34
13 40 34
13 38 34
13 39 33
13 39 34
13 38 33
12 39 34
12 38 34
13 39 33
12 37 34
12 38 35
12 39 34
13 39 32
12 38 34
13 39 33
12 40 33
14 40 34
12 39 34
13 39 35
14 39 35
12 39 34
12 41 34
