39 36 40
35 39 52
35 33 32
39 35 33
39 35 33
39 36 38
36 39 53
36 39 53
36 38 51
36 38 52
35 37 53
37 41 53
37 40 52
38 41 50
37 41 50
36 41 51
35 41 53
35 39 53
37 39 51
36 38 50
35 40 51
35 41 52
36 40 52
36 40 51
35 41 51
36 40 51
36 39 52
36 40 52
35 40 51
35 40 52
36 38 51
35 39 52
36 40 52
36 40 51
36 41 53
35 39 52
36 39 52
37 39 52
36 41 51
35 40 52
36 40 51
36 41 51
36 41 51
35 39 53
36 40 52
36 40 51
36 42 52
35 39 51
36 39 52
35 39 52
36 39 51
35 40 53
36 40 52
36 39 51
35 40 52
36 41 51
36 39 52
36 39 52
37 40 52
36 40 52
36 40 52
35 38 52
36 39 53
36 39 51
35 40 52
35 40 51
35 40 52
36 38 52
37 39 52
36 39 52
36 40 52
37 40 51
37 39 52
36 40 52
37 40 52
37 41 51
37 40 52
35 41 51
37 39 51
36 40 52
36 39 52
37 39 51
36 39 51
35 39 52
37 40 52
36 41 51
36 39 52
36 40 51
36 40 52
36 40 53
36 40 52
36 40 52
35 41 52
37 40 51
36 40 51
37 40 51
35 41 52
36 40 51
36 41 51
36 40 52
36 39 52
36 39 51
36 39 51
37 40 52
35 40 52
35 41 52
36 40 51
37 41 51
36 39 51
37 40 52
37 40 52
36 40 52
37 40 52
37 40 51
36 41 52
37 40 51
36 41 52
37 40 53
37 40 52
36 40 51
36 40 53
36 40 51
36 39 52
35 39 52
37 40 51
36 40 52
37 41 52
36 39 52
36 41 51
36 40 52
35 41 52
37 40 52
36 40 51
37 40 52
36 40 51
36 40 52
36 40 52
36 40 52
35 39 51
35 40 52
36 40 51
36 41 52
36 39 53
35 40 52
36 40 52
36 41 51
36 39 52
37 40 52
36 39 51
35 40 51
37 40 52
36 40 52
36 40 51
36 40 51
36 40 51
35 40 52
36 40 51
36 41 52
36 40 52
35 40 52
36 40 52
36 39 50
37 40 50
36 40 48
36 40 51
36 41 54
36 41 54
35 39 53
37 38 52
35 39 53
35 39 52
36 40 50
35 40 49
34 42 49
34 42 52
34 44 53
37 42 51
38 38 51
34 36 55
29 34 59
27 36 58
30 36 51
28 33 51
23 32 50
24 32 53
25 35 51
35 22 52
44 27 53
46 35 49
41 29 40
35 33 43
32 40 46
41 39 50
46 35 47
41 15 47
40 16 62
29 35 63
38 39 51
34 34 52
29 39 53
30 31 53
24 33 54
25 35 49
28 36 52
24 35 53
22 38 50
19 41 50
20 38 49
20 37 47
20 40 48
22 39 48
19 37 47
18 40 48
18 38 46
20 38 48
17 37 49
19 35 45
18 38 47
16 38 45
16 35 43
17 37 44
16 36 43
15 39 42
12 36 40
11 39 43
11 38 39
13 39 39
11 39 37
13 39 36
13 40 34
14 40 33
13 40 32
11 42 32
09 45 31
06 40 31
07 38 29
07 36 27
07 36 28
08 36 28
09 38 25
08 39 24
14 36 24
13 36 24
14 36 23
12 36 26
13 34 26
13 36 27
16 36 28
17 33 28
20 33 32
20 31 34
22 34 32
22 36 33
20 34 32
15 33 31
12 31 32
09 33 32
12 33 32
09 30 34
10 27 34
13 28 36
16 31 35
14 34 35
14 35 35
13 34 35
11 36 36
10 38 38
11 37 38
08 39 38
11 38 37
13 36 36
13 36 36
11 37 36
11 36 36
12 37 36
14 36 34
13 37 35
15 37 36
13 38 35
09 38 34
09 38 33
09 37 34
11 36 32
11 37 33
12 36 33
13 36 34
13 37 33
12 38 33
14 38 34
13 37 34
12 37 32
12 37 33
13 39 33
11 39 34
13 39 35
17 39 35
15 38 35
13 38 35
12 38 34
11 37 35
12 36 35
11 37 35
11 37 36
11 36 37
11 36 36
13 36 37
13 37 38
13 38 37
13 38 37
11 37 37
13 38 37
13 38 36
12 38 36
12 38 37
13 37 37
13 39 37
13 37 37
12 36 36
13 37 36
13 36 36
11 36 37
13 37 37
12 35 36
13 35 35
13 35 36
12 35 36
14 37 36
12 36 36
12 36 37
13 37 37
12 38 37
12 37 36
13 36 37
13 37 37
11 37 37
13 36 37
13 37 37
13 35 37
13 35 36
12 35 35
12 36 36
12 36 37
13 36 36
13 36 35
14 35 35
15 36 36
13 36 35
12 36 36
12 35 35
13 35 36
14 35 36
13 36 36
11 38 37
09 38 37
11 37 37
13 35 38
13 35 36
13 36 36
14 37 36
15 34 36
13 36 36
13 36 37
13 36 36
13 36 37
12 36 37
13 34 37
14 35 36
13 36 36
12 36 35
13 37 36
11 39 37
11 37 36
11 37 36
14 36 36
14 37 35
13 38 35
12 36 36
12 37 36
13 37 36
11 37 36
13 36 36
12 38 36
11 36 36
11 37 35
13 37 34
13 37 35
13 37 35
13 37 35
12 38 34
10 36 35
11 36 37
11 35 36
10 34 35
12 34 36
12 33 35
14 36 35
13 36 35
13 37 35
13 36 36
14 36 36
12 38 35
13 37 35
13 36 37
13 36 37
14 36 36
12 36 37
13 36 37
14 37 37
13 37 36
13 36 36
12 36 38
11 37 36
13 38 37
13 36 38
12 37 38
12 37 36
12 36 37
12 36 37
12 35 36
12 36 36
12 36 37
13 37 37
11 35 36
13 37 37
14 36 36
12 36 37
13 37 36
12 37 37
12 37 37
13 34 37
12 36 37
11 36 37
12 35 37
12 34 37
11 36 37
13 35 37
13 37 37
15 37 37
13 37 38
13 36 37
13 37 36
12 37 37
12 37 36
12 37 37
13 36 37
12 35 36
13 35 36
12 36 37
11 36 37
13 35 36
13 36 36
13 36 35
13 35 35
12 36 36
12 36 36
12 35 34
13 35 36
12 35 35
13 35 35
11 35 35
11 35 34
12 34 35
12 36 34
11 35 35
13 34 35
12 36 36
11 35 35
11 36 35
12 36 36
12 36 36
12 36 35
12 35 36
12 36 36
12 36 36
13 34 36
12 35 36
12 36 36
12 35 36
