49 30 47
49 33 47
48 31 46
49 31 46
49 31 46
48 31 45
49 32 47
48 30 46
47 30 45
49 30 47
50 30 46
48 31 46
48 30 46
47 30 46
48 31 47
48 31 45
47 30 46
48 30 47
48 31 46
49 31 46
48 30 45
49 31 46
48 31 45
49 31 47
49 30 45
49 31 46
48 31 46
48 32 46
49 31 46
48 31 47
47 30 46
49 30 46
49 30 46
48 32 45
48 31 46
48 32 46
48 31 46
49 31 46
48 31 46
48 31 45
49 30 46
47 30 46
48 31 46
49 32 47
48 31 46
49 30 46
48 32 47
49 32 46
49 30 46
49 30 47
49 31 46
48 30 46
49 30 46
49 31 46
48 30 46
48 30 46
48 30 46
49 30 47
49 31 46
49 30 46
48 30 47
49 31 47
47 31 47
48 31 47
47 31 46
46 31 46
49 31 47
48 31 47
47 31 47
48 30 47
48 32 47
46 31 47
47 30 47
45 29 48
47 26 45
49 27 46
49 27 43
51 23 38
54 28 38
53 33 40
55 31 36
55 32 35
54 35 36
53 37 34
53 37 32
55 36 33
56 35 31
54 34 32
54 35 33
53 33 35
54 33 35
52 33 35
51 34 37
50 37 37
50 36 37
51 36 38
50 38 37
47 41 39
52 42 40
53 40 39
52 45 36
52 44 37
52 45 40
53 42 40
52 42 36
51 41 35
49 42 36
51 42 36
52 43 33
53 41 34
51 43 33
53 43 33
53 43 33
52 44 33
51 44 35
48 46 36
50 47 37
48 47 38
47 45 37
47 44 38
44 46 38
46 47 37
47 44 38
45 47 37
45 49 39
45 48 39
43 50 38
40 51 39
40 51 40
39 50 38
40 50 39
39 51 41
36 52 43
35 49 44
35 46 44
32 48 46
30 48 47
28 50 47
26 51 47
23 49 48
23 50 48
24 49 48
22 50 46
22 47 47
22 48 46
20 47 47
18 48 47
19 48 46
18 47 42
18 46 42
20 45 44
19 43 42
21 43 44
21 43 45
21 43 44
22 43 44
22 42 45
21 44 45
22 42 45
22 41 46
21 42 45
23 43 47
22 42 47
22 42 47
22 43 47
21 42 47
21 43 47
21 44 46
21 44 46
20 43 46
20 41 46
21 41 46
21 41 45
20 40 45
20 40 45
21 40 45
22 40 45
20 40 46
22 40 46
21 42 46
21 41 46
22 40 46
20 42 44
21 43 45
21 42 45
21 42 44
20 42 45
22 42 47
21 42 46
17 41 49
19 38 50
20 38 48
19 39 49
18 39 49
18 37 53
18 41 52
21 39 50
23 40 47
24 39 49
24 40 49
24 41 48
23 39 46
25 38 46
24 39 45
23 41 47
21 42 47
21 41 47
24 39 43
21 41 46
11 40 52
18 41 47
18 43 42
18 45 45
19 45 46
18 47 46
17 44 41
16 43 39
16 42 40
14 44 40
14 46 40
15 44 40
13 40 37
11 40 36
10 41 37
10 43 36
07 43 36
09 40 36
10 39 35
11 37 35
13 36 33
13 38 32
14 39 29
12 38 31
12 40 31
14 39 30
15 38 31
13 39 32
15 38 31
15 37 32
14 37 32
14 36 30
15 37 30
13 35 30
14 35 31
14 36 32
14 36 32
12 37 32
13 36 32
12 37 32
14 37 32
14 37 32
13 37 33
14 37 32
12 38 33
12 38 32
12 38 33
13 38 33
12 38 32
13 38 34
12 37 32
12 38 34
12 38 33
13 39 32
14 39 34
13 39 34
13 39 34
13 38 33
13 38 33
13 39 33
13 38 33
12 40 33
11 39 32
12 39 32
12 39 33
12 39 34
12 39 34
13 38 33
12 38 34
13 38 33
12 40 33
12 38 34
13 38 32
14 39 33
11 38 34
13 38 33
13 38 33
13 39 33
14 38 33
12 40 34
12 37 34
13 38 34
14 39 33
13 38 32
12 39 34
13 39 33
13 38 33
14 39 34
13 39 33
13 38 33
12 39 33
13 38 33
13 38 33
12 39 33
11 38 34
12 38 34
11 38 33
12 39 33
14 40 33
13 37 33
12 38 33
13 37 33
13 39 33
14 38 32
12 38 33
12 39 32
13 39 33
12 38 32
13 39 33
12 39 33
13 39 33
13 40 33
13 39 33
12 38 32
12 39 33
13 40 33
12 39 32
13 38 32
12 38 33
13 39 33
13 40 33
13 38 33
13 38 32
12 39 33
12 37 32
12 39 32
13 38 33
13 38 33
13 39 33
13 39 33
12 38 32
13 39 33
12 38 33
14 39 32
13 39 34
13 38 33
14 38 33
13 40 32
13 38 32
13 39 33
13 39 33
13 38 33
13 39 34
13 38 33
13 39 33
13 39 33
12 39 34
11 39 34
12 39 33
12 38 34
12 38 33
12 39 34
12 39 33
12 39 33
12 38 33
13 39 33
12 38 34
12 38 34
13 39 33
11 38 33
13 40 33
12 38 33
13 39 33
11 38 34
13 39 34
13 38 33
13 40 33
13 38 33
13 39 32
13 38 32
12 37 33
13 39 33
14 39 33
13 39 33
12 38 33
13 38 32
12 38 33
13 39 33
12 39 33
13 39 33
13 38 33
12 39 33
12 38 33
12 38 34
13 39 32
13 38 34
12 39 32
14 39 33
13 38 33
12 38 33
14 39 33
13 39 33
12 39 33
13 38 33
