44 29 49
44 29 49
46 27 50
46 28 49
45 26 49
43 26 49
45 26 50
44 27 50
45 27 50
43 28 49
44 28 50
44 29 50
45 28 49
44 27 49
44 27 50
44 29 49
45 28 49
44 27 49
44 29 50
43 28 49
44 28 49
45 28 50
45 28 50
43 28 49
43 28 50
45 28 49
44 28 50
44 28 49
45 29 50
43 27 49
44 27 50
43 27 49
43 28 50
44 28 49
44 27 50
43 28 49
44 28 51
45 28 48
43 28 49
44 28 49
44 29 49
44 27 50
44 28 49
44 28 50
45 28 50
45 27 50
45 28 50
44 27 50
45 27 49
45 27 50
44 27 49
44 28 49
44 26 49
44 27 49
44 27 49
45 29 49
44 29 50
44 28 49
44 28 48
45 28 48
44 28 49
46 28 49
44 28 49
45 28 49
44 28 49
45 27 50
45 28 49
45 27 50
44 27 50
44 28 49
44 28 49
43 28 49
44 26 49
43 27 50
44 28 49
44 28 49
44 27 50
44 29 50
45 27 50
44 27 51
44 28 49
44 28 50
44 27 49
44 29 49
43 28 49
44 28 50
44 28 49
43 29 50
45 28 50
43 30 49
43 27 49
44 28 49
44 28 50
44 28 50
42 28 50
43 28 50
43 28 50
43 28 51
43 28 50
44 29 49
44 27 50
44 27 49
45 26 50
43 29 50
44 28 50
44 28 50
43 28 49
43 28 50
45 28 49
44 28 49
44 29 50
43 27 49
44 28 49
44 28 49
44 28 50
43 28 49
44 28 49
44 29 50
44 28 50
43 28 50
43 28 50
44 28 50
44 30 50
44 29 50
44 28 50
44 27 49
45 26 49
47 28 48
45 28 48
44 27 49
45 28 49
46 27 48
45 28 49
45 29 47
45 29 48
46 29 48
46 29 48
46 29 49
47 29 48
46 29 48
46 30 48
46 29 50
47 28 48
47 28 47
47 28 47
47 26 49
46 25 50
44 25 49
42 26 48
41 24 49
40 25 51
38 25 52
39 28 54
40 27 54
43 26 55
46 27 54
47 27 50
41 26 49
44 29 45
41 26 40
38 22 35
42 17 34
48 18 35
52 19 36
52 21 35
49 18 33
46 18 34
46 22 36
48 24 39
50 23 45
50 23 46
48 22 47
47 22 46
46 24 42
45 24 44
48 26 46
46 26 48
45 24 49
47 24 49
47 26 52
47 27 54
44 32 54
46 30 49
47 30 48
49 28 48
48 26 48
48 25 47
48 25 47
47 27 46
46 28 49
46 25 46
51 24 49
55 25 47
51 23 47
49 19 46
53 16 43
59 18 42
62 21 40
56 25 40
56 28 40
46 29 44
35 27 45
29 22 43
26 24 45
24 23 47
26 21 48
27 23 49
29 22 50
33 23 51
36 23 52
36 23 51
34 25 52
37 28 50
38 30 51
38 32 51
37 33 53
37 32 55
34 31 56
38 31 54
37 31 53
38 31 53
36 30 53
36 29 53
37 30 52
35 29 51
32 29 53
32 29 53
31 27 53
32 27 51
36 27 51
38 29 50
36 31 50
33 34 53
31 32 53
32 33 53
33 33 54
34 33 54
32 32 54
33 32 53
31 32 52
29 32 53
30 32 52
29 33 53
27 33 54
25 34 54
24 33 53
28 31 54
29 31 54
29 31 54
28 31 53
26 32 53
26 33 50
25 35 50
28 36 49
28 38 50
28 40 53
30 43 54
31 45 54
34 43 54
36 46 52
35 44 52
34 42 52
35 41 52
34 39 53
33 38 51
34 38 51
28 34 48
23 36 51
18 35 54
16 32 55
18 31 55
20 31 56
22 28 53
26 30 52
29 28 54
29 30 53
30 30 52
28 33 53
27 33 51
26 32 51
26 32 50
26 30 49
27 32 50
28 33 48
33 34 49
30 36 51
32 35 51
32 36 53
31 37 55
32 38 54
29 38 53
28 38 53
27 37 54
29 37 55
28 39 55
28 39 55
30 40 54
30 40 53
29 41 52
31 40 51
30 39 49
31 40 48
30 41 47
30 40 47
30 40 47
29 41 48
32 41 47
34 41 48
32 42 51
31 42 52
28 40 51
28 41 52
28 41 52
26 43 50
25 42 50
25 42 49
26 42 49
26 44 50
25 44 48
24 43 48
25 44 47
24 44 47
23 44 45
24 45 46
25 45 46
23 46 47
23 45 47
24 45 47
25 46 47
25 46 48
25 47 47
25 47 48
24 47 48
22 47 48
24 45 49
25 45 47
27 45 47
26 44 47
25 46 46
25 47 47
25 47 47
26 46 47
26 44 47
28 45 47
26 46 47
25 46 49
25 46 46
26 46 46
26 46 47
27 47 47
26 48 47
26 49 46
25 49 46
25 50 46
26 51 46
26 51 45
25 52 44
25 50 45
25 49 47
26 47 46
24 45 47
25 46 47
24 47 46
25 47 44
24 46 43
23 46 42
24 46 41
24 45 40
24 45 41
22 46 42
21 48 43
23 48 43
21 47 42
22 46 43
21 45 41
22 45 42
20 44 42
20 45 41
20 46 42
19 47 42
19 48 41
21 47 43
21 49 42
21 48 43
22 47 42
20 46 43
21 46 44
18 45 44
19 44 43
19 47 41
19 45 40
17 46 40
18 46 40
17 46 39
18 46 40
18 47 40
19 47 40
18 47 38
20 46 39
21 47 39
21 46 40
21 46 40
20 46 41
21 48 41
21 48 41
20 45 41
20 44 41
21 45 41
18 43 41
17 43 41
18 42 41
17 43 41
16 43 41
15 42 41
14 43 42
16 42 41
16 44 41
15 42 42
16 42 41
17 42 40
16 42 42
16 42 40
16 43 40
16 42 41
16 42 41
15 41 41
17 41 41
16 41 41
16 42 42
16 40 42
17 40 41
15 41 42
15 41 41
15 42 42
17 41 41
16 42 42
15 41 41
16 40 41
17 41 42
17 41 41
17 41 41
15 42 41
17 41 40
16 42 41
17 41 41
15 41 41
16 40 42
16 42 41
15 42 40
16 42 41
16 43 41
15 41 41
16 41 41
16 41 41
16 41 41
16 41 41
16 40 41
16 41 41
15 42 40
17 42 41
16 43 41
16 42 42
17 43 41
15 41 41
15 42 41
16 41 41
16 41 41
16 42 41
16 42 41
17 41 41
16 42 42
16 42 41
16 41 42
16 41 42
16 40 41
16 41 42
16 41 41
16 41 41
17 41 42
16 41 41
16 40 42
16 41 40
16 41 41
17 41 41
16 40 41
16 41 41
17 41 41
15 41 42
16 41 42
16 40 41
16 41 41
16 41 42
16 40 41
16 41 41
15 41 42
15 41 41
16 41 41
15 41 41
16 40 41
15 41 40
15 39 42
16 40 41
15 41 42
15 41 40
16 41 40
16 42 41
15 41 41
16 40 42
16 41 42
16 42 41
16 42 41
16 41 41
15 40 41
16 41 41
16 41 41
16 40 42
16 41 42
16 41 41
16 41 41
16 40 41
16 42 40
16 40 42
17 41 41
16 42 42
16 41 40
14 41 41
16 42 41
16 42 42
17 41 40
15 40 42
15 42 41
16 42 40
16 41 41
16 41 41
16 42 41
17 42 40
16 42 41
16 40 42
15 42 41
15 41 41
16 42 41
15 41 42
15 42 42
16 42 41
16 40 41
15 41 40
16 41 41
17 42 42
15 42 42
16 42 41
16 42 41
15 40 42
16 41 41
17 40 41
16 41 41
15 41 42
