41 33 51
41 33 51
43 33 51
43 33 33
43 33 51
42 33 52
42 34 51
43 33 51
43 34 50
43 35 51
44 35 50
42 34 50
43 33 50
43 34 50
43 33 50
41 34 51
43 34 50
43 34 50
43 35 50
42 34 51
44 34 51
44 35 50
43 34 52
43 34 51
43 34 50
42 35 51
43 34 51
42 34 51
43 33 50
43 34 50
43 34 51
42 33 51
43 33 51
43 33 51
44 35 51
42 33 51
43 34 50
44 34 51
42 33 52
42 35 52
43 33 51
43 34 49
42 33 51
44 34 51
43 34 51
43 36 50
43 34 50
42 34 52
42 32 51
43 34 50
42 34 51
43 34 50
44 34 50
42 33 51
43 33 51
42 34 51
43 34 51
42 34 51
43 34 52
43 34 51
42 34 51
44 35 51
42 33 50
42 34 51
42 33 51
42 34 52
43 33 51
43 35 50
43 33 51
42 34 51
42 35 51
43 35 51
43 35 50
43 34 51
43 34 51
43 34 52
42 35 51
43 35 51
41 34 51
42 35 51
43 36 51
43 35 52
42 34 51
43 34 51
43 34 51
41 35 52
43 35 52
42 34 52
43 33 50
42 33 50
43 33 50
42 34 51
42 35 51
43 34 50
44 33 50
44 35 50
42 33 50
42 33 50
43 34 50
43 34 50
43 33 51
42 32 51
42 34 50
42 33 52
42 33 51
41 33 51
42 33 51
43 33 51
45 33 51
44 33 51
43 33 53
42 33 51
43 33 52
43 33 51
45 33 50
43 32 49
43 32 50
45 33 50
45 32 50
44 33 50
45 32 50
44 34 50
45 33 49
43 34 49
44 33 50
45 35 51
44 34 51
46 35 50
44 35 50
44 35 50
45 34 49
44 35 49
46 36 47
47 37 48
47 37 47
50 36 46
52 38 47
56 40 51
56 43 53
51 41 52
49 36 51
47 33 50
46 33 50
46 35 48
47 36 50
49 35 52
48 35 51
44 37 48
37 37 47
29 37 45
26 36 47
25 33 48
24 31 49
27 28 49
27 25 51
30 23 51
31 23 51
30 24 51
30 26 50
30 27 51
29 26 51
26 24 51
26 25 50
27 25 51
28 22 53
30 21 52
28 20 51
30 20 50
29 22 49
29 22 50
28 22 50
30 23 51
30 23 50
29 19 49
29 21 49
29 19 48
30 19 49
30 22 49
29 20 48
29 22 48
28 22 49
28 23 50
27 23 51
27 25 51
28 25 51
27 25 49
26 27 49
26 27 49
26 26 51
26 28 49
26 26 50
24 25 48
23 24 47
21 26 45
17 27 46
18 28 49
17 26 49
20 27 50
21 29 49
21 30 47
19 31 47
19 34 46
18 34 46
16 35 46
16 35 47
16 35 48
16 34 48
17 35 47
18 35 46
17 34 47
16 35 46
16 37 46
17 40 45
17 39 47
16 40 47
18 39 46
17 39 46
19 39 45
20 40 47
19 41 46
20 41 46
20 42 45
20 42 45
20 41 46
20 41 47
20 43 46
20 43 47
21 43 47
20 44 47
22 44 45
22 44 46
22 45 48
22 44 47
24 45 48
25 43 47
25 43 46
27 44 45
28 45 45
26 46 45
26 46 46
25 48 47
26 47 47
24 49 47
26 46 48
26 46 46
26 47 46
26 45 45
25 45 45
25 46 44
26 47 45
27 48 45
25 49 45
26 48 46
26 48 47
26 46 47
26 47 47
26 47 47
24 47 46
25 47 47
25 46 46
26 46 46
26 47 46
27 46 45
28 46 46
26 47 46
27 46 46
25 48 46
27 48 46
28 46 46
27 48 48
27 45 47
26 46 46
28 46 46
27 46 45
26 47 46
27 47 47
27 47 45
28 47 46
29 48 46
28 49 46
27 48 46
27 49 46
26 47 46
27 48 47
28 47 46
27 47 45
27 46 44
28 46 45
26 46 45
25 44 46
26 46 46
27 46 46
28 46 48
26 44 49
27 43 51
28 42 49
25 43 50
25 44 50
26 39 48
27 38 47
26 42 46
25 44 47
23 42 48
21 36 53
23 35 55
24 40 49
21 44 55
24 43 49
23 44 45
23 47 51
24 45 47
20 45 48
19 45 45
20 48 43
20 48 41
18 46 40
17 46 38
18 46 37
17 47 39
15 49 41
13 44 36
10 47 39
11 44 42
13 42 43
15 40 44
16 41 40
13 42 39
15 43 40
15 43 38
16 43 38
18 43 38
18 42 40
17 41 40
17 43 39
17 44 40
16 43 39
18 43 40
19 40 41
21 39 41
21 40 42
21 41 41
22 41 41
22 41 42
21 42 41
21 43 42
20 42 41
19 44 42
19 41 43
18 43 42
17 42 40
14 42 41
12 42 39
11 43 41
12 41 41
12 41 41
13 38 41
14 39 41
13 38 41
15 37 40
13 38 40
13 38 39
13 37 39
12 38 38
13 36 40
13 37 38
15 37 39
15 36 39
15 36 39
13 37 38
13 35 38
14 35 38
14 36 38
13 37 39
13 37 39
13 36 39
14 36 39
13 35 39
16 35 39
15 37 39
14 35 39
15 36 38
13 36 39
13 37 40
13 37 40
12 37 40
13 37 39
13 38 39
12 38 40
13 38 39
12 38 39
13 38 38
11 36 37
13 36 39
12 36 37
13 36 38
12 37 38
13 37 37
12 37 38
12 37 38
12 36 39
14 37 38
12 37 38
12 37 38
14 37 38
14 37 38
13 38 38
13 38 38
13 37 38
14 37 38
14 38 38
13 36 38
12 37 38
13 37 37
13 36 38
12 38 38
13 36 37
13 38 38
13 37 39
14 37 39
12 36 38
13 37 40
12 36 38
12 37 39
14 37 38
13 36 39
14 37 37
14 37 39
13 38 39
14 37 39
13 38 39
13 38 39
14 36 39
13 38 38
14 36 40
12 38 39
13 36 39
13 36 39
13 36 39
13 36 38
12 37 39
12 36 40
14 36 40
14 36 39
12 37 39
13 36 39
13 36 38
13 36 39
13 37 37
12 36 39
14 36 39
14 37 39
12 37 39
13 37 39
13 36 39
14 37 40
14 37 38
13 36 39
12 36 39
13 38 39
14 36 39
12 37 39
13 37 39
13 36 39
12 36 39
14 37 38
13 38 38
13 35 39
13 38 38
12 36 38
13 37 38
14 36 38
13 37 38
13 36 39
14 38 37
13 37 38
13 37 38
13 35 38
13 35 37
13 36 39
14 36 39
13 35 38
13 36 39
13 38 38
14 37 38
