36 32 53
41 33 32
35 31 53
35 31 53
35 31 53
35 31 53
35 32 52
35 31 53
36 32 53
36 33 53
36 32 53
36 31 53
36 32 53
36 31 52
35 32 53
35 32 54
36 32 54
35 32 53
36 33 53
37 33 54
37 32 53
35 32 53
36 32 53
35 32 54
36 31 53
37 32 53
35 32 54
35 32 52
36 31 52
36 31 53
36 32 52
37 33 53
37 32 53
36 32 53
35 31 54
35 33 53
36 33 53
36 31 53
37 32 53
36 33 53
36 33 53
36 32 53
36 32 54
36 33 53
38 33 53
36 33 53
36 32 53
36 33 54
35 32 52
36 33 54
35 32 53
34 34 53
36 33 53
35 32 53
36 32 53
36 31 53
36 32 54
35 32 53
36 32 53
36 32 53
35 32 53
37 33 52
36 33 53
37 32 53
36 33 55
35 33 53
36 31 53
36 31 53
36 33 53
36 32 52
36 33 53
36 33 53
36 32 52
35 33 54
37 33 54
35 32 54
35 33 53
35 31 53
35 30 53
33 32 55
36 32 55
37 29 54
37 30 55
38 30 55
37 27 51
39 28 51
38 28 52
38 31 53
37 28 53
36 26 52
35 27 52
34 27 52
31 31 52
31 34 55
30 33 54
28 33 53
28 33 53
28 33 54
30 35 52
31 34 51
32 33 54
34 35 53
36 36 53
36 35 53
40 34 54
39 35 50
40 34 52
39 34 54
38 35 52
37 32 52
35 33 51
34 31 52
34 30 52
34 31 53
30 32 53
31 32 53
30 33 52
28 37 50
27 39 51
25 43 49
24 41 47
25 42 50
26 41 51
26 40 50
29 37 50
30 40 51
30 39 51
31 39 50
30 37 48
29 38 48
29 40 48
27 41 49
26 42 50
26 42 50
25 40 51
24 40 51
25 42 51
23 42 50
22 42 50
22 41 49
21 42 49
20 40 47
20 41 45
20 42 46
20 41 46
19 43 45
20 43 45
18 43 43
16 44 45
17 45 45
18 44 45
17 42 45
17 43 43
18 43 46
19 43 44
20 43 44
19 43 44
20 44 43
21 46 43
21 44 43
20 45 43
19 45 43
20 46 43
21 46 44
20 47 44
20 47 44
21 48 44
21 49 43
19 47 42
21 49 42
21 48 42
21 49 42
21 47 40
20 45 41
19 48 40
18 47 41
18 46 41
18 47 40
16 46 39
17 46 40
16 47 39
18 47 39
19 46 40
20 46 40
22 47 40
20 48 41
20 47 42
20 47 42
21 46 41
21 46 41
21 47 42
19 46 42
20 45 42
17 47 41
19 45 42
19 45 43
18 44 40
17 44 41
17 43 40
15 45 39
15 45 39
14 45 41
13 45 40
14 45 39
16 44 41
16 45 40
18 45 41
17 44 41
17 43 41
17 43 42
20 45 41
20 44 42
19 43 43
20 44 42
19 42 43
19 44 44
20 44 43
19 43 43
19 42 43
19 43 44
19 43 44
20 44 43
20 42 43
20 43 43
19 44 42
18 43 42
18 43 41
17 43 40
17 44 41
16 43 40
14 41 40
12 43 39
12 45 37
12 43 36
09 42 37
10 43 38
13 41 39
13 39 37
15 38 35
13 37 35
12 37 34
12 38 34
12 38 35
10 38 33
10 37 33
11 37 33
12 36 33
13 36 33
10 35 32
10 36 31
11 37 31
10 36 31
12 36 29
13 34 30
13 36 31
13 34 29
12 35 31
13 34 30
11 33 30
13 34 31
12 35 31
14 33 30
14 33 29
13 33 30
13 34 31
14 34 30
14 33 31
13 34 33
14 32 32
14 33 32
13 32 33
12 35 33
11 34 32
11 35 33
12 35 34
13 34 35
14 35 33
14 36 33
15 36 33
13 36 34
10 39 33
10 38 33
08 36 32
09 36 30
10 38 31
12 39 32
12 36 31
12 37 31
13 37 31
12 36 30
11 38 29
12 37 30
11 36 30
12 38 30
12 37 29
15 37 30
12 39 29
13 38 30
13 39 30
12 38 30
13 39 30
14 40 31
12 39 30
12 41 31
13 40 32
13 41 32
12 39 34
13 40 34
14 40 35
14 40 35
14 39 35
14 40 37
12 39 37
14 38 36
14 38 36
15 40 36
15 39 36
13 40 36
12 40 36
12 41 35
12 39 35
13 41 35
13 41 34
13 41 35
14 41 34
15 41 34
13 42 34
14 40 33
13 40 33
11 41 33
12 40 32
12 40 33
13 42 34
12 40 34
14 39 33
13 39 34
13 40 34
12 39 33
13 39 34
13 38 33
12 39 34
13 38 34
13 39 34
12 39 34
13 40 35
13 40 34
12 41 34
14 39 34
13 40 33
13 40 34
12 41 34
13 40 33
12 39 33
13 40 32
12 40 33
13 40 33
13 39 34
13 40 34
14 39 33
13 40 34
13 39 34
14 38 33
13 39 33
12 39 34
13 38 33
13 39 33
13 39 32
14 39 33
12 40 34
13 39 33
13 40 34
13 40 33
12 40 33
13 40 34
13 40 33
13 40 34
13 39 34
13 39 34
13 39 34
13 40 34
12 40 34
13 40 34
12 39 34
13 38 33
13 38 33
13 39 33
12 39 33
13 40 33
12 40 34
13 39 33
13 40 34
14 40 33
12 39 33
13 40 33
12 40 33
12 39 34
12 39 33
12 39 33
13 39 33
13 38 33
13 39 33
14 38 34
12 39 34
12 39 34
12 40 34
13 39 34
12 40 33
13 39 34
13 39 33
13 39 33
13 37 33
14 37 33
12 38 34
12 40 32
13 39 33
13 39 33
13 38 33
13 40 34
13 38 33
12 38 33
13 39 33
14 38 34
13 39 34
13 39 33
12 39 33
12 39 34
12 40 33
13 39 33
12 39 33
12 39 33
12 39 33
12 38 34
12 38 33
12 39 32
13 39 33
13 39 33
13 39 33
13 38 33
13 38 32
13 39 33
13 39 34
12 40 33
12 40 33
13 39 34
