28 23 50
27 23 32
27 23 50
28 24 51
27 25 51
27 24 51
29 25 51
27 24 50
29 25 50
28 25 50
27 25 51
29 24 51
29 24 51
27 25 50
28 23 51
26 25 51
28 24 51
28 24 51
26 25 52
29 24 51
28 24 51
28 25 51
27 24 50
28 24 51
27 24 51
28 25 51
26 26 50
27 26 51
28 24 51
29 25 52
26 24 50
28 23 51
28 24 52
28 24 51
28 23 50
28 24 50
28 23 51
28 24 50
28 25 51
29 23 50
29 24 50
27 24 51
28 24 51
28 23 51
28 24 51
28 23 51
29 23 50
27 25 50
28 24 51
30 25 50
28 23 51
27 24 51
28 24 51
29 23 52
28 24 52
28 25 50
26 24 50
28 25 50
29 24 50
28 23 50
28 23 50
29 24 50
28 24 51
28 24 50
28 24 51
29 23 51
28 24 51
28 24 52
27 23 51
27 23 51
28 24 51
29 24 51
27 25 50
29 24 51
28 24 51
28 25 51
27 25 51
28 24 51
28 25 50
29 24 51
28 23 50
28 25 52
28 24 50
28 24 51
27 24 51
28 24 50
27 23 51
28 25 51
28 23 50
28 24 50
29 23 51
28 23 49
28 24 50
29 23 50
28 24 52
28 24 53
29 23 52
27 24 52
29 25 51
28 26 50
26 25 50
27 25 50
27 24 51
28 23 51
26 25 51
27 25 51
27 25 50
28 24 50
27 24 49
28 24 50
28 24 50
27 24 50
27 24 50
28 24 51
28 23 52
28 22 52
29 23 52
27 23 51
26 22 51
28 23 51
28 25 51
27 24 51
29 24 51
29 25 50
31 24 50
31 26 49
31 25 49
29 26 49
27 25 47
26 24 48
25 24 48
21 23 50
21 22 48
21 23 48
21 24 47
20 23 46
20 23 45
20 23 43
17 18 45
20 21 46
19 21 43
19 21 42
20 21 41
18 20 42
17 19 42
17 22 43
17 20 41
17 20 42
16 20 37
16 20 38
18 21 43
19 23 43
15 24 46
23 20 40
20 18 39
21 18 40
18 18 39
16 22 40
16 18 41
17 18 42
17 18 41
17 20 41
17 20 43
18 21 43
16 21 43
17 21 42
17 23 42
19 25 42
18 25 42
16 27 43
16 27 40
18 28 38
16 26 40
16 26 43
16 25 44
16 23 43
15 19 44
17 20 48
16 23 45
17 27 43
18 28 41
18 29 41
20 29 44
16 29 48
14 26 49
15 28 46
16 29 41
14 28 41
14 28 43
13 25 44
13 25 43
14 25 42
13 28 44
13 27 43
15 28 43
17 26 43
18 25 44
17 25 44
16 24 45
16 22 41
18 24 41
19 25 41
21 26 40
22 24 39
21 19 37
18 21 38
14 20 40
12 22 42
14 23 41
14 21 38
13 20 37
13 20 41
12 18 40
14 19 36
13 20 35
14 22 34
17 22 36
16 28 35
16 30 38
16 20 39
16 20 40
16 19 41
13 19 40
14 10 40
15 10 39
16 23 31
20 37 31
22 14 43
21 15 44
23 26 42
20 30 43
19 27 49
22 22 48
22 25 46
19 22 55
19 16 46
24 23 47
23 24 40
26 24 40
24 22 42
24 18 42
25 16 42
25 18 41
25 19 41
26 19 42
25 19 44
26 18 45
24 19 46
23 21 47
19 18 45
18 10 42
17 11 43
16 16 39
15 11 40
14 11 44
17 14 45
19 17 40
21 18 42
22 15 40
25 16 38
26 16 35
28 05 33
27 05 28
27 05 26
25 07 27
29 04 26
31 13 28
34 14 30
38 15 29
40 22 31
40 18 29
42 20 28
41 21 32
41 20 32
40 18 34
39 20 34
39 19 36
39 16 36
38 15 36
36 12 36
38 11 36
41 10 36
39 06 33
36 00 37
36 00 40
37 02 41
38 09 39
39 19 40
39 18 39
39 21 40
38 20 39
37 23 36
38 21 35
36 18 34
35 11 34
35 10 36
33 06 41
32 07 44
33 12 52
36 13 55
36 18 53
37 23 52
40 26 50
39 26 52
41 23 50
40 27 48
38 29 51
38 29 49
39 25 47
38 24 49
35 24 49
39 16 45
36 17 46
36 20 46
37 18 45
37 17 48
37 15 51
36 18 52
36 20 50
36 21 49
34 20 47
34 17 46
35 18 45
35 15 43
36 14 41
38 15 39
38 16 39
39 15 37
40 15 36
41 15 37
39 17 36
42 14 35
42 14 37
39 14 38
36 12 38
38 09 36
37 08 32
38 06 28
37 06 27
36 10 26
34 17 30
27 15 35
24 12 36
22 11 36
22 14 36
22 11 33
22 12 31
21 15 32
21 16 30
20 14 31
22 12 32
22 11 36
23 11 35
23 12 36
22 12 36
22 14 36
22 14 33
22 15 32
23 14 33
22 15 33
22 16 34
20 16 36
20 15 37
19 14 37
19 15 36
20 14 36
21 14 36
22 17 37
22 18 36
21 18 37
21 20 36
21 19 38
19 18 38
19 18 39
19 17 39
18 19 38
17 19 38
18 19 37
16 20 37
17 20 38
15 22 37
15 22 38
15 23 38
15 22 38
13 24 40
13 24 40
14 25 41
15 26 41
15 26 41
15 26 41
15 26 42
14 28 43
15 28 44
15 28 43
15 29 44
14 29 44
15 28 46
16 29 46
17 31 47
17 30 46
18 31 46
19 33 47
20 32 47
17 33 47
18 33 48
18 33 48
18 34 47
19 33 47
17 33 46
19 33 48
18 33 48
18 33 48
19 32 49
19 33 49
21 33 49
22 33 50
22 35 51
24 36 50
23 37 51
23 37 52
26 37 51
25 37 50
25 36 51
26 37 52
25 37 52
25 37 53
26 36 53
24 37 52
24 37 52
25 36 52
26 36 50
26 36 51
26 37 51
27 36 51
27 37 51
27 38 51
26 37 51
27 38 51
26 38 52
25 37 53
27 38 53
26 37 51
25 36 52
27 36 52
28 36 49
27 37 49
26 37 51
25 40 51
26 38 51
25 36 51
26 36 51
26 36 52
27 36 51
28 36 52
29 38 51
29 37 51
28 38 51
29 39 51
28 38 50
26 38 50
25 39 51
24 38 51
24 38 50
23 38 50
23 39 48
23 39 50
23 40 50
21 39 50
23 40 50
22 40 48
19 41 48
20 40 46
19 40 47
15 43 47
14 42 48
11 43 47
08 42 47
09 39 43
08 41 43
10 40 43
12 39 41
14 37 40
14 37 41
15 40 40
17 40 38
16 42 38
17 38 37
16 39 36
16 40 35
18 38 36
17 37 37
16 40 37
17 38 37
16 38 36
18 38 36
18 38 36
18 39 37
16 38 38
15 39 38
13 39 38
12 39 39
13 39 40
13 40 40
14 39 39
14 39 39
15 40 39
15 40 39
13 39 38
13 40 38
12 41 39
13 40 40
15 41 39
16 38 40
14 40 41
15 39 40
13 39 41
14 41 42
13 40 42
13 39 42
12 39 40
14 39 39
14 40 40
14 38 39
15 38 39
15 39 39
14 38 39
13 37 39
14 37 39
14 38 39
14 38 39
14 36 40
15 34 39
14 36 40
13 37 40
15 37 39
15 38 40
14 37 40
15 37 39
14 37 39
16 38 39
15 39 40
15 38 40
14 39 41
14 38 40
15 39 41
14 38 41
15 39 41
14 38 41
13 39 41
14 40 42
14 38 41
13 38 41
12 38 40
13 38 41
14 38 40
14 39 39
15 38 40
14 39 40
14 38 40
15 37 39
15 37 40
16 38 40
14 37 41
14 37 41
15 37 40
15 37 40
14 37 41
15 36 40
14 35 39
15 36 41
14 37 40
15 37 40
15 38 41
15 38 42
15 37 41
15 37 41
15 37 41
14 38 41
14 38 41
14 38 40
15 38 42
14 37 40
14 38 41
14 36 42
15 37 42
14 38 41
14 37 41
14 39 41
14 38 41
15 37 40
16 39 40
14 39 40
16 38 40
15 39 39
14 39 39
14 39 39
14 38 41
15 40 40
15 40 39
14 39 39
14 39 40
14 39 40
14 38 40
14 40 40
15 39 40
14 40 39
15 40 40
16 39 40
14 39 39
14 39 40
15 39 40
14 39 40
14 39 40
15 40 41
15 39 40
12 39 40
14 39 40
15 39 40
15 40 39
15 40 39
14 40 39
14 40 41
14 40 39
16 40 39
15 39 39
14 39 40
14 39 40
15 40 40
16 39 40
15 40 40
15 40 39
14 39 40
14 40 39
15 39 39
14 39 40
15 39 39
15 40 40
14 39 40
15 38 41
15 39 41
14 39 40
15 39 40
15 39 39
15 38 39
14 40 40
14 39 40
15 40 41
13 39 39
15 39 40
14 38 39
15 39 39
16 39 40
15 39 40
15 38 41
14 39 40
14 40 40
14 38 41
14 39 41
13 40 41
