28 33 52
28 34 51
29 35 52
29 36 53
28 37 53
29 36 53
30 35 54
30 35 53
31 35 52
29 34 52
28 35 52
30 35 51
29 36 52
30 36 51
29 35 52
29 34 51
28 39 51
29 36 50
28 37 49
26 38 48
25 41 47
24 47 50
23 45 50
28 39 50
28 36 52
26 37 51
26 32 52
25 33 48
21 33 48
21 34 52
17 36 55
16 34 53
21 34 51
22 35 50
23 34 50
22 33 47
23 33 48
21 34 50
22 32 50
22 34 50
21 33 49
21 34 49
22 32 49
22 34 49
22 33 50
22 33 49
22 33 50
22 35 50
23 32 51
21 34 50
22 33 49
22 34 50
22 33 50
22 34 50
22 33 50
21 33 51
21 33 50
24 32 49
22 35 50
23 32 50
22 31 50
22 33 51
22 33 51
22 33 50
22 34 49
22 34 50
21 34 51
22 34 50
22 34 51
21 34 50
21 32 51
21 33 50
21 35 50
22 33 49
22 32 49
22 35 50
21 33 49
22 34 51
23 33 50
23 34 49
21 31 51
22 33 50
22 33 50
22 33 51
22 34 50
22 33 49
21 33 50
22 33 51
22 33 51
22 32 50
22 32 50
19 34 52
18 34 53
18 34 54
16 35 52
15 34 51
14 34 47
16 35 44
15 32 44
17 31 48
19 28 46
20 30 46
22 29 45
23 25 44
25 28 42
26 28 45
26 26 49
25 28 46
23 32 48
25 28 47
24 37 47
21 35 51
17 28 53
13 23 58
13 21 56
15 30 48
19 32 45
21 31 43
19 30 42
16 27 45
16 23 46
16 28 47
17 28 47
17 29 46
16 28 45
17 27 45
15 27 43
15 26 44
13 30 45
17 31 48
18 30 47
21 28 48
23 31 49
23 28 49
19 25 49
17 22 50
19 25 52
21 20 50
23 21 50
23 26 49
21 29 40
21 38 40
11 40 34
09 30 36
17 29 44
18 35 45
15 38 39
15 37 41
15 38 41
15 38 47
17 41 44
20 41 44
13 40 47
14 44 44
16 41 47
16 43 43
16 42 44
16 41 45
16 42 43
18 43 42
18 43 45
17 43 42
19 44 45
18 44 44
19 43 43
18 44 46
18 43 44
21 44 40
21 46 46
20 44 42
20 47 45
19 45 45
19 44 41
19 46 43
18 45 43
19 42 41
20 43 43
20 45 40
19 44 40
17 45 43
16 48 43
14 49 43
17 46 45
19 47 45
15 47 43
21 40 42
23 40 44
15 46 44
14 45 44
14 37 41
17 35 37
21 37 37
20 39 38
22 45 40
21 47 44
19 38 35
16 42 33
15 36 36
13 41 35
09 39 32
08 41 34
14 43 32
12 43 36
10 41 36
15 39 35
15 43 41
13 40 34
14 42 36
14 42 35
14 42 34
11 43 37
13 41 36
14 41 36
15 41 38
14 41 36
15 41 35
14 40 39
13 41 39
12 42 38
12 39 41
14 37 41
11 34 36
13 33 36
15 31 36
14 32 39
13 29 40
14 27 38
13 26 39
13 25 38
14 26 40
14 24 38
11 24 39
14 28 41
13 27 43
15 24 42
16 26 40
15 30 40
14 28 43
16 28 41
14 30 39
14 28 40
14 29 41
13 30 41
15 30 42
15 31 42
15 31 42
15 30 43
13 30 44
14 31 41
12 31 41
11 32 40
12 33 36
12 33 37
14 32 37
14 36 38
14 37 37
12 37 40
09 37 38
09 41 37
10 40 36
11 40 38
12 41 36
12 38 37
12 42 35
11 37 33
12 36 33
12 36 34
16 35 33
15 39 34
17 40 35
15 40 35
14 40 35
10 48 35
09 41 35
10 37 34
09 36 31
08 38 30
08 35 30
12 33 31
13 33 31
15 35 32
14 36 33
13 36 31
13 35 34
13 34 34
12 33 33
13 34 34
15 36 35
17 35 35
16 35 35
13 34 34
13 36 35
12 35 34
12 35 35
11 35 33
09 35 34
09 36 34
10 34 32
11 34 30
12 34 30
12 35 30
12 35 31
12 34 31
11 34 31
12 34 30
11 34 30
11 34 30
11 33 30
11 34 32
12 33 32
12 33 32
12 33 31
12 35 30
11 34 31
10 33 30
10 33 31
12 33 30
10 32 32
12 33 31
10 31 31
12 31 30
11 32 31
11 32 30
13 33 30
11 32 31
12 31 32
12 33 32
11 32 31
13 32 31
13 32 32
11 32 30
12 34 32
11 31 31
11 32 32
11 33 32
10 30 31
12 32 32
12 30 31
12 30 31
13 31 32
12 31 32
12 32 32
11 31 31
11 30 31
10 30 32
12 30 30
12 28 30
10 30 32
11 30 32
10 30 31
11 31 32
12 29 31
12 28 30
10 28 30
11 29 31
12 30 30
12 32 31
13 31 32
13 30 32
11 31 31
12 30 31
12 30 30
12 28 32
12 28 29
12 29 30
11 29 32
11 28 31
11 29 31
12 31 31
13 30 31
13 30 30
12 30 31
12 30 32
12 32 32
11 32 33
11 35 34
