31 32 52
31 32 52
32 33 52
32 33 52
41 33 32
30 33 52
33 32 53
31 33 53
32 33 53
32 34 52
31 34 53
31 32 53
32 33 52
31 33 52
31 33 53
32 32 53
31 35 53
30 32 53
30 32 53
31 32 53
32 33 52
32 33 53
31 34 53
31 32 53
32 33 53
31 32 53
31 33 54
32 34 53
31 33 53
30 32 53
31 32 53
33 34 53
32 33 53
31 32 53
31 32 53
30 33 53
32 33 53
31 33 53
31 33 53
32 33 53
31 34 53
31 32 53
32 33 54
31 33 53
32 33 53
30 33 51
30 30 52
31 28 52
32 31 53
32 31 53
33 33 53
32 35 53
32 34 52
32 32 53
31 32 53
31 33 53
32 34 53
32 33 53
30 33 53
32 31 53
30 32 53
32 33 53
32 34 52
32 32 53
32 33 52
31 33 52
30 32 54
32 32 53
30 33 52
32 32 52
31 32 53
32 34 53
32 33 52
33 33 53
31 33 53
31 33 53
32 33 52
32 33 53
31 31 53
32 34 53
33 33 52
31 33 52
32 32 52
31 32 53
32 34 53
33 33 54
32 33 53
32 32 53
32 33 53
32 32 53
32 32 53
33 32 53
32 33 54
32 34 53
32 32 53
32 33 53
31 32 53
31 32 53
31 33 53
32 34 54
32 33 53
32 33 53
31 32 52
33 34 52
34 34 53
32 33 54
31 33 53
30 33 53
31 33 52
31 32 52
32 32 53
32 32 52
32 32 54
31 34 53
31 33 53
32 33 53
32 33 53
31 32 53
31 32 53
32 32 53
30 33 53
31 32 53
32 32 53
32 33 53
33 31 52
32 33 53
33 33 53
33 33 53
32 31 52
32 32 52
32 32 53
32 33 53
32 32 53
32 32 54
32 32 53
32 32 53
32 32 53
31 33 54
34 34 53
32 33 53
32 33 53
32 34 53
31 31 53
30 32 53
29 31 53
28 30 53
31 27 54
32 28 53
33 30 55
34 32 54
35 33 54
33 30 53
32 33 53
31 30 51
29 29 50
27 32 52
28 36 50
25 33 49
26 34 49
24 31 48
27 29 49
24 32 47
23 33 49
21 31 49
20 30 47
17 34 54
14 36 49
13 27 47
17 32 49
18 31 49
20 32 49
21 33 46
21 34 45
19 32 45
14 28 47
14 31 47
17 37 49
19 35 47
21 33 48
21 35 48
18 31 48
16 34 48
18 32 48
19 34 50
20 35 52
17 37 52
15 36 46
13 34 43
14 35 43
15 34 40
16 35 41
16 36 42
16 37 42
15 35 42
15 36 42
16 35 43
14 36 43
15 36 42
14 36 42
14 36 41
14 37 40
14 37 42
14 37 39
13 35 39
13 38 39
12 38 38
11 37 41
14 40 37
14 41 35
14 42 35
11 44 39
13 44 36
16 43 35
15 45 37
16 45 37
15 43 38
16 45 35
20 43 32
13 44 40
13 45 38
16 46 36
15 45 42
17 49 37
17 45 36
17 46 40
18 47 36
19 46 37
18 47 41
17 47 38
17 46 38
17 48 41
16 46 40
18 43 39
18 45 38
17 44 40
20 45 41
18 45 39
18 46 38
17 46 40
16 46 42
15 45 41
15 45 41
16 45 41
19 43 40
19 45 39
18 44 39
16 44 40
15 42 42
13 45 43
11 40 43
10 40 44
07 41 45
07 39 45
09 42 45
10 45 41
11 47 38
15 45 37
17 47 38
21 47 39
23 46 37
24 50 37
28 51 39
30 53 47
30 46 46
31 49 42
31 44 38
32 43 44
32 47 47
31 48 47
29 44 42
30 36 46
31 28 50
28 30 45
22 38 52
15 34 55
17 43 59
15 40 57
18 34 47
17 35 46
17 33 48
19 35 49
18 39 48
18 39 46
17 38 46
17 35 44
15 37 46
16 38 45
18 44 47
18 45 46
17 42 43
16 39 44
17 39 43
18 41 43
16 37 43
15 40 43
15 40 43
15 38 42
14 38 42
15 36 40
15 39 44
15 35 40
14 33 36
16 34 36
15 41 41
11 36 37
13 39 40
13 35 39
12 36 35
09 38 38
10 34 35
09 34 34
13 31 36
14 34 36
09 34 33
10 35 35
10 33 34
11 32 32
12 33 33
10 32 34
10 29 31
12 33 35
11 31 34
13 33 32
12 31 33
10 32 32
11 34 30
10 34 32
10 33 31
12 36 33
10 35 34
14 34 32
12 36 36
09 37 35
11 35 34
11 38 35
07 37 35
11 35 35
14 35 34
15 35 37
16 33 38
15 34 39
13 36 42
13 37 43
12 40 43
14 36 40
18 42 43
19 30 46
26 35 46
25 46 48
27 35 50
28 33 47
27 32 47
28 35 48
26 32 46
21 32 43
20 42 52
19 39 53
16 39 52
16 38 51
18 38 50
16 37 52
17 36 52
19 38 51
22 40 48
23 39 48
23 38 46
23 39 47
21 41 50
21 41 49
20 41 47
21 41 46
20 41 45
21 42 46
20 41 54
25 37 48
22 44 44
16 43 39
13 46 36
16 46 44
18 45 42
16 45 41
15 46 42
16 45 40
14 45 38
15 44 40
15 42 39
13 42 36
12 42 36
12 39 34
14 40 32
16 39 31
15 37 29
14 40 29
10 41 32
11 37 31
10 38 31
10 40 30
11 38 30
12 36 26
12 34 26
13 33 28
11 33 28
11 31 26
11 29 27
10 30 27
09 31 28
12 30 30
13 33 29
13 34 30
13 33 31
13 32 30
13 33 29
13 34 30
15 35 30
13 34 30
14 36 31
14 37 31
12 35 28
11 35 29
12 36 29
11 38 30
12 37 30
13 36 31
15 36 31
15 36 31
15 37 33
13 39 34
11 38 33
12 36 34
13 37 34
12 37 33
12 38 33
12 38 33
11 39 34
12 37 33
13 38 33
12 37 33
12 38 33
13 38 33
11 37 33
12 35 35
12 36 35
12 37 35
12 38 35
12 37 34
13 38 34
11 39 35
12 39 34
13 38 34
12 39 34
12 38 35
12 37 36
12 38 35
12 37 35
12 37 34
12 35 34
12 36 33
11 36 34
12 35 34
12 36 34
12 35 34
12 36 35
11 36 35
10 35 34
12 34 35
12 34 35
12 33 34
11 34 35
11 33 34
12 34 34
11 33 35
11 33 34
12 32 33
12 31 34
11 30 34
11 32 33
12 31 33
13 32 34
12 32 33
10 30 33
10 30 32
09 29 32
11 27 32
12 27 32
12 30 32
12 29 33
13 30 34
11 29 34
11 28 32
12 28 32
11 29 32
12 28 33
11 28 32
11 29 33
11 28 32
11 30 33
11 28 34
12 28 33
12 28 32
12 28 33
10 28 33
11 27 33
12 28 33
11 29 33
11 30 32
11 28 33
11 29 32
10 28 33
12 30 32
12 28 33
12 29 34
12 30 33
13 29 33
13 29 33
11 30 34
10 31 33
11 31 34
10 31 35
12 31 34
11 31 34
11 30 34
12 31 34
12 30 34
11 31 34
12 33 33
11 33 34
10 32 35
11 32 34
11 33 35
11 33 34
11 33 35
10 32 34
11 32 34
11 32 33
13 32 34
12 33 35
11 32 33
11 33 34
11 34 34
11 33 33
13 34 33
11 34 35
12 33 34
11 33 35
12 33 34
11 33 33
10 33 35
12 34 34
12 33 34
10 33 34
11 32 34
12 32 34
11 32 34
10 34 34
12 32 34
11 33 33
12 33 34
12 33 34
12 32 34
11 31 33
12 30 34
12 31 33
10 29 34
10 30 33
11 31 33
12 30 32
11 30 33
11 30 34
12 31 33
12 30 33
10 30 34
11 29 34
12 28 35
12 29 33
12 30 33
12 31 34
12 30 33
12 31 35
12 31 35
12 31 34
12 31 35
11 30 34
11 30 34
10 31 34
11 30 33
11 28 33
12 29 34
12 29 34
11 31 34
12 30 35
11 29 36
12 31 34
12 31 34
12 31 35
11 31 35
11 31 36
12 31 35
11 31 34
11 31 35
11 31 34
11 32 35
11 32 36
11 32 35
11 31 34
11 31 35
12 31 34
11 30 35
11 32 34
13 33 34
11 31 34
11 32 34
13 32 34
10 31 34
12 30 34
10 31 33
12 31 33
11 30 33
11 30 34
11 30 34
11 31 34
12 30 33
11 30 32
11 29 33
11 30 33
11 28 33
11 28 33
12 28 33
11 29 32
11 28 33
11 29 33
12 28 34
13 29 34
12 29 34
12 29 33
11 29 34
10 29 35
12 29 35
10 28 33
12 28 34
12 29 33
11 29 34
10 29 34
11 29 34
12 29 33
12 28 34
12 29 33
10 29 33
13 29 33
11 28 33
11 28 33
11 29 33
11 30 33
11 28 34
11 28 34
11 27 34
10 29 34
12 28 32
11 29 35
11 29 34
12 29 33
12 30 34
10 29 34
10 30 33
12 28 33
11 28 33
11 29 32
11 28 33
12 28 32
11 28 34
12 27 33
11 28 33
11 28 32
12 29 33
12 28 33
11 30 33
12 29 34
11 29 34
12 28 33
11 29 33
11 28 33
12 29 34
11 28 34
11 29 33
10 27 34
10 29 34
10 28 32
11 27 34
11 27 33
12 29 33
12 29 33
12 29 33
11 29 34
10 29 33
11 29 33
12 28 33
12 29 33
10 29 34
12 29 33
11 30 33
