34 38 53
34 38 53
34 33 53
33 37 52
34 38 52
35 37 53
35 38 53
34 37 52
35 38 52
35 37 52
34 38 54
35 38 53
34 39 52
34 36 52
36 37 53
34 38 53
35 37 52
34 38 52
35 38 53
35 38 53
34 38 53
35 37 52
34 38 53
34 37 52
36 37 53
34 37 53
34 38 52
35 37 53
35 37 53
35 37 53
34 37 52
35 38 52
35 38 53
35 37 53
34 37 52
33 37 53
34 38 53
34 37 52
34 38 52
34 36 53
34 38 53
35 38 53
35 37 51
33 37 52
35 38 52
35 37 52
36 37 53
34 37 53
35 37 52
36 39 52
33 38 52
36 38 52
35 37 53
34 38 53
35 38 52
34 39 53
35 37 53
34 38 52
35 38 53
36 37 52
34 38 52
34 37 52
35 37 52
35 37 51
35 36 53
35 37 53
35 39 52
34 38 52
35 38 53
34 38 53
34 37 53
34 37 52
34 38 53
36 38 52
34 38 53
34 38 52
34 37 52
35 37 52
35 38 53
35 38 52
34 37 52
35 37 52
34 39 52
35 37 52
33 38 52
34 38 53
35 37 52
36 38 52
35 38 51
34 37 53
34 37 53
35 38 53
34 37 52
34 37 52
35 36 53
34 38 52
35 37 53
34 37 52
35 38 52
33 37 53
34 38 52
34 36 52
34 37 52
34 38 52
35 37 53
34 37 52
36 38 52
34 37 53
35 37 52
34 36 53
33 37 53
35 37 52
35 38 53
33 37 53
34 37 52
34 38 52
34 37 53
35 37 52
33 38 52
34 37 53
35 38 53
35 37 52
35 38 52
35 38 53
35 38 53
35 37 53
35 38 53
34 38 53
35 37 52
34 37 52
34 37 53
35 37 52
34 37 52
34 37 53
34 38 54
35 38 52
35 37 52
35 37 51
35 38 53
35 36 53
35 38 53
35 38 53
34 38 53
35 37 52
36 38 52
34 38 52
35 38 52
35 38 53
33 38 52
35 38 52
35 38 52
35 38 53
35 37 52
34 37 53
35 38 52
35 38 52
35 35 52
35 37 52
36 37 51
37 37 51
34 39 52
33 40 53
34 40 54
34 38 52
34 39 52
35 38 53
34 39 52
34 38 52
35 40 52
34 39 52
35 40 51
33 40 53
32 40 50
29 38 52
30 45 45
29 49 44
40 62 47
42 51 48
37 50 42
31 53 44
32 51 45
35 46 44
31 45 39
34 46 41
47 49 43
50 54 37
47 49 41
43 44 43
38 46 51
45 43 44
40 44 38
39 45 45
39 41 51
38 47 51
36 47 50
36 43 48
35 44 48
26 50 52
24 43 49
27 42 52
36 42 62
30 46 53
28 39 45
30 37 48
25 50 43
26 54 45
24 51 39
24 40 25
00 33 60
29 44 58
22 37 28
17 38 44
15 35 35
07 41 33
10 39 38
02 38 35
02 37 34
01 34 36
02 34 32
06 28 28
08 24 28
09 29 28
09 28 24
13 28 24
13 30 25
16 28 24
16 29 25
12 31 27
16 28 27
17 33 30
16 33 29
16 30 29
18 35 29
17 33 30
18 32 29
16 32 31
16 33 31
15 34 29
12 32 30
09 34 32
10 33 31
11 34 32
10 35 34
12 34 34
12 35 35
13 35 34
15 33 34
14 34 34
13 36 33
11 35 33
12 35 33
12 35 34
12 36 34
12 38 35
12 37 35
13 37 35
12 36 36
11 35 35
12 35 34
09 33 34
07 34 33
10 35 35
12 35 35
14 36 36
15 35 35
15 34 37
13 34 38
13 35 36
11 33 36
13 34 36
12 34 38
14 35 38
15 34 38
15 33 39
13 34 37
12 33 39
13 34 37
12 32 37
11 33 36
10 33 36
11 35 36
12 35 36
12 35 35
13 34 36
11 35 35
11 35 36
12 36 36
13 34 36
13 35 37
14 37 37
13 35 37
14 35 36
11 37 37
12 36 38
11 35 37
11 35 37
11 35 37
12 35 37
13 35 37
13 36 37
12 37 36
11 36 36
12 36 35
13 35 36
11 34 35
13 35 36
13 34 35
13 33 35
13 34 36
13 35 36
13 36 36
12 34 36
12 36 37
13 36 36
12 36 37
13 35 37
12 35 35
12 37 36
12 35 36
12 35 36
12 35 37
11 36 36
12 35 37
13 37 36
12 35 36
12 35 36
12 36 36
14 35 36
12 37 35
12 34 36
11 36 35
12 36 35
12 34 36
13 36 35
12 35 36
12 35 35
12 35 36
12 35 36
12 35 36
11 35 36
12 35 36
12 35 36
13 35 36
14 36 36
12 34 36
12 36 36
13 35 36
12 35 36
12 36 36
12 35 36
12 35 36
13 36 37
13 37 36
13 36 36
11 37 36
11 36 36
12 36 37
12 34 36
12 36 35
12 35 36
12 36 36
12 36 36
12 35 35
12 35 36
12 35 37
12 35 35
13 35 36
12 35 35
12 34 36
12 35 36
11 35 37
12 34 36
13 35 37
12 36 36
12 36 36
12 35 37
12 35 36
13 35 37
13 35 37
13 35 37
12 35 37
11 35 36
12 35 37
11 34 36
13 34 37
13 35 36
13 34 37
14 33 36
11 36 36
12 36 36
12 35 37
12 35 36
12 36 35
12 35 35
11 36 37
12 35 36
13 35 36
13 35 36
13 35 37
12 35 37
12 35 37
13 36 35
12 36 36
13 36 36
12 36 35
12 36 36
13 36 37
14 35 36
12 35 37
12 36 36
12 35 35
13 37 37
13 36 36
13 35 36
12 35 36
12 36 36
13 36 36
12 37 37
12 35 36
12 36 36
12 36 36
12 35 37
13 35 36
13 35 37
12 35 36
13 36 37
13 37 36
13 35 37
12 36 36
12 36 36
12 36 36
12 36 36
12 35 35
13 36 37
13 36 36
13 36 36
12 35 37
13 35 36
13 35 35
12 36 36
12 35 36
11 34 36
13 35 35
12 36 35
12 37 37
12 35 36
12 34 36
12 35 35
