15 27 44
15 27 44
16 28 43
15 28 44
17 27 44
14 27 44
16 27 44
16 27 45
15 27 45
16 27 44
15 27 44
17 27 45
15 27 43
16 27 44
16 28 45
16 28 44
18 28 45
16 27 44
16 26 44
15 27 44
17 27 44
16 26 45
16 26 44
16 27 44
17 27 44
16 27 43
17 27 43
17 26 43
16 26 44
16 27 44
16 26 44
17 26 44
16 25 44
16 26 44
16 26 44
17 27 44
16 27 45
15 26 44
17 26 43
16 26 43
17 26 44
17 25 44
16 26 42
17 26 43
17 26 44
16 26 44
17 26 44
16 25 44
15 24 45
16 25 43
16 25 43
15 24 43
15 24 42
16 25 43
14 25 43
14 24 43
16 23 42
15 21 41
16 21 40
16 22 40
17 23 41
19 20 39
18 20 39
19 20 39
20 18 38
19 18 40
20 18 39
19 19 39
21 20 35
21 21 34
20 22 34
20 20 36
18 13 36
17 16 40
18 17 40
18 18 37
19 16 33
20 16 32
20 17 31
19 18 32
19 16 30
17 15 35
18 16 32
20 16 28
19 20 30
19 16 24
15 19 25
16 16 25
15 13 27
15 16 29
17 17 34
18 09 34
17 11 35
19 10 34
18 09 33
19 09 33
20 08 33
22 09 33
25 11 33
26 10 34
29 11 34
30 14 34
30 16 36
33 17 34
36 17 35
37 17 35
38 15 36
38 16 37
39 15 38
40 14 38
39 15 39
40 17 38
40 16 41
40 18 40
41 15 43
40 17 43
40 19 45
40 20 45
41 21 46
41 24 46
41 23 49
40 22 48
40 23 48
41 22 48
42 26 47
44 27 48
42 25 49
43 26 47
43 28 47
41 30 48
42 33 48
42 33 48
42 35 50
40 36 50
39 33 51
38 35 54
37 35 56
38 37 58
37 35 60
35 33 60
35 36 60
36 36 59
35 35 58
36 33 57
34 32 55
32 28 55
33 27 53
33 26 50
32 24 49
35 24 45
34 25 45
36 20 43
35 20 43
35 19 44
36 16 42
33 18 42
33 16 43
35 15 44
32 18 43
30 16 45
31 18 46
30 14 53
28 09 63
30 23 59
33 21 54
35 22 54
36 21 48
36 19 50
34 19 47
33 21 49
31 22 48
32 20 49
32 21 48
32 20 50
31 19 51
33 20 51
32 19 50
34 21 47
33 22 48
33 22 47
32 22 49
32 20 49
31 20 49
32 19 48
31 19 49
31 20 47
33 20 48
31 18 48
31 17 49
31 19 48
31 18 48
30 18 47
30 20 46
30 20 45
28 19 47
27 18 49
25 19 51
25 20 50
23 21 49
23 19 47
24 19 46
25 19 47
25 20 47
28 19 49
29 18 49
31 19 47
31 20 48
33 17 48
34 18 49
36 18 47
38 17 47
40 17 46
47 16 42
52 19 42
52 21 41
46 25 42
38 27 47
31 26 49
27 20 53
24 15 53
23 14 52
26 12 51
26 13 49
25 13 47
27 14 45
27 14 44
27 14 43
26 15 42
27 14 40
27 17 42
28 18 42
27 18 43
29 13 42
27 18 43
26 19 43
24 15 42
23 16 44
27 16 43
27 17 42
28 16 41
26 20 41
26 19 43
25 19 42
26 19 43
26 18 44
24 18 44
23 18 45
21 17 45
21 15 45
22 17 47
20 20 47
21 23 48
19 24 48
22 24 47
22 22 44
24 21 44
25 22 43
24 23 43
26 26 42
22 26 44
23 28 46
22 29 47
20 28 47
19 26 49
18 27 50
18 27 51
17 24 47
19 25 45
18 25 45
17 27 45
16 26 44
15 27 42
16 27 44
17 28 43
17 27 42
14 30 42
14 28 41
13 26 45
15 26 45
18 28 41
16 30 41
16 31 40
14 32 43
13 33 43
13 33 41
13 32 42
13 32 41
12 31 44
13 31 44
15 33 45
16 32 46
15 34 45
15 34 46
16 33 46
16 32 46
17 35 47
17 36 47
17 36 46
18 36 47
18 37 47
19 35 46
19 37 47
19 36 49
20 35 48
20 35 50
19 36 50
19 35 49
18 36 49
20 34 49
19 35 47
19 36 47
18 36 47
19 34 47
18 37 47
18 36 47
18 35 47
18 34 47
17 36 46
18 35 47
18 35 46
17 33 46
17 34 46
16 34 46
18 34 46
17 34 45
17 34 46
16 33 45
18 33 45
17 34 45
17 32 44
16 32 45
16 34 43
16 33 44
16 32 44
15 33 43
16 34 43
16 34 44
15 32 42
15 33 42
15 33 43
14 32 42
15 34 43
14 32 43
13 33 44
12 31 44
14 32 42
15 33 42
14 34 42
15 33 42
13 32 41
13 33 41
14 34 42
15 33 40
14 33 42
14 32 40
14 32 40
14 33 41
14 33 41
13 32 40
13 33 41
14 33 41
14 33 41
13 33 41
15 33 41
12 33 41
13 33 41
13 33 40
14 33 41
14 32 40
13 33 40
14 32 41
13 31 40
13 32 40
14 32 39
12 33 41
13 33 39
13 32 39
13 32 40
14 32 39
13 33 39
13 33 39
13 33 39
12 33 38
13 33 38
12 32 38
13 32 38
11 32 38
12 32 38
13 32 36
14 33 37
12 33 37
12 32 35
09 31 35
10 31 34
12 32 32
10 31 34
09 31 31
11 29 32
09 31 30
08 30 30
10 30 30
10 29 30
11 29 29
13 28 30
11 26 27
11 31 27
12 29 23
12 29 24
11 28 26
13 28 25
13 29 25
14 30 26
14 29 25
13 31 26
13 31 26
13 30 26
13 30 26
14 30 25
15 31 27
14 31 27
14 32 28
14 33 28
13 33 29
13 33 30
12 34 30
12 34 29
12 33 29
12 32 29
13 32 29
13 34 31
12 33 30
14 35 31
13 35 31
13 35 33
14 34 33
12 36 33
11 33 32
12 35 33
12 34 33
11 37 34
13 36 34
11 34 35
12 35 36
12 34 35
13 34 35
12 35 35
11 36 36
12 36 36
13 36 36
14 35 35
12 36 35
14 34 35
13 34 34
11 35 36
13 35 35
11 35 34
12 34 35
12 35 34
12 35 36
12 34 35
12 35 35
11 35 36
13 32 36
12 34 36
12 33 36
12 34 36
12 35 36
12 35 36
13 35 35
11 34 35
12 34 36
12 34 36
12 34 35
10 35 35
13 33 35
12 35 36
12 35 36
12 35 35
13 35 34
13 35 35
11 35 35
13 34 36
12 35 36
12 35 36
13 35 36
11 34 36
12 34 35
13 34 35
11 36 35
12 35 35
11 35 35
12 34 36
11 34 36
12 34 35
11 34 35
12 34 35
12 34 35
12 34 35
12 34 36
12 34 35
12 33 35
13 34 37
12 34 34
12 35 35
12 33 34
11 34 35
13 34 35
13 33 35
12 34 36
12 34 35
11 33 34
12 34 35
12 34 35
13 33 35
11 34 35
12 34 35
11 34 35
12 33 34
11 33 35
11 32 35
13 33 35
12 33 36
12 34 35
11 32 34
12 32 35
11 34 35
12 32 35
13 34 34
12 33 35
11 34 35
13 33 36
12 32 35
12 32 34
12 33 35
11 34 35
12 33 35
11 33 35
12 34 35
12 34 36
12 33 34
12 34 35
11 32 35
11 33 35
12 33 35
12 34 34
12 32 34
11 32 34
13 33 35
12 33 35
13 32 35
12 33 34
13 33 36
12 32 35
12 32 35
12 33 35
11 33 36
13 33 35
13 33 34
13 32 35
12 33 34
13 33 36
12 33 35
12 32 35
13 33 33
12 32 35
12 33 34
12 33 34
11 32 34
12 32 34
13 32 34
11 33 34
