38 50 20
38 50 20
38 51 20
38 50 21
37 49 20
38 50 20
37 49 20
38 49 20
37 48 20
36 49 19
37 49 21
37 50 20
37 49 21
37 49 20
38 49 20
37 49 20
38 49 20
38 49 20
37 50 21
36 50 21
38 50 20
37 49 19
37 48 20
38 51 20
37 50 20
38 50 20
38 48 20
37 49 21
37 49 20
37 49 19
37 50 21
37 49 20
38 49 20
36 49 21
37 49 21
37 50 20
37 48 21
37 49 20
38 49 19
37 51 20
38 48 20
37 49 20
37 50 20
37 49 21
36 49 20
37 49 21
37 49 20
38 48 19
37 48 20
37 48 21
38 49 20
36 49 19
37 50 20
38 48 20
38 49 20
37 47 21
37 48 20
37 49 19
37 50 20
37 49 21
37 49 20
38 48 20
39 50 20
37 49 20
37 49 20
36 50 19
37 49 20
37 49 20
37 49 20
37 49 20
38 48 19
38 48 20
38 49 19
38 47 19
38 48 19
38 48 19
37 48 19
37 49 20
38 49 20
38 49 20
37 49 20
38 48 20
38 48 20
38 47 21
37 48 21
37 49 20
37 51 19
38 50 19
37 51 19
37 50 22
36 47 21
37 48 21
38 48 22
37 48 21
37 50 20
38 50 20
38 53 19
37 52 20
37 54 21
37 51 22
33 51 22
37 52 24
38 49 24
38 52 23
39 54 25
39 56 28
38 56 26
37 55 27
39 55 24
41 55 28
40 50 30
41 53 30
41 51 31
42 50 32
41 49 32
41 45 34
39 44 37
39 42 42
40 43 45
39 37 46
35 35 49
45 39 60
52 25 63
47 29 54
46 33 46
45 25 45
42 25 47
42 28 51
41 36 49
36 45 45
34 42 40
31 53 40
30 63 45
37 60 44
38 42 41
36 45 41
37 53 42
37 57 42
38 56 38
41 51 36
43 42 40
45 40 43
43 43 45
37 49 46
38 52 50
38 51 43
37 52 39
39 52 37
40 51 38
39 50 37
41 50 36
38 56 38
42 48 36
45 51 32
42 54 34
40 51 39
36 52 41
32 58 45
32 61 40
35 46 35
31 49 37
26 61 40
23 56 40
25 48 36
24 55 42
24 52 45
25 49 43
26 46 41
26 46 42
26 45 42
26 45 45
26 43 48
21 44 45
20 44 45
18 45 46
21 46 46
22 46 43
20 49 47
22 38 48
23 31 48
22 30 47
22 32 47
24 32 46
24 35 45
26 38 44
14 60 62
19 36 47
11 44 44
11 41 43
15 40 45
15 42 43
15 44 40
13 42 38
10 41 38
08 42 34
04 43 31
03 42 28
05 39 29
10 35 32
15 35 33
16 32 35
20 33 36
22 34 39
16 33 36
20 38 35
16 36 36
16 39 34
15 39 33
13 40 31
13 37 30
12 37 30
12 36 30
12 37 32
13 37 32
14 36 32
15 35 32
13 38 32
13 37 32
09 37 33
12 38 34
12 38 33
12 38 34
12 37 33
12 37 33
12 38 33
11 38 34
11 36 35
11 35 34
12 36 35
11 36 34
13 36 33
13 37 34
12 37 35
12 38 33
13 37 34
12 36 34
12 37 33
11 37 33
11 37 34
13 38 33
11 36 33
14 36 34
12 37 34
12 36 33
12 36 34
13 38 34
13 37 34
11 37 34
13 37 33
13 38 33
13 37 34
12 38 34
11 36 35
12 37 34
12 37 35
11 37 34
12 36 35
11 36 34
11 37 35
12 36 34
12 36 34
12 37 34
13 37 34
13 37 34
13 37 32
13 36 33
12 35 33
11 37 34
14 37 33
12 37 33
12 36 32
12 36 34
12 36 33
13 37 34
13 36 34
12 36 34
12 36 33
12 36 33
12 36 34
12 36 34
13 37 34
12 37 34
12 37 35
12 37 34
12 38 34
12 37 34
12 37 33
12 36 34
14 36 34
13 37 33
11 37 34
11 37 34
12 37 34
12 37 35
13 38 34
12 37 34
12 37 34
12 36 34
12 37 34
12 37 33
11 37 34
14 37 34
13 37 34
12 37 34
14 37 35
12 36 34
13 36 34
13 37 33
12 37 34
12 37 35
11 37 35
12 36 34
13 37 34
11 36 34
12 36 34
13 36 34
13 35 33
12 36 35
12 37 34
11 37 34
12 36 34
13 37 33
12 37 35
12 37 35
12 37 34
13 37 35
13 36 34
12 34 34
13 36 34
13 37 33
13 37 35
12 36 34
12 37 34
13 36 34
12 36 34
12 36 33
12 36 34
12 37 34
13 36 34
12 36 35
12 37 34
13 36 34
13 36 34
13 36 34
12 36 34
13 36 34
12 36 35
12 37 34
12 36 34
12 37 33
11 36 34
12 38 34
12 38 34
12 36 35
12 37 34
13 36 34
12 37 35
12 35 35
13 36 34
12 37 34
13 36 34
12 37 34
13 37 32
