30 34 53
30 34 53
31 35 53
31 34 53
30 33 54
31 34 52
30 36 53
31 33 53
30 34 53
31 34 53
31 34 53
30 34 53
30 34 52
29 35 53
29 35 52
29 33 53
30 35 53
30 35 53
30 35 53
30 33 52
30 33 53
31 34 54
29 34 53
29 33 53
31 34 53
31 34 53
29 35 52
30 35 52
30 34 53
29 34 53
30 34 53
30 34 54
30 34 53
30 35 53
29 34 52
30 34 54
30 35 52
31 35 53
31 34 53
30 34 53
30 33 54
30 33 53
29 34 53
30 34 53
30 34 53
30 34 54
30 33 53
30 35 53
30 35 53
29 34 53
31 33 52
29 33 53
29 34 54
31 35 53
30 34 53
30 35 53
30 34 53
31 34 53
30 34 52
30 33 53
30 34 53
29 35 53
30 34 53
30 34 53
30 35 52
31 36 53
30 35 54
30 33 52
31 34 53
30 35 53
31 34 52
30 34 52
30 35 53
30 34 53
29 34 53
30 33 53
30 33 53
31 34 54
29 35 53
30 33 54
29 34 53
30 34 53
30 35 54
30 35 52
30 35 54
29 34 53
30 35 52
30 34 53
30 34 52
31 34 54
30 34 53
30 33 54
30 34 53
30 33 52
30 34 52
31 35 53
30 33 53
31 33 53
31 33 52
30 34 53
31 33 53
30 33 53
30 34 52
29 33 53
30 34 52
30 33 53
30 34 53
30 34 53
31 35 53
30 34 53
30 34 53
30 34 54
30 32 53
29 33 53
30 34 53
31 35 53
30 34 52
31 34 53
31 35 53
31 33 53
29 33 53
30 34 53
30 33 52
31 34 52
29 34 53
30 34 53
29 33 53
30 34 54
30 33 53
30 34 53
30 33 53
32 34 54
30 35 53
30 34 52
31 34 53
30 35 53
30 34 53
31 34 53
29 34 53
30 34 52
30 34 52
30 34 53
29 34 53
29 34 53
31 34 53
30 34 53
29 33 53
29 33 52
29 34 53
30 32 54
30 33 53
30 34 52
30 34 52
31 32 52
31 33 52
34 33 50
31 39 52
28 38 52
28 36 52
26 33 51
27 31 53
27 32 58
26 34 55
24 37 53
24 37 52
26 35 52
30 35 52
36 35 53
37 34 55
35 37 50
34 42 47
28 43 49
34 42 53
34 40 52
35 42 49
37 40 53
35 42 52
36 40 48
36 41 47
36 38 46
33 40 50
32 47 51
29 45 52
30 42 53
31 43 48
30 41 49
27 41 56
28 39 50
29 41 51
28 43 51
28 46 53
27 43 52
26 41 52
27 41 50
27 42 50
24 43 49
26 43 49
26 40 51
24 39 50
24 43 51
24 41 52
23 41 50
27 40 51
23 40 50
23 40 48
25 39 48
23 39 48
21 38 49
20 39 48
21 39 49
20 40 49
21 37 48
21 38 48
19 37 48
19 40 49
20 38 48
21 39 47
22 38 46
21 37 46
20 38 44
18 37 44
17 38 45
16 39 45
17 39 46
17 39 45
16 39 46
18 41 46
18 38 45
17 39 44
17 37 43
17 38 40
16 39 41
15 41 45
14 39 43
14 39 43
15 37 46
15 39 44
15 37 45
16 38 45
16 40 46
19 37 42
18 37 41
18 38 41
18 39 42
16 41 43
17 39 45
16 38 43
16 36 43
15 37 43
14 36 42
15 37 42
13 37 42
14 39 43
14 37 43
14 37 42
16 38 42
15 38 42
15 38 43
15 37 43
16 38 42
14 38 42
16 38 41
17 38 42
16 38 42
14 38 42
16 38 41
15 40 42
16 40 43
16 42 43
15 40 43
15 41 41
16 41 40
15 41 39
16 42 41
14 40 41
14 41 38
16 43 40
16 42 39
16 42 39
15 42 40
16 43 40
18 43 40
18 44 40
18 44 41
17 44 40
16 43 40
16 44 41
15 43 39
15 44 40
14 42 39
15 42 37
14 40 37
14 41 38
16 42 38
15 43 38
16 42 38
15 43 38
15 44 38
15 43 39
15 41 40
14 40 40
14 41 38
14 41 40
13 41 38
13 41 39
14 40 38
12 40 38
13 38 38
14 38 37
14 37 37
14 38 37
14 37 38
15 38 38
13 38 37
13 39 38
14 39 39
13 39 39
12 38 40
14 37 40
16 38 41
14 36 41
16 37 39
16 36 40
16 36 40
15 37 41
15 37 39
14 38 40
14 36 39
12 37 40
12 37 40
13 37 38
14 36 38
14 37 38
14 35 38
14 35 38
14 35 38
12 36 37
09 37 37
06 35 36
05 36 34
05 38 33
06 35 32
08 35 33
09 34 32
09 35 33
10 35 33
12 34 33
11 36 33
12 36 33
13 34 32
13 36 34
12 36 33
12 36 32
13 35 32
11 35 31
11 35 32
13 35 31
13 34 31
13 34 32
12 35 31
12 35 30
12 34 31
11 36 31
11 35 31
11 34 32
12 34 32
13 34 33
14 34 33
16 33 34
15 34 33
16 32 33
15 34 33
15 34 35
13 34 34
13 35 34
13 35 35
13 36 34
12 36 35
13 37 36
14 36 36
13 36 35
14 35 35
14 37 34
13 36 34
12 38 33
10 38 34
09 36 32
10 36 31
11 38 31
12 36 33
11 38 33
11 38 33
11 38 32
11 36 31
12 37 32
12 38 31
13 39 31
13 37 31
13 38 31
13 40 31
14 40 32
14 39 33
12 38 31
12 39 33
12 40 32
11 39 32
12 41 33
15 38 33
14 39 34
14 39 35
13 38 35
14 38 35
14 39 35
13 39 37
12 39 36
13 39 36
14 40 35
12 40 36
13 41 37
13 41 36
14 41 36
13 42 37
13 42 38
14 40 36
13 41 35
14 41 35
13 41 35
15 41 35
14 40 35
14 39 35
13 39 36
13 39 35
12 38 35
14 39 35
13 40 34
13 39 35
12 40 35
12 40 35
14 40 35
12 39 35
14 39 36
13 38 35
12 40 34
12 40 35
13 40 34
13 40 35
13 40 34
13 41 34
13 40 36
13 40 34
13 38 34
12 39 35
13 39 36
13 40 35
13 39 35
12 39 34
14 39 34
13 39 34
13 38 35
12 40 35
13 39 35
13 40 35
14 38 36
13 38 34
14 39 34
13 40 34
13 38 35
14 39 35
13 39 34
12 39 35
13 38 35
12 39 35
12 38 34
13 39 35
11 39 34
12 38 34
13 39 35
13 38 35
13 40 35
13 38 33
13 40 34
11 39 35
13 39 35
13 37 35
13 39 35
13 38 35
13 38 35
12 39 34
14 39 35
14 39 35
13 39 35
13 39 34
12 40 36
14 39 35
