29 35 52
29 35 52
29 36 52
28 36 52
29 35 52
28 36 53
29 35 52
30 36 52
28 36 53
27 36 52
28 35 53
29 36 52
29 37 53
29 36 52
28 36 53
29 36 52
28 37 52
28 35 52
28 35 53
28 37 52
29 36 52
29 35 54
29 36 53
30 36 52
30 35 53
28 35 53
28 37 52
27 37 52
27 35 52
29 34 52
29 35 52
28 37 52
27 36 53
28 35 53
28 36 52
28 36 52
29 35 53
29 36 51
29 36 52
28 37 53
29 36 53
28 36 52
29 37 53
28 35 52
28 36 51
29 36 52
28 36 52
29 35 52
29 37 53
29 36 52
28 37 53
28 36 52
28 36 51
28 36 52
28 37 52
29 35 53
27 35 52
29 37 52
28 36 52
29 37 53
29 36 53
29 36 52
27 35 53
29 37 52
29 36 53
28 35 52
28 36 53
29 37 53
27 36 52
28 36 51
28 36 53
28 36 53
29 36 51
28 35 52
29 35 52
28 36 53
28 36 53
28 36 52
28 36 52
28 35 54
27 36 53
28 36 53
28 36 53
29 36 53
28 37 53
28 36 52
27 36 52
27 36 52
28 35 52
28 36 52
28 36 53
29 36 52
28 35 52
28 36 52
29 35 52
28 36 53
28 36 52
29 36 52
28 35 53
27 36 52
28 35 53
28 35 52
28 36 53
28 36 52
28 36 52
27 36 53
27 35 52
29 36 52
30 36 52
29 36 52
28 36 52
27 36 53
28 36 53
28 36 52
28 35 51
28 36 52
28 36 52
28 36 52
28 36 52
28 35 52
28 36 52
29 35 51
28 36 53
28 35 52
28 36 53
28 36 52
28 37 52
28 36 52
30 35 52
29 36 53
27 36 52
29 35 53
28 36 52
28 36 53
28 36 53
28 36 53
28 36 52
27 35 53
28 36 52
29 35 53
29 35 51
29 35 53
28 35 53
29 35 53
27 37 53
28 35 52
28 35 53
29 37 51
29 35 53
28 36 52
28 36 52
28 35 52
28 35 53
29 36 52
29 35 52
29 35 53
29 35 52
29 36 53
27 36 52
29 36 53
29 36 52
29 36 52
28 35 53
28 35 52
28 36 52
28 36 53
28 35 52
28 35 52
27 36 52
28 35 52
30 35 53
28 35 52
27 36 52
29 37 52
29 36 52
28 36 52
28 35 53
29 36 54
29 35 52
27 37 53
28 35 52
28 36 52
30 36 52
28 36 53
29 35 52
28 36 53
29 35 52
28 36 51
26 36 52
29 37 53
29 36 53
28 36 53
27 37 52
28 36 52
29 35 53
27 36 51
29 34 53
28 36 52
28 35 52
28 36 52
28 37 52
28 35 52
29 35 52
28 36 52
29 35 52
28 36 53
29 35 52
28 38 53
29 35 53
28 36 52
28 36 52
27 37 52
29 36 53
28 37 52
29 36 52
28 35 53
28 36 53
28 37 54
28 35 52
27 36 53
27 36 53
23 37 54
20 37 53
19 36 51
19 42 48
20 42 50
22 35 52
25 33 51
33 31 51
32 35 48
33 38 54
35 28 48
39 31 45
36 19 52
33 30 57
26 37 57
20 33 52
18 31 51
21 32 53
26 32 53
29 28 52
29 31 51
24 28 53
24 29 53
23 29 52
23 31 51
22 31 51
24 31 51
24 30 50
21 30 49
21 29 51
22 30 51
22 29 51
21 26 51
22 28 49
17 29 47
19 28 47
17 27 47
20 26 48
18 27 46
16 25 46
18 25 44
17 27 44
16 24 45
16 24 43
16 27 40
16 24 42
14 25 43
14 26 39
15 26 40
15 25 38
15 26 38
14 27 38
13 27 37
12 29 37
12 27 37
13 26 37
14 26 37
13 28 37
12 27 38
11 29 38
12 27 38
11 28 37
13 29 37
13 29 37
12 29 36
12 30 37
11 29 36
13 30 35
11 31 37
11 33 36
12 31 33
12 32 33
11 33 33
11 31 33
07 34 35
11 33 34
11 32 34
13 32 32
13 34 33
12 35 32
11 33 32
12 33 31
14 31 32
11 34 31
11 34 30
13 34 30
12 32 28
11 36 29
11 34 28
13 35 28
12 37 27
12 38 27
13 39 28
13 38 27
12 39 26
13 38 25
12 38 27
11 38 27
11 37 25
11 37 24
10 36 24
10 34 26
11 35 24
13 35 24
13 33 27
12 33 31
13 32 30
13 31 29
16 30 28
14 31 29
13 31 29
11 32 27
12 33 28
10 33 30
11 33 28
12 31 28
11 34 27
11 33 30
12 31 31
14 30 30
14 31 33
14 30 31
14 30 33
15 29 34
12 29 33
12 28 36
12 27 37
13 27 36
13 27 35
14 27 36
14 26 36
12 26 37
13 28 36
13 27 37
11 30 37
11 31 38
12 31 36
11 31 39
13 32 37
12 34 36
11 32 38
10 34 38
10 33 36
12 33 36
13 32 38
14 34 38
13 34 38
14 34 39
12 36 39
12 35 38
11 37 38
11 34 38
11 35 38
11 34 36
12 35 36
13 34 36
13 35 36
12 35 36
11 35 36
11 36 36
11 35 37
13 34 36
14 35 36
13 33 37
12 32 37
12 32 37
11 32 37
11 34 35
11 33 34
12 38 34
13 34 34
12 33 34
12 34 34
12 37 35
13 34 34
12 34 36
13 35 35
12 34 35
12 36 36
12 37 36
12 37 35
12 36 35
12 36 35
12 36 37
12 37 35
13 37 36
13 36 36
12 36 36
12 35 35
11 36 35
12 36 36
12 36 35
12 36 35
10 36 36
12 35 35
13 36 35
12 35 35
12 36 35
12 35 35
12 35 35
13 36 36
14 36 35
12 38 36
11 36 36
12 37 36
12 37 36
12 37 37
12 36 36
12 38 35
14 36 36
12 36 36
13 36 35
13 37 34
13 36 35
12 37 35
12 37 35
13 36 36
13 37 35
12 36 35
12 37 36
13 37 36
12 36 35
12 36 35
13 35 36
13 36 35
13 36 35
12 37 36
12 37 35
12 36 35
12 35 35
12 36 35
12 36 34
12 35 35
13 36 34
12 36 36
12 36 35
12 35 35
12 36 34
13 37 36
12 35 34
12 35 34
11 37 34
12 37 35
13 37 35
12 36 36
13 37 35
12 35 36
12 36 36
13 35 36
11 36 36
12 37 35
12 37 35
13 36 35
13 35 36
12 36 36
12 35 36
11 36 35
12 36 36
12 36 36
13 36 35
12 36 36
13 35 34
12 36 35
12 36 35
13 37 36
11 36 35
13 37 35
13 36 35
13 36 35
11 35 36
12 36 35
12 36 35
13 35 35
13 36 35
12 37 35
13 37 35
12 36 35
12 36 35
12 36 36
12 35 35
14 36 36
12 36 35
12 37 36
11 35 35
13 35 36
13 35 36
13 35 35
11 37 36
13 37 35
12 37 35
13 36 34
12 36 35
12 36 35
12 36 35
12 36 34
11 35 35
12 35 36
13 36 36
12 37 35
12 36 35
13 36 34
12 35 35
12 37 35
12 35 35
12 36 35
12 36 35
12 36 35
11 35 35
12 35 36
11 35 35
13 36 35
12 36 35
13 36 35
12 37 35
12 36 35
12 36 36
13 36 35
13 35 35
12 36 35
14 36 35
13 36 35
12 35 35
13 37 35
13 36 36
12 36 35
12 35 36
13 36 35
11 35 36
12 36 35
13 36 35
13 37 36
13 35 36
13 37 36
12 38 35
13 36 36
13 36 35
12 36 35
11 35 35
12 35 35
12 36 36
12 36 35
12 37 35
12 36 35
12 36 36
13 36 36
12 36 35
12 37 35
12 35 35
12 34 35
12 36 35
13 35 35
13 36 35
13 36 36
