38 33 52
38 33 52
37 35 52
38 35 53
36 35 53
36 35 52
35 35 53
37 35 53
36 34 53
38 35 52
37 34 53
38 34 53
37 34 53
38 34 53
36 34 52
38 35 52
37 33 52
36 34 53
38 35 53
37 34 53
37 34 52
37 33 53
37 35 53
37 35 52
36 33 52
37 34 52
37 34 52
36 34 53
37 35 52
36 34 53
36 35 54
37 35 52
38 34 53
38 36 52
38 34 52
36 34 53
35 34 53
37 33 54
37 35 53
38 34 52
37 34 55
36 35 52
38 34 53
37 34 52
36 34 53
39 33 54
37 34 52
38 34 53
38 33 52
36 35 53
35 33 53
37 34 53
37 34 52
38 34 52
38 33 53
36 36 53
35 34 52
36 33 53
37 34 55
37 35 52
38 34 53
38 34 52
34 35 53
37 34 53
37 35 54
38 34 52
38 34 52
37 34 52
36 33 52
38 34 53
36 35 55
37 34 54
37 32 53
38 34 53
37 36 52
37 34 53
35 34 54
37 33 52
35 33 53
37 34 53
38 34 54
38 34 52
40 34 51
38 34 51
38 34 53
39 32 52
38 34 52
36 33 54
38 34 54
36 33 53
36 33 53
34 33 53
36 35 53
37 34 52
38 35 53
37 34 53
38 35 53
38 34 52
39 35 52
39 35 52
37 36 51
36 34 53
36 32 53
37 32 53
37 34 52
38 35 52
36 35 52
35 33 53
37 34 53
39 33 53
36 35 52
37 33 53
37 34 53
38 34 53
37 33 52
36 35 52
37 34 53
35 29 56
38 31 49
39 37 51
36 34 54
37 38 56
37 34 54
39 32 52
37 34 52
37 33 52
36 34 52
36 35 53
37 36 52
37 34 52
38 34 54
37 35 52
37 34 54
37 35 53
38 34 52
37 34 53
36 36 53
36 35 52
37 35 53
37 35 52
36 34 51
37 34 53
37 35 53
38 35 53
36 35 53
36 35 53
37 34 54
37 34 53
37 35 53
37 36 54
36 35 54
37 34 52
37 34 53
37 35 53
36 35 53
38 34 52
38 34 52
36 34 53
36 36 53
37 35 53
38 34 52
36 35 53
37 35 53
37 35 53
38 35 52
38 34 54
37 35 53
38 35 53
38 35 51
38 35 53
36 34 52
37 34 53
37 34 53
38 34 53
38 35 54
37 35 53
38 33 52
37 34 53
37 34 53
38 35 52
37 36 53
37 35 52
37 35 52
36 32 52
38 34 49
37 35 50
38 32 53
38 31 54
38 33 52
37 35 53
36 35 54
36 36 55
36 36 54
38 35 53
39 33 52
38 34 52
37 33 53
38 33 50
36 34 50
38 34 53
38 36 55
39 34 55
38 32 55
39 32 53
41 29 52
42 28 56
41 27 59
41 26 55
40 27 51
40 24 50
40 25 52
38 29 54
35 28 52
36 25 52
35 27 52
35 27 51
36 26 49
36 24 47
34 24 45
33 22 43
32 22 44
29 21 42
26 19 43
25 20 42
23 20 40
24 19 39
21 25 39
17 30 45
18 25 47
17 26 45
16 26 45
14 26 44
12 25 43
09 25 42
09 28 41
07 25 42
10 31 46
11 35 46
13 33 45
16 34 41
17 32 43
18 37 45
17 39 44
13 36 43
12 36 42
14 36 40
15 36 40
15 36 38
18 37 40
18 37 36
16 40 37
11 39 38
08 42 41
11 40 43
16 40 40
18 42 37
16 43 37
16 40 38
15 41 36
13 42 35
18 44 36
15 44 34
13 44 36
13 44 39
12 44 39
11 45 36
10 44 33
09 45 36
07 43 38
07 41 39
12 38 41
12 33 36
10 32 33
03 27 29
06 31 30
04 35 33
07 31 34
09 32 36
10 35 37
11 36 38
14 33 39
16 36 40
12 42 44
16 34 40
16 37 39
15 40 39
18 37 41
22 35 40
23 32 40
25 34 40
25 39 41
26 42 40
21 50 40
25 53 57
25 33 48
24 42 45
24 45 51
24 37 47
16 38 41
11 42 56
11 24 63
24 26 46
19 31 43
17 36 51
17 33 49
18 31 47
18 28 45
18 30 46
17 32 47
16 31 47
14 34 49
17 32 46
16 34 48
18 33 45
17 37 47
16 36 47
17 35 47
18 35 48
18 36 47
18 36 47
18 37 48
17 36 48
18 35 46
20 37 48
19 37 47
17 37 48
17 36 49
18 37 48
18 37 47
20 35 47
18 38 50
20 35 44
21 37 48
18 40 51
18 37 47
21 32 42
21 37 48
19 38 49
21 38 47
18 38 48
19 36 48
20 36 47
20 36 47
19 36 48
19 34 48
19 35 48
19 36 47
19 35 49
18 35 48
17 35 46
15 34 47
16 35 46
16 35 45
18 34 46
19 35 45
19 35 45
18 34 44
16 33 44
17 35 46
17 36 45
16 32 46
17 33 48
17 33 50
20 34 48
20 36 50
19 40 49
16 46 48
17 54 44
20 50 42
22 45 41
24 42 38
21 42 39
22 41 39
22 39 39
20 39 38
19 37 38
13 42 46
06 35 63
19 15 49
20 32 49
19 34 48
19 39 47
22 41 46
24 41 47
26 43 50
25 45 49
23 43 48
23 42 47
22 39 48
22 40 48
24 39 48
23 39 48
22 41 48
23 41 49
22 41 49
22 40 48
22 42 49
22 44 47
23 42 48
22 42 48
22 42 48
22 42 48
22 42 48
21 41 48
23 43 48
21 41 47
23 42 48
23 42 48
22 41 47
23 40 48
22 42 48
22 41 48
23 41 48
23 41 48
22 42 48
24 42 49
22 41 49
23 42 48
22 41 48
23 41 47
21 42 47
21 42 48
22 42 48
22 41 47
23 41 47
23 42 48
23 44 49
22 41 47
22 42 47
21 43 47
21 43 46
22 42 48
22 41 48
20 43 47
21 43 48
23 41 47
24 41 47
24 41 47
24 42 48
22 44 47
22 43 47
24 45 46
27 45 48
26 44 48
23 43 47
20 44 46
19 41 47
20 42 49
20 42 46
20 41 46
18 40 44
17 43 44
16 42 43
16 43 43
17 41 42
16 45 42
16 42 41
16 42 40
12 40 39
08 40 38
08 42 41
01 44 41
05 39 36
06 35 33
05 31 36
08 32 38
13 32 36
14 32 35
15 33 36
16 35 36
16 37 38
15 35 38
16 34 36
16 33 35
17 32 34
18 34 34
18 35 34
15 37 34
16 36 36
15 37 35
14 39 37
13 39 37
12 37 37
13 37 37
13 35 38
12 35 37
12 34 39
13 35 38
14 35 38
13 35 39
12 34 39
12 35 39
13 35 38
12 36 39
13 36 38
13 35 40
13 35 39
13 36 39
11 35 40
12 35 38
10 36 38
10 37 39
11 35 38
11 35 37
12 35 38
12 35 38
13 36 38
13 35 37
14 34 37
13 35 37
14 35 38
16 36 37
14 36 37
14 36 38
14 37 39
13 37 38
14 37 39
14 35 39
13 38 41
14 36 40
12 37 40
12 37 41
11 36 41
12 35 41
13 32 41
12 33 40
13 34 39
12 34 38
14 34 38
13 36 38
13 35 37
13 35 37
11 36 38
13 35 38
12 36 37
13 34 36
13 36 37
12 35 36
13 35 37
13 35 37
14 35 37
14 34 38
14 34 38
14 35 40
12 35 39
13 35 40
13 36 40
13 37 40
13 39 40
14 39 41
14 37 39
12 37 39
14 34 40
14 35 38
14 37 38
13 40 40
13 40 41
13 39 39
12 38 39
13 35 39
13 35 39
13 34 38
12 37 38
13 37 38
13 37 38
10 36 35
11 34 35
12 36 36
12 38 38
13 40 40
16 37 35
13 36 38
15 37 38
14 35 38
15 34 37
16 33 37
13 35 37
13 35 38
12 36 38
12 38 39
13 38 39
13 37 37
13 37 39
13 35 39
13 35 38
12 37 38
12 36 38
10 37 39
13 37 38
12 37 37
11 39 36
13 37 36
13 38 36
14 40 37
14 39 37
13 41 37
12 40 39
12 40 38
