37 37 52
37 39 53
35 38 52
36 39 52
37 39 53
36 39 52
36 40 53
35 38 52
38 38 52
36 39 51
37 40 51
36 39 52
37 38 51
36 38 52
37 38 52
36 38 52
37 39 51
37 38 51
38 38 52
35 39 52
37 39 52
38 38 52
36 38 50
36 38 52
36 38 52
36 39 52
36 38 51
35 38 52
36 38 52
36 39 52
37 39 52
36 39 53
36 39 52
35 39 51
36 39 53
36 38 52
37 39 52
35 39 51
37 38 52
35 39 51
37 39 52
34 39 51
36 39 52
37 38 52
36 39 52
36 39 52
36 39 52
36 39 52
37 38 51
37 39 52
36 39 52
37 38 52
37 38 52
36 39 52
36 40 52
36 39 51
36 39 53
37 38 52
35 39 52
36 39 52
35 38 52
36 40 52
35 39 52
36 38 53
36 38 52
37 38 53
35 39 52
37 39 51
37 38 52
36 39 52
35 39 52
36 39 52
36 38 52
37 38 52
36 39 52
36 39 53
36 39 52
36 38 52
36 40 51
35 40 52
37 38 53
37 39 52
37 39 53
37 38 51
37 39 52
36 38 52
37 39 52
37 39 52
36 39 52
36 40 52
37 39 53
37 40 52
37 39 52
35 39 52
36 40 51
38 39 51
35 39 51
35 39 51
36 40 51
37 39 51
36 39 52
37 39 52
35 39 51
37 39 51
36 39 52
36 39 52
37 39 51
36 39 52
35 40 53
36 39 52
36 39 52
37 37 52
37 39 52
37 37 52
37 39 53
36 39 52
37 39 52
36 39 53
37 39 53
35 38 52
36 39 52
36 40 52
35 39 52
36 39 51
35 38 53
36 39 53
36 39 53
36 39 52
36 38 52
36 39 51
37 38 52
35 39 52
36 38 52
36 38 51
37 39 52
36 39 52
36 38 52
36 39 52
34 39 52
37 39 52
36 38 52
36 38 52
36 37 53
37 39 53
35 38 52
36 38 52
36 40 53
35 39 52
36 40 52
37 38 52
37 38 52
37 39 51
37 39 52
36 38 52
36 40 53
35 39 52
35 39 53
37 37 52
35 39 52
37 38 52
36 39 52
36 39 52
36 39 52
35 38 52
36 40 52
36 39 52
37 39 52
36 38 52
36 40 52
37 38 51
35 39 52
36 38 52
36 39 52
36 38 52
36 39 52
37 39 52
36 37 51
35 37 51
37 38 52
35 39 52
37 41 53
37 39 52
35 38 52
35 40 52
36 40 52
37 42 51
38 39 52
36 39 52
37 40 51
38 41 51
36 39 53
36 36 53
34 36 54
35 44 53
35 43 51
35 44 50
35 46 46
35 45 46
37 49 48
34 47 51
36 46 49
36 45 50
34 44 50
37 41 50
36 41 49
39 42 48
36 40 47
36 38 45
33 39 42
32 41 47
44 48 61
45 50 59
35 45 50
34 39 45
34 53 46
34 52 48
34 53 51
32 45 52
26 42 50
17 47 55
14 47 47
19 38 42
26 38 43
33 42 57
44 35 51
57 52 60
37 40 58
25 28 46
13 35 49
11 37 48
16 46 44
22 37 50
19 40 47
16 44 45
15 44 45
18 40 45
17 43 46
19 42 41
17 44 44
17 42 44
16 43 43
15 42 42
16 42 43
14 43 45
12 39 42
14 40 43
11 41 43
11 39 40
12 39 38
13 37 37
17 37 37
15 35 32
17 31 25
17 38 27
12 39 34
07 33 32
10 29 26
09 27 28
10 32 32
11 29 30
15 31 26
17 34 29
21 29 28
23 38 30
24 37 35
19 37 41
15 38 54
09 36 61
05 39 54
06 38 48
10 34 43
14 34 44
17 41 51
18 44 53
17 42 52
24 47 49
26 47 45
28 49 45
30 46 45
24 50 41
23 42 38
26 39 40
23 38 40
21 42 43
22 43 45
21 43 44
25 43 44
26 45 45
25 44 44
23 42 44
23 44 44
14 52 48
19 52 50
16 50 44
15 54 44
14 41 39
14 49 37
16 48 33
14 45 33
15 44 33
11 44 32
11 39 31
09 38 31
04 40 32
00 40 32
05 41 27
08 40 31
10 37 33
14 35 32
18 35 31
19 38 32
22 36 31
24 36 33
23 39 34
26 38 34
23 37 36
21 37 32
19 37 32
12 40 34
10 40 32
14 40 31
11 39 32
13 40 33
12 41 33
09 36 35
05 37 38
12 34 42
14 36 40
15 39 39
12 38 37
13 37 33
11 33 34
08 46 40
14 45 38
13 39 36
14 42 38
14 41 35
15 41 35
12 38 33
13 40 35
14 41 37
14 39 36
14 38 37
13 39 37
13 40 36
15 40 36
14 40 36
16 39 36
14 39 35
13 39 36
13 39 35
14 39 35
13 39 36
15 39 35
14 39 35
14 39 35
13 40 34
14 40 35
14 40 35
13 40 35
12 40 36
13 39 35
14 41 35
13 39 36
13 40 35
14 40 37
12 40 36
12 39 37
14 40 36
14 40 37
14 41 36
14 40 36
14 39 36
13 40 36
13 40 37
13 40 36
13 41 35
13 39 36
13 40 35
13 38 35
13 39 34
13 39 35
12 39 35
13 38 35
14 39 35
13 38 35
13 39 35
13 38 35
14 38 35
13 39 36
13 40 36
14 38 36
14 40 36
13 38 36
13 40 36
13 41 36
13 40 36
13 40 36
13 40 36
14 39 36
13 40 37
13 40 37
13 38 37
13 38 36
12 39 35
13 38 36
13 41 34
12 40 35
13 40 36
12 39 35
12 38 36
14 40 34
15 37 34
13 37 35
15 38 36
14 37 36
13 39 35
14 39 37
12 40 36
13 39 36
11 40 36
12 39 36
12 38 36
13 40 35
13 39 35
14 39 34
12 39 35
13 39 34
13 39 35
12 39 35
12 39 35
13 39 36
13 39 36
12 40 36
13 39 36
14 39 35
13 40 36
13 39 35
14 39 35
14 39 34
14 40 35
14 39 35
12 39 36
12 37 36
14 39 36
14 40 37
12 39 37
13 39 37
12 39 37
13 41 35
13 39 36
14 41 36
12 39 37
14 39 36
