21 37 49
21 37 33
22 37 50
23 36 50
22 37 50
22 37 50
22 36 50
21 38 49
22 36 51
20 36 50
21 37 51
20 40 50
21 39 47
20 37 47
19 38 49
19 36 49
22 38 48
24 34 45
26 36 45
25 36 46
24 37 54
22 37 54
21 35 50
23 39 47
22 39 50
20 40 50
20 40 49
22 40 47
22 40 47
21 40 48
22 39 50
22 40 49
23 39 49
21 39 49
22 40 49
22 40 48
23 39 48
23 40 48
22 40 49
22 39 49
23 40 48
22 40 49
21 39 47
21 39 49
23 40 49
22 39 49
21 39 48
22 40 49
21 40 49
22 40 48
21 40 48
23 40 48
22 39 48
21 39 48
21 40 49
21 39 48
23 39 49
22 40 48
22 40 49
21 39 49
22 39 48
22 39 48
20 39 49
22 40 49
22 39 48
20 40 49
20 40 51
19 40 50
17 41 53
17 44 51
15 42 48
17 40 46
15 41 46
17 40 41
18 38 43
19 36 44
22 36 40
23 35 41
20 36 47
21 36 48
22 36 48
23 38 47
22 38 48
21 34 51
22 35 53
20 36 48
15 32 47
18 33 48
21 32 45
16 43 47
13 37 44
16 43 44
16 46 44
18 49 40
19 40 35
15 27 36
18 34 53
21 35 57
18 41 50
21 40 47
24 33 50
26 29 51
25 32 46
19 51 43
12 38 46
09 40 44
14 35 45
17 34 45
21 36 40
19 38 42
15 36 44
12 40 44
14 41 45
15 40 43
15 39 41
14 38 41
16 44 39
14 42 40
18 37 39
21 40 40
19 42 49
17 52 37
13 44 37
17 43 39
18 49 38
16 42 42
21 49 37
17 45 36
16 50 39
18 51 36
19 46 35
20 49 34
17 47 32
17 47 31
21 50 35
20 50 34
20 53 35
20 50 33
21 52 33
21 53 34
19 48 32
21 52 33
21 50 36
21 47 30
21 51 34
20 50 33
19 49 31
19 51 35
21 50 33
19 49 29
17 52 33
17 48 34
16 52 32
12 55 33
13 49 38
14 49 34
20 51 28
27 47 34
36 41 32
33 43 36
28 46 42
24 50 43
17 47 34
09 46 30
07 41 27
13 45 30
17 46 33
17 43 36
12 44 35
12 41 32
13 40 31
16 40 32
19 38 29
13 39 24
12 35 24
13 40 27
11 42 33
09 38 24
11 38 24
17 36 25
17 39 23
11 40 23
10 39 30
12 39 24
16 34 26
17 40 29
08 39 23
17 38 27
15 39 24
15 39 24
13 40 26
08 43 25
09 41 24
14 39 24
18 38 24
17 39 25
14 39 25
15 39 26
14 39 25
12 39 26
13 40 26
13 39 28
15 37 26
17 42 29
11 40 32
07 37 33
07 39 32
10 37 31
10 36 30
11 36 30
12 36 35
13 36 34
12 33 33
13 31 35
12 32 35
14 30 36
15 30 36
14 33 38
13 36 37
13 34 39
11 34 40
11 36 41
14 34 39
13 34 38
16 35 41
13 35 43
13 35 41
12 34 39
12 34 37
13 35 39
14 34 35
10 33 38
10 34 42
15 36 40
16 36 39
16 37 37
14 39 37
14 36 39
13 38 38
12 38 38
12 40 37
11 39 37
10 39 36
12 40 37
14 40 37
14 40 39
13 41 37
11 40 37
11 40 36
10 41 36
09 41 36
10 42 36
10 42 34
10 42 34
12 40 35
12 40 32
11 40 32
11 40 33
14 42 32
15 43 32
17 43 31
17 44 33
18 46 33
17 45 33
18 48 34
18 48 33
17 49 33
18 49 33
16 48 34
16 47 32
16 45 32
15 45 32
13 43 32
16 41 32
15 41 31
12 37 33
12 36 33
11 38 31
10 37 29
13 37 29
13 35 29
12 33 28
13 37 29
10 37 31
09 34 31
10 39 33
10 41 33
12 41 31
13 40 31
13 37 31
15 38 30
11 38 29
12 36 30
11 35 30
14 36 33
14 36 32
11 36 32
11 34 31
14 34 32
14 33 33
12 34 32
12 35 30
11 36 32
11 33 32
11 34 32
11 35 33
12 35 33
12 34 32
11 35 31
12 33 32
12 34 33
12 34 32
11 35 32
11 33 32
11 32 32
12 34 32
12 34 32
13 34 31
11 34 31
13 33 31
12 33 31
11 34 31
12 33 31
13 33 33
11 32 31
11 34 32
13 35 32
12 35 33
11 38 31
13 41 33
12 42 33
12 45 33
12 48 34
13 48 34
15 46 34
17 49 33
21 50 33
24 48 31
27 47 31
28 50 29
26 50 29
27 47 29
27 46 30
