28 38 52
28 38 33
29 39 52
27 38 52
27 38 52
28 38 52
29 38 51
28 39 51
28 39 52
29 38 51
27 39 51
28 38 51
27 38 52
28 38 51
28 38 51
27 39 52
27 38 51
28 39 52
29 39 52
30 39 52
28 38 51
28 39 51
29 38 51
28 40 52
28 38 51
28 38 51
28 37 51
28 37 50
28 38 52
29 39 52
28 40 52
27 39 52
28 38 52
27 38 51
27 38 51
28 39 52
27 38 52
29 39 51
28 39 52
28 39 52
29 39 51
28 38 52
28 39 51
28 39 52
28 39 52
27 39 51
28 39 51
28 38 51
28 37 51
29 39 51
28 40 52
28 39 52
28 38 52
28 38 51
27 38 52
27 38 52
28 40 52
29 38 52
28 38 52
28 39 51
28 38 52
27 39 52
28 39 52
29 39 52
28 38 51
28 38 52
29 39 52
28 39 52
27 39 51
28 39 52
27 40 52
27 40 51
27 39 51
29 39 51
28 39 51
28 38 52
28 37 52
28 38 52
25 38 53
21 40 51
16 49 51
20 39 49
23 33 48
24 32 48
23 30 48
20 31 48
26 40 51
21 32 56
34 24 59
38 26 48
36 32 49
32 34 62
31 34 53
23 33 51
19 32 51
19 34 49
18 33 49
22 32 50
25 33 51
28 31 51
25 32 52
21 33 51
20 32 50
21 31 50
22 33 51
24 34 52
24 33 51
21 31 51
20 30 49
18 32 50
19 31 49
20 31 49
17 30 50
16 31 48
17 28 48
17 29 47
17 27 46
17 27 46
16 25 45
17 26 43
17 26 43
16 23 44
14 25 42
16 27 40
15 24 41
16 25 39
15 27 37
14 26 38
14 25 34
11 28 37
11 27 37
14 27 36
13 28 35
13 27 36
12 28 34
10 29 34
12 30 36
13 31 35
11 30 35
09 30 37
12 29 35
12 32 35
12 30 35
11 34 32
11 35 31
10 31 34
10 31 31
11 31 31
09 34 33
10 34 31
13 33 31
12 32 31
12 32 31
10 32 31
10 29 30
08 31 29
10 32 28
13 34 28
15 33 30
16 31 32
12 33 32
12 36 34
15 36 34
12 36 31
14 34 31
15 32 30
14 34 29
13 35 29
11 34 31
09 35 28
11 32 29
10 32 29
11 33 29
12 33 30
12 31 30
11 32 31
09 29 32
11 31 32
11 30 34
11 28 33
11 27 33
10 27 34
11 28 35
11 28 35
12 28 35
13 26 37
14 28 37
14 27 34
14 27 35
14 25 36
14 27 36
15 27 32
16 26 33
15 27 34
15 27 36
15 26 36
15 25 37
13 27 38
14 29 37
13 27 38
13 27 38
12 28 39
11 29 39
13 29 38
15 31 39
12 31 38
12 31 37
11 31 37
11 32 39
13 31 38
14 32 39
13 31 39
13 32 39
13 33 38
11 32 39
11 32 38
12 34 37
12 32 39
12 32 37
12 32 38
12 33 38
12 32 37
12 31 38
13 31 38
13 30 37
13 30 37
13 30 39
13 30 39
13 32 39
12 33 39
11 31 37
11 31 37
14 32 37
12 32 37
13 32 38
13 31 37
13 32 38
12 31 37
12 33 38
13 31 39
12 31 39
14 31 40
13 30 39
13 31 40
13 32 39
13 33 38
12 32 38
14 33 38
13 32 37
13 34 37
13 33 38
12 35 37
13 36 38
13 34 38
12 34 38
12 36 37
12 37 36
12 35 38
13 35 37
13 35 38
12 36 38
13 38 38
13 37 37
13 37 38
13 36 38
12 36 37
12 37 38
13 37 38
12 35 36
13 35 38
13 36 37
12 38 36
13 36 36
13 35 36
13 36 37
13 35 36
12 36 36
12 37 37
13 35 37
13 35 37
12 35 37
13 37 37
13 36 37
12 35 37
12 36 38
13 35 38
13 36 37
14 36 37
12 38 37
13 36 38
13 37 36
13 36 37
12 35 38
13 34 37
12 35 37
14 35 37
13 34 37
14 33 37
13 34 36
13 35 36
13 36 36
13 36 36
13 34 36
11 37 37
12 36 37
12 36 36
12 37 37
13 36 36
13 35 37
12 35 36
12 36 36
12 36 36
13 36 35
11 36 36
12 36 36
12 37 36
12 36 36
13 35 35
13 36 38
13 35 35
12 37 36
12 34 37
13 37 36
13 35 35
13 35 36
13 38 35
13 38 36
13 38 36
13 40 36
13 41 37
13 38 35
14 36 35
13 36 35
12 36 35
13 36 35
12 36 35
13 35 35
13 35 36
12 35 36
11 35 35
13 36 36
12 36 35
12 36 35
12 36 35
13 37 35
12 37 36
13 38 35
12 39 35
13 39 36
13 38 35
12 38 36
11 37 36
11 37 36
12 36 35
12 37 36
12 37 36
12 37 36
13 35 35
12 37 34
11 36 36
12 35 36
12 35 35
13 37 35
13 36 34
12 35 35
12 38 36
13 35 36
13 36 36
13 37 35
13 37 34
12 37 36
13 36 35
13 38 35
12 35 36
12 36 36
13 36 36
12 38 34
11 36 36
12 36 35
13 36 36
12 37 35
11 36 36
12 37 35
13 36 35
12 36 34
12 36 35
12 38 36
13 38 36
13 38 35
12 37 35
13 38 36
13 37 35
13 37 35
12 38 36
12 36 35
13 37 35
13 36 35
12 37 35
12 35 35
12 37 34
13 36 35
12 36 35
13 36 34
11 36 35
12 37 36
13 36 35
13 38 36
13 38 35
13 36 35
13 36 35
12 37 36
12 37 37
12 38 35
12 37 35
13 36 35
13 38 35
13 37 36
13 37 35
13 38 34
12 37 36
13 36 36
13 37 35
12 37 35
13 37 35
13 37 35
12 36 36
12 37 35
11 37 35
13 37 34
12 37 35
12 38 35
11 37 36
12 39 35
11 38 35
12 38 36
12 37 35
13 38 35
12 37 35
13 36 35
13 36 35
12 37 36
12 35 35
11 37 36
13 37 35
13 36 35
13 37 34
13 36 35
12 39 36
12 36 35
13 37 35
12 38 35
12 37 36
