28 29 46
28 27 48
26 25 53
26 27 50
25 25 47
23 28 48
19 28 45
19 27 48
18 36 49
18 34 55
14 35 62
13 28 53
19 32 48
22 31 47
24 30 47
22 29 47
23 29 48
21 31 51
19 31 50
19 31 49
19 31 50
21 29 49
21 31 50
19 31 48
20 32 50
21 30 49
22 32 49
19 31 48
21 32 49
20 31 50
21 32 48
22 31 48
20 32 50
20 31 49
20 30 48
20 30 48
20 30 48
21 31 49
21 31 50
21 31 49
20 31 48
20 32 49
20 31 48
21 30 49
20 31 49
20 31 48
20 31 49
21 31 49
22 31 48
20 31 49
20 32 49
21 31 48
20 31 48
20 31 49
18 31 49
14 32 53
11 33 50
13 32 47
14 31 45
16 29 44
18 26 44
21 25 44
22 27 45
26 26 43
25 32 46
25 28 52
23 30 55
27 34 55
22 29 45
18 30 40
12 29 46
10 33 43
11 29 40
15 30 43
14 33 40
14 30 39
14 31 42
12 37 38
09 37 41
10 39 39
13 36 37
13 40 40
14 38 37
13 39 39
14 41 39
16 42 39
14 41 41
16 46 39
14 41 43
16 44 39
16 42 41
15 42 42
17 42 41
17 44 42
19 43 41
18 43 39
19 45 44
17 45 40
19 46 43
19 47 44
18 47 40
19 48 42
20 45 41
19 44 41
17 45 41
17 47 40
17 43 38
18 47 41
16 44 40
17 45 40
17 47 40
15 42 43
14 45 42
14 45 40
13 44 41
11 38 39
06 43 39
04 37 37
15 44 35
27 44 30
37 38 31
32 50 41
27 30 56
19 24 63
16 45 46
10 39 42
12 39 42
17 41 40
13 41 39
13 34 39
14 40 41
14 38 41
09 39 36
13 40 37
14 37 35
14 37 31
12 37 33
12 33 29
13 38 34
16 37 30
15 38 35
09 35 26
09 34 22
15 40 34
14 40 30
10 38 29
12 36 29
09 42 29
13 38 29
14 39 29
12 39 29
15 37 29
14 38 29
13 39 31
12 40 28
15 38 27
12 39 29
12 37 30
12 41 28
12 39 29
13 36 31
13 39 29
11 39 28
11 36 30
11 36 28
11 37 33
10 34 29
10 34 26
12 41 35
09 32 33
11 33 30
15 31 31
15 29 30
17 30 28
11 34 31
08 29 30
07 28 31
09 28 34
11 31 33
11 31 32
13 29 36
12 28 36
12 28 34
11 28 35
11 29 37
12 26 36
11 26 37
10 26 36
12 27 35
16 26 36
15 25 36
16 26 38
16 28 37
14 31 38
15 32 37
10 35 37
12 38 37
11 37 39
09 38 41
09 41 42
09 38 39
14 37 38
11 41 41
13 36 39
15 38 37
13 39 38
13 39 36
14 39 36
12 37 37
16 36 35
14 37 35
14 37 32
11 38 31
12 37 33
13 37 31
09 37 33
09 37 33
12 38 33
10 38 33
11 39 31
13 38 31
12 38 30
12 38 27
14 39 30
16 37 33
16 36 33
15 37 35
16 37 34
15 35 35
14 35 35
13 38 37
12 37 37
13 37 36
13 35 38
13 37 40
11 35 53
11 35 44
12 38 37
13 37 33
13 36 31
12 35 32
12 35 32
13 36 32
12 34 33
11 33 34
11 36 35
10 36 34
10 34 34
11 34 33
11 35 32
11 35 31
11 34 32
12 34 34
13 34 33
11 34 33
11 34 33
11 34 32
11 34 32
12 34 31
12 34 32
12 32 32
11 33 33
11 34 33
12 32 30
12 32 32
11 32 32
12 32 31
11 32 32
12 32 32
11 34 31
12 32 31
11 32 32
11 33 32
11 33 32
12 32 32
12 32 32
11 31 32
12 31 32
11 33 32
11 33 32
12 32 31
11 33 31
12 33 32
13 33 33
12 31 31
11 31 32
12 31 32
11 31 31
11 31 32
12 31 32
10 30 31
12 30 32
11 32 33
12 32 31
12 32 32
11 31 32
12 33 31
12 30 32
11 31 33
12 31 32
11 31 32
12 31 33
12 30 32
11 31 32
12 32 33
11 31 32
10 31 33
11 35 34
12 35 35
10 38 34
10 38 34
11 40 36
11 41 37
10 44 36
14 44 37
14 45 36
