39 53 30
39 53 30
36 52 31
37 52 31
39 53 31
38 52 31
38 52 31
37 52 31
37 54 31
39 53 31
37 53 31
36 53 31
36 53 31
39 53 31
37 53 30
38 53 30
38 53 31
36 51 32
38 53 31
39 54 31
38 52 31
38 53 30
37 52 32
37 53 31
38 52 31
37 52 31
38 52 31
38 52 32
38 54 31
38 52 30
38 53 31
38 53 31
38 52 32
37 53 32
35 52 31
37 53 31
38 52 31
38 53 30
38 53 31
38 52 31
37 53 31
39 53 32
36 52 32
38 52 32
37 53 33
37 53 32
38 52 32
37 53 32
38 52 31
38 53 32
37 52 32
37 53 32
38 52 32
37 53 32
37 53 32
39 52 32
38 53 32
37 53 31
38 53 31
38 52 31
37 53 32
38 53 31
37 52 32
36 52 32
36 53 31
37 53 31
35 52 30
36 54 29
37 52 29
38 52 29
36 52 29
36 52 28
37 53 28
37 53 29
36 53 29
36 52 29
37 51 29
36 53 29
36 54 29
36 53 29
36 53 28
37 53 30
37 52 30
35 53 29
37 53 29
38 52 29
38 52 29
37 53 29
37 53 28
36 53 29
37 52 29
38 52 29
38 53 29
37 53 29
37 52 30
37 52 29
39 53 29
38 54 27
37 52 28
38 52 28
38 52 29
38 53 28
37 53 29
38 54 29
37 52 29
37 53 28
39 53 28
38 51 28
37 53 28
37 54 29
37 56 29
39 54 30
36 52 30
37 51 33
36 53 37
37 52 38
37 52 38
37 51 40
37 50 41
36 52 42
37 52 42
36 49 40
50 49 45
36 45 46
36 47 50
34 44 50
33 47 48
33 47 47
33 44 49
33 45 49
33 48 49
33 47 47
34 46 46
33 46 46
35 42 47
33 45 49
36 45 48
35 42 50
33 45 49
34 45 49
31 43 52
36 45 49
36 41 52
32 43 50
33 45 49
29 42 52
31 43 49
30 40 51
30 44 48
30 39 50
28 43 51
28 44 52
26 40 54
27 44 50
26 36 53
25 41 49
26 39 50
25 41 52
25 41 50
23 38 49
23 39 49
25 38 51
07 42 46
24 39 49
21 39 49
22 39 47
21 39 47
19 39 47
21 38 45
17 39 46
16 40 47
16 38 43
16 37 47
18 37 46
20 38 47
16 35 45
17 35 44
16 37 45
16 36 45
16 36 45
15 37 45
15 35 46
16 34 44
16 36 44
16 33 45
15 34 45
16 33 45
15 32 45
15 33 46
15 31 45
14 31 46
12 30 47
12 28 45
12 29 46
12 24 45
11 26 44
15 24 40
16 24 38
19 25 38
21 24 37
21 29 40
25 32 42
20 31 42
19 32 51
21 30 52
20 26 49
16 24 45
16 26 44
15 27 44
13 28 43
15 27 42
15 27 42
16 30 41
18 30 39
15 32 42
10 32 40
17 27 42
11 30 40
12 31 41
12 29 38
11 32 38
13 30 36
12 32 36
11 32 39
10 30 36
11 31 37
12 30 39
12 30 37
11 30 36
12 30 34
14 30 32
17 31 32
14 31 33
11 29 34
11 30 34
08 30 34
09 31 33
08 32 36
06 31 35
08 29 35
08 30 36
09 29 33
09 29 35
10 29 32
11 32 35
11 27 32
10 30 32
10 31 32
11 28 31
10 29 30
11 29 32
20 27 30
11 27 28
13 27 28
05 28 28
13 29 30
13 28 29
13 28 30
13 28 29
12 28 29
13 28 31
13 30 32
14 30 32
14 30 33
13 31 33
13 31 32
13 32 33
13 31 35
11 32 34
10 32 34
10 33 31
09 32 32
12 32 32
15 32 32
15 33 33
12 33 33
09 33 30
08 35 31
11 37 32
13 33 33
14 34 35
13 34 35
14 34 36
12 34 36
13 34 35
13 32 35
12 34 37
11 32 35
10 31 34
11 32 37
10 33 37
09 31 35
11 31 35
12 32 36
13 32 35
13 32 36
12 32 36
11 32 36
11 31 36
11 32 36
12 33 34
13 31 34
12 31 35
12 31 34
11 31 34
11 31 35
11 31 36
13 31 35
12 31 36
12 31 35
11 32 35
11 31 34
11 32 34
13 30 34
11 31 35
11 32 35
11 31 34
11 32 35
12 32 35
11 32 35
11 31 34
11 32 34
12 32 33
12 31 33
12 30 33
12 31 34
11 32 34
12 31 35
12 33 35
11 30 35
11 32 34
12 33 34
12 31 35
12 31 35
12 31 34
12 31 34
