40 44 44
40 44 17
40 45 15
40 44 16
40 44 16
39 44 16
40 45 16
41 45 16
39 43 16
41 44 16
39 44 15
40 45 16
41 44 16
40 44 16
41 46 18
40 44 16
40 43 16
40 45 16
41 45 16
41 43 16
40 45 17
40 44 15
40 44 17
38 45 16
40 43 16
39 43 16
40 44 16
41 45 16
40 45 16
41 46 16
40 43 16
40 44 16
41 44 16
40 44 16
41 45 16
40 44 17
40 44 15
39 44 16
40 44 15
41 44 15
40 44 15
40 44 16
40 44 16
40 43 16
40 43 16
40 44 16
40 44 16
40 45 16
39 44 16
40 44 16
41 45 16
41 44 14
39 45 16
42 44 16
40 44 16
40 45 16
41 45 17
40 45 16
41 44 16
41 45 17
39 44 16
40 45 16
40 45 17
39 44 15
40 44 16
39 43 16
41 44 16
40 44 17
40 44 16
39 45 17
40 44 16
39 44 16
39 45 16
41 44 16
41 45 15
41 44 16
41 45 17
40 45 16
40 45 16
40 44 17
39 46 16
40 46 16
41 45 16
39 44 16
40 45 16
39 44 15
40 46 16
39 44 16
41 44 16
40 45 16
39 46 16
40 46 17
41 44 16
40 44 17
42 46 17
40 44 16
40 43 17
42 45 14
39 45 15
40 45 16
40 45 16
41 45 15
40 43 16
40 45 16
40 44 15
41 44 16
42 44 17
41 46 19
40 47 19
42 48 19
42 47 20
42 47 21
41 47 22
41 47 23
40 45 22
40 49 20
41 51 20
41 51 21
40 55 21
40 53 22
40 54 24
38 54 26
37 55 27
39 49 26
44 51 25
43 49 28
42 47 27
44 50 30
43 47 33
48 50 37
47 48 38
40 47 39
38 47 42
40 44 46
42 48 46
44 45 49
43 44 50
43 43 48
44 41 45
39 42 45
36 41 45
32 49 47
31 54 45
35 51 46
38 52 45
41 52 43
39 52 39
39 53 40
40 49 40
42 49 35
43 49 35
45 48 34
44 46 35
44 50 35
44 43 36
48 40 35
45 44 33
46 47 35
43 50 41
39 53 45
34 62 52
41 57 30
41 59 33
44 44 30
44 46 30
39 48 26
31 63 35
36 62 30
38 48 28
35 52 36
30 58 33
30 53 35
35 55 36
33 57 34
33 53 37
29 47 38
23 54 35
23 54 39
24 48 39
25 50 38
23 50 39
22 51 39
23 52 39
22 50 38
21 49 39
19 47 40
18 42 39
15 42 38
14 43 41
16 44 43
17 44 42
18 47 42
22 39 42
22 37 43
22 36 46
22 36 46
23 37 45
21 33 47
16 35 55
09 49 42
10 50 40
14 52 48
15 44 45
13 36 41
10 37 37
07 40 32
06 40 30
06 40 29
05 36 30
06 30 31
08 34 31
11 31 33
14 33 34
16 31 36
17 35 36
18 34 37
18 34 36
19 32 34
18 35 35
18 34 34
18 35 35
17 36 34
14 37 34
13 39 34
14 38 35
13 35 35
12 36 34
10 37 33
10 37 34
11 37 34
12 36 34
12 37 34
13 38 34
11 37 34
12 37 34
12 37 34
13 38 34
14 38 34
12 37 33
12 37 33
12 38 35
12 39 35
12 37 35
12 37 35
11 38 36
12 37 36
12 36 35
12 35 36
12 34 36
12 35 36
11 37 35
11 37 34
11 35 35
11 36 33
13 36 34
12 37 34
13 38 34
12 38 34
11 35 33
12 37 33
12 36 33
11 37 34
12 35 34
12 36 35
12 38 34
11 37 35
11 36 35
12 37 34
12 37 35
13 36 33
12 36 34
12 37 34
14 37 34
12 37 34
11 36 34
12 37 33
12 36 34
13 36 34
12 36 34
13 36 34
13 36 34
13 37 34
12 37 35
12 37 34
13 37 35
12 38 34
13 37 34
12 37 33
11 37 34
12 36 34
12 37 35
12 36 34
11 37 34
12 37 35
12 37 33
12 37 34
12 37 34
12 37 34
12 36 34
12 37 34
12 36 34
12 37 34
12 36 34
12 38 34
12 36 35
13 34 35
11 36 35
13 37 34
13 37 34
11 36 34
12 37 34
13 35 35
12 36 34
12 38 34
14 36 34
12 37 33
12 37 34
13 36 33
12 37 35
11 36 35
12 36 34
12 36 34
11 37 35
13 37 35
12 37 35
12 38 34
11 36 34
12 35 34
14 36 33
14 36 34
11 36 35
11 36 34
12 36 34
14 36 34
13 36 34
12 37 34
11 37 33
11 37 35
12 37 33
12 37 35
12 37 35
12 37 34
12 36 34
12 37 34
12 36 34
13 37 35
12 37 34
12 37 35
13 37 34
13 37 36
13 36 35
12 37 33
12 37 34
12 37 34
11 37 34
12 37 35
13 38 33
12 37 35
12 37 35
12 37 35
12 36 34
13 36 35
12 38 34
12 37 34
13 36 34
11 37 34
13 36 35
13 37 35
12 37 35
12 38 34
12 37 34
12 36 35
13 35 34
10 36 34
12 37 35
13 36 35
12 36 34
13 37 34
13 36 34
12 37 34
12 37 34
