35 46 49
35 45 49
34 46 49
34 46 48
34 44 49
35 45 48
35 45 48
34 44 48
33 44 49
34 46 49
34 46 49
34 44 49
34 47 49
33 44 49
33 45 48
34 45 48
35 46 49
34 45 47
33 44 50
33 46 49
34 45 47
35 46 48
34 42 48
35 43 47
35 46 48
34 45 48
33 47 49
32 47 48
32 48 47
34 46 48
34 45 48
34 45 46
33 45 47
33 47 48
32 47 49
35 48 48
36 48 48
31 47 51
28 44 55
27 41 55
29 40 50
29 44 40
62 63 55
49 57 31
41 63 47
23 63 62
36 49 61
30 00 46
24 41 53
31 25 47
30 53 47
36 48 51
34 40 52
33 36 54
31 37 52
35 39 51
35 42 50
35 44 51
35 41 52
34 40 53
34 39 51
35 38 51
35 39 50
36 40 51
36 40 49
35 41 51
34 40 53
37 39 50
34 42 50
36 40 50
37 38 50
42 37 52
42 33 50
41 34 50
39 33 50
38 38 49
39 36 49
41 44 49
37 48 52
37 50 52
30 46 57
28 49 56
22 46 53
17 48 50
18 42 47
25 40 46
30 42 44
38 35 43
45 35 44
48 44 51
50 47 54
45 43 46
37 38 47
36 32 52
30 39 55
26 44 54
28 43 50
33 47 46
36 44 47
34 43 50
32 47 52
34 50 47
36 46 46
38 38 45
35 48 49
34 55 45
34 48 46
33 48 48
31 56 48
30 52 47
29 48 45
27 50 47
28 52 47
27 47 46
26 44 46
22 45 46
26 44 43
24 43 46
24 43 46
23 47 47
22 45 47
21 44 46
19 47 46
19 43 45
18 42 46
18 42 45
17 41 44
16 42 44
18 39 42
18 37 42
21 32 40
19 33 43
19 33 42
16 33 44
12 35 43
10 30 42
12 32 39
12 31 38
11 30 38
12 31 39
12 32 39
14 31 39
14 30 39
14 29 40
13 31 38
13 32 39
15 32 40
13 30 40
15 31 42
15 31 43
16 32 44
18 34 44
16 34 41
16 35 42
15 36 40
14 36 40
13 37 40
13 36 39
11 36 39
13 39 38
13 38 37
14 38 38
15 35 36
14 39 35
11 42 37
09 41 35
08 37 34
07 40 33
08 41 32
11 41 30
11 38 30
12 38 30
08 39 27
07 39 28
05 39 29
05 37 27
03 33 22
05 28 23
07 31 23
10 30 25
13 30 25
14 31 29
16 32 31
17 32 32
17 32 32
18 33 32
18 35 30
18 34 28
20 34 29
21 36 29
19 37 29
19 36 29
18 37 29
16 38 29
16 39 29
14 38 28
12 39 28
11 39 30
12 38 28
13 38 28
12 38 28
11 39 28
11 39 26
12 39 27
11 38 26
09 38 26
10 36 25
11 35 27
11 33 29
09 35 30
05 34 28
08 35 34
13 34 36
13 34 35
17 35 36
14 37 35
14 36 35
12 36 36
13 35 35
15 36 35
17 38 36
17 37 36
16 38 36
14 35 37
13 35 38
13 36 37
13 36 37
12 35 36
12 35 37
11 35 37
12 36 36
14 36 37
13 36 37
13 36 37
14 36 38
14 37 37
15 37 37
15 38 38
14 39 37
10 41 37
06 40 37
07 36 41
12 38 37
13 45 33
12 43 32
12 40 31
12 40 29
10 40 29
13 38 31
13 40 30
14 40 29
13 40 31
12 41 30
12 40 30
11 40 29
12 40 30
12 39 30
12 38 31
12 39 30
12 38 32
11 37 31
12 38 31
12 40 32
12 37 32
12 38 32
13 38 33
13 37 31
11 38 31
11 37 30
13 39 31
14 38 32
12 39 32
11 40 31
11 38 31
13 35 32
12 36 32
13 36 33
12 37 33
11 36 33
08 33 36
13 34 38
11 34 36
11 35 35
11 37 34
11 37 34
12 33 33
12 36 33
14 35 33
15 36 34
16 36 34
16 38 35
16 38 35
16 39 34
13 39 34
09 41 33
07 40 33
11 38 32
11 37 31
09 38 31
09 38 33
11 40 32
12 39 31
11 38 31
11 37 30
10 37 30
11 37 28
13 36 27
14 36 29
14 37 29
