39 37 53
38 40 54
39 42 56
38 38 50
37 35 45
38 37 51
39 39 59
38 32 55
39 34 53
39 35 51
37 38 53
38 37 50
38 38 50
38 37 54
38 33 53
38 32 52
38 34 52
37 34 52
39 36 53
38 37 52
38 37 53
37 37 52
39 36 51
37 34 51
38 35 52
38 35 52
38 36 52
39 36 52
36 37 53
37 36 52
38 36 54
38 35 52
36 36 53
38 36 52
38 36 53
38 35 52
39 36 53
38 35 52
38 34 52
37 36 52
37 35 52
38 36 53
38 36 52
39 35 52
38 36 53
38 36 52
38 36 52
38 37 52
39 35 53
38 35 53
39 36 53
38 35 52
38 35 52
38 35 53
36 36 53
37 35 53
37 35 53
39 36 53
37 36 52
39 36 52
36 36 53
38 36 52
38 36 52
37 35 52
37 35 53
37 36 53
38 35 52
37 35 52
37 36 53
38 36 51
37 36 52
38 36 52
37 35 52
37 37 52
37 35 52
38 35 52
38 36 53
37 35 53
37 37 53
38 36 51
39 36 53
37 35 52
38 36 52
38 36 52
38 35 52
38 35 53
38 37 52
37 36 52
38 35 53
38 36 52
37 37 53
38 35 54
37 37 53
38 36 52
38 37 52
37 36 53
37 36 52
37 36 53
39 36 53
39 36 53
38 35 53
37 35 52
38 36 52
37 34 52
38 35 53
38 35 53
38 36 52
38 35 52
37 36 52
37 37 52
37 35 53
37 36 53
38 36 52
39 36 54
37 35 53
37 36 53
39 38 52
37 36 52
38 36 53
38 34 52
36 37 53
39 36 52
38 35 53
37 38 53
39 35 53
39 36 53
38 36 52
38 37 52
38 37 52
39 36 52
38 36 51
39 36 53
38 35 52
40 36 52
38 37 52
40 36 53
40 37 54
40 35 54
39 36 55
42 36 54
39 36 54
40 33 48
38 33 51
36 33 50
34 33 51
33 33 51
29 31 50
27 29 50
24 29 47
24 28 47
21 28 47
22 26 45
18 25 45
19 26 44
18 23 47
20 26 45
21 25 44
20 24 38
10 19 29
06 29 46
04 28 52
07 26 45
15 27 42
20 30 43
18 32 42
16 32 44
17 30 46
19 31 47
23 30 45
18 28 44
10 30 43
12 29 43
13 30 45
16 31 45
13 31 45
12 32 42
14 34 43
16 33 40
14 35 42
13 34 41
14 35 42
14 34 43
12 36 42
12 35 43
14 36 43
15 37 41
14 35 46
14 38 41
15 37 45
12 38 44
12 35 42
14 37 44
13 37 45
12 40 47
05 38 44
11 39 42
12 33 49
15 34 46
11 30 41
10 27 36
05 33 42
04 31 45
09 34 45
12 32 45
14 31 44
18 28 45
23 32 43
33 36 48
32 44 50
31 40 48
33 37 41
34 40 42
37 42 39
41 40 41
32 49 51
33 49 53
29 52 55
30 45 54
24 43 54
22 40 59
14 35 63
19 28 62
23 32 58
26 31 52
27 28 48
23 36 43
20 28 34
10 30 26
17 41 44
20 35 58
16 35 51
13 31 47
12 32 48
15 32 48
16 30 42
16 32 38
13 30 39
10 30 37
09 28 39
12 31 40
12 31 42
11 31 41
12 32 41
10 32 39
08 32 37
06 32 38
07 31 37
07 34 37
09 34 38
09 35 37
11 35 36
13 36 36
13 36 35
13 34 35
13 34 41
14 33 40
14 35 37
16 32 34
16 35 32
14 34 34
12 34 35
12 36 36
11 34 33
11 35 32
12 36 31
10 35 30
09 36 31
11 37 32
12 36 33
12 37 34
13 35 35
14 35 36
12 34 36
12 35 37
12 34 36
13 33 36
12 34 37
12 35 38
13 34 38
12 34 38
11 35 37
12 34 36
14 33 36
14 35 37
17 36 39
17 38 41
15 39 39
12 38 40
08 36 41
09 33 40
12 30 38
13 30 39
13 33 39
13 36 40
11 37 40
12 36 40
13 34 38
15 34 39
14 35 37
14 35 37
14 35 38
12 33 37
13 34 37
13 34 37
13 34 37
15 34 38
15 35 37
13 35 39
12 36 37
10 35 38
11 33 38
13 31 38
15 27 42
13 32 43
15 38 41
11 41 42
12 40 41
11 40 39
12 39 39
12 36 39
13 34 38
13 33 38
14 33 38
13 34 37
12 34 38
11 35 39
13 36 38
12 37 39
12 34 38
13 35 38
13 34 39
13 34 40
13 32 41
13 32 40
13 30 39
12 33 38
13 34 39
13 34 38
13 34 39
13 34 38
13 35 38
14 33 38
13 35 37
13 36 37
13 34 39
14 33 39
13 35 38
14 34 38
13 34 39
14 34 40
14 33 40
13 34 39
11 34 38
13 35 39
13 35 39
12 35 39
13 33 38
14 34 39
12 33 38
12 34 38
13 33 39
12 34 39
13 35 38
12 34 37
13 34 38
13 34 38
12 33 39
