39 51 21
40 50 21
39 49 22
39 49 23
39 49 22
40 50 22
39 50 22
40 50 22
40 50 22
40 50 23
40 49 22
39 50 23
39 50 24
39 50 23
39 50 22
39 50 22
39 49 23
40 50 21
39 49 23
41 50 22
39 49 22
38 49 21
40 49 22
39 51 23
39 50 22
39 50 22
39 50 23
39 50 22
39 49 23
39 50 23
40 51 22
39 50 22
39 51 22
39 50 22
39 49 23
39 49 23
40 51 23
39 49 23
39 51 22
38 51 23
39 50 24
41 51 23
41 49 23
40 50 23
40 51 22
39 50 22
39 51 23
40 49 23
39 50 22
39 50 24
39 51 23
39 51 23
40 51 22
39 50 22
40 49 23
39 50 24
39 50 24
40 50 24
39 51 23
39 51 23
43 51 23
40 51 28
37 52 28
39 49 30
38 54 30
38 53 30
40 53 32
37 53 34
38 53 36
39 52 35
40 52 35
38 52 36
39 54 35
39 53 35
40 52 37
37 50 37
38 48 40
37 51 41
35 49 41
36 51 40
37 52 40
40 50 41
40 52 44
39 49 42
37 48 39
36 50 40
41 49 42
43 52 41
43 48 41
41 48 43
42 49 45
44 49 47
37 56 46
39 51 46
39 47 44
41 46 44
39 44 44
38 50 43
38 48 48
37 49 50
39 44 49
39 45 49
34 42 47
35 45 44
32 45 40
32 46 39
34 46 43
34 53 48
33 53 46
33 53 46
31 53 46
31 52 46
35 50 47
34 50 44
35 51 46
35 50 43
35 53 43
39 50 38
40 53 36
36 49 46
33 46 43
46 54 44
42 44 41
44 45 45
37 45 51
39 51 48
40 43 44
38 44 46
35 47 46
34 56 40
39 57 40
34 53 39
30 50 36
30 48 39
30 62 38
31 63 34
27 56 36
26 46 34
27 52 40
25 63 41
27 54 38
23 47 37
19 42 40
17 44 40
14 47 37
16 47 36
17 49 38
19 48 41
20 48 40
23 45 37
25 44 37
28 45 41
28 44 45
31 39 45
27 45 46
24 44 47
22 39 48
21 39 44
20 35 44
19 31 46
18 30 47
13 43 61
19 47 59
27 34 45
28 35 43
27 39 53
28 37 59
28 37 56
28 41 53
29 42 49
27 44 51
27 39 51
29 40 49
30 39 49
30 43 50
29 42 50
29 42 49
27 42 50
27 43 52
29 41 50
28 42 50
27 42 50
28 41 49
28 41 48
28 43 48
28 45 48
25 47 48
24 44 48
23 44 50
22 47 50
23 45 49
23 44 48
22 41 48
24 41 46
25 41 47
27 43 47
25 45 50
25 46 49
26 45 48
26 45 47
28 44 48
26 43 48
27 45 48
25 44 48
25 43 48
24 42 49
24 42 50
21 44 53
20 45 55
25 39 51
28 34 47
29 41 43
28 51 48
27 51 48
29 43 44
26 38 44
26 36 45
20 42 49
12 56 63
19 32 43
19 53 51
20 46 46
20 49 46
18 47 44
17 41 41
15 40 38
12 39 34
08 40 34
09 42 35
08 40 37
08 38 38
06 38 36
07 38 36
11 38 34
13 37 31
16 33 32
16 33 33
16 36 33
16 35 34
16 35 33
17 35 34
16 36 33
15 37 34
16 37 33
16 38 34
15 37 34
14 37 34
14 37 34
12 38 34
12 37 33
11 36 34
12 38 34
13 36 34
14 36 35
15 37 36
12 38 36
12 38 37
12 37 39
12 38 41
12 39 39
12 40 38
12 41 35
12 39 36
13 39 35
13 38 36
12 37 34
13 36 34
12 37 34
12 37 34
11 37 34
12 36 34
12 37 34
11 36 35
11 37 34
12 37 35
13 37 35
14 37 35
14 36 35
12 37 35
13 39 36
13 37 35
12 37 36
12 36 36
13 37 36
12 36 35
12 37 36
13 37 35
13 38 34
11 36 35
12 36 34
13 37 34
13 37 35
13 37 34
12 37 34
11 36 34
11 37 33
11 37 35
12 37 33
12 37 34
13 36 34
12 37 35
12 37 34
13 36 35
12 35 35
11 36 34
12 36 34
12 36 34
13 37 35
13 37 34
13 36 35
13 37 35
14 36 34
13 36 34
13 37 34
13 37 34
12 39 34
13 37 33
12 37 34
12 37 34
12 36 34
12 37 35
13 36 34
12 37 34
13 37 34
12 36 35
12 37 34
12 37 35
12 36 35
12 36 34
12 36 34
13 37 34
12 37 34
10 38 34
12 37 35
11 37 34
13 36 35
11 37 35
