35 28 33
27 32 52
26 32 53
28 32 53
27 32 52
27 33 52
28 33 52
28 32 52
28 33 53
28 32 53
28 33 52
26 32 52
27 33 53
26 32 51
27 33 53
27 32 52
28 33 52
27 31 51
27 33 53
26 32 53
27 33 52
27 33 52
28 32 53
27 33 51
27 33 53
28 32 52
26 31 52
27 31 52
26 33 52
26 32 52
28 33 53
26 34 52
29 32 52
27 34 52
28 34 53
27 33 52
27 32 52
26 33 52
27 34 52
27 33 53
28 33 54
26 31 52
28 33 52
28 33 53
28 33 53
28 32 53
27 32 53
29 33 53
27 34 53
27 33 54
27 33 52
27 35 53
27 34 52
28 33 52
28 32 52
27 31 52
27 33 53
27 32 53
28 33 52
27 33 53
26 33 52
27 33 52
28 32 52
27 33 54
26 33 53
27 32 53
28 33 53
27 31 52
28 34 52
27 33 53
28 30 52
27 32 53
27 33 52
28 33 52
27 34 52
28 33 51
27 33 52
28 32 53
27 33 52
27 33 53
27 32 52
28 33 51
27 33 52
28 33 53
27 32 53
28 32 52
28 32 52
26 33 52
27 33 52
27 33 52
26 33 53
28 33 51
27 33 52
28 33 52
28 33 52
27 31 53
27 32 52
27 33 52
28 33 54
28 32 53
28 32 53
28 33 51
27 31 51
28 32 52
28 33 52
27 33 53
27 33 52
28 33 53
27 32 53
27 33 52
28 32 53
28 33 52
27 33 52
27 32 52
27 33 52
26 33 52
27 34 52
27 32 52
28 32 52
27 33 53
29 32 53
28 32 52
27 33 52
27 33 53
27 32 53
26 32 53
27 33 52
26 33 53
28 32 52
27 32 52
27 33 51
27 33 53
27 34 53
27 32 52
28 33 52
28 31 52
27 33 53
27 33 54
28 33 53
27 33 53
26 32 52
27 32 54
28 32 53
27 32 52
27 32 53
27 32 52
27 33 53
27 34 53
27 32 52
27 33 52
27 33 53
28 32 52
26 33 53
27 33 52
28 34 52
26 32 53
27 33 53
26 33 53
28 33 53
28 33 54
27 32 53
26 30 53
24 32 56
20 29 55
18 32 52
15 36 49
15 35 51
20 33 50
24 34 47
25 37 43
26 34 50
28 36 49
31 36 52
39 24 46
46 19 63
38 24 60
27 33 59
21 31 51
12 30 50
14 26 50
19 29 48
24 27 49
26 27 49
26 26 50
23 24 49
17 26 48
19 26 48
21 26 49
21 25 49
20 25 48
21 26 46
21 25 48
21 24 48
18 26 47
16 23 49
20 25 47
17 26 45
18 26 44
16 25 45
18 23 46
16 24 44
18 25 42
16 24 43
15 24 42
17 24 43
14 23 41
14 24 40
15 24 40
15 26 39
15 24 39
15 23 40
13 24 38
12 28 36
12 29 35
11 27 37
12 26 36
14 29 36
12 28 36
12 31 35
13 30 35
10 31 35
09 30 35
13 29 32
10 31 33
13 31 32
11 32 32
09 32 31
09 32 32
07 32 33
06 28 29
12 27 32
10 32 32
07 33 30
10 31 25
16 30 25
18 36 29
15 38 29
14 37 30
13 38 32
15 39 34
16 36 31
14 37 29
12 35 32
12 36 30
10 36 28
10 34 33
12 34 31
09 34 32
10 32 35
09 33 34
09 32 35
10 31 35
11 30 35
12 31 35
12 28 36
11 28 37
13 28 37
12 27 36
12 26 36
11 26 37
12 23 35
13 23 36
17 25 37
18 26 36
16 25 37
15 25 38
15 25 39
16 26 39
16 26 40
15 26 38
16 27 39
16 27 39
16 26 38
16 26 38
15 25 38
14 26 39
13 27 39
11 28 38
09 27 40
10 27 40
13 28 40
14 28 38
14 31 38
13 33 39
14 33 41
13 35 40
12 35 40
12 33 40
11 33 39
12 34 39
12 31 39
14 32 39
15 33 38
14 36 40
15 33 40
15 35 42
12 34 41
13 34 41
12 34 40
11 35 40
12 35 40
14 35 40
13 33 39
13 33 39
13 34 39
12 33 38
13 33 39
13 33 38
14 32 39
12 31 39
14 31 39
13 32 39
13 32 38
15 30 39
14 31 40
13 31 40
14 32 40
13 32 40
14 30 40
13 32 40
13 32 40
13 31 41
13 32 41
13 32 40
13 33 40
14 31 39
14 32 41
13 30 39
14 32 41
13 32 39
14 30 41
14 32 40
13 31 40
13 32 40
14 31 40
13 33 40
14 33 40
14 31 39
13 32 40
13 30 40
14 32 40
13 31 39
12 33 39
13 34 39
13 32 39
13 34 40
14 33 39
13 31 39
14 30 38
13 32 39
12 31 40
13 32 39
13 32 39
12 32 39
14 32 39
13 32 39
14 31 41
12 32 38
12 32 40
13 31 40
12 33 39
12 32 40
13 32 39
13 31 39
13 31 40
14 31 40
13 32 38
13 31 39
14 32 39
14 32 39
13 32 39
13 31 39
12 31 39
12 31 40
12 30 40
13 30 40
14 30 39
14 30 40
13 31 40
13 32 39
14 31 39
14 33 39
14 31 40
12 32 39
11 32 39
12 32 40
14 32 39
12 32 40
13 32 38
11 32 38
14 34 39
13 34 38
13 34 39
12 35 39
14 33 39
11 33 39
14 34 39
13 34 38
12 35 38
13 34 37
13 34 39
13 34 38
13 34 39
13 35 38
13 34 39
12 34 38
13 35 38
12 33 38
12 34 38
12 38 38
12 35 38
10 33 38
11 34 39
13 33 37
11 34 37
11 34 38
09 37 37
09 35 37
09 34 38
11 33 36
12 35 36
13 33 37
13 35 38
14 34 39
16 35 39
16 35 40
16 34 41
18 33 40
18 33 42
16 35 38
14 35 38
12 35 37
13 36 35
12 36 36
13 35 35
12 34 35
12 36 35
11 36 37
13 34 36
12 32 37
11 34 37
12 33 38
12 33 38
10 34 38
12 34 38
12 34 38
12 35 38
12 34 37
13 35 37
11 35 37
12 35 37
12 35 37
12 33 37
12 34 37
14 34 37
12 33 38
13 32 38
12 34 37
11 34 38
13 34 38
12 35 38
13 35 38
13 35 37
13 34 38
12 35 37
12 35 37
13 34 38
14 33 37
13 34 38
13 34 37
12 34 37
12 35 37
12 33 38
13 34 38
12 35 38
12 36 37
12 35 37
13 36 38
12 34 38
13 34 38
12 34 38
13 34 37
14 35 37
11 35 37
12 35 37
13 34 37
11 34 37
12 34 37
12 35 37
12 35 36
12 33 37
12 34 37
13 34 36
12 34 36
13 35 36
12 34 36
12 34 38
13 35 37
12 34 36
11 33 37
