31 37 33
31 37 52
33 33 37
31 37 52
30 36 52
31 36 53
32 36 53
31 35 53
32 36 52
31 35 54
32 35 53
31 36 53
30 36 53
32 35 53
31 37 52
31 36 52
32 36 52
31 36 53
32 37 53
31 35 53
30 36 52
31 37 54
31 35 53
31 37 53
30 36 52
31 37 52
30 35 52
32 35 54
31 34 52
32 36 52
31 37 53
30 36 53
30 35 52
31 36 52
31 37 53
30 37 53
31 35 54
31 36 52
31 36 53
31 36 53
30 37 54
31 34 53
31 37 52
31 37 52
30 37 52
32 36 54
31 36 52
31 35 54
31 36 54
30 36 53
32 36 52
31 35 53
31 36 51
32 36 52
31 35 52
30 37 53
31 36 53
30 36 53
30 35 52
32 36 52
29 35 53
31 35 53
30 37 53
31 36 53
31 37 52
30 37 53
29 37 53
31 36 52
30 36 53
32 37 53
31 35 53
30 36 54
32 35 52
33 36 53
30 37 52
31 35 54
33 35 53
30 35 53
31 35 52
31 36 52
31 35 53
31 37 52
31 36 53
29 36 53
31 36 52
30 35 52
30 34 53
31 35 53
30 36 52
31 35 52
32 34 53
31 36 52
30 36 53
31 36 53
31 36 52
31 36 52
30 35 52
29 35 53
30 37 53
30 36 52
31 36 54
31 36 53
30 36 54
31 36 53
31 37 53
31 36 54
31 36 53
31 35 53
30 37 53
30 36 53
31 35 52
30 35 52
30 35 52
30 35 53
32 37 53
30 36 53
30 37 52
30 35 52
31 36 52
31 36 53
31 36 53
31 36 52
32 35 53
31 37 52
30 36 53
30 35 53
31 35 54
30 36 52
30 35 53
30 36 52
31 34 54
31 36 52
31 36 53
29 36 54
32 36 53
30 37 53
30 36 54
32 35 53
33 35 53
31 36 52
29 35 51
30 36 53
29 36 52
28 36 51
25 36 52
27 36 52
29 37 52
28 38 54
28 39 53
29 40 53
30 38 54
32 36 52
33 37 52
31 38 49
34 40 50
35 46 52
34 48 53
32 45 49
36 43 49
36 41 51
37 42 50
36 43 51
35 42 47
37 42 48
39 43 48
39 43 49
38 41 51
38 41 51
38 42 48
37 45 47
37 45 50
38 43 50
37 46 50
38 45 50
36 42 48
37 44 48
36 44 49
37 42 46
38 44 47
37 44 50
38 44 48
36 44 46
36 45 47
37 44 47
37 43 47
36 40 45
34 46 46
31 47 46
31 48 48
24 52 49
24 52 50
26 51 47
25 50 48
23 48 47
24 48 44
23 49 43
22 48 42
21 48 44
20 46 44
18 47 42
17 46 43
18 45 44
17 45 43
16 44 43
15 43 41
16 43 42
17 44 41
17 43 41
16 42 41
16 42 42
16 42 41
17 43 41
17 40 40
17 40 42
17 41 41
17 41 42
16 40 41
15 40 42
14 41 41
13 39 41
14 39 41
15 37 42
15 39 43
16 37 46
17 36 43
19 36 42
20 36 42
18 37 43
18 38 44
18 37 45
18 36 45
15 36 45
15 37 44
14 38 43
15 36 43
15 37 42
17 37 44
16 36 42
15 35 44
14 36 43
15 35 43
14 35 43
15 36 43
16 36 42
16 36 42
14 37 43
14 35 43
14 35 42
15 36 43
15 36 43
14 36 42
15 37 43
15 36 43
15 37 42
16 36 42
16 36 43
16 35 43
15 36 43
14 38 43
14 38 42
15 37 42
15 35 41
15 37 43
15 37 42
16 37 42
15 38 42
15 38 41
15 36 41
17 37 42
17 36 41
16 38 40
16 39 40
16 38 40
16 37 39
14 37 40
15 36 39
13 39 38
11 38 37
11 38 36
11 38 36
09 39 35
03 40 33
02 37 31
04 38 33
07 36 32
08 35 31
10 33 32
11 32 32
12 33 32
12 33 31
12 34 31
13 34 30
12 34 29
12 34 30
12 34 31
13 33 30
11 34 29
12 36 30
12 34 30
11 34 31
12 34 30
12 33 30
12 34 30
12 34 30
12 34 30
13 33 30
13 34 31
12 34 30
13 33 31
15 32 31
15 34 31
15 35 32
14 34 32
14 33 32
13 31 32
14 35 34
13 32 34
12 33 34
13 34 33
12 34 33
12 36 34
14 35 33
13 36 33
14 36 33
14 36 34
15 36 33
14 36 33
11 38 33
11 39 33
11 37 33
11 37 33
10 36 31
10 38 32
10 39 32
12 37 32
12 37 32
14 35 32
14 36 31
10 36 30
11 36 30
12 35 30
13 37 29
13 38 31
11 36 31
14 36 30
13 36 31
13 36 32
12 37 30
11 38 31
11 37 31
14 38 32
13 38 33
12 37 31
13 38 32
12 36 33
13 37 34
13 37 32
13 38 33
11 35 32
14 36 34
12 36 34
12 37 34
11 36 33
11 36 34
11 36 33
12 36 34
12 36 34
11 35 34
13 35 34
13 36 33
11 35 34
12 35 34
11 35 33
12 35 33
13 35 33
12 35 32
12 35 34
12 34 34
13 35 32
12 35 33
13 35 33
12 34 33
12 34 33
11 37 34
12 36 34
12 36 33
11 36 33
12 36 34
12 35 34
11 35 33
12 35 33
11 36 32
13 36 33
11 35 33
11 35 33
12 34 32
12 34 32
14 35 32
12 35 32
12 36 32
13 34 32
12 36 33
12 35 32
12 34 33
12 36 33
11 35 33
12 34 33
12 35 33
11 35 33
12 36 33
13 35 33
11 35 33
12 34 33
12 35 34
12 35 32
12 35 33
12 35 33
12 34 32
11 35 33
11 34 33
12 34 33
12 34 33
11 35 33
12 35 33
12 35 33
11 35 33
12 35 33
12 35 34
11 34 32
10 33 33
12 34 33
11 35 32
13 35 33
12 35 32
11 35 33
12 33 33
13 34 33
12 34 33
11 33 32
12 34 32
11 34 33
11 35 33
11 35 34
12 35 33
12 34 33
11 35 33
13 34 32
12 34 34
13 35 33
12 34 33
11 35 32
11 34 33
12 35 33
12 35 32
11 36 32
13 35 32
12 36 33
11 35 34
12 34 33
12 33 34
11 35 34
12 36 33
12 35 33
13 34 33
11 34 34
12 34 33
12 34 33
13 35 32
12 36 33
12 35 33
12 36 33
11 34 33
12 35 32
13 34 33
12 35 33
12 34 33
12 36 33
12 35 33
11 36 33
12 34 31
11 36 32
