22 36 40
35 37 52
35 37 52
35 38 51
34 37 53
34 36 51
34 38 52
33 37 52
34 37 53
35 36 52
33 37 52
36 37 53
35 36 52
34 37 53
34 38 53
34 37 51
34 36 53
34 37 52
34 38 52
34 38 51
35 38 52
34 37 53
33 37 52
35 38 53
35 37 52
35 38 53
35 36 53
33 37 52
35 39 53
35 39 53
34 38 52
35 37 52
33 37 52
35 37 53
34 36 53
34 37 53
33 36 54
32 36 54
31 35 55
30 34 50
29 37 53
31 36 55
30 37 53
30 37 50
27 35 54
22 31 57
25 26 50
28 26 48
31 28 48
33 28 46
37 30 48
32 39 53
27 36 50
31 35 51
31 29 50
33 35 50
30 41 53
25 46 59
22 41 56
26 40 50
29 45 52
28 47 52
28 48 50
27 45 47
27 46 46
30 47 45
25 47 46
23 46 48
27 44 47
28 43 48
29 42 47
28 45 49
28 45 52
28 43 52
28 40 53
30 38 51
28 38 50
27 41 50
27 41 48
28 41 49
28 40 48
26 39 50
27 39 51
27 40 54
28 41 52
28 42 51
28 42 52
27 42 51
28 43 49
28 42 50
28 44 49
29 41 50
29 42 50
29 40 51
30 39 54
31 44 51
32 44 53
31 41 50
32 41 52
34 41 50
31 39 53
32 41 53
34 37 51
32 41 53
34 40 49
32 40 51
30 39 53
32 38 50
32 39 51
31 38 52
32 35 54
31 38 53
32 39 51
32 40 53
30 40 52
30 38 53
31 37 54
30 37 52
30 37 55
28 37 53
28 33 51
26 34 51
23 38 54
26 39 50
22 37 50
23 39 47
19 43 48
16 42 46
18 40 43
18 35 39
23 35 37
23 36 40
20 36 42
17 39 47
19 44 48
20 47 47
21 47 50
19 46 52
24 46 50
26 44 52
25 40 53
26 41 53
24 41 52
26 45 53
21 49 52
20 45 55
15 47 58
13 41 49
21 42 51
29 43 48
31 43 49
36 47 51
42 38 50
44 40 51
43 46 52
37 45 50
34 50 51
33 50 51
31 47 56
26 49 58
19 47 52
12 45 46
12 45 42
14 38 39
14 36 36
15 34 37
15 33 34
14 32 34
11 29 36
13 28 38
07 28 38
03 33 41
05 27 43
08 25 39
11 27 37
13 31 39
16 34 39
17 32 41
19 30 40
21 29 36
22 28 34
25 26 32
26 21 27
25 23 33
30 18 38
36 25 42
36 60 47
37 63 63
24 59 63
20 28 63
29 43 59
28 43 53
25 43 48
18 48 45
08 53 41
05 55 45
06 38 35
06 20 34
11 20 31
13 25 27
13 17 30
16 18 30
16 18 31
17 16 34
20 19 40
17 17 38
16 19 40
21 28 41
17 18 42
13 19 40
08 11 30
00 10 28
00 16 31
03 19 29
07 22 31
12 27 23
21 27 35
30 27 42
29 41 56
06 55 59
08 59 59
07 47 50
18 57 55
19 36 59
23 26 61
22 31 61
24 19 59
26 17 53
26 20 50
29 18 48
25 19 50
24 19 47
29 18 48
27 19 46
29 16 43
30 16 46
29 18 45
28 21 46
24 20 46
23 17 45
24 19 43
25 18 42
24 17 44
21 18 43
20 15 43
22 18 43
23 19 44
26 19 45
29 19 48
28 18 49
29 18 47
29 20 49
31 18 49
31 19 49
31 20 49
30 21 49
31 20 47
31 21 48
32 21 49
32 21 49
32 22 49
30 24 51
32 23 51
32 21 52
34 20 50
37 20 49
36 22 50
37 20 50
36 21 51
36 21 50
35 22 52
35 24 51
36 23 52
35 24 51
34 24 51
33 22 51
29 22 50
27 22 51
27 19 50
28 18 50
28 18 48
31 16 46
35 17 46
34 18 46
32 19 47
31 22 48
30 21 47
28 20 46
27 22 46
28 24 46
29 24 46
29 25 46
29 27 48
32 27 48
33 27 50
35 26 51
34 29 52
35 30 53
36 33 56
36 32 56
36 36 56
37 37 56
38 38 53
41 40 54
39 39 54
38 40 53
37 42 52
37 43 53
37 42 53
35 44 52
34 44 53
33 45 53
33 43 52
32 41 53
34 40 51
35 40 51
34 41 51
36 41 52
36 40 53
35 41 52
35 38 52
35 39 50
37 39 50
36 38 50
36 38 51
35 39 53
33 38 54
35 37 55
35 36 55
37 35 54
39 37 51
38 36 51
40 37 50
40 37 50
39 39 51
38 39 51
40 40 51
39 39 50
39 41 49
40 39 50
38 40 50
37 41 50
36 41 53
37 38 52
38 38 51
40 37 50
39 39 49
38 38 49
39 39 50
38 40 50
39 42 52
39 41 52
40 40 54
39 42 52
37 40 53
37 41 51
35 40 51
37 40 50
37 39 49
38 37 49
38 37 48
39 36 49
40 37 48
41 37 48
42 36 47
41 38 46
37 40 45
31 40 46
29 39 49
27 41 48
25 44 49
19 48 54
08 60 63
34 51 51
34 49 39
34 47 42
27 46 63
31 40 51
19 38 45
28 52 40
22 49 38
20 48 38
18 54 35
23 50 37
21 48 35
21 52 35
23 49 35
23 50 35
24 55 36
22 52 36
22 50 38
18 51 37
17 51 36
17 47 34
19 49 31
21 55 32
24 55 35
23 51 37
21 47 36
18 45 34
16 47 34
16 49 33
17 48 32
14 48 34
11 50 36
09 49 35
05 49 34
06 46 32
12 39 28
14 40 29
16 41 33
17 40 34
16 41 32
15 41 33
15 41 32
13 39 31
14 39 30
14 40 30
12 40 31
13 40 31
15 42 30
16 42 31
17 42 32
16 40 32
15 42 33
14 41 34
14 41 34
12 41 33
10 40 34
12 38 35
14 38 34
13 40 35
14 39 35
15 40 36
18 39 37
19 40 36
20 39 35
17 40 35
12 40 38
17 41 37
11 41 37
13 40 39
13 40 39
13 40 38
14 43 37
10 43 39
08 40 39
11 38 35
12 39 34
13 41 31
14 42 28
13 42 30
15 42 31
14 40 30
12 40 28
13 39 29
14 40 29
15 41 30
17 41 31
09 41 31
06 41 30
11 39 31
15 39 35
13 38 34
12 39 34
