21 40 47
22 41 47
20 40 47
20 40 47
21 41 46
20 40 46
20 41 46
19 41 46
20 41 48
20 41 46
20 42 46
18 41 47
20 41 46
20 40 46
20 41 47
20 40 46
19 40 47
20 41 47
21 41 47
21 41 46
20 40 46
20 41 46
20 40 46
20 40 46
21 42 46
20 40 45
20 42 46
20 41 46
19 40 47
20 41 47
19 41 46
19 41 47
19 41 46
19 42 47
19 41 48
20 40 46
20 41 46
19 41 46
19 43 47
18 41 48
18 42 49
16 42 50
17 43 51
16 39 51
14 41 52
15 40 50
18 40 50
19 32 50
21 31 46
23 30 44
24 30 45
27 28 45
28 32 46
32 34 45
31 32 39
30 35 38
25 38 43
18 39 44
14 34 40
10 30 40
12 35 42
11 26 43
16 35 53
17 32 46
17 32 47
13 34 46
13 34 48
12 37 47
14 39 50
16 33 47
16 33 43
17 35 46
16 33 45
17 37 41
15 36 44
14 35 42
17 36 43
15 36 43
15 35 43
18 35 43
19 36 44
17 40 43
16 40 43
16 43 44
17 41 44
17 44 43
17 44 42
18 44 44
19 45 42
20 45 44
19 46 42
19 45 40
19 45 42
23 46 42
20 45 42
18 49 43
21 48 41
17 46 39
20 46 43
19 47 39
18 46 39
19 48 42
18 47 40
18 46 40
20 46 40
18 46 39
19 47 40
18 45 41
19 45 40
19 45 39
20 47 40
18 46 40
17 45 40
16 44 42
17 48 42
17 46 39
18 45 39
15 45 40
14 45 40
16 46 40
15 46 40
15 46 37
11 47 32
13 49 32
15 37 39
24 43 45
26 42 45
26 35 44
24 38 35
17 36 44
12 37 47
16 45 49
17 46 45
15 45 41
17 44 40
17 43 39
15 47 35
15 43 34
15 39 40
14 39 39
13 42 33
12 41 34
14 38 35
13 41 36
12 37 34
12 40 29
14 41 31
11 41 31
13 39 29
11 40 33
12 40 30
14 39 28
13 41 33
13 41 29
14 40 28
09 33 25
18 46 31
12 45 36
13 45 33
14 42 34
13 46 34
13 46 33
14 43 34
13 43 35
16 43 34
16 41 34
16 42 34
14 42 33
14 42 34
15 42 33
13 43 34
15 41 36
17 41 37
16 42 37
15 42 38
12 38 41
10 43 40
05 37 37
06 38 34
08 32 31
06 33 30
08 32 30
06 27 30
09 35 32
09 38 33
11 33 35
17 38 38
23 36 39
28 37 40
34 44 51
27 62 52
25 62 55
24 56 47
14 44 35
07 32 30
02 33 27
05 38 30
10 41 36
15 43 37
15 45 37
16 42 36
15 41 35
13 40 33
13 39 34
13 40 36
11 41 36
12 41 34
11 42 34
11 41 34
12 42 35
08 42 35
07 41 35
09 39 35
08 41 34
10 40 32
12 42 33
12 41 32
13 42 31
16 41 29
19 40 29
19 39 28
16 38 28
15 37 27
16 46 30
16 47 31
15 43 33
15 41 34
15 42 33
13 43 33
12 41 31
16 40 32
17 40 32
17 41 33
16 43 34
13 44 34
12 39 36
13 40 35
14 42 33
15 42 33
14 41 33
13 41 32
12 40 33
13 41 34
13 39 34
14 41 34
13 39 33
13 41 33
12 41 33
13 40 33
13 41 33
13 39 32
13 40 32
11 39 32
13 42 33
13 39 33
13 40 32
12 40 32
12 40 33
12 42 32
12 41 33
13 42 32
13 40 33
13 39 31
12 39 31
12 40 32
13 39 31
13 39 31
14 39 32
11 41 32
13 42 31
14 41 32
12 39 33
12 38 33
11 38 29
12 39 32
11 38 33
12 38 32
14 41 33
14 40 32
15 40 32
14 40 32
13 40 33
12 37 32
12 36 32
11 37 32
11 34 31
11 35 30
11 35 32
12 36 32
13 37 31
13 38 31
13 38 32
12 38 31
12 35 31
12 37 31
11 37 31
12 37 31
12 37 31
12 36 32
12 36 31
11 36 30
13 36 31
12 36 31
11 36 31
14 36 31
14 35 30
11 36 31
11 36 31
12 35 32
11 35 32
12 37 30
12 37 31
13 36 31
12 36 32
13 36 33
13 37 32
11 36 32
13 38 32
12 37 32
12 36 31
13 36 31
12 37 33
13 37 32
12 38 31
12 38 31
13 38 32
