29 34 53
29 34 53
28 35 52
29 34 53
29 34 54
29 34 53
29 33 52
28 35 53
30 33 52
29 35 52
29 34 52
30 34 53
28 33 53
30 34 53
29 35 53
30 34 53
29 34 53
30 34 54
29 35 53
31 35 52
29 35 52
29 34 53
30 34 54
30 35 53
29 35 53
29 34 52
30 34 52
30 35 53
30 34 52
30 34 53
30 36 52
29 34 53
30 35 54
29 35 53
29 35 53
29 35 52
31 34 52
30 34 53
29 34 53
29 35 52
29 35 52
29 34 53
29 36 53
29 35 52
29 35 53
29 35 53
30 34 52
31 34 53
29 34 53
29 34 53
28 34 53
29 34 52
30 34 53
30 34 53
29 34 53
30 34 52
30 34 53
30 36 53
29 34 53
29 34 53
29 35 53
30 35 53
30 35 53
30 35 53
29 34 53
30 35 53
30 36 53
29 34 52
29 35 52
29 35 52
29 35 52
30 35 52
30 35 53
29 35 53
30 34 52
28 34 53
28 35 52
30 36 51
30 35 53
29 35 53
29 36 52
29 36 53
29 36 53
29 35 53
29 36 53
30 35 53
30 35 53
29 35 53
29 35 53
29 35 53
30 34 53
29 35 53
29 35 52
30 34 52
28 36 52
30 36 53
29 34 52
28 35 53
32 36 53
30 35 52
30 35 53
30 34 52
30 35 53
30 35 53
29 36 53
29 35 52
29 34 54
28 35 53
29 35 53
28 36 52
30 34 53
29 34 52
29 35 52
30 35 52
30 35 52
30 36 52
30 34 53
28 34 53
29 34 54
28 36 55
27 35 54
27 36 54
26 37 54
26 35 52
24 34 49
22 30 50
22 29 50
21 31 48
21 35 48
21 34 48
23 35 51
26 35 53
27 37 51
38 30 50
44 29 49
45 27 61
34 28 55
22 32 55
22 35 55
25 33 56
28 33 54
27 35 53
28 32 52
24 33 52
23 32 52
23 32 52
24 33 50
24 32 52
20 31 52
23 29 50
23 30 52
23 28 51
25 26 51
26 26 53
24 26 52
24 26 51
21 25 49
21 24 49
23 22 50
23 24 49
23 23 47
22 24 47
20 22 44
19 19 46
23 18 48
18 24 47
20 16 46
19 18 44
18 19 43
18 21 38
20 20 36
18 19 36
16 20 36
19 18 34
18 20 34
17 20 32
20 20 32
17 17 37
14 18 32
17 19 32
16 22 33
18 22 29
15 22 33
15 19 32
13 21 30
14 22 31
18 24 31
14 24 33
13 22 35
12 24 33
12 27 33
13 25 34
12 25 32
14 28 33
14 27 33
14 27 34
11 27 36
10 27 34
11 28 36
10 28 34
14 29 32
14 30 35
12 30 35
11 29 34
09 29 34
10 31 35
11 30 37
14 32 36
14 33 37
12 31 36
11 32 37
10 32 39
05 30 39
06 28 37
08 30 36
15 31 40
17 28 41
17 32 42
15 38 46
18 36 46
17 36 45
18 36 44
16 36 45
14 34 45
15 36 43
14 36 43
13 34 42
12 35 42
12 35 40
12 37 41
13 36 42
13 35 42
12 36 41
11 38 42
10 34 44
13 34 43
12 33 39
13 33 41
14 34 42
13 36 40
15 34 37
16 37 39
18 37 41
15 39 41
17 35 42
16 35 45
16 36 45
18 36 46
18 35 46
18 36 46
17 37 47
15 37 45
17 37 43
15 36 43
14 37 42
13 37 41
13 37 42
14 35 42
12 35 41
14 36 41
16 34 42
15 32 41
17 35 40
17 34 41
17 33 41
16 33 43
15 34 43
15 33 43
17 32 43
16 33 43
14 35 45
15 34 46
16 33 45
18 36 44
16 37 46
17 37 46
16 40 46
17 38 46
18 38 45
19 37 45
18 38 45
18 38 44
18 37 44
18 37 45
18 37 45
16 38 45
16 38 45
15 38 42
15 36 44
15 36 43
15 38 44
15 37 43
14 36 44
14 39 42
15 38 42
18 36 42
17 37 43
17 39 43
13 37 43
13 38 44
13 37 44
15 36 42
14 37 41
14 35 40
14 37 41
14 37 40
14 36 40
16 36 39
15 38 40
15 37 41
13 39 39
15 38 41
15 38 40
15 40 41
14 41 39
14 41 39
15 42 39
14 42 38
14 41 39
15 39 39
15 38 40
14 39 40
15 40 38
16 40 38
14 38 38
13 39 38
14 40 38
13 39 39
14 39 38
12 39 38
14 39 38
14 40 39
14 39 39
12 39 38
12 41 38
14 41 38
13 41 38
14 40 37
14 40 36
13 40 37
14 39 37
14 39 39
14 38 38
13 38 38
14 39 37
13 38 37
14 40 37
13 41 36
14 42 36
14 41 36
14 41 37
14 40 37
14 41 37
14 41 36
15 41 37
13 40 37
15 40 37
14 39 37
13 39 36
13 39 36
12 38 36
12 39 36
13 39 36
13 39 38
13 39 36
13 40 37
13 40 37
14 41 37
13 41 37
15 41 37
14 40 35
13 42 37
14 38 36
13 40 37
14 39 38
14 37 37
13 38 37
13 38 37
12 39 37
12 40 36
13 40 36
12 40 35
14 38 37
14 39 36
14 38 37
14 38 37
13 39 36
13 40 36
12 39 37
13 40 36
13 39 36
13 38 37
14 39 36
13 40 36
13 39 35
13 39 37
14 38 37
12 39 38
13 40 36
12 39 36
13 40 36
14 40 36
13 39 36
13 39 36
13 39 36
13 39 36
13 39 35
13 39 36
13 39 36
13 38 36
13 36 35
13 40 37
13 38 36
12 39 36
13 39 37
13 40 36
14 40 36
14 39 38
13 39 36
13 38 36
13 39 37
14 39 36
13 39 36
12 39 35
13 39 36
13 39 35
13 38 35
13 38 36
12 38 36
13 40 36
13 39 37
12 38 36
12 40 35
13 38 35
14 40 36
13 39 36
13 39 36
12 40 37
13 39 36
14 38 36
12 40 36
12 38 36
12 39 35
12 39 36
14 40 36
12 39 35
13 39 35
13 38 35
13 38 35
12 38 36
14 38 37
13 38 36
13 38 35
13 37 36
13 38 36
13 38 36
14 39 36
13 40 36
13 39 36
13 38 36
12 39 36
14 39 35
14 38 35
14 39 37
13 39 36
13 40 36
13 38 36
13 39 37
14 39 36
12 40 36
14 39 35
11 39 35
13 38 36
13 38 36
13 39 36
14 39 36
12 39 35
12 38 35
12 38 36
11 38 36
14 39 36
14 39 36
13 38 36
13 39 36
12 37 35
13 39 35
13 39 36
11 39 35
13 39 36
