38 38 52
38 38 52
39 38 52
38 38 52
39 38 51
39 38 52
38 37 52
37 38 51
38 36 52
38 39 51
38 39 52
39 38 52
39 37 52
39 38 52
38 38 51
38 38 51
39 37 52
38 39 51
38 38 51
40 38 52
39 37 52
37 39 53
38 39 52
38 38 51
39 38 51
38 38 50
37 38 53
38 38 52
37 39 51
40 37 51
39 38 51
37 38 51
39 39 52
38 38 51
39 38 52
40 38 52
39 37 52
39 38 51
39 38 51
38 38 51
39 38 51
38 39 51
38 39 51
38 38 51
38 38 52
38 39 51
40 38 51
38 37 52
39 36 51
38 38 51
38 39 52
39 38 52
40 39 52
38 38 52
39 38 51
39 38 51
39 39 52
39 39 51
39 39 51
38 38 51
39 38 53
38 37 52
38 38 51
39 38 52
39 39 52
37 37 51
39 37 52
38 39 52
39 38 50
39 39 52
38 38 52
39 38 51
39 36 51
39 38 51
39 37 51
39 38 52
40 39 52
40 38 51
41 38 51
40 39 51
40 38 51
39 38 51
39 39 52
39 36 52
39 36 51
39 38 51
39 38 52
40 39 51
39 38 52
38 37 51
40 38 52
37 39 52
39 38 51
38 38 50
39 38 50
38 38 52
37 38 53
36 38 53
37 37 52
37 36 52
36 37 51
38 36 52
38 38 51
39 38 51
38 40 50
39 41 50
40 42 50
40 41 52
40 39 52
39 37 53
39 35 51
38 35 51
38 33 51
37 36 53
36 36 52
37 37 52
37 38 52
39 39 52
39 40 51
40 40 52
40 38 51
39 39 51
39 37 50
39 36 51
38 35 51
38 36 52
40 37 52
38 37 53
39 38 53
37 38 53
39 39 52
39 39 51
38 37 52
38 37 51
38 39 50
39 38 51
38 39 51
39 39 51
38 38 52
36 37 52
38 35 46
39 34 50
39 36 56
38 44 55
39 44 53
38 42 51
39 40 51
39 38 51
40 37 51
38 37 50
39 37 52
37 38 53
38 39 52
38 39 51
39 38 51
39 39 51
39 37 52
38 35 50
38 38 52
38 38 52
39 38 52
39 38 53
40 38 52
39 38 52
39 38 52
39 37 51
39 37 52
37 36 51
37 38 52
37 38 51
38 39 51
39 39 52
39 39 51
40 37 51
40 36 50
39 35 54
39 37 53
38 38 52
36 38 52
36 39 53
35 35 53
36 35 53
36 38 55
36 36 54
35 38 54
35 37 53
32 37 52
31 35 50
29 34 49
27 36 49
25 35 47
22 36 45
20 31 43
17 33 45
18 30 46
16 32 46
14 30 46
15 28 49
13 31 50
15 30 51
17 31 49
16 35 50
17 32 49
18 33 49
19 32 49
20 32 46
20 31 48
19 32 48
19 33 44
19 34 41
19 36 41
19 33 40
18 37 39
13 43 43
09 34 48
10 42 44
13 38 41
11 38 41
13 38 43
14 37 41
17 36 40
16 35 41
18 34 41
21 34 40
20 38 41
19 39 40
12 33 36
01 32 36
04 41 37
13 35 38
17 33 41
14 38 34
13 38 34
10 38 36
09 40 36
10 41 35
11 42 33
12 39 40
14 39 39
14 41 33
13 39 33
14 38 36
12 43 33
12 40 38
14 41 36
12 42 36
16 45 36
15 42 36
16 43 36
17 45 37
17 43 37
16 42 39
17 44 39
14 46 39
18 49 40
13 44 41
13 49 41
15 46 40
15 45 40
15 45 40
15 42 40
14 43 40
17 45 41
12 38 42
20 33 29
17 38 35
17 26 38
13 33 43
11 34 45
13 43 47
11 43 48
13 40 48
14 42 47
18 44 46
17 42 46
17 32 43
15 59 45
21 47 49
23 41 48
23 43 40
25 46 38
25 46 38
27 46 39
29 48 40
31 46 38
31 47 40
36 57 63
29 39 62
32 42 52
33 41 45
29 50 52
27 51 55
25 41 51
25 35 49
25 37 54
22 40 57
20 39 54
24 37 50
26 41 51
26 42 48
30 42 45
32 42 42
30 47 40
20 44 45
21 47 57
16 47 49
12 42 41
13 45 41
18 43 43
17 41 44
17 42 44
19 44 42
20 47 42
21 48 42
21 49 42
20 48 42
19 48 40
18 47 40
17 45 39
17 44 38
15 44 38
15 43 40
12 45 39
09 44 39
06 42 41
01 37 43
04 30 35
10 25 31
13 27 34
15 28 37
15 34 37
13 39 34
13 43 35
15 42 37
15 36 37
18 33 36
20 32 36
22 33 34
21 35 34
18 37 35
15 37 37
11 39 37
08 38 37
09 36 35
10 34 36
12 36 36
13 38 38
12 38 38
12 39 37
12 40 36
11 38 37
12 37 38
14 39 37
13 36 39
13 36 38
13 39 39
12 38 39
12 37 39
12 38 38
10 36 39
11 35 38
11 34 39
11 35 38
12 35 39
12 34 38
11 34 36
13 35 37
14 35 36
14 35 36
14 35 36
15 35 35
14 36 36
15 35 36
14 37 36
13 36 35
13 37 37
13 36 36
12 36 37
10 36 37
09 36 38
11 34 38
12 34 38
13 34 38
12 36 40
12 35 39
14 35 38
14 35 38
13 35 38
13 34 38
12 35 38
13 35 39
13 36 38
12 35 38
14 36 38
13 36 38
12 36 37
11 36 37
11 36 36
11 36 36
12 37 36
11 36 37
13 37 35
12 36 36
12 37 36
11 36 37
10 37 37
11 38 37
11 36 38
12 36 39
14 37 39
14 35 39
14 36 39
14 35 39
14 36 39
13 36 39
13 35 40
13 36 40
11 36 41
11 33 40
10 32 38
10 32 38
13 33 37
12 34 38
13 35 38
15 36 37
16 38 37
15 37 37
15 37 37
15 35 38
14 36 37
13 34 38
12 33 38
12 33 39
12 33 38
12 33 39
13 33 40
13 34 40
13 34 41
13 32 40
14 34 40
15 33 41
14 34 40
13 34 40
13 35 41
12 34 41
12 31 40
12 32 40
12 32 40
13 32 39
13 31 39
13 33 38
14 33 39
14 34 38
12 35 39
15 34 39
13 34 39
14 34 39
13 33 39
13 34 39
13 33 39
11 34 40
12 33 40
12 32 39
12 32 39
13 34 40
12 35 39
10 33 41
14 34 40
13 35 40
13 33 40
14 32 39
13 32 38
13 33 38
13 31 39
12 33 36
10 34 37
12 34 38
13 34 38
13 34 38
13 33 39
12 32 39
