21 30 49
21 31 49
21 30 49
21 31 48
22 33 48
20 33 50
19 32 49
19 34 48
17 34 48
19 35 47
19 34 47
19 34 47
20 32 47
18 32 47
17 33 47
17 34 47
18 33 47
18 33 46
18 33 47
19 34 47
17 32 47
18 33 47
18 33 48
18 34 47
18 35 47
18 33 47
17 34 47
19 33 46
18 34 47
18 33 47
18 33 47
17 33 47
18 33 49
17 33 47
17 32 48
19 33 47
19 33 47
17 34 47
16 32 47
17 32 47
17 33 45
17 32 47
18 32 47
18 33 47
18 33 47
18 32 47
19 33 47
18 33 47
19 33 48
18 33 47
17 33 47
17 33 48
18 33 47
17 33 48
15 34 48
14 34 50
15 35 48
16 37 42
16 35 43
19 35 41
17 29 43
18 27 43
19 29 44
19 25 45
19 27 43
20 28 48
21 32 45
17 31 47
13 31 45
09 33 43
11 36 43
12 32 44
17 32 41
18 32 41
17 35 40
12 35 42
12 34 40
15 35 41
15 34 39
14 35 39
13 37 40
10 39 40
10 38 39
11 37 39
14 38 40
14 38 38
12 42 40
13 40 40
14 38 39
14 38 43
14 39 38
14 42 41
14 39 39
16 40 41
15 42 42
14 41 42
16 40 40
17 43 41
15 42 41
16 41 42
17 41 43
17 44 43
17 41 42
18 41 42
15 40 42
16 41 41
19 42 43
16 41 41
19 42 42
15 43 42
15 41 42
15 43 43
16 40 40
15 43 43
14 44 44
14 43 40
14 42 40
12 43 42
12 42 39
12 41 41
06 43 42
09 42 38
21 44 29
25 42 27
26 46 33
30 39 40
33 32 43
21 38 55
15 30 60
05 48 39
07 39 34
18 43 32
16 45 33
13 43 36
10 37 35
11 39 33
14 41 33
14 39 33
12 39 32
12 43 30
13 43 31
11 43 31
10 41 31
14 45 35
12 44 33
20 38 33
16 39 30
16 42 31
17 42 32
12 43 30
17 42 34
12 44 30
13 44 31
14 45 30
13 46 28
17 44 33
13 44 30
15 47 31
18 44 34
15 45 31
15 47 32
15 47 34
16 47 33
17 46 33
15 46 33
16 45 34
15 44 35
16 45 34
17 45 35
13 45 35
14 44 33
18 44 35
16 40 37
12 40 36
10 40 34
11 39 36
10 37 34
09 35 33
11 37 32
10 36 34
08 35 34
06 35 32
10 38 30
13 36 30
15 33 33
12 33 35
14 30 33
14 33 37
12 34 39
13 31 39
13 34 42
11 36 41
11 36 38
12 38 36
11 37 39
08 36 41
12 34 42
11 39 43
16 40 38
19 40 41
20 39 46
21 43 42
19 45 42
17 46 39
17 47 35
17 45 35
17 45 33
18 45 33
19 44 33
19 42 34
21 43 33
19 43 35
18 45 38
17 44 41
15 42 35
12 43 35
10 44 38
09 44 36
09 44 36
10 42 34
12 42 33
12 42 33
11 42 31
12 39 31
12 38 30
13 38 31
15 38 32
13 36 30
16 39 30
14 39 29
12 38 29
12 40 30
12 40 30
12 37 30
11 37 30
12 37 30
10 38 29
10 37 29
10 38 32
11 30 36
12 34 32
13 35 33
13 36 32
11 39 31
10 39 31
12 35 31
13 34 33
13 35 33
12 34 35
13 35 33
14 36 34
11 38 34
11 38 34
09 37 34
12 38 33
12 38 31
14 37 31
15 36 31
12 36 31
12 36 32
12 36 34
11 36 32
11 37 32
12 37 31
12 38 32
12 37 31
12 37 31
12 38 31
13 38 31
13 39 31
12 38 31
12 37 31
11 36 30
11 37 31
13 37 32
12 37 31
11 38 31
12 38 31
12 38 30
12 38 31
12 37 30
11 37 32
12 37 31
13 37 31
12 38 30
12 37 31
13 36 30
12 36 31
12 36 30
14 39 30
12 36 30
10 36 31
11 36 31
11 35 30
11 37 30
12 35 30
13 36 30
12 36 31
11 37 30
12 35 30
13 35 30
12 34 31
11 33 32
12 33 31
12 35 31
14 35 31
12 35 32
12 35 31
11 36 31
11 36 30
12 36 29
12 34 29
11 32 30
11 34 31
11 33 30
12 35 31
10 33 31
12 36 30
11 35 30
12 34 29
12 33 31
12 33 30
11 33 30
12 34 29
10 33 29
11 32 30
13 35 30
12 35 30
12 34 29
12 33 30
12 32 30
11 35 30
12 35 29
12 33 31
12 33 30
11 33 31
12 33 30
12 34 30
12 34 30
11 33 30
12 33 30
11 33 30
12 34 29
12 34 30
12 33 30
12 35 30
