21 31 49
21 31 49
21 31 49
21 30 49
21 31 49
20 31 48
21 30 49
20 31 49
21 31 50
21 32 50
22 31 49
22 30 49
21 32 48
20 30 48
19 29 47
20 28 47
17 28 47
18 27 47
18 26 45
18 25 46
18 24 46
19 24 45
18 23 48
18 24 47
18 24 49
20 25 48
20 25 49
20 24 50
20 24 48
22 25 48
23 26 48
24 26 46
26 25 47
27 27 48
27 26 46
25 25 46
24 26 47
23 26 47
20 25 52
22 28 53
21 28 52
20 31 55
20 31 54
20 34 54
23 31 49
22 32 51
21 31 52
21 30 53
23 30 53
24 31 53
25 32 53
25 32 52
28 33 54
29 33 52
31 32 50
31 32 50
34 29 49
34 30 49
34 31 48
34 29 49
35 28 46
35 23 46
31 20 49
32 18 49
32 18 48
31 20 47
30 21 49
30 16 45
28 12 43
25 12 43
25 04 38
23 11 36
21 15 35
21 13 33
22 15 34
22 14 34
23 10 34
21 11 35
22 10 33
22 10 32
22 12 31
23 09 30
23 08 29
26 09 29
28 10 29
29 13 30
30 12 29
30 11 28
30 09 27
31 10 28
31 09 29
32 09 29
33 11 29
35 13 29
36 17 31
36 17 28
40 18 32
41 19 32
44 24 35
45 22 34
44 23 35
44 25 45
46 22 43
46 23 44
41 27 48
39 24 53
37 21 57
34 21 51
36 27 54
39 28 55
39 27 54
41 23 52
40 22 50
36 24 48
34 20 46
32 19 45
30 06 48
31 11 46
32 16 45
31 13 44
33 13 43
31 11 44
32 14 42
32 10 42
30 05 43
26 07 45
28 15 47
29 19 48
30 18 51
33 19 49
35 20 49
34 19 52
32 14 56
33 12 56
35 16 52
35 17 46
35 19 46
38 18 43
39 20 41
40 21 40
42 23 41
40 27 40
42 26 38
39 29 37
40 34 38
38 42 37
40 50 35
41 60 34
43 63 35
40 63 38
39 63 43
35 62 56
31 57 62
28 51 63
24 43 63
24 34 63
24 26 63
29 23 57
27 27 51
27 22 41
34 09 37
31 18 33
33 23 28
34 20 30
38 17 29
36 19 33
37 18 34
36 12 34
34 12 33
29 13 34
26 08 36
23 14 37
15 17 38
13 18 40
13 19 41
11 18 44
12 19 45
15 21 47
16 22 49
15 23 50
14 23 51
18 21 49
22 21 49
25 23 48
29 24 47
33 20 48
36 20 46
42 19 46
44 19 47
45 21 47
49 20 48
49 17 46
48 16 47
46 17 46
43 19 46
41 19 47
40 19 47
37 17 47
36 19 47
35 19 47
34 20 46
32 19 47
33 17 46
31 19 47
32 18 46
31 19 46
32 18 45
33 16 46
32 16 46
32 16 46
32 17 46
33 17 46
33 18 47
35 19 47
35 20 49
36 21 51
35 22 51
37 21 49
37 21 49
36 21 49
38 21 49
38 22 50
38 21 49
39 20 49
41 19 49
40 21 48
40 21 46
39 21 47
38 20 47
37 23 48
38 22 50
38 23 49
38 22 51
39 22 51
37 22 51
39 22 51
40 23 52
41 23 50
41 23 50
40 22 49
39 22 51
39 22 51
38 21 51
38 22 50
39 22 50
38 22 50
37 22 50
37 20 50
39 20 49
39 21 50
37 23 48
36 23 49
34 22 50
33 24 50
31 24 52
30 24 52
28 24 52
27 24 52
26 23 52
24 21 51
25 21 50
26 20 49
25 24 48
27 21 49
26 20 49
27 21 49
28 20 50
28 20 49
30 22 49
30 24 50
29 23 50
30 24 49
30 24 49
29 26 50
28 24 48
28 26 50
26 26 51
28 25 50
28 25 50
27 26 51
27 26 52
27 25 51
27 25 50
27 25 52
28 26 51
26 25 51
28 25 50
28 26 50
28 26 50
29 29 51
27 30 54
28 28 53
27 25 50
27 25 50
26 26 50
26 26 51
27 26 50
26 27 50
25 27 51
27 27 51
27 28 51
27 28 51
27 29 52
28 30 52
27 31 52
28 33 52
27 33 52
28 34 52
28 33 53
29 34 51
31 34 51
30 36 50
31 36 52
31 36 52
32 37 52
31 35 52
31 38 51
31 40 50
28 42 56
28 44 62
31 42 54
30 41 50
29 43 51
29 43 51
28 41 50
28 42 50
27 43 50
28 43 50
28 42 50
29 46 50
29 45 50
30 45 50
30 46 49
31 45 48
30 44 49
30 45 47
28 45 48
28 44 48
29 45 49
28 44 50
29 45 49
28 45 50
28 44 50
30 44 49
29 44 49
28 41 50
27 43 50
27 40 50
25 41 51
25 39 48
25 39 49
27 41 48
26 44 49
25 45 47
26 45 46
27 47 48
27 46 47
27 50 49
27 44 51
26 40 48
23 39 48
24 38 50
23 37 49
22 37 50
24 39 50
23 38 49
24 40 50
23 41 52
22 40 52
22 39 52
24 37 50
25 36 48
23 37 47
20 36 46
19 36 45
19 37 46
18 37 46
19 35 45
18 37 48
17 38 50
20 37 49
18 37 48
20 37 49
18 38 47
18 38 47
18 37 47
17 36 46
16 36 47
19 36 47
18 35 45
18 36 46
17 36 45
18 35 45
18 36 45
17 34 44
16 36 44
16 36 44
16 36 45
15 36 45
16 36 45
16 36 45
16 35 44
15 36 44
15 35 42
15 36 44
15 34 45
15 35 43
16 36 43
16 34 43
15 34 43
14 36 43
15 35 45
16 34 44
16 33 43
14 35 44
15 35 43
14 34 41
13 34 41
15 33 42
12 33 40
12 32 39
12 31 40
11 33 39
12 33 39
10 32 38
11 33 39
11 32 37
11 32 37
09 30 36
10 32 34
09 31 31
10 29 32
11 30 31
10 28 31
11 30 32
10 29 32
13 29 29
12 30 30
11 30 30
12 31 30
13 30 31
13 32 32
12 33 31
13 31 31
14 33 31
13 33 31
13 32 31
13 34 32
12 35 33
12 34 34
13 34 33
11 37 33
12 36 34
11 34 35
12 33 34
12 34 34
13 33 34
12 33 35
14 34 34
13 34 36
13 35 35
14 35 35
15 34 34
12 36 35
12 37 35
12 38 36
12 37 36
12 39 37
13 37 37
13 37 36
14 37 37
13 37 37
13 36 35
12 37 36
12 37 37
11 37 36
12 35 37
12 35 36
12 36 35
11 35 35
11 35 35
12 36 35
12 35 36
12 35 35
11 36 34
13 35 35
13 36 36
12 36 35
12 36 35
12 35 36
11 35 35
12 36 36
12 34 35
13 34 35
12 34 35
13 34 36
11 33 34
11 35 34
11 34 35
12 34 36
12 34 36
12 33 37
11 34 37
13 33 36
11 34 36
13 33 36
13 33 34
12 33 36
14 34 36
13 33 35
13 33 37
12 34 36
14 33 36
12 32 36
13 33 36
13 32 37
12 34 36
12 34 36
11 33 37
13 32 35
12 32 36
12 33 36
13 33 36
13 31 36
11 33 36
12 33 36
13 33 34
12 32 37
13 32 36
11 32 35
12 33 36
12 33 36
11 32 36
12 33 36
12 32 36
12 32 36
13 31 35
11 32 36
12 32 36
13 32 36
12 32 36
12 32 35
13 33 35
13 32 37
12 32 34
10 32 37
13 33 37
11 31 35
12 30 35
12 30 36
13 33 37
12 33 35
12 32 36
12 32 35
12 31 35
