19 38 47
19 38 47
19 39 47
19 38 46
20 38 47
19 37 48
19 37 47
19 37 47
19 38 48
19 38 49
19 38 47
19 38 48
19 37 47
19 38 46
19 38 48
20 37 48
21 36 47
19 35 48
20 36 48
20 34 47
19 33 49
21 32 48
20 31 47
21 30 47
20 29 46
19 25 47
20 23 48
19 26 47
20 27 47
18 27 46
19 30 47
19 33 47
19 30 48
18 31 50
18 30 49
17 27 48
19 27 46
19 26 44
17 24 47
19 30 46
17 27 50
15 29 49
15 25 49
15 27 48
15 26 47
15 22 48
15 23 48
16 21 47
17 21 46
17 20 46
19 22 44
19 22 44
20 19 42
23 19 43
22 20 44
24 17 42
25 15 43
25 18 43
26 16 44
28 13 43
29 16 42
30 17 43
32 14 42
35 17 42
37 17 42
37 15 42
38 14 42
42 16 41
41 17 41
44 19 41
45 19 41
47 22 39
46 23 37
49 24 36
48 26 37
49 32 38
51 31 37
48 35 37
48 36 38
50 37 38
50 38 38
49 41 38
48 41 38
47 42 37
48 40 38
46 42 39
45 45 39
43 44 39
42 47 41
39 51 42
38 50 42
37 52 42
36 54 41
37 58 40
36 60 40
36 60 38
37 60 38
34 59 39
35 60 37
36 59 37
35 57 37
38 60 35
36 59 37
37 56 38
37 57 39
37 54 41
40 51 43
42 50 42
42 51 42
44 48 40
47 47 41
47 45 44
45 41 47
45 44 49
43 47 57
46 39 59
44 34 57
38 31 54
37 22 48
39 25 40
40 23 28
45 22 18
51 21 05
51 28 08
47 24 15
49 30 03
49 37 01
50 40 07
53 47 12
53 49 17
52 49 23
50 48 28
49 46 29
46 43 29
48 44 34
47 39 35
46 37 36
45 29 42
44 25 38
43 28 43
42 24 45
39 23 37
38 28 47
34 26 51
27 23 51
19 12 63
22 43 62
25 52 61
33 52 60
34 51 56
38 55 56
41 56 55
38 52 48
37 41 52
32 39 53
33 23 55
30 21 55
27 20 57
28 17 56
25 21 54
28 21 50
33 36 47
35 41 49
33 34 44
33 35 43
32 45 51
31 40 56
31 34 57
32 32 57
31 29 59
32 31 57
33 31 55
32 31 56
35 32 55
33 31 54
33 31 54
34 31 52
34 32 51
34 33 52
38 30 51
41 29 51
41 29 50
44 24 49
45 30 50
44 27 50
44 28 50
43 30 50
41 30 50
42 31 49
41 30 48
44 33 49
42 32 49
38 30 49
39 31 50
39 32 52
39 31 53
41 32 54
39 31 56
37 29 56
37 30 57
38 31 55
38 30 53
37 31 52
38 32 52
40 30 51
39 27 50
36 25 50
36 26 51
36 25 51
33 21 50
34 22 51
34 22 50
35 24 50
34 23 49
33 23 50
35 21 49
33 20 50
33 20 51
32 22 53
32 22 51
30 23 49
29 25 51
29 25 51
26 26 52
26 27 52
27 30 54
26 31 55
27 33 53
29 35 52
28 37 53
28 36 52
29 37 52
31 37 52
31 39 53
29 40 55
29 41 54
29 41 53
27 42 53
26 39 54
22 38 54
23 32 52
21 31 48
23 35 44
25 37 46
25 34 46
27 35 46
27 38 52
28 38 55
28 36 55
30 36 52
29 36 51
28 40 50
27 41 51
25 39 49
25 40 49
24 43 48
23 43 48
22 41 46
22 44 47
25 43 46
26 43 45
27 43 45
29 44 47
30 46 46
28 47 47
27 46 46
29 48 42
30 48 42
31 50 43
25 45 41
19 45 41
12 45 46
13 46 44
07 43 45
13 44 47
14 47 49
14 33 54
18 38 51
19 40 47
28 42 42
26 40 44
23 42 44
20 43 44
20 40 42
13 41 44
14 39 44
13 35 44
17 33 43
14 35 43
12 35 45
16 35 44
16 36 45
14 35 45
15 36 45
16 34 45
17 34 44
18 33 45
16 34 45
14 34 46
14 34 46
15 34 45
15 34 44
16 32 44
15 33 44
16 33 43
14 35 43
15 34 42
16 32 43
15 33 46
17 33 47
16 32 46
16 32 47
17 32 45
16 34 45
14 33 45
16 33 45
15 32 47
16 33 44
22 34 46
23 33 45
25 35 47
23 35 47
20 37 49
19 36 48
18 36 49
17 35 49
15 34 48
16 34 46
15 33 45
17 34 44
16 32 44
17 33 45
16 32 45
17 30 46
17 31 44
17 31 42
18 32 45
18 33 47
17 32 48
18 32 45
18 34 46
14 32 47
14 32 45
18 34 47
18 34 48
12 32 47
17 33 45
20 32 44
22 33 47
21 34 50
19 33 50
18 34 46
17 33 50
17 34 49
17 31 49
19 31 48
22 33 49
21 33 49
23 33 50
24 34 49
26 37 49
26 37 49
27 38 49
29 40 49
28 39 50
30 40 49
30 37 49
30 36 50
29 37 51
28 40 53
28 43 53
27 41 51
27 39 52
26 38 51
27 39 51
25 39 50
25 39 49
23 40 51
23 39 53
25 37 53
25 37 51
23 38 51
24 38 51
24 38 52
24 38 51
23 37 50
25 38 50
24 39 51
27 40 49
25 41 50
26 39 49
24 39 51
26 38 51
24 38 49
25 40 52
24 38 49
25 40 49
23 41 49
24 38 50
24 38 49
24 39 50
24 39 49
22 40 49
20 39 48
21 39 47
22 40 48
23 42 48
21 41 48
20 42 46
19 43 48
18 43 45
19 41 45
16 40 45
18 40 45
18 41 45
18 41 44
18 42 44
16 42 44
17 41 42
18 42 43
16 41 42
18 40 42
17 41 41
18 40 41
15 41 42
16 40 41
13 40 40
12 38 39
12 41 38
08 38 39
13 39 36
10 39 35
12 38 34
12 38 33
13 39 32
14 37 33
13 38 31
13 38 29
11 37 31
13 37 29
12 35 29
12 36 30
09 35 29
09 36 26
10 35 26
10 33 25
12 36 26
10 34 27
12 34 27
13 35 29
12 35 28
13 36 28
15 34 29
13 36 29
15 35 28
13 37 28
12 37 29
11 37 30
12 37 30
12 37 31
14 37 30
12 35 30
14 36 31
15 36 30
14 37 31
14 38 30
15 37 32
14 37 31
14 39 32
13 39 33
13 39 33
12 37 35
11 39 36
12 36 36
12 37 37
13 38 36
13 37 36
14 37 36
14 37 36
13 39 34
13 38 36
13 39 36
13 38 35
12 39 35
12 38 35
11 38 35
12 38 35
11 38 35
11 39 35
11 38 35
11 38 35
12 36 36
12 39 35
12 38 35
11 38 36
12 37 35
13 37 35
12 37 36
13 37 35
12 38 36
13 37 35
13 37 35
13 36 36
13 37 36
12 37 35
13 37 35
12 37 35
12 37 35
13 37 34
11 36 34
12 36 35
13 35 34
13 36 35
12 37 35
13 35 35
13 35 35
13 35 34
11 35 36
12 36 35
13 36 35
12 36 36
13 36 35
12 37 34
12 36 35
12 35 35
12 36 34
13 36 34
12 36 34
12 35 36
13 36 35
13 36 35
13 36 35
13 35 34
13 35 34
12 36 35
12 35 35
13 35 35
12 35 34
11 35 36
14 36 34
12 36 33
12 35 35
13 36 35
12 35 33
12 35 35
12 34 35
12 35 34
13 35 35
12 36 34
12 35 35
13 36 34
13 35 34
11 35 35
12 36 35
12 35 33
12 37 35
13 36 35
12 35 35
11 35 35
13 36 35
13 35 35
13 36 34
12 35 33
12 34 34
11 36 35
12 36 33
