42 28 50
42 28 50
44 29 50
44 31 50
44 29 50
44 31 50
44 30 49
43 29 51
44 31 50
43 30 51
43 30 49
43 29 50
43 29 50
43 29 51
43 28 50
42 29 50
44 30 49
44 30 50
45 29 51
44 30 51
44 29 51
45 29 49
44 30 50
42 29 50
44 29 51
43 29 50
43 30 50
43 29 50
44 31 50
43 31 50
43 30 51
43 29 49
44 30 50
43 31 50
44 31 50
43 30 50
43 30 50
43 30 50
43 30 49
44 29 50
44 29 50
44 29 49
44 30 50
44 30 50
43 30 50
44 31 50
45 30 49
44 30 50
42 32 50
42 30 50
44 29 50
44 30 51
43 30 51
43 30 51
43 31 50
44 29 50
44 29 49
43 31 49
44 31 51
44 30 50
44 30 50
44 31 50
44 30 50
42 29 50
44 31 50
44 30 49
44 30 50
43 30 49
44 30 50
44 30 50
45 30 50
43 29 50
44 31 50
44 30 50
43 30 50
43 30 51
43 29 51
43 30 49
44 31 50
44 30 50
44 29 50
44 30 50
44 31 50
42 29 51
43 29 50
43 30 50
43 30 50
42 30 49
43 29 51
43 29 51
42 29 50
43 30 50
44 30 50
43 29 50
45 30 50
43 30 50
43 30 49
44 30 51
43 30 51
43 29 51
44 29 50
44 31 50
43 29 50
45 29 50
43 29 50
43 30 50
44 31 50
43 30 52
44 29 50
43 29 50
44 30 49
43 29 49
43 30 49
43 31 49
43 30 50
45 30 51
44 31 51
43 29 50
44 30 50
43 29 51
44 30 49
44 31 50
44 30 50
42 30 50
44 31 50
44 29 49
44 30 50
44 30 50
44 28 51
45 32 50
44 30 49
45 29 50
44 29 50
43 30 49
42 30 49
42 31 53
43 30 54
43 33 53
44 34 52
45 33 50
45 32 51
43 33 49
45 32 49
45 30 49
44 30 50
45 30 50
42 29 48
45 31 49
46 30 48
47 29 50
47 31 51
41 34 49
45 32 50
45 31 49
48 32 49
49 32 49
51 31 53
49 31 54
47 28 53
49 27 52
49 30 52
48 31 52
49 31 51
45 34 51
38 40 51
38 39 54
39 40 55
38 37 56
36 39 52
34 40 51
33 40 49
31 40 47
29 42 47
30 40 48
28 41 49
29 38 51
31 35 54
30 32 55
32 31 55
34 33 53
37 34 52
40 35 52
39 32 52
39 32 52
38 32 53
37 31 53
37 26 52
34 23 49
34 22 48
35 22 45
33 23 47
36 23 46
37 25 50
34 27 51
33 26 53
33 28 54
35 28 52
35 29 54
35 30 52
35 29 50
35 31 49
34 31 50
33 31 50
34 31 52
33 30 52
31 29 51
31 29 50
32 28 51
29 28 50
29 29 51
28 30 51
28 30 52
25 32 52
23 30 52
24 31 52
23 32 50
23 33 51
22 33 49
20 34 52
20 33 51
20 34 50
21 34 49
19 34 49
21 35 49
20 36 48
21 38 48
19 37 49
19 39 48
18 39 47
19 38 49
19 38 47
16 38 46
16 39 46
16 38 44
16 40 44
17 41 46
16 42 46
17 41 45
18 42 45
19 42 45
20 44 45
21 44 45
21 44 45
21 46 45
21 46 45
20 45 45
21 47 44
22 47 44
22 47 44
23 47 44
23 47 44
23 48 43
22 47 43
25 50 44
23 50 43
25 49 43
24 50 44
24 49 43
24 48 43
25 49 43
25 49 43
25 50 43
27 50 43
27 49 43
27 50 44
27 49 43
29 49 42
28 49 43
28 51 43
28 51 43
27 51 43
27 49 45
27 49 44
27 49 45
27 49 45
29 49 44
29 48 44
30 49 43
30 48 42
27 49 42
26 50 42
26 51 43
27 49 43
26 49 44
28 49 44
26 49 45
27 49 45
26 49 44
26 48 43
25 49 44
26 50 44
26 48 44
28 48 43
27 49 44
29 49 43
29 50 44
28 50 45
27 51 44
27 50 44
26 48 44
27 50 44
26 48 44
25 47 45
28 48 44
27 47 43
29 49 44
31 48 44
30 47 42
31 47 41
32 49 40
31 52 40
31 51 43
29 48 42
28 46 46
27 47 48
25 43 51
22 45 53
25 34 54
24 35 52
25 40 51
26 39 50
27 41 48
26 40 47
24 40 46
26 40 46
24 42 48
26 40 48
21 38 58
22 36 53
19 44 53
18 41 54
21 39 49
20 40 47
17 41 50
16 44 49
17 44 48
16 43 46
13 44 42
13 43 42
09 48 43
13 41 44
14 42 43
14 41 44
15 42 44
16 41 43
19 42 40
18 40 41
18 42 40
18 42 40
17 43 38
17 43 39
20 41 37
19 39 37
17 43 40
18 43 40
19 42 40
19 44 40
19 41 42
19 42 41
20 41 42
19 43 42
19 42 43
21 43 43
19 43 44
20 43 43
20 43 44
21 41 44
21 42 45
20 40 44
19 40 45
17 42 44
16 43 45
15 41 46
16 41 47
17 39 45
16 40 44
15 38 46
17 38 44
17 37 44
16 37 43
15 37 44
15 38 44
13 38 43
15 38 42
14 37 43
15 37 42
15 36 42
15 36 42
15 37 42
14 37 42
15 36 42
17 36 42
16 35 43
16 37 42
15 35 43
16 36 43
16 35 42
16 34 43
16 35 44
15 34 43
17 35 43
14 34 43
15 35 42
15 35 42
16 36 42
14 36 42
16 36 42
16 37 44
14 38 42
15 38 42
15 37 42
14 38 43
15 38 42
14 38 40
15 37 40
13 36 40
14 37 40
14 37 39
15 36 41
15 36 39
14 36 39
13 35 41
12 36 40
13 36 40
13 37 40
14 36 40
12 36 40
14 38 40
12 36 40
14 37 40
12 36 40
13 38 39
14 37 39
14 37 38
13 37 38
13 37 39
13 36 39
14 38 38
13 39 39
13 36 38
12 37 37
13 36 38
14 37 38
13 37 39
12 37 39
13 36 39
13 37 38
13 36 39
13 37 39
13 37 39
13 36 39
12 36 39
13 38 39
13 36 39
12 36 38
14 36 37
13 36 38
14 36 38
13 37 37
14 36 37
12 36 39
13 36 38
13 37 38
12 35 38
13 36 38
12 36 38
13 35 38
13 37 37
12 36 39
13 36 38
13 36 38
13 37 38
13 37 38
13 36 39
14 35 38
13 36 38
13 36 38
12 36 38
14 36 38
12 36 38
13 36 38
12 36 38
13 37 38
13 37 38
14 36 39
13 36 39
13 36 38
12 36 38
12 37 38
15 36 38
12 36 39
14 36 38
11 36 39
12 37 38
13 37 39
13 37 38
13 36 38
14 36 38
13 37 38
13 37 39
13 37 39
12 36 39
