34 27 51
34 27 51
34 25 52
35 27 52
35 26 54
35 26 51
34 25 52
34 27 51
34 26 51
34 27 52
35 26 52
34 26 51
35 25 51
34 25 51
35 26 52
34 26 51
35 25 52
34 26 51
34 26 52
33 25 52
34 26 51
34 25 52
33 26 52
34 26 51
34 26 53
34 26 52
34 25 51
33 26 51
34 26 53
34 25 52
34 25 51
34 26 52
35 26 51
34 26 52
35 26 52
33 26 52
36 26 51
34 26 52
34 25 53
34 26 52
34 27 52
35 26 51
35 25 53
34 26 52
34 26 51
35 25 52
35 25 51
34 27 54
34 27 52
34 26 52
35 27 52
34 26 52
34 25 51
35 26 52
34 26 51
35 27 52
35 27 51
35 26 52
34 26 52
35 26 52
35 25 52
35 26 51
33 26 51
34 25 52
34 26 52
34 25 52
35 26 52
35 25 52
34 26 52
34 26 51
33 25 51
33 26 52
34 26 52
36 26 52
35 24 52
35 27 52
33 26 52
34 26 51
34 25 53
34 26 53
34 26 51
36 28 52
35 28 52
35 29 53
35 27 53
35 28 53
36 29 54
35 29 53
36 27 54
34 30 53
33 28 56
35 31 55
35 30 57
36 29 55
35 32 51
34 35 51
32 34 42
29 39 40
29 47 36
29 47 27
30 57 20
37 62 26
44 55 30
45 52 30
41 54 30
41 57 27
35 51 30
46 55 31
41 60 29
43 53 35
36 51 30
36 51 34
39 52 39
38 55 38
35 50 43
33 45 45
35 48 43
28 49 46
31 49 46
30 50 47
32 53 52
31 53 52
26 51 55
25 46 55
23 44 51
18 41 45
18 39 45
22 37 48
24 45 52
26 48 49
28 47 45
30 47 46
30 47 49
32 39 41
42 30 32
29 33 52
24 40 60
13 39 32
08 27 43
13 33 43
17 40 31
00 35 33
12 44 50
10 41 32
08 41 29
09 38 29
18 34 19
12 40 35
02 40 33
02 37 33
02 33 29
00 35 29
03 32 20
10 31 13
15 30 22
15 31 25
13 29 23
12 29 23
13 26 24
16 25 23
15 26 30
17 23 30
19 23 28
17 29 31
15 27 32
18 26 29
18 29 31
18 30 33
18 27 31
17 31 33
15 30 34
14 29 34
13 31 36
13 31 35
13 31 37
13 30 36
07 30 35
09 31 35
11 32 37
12 33 36
12 34 35
10 34 33
10 35 34
13 37 37
14 39 36
14 38 36
13 38 36
13 37 36
15 37 35
14 37 35
14 38 36
15 37 37
14 36 37
14 37 37
13 34 36
13 34 36
05 34 34
04 36 34
07 37 33
11 36 36
14 37 36
16 37 35
16 34 34
14 35 36
15 36 36
15 37 36
15 36 37
13 36 37
13 36 37
14 35 37
12 35 37
12 37 39
11 37 37
13 38 37
11 37 37
11 38 38
11 38 37
12 37 37
11 37 37
12 36 38
14 35 37
13 38 37
13 35 37
13 35 37
13 35 36
13 37 36
13 37 36
13 37 38
13 37 36
13 38 38
13 36 37
13 36 38
12 38 37
13 36 37
12 36 38
13 36 38
12 36 37
13 35 38
12 36 37
12 36 37
13 36 37
12 37 37
12 36 38
13 36 37
13 36 37
12 37 37
14 36 38
14 36 37
13 35 38
13 38 37
14 37 37
14 37 37
13 36 37
13 37 37
13 38 37
13 37 36
13 36 38
13 36 37
13 37 37
13 37 37
12 37 37
12 37 37
13 36 36
12 35 37
12 36 38
12 36 37
12 37 37
13 36 38
13 36 37
13 35 37
14 36 38
12 35 37
12 36 38
13 35 37
12 37 37
13 36 37
12 37 38
13 36 38
12 36 37
12 38 37
13 36 37
13 38 38
12 37 37
12 36 37
13 36 37
12 37 37
12 36 37
12 35 37
12 36 37
13 36 37
12 37 36
11 35 36
12 35 37
13 36 36
12 34 37
12 36 37
13 36 37
13 37 37
14 37 38
13 36 37
14 36 36
14 37 36
13 37 36
12 36 36
13 36 38
12 35 38
13 35 37
13 36 38
14 37 38
13 37 37
13 37 38
12 37 37
14 36 38
12 38 37
12 36 38
14 37 36
13 36 38
12 37 37
12 36 36
13 36 38
13 37 37
12 37 38
13 37 37
12 37 37
12 37 37
14 37 37
12 36 37
12 37 38
13 36 37
13 36 37
14 37 37
13 36 37
11 35 37
12 36 38
13 37 37
12 36 38
11 36 38
12 35 37
12 36 36
12 35 37
13 35 36
13 37 36
12 36 36
12 36 36
13 36 37
13 35 37
13 35 37
11 36 37
13 36 37
12 35 36
12 35 36
12 34 36
13 36 37
14 35 37
13 35 37
13 36 37
12 35 37
13 35 37
12 36 37
13 36 37
12 36 37
13 36 37
12 36 37
12 36 37
13 35 37
12 36 37
14 36 37
13 36 37
13 36 36
13 36 38
