45 25 48
45 33 25
45 24 47
44 25 47
44 26 48
45 24 48
45 25 48
44 25 48
45 25 47
46 26 48
44 26 48
44 25 48
44 26 48
44 26 47
44 24 48
46 25 48
44 26 48
45 25 47
45 25 48
44 26 48
45 25 48
45 25 49
46 25 48
45 25 48
44 25 48
45 26 48
45 25 47
44 26 49
45 25 48
45 25 48
44 26 47
45 26 48
44 25 47
44 26 47
44 25 47
46 25 48
45 26 48
45 25 48
44 26 48
44 25 48
45 26 48
45 25 48
45 27 48
46 24 48
45 26 48
45 25 48
45 25 47
45 26 48
44 25 48
45 25 48
46 26 48
45 27 48
45 25 48
44 27 48
45 26 48
45 26 48
44 26 49
45 26 49
46 26 48
45 26 48
44 24 48
46 24 48
45 26 48
45 26 49
45 25 48
45 25 48
45 25 48
45 26 48
46 25 48
44 25 48
45 26 47
45 25 47
43 25 47
46 26 47
44 27 48
45 24 48
44 25 47
44 25 47
44 26 48
45 26 48
45 26 48
45 25 48
44 26 48
46 25 49
44 24 48
44 25 48
44 25 48
44 25 47
45 26 48
44 26 49
46 25 49
45 26 48
45 24 48
44 26 48
45 24 48
45 24 47
46 25 47
46 24 47
44 25 48
46 26 48
45 25 47
44 25 47
45 24 47
46 25 48
46 26 47
47 24 47
46 25 46
45 26 46
46 26 46
46 26 47
46 27 48
47 26 48
46 25 48
47 27 48
48 26 47
46 26 47
47 25 47
45 24 48
43 23 47
44 25 49
43 25 48
44 25 49
42 24 49
43 25 51
42 24 51
45 26 52
46 28 54
46 26 54
45 27 53
46 29 52
45 26 49
44 25 47
42 27 45
39 27 43
36 25 40
42 24 40
45 22 38
49 16 36
51 16 41
51 18 41
47 19 40
48 20 41
43 23 42
43 23 37
43 21 37
50 24 39
61 24 43
55 23 46
48 25 45
41 25 44
44 24 45
47 27 48
50 27 49
51 33 51
48 33 50
47 32 48
49 32 48
51 36 48
47 35 48
49 34 48
51 32 48
51 30 44
48 31 43
46 31 45
43 26 48
42 27 53
43 28 50
43 28 46
38 29 46
38 31 47
50 28 48
55 24 45
56 27 44
50 28 43
48 28 46
50 26 43
54 33 43
55 39 42
60 40 41
59 39 40
59 38 44
62 35 48
59 39 47
59 42 46
51 44 45
40 42 42
33 39 45
31 39 48
28 34 46
31 33 46
29 34 46
27 35 46
27 33 50
30 33 51
31 31 50
33 31 51
30 31 53
32 32 53
30 30 53
28 30 55
31 32 54
29 31 54
30 32 53
30 31 52
32 31 53
31 33 52
31 33 53
27 34 54
29 32 53
30 32 53
32 34 54
32 32 53
29 34 55
26 33 55
22 32 52
24 31 50
25 30 50
25 31 49
26 30 50
28 31 51
30 33 50
31 34 50
32 38 50
30 39 53
28 41 54
29 44 57
31 47 55
30 45 54
31 44 55
29 42 53
29 38 53
32 36 52
35 36 50
33 36 51
30 38 50
26 37 51
21 36 53
19 33 53
19 32 54
20 31 54
21 28 53
25 28 52
28 26 52
30 27 51
30 30 50
28 29 49
23 29 48
21 27 48
25 26 48
25 27 48
24 27 50
24 28 49
26 30 51
26 31 51
27 32 49
30 32 51
31 30 52
28 31 53
27 32 53
25 34 52
23 35 52
23 36 52
20 37 52
21 39 52
25 39 55
26 40 53
27 38 54
28 39 53
29 40 52
28 41 50
27 43 49
27 43 46
29 43 45
30 42 45
28 41 46
30 43 47
29 44 49
30 46 51
29 44 51
29 45 51
28 44 48
28 46 49
26 47 47
27 49 47
25 48 48
27 47 48
27 46 47
27 45 47
27 46 46
26 47 46
26 49 45
26 49 45
27 48 44
25 48 45
25 49 46
26 48 46
26 48 46
27 48 45
27 50 47
27 49 47
28 49 45
29 48 44
28 49 42
30 48 43
29 51 42
28 51 42
28 52 44
27 51 45
28 49 45
27 50 44
27 50 44
28 49 45
27 52 44
27 51 44
26 50 43
28 48 43
28 49 42
26 51 42
28 52 42
26 52 41
27 53 41
28 52 40
27 52 42
26 48 43
26 48 42
25 47 43
25 49 43
25 48 43
26 48 42
25 46 42
26 49 42
24 48 41
25 47 42
24 49 41
22 47 41
22 46 40
24 46 39
23 45 39
20 46 39
18 45 41
17 46 41
18 49 42
18 49 43
20 49 42
21 49 44
22 49 49
23 46 48
18 44 42
20 45 39
20 45 37
18 43 39
16 42 42
17 43 42
18 46 41
19 46 39
21 50 37
22 46 39
21 43 39
20 47 40
19 49 39
22 49 36
21 49 35
18 49 34
21 50 35
20 49 35
19 53 35
21 52 34
22 51 33
21 51 31
20 50 33
20 52 32
21 51 32
23 49 30
24 49 29
25 48 31
22 48 31
20 51 29
19 51 30
18 50 34
19 52 33
20 52 33
23 50 32
23 48 32
21 50 32
20 49 33
20 49 34
20 49 33
21 50 35
20 49 34
21 49 36
22 49 35
20 50 34
19 49 36
20 48 37
21 46 38
20 46 39
19 48 40
19 49 40
20 48 39
21 48 40
22 47 40
23 45 39
21 45 39
21 46 39
21 47 39
19 46 40
16 46 41
17 46 41
15 47 42
14 44 41
14 45 43
16 41 44
16 43 42
15 42 43
18 42 42
17 44 43
18 44 42
16 43 42
18 44 41
17 43 42
19 43 41
19 42 41
19 42 41
18 45 40
18 44 43
19 44 42
18 44 42
20 44 42
18 43 41
19 44 41
19 43 42
17 45 41
18 46 40
17 45 40
17 46 41
17 45 40
18 45 40
16 45 40
18 45 40
19 46 40
18 45 40
18 47 39
18 45 40
17 47 40
19 45 40
16 44 40
17 44 39
17 45 39
17 43 40
19 43 41
17 44 40
18 44 39
17 45 40
17 44 40
17 45 40
18 45 40
18 45 39
17 45 39
18 45 41
18 44 40
19 45 40
17 44 39
17 46 41
17 43 41
16 44 41
17 44 41
16 44 41
16 43 40
17 43 40
18 43 41
18 43 41
18 43 40
17 44 41
17 44 41
16 43 40
17 44 40
18 44 41
16 44 42
17 44 40
16 44 41
16 43 40
16 43 40
17 43 40
17 43 41
16 42 41
15 44 41
16 43 41
17 43 40
16 43 41
18 44 41
17 43 40
16 45 40
16 45 41
16 44 40
16 43 40
16 43 41
16 43 40
16 44 41
17 43 40
14 43 40
16 44 40
16 44 40
17 43 41
17 42 41
16 44 41
17 45 41
17 44 41
17 43 41
18 43 40
17 43 40
16 43 40
17 43 41
18 44 41
16 44 41
17 44 41
17 44 41
17 43 41
16 43 40
17 45 40
17 44 41
17 44 40
17 44 40
17 44 40
17 42 40
18 42 41
16 44 41
17 42 40
17 43 41
17 44 40
17 44 40
18 45 40
17 44 41
18 44 41
16 44 40
18 44 41
17 44 40
17 43 40
