44 33 28
44 28 49
42 27 49
43 27 50
42 29 50
43 27 49
43 29 50
43 28 50
44 28 51
42 29 50
43 28 50
44 28 50
42 27 50
42 28 50
42 28 51
44 27 50
42 27 50
43 28 51
43 27 50
43 28 49
44 27 50
43 27 49
43 28 50
42 29 50
43 27 51
42 28 50
42 28 50
43 28 50
43 27 50
43 27 51
43 28 50
42 27 50
42 28 50
44 28 50
43 28 50
42 26 50
44 27 49
43 28 50
42 26 49
43 28 50
43 27 51
43 29 50
43 27 50
43 27 51
43 26 49
43 27 50
43 27 50
43 27 50
42 27 50
43 27 50
43 26 50
43 28 50
42 28 50
42 28 49
43 29 49
42 27 50
43 27 50
43 28 50
42 28 48
44 27 50
43 27 50
43 28 50
42 28 50
42 28 50
42 28 51
43 28 50
43 27 50
42 28 50
43 28 50
43 29 49
43 29 51
43 28 50
44 29 50
45 28 50
44 28 49
42 28 50
43 29 51
43 28 49
43 28 50
43 30 51
43 29 51
43 29 50
43 27 50
44 29 50
42 29 51
43 29 51
42 30 50
43 27 51
44 30 50
43 30 51
44 29 51
43 28 51
43 28 49
42 27 50
43 29 49
43 28 50
43 27 51
43 29 50
43 29 50
42 29 50
42 28 49
44 29 50
44 29 51
43 30 51
43 28 51
44 28 50
43 30 50
42 28 50
43 28 50
43 29 50
42 29 50
43 28 50
43 29 50
43 29 50
44 30 50
42 29 51
42 28 49
42 28 49
42 30 49
43 28 50
43 29 51
42 29 51
44 28 49
43 30 50
43 29 50
43 29 50
43 29 50
44 28 50
43 29 50
43 30 51
43 28 50
43 28 51
43 29 50
43 29 49
44 27 49
44 28 49
44 29 50
44 29 49
44 31 49
44 29 49
44 27 48
43 29 47
45 29 48
44 28 47
45 28 50
45 27 50
44 29 51
44 29 51
44 32 51
44 34 51
44 34 50
45 34 50
44 35 49
44 38 48
45 37 48
44 37 48
45 36 48
47 37 47
48 38 48
48 37 49
49 40 52
50 38 52
53 39 53
53 37 54
52 37 54
46 37 55
43 35 55
38 33 54
37 32 53
34 31 52
33 30 51
29 30 47
30 32 47
28 28 47
28 27 48
30 26 50
31 26 49
33 24 50
32 21 50
32 16 50
31 16 49
31 19 49
31 18 49
31 18 48
32 20 48
34 18 47
35 19 47
35 17 46
35 19 46
34 20 47
35 19 45
34 21 44
34 23 43
34 19 46
35 18 46
37 21 47
37 21 48
37 23 51
37 26 50
36 27 49
35 28 50
35 28 51
32 28 51
31 27 54
32 28 55
30 27 54
30 26 53
28 27 53
29 27 52
28 28 50
29 29 51
27 30 48
28 28 50
28 28 51
28 28 49
28 26 49
27 27 49
27 26 49
26 26 49
25 28 48
23 28 49
21 28 48
18 27 47
16 27 47
18 28 47
18 30 46
17 31 46
15 31 45
14 31 44
15 32 44
14 33 43
13 33 43
13 36 44
13 34 43
13 35 43
11 36 43
12 34 42
13 35 42
13 34 42
14 36 40
15 37 42
18 40 40
17 41 42
17 41 41
17 41 44
17 44 43
17 44 45
17 44 45
19 42 46
18 44 47
19 43 46
19 42 44
22 42 45
20 43 45
21 42 46
22 43 47
21 46 47
21 43 48
20 44 49
20 43 49
20 41 47
18 39 45
20 40 48
21 42 48
21 43 47
21 43 47
21 42 46
23 42 47
22 45 46
23 45 46
22 44 45
23 44 44
24 44 45
25 45 47
24 45 48
24 45 50
25 44 51
22 43 50
23 41 51
22 43 50
24 44 50
25 47 49
25 47 48
25 45 47
26 43 48
26 43 49
27 42 50
27 42 50
28 40 51
30 37 51
31 34 52
31 32 52
31 33 51
31 33 51
32 35 49
30 35 49
30 36 50
30 38 52
29 38 53
31 37 53
31 39 53
31 40 53
31 38 53
30 37 52
31 38 52
31 39 52
31 40 52
31 41 51
31 40 53
31 41 51
32 38 51
34 41 52
33 41 52
34 43 52
32 41 52
34 41 54
30 40 55
29 41 53
30 43 50
30 42 49
29 42 51
29 42 51
30 41 51
30 41 49
31 40 49
30 39 50
30 40 50
29 40 50
30 41 49
29 40 50
29 42 50
29 41 51
28 41 51
28 41 51
29 41 51
29 41 51
28 41 52
28 42 51
31 42 51
27 41 50
29 41 51
28 41 51
28 41 51
28 41 50
29 40 50
28 42 50
29 41 51
28 41 51
30 42 50
29 42 52
31 41 51
30 42 51
28 40 52
29 42 52
30 41 50
28 41 51
28 42 51
28 40 50
28 42 50
29 42 50
27 41 50
31 40 49
30 40 50
30 41 51
29 42 51
29 43 50
28 41 51
27 43 52
29 41 51
30 41 52
32 41 50
31 41 50
30 42 50
29 42 51
28 43 50
27 42 49
29 41 50
30 41 49
30 39 49
28 41 50
29 43 51
29 42 50
29 44 51
29 43 51
29 44 52
28 44 51
28 40 50
29 41 50
31 43 50
30 44 49
29 42 50
29 43 51
29 40 50
29 43 50
29 41 50
28 42 50
30 41 50
28 41 51
29 41 50
29 42 50
30 42 49
30 42 50
29 42 49
29 43 50
30 42 49
29 42 49
31 42 49
28 41 50
29 43 50
28 43 51
29 45 51
30 43 50
30 42 51
29 42 51
29 41 53
29 41 52
29 42 53
29 40 53
30 41 51
30 40 51
29 42 50
30 41 50
27 41 49
28 43 51
27 42 52
26 42 53
27 43 53
27 42 52
29 39 52
28 40 50
30 41 48
29 41 47
31 38 47
30 37 47
28 43 52
25 42 51
24 39 53
24 39 53
24 38 52
23 38 49
23 35 50
24 36 50
24 38 51
24 39 52
22 39 53
24 39 51
23 39 49
24 37 49
26 38 48
25 38 50
25 39 50
25 39 50
23 41 50
23 40 49
23 40 49
22 39 48
22 39 48
22 37 51
24 38 51
25 38 51
25 39 50
24 40 49
24 39 49
24 40 50
24 39 50
25 40 51
22 40 50
24 39 50
24 39 49
23 38 50
24 39 50
23 38 50
24 38 49
24 38 48
25 38 50
25 38 49
25 40 50
24 40 52
24 40 51
24 38 49
23 38 49
24 40 50
24 40 50
25 40 50
25 38 49
25 39 50
25 40 50
26 40 51
24 40 51
24 40 50
24 39 50
24 38 49
25 40 50
23 39 51
23 38 51
23 38 50
21 38 48
20 41 47
19 39 47
21 37 48
21 36 48
21 38 49
21 38 48
22 37 48
22 37 49
23 38 49
21 38 49
21 38 50
22 37 49
22 38 49
22 36 48
21 40 49
23 38 49
23 37 50
24 38 49
22 38 49
22 38 51
23 39 52
23 39 49
23 38 49
25 39 48
24 40 48
25 39 52
26 37 51
25 38 50
24 37 49
23 38 50
23 38 50
23 38 49
23 38 50
24 38 48
23 38 49
24 39 49
24 40 50
25 39 50
25 38 50
25 39 49
25 39 48
25 39 50
23 41 48
22 43 51
20 39 53
20 39 50
20 39 46
17 42 49
18 43 45
17 46 44
16 47 44
16 46 43
16 45 43
15 45 41
13 42 43
11 44 44
13 42 44
15 42 44
18 41 43
16 41 41
15 43 39
14 44 39
15 44 40
16 44 41
15 43 40
13 43 38
14 43 40
16 44 40
17 41 39
20 40 39
20 39 40
21 40 40
19 39 41
18 39 42
17 41 41
18 40 42
17 42 43
18 39 44
19 38 43
20 37 42
20 37 41
23 37 41
20 39 43
19 37 44
18 35 43
17 36 42
17 37 42
15 38 44
15 39 44
11 40 41
09 38 42
10 37 42
09 37 42
12 36 42
13 37 41
12 36 40
13 35 40
14 35 39
15 35 40
15 37 41
15 34 41
15 33 42
15 33 41
13 34 41
13 34 42
14 34 41
14 34 41
14 34 41
15 36 40
14 35 40
14 36 40
14 36 41
15 36 41
14 36 40
14 36 41
14 36 40
13 35 39
13 36 41
12 34 40
14 35 40
15 34 40
13 34 41
12 34 41
14 32 40
14 34 41
13 34 39
14 34 39
13 34 41
14 34 39
13 38 41
11 38 42
11 38 45
12 38 46
13 37 46
14 40 46
15 43 48
15 45 46
17 45 43
20 44 43
23 45 42
23 43 43
22 42 42
23 41 44
22 38 45
20 36 46
23 34 48
23 32 51
25 31 52
26 30 53
27 33 53
29 35 53
30 36 52
27 41 53
30 41 52
31 41 51
32 43 50
34 44 49
32 43 46
34 42 47
31 42 47
32 40 47
33 39 47
30 39 48
28 40 48
26 38 47
24 40 48
21 40 48
20 41 47
20 41 47
18 40 45
17 37 44
15 36 44
11 37 45
10 39 44
12 40 42
12 44 40
11 44 41
11 43 43
13 39 44
12 40 42
13 42 40
13 42 38
13 39 37
14 42 36
13 39 37
12 37 37
13 38 37
13 37 36
13 38 36
13 38 36
13 37 37
13 36 37
15 35 39
13 35 37
12 37 39
13 36 39
12 36 39
12 36 38
14 37 39
13 37 38
14 36 37
13 36 37
14 37 37
13 37 38
13 37 37
12 38 38
13 36 38
13 35 38
12 36 37
13 35 38
13 36 37
12 36 38
13 36 37
14 37 38
13 36 38
14 36 38
13 34 37
13 36 37
13 37 38
12 36 38
12 36 38
13 37 38
11 35 38
13 36 37
13 36 38
13 37 38
14 36 37
12 35 38
12 37 38
13 35 38
12 37 37
12 38 38
13 35 38
13 37 38
13 37 38
14 37 37
12 35 38
12 36 37
13 36 38
14 35 37
12 36 39
12 36 38
12 36 37
12 36 38
14 36 37
13 36 38
12 36 38
13 36 37
13 35 38
12 36 37
12 36 38
14 36 37
13 35 37
13 36 38
11 36 38
12 36 37
12 35 37
13 35 38
12 35 39
13 36 38
11 35 38
13 34 37
12 37 37
13 36 37
12 35 38
13 35 39
13 36 38
12 35 37
13 36 37
12 36 37
12 35 38
12 36 37
