21 27 48
20 28 49
20 28 48
21 27 49
21 28 49
21 27 49
20 29 47
20 29 48
21 27 49
20 28 48
21 27 48
20 28 49
20 28 49
21 27 48
21 27 48
20 27 49
20 27 49
21 27 48
21 27 49
21 28 48
21 27 49
20 28 49
21 29 49
21 27 48
21 28 50
21 27 49
22 27 49
22 27 49
22 27 49
22 27 49
22 25 49
23 26 48
23 26 49
22 27 49
23 25 50
23 27 49
23 24 50
23 25 49
24 26 50
23 25 49
25 26 51
25 25 50
25 26 51
24 25 50
24 26 50
25 27 50
25 25 50
26 25 50
25 25 52
25 25 51
26 25 50
27 25 50
26 24 50
26 25 51
27 24 50
27 23 50
28 24 49
28 23 50
28 23 51
30 25 51
28 24 51
29 25 52
29 26 52
28 26 52
29 26 52
28 26 51
29 26 50
30 25 51
30 26 51
31 25 51
30 24 50
31 24 50
31 23 50
32 22 50
31 24 50
31 24 51
30 27 53
30 25 53
30 24 53
30 25 51
29 26 52
28 26 53
28 27 52
28 27 51
27 27 50
28 27 51
28 26 50
27 26 50
26 26 51
24 27 50
23 27 49
22 26 49
23 23 49
22 23 48
20 23 48
20 23 46
22 23 45
21 24 46
19 27 47
18 29 47
18 25 45
17 26 46
17 27 45
16 28 44
18 26 46
16 27 45
16 29 44
16 29 44
15 28 44
16 29 45
17 29 43
16 29 42
15 30 44
15 30 43
14 31 44
14 31 43
14 32 45
12 31 45
12 29 45
13 29 45
14 30 44
16 30 43
16 31 42
17 31 41
17 31 42
17 32 41
15 31 42
15 32 42
15 34 42
15 35 42
15 37 43
16 38 44
17 38 44
17 39 42
19 39 45
18 40 45
21 42 45
20 42 45
19 42 47
20 41 45
19 42 46
20 41 46
20 41 46
19 43 47
18 43 46
21 44 46
20 43 46
21 44 46
22 45 46
23 47 44
22 46 45
23 46 45
23 47 45
23 47 45
24 48 46
23 47 46
23 47 47
25 46 47
26 45 46
26 46 46
25 46 45
26 46 46
25 48 46
25 45 46
26 46 45
26 47 46
25 47 46
26 47 48
26 47 46
26 46 47
26 44 48
27 43 48
27 43 49
28 44 49
27 45 49
27 45 48
27 45 47
28 46 46
27 47 47
27 45 47
27 45 46
26 46 47
27 45 47
26 45 48
24 45 47
24 45 47
24 45 46
24 47 45
25 46 46
24 46 45
24 46 46
22 46 46
23 47 45
22 46 43
21 47 43
22 48 43
21 47 42
22 48 41
22 47 42
22 47 42
23 47 42
23 47 42
22 46 42
23 44 41
21 46 41
20 47 41
19 48 41
17 48 39
16 49 37
14 51 34
11 50 32
09 49 32
11 46 31
12 45 30
12 45 30
15 44 29
16 45 29
17 43 30
18 43 30
18 42 29
18 40 28
18 41 28
18 42 27
17 42 27
17 40 27
17 42 27
14 40 27
13 39 27
14 41 26
14 40 27
13 40 28
12 38 27
12 37 27
14 38 28
14 38 28
14 38 28
15 38 29
14 39 28
14 37 29
14 39 30
14 40 29
14 37 30
14 37 30
12 37 31
14 37 30
13 37 31
13 37 30
13 37 30
13 37 31
12 37 31
12 37 31
13 38 30
12 38 30
10 39 29
12 38 30
11 36 31
12 38 30
12 37 31
11 37 31
12 37 31
12 38 30
13 37 31
13 38 30
13 37 30
13 37 31
14 38 31
12 37 32
13 37 31
12 37 31
12 37 31
13 37 32
13 39 33
12 38 32
12 37 33
13 38 33
12 37 33
12 38 33
13 38 34
12 37 33
13 38 33
14 38 34
13 38 34
12 38 34
13 37 34
13 37 34
14 37 34
12 37 34
13 38 34
12 38 34
12 35 34
13 36 34
11 38 33
12 37 33
13 38 34
13 37 33
12 38 34
13 37 34
12 37 34
13 37 34
13 36 33
12 36 34
12 36 34
14 36 34
13 36 34
12 37 34
12 36 35
13 36 34
13 37 33
13 34 33
12 37 34
13 35 34
12 36 33
13 35 33
13 37 34
11 36 34
12 36 33
12 36 34
13 36 35
13 36 34
13 36 34
12 37 35
14 36 34
13 37 33
13 36 34
13 35 35
12 36 34
12 37 34
12 36 34
12 37 35
13 36 34
12 36 34
12 37 34
13 35 34
13 36 33
12 35 35
13 37 34
11 36 34
13 36 34
11 35 34
12 35 34
12 36 34
12 36 34
12 36 34
11 35 35
11 36 34
13 36 33
13 35 35
11 36 35
14 35 34
12 35 35
13 36 35
11 36 34
12 37 35
11 35 35
13 35 34
13 37 34
12 36 34
12 35 34
12 34 34
11 36 35
12 35 34
12 35 34
12 36 33
13 36 35
12 36 34
12 35 34
13 35 35
13 36 34
12 35 33
13 35 34
12 36 34
12 35 33
12 35 34
12 35 34
13 35 34
12 37 34
12 35 34
12 36 35
12 36 34
12 36 34
11 36 34
11 35 34
11 35 34
13 35 33
12 36 34
13 36 33
