30 35 54
29 35 53
29 34 52
30 35 53
28 34 52
29 34 53
29 34 53
28 34 52
28 34 52
29 35 53
29 35 53
27 36 52
29 35 53
29 36 53
30 35 53
29 35 53
29 34 53
29 36 54
30 33 53
29 35 52
29 35 52
29 34 53
29 35 52
30 35 53
29 36 52
29 35 52
29 34 52
27 35 53
28 35 53
29 35 53
30 35 54
30 36 52
29 33 53
29 35 52
29 34 52
28 35 53
30 35 53
30 34 53
28 35 52
28 35 54
30 35 52
30 35 52
29 35 54
29 35 53
29 35 53
29 35 53
29 33 53
29 35 53
29 35 52
28 35 53
29 35 52
30 35 52
29 35 53
29 35 53
29 34 53
28 34 52
29 35 52
30 36 53
29 35 54
30 35 53
29 35 53
30 34 52
29 35 53
29 34 52
29 34 53
29 36 53
29 34 53
29 35 53
29 36 52
29 35 52
29 35 53
28 34 54
29 33 54
26 34 54
22 34 55
18 36 51
17 40 48
21 38 48
21 33 48
22 32 52
28 28 52
26 36 52
30 35 53
33 31 51
36 31 52
34 25 52
45 13 52
28 32 51
22 36 56
25 25 51
24 32 50
21 34 53
24 31 55
26 28 54
25 28 51
24 31 51
22 30 52
22 30 52
24 29 51
24 29 51
25 27 52
24 26 50
23 28 51
21 27 54
22 25 52
24 25 49
21 27 50
18 25 47
19 25 49
20 24 47
20 25 46
18 25 43
18 22 45
16 24 42
16 23 41
17 22 41
16 21 39
15 23 39
14 20 38
15 22 37
14 26 33
15 26 33
15 22 36
12 23 34
15 26 31
12 27 32
13 25 30
15 25 32
12 24 31
14 25 29
12 31 29
12 28 28
13 28 29
12 28 29
11 26 27
14 29 27
12 32 29
11 31 28
08 31 29
07 27 23
10 25 24
10 30 26
10 32 27
14 33 27
16 34 28
15 31 28
13 34 28
16 35 30
15 33 28
13 34 27
12 34 27
11 32 28
12 34 29
10 35 27
13 30 30
12 31 29
11 29 33
11 29 33
11 28 34
10 25 34
11 25 37
12 25 37
14 25 37
15 25 34
14 23 36
15 26 37
13 25 36
14 22 35
16 23 35
16 26 37
15 25 36
14 25 37
16 25 38
15 24 38
16 26 37
16 24 37
15 25 39
15 27 39
16 25 39
16 27 41
17 27 40
14 28 40
13 27 41
10 27 42
13 26 42
15 27 40
14 28 38
14 28 39
15 26 41
14 27 41
13 29 40
13 30 40
13 29 40
14 30 40
14 30 41
13 29 40
15 30 40
14 30 40
15 31 40
14 31 40
13 30 40
12 30 41
13 30 39
11 35 38
13 32 39
12 34 39
11 34 40
12 32 41
12 32 41
12 31 41
13 32 40
15 31 41
16 32 40
13 33 39
14 32 38
15 32 40
13 33 39
14 32 40
15 33 39
13 33 40
14 35 41
13 34 40
14 34 40
12 33 41
13 34 40
14 33 39
15 35 39
15 35 39
14 34 39
12 35 40
14 36 41
13 35 40
15 35 40
14 33 41
15 34 41
15 35 41
13 36 41
14 35 40
14 37 40
13 36 41
13 36 40
14 37 39
14 36 40
13 35 41
13 36 39
13 35 40
13 35 40
13 36 40
12 37 39
13 37 39
14 36 41
13 36 41
14 38 41
13 37 40
15 36 40
14 36 39
14 37 40
14 36 39
14 36 40
13 37 39
13 37 40
13 36 40
14 36 40
14 37 40
13 36 39
13 35 39
14 37 40
13 36 41
14 37 40
15 36 39
14 36 40
14 37 39
13 35 40
14 36 39
14 35 39
14 36 40
14 35 41
14 36 40
13 35 41
14 36 41
13 36 39
14 37 40
13 36 39
13 35 41
14 35 39
14 36 39
14 36 39
13 35 40
14 35 40
13 36 39
14 34 39
13 36 39
14 36 40
13 36 40
13 35 41
13 37 40
13 36 40
14 37 40
13 36 40
12 36 40
13 35 39
13 36 40
13 35 40
14 35 40
13 37 41
14 37 41
14 36 41
14 37 40
15 36 41
13 35 40
14 35 39
13 35 41
14 36 39
14 36 39
14 36 40
14 37 40
13 36 40
14 35 39
14 35 40
14 35 40
13 36 40
14 36 41
14 35 41
14 36 41
12 36 40
13 36 40
14 34 40
14 35 40
14 36 40
13 34 40
14 36 39
13 36 40
13 36 40
14 35 40
14 36 41
13 35 41
13 37 40
13 35 40
14 36 40
15 35 39
14 36 40
13 35 39
14 36 39
14 35 40
13 35 40
13 36 39
13 37 39
13 36 40
15 37 39
13 35 38
14 36 40
13 35 40
14 37 41
13 36 39
14 36 39
13 36 40
13 36 39
13 36 39
14 35 40
14 35 40
14 36 39
14 37 39
14 37 40
14 36 40
13 37 39
14 36 40
14 35 39
13 36 39
14 36 39
14 36 40
13 36 40
13 35 40
15 36 39
14 36 39
15 36 40
12 35 39
15 36 39
14 37 40
13 36 40
13 37 39
15 36 39
14 37 41
13 36 39
13 37 40
15 36 40
14 35 40
13 38 39
13 36 40
13 35 40
13 36 39
13 36 40
14 35 39
13 35 39
14 35 39
13 37 38
13 38 39
14 37 39
13 39 39
13 39 38
12 38 38
14 38 38
14 38 38
13 37 38
13 37 38
14 37 38
14 37 37
14 36 37
13 37 36
12 38 36
13 40 35
13 40 36
13 40 36
13 39 36
13 38 35
12 39 37
13 40 37
13 39 36
13 38 35
14 39 36
14 39 36
12 40 35
12 39 35
13 39 36
13 39 36
12 39 37
13 39 37
13 39 35
13 39 36
13 40 36
12 39 36
14 39 36
13 40 35
13 38 36
12 39 35
13 38 36
13 38 36
13 39 36
13 39 36
13 38 35
12 38 35
