13 30 39
13 29 39
13 28 40
13 29 40
14 28 39
13 28 39
13 29 39
13 28 40
13 29 40
13 28 40
13 28 40
12 28 42
13 27 41
14 26 39
12 27 39
14 26 39
12 25 38
13 24 38
13 23 38
14 24 37
13 23 38
14 22 40
16 22 38
15 22 37
15 22 39
16 23 40
17 18 36
19 23 38
20 17 37
20 18 37
20 17 36
19 20 36
17 18 37
20 11 37
18 22 36
18 15 41
19 11 47
16 07 40
14 08 42
19 09 41
19 08 36
21 08 38
24 12 36
25 09 33
26 09 35
30 12 35
31 12 35
33 13 36
34 15 35
36 14 37
36 17 38
38 18 39
36 21 41
39 25 42
39 27 43
41 32 44
41 34 45
41 37 47
44 37 47
42 39 48
44 44 52
45 39 50
47 36 51
46 39 51
46 39 51
47 40 49
47 40 50
45 38 51
43 36 51
43 33 50
41 30 50
40 29 51
38 27 50
38 24 48
36 26 46
36 20 46
35 17 47
34 17 47
34 18 45
31 15 45
27 15 44
27 12 45
28 11 43
28 14 43
30 12 43
28 19 44
27 18 44
25 16 44
23 13 43
21 15 42
20 18 40
18 18 42
22 17 39
20 17 39
21 17 41
23 17 38
24 17 38
23 18 38
23 19 38
22 19 38
20 18 39
19 19 40
16 19 40
14 19 43
15 21 41
10 24 44
07 24 46
10 23 48
15 27 44
19 28 39
19 28 36
20 32 36
15 35 36
08 38 37
06 39 43
06 38 35
11 43 28
13 46 36
12 32 38
13 38 37
14 43 39
15 37 37
15 42 37
13 44 35
12 41 36
15 43 36
15 42 38
15 39 37
16 48 37
14 42 38
15 43 37
16 44 35
16 42 36
15 41 38
15 46 39
16 41 39
17 45 41
18 44 41
16 44 41
18 46 40
17 44 40
19 44 42
17 44 40
15 44 40
18 45 40
19 45 41
16 42 41
19 46 39
18 44 41
18 44 41
17 44 40
17 45 41
17 45 41
16 43 41
16 46 42
17 43 41
18 43 40
15 42 42
16 43 43
13 45 42
15 44 43
15 42 43
16 39 42
17 42 43
17 43 43
19 41 41
19 43 42
20 43 43
20 40 44
24 40 46
22 40 46
22 39 48
22 40 47
23 41 48
24 42 48
27 40 48
25 43 49
27 43 51
28 42 49
29 44 49
31 43 50
29 41 50
29 44 49
30 45 50
31 45 50
32 42 50
32 41 51
33 44 56
32 42 52
32 42 50
31 42 50
30 42 51
28 41 50
27 41 51
26 41 50
24 43 51
27 42 50
28 43 50
27 42 49
27 43 49
25 43 48
25 44 50
24 41 49
24 42 49
24 42 49
24 41 49
25 42 48
23 43 49
23 41 49
25 43 48
24 42 48
24 43 48
25 42 50
25 42 49
24 42 49
25 42 49
23 43 49
25 43 47
25 44 48
24 43 48
25 43 48
25 42 48
25 42 49
25 43 49
26 43 48
25 45 49
25 42 49
24 45 48
25 42 49
25 43 48
25 43 49
25 44 49
25 44 48
24 43 49
25 44 50
26 45 47
23 43 48
23 43 48
22 43 48
23 43 48
24 43 48
23 43 49
24 43 48
24 44 48
24 42 47
24 42 49
23 43 47
22 42 47
22 43 47
23 42 46
22 42 47
20 43 46
22 41 47
21 42 47
22 43 46
21 41 46
22 42 48
21 42 46
21 44 46
20 43 45
20 42 46
19 43 45
19 43 44
18 43 44
17 42 43
17 42 44
17 42 42
14 44 41
16 43 42
15 42 43
17 41 41
17 44 40
15 43 40
16 44 39
14 44 38
14 43 38
16 45 36
14 43 37
15 42 36
14 41 36
15 42 35
13 40 34
13 41 32
14 41 32
13 41 31
15 41 30
11 43 29
10 38 29
09 38 29
10 39 28
10 36 28
12 37 31
12 38 33
13 38 32
13 39 32
17 37 33
14 39 32
14 39 33
15 38 33
15 39 33
14 38 34
13 38 33
14 38 34
14 37 35
14 38 35
14 38 35
12 37 33
14 39 34
13 38 35
14 38 35
14 39 34
14 38 35
14 39 35
12 38 36
13 39 36
12 38 36
15 38 37
14 37 36
15 38 37
14 37 37
13 39 37
13 37 38
12 38 37
12 38 37
12 38 38
12 38 37
12 38 38
12 38 38
14 37 37
13 37 37
14 36 37
13 36 37
14 37 37
13 36 36
13 37 37
12 37 36
13 38 38
13 36 38
13 37 38
12 38 37
13 38 37
11 38 37
12 39 37
13 37 36
13 37 37
13 38 37
13 36 36
13 37 36
13 39 36
13 38 38
13 38 37
12 38 37
13 37 37
13 37 36
12 38 36
13 37 37
12 38 37
13 37 37
13 37 36
13 38 38
13 37 37
11 38 36
13 37 37
13 38 36
13 37 37
12 37 37
12 38 38
12 38 38
13 36 36
12 37 37
14 36 37
13 38 38
13 37 38
12 37 37
13 35 35
12 36 38
12 37 36
13 37 36
11 37 36
11 35 36
12 35 37
11 36 36
12 36 36
12 36 37
14 36 35
12 36 35
13 34 36
13 36 36
13 35 36
14 35 37
13 36 36
12 36 35
13 36 36
12 34 36
13 36 35
13 36 36
12 35 36
12 34 36
12 35 36
11 36 36
12 34 36
11 35 35
13 34 36
12 34 35
12 36 36
11 36 36
12 35 35
12 34 36
11 34 35
11 35 35
12 36 35
12 36 35
12 35 35
12 34 36
11 34 36
12 35 35
13 35 36
12 35 36
12 34 36
14 34 36
12 35 35
12 34 35
12 34 35
12 35 36
11 34 35
12 34 35
12 34 36
13 34 36
13 35 34
12 34 36
12 34 36
12 33 36
13 34 35
12 35 34
11 34 36
11 34 35
13 35 36
12 34 35
11 35 35
12 34 35
12 35 36
12 34 35
11 35 35
12 34 35
12 34 35
