26 24 49
26 24 49
25 26 51
25 26 51
25 26 51
27 26 51
26 26 50
24 27 52
25 26 51
26 25 49
25 25 50
25 23 50
26 24 50
26 25 51
25 27 51
25 25 50
26 27 49
25 27 49
26 27 48
25 26 50
25 28 51
23 25 49
22 25 50
23 25 50
24 26 50
24 25 50
25 25 50
25 25 49
25 27 49
24 27 49
24 27 50
25 24 50
24 25 50
24 25 50
25 26 50
24 26 51
23 26 51
24 26 50
25 26 50
24 27 49
24 26 50
23 25 49
23 26 49
25 26 50
25 26 49
23 25 50
23 24 49
24 26 49
23 25 50
24 26 50
24 25 50
23 25 49
23 25 50
22 26 49
24 27 49
24 25 50
24 26 49
24 25 50
23 25 50
23 26 50
25 25 49
24 26 50
25 26 51
24 25 49
25 25 50
23 24 49
24 26 50
25 25 50
23 26 50
24 24 49
24 25 49
24 25 50
25 25 50
24 25 49
23 24 49
23 25 49
25 24 49
24 25 49
23 25 49
24 24 49
24 25 50
23 24 50
24 24 49
26 25 50
24 25 49
25 25 49
24 25 49
23 25 49
24 25 50
23 25 49
24 24 49
23 24 50
24 25 49
25 25 50
23 25 50
23 25 50
24 24 50
23 24 50
24 25 49
24 25 50
22 25 50
24 25 48
25 25 49
24 25 49
24 25 49
24 25 50
24 26 50
24 25 49
25 25 49
24 25 50
24 25 49
24 25 51
23 26 50
23 25 49
24 23 49
23 24 49
23 26 50
24 25 49
23 26 50
24 26 49
23 25 50
23 24 49
24 24 49
23 25 50
23 24 50
24 26 49
25 24 49
24 25 50
23 26 49
24 25 50
24 26 48
23 24 50
24 24 50
24 25 50
24 25 49
24 25 51
25 25 51
23 26 49
23 27 50
24 27 50
24 28 50
21 28 51
22 30 52
19 29 50
20 29 49
21 32 49
21 28 48
21 29 50
23 29 52
23 29 50
23 30 50
25 30 50
24 31 49
24 28 50
25 24 52
24 26 47
24 27 54
21 26 52
20 27 51
19 23 50
20 27 48
20 23 46
22 21 46
22 24 46
25 24 46
26 24 47
26 24 45
25 27 50
24 26 52
23 27 51
24 27 50
25 23 51
26 24 49
25 24 47
26 21 49
27 22 48
26 23 48
26 22 48
26 21 48
28 22 45
25 21 47
25 23 48
21 24 41
14 18 47
16 17 42
17 15 44
20 18 42
21 17 50
25 14 43
26 17 45
28 17 48
29 24 28
23 23 53
22 19 41
18 28 46
17 32 51
16 26 47
22 22 41
22 24 43
20 32 49
18 35 50
18 33 47
15 32 51
18 37 46
17 35 44
18 34 43
21 38 44
23 41 49
19 36 45
18 41 44
15 40 46
17 43 48
17 41 46
15 42 45
18 42 42
18 42 45
17 41 45
17 40 43
19 39 44
17 44 44
13 47 42
13 42 44
12 43 43
15 41 45
16 45 45
15 40 39
25 35 37
18 37 41
21 45 50
21 47 53
17 40 51
14 38 47
11 41 45
18 38 45
17 41 47
16 40 45
17 36 45
18 35 44
15 36 44
18 28 41
19 35 43
22 35 46
28 27 44
22 45 47
14 36 45
17 32 43
16 34 43
19 39 45
16 36 44
16 37 38
08 38 33
07 32 29
11 44 42
14 40 40
20 45 39
16 42 42
15 40 40
14 40 40
15 42 39
15 43 42
16 39 41
16 38 36
14 41 42
13 41 45
09 42 41
08 41 42
10 43 38
10 41 45
13 38 45
15 37 43
13 37 39
13 35 36
11 33 36
11 32 35
14 32 35
13 33 36
14 37 39
13 38 39
15 40 38
15 39 39
13 42 42
08 38 41
10 40 38
11 40 36
09 40 36
09 40 35
08 39 33
11 37 35
12 39 33
14 37 32
16 37 29
12 38 27
13 44 29
12 47 27
11 44 27
12 41 30
14 43 31
17 42 28
20 45 29
19 43 27
21 43 28
18 39 28
19 42 28
19 45 27
15 36 30
12 34 30
12 33 32
08 34 28
06 32 29
05 38 32
00 39 27
00 48 28
04 40 29
18 39 30
31 36 29
37 30 29
37 34 26
34 30 32
34 34 32
26 35 30
22 36 34
15 37 33
01 33 29
02 39 29
00 37 27
00 38 24
01 43 39
07 45 47
13 21 62
10 26 43
11 37 39
11 35 34
13 38 31
15 37 30
14 36 35
14 36 35
14 37 34
13 37 34
11 36 34
11 36 33
13 34 33
11 34 33
11 32 38
10 30 40
10 39 37
12 37 35
12 36 34
14 35 32
13 36 32
10 37 32
12 36 31
11 36 32
12 36 31
12 36 30
11 37 31
12 36 30
12 37 30
12 37 30
12 35 31
12 38 31
07 38 30
10 35 31
12 36 32
12 37 32
13 35 33
11 34 33
11 32 33
11 32 32
12 33 32
13 35 31
12 35 30
12 35 31
11 35 31
12 36 32
13 35 32
12 34 31
12 33 30
12 33 31
12 32 32
11 33 32
12 33 32
11 32 32
10 32 31
12 32 30
11 33 31
11 33 31
12 31 30
10 30 30
11 30 30
11 29 31
11 29 30
11 31 30
12 30 30
12 29 30
11 30 30
11 29 31
12 29 31
12 31 31
12 30 30
12 30 30
12 29 30
11 29 30
12 29 31
11 28 30
12 28 30
11 28 31
11 28 29
11 27 30
11 28 30
11 30 30
13 29 30
13 30 30
12 28 30
11 28 30
12 27 31
11 28 31
11 29 33
10 30 32
