34 31 53
34 31 53
34 31 33
33 28 53
33 28 53
32 29 53
34 30 52
34 29 52
33 29 52
33 29 52
33 30 53
32 29 53
34 28 53
33 29 53
33 30 53
34 29 53
32 28 52
34 28 53
35 30 53
33 30 52
33 29 53
33 30 53
34 29 52
34 30 52
33 29 52
33 29 53
34 29 52
33 29 53
33 29 53
33 28 53
33 29 53
32 29 53
33 29 53
33 30 53
33 29 53
34 30 52
34 29 54
33 29 53
32 29 52
33 30 53
32 28 53
34 28 53
34 28 53
33 30 53
33 29 52
33 31 52
33 30 52
34 30 53
34 29 52
33 29 53
33 29 53
34 30 53
34 30 53
32 28 53
33 29 53
34 30 52
34 30 53
33 29 52
34 29 52
33 30 53
32 29 53
34 28 53
34 29 52
32 29 52
33 30 53
34 29 54
33 29 52
33 29 53
34 29 53
34 29 52
33 28 54
33 29 52
33 30 52
33 29 52
32 29 53
31 29 53
32 28 52
33 29 53
34 30 52
33 28 53
34 29 52
33 30 53
32 29 52
34 29 52
33 28 53
32 29 52
34 29 53
32 28 52
34 29 52
34 28 53
34 29 53
33 30 53
33 30 53
33 29 53
34 30 53
33 29 53
33 30 53
34 30 52
33 30 52
34 30 53
33 29 53
34 29 54
34 30 53
34 29 53
33 29 52
32 29 52
34 30 53
33 29 52
33 29 52
32 29 52
33 28 54
33 29 52
34 29 53
33 28 53
33 30 52
33 29 52
33 28 53
34 30 53
34 29 53
33 29 53
33 30 53
34 30 52
34 29 52
33 30 53
32 29 52
33 30 52
34 29 54
33 29 53
34 30 53
33 30 51
33 31 53
33 29 53
33 29 52
34 29 53
34 29 53
34 30 54
33 29 53
33 30 53
34 28 51
34 28 53
33 28 53
34 29 52
33 29 54
33 29 53
33 30 54
32 29 54
33 30 54
33 30 55
33 31 56
34 31 56
35 30 57
35 31 56
35 29 54
36 28 52
37 25 50
38 24 49
38 22 50
41 25 48
42 22 49
45 26 49
44 26 48
44 23 49
44 23 48
44 22 49
44 23 48
48 24 49
46 25 48
45 26 48
42 25 48
40 24 47
37 27 48
34 29 46
31 29 46
26 29 45
24 27 43
20 31 46
19 29 48
17 30 45
14 28 48
08 29 52
03 17 44
16 14 53
16 34 44
21 30 44
19 36 41
21 35 40
19 36 42
18 36 41
19 33 41
10 35 42
08 39 39
14 39 38
18 40 42
16 46 44
11 37 43
07 37 42
06 38 39
13 43 43
15 38 42
15 40 43
20 42 47
21 42 45
21 43 43
19 42 41
17 40 41
14 37 42
14 38 40
16 36 39
16 38 39
19 46 42
16 44 41
15 45 39
13 45 41
13 47 41
13 46 39
17 45 38
17 46 38
19 43 37
18 46 38
18 45 38
18 46 39
16 46 39
16 48 38
15 47 38
17 46 39
17 46 40
18 46 38
19 47 39
19 47 40
22 46 41
22 45 39
23 44 41
21 43 40
17 43 39
17 43 42
17 45 43
15 44 45
17 45 42
16 42 43
16 44 41
18 44 40
15 43 41
17 42 43
16 40 44
18 42 45
16 41 42
19 40 42
15 40 44
16 43 40
15 40 44
15 37 41
15 38 42
14 41 44
16 40 44
16 40 43
13 39 43
11 40 45
12 36 46
11 37 46
15 38 47
16 36 44
17 35 43
17 33 41
12 30 36
13 32 37
12 35 41
15 38 42
17 38 45
18 36 47
18 37 49
20 42 51
19 39 50
22 38 51
19 44 52
20 44 47
23 49 47
25 44 49
29 39 47
29 41 48
29 42 46
29 44 45
27 44 45
28 42 43
31 44 41
30 44 42
29 47 43
29 47 45
29 47 47
29 47 48
30 43 51
30 45 50
26 44 52
24 42 52
22 43 63
21 50 60
25 43 52
22 43 47
25 40 46
23 39 47
24 37 46
23 33 47
20 33 48
16 43 46
16 42 44
17 44 44
18 44 48
21 40 48
20 41 46
21 39 45
19 41 46
17 41 46
17 40 43
17 42 44
18 42 43
18 45 43
17 44 41
17 45 42
16 41 40
14 40 39
15 41 36
13 40 37
13 42 36
14 40 35
13 40 37
12 42 39
11 41 41
09 41 40
11 36 38
08 37 36
05 51 39
09 36 34
10 30 37
08 26 35
09 29 36
12 36 37
14 37 38
15 37 37
15 34 37
16 34 37
18 34 37
18 35 36
17 36 35
15 38 37
14 39 37
11 40 38
12 39 37
11 37 36
12 37 35
12 36 36
12 36 36
12 38 36
13 39 36
13 40 36
13 40 37
13 39 38
12 38 38
10 39 38
12 37 37
10 35 38
10 35 36
10 35 35
10 35 36
10 34 36
10 34 35
11 35 35
13 35 36
13 35 36
13 36 35
14 36 35
16 34 36
15 35 36
14 37 36
15 36 36
13 36 36
13 36 37
10 36 37
11 35 37
10 36 39
12 33 37
12 33 38
11 35 40
11 36 40
11 36 40
13 36 40
11 35 40
10 35 39
11 36 38
11 36 39
12 37 37
12 34 37
12 34 36
12 35 37
13 35 36
13 38 36
12 34 36
14 37 36
12 36 37
12 35 37
13 37 37
11 35 37
13 36 36
14 34 35
13 35 36
13 37 35
12 37 35
13 36 36
12 36 36
13 36 36
11 34 36
12 35 37
13 34 38
13 35 38
11 34 38
11 35 38
12 34 37
12 32 36
12 32 36
11 36 39
13 36 39
12 36 38
12 35 38
15 34 36
15 33 37
14 33 36
14 32 36
12 34 35
13 34 35
12 37 35
13 38 37
14 37 38
14 37 38
13 36 38
12 34 38
13 35 38
12 33 38
13 35 38
13 36 39
12 36 38
14 37 39
13 36 38
12 37 38
13 38 38
13 37 38
12 37 38
13 40 38
12 38 38
11 35 39
12 35 41
13 36 40
12 35 40
14 34 38
14 36 38
14 38 38
14 38 38
14 37 37
13 37 37
