36 28 52
36 28 52
34 29 52
34 29 52
36 28 53
34 29 52
35 28 53
36 29 53
36 28 52
35 28 52
36 28 52
35 28 54
35 28 52
37 28 53
36 28 52
34 26 54
35 28 52
35 29 53
36 30 52
36 30 51
35 31 52
36 31 52
36 30 53
36 28 52
36 27 53
36 26 52
36 28 52
37 29 53
36 28 53
35 29 53
35 29 52
37 29 53
36 29 52
35 28 53
36 29 52
36 29 52
35 28 52
36 28 52
35 28 52
35 29 53
36 29 52
37 28 52
35 29 52
35 28 52
35 29 52
34 29 53
35 29 53
36 28 53
36 30 53
36 29 53
35 29 54
35 30 54
35 29 53
35 29 52
36 29 52
36 28 52
34 28 53
36 29 53
36 28 53
35 28 53
35 29 53
35 28 52
35 28 53
36 27 53
35 29 52
35 27 52
35 28 52
35 29 52
36 30 52
36 28 52
36 29 52
35 29 53
36 29 52
36 29 53
36 29 53
35 29 52
36 29 52
35 28 52
35 29 53
36 30 53
35 28 53
36 28 52
36 29 52
36 28 52
35 28 53
34 28 53
35 29 52
35 28 53
36 28 52
37 30 53
36 29 52
35 28 53
35 28 53
35 28 53
37 28 53
35 29 52
36 29 53
35 28 53
36 30 52
37 30 52
36 29 54
35 30 52
34 29 53
36 29 52
36 29 52
35 29 52
35 29 53
36 29 52
35 29 52
36 28 53
35 29 53
35 28 52
35 29 54
36 29 53
35 29 53
36 28 53
36 28 53
36 30 53
35 28 53
34 28 52
36 28 53
36 29 53
35 29 52
34 29 52
34 29 52
36 29 53
35 30 53
36 27 52
37 29 53
36 30 52
36 29 51
35 28 53
35 29 52
35 29 53
35 29 52
34 28 52
36 29 52
35 30 52
37 29 53
35 28 53
37 28 53
36 29 52
36 28 53
36 29 53
34 28 52
35 28 52
35 28 53
35 28 52
35 29 53
36 28 53
37 29 53
34 29 53
35 28 52
34 29 52
37 30 53
35 29 53
36 28 53
35 30 54
36 30 52
35 29 50
35 29 51
34 26 53
34 26 55
35 26 55
36 28 55
38 29 53
35 30 52
36 29 50
36 28 50
35 27 51
34 28 53
35 30 54
36 29 55
36 28 53
37 28 54
36 28 53
34 29 52
35 27 52
34 26 50
35 25 52
35 28 53
36 28 54
36 30 53
35 31 53
35 29 52
34 29 52
35 28 52
35 28 52
35 30 54
36 29 53
36 28 53
35 28 53
35 28 51
37 28 53
35 29 52
36 29 53
35 29 52
35 29 53
36 29 52
34 29 53
36 29 52
36 28 52
35 28 52
36 29 53
36 28 52
34 29 52
35 28 52
35 28 53
35 29 52
35 29 52
35 29 53
36 28 52
36 29 53
35 29 53
35 29 53
35 29 53
34 28 53
37 28 52
36 28 54
35 29 52
35 28 53
36 28 52
34 29 52
35 28 53
36 29 51
36 29 52
36 27 52
36 29 53
35 27 52
35 29 52
36 29 52
34 29 53
34 29 53
35 28 52
36 30 53
35 27 52
36 29 52
35 29 53
36 29 52
36 29 53
35 29 54
35 29 52
35 28 52
36 28 53
36 28 54
35 28 52
35 28 52
35 30 52
35 30 52
35 29 53
35 29 54
36 28 52
36 28 52
35 26 53
35 28 52
35 29 53
34 30 53
35 28 51
36 29 52
35 30 53
35 29 54
36 28 53
36 29 53
35 28 53
35 27 51
36 29 52
36 29 54
35 29 53
34 29 53
33 28 52
38 28 51
35 28 53
35 28 52
35 30 53
35 30 52
35 28 52
37 26 52
35 27 52
35 28 54
35 29 54
35 29 52
36 30 51
34 28 53
35 29 53
35 29 53
34 29 52
35 28 52
35 27 52
36 27 53
36 28 53
36 29 52
36 29 52
34 28 53
34 29 53
34 29 53
35 30 54
36 30 52
36 29 53
37 28 53
34 29 53
35 29 52
35 29 53
36 28 52
36 28 52
35 28 53
36 29 51
35 29 51
33 29 52
33 29 53
33 28 52
36 29 53
37 27 54
38 27 53
36 28 54
37 28 53
36 27 52
35 27 52
35 31 54
33 32 53
34 32 53
36 32 55
37 33 55
36 33 55
38 36 52
41 35 54
39 36 54
38 40 49
36 37 51
38 45 47
39 37 46
37 39 45
43 38 46
52 36 46
55 38 48
42 40 52
39 44 48
48 37 45
44 40 40
46 42 42
54 39 41
45 46 46
52 41 53
54 34 33
50 41 42
48 37 46
54 42 34
51 38 37
47 38 41
50 41 43
52 41 36
49 37 41
49 40 39
51 39 43
49 41 42
49 35 39
53 39 36
51 37 45
49 36 43
46 40 44
46 40 47
43 38 47
45 44 49
44 39 54
45 41 53
44 42 52
43 41 54
41 37 55
37 42 56
36 44 53
37 39 51
33 39 53
34 40 51
35 37 51
34 37 53
34 40 50
34 41 46
31 50 45
35 48 45
37 51 44
36 60 42
39 56 44
39 51 45
38 46 41
36 46 39
35 42 41
35 38 42
35 36 42
31 38 46
30 40 47
28 40 52
25 37 56
19 37 62
20 27 60
21 29 56
24 29 51
25 29 50
28 33 49
30 34 48
29 32 46
28 37 43
28 37 42
28 36 40
26 38 42
22 43 44
20 39 43
13 43 45
01 49 53
00 42 51
00 34 51
02 37 50
04 42 47
07 41 45
07 36 43
08 38 41
07 41 40
07 41 41
06 41 42
09 42 40
13 40 39
13 40 40
15 40 39
15 39 40
16 38 39
17 36 38
18 36 37
19 37 38
18 36 38
21 36 37
20 36 37
20 37 37
20 37 36
21 38 36
18 39 36
18 39 37
18 38 37
15 37 38
15 40 39
13 38 41
11 38 41
10 35 40
10 35 40
09 35 39
11 37 41
13 38 42
17 36 41
19 37 40
19 35 39
16 35 38
14 38 40
13 35 41
12 37 39
13 39 40
15 38 40
16 35 41
16 36 40
16 36 40
17 35 40
17 34 40
16 35 40
14 37 40
14 35 40
13 33 39
09 35 40
11 34 38
12 35 36
11 35 37
11 36 38
13 35 38
14 35 35
15 36 36
14 37 36
14 38 37
14 37 37
13 36 37
12 38 39
12 38 39
13 37 40
13 38 39
12 39 39
11 38 39
12 38 38
11 37 38
13 37 37
10 37 37
12 36 37
11 37 37
13 37 37
14 36 36
15 37 36
12 39 37
12 35 37
11 34 37
12 35 35
12 36 37
11 35 37
13 35 36
13 36 37
12 34 38
13 35 36
13 35 37
12 36 38
14 35 37
13 36 37
13 37 37
13 35 37
14 35 38
13 36 37
13 38 38
13 37 38
14 37 38
13 36 36
13 37 37
13 38 38
13 38 37
13 37 38
13 37 37
13 37 37
14 37 38
12 36 37
13 35 38
13 38 37
13 37 38
14 37 37
13 35 37
14 36 38
13 37 38
13 37 36
13 37 36
12 37 38
13 36 38
12 36 37
13 35 37
13 37 37
13 35 38
12 36 37
12 37 37
12 37 37
12 37 39
12 37 38
13 37 38
13 36 37
14 36 37
13 36 38
13 37 38
13 36 38
14 36 37
12 37 37
12 37 36
12 37 36
13 37 36
12 37 37
12 35 36
13 36 38
12 36 37
14 35 38
13 36 37
13 35 36
13 36 38
12 36 38
