32 43 49
32 43 49
31 43 50
31 43 50
31 42 50
31 44 50
31 45 51
32 44 50
31 45 50
31 43 50
31 43 50
31 44 51
31 43 50
33 42 50
32 43 50
32 43 50
31 44 50
32 43 50
31 43 50
32 44 50
32 43 49
31 45 50
31 44 51
31 44 50
32 45 50
30 44 50
31 44 50
32 43 50
31 44 50
31 41 49
32 43 49
33 44 51
31 43 50
32 43 51
31 43 49
31 43 50
31 43 49
33 42 49
32 43 51
32 44 50
32 44 50
32 43 51
31 44 50
32 43 50
31 43 50
31 43 49
31 43 50
32 43 50
32 44 50
31 44 50
31 44 51
32 44 51
31 44 50
31 43 50
32 44 51
31 43 50
31 44 49
32 43 50
32 43 50
32 43 50
32 44 48
32 43 51
31 43 50
32 45 50
31 44 50
31 44 50
31 43 50
33 44 50
31 43 51
31 44 50
32 44 50
30 44 50
31 43 50
32 43 50
33 44 50
32 44 50
31 45 51
32 44 49
32 43 50
31 44 50
32 44 50
32 43 50
32 43 50
31 42 50
32 42 50
30 43 49
32 44 49
31 44 50
32 43 50
31 43 50
31 43 50
31 43 51
31 43 51
31 44 50
31 44 50
32 43 50
32 44 50
32 43 50
33 43 50
31 44 49
31 43 51
31 43 51
31 44 50
32 43 50
31 43 50
32 44 50
31 44 50
32 44 49
31 43 50
32 43 51
31 44 50
30 43 50
31 44 51
32 43 50
32 43 50
31 44 50
31 43 50
32 43 50
32 43 50
32 43 49
32 45 50
32 43 50
32 43 49
31 42 50
33 43 50
32 44 51
32 43 49
31 44 49
30 43 50
32 43 49
31 44 49
31 43 49
30 43 50
32 43 50
32 45 50
31 44 49
33 43 50
31 45 49
31 44 50
31 44 50
31 44 50
32 43 51
32 44 50
31 43 51
31 43 50
32 43 50
31 43 50
31 43 49
33 44 50
30 44 49
31 43 50
32 43 51
31 43 50
31 43 50
33 44 50
31 44 49
32 44 51
32 44 50
32 43 50
31 43 50
31 43 51
32 43 51
31 43 50
33 44 50
32 44 50
32 42 50
30 41 50
30 40 50
30 43 51
31 42 52
29 40 52
30 40 51
29 43 49
28 43 52
26 42 51
27 41 49
27 42 50
27 41 51
28 40 50
29 40 49
31 43 51
34 44 52
34 48 50
33 47 47
34 48 46
33 47 47
34 46 48
33 46 50
32 45 49
34 43 51
34 42 50
35 44 49
35 45 49
35 46 50
36 45 52
37 45 50
37 43 49
36 45 51
36 45 52
38 44 50
37 42 49
38 43 47
39 44 46
40 43 46
42 44 47
40 43 49
41 42 48
40 42 46
41 40 50
40 42 48
40 43 46
39 45 48
40 45 48
40 45 48
40 44 48
39 46 48
39 45 47
39 45 47
38 47 50
38 44 48
38 47 45
39 46 46
38 47 45
38 49 44
38 49 43
38 48 44
35 47 46
36 48 47
37 47 48
35 49 46
34 49 46
34 46 47
35 46 44
34 47 45
33 47 46
32 48 44
30 49 43
29 51 45
27 49 45
26 50 44
24 50 42
23 54 42
23 51 42
23 50 40
21 49 41
20 48 41
20 49 41
18 48 42
17 47 43
17 46 42
18 45 41
18 43 41
18 44 42
17 44 42
16 44 42
16 43 43
17 43 43
18 43 43
16 42 42
16 43 43
16 43 42
17 43 42
16 40 42
16 42 42
17 42 43
14 41 42
15 41 41
15 41 42
16 41 42
17 39 40
19 39 41
18 38 44
20 39 43
21 40 43
19 41 44
20 43 52
21 40 51
20 38 44
18 39 43
17 40 43
15 39 43
16 38 45
16 39 44
17 36 43
16 37 43
14 37 43
12 36 43
13 37 44
14 38 44
15 36 44
17 36 43
17 38 43
18 38 42
18 36 42
17 36 42
16 35 43
14 37 43
15 37 43
14 37 44
15 37 45
16 37 44
18 38 45
17 37 45
15 38 44
17 38 44
16 38 43
15 40 44
14 41 44
14 39 42
17 38 41
18 38 42
19 36 45
19 35 48
17 37 45
16 39 44
15 38 43
16 39 43
15 37 44
16 36 43
13 38 42
14 40 41
14 38 42
14 37 41
15 39 40
15 39 40
14 38 40
13 37 41
12 38 41
11 39 36
12 38 37
09 36 36
10 34 36
07 35 34
09 35 34
09 35 32
09 33 30
13 33 29
11 34 30
12 31 29
12 31 30
11 32 30
12 32 29
10 30 27
09 32 29
09 33 29
11 31 29
13 31 28
12 31 27
12 31 27
12 30 29
12 32 28
12 33 29
12 34 28
11 33 29
12 34 29
13 36 31
13 34 32
14 34 31
13 34 32
14 35 32
16 34 30
16 34 32
15 34 32
13 34 32
13 35 32
12 35 33
12 35 34
11 34 33
12 36 34
11 36 35
13 35 34
14 37 35
14 37 35
15 36 33
16 37 36
16 38 34
15 39 33
11 39 34
10 39 34
10 37 31
10 37 31
12 38 33
12 39 33
12 38 31
11 37 30
11 36 31
13 38 31
13 38 31
13 39 31
12 39 31
12 38 31
14 41 32
13 39 33
12 38 33
12 39 34
11 38 34
13 38 35
12 39 34
14 39 35
14 38 35
15 39 36
15 38 35
13 39 36
12 38 36
15 40 36
13 39 36
16 38 36
15 38 37
14 39 37
10 41 37
11 40 38
13 43 39
13 41 38
12 40 36
13 40 34
13 40 35
14 40 34
13 40 35
14 39 34
14 40 34
13 41 35
14 39 36
13 39 34
13 40 34
13 40 34
13 39 34
13 39 33
13 40 34
14 39 35
14 39 34
13 39 35
13 39 34
13 39 35
13 39 35
13 39 34
13 39 33
12 39 35
13 39 34
12 39 34
13 38 33
12 40 34
13 39 34
13 39 33
12 38 34
14 40 34
12 39 35
13 39 34
13 40 35
12 38 34
12 40 35
14 39 35
14 38 35
13 38 35
13 38 34
12 40 35
12 39 35
13 39 34
13 39 35
13 39 34
12 39 34
12 40 35
13 40 34
12 40 35
12 40 35
12 38 34
12 39 34
13 39 34
13 40 34
12 40 34
14 39 34
13 38 34
13 39 34
14 39 35
14 39 34
12 39 35
11 38 35
12 39 34
12 39 34
13 39 34
12 40 35
14 38 34
12 39 34
13 39 35
13 39 33
12 39 33
12 39 34
12 38 34
13 40 35
13 39 36
13 39 34
13 40 35
12 39 35
13 40 34
13 38 35
13 39 35
11 39 34
13 39 34
12 38 34
13 39 35
14 39 35
11 39 34
13 39 34
12 40 34
12 39 34
14 40 35
12 39 34
13 39 35
13 40 34
13 41 34
12 40 35
13 39 34
