28 34 52
28 34 52
27 36 52
27 36 52
28 36 52
30 36 52
28 35 53
27 35 53
27 35 53
28 34 52
28 35 52
28 35 53
28 36 52
29 36 52
27 36 53
28 37 53
29 36 53
27 36 53
29 36 52
28 34 53
28 34 53
27 35 52
28 37 53
28 35 52
29 34 52
27 36 53
27 35 52
27 36 51
29 34 52
29 36 52
29 35 52
28 36 53
28 35 53
28 35 53
28 35 53
28 35 52
28 36 52
29 36 53
28 36 53
28 36 52
27 35 52
27 35 53
27 35 52
28 36 52
27 36 53
28 35 53
29 35 52
28 35 52
27 34 52
28 36 52
28 36 53
27 35 52
28 36 52
28 36 51
29 36 53
28 36 52
28 36 53
27 35 53
28 35 52
30 35 52
29 35 52
29 37 52
27 35 51
27 36 52
29 35 53
28 36 52
29 35 52
28 35 53
27 36 53
28 37 52
29 36 52
27 35 53
26 37 53
24 37 53
23 36 55
19 37 54
19 39 52
22 37 48
25 32 47
20 36 46
23 33 50
27 29 53
31 21 62
34 25 56
35 28 50
31 37 47
37 34 48
32 29 57
28 32 54
20 34 49
21 31 48
20 34 51
17 35 53
23 32 54
26 31 52
27 30 52
25 30 50
20 28 51
21 30 50
23 29 52
24 30 51
21 29 50
20 29 49
21 29 47
19 28 50
18 27 50
17 27 49
18 27 49
19 26 48
20 27 45
18 25 47
18 26 46
18 24 46
16 26 41
19 21 46
16 23 45
16 26 41
17 24 43
16 21 43
17 24 40
17 25 42
15 23 40
15 26 38
15 24 40
14 25 38
14 24 40
14 25 39
15 28 39
12 26 39
13 27 39
13 28 39
13 26 39
13 28 37
12 29 37
11 29 38
14 29 38
11 31 37
11 30 35
10 31 35
09 32 36
07 32 36
10 29 34
11 29 35
09 32 34
07 35 33
10 33 29
15 32 28
14 35 29
15 37 30
12 36 31
15 37 31
15 38 34
15 37 35
15 39 33
14 38 33
15 35 34
13 37 31
14 37 31
12 37 32
12 35 34
12 32 35
11 33 30
09 34 33
09 33 35
07 33 36
11 33 32
10 30 35
10 30 37
11 31 38
13 30 38
14 28 37
13 31 38
13 29 38
15 26 36
15 27 35
14 28 37
15 28 38
16 27 39
14 28 39
14 30 37
15 30 39
14 30 38
12 30 40
10 31 40
12 31 38
13 30 38
13 32 37
13 32 38
13 30 37
13 30 39
13 30 39
12 33 38
13 34 38
12 32 38
13 34 38
14 34 38
13 33 39
13 35 38
14 34 39
14 34 38
14 35 39
13 35 40
13 34 39
13 33 38
13 34 39
12 35 38
13 34 39
13 35 38
14 34 39
13 33 38
13 33 38
11 35 38
11 36 38
12 34 37
12 33 38
14 34 37
13 35 38
14 32 38
13 33 39
13 33 39
14 33 39
13 34 39
12 37 40
15 35 40
14 35 40
12 36 39
12 37 40
12 35 39
13 34 38
13 35 38
14 35 37
13 33 38
12 34 40
13 35 38
14 36 39
13 35 38
12 36 39
13 35 38
12 37 37
14 36 38
12 37 36
13 36 38
12 36 37
13 37 38
14 36 37
12 35 38
13 36 37
13 37 37
13 37 36
13 37 38
12 36 37
13 35 38
13 36 37
13 36 38
13 36 38
12 37 39
13 36 39
13 36 38
14 38 39
13 37 38
13 37 38
13 37 37
13 36 38
14 36 37
14 37 38
12 37 37
13 37 38
11 39 38
10 37 39
12 36 38
14 38 39
14 36 38
14 38 37
14 37 38
13 36 37
12 37 38
14 36 38
13 38 38
14 37 38
13 36 39
13 37 38
13 37 38
12 37 38
13 36 37
11 36 38
12 36 37
13 37 37
13 36 38
13 37 37
12 37 37
14 38 37
13 37 35
13 37 37
12 37 37
13 36 36
13 37 36
14 36 37
12 38 37
13 37 36
13 37 37
13 36 37
13 38 37
12 37 36
13 38 37
12 37 37
13 37 37
13 37 37
13 38 36
13 38 36
13 37 36
13 37 37
13 38 38
11 37 38
12 35 37
13 37 37
13 36 37
13 36 37
13 37 38
13 36 38
12 36 38
13 36 38
13 37 38
14 37 38
14 37 36
13 37 37
12 37 37
13 37 37
12 38 38
14 37 38
12 35 38
13 36 38
13 37 37
13 37 38
13 35 37
14 36 37
13 38 39
12 36 37
12 36 36
13 36 37
12 36 37
12 36 37
14 38 37
12 38 38
12 38 37
13 38 36
12 37 37
14 38 36
13 37 36
13 38 36
13 37 36
13 38 36
13 37 36
13 37 36
12 38 36
12 38 36
12 38 36
13 37 35
14 37 35
13 38 36
14 38 36
12 40 36
13 38 38
13 37 38
13 37 36
13 40 36
13 41 35
12 41 34
14 42 34
14 40 35
14 39 33
14 38 34
13 37 34
13 37 34
13 36 34
13 39 34
12 39 34
13 40 34
12 40 34
12 40 35
13 40 35
13 41 34
13 40 35
12 40 36
13 41 35
13 41 35
13 41 35
13 40 35
12 40 34
13 40 35
14 41 34
13 39 34
14 39 34
14 38 34
13 36 34
13 37 34
14 37 34
12 39 35
14 39 34
13 39 34
14 40 34
12 41 35
12 40 34
13 40 35
12 40 34
12 40 35
13 40 35
14 41 34
13 39 33
13 40 34
13 39 34
13 40 33
14 40 34
13 40 34
13 40 33
12 39 34
13 39 35
14 38 35
12 39 34
13 39 34
13 39 34
13 39 33
13 38 33
13 38 35
13 39 35
13 40 34
12 39 35
13 39 36
13 40 35
11 39 34
12 39 34
12 38 34
14 38 34
14 40 34
