44 23 47
43 24 48
43 25 48
42 24 48
43 24 49
43 23 47
43 25 48
44 24 48
44 25 49
42 23 48
43 25 49
43 25 48
43 27 49
43 23 48
43 25 49
45 23 48
43 25 48
43 24 48
43 25 48
43 25 49
44 24 48
44 24 48
44 24 48
42 25 48
44 24 48
43 24 48
44 24 48
43 26 49
44 25 49
44 23 48
43 25 49
43 25 50
42 23 48
44 25 48
44 25 49
43 25 48
43 25 49
42 25 48
43 25 50
42 24 48
43 25 48
44 24 49
43 26 48
44 24 48
43 25 49
44 26 49
44 24 49
44 25 48
45 24 49
44 25 49
43 25 49
43 24 49
44 25 49
43 26 48
43 25 49
44 24 49
44 23 49
43 24 48
45 23 49
44 23 48
45 24 47
44 25 47
47 25 46
46 25 47
45 24 47
45 23 48
45 25 48
46 27 49
46 27 47
46 29 47
45 27 48
45 26 48
46 27 49
45 27 48
44 27 48
45 27 48
46 26 49
45 25 48
44 25 48
45 26 47
44 25 48
44 25 49
45 26 47
46 27 49
45 27 49
47 26 49
45 25 49
43 23 49
43 23 48
44 22 50
44 22 51
44 23 52
43 22 52
47 24 50
45 25 50
45 27 49
45 27 47
48 28 45
43 31 46
39 31 46
38 31 46
39 30 46
44 32 46
47 31 45
47 31 47
48 28 45
47 30 43
45 27 41
47 27 42
58 28 43
62 27 45
56 26 44
48 28 42
47 30 45
45 28 46
50 27 49
50 27 49
48 26 49
48 31 49
48 30 48
47 30 47
48 31 48
50 32 47
48 30 47
50 31 47
48 29 47
49 30 47
48 28 45
47 28 46
48 29 44
48 29 45
50 30 45
49 28 45
48 28 45
42 29 44
38 33 47
42 35 52
50 37 52
54 36 49
56 32 47
51 21 43
53 29 43
57 35 43
62 37 38
60 35 37
56 33 43
60 32 46
61 33 46
58 34 44
58 40 44
48 39 45
34 39 44
35 37 49
32 37 49
30 40 49
26 39 48
27 35 49
27 35 48
30 32 48
31 31 48
33 29 48
33 30 51
34 30 52
32 31 54
33 31 57
32 32 56
33 33 56
31 34 55
29 33 53
29 33 53
28 33 52
28 32 52
29 31 53
31 31 52
33 31 53
29 32 53
31 34 53
28 35 52
24 34 50
22 33 49
26 35 49
28 35 49
28 35 50
31 36 53
32 38 55
35 40 56
36 41 57
36 44 57
33 46 57
31 46 55
30 46 53
31 40 49
34 39 48
33 39 49
30 36 49
27 34 49
24 32 50
22 31 52
23 30 52
22 29 54
24 28 53
23 28 52
25 27 54
25 28 53
23 28 53
20 29 53
22 30 49
25 30 50
25 31 47
27 32 48
30 34 49
30 33 49
30 35 51
32 37 53
33 36 53
32 36 55
31 35 56
27 35 54
27 37 55
26 38 55
25 38 54
26 39 54
26 39 54
27 40 53
28 40 52
29 38 52
30 39 50
30 40 48
30 40 46
31 41 47
31 40 47
31 43 47
30 45 47
30 43 49
30 43 49
29 46 50
30 44 51
30 44 51
30 44 52
29 44 52
30 43 52
29 45 50
28 44 50
28 46 49
26 45 50
25 45 50
25 45 50
25 44 49
26 45 48
25 45 48
26 46 48
26 46 48
26 46 49
28 45 48
28 45 47
28 42 49
30 45 48
30 44 48
30 44 47
31 45 47
31 45 49
29 45 49
28 46 49
27 45 48
27 45 49
24 44 49
23 43 51
25 45 50
24 44 51
26 44 51
27 45 48
30 45 48
30 44 47
30 46 45
28 46 45
27 46 46
27 43 46
26 43 46
26 44 48
27 43 48
26 44 48
26 43 49
27 43 49
27 43 48
29 45 48
27 46 49
27 48 48
28 47 48
28 47 46
27 46 46
27 47 45
29 48 46
28 49 46
28 50 45
27 51 45
26 52 46
26 51 45
25 51 46
26 52 46
25 51 46
25 50 46
26 48 46
24 46 46
26 48 45
26 48 43
26 48 42
26 50 42
23 49 43
25 49 43
25 50 43
24 49 44
23 49 44
24 49 44
24 48 43
24 47 41
25 46 41
24 47 40
23 47 40
24 48 41
24 47 41
24 48 42
24 47 43
23 48 43
24 48 44
24 48 42
24 48 42
25 48 43
25 49 43
24 49 43
23 49 43
24 49 43
23 50 42
21 50 40
23 48 40
24 48 39
22 48 40
23 47 38
24 46 37
23 48 38
24 47 37
22 47 37
20 47 38
19 48 38
16 49 40
14 46 41
15 47 41
17 46 42
17 45 43
19 45 42
17 44 43
18 44 44
17 42 43
18 43 44
18 40 44
19 42 45
19 40 44
19 41 43
18 41 44
18 40 44
17 41 43
18 41 43
18 40 42
15 42 42
14 42 43
14 41 42
13 40 42
14 40 41
15 40 40
16 39 40
16 40 39
18 41 40
17 43 40
16 43 40
16 41 41
16 42 40
16 42 39
16 42 41
16 42 41
14 43 40
15 42 40
15 43 41
15 42 40
17 42 40
17 41 41
14 42 41
15 40 41
16 41 40
14 39 41
15 40 40
15 39 41
16 40 40
16 40 41
14 40 40
15 41 42
15 40 41
15 41 42
15 39 42
14 40 41
15 41 41
15 41 42
15 39 42
16 40 42
15 40 42
15 40 40
15 41 42
14 39 41
15 40 40
16 40 39
16 40 40
15 39 41
15 40 40
16 41 41
16 40 40
15 40 41
16 41 42
17 41 41
15 39 40
15 41 41
17 41 41
15 40 41
16 40 41
16 41 40
14 40 41
15 41 41
16 41 40
15 41 40
14 41 39
15 41 41
16 40 40
15 40 41
15 41 41
16 39 40
15 42 40
15 41 41
16 41 41
15 41 40
16 40 41
16 41 40
14 41 41
15 39 40
16 41 40
15 41 40
14 41 40
15 40 40
15 42 40
15 40 40
15 40 40
16 40 40
16 40 41
16 41 41
15 41 40
15 42 40
16 41 41
16 40 40
15 40 41
15 41 42
15 41 41
16 41 41
15 39 40
16 40 40
15 40 41
15 41 41
14 42 41
15 40 41
14 41 40
15 39 40
14 41 41
14 41 40
15 41 40
15 41 40
15 40 41
15 42 42
15 40 41
15 41 41
15 41 41
15 41 40
16 40 41
16 40 40
16 41 41
15 41 40
15 42 42
15 42 40
16 40 41
16 40 41
15 40 40
16 41 41
15 40 41
15 40 40
16 40 41
17 41 40
15 41 41
15 40 41
16 40 41
14 41 40
15 40 41
