18 23 32
40 18 23
40 18 33
40 18 23
40 18 23
40 18 23
40 33 23
20 23 45
19 23 45
19 22 45
19 24 46
18 24 46
20 24 45
20 23 45
20 24 45
19 25 46
20 24 46
21 23 46
19 24 45
19 24 45
18 23 45
19 24 44
18 22 45
18 23 44
19 21 45
19 20 44
19 21 44
20 21 44
20 21 46
20 22 47
21 23 47
23 24 47
19 25 48
19 25 49
22 24 49
22 23 48
22 24 48
19 24 47
22 21 51
26 21 49
27 25 43
29 17 43
27 15 38
28 09 38
27 13 41
27 18 44
30 17 41
30 19 40
30 18 40
29 16 42
30 16 41
28 13 40
26 13 40
24 10 40
23 13 38
23 14 40
24 13 41
25 14 34
22 16 36
21 13 37
21 16 39
21 16 40
22 16 38
21 18 42
23 18 41
22 18 42
21 18 43
22 18 45
21 16 44
21 15 46
20 16 44
20 15 43
21 17 41
23 17 42
22 19 41
23 15 43
24 15 41
24 15 40
24 13 43
23 13 43
22 12 43
23 13 45
25 13 45
26 16 45
27 17 45
29 15 45
32 17 45
32 19 46
36 21 45
35 22 45
37 26 46
38 30 43
37 30 45
36 30 47
36 25 48
33 21 50
32 19 50
32 15 47
31 17 46
31 18 45
30 21 42
30 14 41
31 08 41
29 09 39
24 11 37
21 09 38
19 10 33
17 11 31
16 08 34
15 07 32
18 15 33
19 14 32
22 13 32
24 13 34
24 19 34
25 13 31
25 15 30
26 15 32
26 13 30
27 17 30
27 13 30
25 12 31
24 08 30
23 06 28
24 09 34
24 07 33
25 06 29
24 08 32
26 09 35
28 11 33
31 11 31
32 13 34
35 11 34
36 11 33
38 14 32
40 15 33
41 16 32
44 16 32
45 22 34
46 18 33
47 17 36
48 16 40
46 18 40
47 19 38
49 21 38
46 22 40
46 24 39
45 22 42
46 21 42
47 23 42
44 29 41
46 28 39
45 30 40
46 31 40
46 33 39
46 37 39
44 38 37
44 37 37
41 41 39
39 42 39
38 45 43
36 52 47
35 42 53
31 48 61
28 37 63
29 33 63
27 28 63
28 30 62
26 24 62
26 26 61
29 28 58
31 30 56
33 28 54
35 27 53
37 23 52
38 27 52
40 32 49
41 37 49
42 39 49
42 38 47
43 35 47
43 34 47
44 34 46
44 34 46
44 33 46
44 35 46
45 33 48
46 31 48
46 27 49
47 26 48
45 26 50
46 24 50
45 23 50
44 21 50
43 23 51
42 23 51
43 24 49
41 23 47
41 25 46
39 26 43
38 27 42
37 27 45
37 23 46
35 23 49
36 22 49
36 17 50
33 17 51
34 19 51
36 20 54
34 20 55
34 23 56
34 27 55
34 27 56
35 24 53
36 22 53
34 19 51
35 21 51
33 22 50
34 22 50
34 21 48
35 21 47
36 21 48
37 20 48
37 20 48
37 19 48
38 19 46
38 22 45
39 21 45
38 21 46
40 22 48
39 22 49
40 22 51
38 22 52
38 21 53
38 25 54
38 27 53
38 26 52
38 24 52
36 22 51
36 21 50
35 22 51
34 23 51
36 20 51
36 19 50
36 20 50
35 21 49
36 18 47
34 18 47
35 17 47
33 17 45
32 16 45
33 18 45
31 17 46
29 19 46
27 18 46
28 18 48
28 18 47
28 20 46
29 17 46
28 17 47
28 18 46
28 18 49
28 17 49
28 21 49
28 23 51
28 24 50
28 25 50
30 27 52
29 30 52
30 30 51
31 32 55
29 34 54
29 34 55
31 31 54
33 29 51
33 26 52
33 26 51
32 28 51
31 30 52
29 29 52
29 28 52
27 29 52
27 29 50
28 31 51
26 32 51
27 32 52
28 32 54
28 32 52
28 33 53
30 32 53
30 31 53
30 31 52
29 29 52
30 31 50
29 30 51
28 30 49
29 31 49
26 31 48
26 31 48
25 31 48
25 31 49
22 31 48
22 32 49
21 31 50
20 31 49
18 28 49
18 29 49
18 31 46
17 28 48
16 29 46
18 30 46
15 30 46
14 31 48
16 32 49
15 31 48
19 31 46
20 34 45
19 35 47
18 36 48
18 36 50
17 33 50
18 34 49
19 33 47
19 35 47
18 34 47
18 37 48
20 38 47
19 37 46
18 37 48
18 36 49
19 37 50
19 37 49
20 37 47
19 39 46
18 40 48
20 38 47
21 37 48
21 38 50
22 38 48
20 39 48
20 39 48
22 39 49
22 40 49
21 38 48
20 39 49
21 38 48
21 37 48
23 38 49
23 38 49
22 38 48
22 36 50
22 35 50
23 37 50
21 37 50
22 36 49
21 36 48
18 37 47
20 36 48
19 36 48
19 36 47
20 36 45
17 35 46
17 35 46
18 38 47
17 34 46
16 35 46
18 35 46
17 36 46
17 34 46
17 34 45
17 36 46
17 35 46
17 35 44
18 35 47
18 35 45
17 34 46
17 36 46
17 37 46
17 36 46
16 36 46
17 35 46
18 36 46
17 36 46
18 35 46
18 35 46
18 38 47
18 36 47
16 35 46
19 37 47
18 36 47
18 36 47
18 36 45
18 36 47
17 36 47
18 37 46
17 37 46
18 38 47
18 38 46
19 37 46
18 37 46
17 37 47
16 37 47
17 37 47
17 36 47
17 36 48
19 37 46
19 38 46
19 36 49
17 36 51
19 37 51
20 38 48
22 34 46
20 37 45
19 36 46
19 37 46
18 37 45
17 37 44
19 36 45
19 36 45
18 34 47
18 34 46
17 35 47
16 35 46
16 34 46
16 34 46
17 34 46
17 32 44
18 33 45
19 35 45
20 33 45
19 35 47
16 33 45
15 33 42
14 34 43
14 34 42
14 34 43
14 34 41
15 32 40
17 35 39
13 35 39
12 34 41
13 34 38
13 35 37
12 35 38
12 35 37
11 36 36
11 35 35
10 35 34
11 36 33
12 35 32
12 36 33
14 35 32
13 36 31
12 34 30
12 35 29
13 35 30
12 36 28
12 35 27
11 37 26
11 35 26
15 34 26
12 35 25
11 36 25
12 36 24
14 35 23
13 35 23
13 36 21
14 36 20
16 36 21
15 35 22
14 36 20
15 34 21
12 33 20
13 35 20
13 34 20
14 35 21
15 36 21
15 36 21
15 35 21
14 33 22
16 34 20
16 33 21
14 33 21
14 34 22
16 35 23
14 33 22
14 33 23
14 32 25
14 32 25
12 31 25
12 32 26
12 33 28
13 32 27
14 33 28
13 33 29
13 33 30
15 34 28
13 34 30
13 35 31
12 36 32
13 37 31
13 36 31
12 37 33
12 37 33
12 38 34
14 38 34
15 37 35
15 37 35
14 36 35
13 37 35
14 38 35
13 36 36
13 37 36
13 37 36
13 38 36
12 36 37
12 36 35
12 38 37
12 38 37
12 38 36
12 38 36
12 38 35
13 38 36
12 38 36
12 38 36
12 37 35
12 37 37
12 38 35
14 36 35
13 36 36
11 36 36
12 36 37
13 35 35
12 37 36
12 36 35
12 36 35
13 36 37
13 34 37
12 36 36
13 34 37
12 36 36
12 37 38
12 36 37
13 37 37
13 36 37
11 36 36
13 36 36
12 36 36
12 36 37
12 36 37
11 36 37
11 36 36
12 35 36
12 34 37
12 35 37
12 35 36
12 36 36
11 35 37
12 37 36
13 36 37
13 35 37
11 36 36
12 36 36
12 35 36
13 36 37
12 36 37
12 35 37
12 33 36
12 34 38
12 33 36
12 34 37
14 35 36
13 34 36
12 34 37
12 35 35
13 35 37
12 35 35
12 34 36
13 34 36
13 34 37
12 34 38
13 34 37
13 34 37
12 34 37
12 35 36
11 35 37
12 34 37
11 35 36
12 34 36
11 33 35
12 35 36
12 35 36
13 33 36
11 33 37
12 33 37
14 33 35
13 34 36
13 35 36
11 33 35
11 35 37
13 35 36
12 34 36
13 34 37
12 34 36
11 34 36
11 33 37
12 34 36
11 33 36
12 34 36
13 33 36
11 36 36
11 33 37
12 33 36
12 34 35
13 33 36
12 34 37
12 34 36
13 33 36
12 33 36
13 34 36
12 35 36
12 33 36
11 35 36
13 33 36
11 33 37
13 34 36
13 32 36
12 33 37
12 33 37
12 33 37
12 33 36
12 34 36
11 33 36
11 32 36
13 34 36
12 34 36
12 33 35
12 33 37
12 33 36
12 32 37
13 33 36
12 32 36
12 33 36
12 33 35
13 34 37
13 32 36
11 33 36
10 32 36
