27 24 13
25 24 14
27 25 13
27 23 13
28 24 13
27 25 13
26 24 12
27 24 13
27 23 13
26 24 13
26 25 13
26 24 13
26 25 13
27 24 13
27 23 14
27 24 14
26 24 12
26 24 12
27 25 13
27 25 13
27 24 13
27 24 14
26 24 13
26 25 12
26 25 13
26 25 13
27 25 13
27 24 13
27 25 13
26 24 12
28 25 14
26 25 14
27 24 13
26 24 13
26 24 13
26 24 13
28 24 13
26 24 13
26 25 12
27 24 13
26 26 13
27 24 13
26 24 12
26 24 12
27 24 13
26 25 13
27 24 14
27 23 14
27 26 13
26 25 13
27 24 12
26 25 13
26 23 13
27 25 13
24 25 12
26 25 13
28 24 12
27 25 13
27 25 12
27 24 13
27 24 12
26 24 12
25 24 13
27 24 13
28 25 13
28 25 13
27 24 13
27 24 13
27 25 13
26 23 14
27 24 13
25 24 12
27 25 13
26 24 13
27 24 13
27 23 14
26 24 12
27 24 13
25 24 13
27 23 13
26 24 12
27 25 12
27 23 14
27 24 13
28 24 14
28 23 12
28 23 13
26 25 14
27 22 14
30 23 14
28 24 14
28 23 14
28 22 13
27 22 12
28 22 13
27 23 13
27 25 13
27 22 13
28 22 13
28 22 13
28 22 13
29 23 14
28 22 14
28 23 13
28 21 14
28 22 13
27 22 13
28 20 14
28 22 13
28 22 12
28 23 13
28 22 14
29 22 13
29 22 15
29 23 15
28 21 14
28 22 14
28 22 15
27 23 13
27 22 12
28 24 13
27 23 11
27 24 11
28 23 12
27 24 12
27 23 13
28 23 13
27 23 14
29 22 13
27 23 14
26 24 14
27 24 14
28 22 13
29 24 12
28 22 12
27 22 12
29 19 11
28 18 12
29 18 14
28 13 14
26 12 17
29 10 17
22 11 19
35 08 23
31 07 24
33 10 22
34 13 25
34 13 25
35 12 27
35 09 29
36 13 31
37 13 29
38 15 30
39 15 31
41 14 31
43 17 31
43 20 31
43 23 32
44 25 32
44 24 34
45 26 32
46 28 33
45 37 39
51 36 41
52 39 48
46 36 49
41 38 54
31 40 57
28 36 58
18 40 57
16 31 56
10 34 52
07 32 61
12 36 54
17 22 55
23 25 48
25 34 43
22 28 41
19 32 45
11 20 44
08 20 39
09 33 43
16 27 45
18 24 45
20 28 44
18 32 42
17 33 42
17 33 43
20 32 46
17 36 43
10 33 42
10 33 43
13 36 35
10 37 33
08 39 38
10 39 35
13 41 33
13 39 37
12 40 30
13 39 31
13 39 37
14 39 32
14 39 27
12 43 36
11 41 42
10 41 38
15 43 25
13 44 31
13 44 40
14 39 39
13 43 32
16 41 31
16 45 33
16 42 37
12 43 40
13 44 36
11 43 38
10 44 43
09 46 44
11 46 42
12 48 35
14 35 33
18 37 34
18 44 32
16 36 43
19 34 42
15 37 40
11 34 39
07 37 41
09 38 43
13 42 43
17 47 43
22 47 41
27 49 39
30 56 33
25 62 45
28 51 39
25 54 36
27 51 36
27 51 40
30 47 38
29 44 38
32 42 38
33 46 47
32 48 47
33 46 45
32 45 50
29 48 51
27 47 48
27 43 50
28 40 50
21 59 61
24 46 54
21 24 50
20 28 49
18 32 47
16 34 43
15 35 45
18 35 49
17 32 50
18 33 47
16 33 45
14 33 45
12 33 44
11 34 43
12 36 41
15 34 40
14 32 40
12 29 39
11 31 38
08 33 38
10 32 34
12 34 33
08 34 35
05 29 30
04 30 32
02 29 37
07 30 41
14 30 48
21 25 30
18 28 28
11 33 30
09 38 34
05 34 33
08 35 32
11 35 33
11 34 35
11 34 34
12 36 35
13 36 33
13 36 33
14 35 33
17 36 34
17 38 35
18 36 34
17 37 35
16 37 35
16 36 34
14 36 35
12 38 36
11 38 37
11 37 37
12 36 36
12 34 36
15 34 38
13 34 38
09 36 42
06 35 42
10 35 39
14 33 39
15 35 40
14 35 41
11 35 42
11 35 40
11 34 40
11 32 38
10 31 37
13 34 36
13 35 37
10 37 38
09 37 39
12 34 36
15 33 32
15 33 33
15 36 34
15 37 36
12 39 38
11 39 38
11 38 39
12 34 36
12 31 34
13 31 34
12 32 38
12 33 39
12 36 38
13 36 39
14 36 39
13 35 39
12 34 40
11 35 38
11 32 39
12 33 38
12 32 38
13 33 39
14 33 39
12 36 38
13 34 38
11 34 38
14 33 38
12 33 38
13 33 38
13 35 37
12 34 38
10 35 39
11 34 37
13 33 39
13 33 36
11 33 37
12 33 37
12 33 37
12 34 38
10 35 38
12 36 38
12 33 38
11 33 38
12 32 37
12 30 37
12 31 37
14 32 38
13 33 37
13 33 38
13 32 37
13 31 37
12 32 36
14 31 36
14 31 36
14 32 37
13 30 37
12 29 37
14 29 37
13 30 37
13 29 37
14 28 37
13 28 37
13 28 37
13 28 37
