28 36 52
28 36 52
28 36 52
27 36 53
29 36 52
29 35 52
29 36 52
29 36 52
29 37 52
28 38 52
29 36 52
28 38 53
29 36 52
28 37 52
27 35 52
29 36 52
30 36 52
27 36 52
30 35 52
28 36 53
30 36 52
29 37 52
28 36 52
28 36 53
28 37 52
29 36 52
28 37 52
28 37 52
28 37 53
29 37 52
29 37 52
29 36 52
28 36 53
28 37 52
28 38 53
29 36 52
29 36 53
28 37 53
29 36 52
28 36 52
28 36 52
29 36 53
28 36 52
29 36 52
29 36 52
28 36 52
28 36 51
28 36 53
29 36 51
28 36 53
29 36 53
28 36 53
27 36 52
29 36 52
27 37 53
29 35 52
29 36 52
27 37 53
28 36 52
29 36 53
28 37 51
30 35 53
27 35 52
27 36 52
29 35 52
29 35 53
29 36 52
27 37 53
28 36 52
28 36 52
28 37 52
28 37 52
28 36 52
28 37 53
29 36 53
28 36 52
29 37 52
29 36 53
29 36 53
29 36 52
28 35 52
28 35 52
28 36 52
28 36 52
28 37 53
29 35 52
30 36 53
28 36 53
28 36 52
28 37 52
29 36 52
28 37 52
28 36 54
27 36 53
28 37 53
28 36 53
29 37 53
27 38 52
29 36 52
28 36 52
29 36 52
29 36 52
30 37 52
29 35 53
29 36 52
28 37 54
27 36 52
29 35 52
28 36 53
28 37 52
29 37 52
27 36 52
27 37 53
28 35 52
29 36 52
28 36 52
27 36 52
30 36 52
29 36 52
28 36 53
29 38 53
28 36 52
29 36 53
28 35 52
29 36 52
28 36 52
28 36 52
29 36 52
28 35 53
28 36 52
29 36 52
27 37 53
29 37 52
27 35 52
28 37 53
29 36 52
28 36 52
28 37 53
29 38 53
29 36 53
28 37 53
28 37 53
28 35 53
29 36 52
30 36 53
29 36 51
29 36 52
28 36 53
28 36 53
28 37 53
28 37 52
28 36 52
28 34 52
28 36 52
28 36 52
28 36 53
27 35 52
28 37 53
29 35 53
28 36 51
28 35 53
29 36 52
29 36 53
28 36 53
27 36 52
28 36 53
28 37 52
29 37 52
29 37 53
29 36 53
28 38 52
28 36 53
28 36 53
30 36 52
27 36 52
30 36 52
28 37 52
29 37 53
28 38 52
28 36 53
29 36 53
27 37 52
27 36 53
27 36 55
25 38 54
21 40 51
19 39 52
21 34 51
23 33 51
21 35 51
24 35 52
26 37 51
33 34 51
34 30 48
36 26 46
31 33 44
26 22 62
33 35 53
22 30 51
19 28 52
21 32 51
18 31 49
19 30 47
21 27 49
21 29 50
23 27 50
25 26 50
21 28 49
19 27 47
17 26 48
17 27 48
20 29 48
22 26 48
21 26 49
18 26 48
16 24 49
18 29 44
16 26 46
18 27 46
18 26 47
17 28 46
19 25 46
18 26 45
17 26 45
18 24 45
18 26 45
17 24 43
16 25 43
17 24 42
14 25 42
14 24 42
15 26 41
14 26 41
17 26 40
14 27 40
13 27 41
13 27 39
13 29 39
12 30 40
14 30 38
12 30 39
12 30 38
13 31 37
13 31 38
12 31 37
10 31 38
11 31 37
10 32 36
13 34 35
12 32 34
12 33 33
10 33 32
12 31 31
13 33 31
10 35 29
11 36 30
13 33 29
13 32 27
11 36 27
11 40 27
13 37 27
11 33 26
12 35 26
13 38 25
14 36 26
14 36 27
14 35 25
14 33 26
14 33 26
12 34 27
13 32 28
13 32 31
14 32 30
13 29 32
12 33 29
11 32 27
11 33 30
12 29 31
12 29 27
10 39 29
12 38 33
12 33 32
13 36 28
12 37 30
13 35 30
12 34 32
13 34 33
13 34 32
11 35 33
12 34 34
12 34 33
14 33 35
13 32 35
14 32 36
14 32 36
12 34 36
13 33 37
11 30 37
10 32 38
13 35 38
12 35 38
11 33 40
11 37 40
14 36 40
14 36 38
14 35 38
15 36 37
14 38 37
14 38 36
13 37 37
12 38 36
12 38 36
12 38 36
14 40 36
13 39 36
14 36 36
12 37 36
12 37 35
11 37 37
12 37 35
12 37 34
12 38 34
11 42 34
13 38 34
12 35 34
12 37 35
10 39 34
12 38 34
12 37 35
13 37 33
12 37 33
11 38 33
12 38 34
12 37 35
14 37 35
14 38 37
15 37 37
12 37 37
13 35 36
13 36 36
12 38 35
11 37 37
12 35 35
10 37 36
11 36 35
12 35 36
12 35 36
12 36 35
12 36 36
14 33 36
14 35 37
14 35 34
15 36 36
14 34 37
14 34 37
13 36 37
13 34 38
11 34 37
11 37 38
13 37 37
13 38 36
13 36 35
14 38 35
10 37 35
12 37 35
12 36 35
12 39 36
11 39 35
13 38 35
11 38 36
12 36 34
11 37 34
12 37 35
13 37 34
13 38 33
12 38 34
12 38 34
13 37 34
14 38 33
13 37 33
14 38 33
13 38 33
13 38 34
12 39 34
13 38 34
14 39 35
13 38 35
12 39 34
13 38 34
12 39 35
11 38 34
13 38 34
12 39 35
12 38 35
13 38 34
13 38 33
12 36 34
13 38 34
13 38 34
13 37 34
12 38 34
12 38 34
12 37 35
13 38 34
11 37 35
13 38 34
12 36 34
13 38 33
12 38 34
12 38 34
14 38 34
12 38 34
11 39 34
12 38 35
12 38 34
13 39 34
13 38 35
12 38 35
12 37 34
12 37 34
13 38 34
13 39 35
13 39 35
13 37 35
13 38 35
13 38 33
14 37 35
13 37 35
13 37 35
13 38 35
14 38 35
12 38 34
14 39 35
12 38 35
12 38 34
13 37 33
11 37 34
11 37 34
13 37 34
13 37 33
14 37 34
12 38 34
13 36 35
12 38 36
13 38 35
13 37 34
12 39 34
12 38 35
14 36 34
12 37 34
13 37 34
14 38 35
12 37 35
13 37 35
12 37 35
13 38 35
12 38 34
13 38 33
13 37 33
12 37 34
12 38 34
11 38 34
12 37 35
12 38 35
11 38 34
13 37 34
12 38 34
13 38 35
13 37 33
12 37 35
14 38 34
13 37 35
13 39 35
13 38 34
12 38 33
14 38 34
12 38 34
11 38 34
12 38 35
13 38 34
13 37 33
13 38 34
13 38 35
13 38 34
11 38 34
13 37 35
12 38 34
13 37 34
12 36 35
12 36 34
12 37 34
12 37 34
13 37 34
12 38 35
12 37 34
12 36 34
13 36 33
13 37 33
13 37 34
12 38 33
13 39 33
13 38 33
12 37 34
13 38 34
12 37 35
12 35 34
