18 32 47
18 32 47
18 32 47
17 32 47
17 33 47
18 32 48
19 32 46
18 32 48
19 32 47
19 33 47
18 32 47
18 33 48
17 33 47
17 32 47
18 32 46
18 32 46
18 33 46
18 31 48
18 33 49
18 33 48
15 30 47
16 31 48
16 31 47
17 28 45
19 28 46
19 26 45
20 27 44
20 25 45
20 25 45
19 27 45
18 25 45
18 27 47
17 28 47
18 28 47
18 28 47
16 30 47
15 30 47
16 29 46
18 28 46
17 29 46
18 29 46
19 26 46
18 28 46
18 27 46
19 28 46
18 27 47
18 29 47
18 27 46
17 28 47
17 28 46
18 28 46
17 27 46
18 29 46
18 28 47
17 27 49
19 27 50
19 24 52
23 28 53
25 36 55
26 39 55
24 34 51
23 35 51
22 33 46
20 28 46
18 29 39
14 25 34
08 25 35
12 29 41
13 30 47
14 31 51
19 34 50
20 30 47
21 37 44
21 33 45
17 31 45
14 35 44
13 35 45
14 37 46
16 37 46
17 34 45
17 39 45
17 40 46
17 42 47
18 42 46
19 43 46
19 45 46
20 42 45
21 44 44
21 44 46
21 43 45
21 46 46
14 43 43
20 46 43
20 46 43
22 46 44
20 43 44
21 46 45
21 45 45
22 47 45
23 46 44
23 47 43
22 45 44
23 46 44
23 46 44
21 48 44
20 49 45
19 48 43
23 48 46
26 47 46
25 46 44
25 50 44
25 49 42
25 47 42
23 49 45
23 48 42
22 48 42
21 48 43
20 47 42
20 48 43
21 49 42
20 50 41
16 46 39
19 49 38
15 52 41
18 46 42
18 44 39
20 46 37
23 41 39
23 41 35
21 45 35
17 43 32
15 45 33
12 42 35
09 41 32
11 46 31
15 47 34
13 47 32
12 46 30
13 45 31
11 47 31
10 47 27
12 45 27
13 43 28
14 43 29
16 44 32
15 45 32
14 41 34
17 45 29
22 51 27
22 47 28
23 50 30
20 49 31
19 45 29
16 54 26
17 49 25
16 47 25
13 42 27
13 40 32
12 42 31
13 42 31
15 37 31
15 41 30
14 43 31
14 39 30
13 39 32
12 40 30
12 39 31
13 39 32
13 40 33
12 40 33
12 41 33
14 40 33
15 39 33
13 39 33
14 38 32
13 39 31
14 38 32
14 38 33
13 38 32
13 39 31
12 39 32
11 38 33
15 37 33
16 39 34
16 39 33
14 39 34
11 36 33
11 36 34
11 37 34
12 38 34
13 38 34
12 37 34
13 38 35
11 38 35
10 38 34
11 38 35
12 39 34
14 37 35
12 39 33
13 40 33
12 38 35
12 39 33
12 40 33
12 40 34
12 39 33
12 38 35
13 39 32
12 40 34
11 39 34
12 39 34
13 38 35
13 39 34
13 37 33
13 38 34
13 38 34
13 38 33
13 38 34
12 37 34
12 39 34
12 38 35
12 38 34
14 38 33
13 38 34
12 39 35
13 39 35
12 39 34
12 39 34
12 38 34
11 37 34
12 39 34
11 39 35
13 39 34
13 39 34
13 37 34
12 41 34
13 39 35
14 39 34
12 39 34
14 38 34
13 38 34
12 38 34
12 39 35
12 38 34
12 38 34
13 38 36
11 40 34
13 38 34
12 38 34
12 38 34
13 40 34
11 38 35
12 39 35
13 39 35
13 38 34
12 39 34
12 39 33
