38 26 52
38 25 51
36 26 51
37 24 52
36 24 52
37 26 52
37 26 52
36 24 51
38 25 50
37 23 51
37 25 52
37 25 52
38 23 52
37 24 51
37 25 50
36 25 53
36 24 51
37 24 52
37 25 51
37 25 51
37 26 50
37 25 52
37 25 51
36 24 51
37 25 52
37 26 52
37 25 51
36 25 52
36 24 51
37 25 51
38 24 51
37 25 51
37 25 51
36 25 51
37 26 51
36 25 52
37 26 51
37 26 51
36 25 51
38 24 51
37 24 51
38 26 52
36 24 51
35 25 50
36 24 51
38 25 51
38 25 52
37 26 52
37 23 51
37 25 52
37 24 50
37 26 51
38 24 51
36 25 51
37 26 52
38 24 51
36 25 51
37 25 52
37 25 51
38 25 52
37 24 51
38 24 51
37 25 50
37 24 51
37 26 51
37 25 52
37 23 51
35 25 51
37 25 51
38 24 51
37 25 51
37 25 51
37 24 51
35 25 52
36 24 52
37 24 51
35 24 51
36 25 51
36 25 50
37 24 51
37 26 51
36 25 51
37 24 51
36 25 52
37 25 52
37 25 51
38 25 52
37 25 52
36 25 51
37 26 51
36 25 52
37 24 51
35 25 52
37 25 53
38 26 52
37 26 53
37 24 52
37 26 52
36 26 51
37 27 51
38 26 51
38 28 52
39 28 55
41 28 54
42 29 53
40 30 55
42 32 55
42 33 53
46 34 50
46 29 49
44 24 47
43 22 46
41 20 45
42 20 44
38 20 42
39 22 46
37 28 47
38 26 48
40 24 50
41 22 51
41 22 51
40 21 50
45 25 50
44 26 49
42 25 50
41 26 50
39 23 49
42 24 48
48 24 46
52 22 46
49 21 43
49 17 43
44 15 41
42 17 40
42 21 37
42 20 36
40 21 33
39 24 33
42 24 40
51 27 46
54 24 56
46 21 57
45 24 57
41 28 57
40 21 50
44 19 47
43 22 50
45 24 50
43 27 48
44 26 50
43 26 50
42 29 50
43 28 50
44 30 52
40 30 53
41 30 54
44 29 54
43 30 52
43 29 49
42 28 48
42 27 48
43 29 47
41 27 47
40 28 46
40 25 48
41 25 50
37 27 54
37 32 58
43 34 54
52 28 49
45 26 49
41 31 50
44 30 49
48 36 48
49 40 48
46 44 50
42 38 49
44 38 49
46 45 54
50 47 58
50 45 57
52 41 57
50 40 56
48 46 55
47 43 52
42 37 49
33 34 47
31 36 49
29 36 47
27 31 46
30 27 45
31 29 47
29 29 47
27 30 48
26 27 46
27 25 47
25 23 48
22 23 48
22 22 50
23 19 50
25 20 49
29 21 49
33 23 50
36 26 53
37 29 52
32 31 56
27 33 57
22 35 58
23 34 57
27 32 54
30 31 52
30 30 50
30 29 51
26 29 52
25 27 52
24 26 52
25 25 52
21 22 53
22 19 55
25 18 53
23 18 52
25 17 50
25 18 48
24 18 45
25 17 41
24 18 38
26 19 40
24 21 39
25 20 40
23 22 44
24 24 44
28 22 46
31 25 47
33 27 48
34 27 53
34 28 54
35 32 58
30 29 59
28 26 57
28 25 55
29 28 54
29 26 53
28 26 52
28 25 54
27 27 55
27 29 56
28 33 56
25 33 54
27 33 53
27 34 50
30 34 48
30 33 49
30 33 48
32 33 51
32 33 50
34 35 53
34 35 55
32 35 55
34 33 55
34 34 56
32 36 56
31 37 54
29 36 54
27 37 55
27 39 54
27 38 53
27 39 52
28 38 51
28 38 51
29 36 50
29 36 49
28 37 49
28 36 50
28 37 50
28 37 50
26 38 50
26 39 51
24 40 54
24 40 52
24 40 52
24 39 51
24 40 49
24 39 49
24 40 48
24 40 50
23 40 49
26 40 49
24 43 50
24 43 50
25 44 51
25 44 51
25 46 52
26 49 54
25 49 55
26 53 55
25 52 57
27 48 57
28 45 55
29 41 54
33 39 52
34 37 50
37 34 48
36 34 48
37 32 47
39 30 47
39 31 47
39 32 46
40 28 44
40 30 45
40 30 47
40 31 49
40 30 49
42 29 47
42 30 47
43 34 47
41 34 50
42 34 52
40 36 54
39 39 58
37 38 60
37 40 58
39 39 55
39 40 53
38 39 53
36 39 53
35 37 51
34 38 51
31 39 52
30 39 52
27 40 51
25 43 52
24 44 50
25 44 49
26 41 48
26 41 48
23 40 47
21 40 49
21 41 49
20 42 50
22 42 49
21 42 48
22 41 49
22 42 47
22 42 47
22 41 48
22 41 47
22 42 49
23 43 49
24 42 49
25 41 49
22 40 50
23 41 48
21 40 47
22 41 46
23 42 46
24 43 45
25 41 44
24 42 44
23 43 43
22 43 44
20 42 45
19 44 46
19 43 45
20 41 44
20 42 44
18 41 42
17 41 44
15 42 44
15 43 46
15 42 45
13 42 44
15 41 45
17 42 43
17 41 43
16 40 42
16 40 43
17 40 43
17 39 44
17 39 44
17 37 44
17 36 45
17 38 44
18 37 45
18 37 44
17 38 45
17 38 45
15 40 43
16 40 44
15 38 44
14 39 43
14 39 43
15 40 42
16 38 41
17 38 40
17 39 41
16 38 41
16 41 42
16 39 42
17 39 43
17 38 42
16 40 42
15 40 42
16 41 43
16 41 43
17 41 43
16 40 43
15 40 43
15 41 43
16 41 43
15 41 43
16 41 42
16 42 41
16 41 43
16 41 42
15 41 42
15 40 42
16 40 42
18 39 43
17 40 43
17 39 42
15 39 42
16 39 44
15 39 43
16 40 43
17 38 42
17 38 42
16 39 42
16 38 42
16 39 42
15 39 42
15 40 42
15 39 42
16 42 41
16 39 42
16 40 42
15 39 41
16 40 42
15 38 42
15 39 43
16 39 42
15 39 42
15 40 42
15 39 43
15 40 42
16 38 43
15 40 42
15 40 42
15 40 41
15 40 41
15 40 42
15 41 42
16 40 42
15 39 42
16 40 41
16 39 42
15 41 41
15 39 43
17 40 42
15 40 41
15 41 40
15 40 41
16 40 42
15 40 41
17 41 41
15 39 41
15 40 41
16 41 42
15 40 42
16 40 42
16 41 42
16 41 42
15 39 43
14 39 42
15 38 42
15 40 42
15 40 43
15 40 42
16 40 42
15 40 41
16 40 42
15 41 42
15 41 41
15 41 42
16 40 41
17 40 41
16 39 43
16 40 43
16 41 42
16 41 41
16 39 42
15 39 42
15 41 42
16 40 41
16 40 42
16 40 41
15 39 42
16 40 42
16 40 41
16 39 41
16 40 42
16 40 42
15 41 42
15 39 42
15 39 43
17 39 43
16 40 42
16 40 42
15 40 42
16 40 42
16 41 41
16 41 41
16 39 41
16 40 41
16 39 42
15 40 42
15 40 40
15 40 42
16 38 41
16 42 42
15 40 42
17 40 42
15 40 41
16 40 41
17 41 42
16 40 41
14 41 42
16 41 42
