17 29 45
16 29 45
17 29 45
16 29 47
17 29 45
17 29 47
17 30 45
16 29 46
15 29 46
17 28 46
17 30 45
17 29 47
17 29 46
18 30 45
16 30 46
17 30 45
16 29 46
17 30 45
17 30 44
17 29 45
17 28 46
16 29 45
16 30 46
15 28 46
17 29 44
16 28 46
17 30 46
15 30 46
16 29 44
16 31 45
16 30 45
17 29 44
18 29 46
16 29 46
16 30 45
17 29 45
18 29 45
16 29 45
17 30 46
17 29 46
17 29 44
15 29 47
16 28 48
16 29 48
17 30 48
16 29 49
15 28 50
18 28 48
20 27 47
19 27 46
21 25 46
21 22 46
21 22 46
21 22 46
20 21 46
20 19 45
20 18 44
20 16 43
21 19 43
22 18 41
24 17 42
23 14 41
25 16 41
24 16 40
26 15 41
27 12 40
27 12 41
28 11 42
27 12 41
28 12 42
28 12 41
29 13 41
29 12 41
30 13 41
32 16 41
35 16 42
36 16 41
39 18 40
40 19 41
42 20 39
44 23 38
45 22 39
43 23 38
45 24 39
45 24 41
44 22 40
44 21 44
42 19 45
41 18 45
39 18 45
40 20 46
37 19 47
37 17 47
37 16 48
35 13 49
34 13 46
33 12 46
32 13 47
32 12 45
33 12 49
31 12 50
32 15 51
33 17 50
34 16 47
36 16 47
37 18 45
37 21 43
38 21 42
39 21 41
39 21 44
38 22 44
38 21 44
37 23 45
37 22 45
36 25 43
36 25 46
34 26 49
32 24 52
30 26 54
28 23 54
28 25 53
28 25 51
27 28 51
30 24 49
30 24 48
29 26 50
28 27 50
28 26 50
30 25 52
30 26 53
31 25 51
30 25 53
30 27 55
29 28 55
29 28 55
27 30 54
24 31 52
23 30 53
23 31 52
22 30 51
21 30 50
22 29 48
21 30 50
21 29 51
24 29 52
21 29 56
23 25 56
23 25 52
25 32 51
24 35 50
25 34 51
25 32 52
22 32 51
21 33 52
21 33 52
21 35 53
21 34 52
22 32 49
23 32 49
23 33 50
25 34 49
27 34 49
28 33 49
26 33 50
26 32 51
25 33 52
26 35 54
26 32 54
28 32 53
27 33 51
26 35 51
26 34 52
24 33 51
25 32 51
25 33 51
23 34 51
24 33 51
25 34 50
23 33 51
24 32 50
25 33 51
24 33 51
25 32 51
25 33 51
25 33 52
25 32 51
25 34 51
24 34 51
26 35 51
26 36 51
25 36 51
24 35 51
25 32 51
24 33 52
24 35 51
24 36 51
24 35 51
23 35 52
24 36 50
24 36 51
23 35 50
22 35 50
22 35 51
22 34 50
22 33 50
22 36 50
22 35 50
23 35 51
24 36 50
22 36 49
22 34 49
22 33 49
20 34 50
19 35 50
21 34 48
21 34 50
22 34 50
21 34 48
21 35 51
19 36 49
18 34 46
16 36 46
18 37 46
18 35 45
16 36 44
15 36 41
13 35 41
15 37 44
14 33 41
14 35 40
13 36 38
12 35 36
13 34 35
13 36 36
12 34 33
13 35 32
13 32 32
11 36 30
11 34 31
12 34 29
11 35 29
11 30 28
11 36 28
10 32 31
12 34 29
14 34 26
13 33 27
12 35 26
12 35 26
10 34 27
07 30 28
07 28 26
04 28 24
09 28 20
07 27 21
10 25 21
12 27 23
12 28 25
14 31 25
14 29 26
11 25 26
15 30 27
13 30 27
14 29 29
15 30 29
15 30 30
16 32 31
15 31 30
15 32 31
15 32 32
14 33 32
13 32 33
14 34 33
12 34 34
12 35 35
11 35 33
12 36 35
13 35 33
13 34 32
12 36 33
12 38 33
11 37 32
14 38 32
12 38 33
11 37 34
13 39 34
12 38 33
13 39 35
14 38 34
13 38 34
14 39 34
14 38 33
13 38 33
14 38 32
13 38 32
14 39 33
12 39 35
14 39 35
14 40 35
12 40 36
11 39 36
12 39 35
11 39 36
12 38 37
11 39 35
12 39 36
11 38 36
12 37 35
12 37 35
13 37 35
11 37 35
13 36 35
12 37 36
13 37 35
12 37 34
13 38 34
14 38 35
14 39 35
13 39 35
12 38 35
14 39 35
13 38 35
13 39 34
13 39 36
13 39 35
13 37 35
13 39 35
13 39 35
12 38 34
12 39 35
11 39 34
12 39 36
12 38 35
14 37 35
13 37 35
13 38 35
12 39 35
12 38 35
12 38 35
12 39 34
13 38 36
11 39 35
13 40 35
12 38 35
12 40 35
13 39 35
12 37 34
12 38 34
12 39 34
13 38 34
12 38 34
12 39 33
12 39 35
14 39 34
13 39 35
12 39 35
12 37 34
13 39 34
14 38 35
13 38 35
12 38 34
13 38 35
12 38 34
