34 26 52
34 26 52
33 26 53
34 27 51
34 27 53
33 27 52
34 27 51
34 27 52
34 28 51
34 28 53
33 28 51
34 27 52
34 27 52
34 28 53
33 28 53
35 27 52
32 27 53
34 26 53
34 27 52
33 26 53
35 28 52
34 27 51
34 26 52
34 27 52
34 27 52
33 28 53
34 27 53
33 28 52
35 27 52
34 27 53
35 27 53
34 26 52
35 27 52
34 27 52
34 27 52
34 27 52
33 28 52
33 28 52
34 27 52
34 27 51
34 26 52
33 27 53
33 28 52
34 27 52
34 26 53
34 27 52
34 27 53
34 27 52
33 27 51
34 26 53
33 27 53
34 27 52
34 28 52
33 28 53
34 27 52
33 28 52
35 27 52
34 26 51
34 27 53
34 27 52
35 26 52
34 26 52
34 28 53
34 27 52
33 28 52
34 27 53
33 26 51
34 26 52
34 28 53
33 28 53
35 27 52
34 27 53
32 26 53
34 27 52
33 27 52
34 28 52
34 27 52
34 28 53
33 28 53
35 26 53
33 26 53
33 26 52
33 27 52
33 27 52
34 27 52
34 27 52
33 27 52
34 27 53
34 26 53
34 27 53
33 28 52
35 28 52
35 28 52
35 26 52
34 27 52
33 26 53
35 26 53
34 26 52
33 26 52
34 26 52
34 26 54
34 25 54
34 27 53
33 28 53
33 27 53
35 28 54
38 27 54
35 27 52
29 28 49
28 30 49
26 35 43
32 35 41
31 38 37
31 49 45
37 60 44
42 49 38
39 50 47
32 60 50
30 55 46
43 59 48
39 61 50
35 49 49
36 40 43
38 43 46
39 43 46
37 49 45
28 45 49
34 44 49
38 44 41
36 42 44
38 42 49
34 43 53
34 46 53
37 43 52
36 45 49
35 54 46
32 56 45
32 40 47
32 31 45
32 53 48
40 52 51
40 43 53
33 39 42
28 31 57
23 35 53
15 49 38
19 40 61
23 43 34
07 53 45
11 51 54
18 48 38
14 41 32
12 49 34
12 48 29
14 36 32
10 40 35
11 39 36
00 40 39
01 35 36
03 31 24
05 29 21
06 25 31
13 27 27
13 27 29
15 28 27
15 29 28
16 30 30
15 31 30
19 31 30
19 31 30
19 32 31
19 32 30
19 29 31
17 29 33
17 31 31
15 31 32
15 31 32
15 32 34
14 33 34
14 32 35
13 33 36
12 32 37
10 32 37
11 31 37
11 31 37
13 33 37
14 34 37
15 34 36
13 35 36
11 37 37
12 37 37
11 36 39
09 35 38
08 34 37
09 30 36
12 32 35
11 32 34
13 33 34
14 33 34
11 33 34
11 34 34
10 34 34
11 34 34
12 35 33
13 35 34
11 34 34
12 36 35
12 36 36
12 36 35
11 36 35
13 35 35
14 36 36
13 36 36
13 35 35
12 35 35
12 35 36
12 36 36
12 36 36
13 35 36
12 35 36
12 35 34
13 35 36
11 35 35
13 34 36
12 34 35
12 33 35
11 34 35
12 34 35
12 35 35
11 35 35
11 34 35
12 34 35
12 34 34
11 35 35
12 33 34
11 34 35
12 34 35
13 34 35
11 34 34
12 33 35
12 34 35
12 35 35
11 33 35
12 36 35
12 33 35
12 35 36
13 34 35
12 34 34
11 36 35
12 34 37
12 34 36
12 34 35
12 34 36
13 35 36
13 34 35
13 35 36
13 36 35
11 34 36
11 35 35
11 35 36
12 36 36
13 35 36
13 35 36
12 37 37
12 36 36
11 35 35
12 35 36
11 35 36
11 35 37
11 35 35
12 34 35
13 34 35
12 36 37
12 35 36
11 34 35
13 34 36
11 35 36
12 34 36
13 34 36
11 34 36
11 35 36
13 34 36
13 35 36
12 34 35
11 35 36
12 35 36
12 35 36
12 35 36
13 35 35
11 35 35
12 35 36
12 35 35
13 34 36
12 35 35
12 33 35
13 34 36
13 34 36
11 33 35
13 34 35
12 35 35
12 34 36
11 34 36
11 35 35
12 36 35
12 35 36
12 36 36
12 34 36
13 35 36
13 35 37
12 33 36
12 35 36
12 35 36
11 35 36
12 35 35
12 34 36
12 33 36
13 34 36
13 35 36
12 34 36
12 35 36
13 35 36
13 35 36
12 36 36
12 35 34
12 35 36
13 35 35
12 34 36
11 34 37
13 34 37
13 35 36
11 35 34
13 34 35
12 35 36
12 34 36
13 36 36
12 36 36
12 34 36
12 35 36
12 35 36
