29 34 52
29 34 52
29 34 52
30 32 52
31 32 53
31 33 53
31 33 53
31 34 52
30 33 52
31 33 54
30 32 53
31 33 53
31 32 53
32 33 52
30 33 53
29 33 53
30 33 53
30 34 52
30 33 53
30 33 53
30 33 52
30 33 53
32 32 52
30 33 52
30 33 53
30 33 54
31 32 53
29 34 54
30 33 54
31 33 53
31 32 54
31 31 55
30 31 57
29 29 58
23 37 59
21 32 57
22 32 55
22 33 55
23 31 53
23 31 50
24 32 48
25 31 45
26 29 41
33 28 44
24 28 45
27 26 45
24 26 44
25 29 45
22 35 51
17 31 59
18 32 56
20 38 46
20 29 42
15 33 47
14 27 46
13 28 44
11 35 42
11 33 44
09 37 43
09 32 41
10 22 41
11 24 41
09 26 41
09 24 36
07 17 36
08 20 36
11 20 36
14 23 34
15 23 33
20 23 34
24 16 31
26 20 28
25 21 30
26 12 27
22 11 24
23 09 25
24 11 25
26 08 24
25 10 26
24 11 26
24 14 23
31 20 21
35 21 22
38 19 22
41 15 29
40 14 27
42 12 28
41 11 27
39 13 26
41 12 24
37 13 28
34 16 29
38 11 27
39 14 33
38 14 31
40 10 33
41 08 36
41 08 37
43 10 36
41 09 37
42 09 37
40 10 33
38 08 30
39 10 25
39 17 24
37 16 24
41 17 21
42 22 21
43 23 19
42 20 23
42 18 28
44 17 33
36 18 38
37 14 45
36 12 48
35 13 45
35 13 47
31 11 47
33 04 41
40 01 42
38 08 43
31 20 43
41 04 36
37 14 34
39 12 30
36 13 30
35 08 30
34 06 30
31 12 29
32 09 27
33 10 29
35 11 29
36 11 30
37 11 30
35 11 30
34 10 32
35 11 34
34 13 37
36 15 37
37 10 33
37 13 33
39 14 35
37 13 37
36 13 37
34 12 37
34 11 36
30 11 35
31 11 34
31 09 34
31 09 34
32 08 32
35 09 31
35 11 32
38 10 33
38 13 32
36 13 33
36 13 32
36 13 32
36 14 30
37 11 28
36 13 28
35 12 28
32 11 30
28 09 27
31 06 26
33 06 28
32 11 30
33 10 29
35 10 30
36 13 30
35 15 33
36 11 32
37 09 33
36 13 34
33 12 38
33 10 33
34 12 36
35 10 35
37 14 34
42 12 33
44 20 35
43 22 37
42 23 37
48 21 37
48 22 38
45 17 42
43 16 43
38 12 45
37 11 42
34 10 44
33 08 45
29 06 46
30 08 45
28 09 44
28 10 44
31 09 41
29 14 42
30 13 41
33 12 40
36 14 41
36 14 41
38 14 38
38 15 39
38 15 38
40 16 37
42 14 36
45 14 38
44 15 38
42 17 38
41 15 38
40 17 40
39 15 40
39 14 39
41 16 41
38 13 42
36 14 40
37 15 40
39 15 41
38 16 41
40 15 39
41 16 39
42 14 40
43 14 40
40 14 42
41 11 41
41 15 41
41 15 42
41 16 41
40 16 43
40 15 41
40 16 41
42 15 41
41 15 41
41 15 41
40 15 42
40 15 41
40 15 42
41 15 42
40 17 41
41 17 40
42 16 41
43 15 42
42 14 43
40 13 43
41 11 41
40 12 41
42 13 42
41 14 40
43 17 40
43 17 39
43 14 40
43 15 40
41 14 40
44 17 39
42 15 39
42 15 37
44 18 38
44 18 39
44 19 38
44 19 37
46 19 38
46 20 40
46 17 38
45 16 37
46 17 38
46 17 37
45 17 38
45 17 36
43 18 37
45 16 35
44 18 36
45 15 37
45 14 37
45 16 39
46 13 38
46 16 39
46 19 39
44 17 41
44 19 43
41 18 41
41 16 39
40 16 39
42 16 39
43 14 39
47 14 39
47 16 40
45 17 39
44 17 38
44 17 37
43 16 38
44 15 38
43 15 38
44 13 37
45 13 37
45 18 38
45 18 39
47 16 40
45 16 40
43 16 40
44 17 40
42 17 41
43 19 41
43 18 39
44 17 40
46 16 39
47 17 40
47 17 40
44 18 40
44 18 42
45 19 42
46 18 41
44 18 42
46 18 42
47 20 43
47 21 44
48 19 44
47 19 44
43 26 45
45 25 43
42 27 45
42 23 42
46 19 40
47 21 40
47 26 42
45 20 41
46 19 40
42 20 43
37 23 44
35 23 47
45 17 47
40 13 47
38 16 42
40 20 39
39 18 42
37 10 41
36 13 39
34 13 42
24 27 35
20 00 31
23 00 30
24 02 33
20 03 40
15 02 36
20 02 34
22 05 36
20 16 39
21 15 38
25 17 38
26 27 42
26 30 44
28 23 45
30 23 45
28 32 50
27 28 52
27 30 52
25 30 54
23 31 55
23 34 57
23 33 56
24 36 51
22 36 50
18 30 50
20 25 47
23 35 50
20 37 57
18 29 50
18 34 48
21 33 50
20 34 50
20 33 52
19 33 53
18 31 52
18 37 50
20 33 44
23 24 33
19 33 36
18 25 56
18 11 52
12 33 37
06 28 47
12 25 40
14 26 39
15 26 38
15 26 35
13 26 34
17 27 35
16 30 39
09 23 37
05 24 36
01 31 35
06 30 33
09 31 33
08 28 31
07 29 32
11 23 31
11 24 29
10 30 31
09 33 31
13 30 32
16 32 31
17 36 30
16 33 32
18 29 32
18 34 33
16 33 31
14 31 31
11 35 34
13 29 30
10 29 29
10 31 27
18 23 30
13 28 33
10 29 33
12 31 32
13 29 31
12 31 33
12 35 32
10 36 32
12 37 33
11 36 35
13 33 38
13 32 37
12 35 36
10 35 35
09 37 36
12 36 35
10 36 35
10 35 34
11 35 35
11 35 34
12 34 34
12 36 33
11 35 33
11 35 33
11 34 34
10 35 33
12 34 32
12 33 33
13 34 33
12 35 33
12 35 33
13 34 33
12 34 33
12 37 33
11 35 34
12 36 33
11 36 33
13 36 33
12 35 33
11 36 34
11 35 33
12 35 33
11 35 34
13 35 33
13 36 34
10 35 34
12 36 33
12 35 34
12 36 34
12 35 33
12 35 33
10 35 34
12 36 34
11 35 33
12 37 32
12 36 34
11 36 34
11 35 33
11 35 33
12 36 34
12 35 33
12 36 34
13 36 33
12 36 34
12 37 34
13 36 33
13 36 34
