22 39 48
22 39 48
25 38 45
24 36 48
21 35 53
21 35 50
21 35 48
21 37 49
21 36 46
22 37 48
20 36 50
20 37 49
22 36 49
21 35 49
21 36 49
21 36 49
22 37 48
22 36 50
20 36 49
22 38 49
22 37 49
23 37 50
23 38 49
22 37 50
21 37 49
22 36 49
21 38 49
22 37 48
21 35 50
21 37 49
21 36 50
23 36 48
23 35 49
22 35 48
22 37 48
21 36 49
21 37 50
21 36 49
21 36 48
22 37 48
20 36 49
22 37 49
22 37 49
20 37 49
21 36 50
21 37 49
21 36 50
20 37 49
21 37 50
20 37 50
20 38 49
19 37 51
18 38 51
13 35 50
15 38 48
15 40 46
16 38 46
17 37 46
17 39 46
18 36 42
18 35 43
19 35 46
18 32 45
18 31 43
18 32 46
21 33 46
18 34 45
19 30 48
21 34 46
21 29 43
24 34 51
23 37 44
15 30 41
09 35 39
09 43 38
11 44 40
13 35 42
17 39 36
17 39 39
15 32 36
16 44 34
14 35 38
15 50 31
11 53 40
12 47 33
15 46 34
18 46 36
18 46 32
19 49 39
17 50 37
19 50 37
19 48 39
22 52 35
18 45 34
22 53 38
21 47 29
23 57 38
21 48 36
23 49 31
24 55 37
22 49 33
22 52 39
26 49 38
21 49 34
22 53 39
22 51 35
21 51 35
22 50 41
21 50 35
21 51 37
22 50 39
22 51 36
21 51 37
21 49 38
21 48 36
19 51 38
19 49 39
22 50 36
19 49 38
19 47 40
22 49 37
19 47 37
19 45 37
18 47 40
18 46 37
19 50 35
16 44 37
16 44 36
18 50 39
18 44 39
14 42 36
13 42 32
16 42 32
16 42 36
13 39 36
14 40 34
15 38 33
13 37 29
11 40 28
12 38 29
14 41 30
11 39 31
12 37 26
12 38 28
12 38 25
13 41 28
10 37 32
13 39 24
15 40 29
13 36 26
12 37 24
15 37 28
13 38 24
11 37 21
12 37 30
16 44 33
08 41 31
18 41 27
13 40 30
10 39 28
12 44 28
13 41 29
13 39 29
15 42 30
14 40 31
14 40 31
15 41 31
14 40 33
15 41 33
10 43 33
11 40 33
15 40 34
12 41 36
12 39 36
10 38 38
09 37 36
11 39 35
14 35 38
15 37 37
17 39 37
16 38 37
13 37 36
13 38 37
12 39 34
12 39 35
13 37 35
13 40 36
13 38 40
14 40 41
14 41 43
15 39 40
15 41 37
16 42 38
15 43 38
14 44 38
13 45 37
13 45 37
13 44 36
13 44 36
14 44 35
16 42 32
13 42 35
17 43 35
16 41 33
16 44 34
18 42 33
18 42 34
17 47 38
17 49 40
15 48 41
18 45 41
18 48 41
17 45 33
14 43 29
13 43 29
11 40 30
12 38 30
12 41 32
13 42 32
14 43 31
13 42 29
13 45 29
12 42 30
11 42 29
10 44 32
10 43 31
10 42 32
11 41 30
15 43 32
16 40 31
15 40 31
15 38 31
13 38 30
15 39 30
14 38 30
16 43 31
16 41 31
17 42 33
15 40 33
16 39 33
14 40 33
15 39 34
12 40 35
07 35 38
11 38 40
11 34 32
13 38 29
11 37 26
13 36 24
13 37 26
14 37 28
13 36 28
11 37 28
13 37 31
12 36 31
13 36 30
13 37 29
12 36 30
13 36 28
11 36 28
12 37 29
13 36 28
12 34 29
13 34 30
12 35 29
13 36 29
12 36 28
12 36 28
12 35 29
12 35 29
13 36 28
13 35 29
12 35 29
13 35 29
12 35 29
12 36 29
12 35 28
12 36 28
11 37 28
13 34 28
11 35 29
11 35 29
13 35 29
12 35 29
13 35 29
13 34 29
12 34 28
12 34 27
14 33 28
12 35 28
12 34 29
11 34 29
11 34 30
12 35 29
12 34 29
12 34 29
11 34 28
12 34 28
13 36 29
12 36 28
13 36 28
12 35 29
12 34 28
13 36 28
11 34 29
12 36 29
13 37 30
12 38 30
14 41 30
12 48 31
12 48 32
15 48 32
15 49 32
16 51 32
20 51 31
22 50 33
26 47 31
