44 27 49
43 28 49
44 28 49
43 27 49
43 28 50
44 28 49
44 29 50
44 28 49
43 29 50
43 28 50
42 27 50
43 27 50
44 27 50
44 27 49
44 28 49
42 27 50
46 27 50
44 27 49
43 28 49
44 28 51
44 27 49
44 27 49
43 28 50
45 28 50
44 28 50
43 28 49
44 27 49
43 28 50
44 29 49
45 26 50
44 28 49
44 27 50
44 27 50
45 26 48
45 29 50
44 29 50
43 28 49
44 28 49
43 29 50
44 28 48
44 27 49
45 28 49
44 28 50
44 28 50
43 27 49
43 28 50
43 28 49
45 27 48
44 29 50
43 27 50
43 27 49
44 28 50
45 28 50
44 28 49
43 28 50
45 28 49
44 28 49
43 28 50
43 28 50
42 28 49
43 28 50
44 28 51
44 28 50
44 27 50
43 28 49
43 26 49
45 28 50
43 27 49
44 28 49
42 28 50
43 28 50
43 27 50
44 27 50
43 27 50
43 28 49
44 28 50
44 28 49
43 28 50
43 28 51
44 29 50
44 29 50
45 27 50
45 27 50
44 27 49
43 27 50
44 25 50
44 26 51
43 29 50
44 30 50
44 28 49
43 29 48
42 27 50
43 28 49
42 27 50
42 27 49
41 28 47
43 27 46
47 26 51
49 26 51
46 25 49
45 25 47
44 26 47
43 26 47
44 25 49
45 24 49
46 25 49
46 25 46
47 23 46
45 25 49
45 25 50
41 24 48
44 24 49
42 23 49
42 25 50
43 21 51
42 22 54
46 25 54
44 25 54
43 26 52
40 26 49
37 24 46
34 22 40
34 18 38
37 17 37
42 18 36
47 18 36
47 19 39
47 21 38
45 22 39
51 22 43
55 23 46
54 23 43
50 25 41
45 27 37
49 28 40
50 30 43
44 27 39
51 17 42
50 22 45
48 34 50
50 43 57
47 32 55
46 30 49
47 37 50
49 43 52
45 40 53
46 39 52
47 32 49
45 28 46
43 26 45
43 28 43
47 29 45
46 30 46
46 34 51
48 37 51
50 37 50
50 33 48
48 29 45
46 29 46
45 23 46
45 21 46
43 22 45
43 22 44
40 25 47
38 28 50
36 32 49
46 32 50
59 30 50
58 28 49
54 23 44
47 24 46
45 35 45
51 41 46
55 37 47
56 39 43
54 37 44
51 31 45
57 29 48
60 35 48
55 38 49
53 36 50
48 36 54
42 42 55
39 39 53
34 36 51
33 28 51
31 26 49
29 29 48
27 28 46
28 27 45
28 24 45
29 23 47
33 23 48
34 22 48
34 23 52
34 23 51
33 24 51
33 22 52
33 23 52
31 25 51
31 24 52
33 24 49
31 25 49
32 24 50
32 23 50
30 21 49
30 23 49
30 22 51
29 22 50
29 23 50
29 25 52
29 25 51
28 25 52
30 25 52
30 27 52
29 26 52
27 27 52
27 24 51
27 25 51
28 26 51
27 25 51
27 24 52
26 24 53
25 26 51
24 25 50
21 26 49
19 25 46
21 27 47
21 29 47
22 28 48
23 28 49
21 27 50
24 27 50
27 28 53
27 29 52
27 29 53
28 28 57
30 30 57
29 30 56
29 32 53
27 33 53
25 33 52
23 32 50
25 29 46
23 26 48
24 27 52
25 31 52
26 32 53
25 32 52
23 30 53
22 30 53
23 29 52
24 29 50
25 28 51
26 27 50
23 27 51
24 27 51
24 26 52
24 24 49
24 22 49
23 23 50
22 23 49
20 21 48
20 22 46
22 21 47
23 22 46
23 23 45
23 24 47
24 26 49
23 26 50
24 26 50
23 25 50
23 26 49
23 26 48
21 29 48
22 29 49
22 30 51
22 29 51
24 31 52
25 32 52
26 31 53
26 31 53
28 31 52
27 33 53
27 32 52
28 33 52
27 33 51
27 35 51
26 34 52
28 35 51
29 35 53
29 34 53
29 34 54
28 33 53
29 35 52
28 36 53
27 37 52
26 36 52
27 36 51
27 36 50
29 36 51
28 36 51
26 36 51
26 37 52
27 37 51
26 37 52
27 37 52
25 39 51
26 38 52
27 38 51
26 39 51
26 39 51
26 40 51
26 38 51
26 39 51
26 40 51
26 41 52
24 41 52
26 39 52
26 38 51
27 40 51
28 40 52
29 42 52
29 42 52
30 41 52
29 39 51
29 39 51
30 38 52
29 39 50
30 39 51
30 42 50
30 42 52
30 40 52
30 41 52
28 40 52
29 40 53
29 40 52
29 39 52
29 42 53
29 42 52
28 40 53
30 41 52
28 41 52
28 42 52
28 42 51
28 41 51
29 43 50
28 44 50
27 44 51
28 43 50
27 42 49
27 43 49
27 43 50
26 43 49
26 43 50
27 43 49
26 43 48
29 43 47
28 43 47
26 44 48
26 43 48
26 43 48
27 44 48
28 43 48
26 42 47
25 41 47
26 42 45
26 41 45
26 45 45
25 46 45
24 45 45
24 47 46
23 48 47
27 46 49
22 49 48
24 50 48
22 50 46
22 48 43
22 48 42
23 49 41
22 48 41
22 46 41
22 46 41
22 43 42
21 44 42
21 45 42
21 47 42
22 48 43
22 48 43
24 48 43
22 48 43
23 48 43
23 48 43
24 49 43
23 48 43
22 49 42
21 49 43
22 47 44
22 47 43
22 47 43
22 47 42
23 44 44
23 45 44
23 45 43
22 46 43
23 43 43
23 42 42
22 41 42
22 43 41
19 43 43
20 42 42
17 43 42
16 44 43
14 43 44
14 44 43
15 42 44
15 41 43
16 41 42
16 41 43
17 40 43
17 42 42
17 42 43
17 41 43
15 42 43
15 41 42
16 40 43
15 40 41
15 39 41
15 40 42
16 40 41
16 40 43
15 39 43
16 40 42
15 39 43
16 40 42
15 40 43
16 41 42
16 40 42
16 41 43
15 41 42
16 40 42
17 40 42
16 40 42
16 40 41
15 39 40
15 41 41
15 40 42
16 39 42
15 40 42
16 39 43
17 39 42
16 38 42
15 39 42
15 38 42
15 39 42
15 39 42
16 40 42
16 40 42
15 40 42
16 40 42
15 40 42
15 39 42
15 39 42
16 40 42
15 40 41
16 41 41
15 40 42
15 41 42
16 41 42
15 40 42
15 40 42
15 41 42
14 40 41
15 39 42
15 40 42
15 40 40
16 40 41
15 39 41
14 39 41
16 40 41
15 40 41
16 40 41
15 40 41
16 40 41
15 40 41
16 41 42
16 40 40
16 40 42
15 39 41
15 39 41
15 40 41
15 39 42
16 41 41
18 40 42
16 40 41
16 40 41
16 41 41
15 40 41
15 39 41
16 40 41
15 40 41
16 41 42
16 41 41
15 40 42
16 40 41
16 39 41
16 40 42
15 40 41
16 40 42
15 40 42
16 40 42
15 38 42
15 40 42
15 39 40
15 40 41
18 40 41
16 40 42
15 39 41
15 40 42
16 40 42
15 39 42
16 40 42
15 39 42
15 39 42
16 40 42
16 40 41
16 40 42
16 39 41
16 40 42
16 40 42
16 40 42
15 39 41
15 40 40
15 40 41
15 40 42
15 39 42
15 40 41
15 40 42
16 41 41
15 40 41
16 39 41
15 40 41
16 41 41
14 39 42
14 40 41
16 40 42
15 40 42
17 39 41
16 39 41
15 40 40
15 40 41
14 40 41
15 40 41
15 40 41
15 39 42
16 40 41
