22 24 48
22 24 48
22 24 48
23 24 49
23 24 49
23 26 49
23 25 49
22 25 49
23 25 49
24 24 49
23 26 50
22 25 49
23 24 49
24 25 49
23 25 49
24 25 49
22 24 49
23 25 48
23 25 49
24 25 49
24 25 49
23 25 49
23 24 49
23 25 48
22 24 49
23 25 49
22 24 49
22 24 48
23 25 49
24 25 50
23 25 49
23 25 50
24 24 49
23 25 49
22 24 49
23 25 50
24 25 49
24 25 49
24 25 49
23 25 49
22 24 49
23 24 48
22 25 50
22 26 48
23 25 49
24 24 49
22 25 49
23 24 49
22 24 48
23 24 49
22 25 49
23 23 48
25 25 49
24 24 48
23 25 49
23 24 49
23 25 49
23 24 48
22 25 49
23 24 48
23 23 49
23 23 48
25 24 48
26 24 49
24 25 49
25 24 49
23 24 49
24 25 48
23 24 49
23 23 49
22 24 49
23 23 48
25 24 49
25 24 49
24 24 49
23 24 49
23 25 50
24 24 48
23 24 48
23 23 48
23 25 48
24 24 49
23 24 48
24 24 49
23 24 49
22 24 49
23 25 49
23 24 49
23 23 49
24 25 49
23 24 49
25 23 48
23 25 49
24 24 49
23 24 49
23 25 49
23 24 48
24 24 49
23 24 49
26 24 49
23 23 50
25 24 49
24 26 51
26 26 50
25 27 49
25 23 47
25 25 48
24 23 49
22 23 48
21 23 47
21 24 48
21 24 47
22 25 48
19 25 49
21 24 48
21 25 48
21 25 49
21 25 48
20 26 48
21 26 47
21 25 48
21 26 47
21 23 48
21 25 46
21 25 48
22 25 48
22 26 46
21 28 46
21 29 47
20 28 48
19 28 48
16 28 48
17 28 46
16 27 44
18 27 47
19 25 49
20 28 50
22 28 46
22 33 48
19 32 49
18 33 51
18 30 53
18 32 50
20 32 48
19 31 48
18 32 47
20 31 46
21 30 48
21 29 48
21 31 48
18 29 50
17 28 48
17 32 47
16 33 47
16 31 46
18 30 43
17 30 44
17 30 43
18 29 43
15 32 45
16 32 44
12 28 45
13 28 46
14 31 44
15 34 43
14 34 41
17 34 41
17 29 41
16 32 41
16 32 44
17 32 45
15 31 45
16 33 47
18 34 44
16 34 45
14 36 43
15 33 42
13 35 47
12 39 43
13 39 43
13 42 42
14 40 39
16 40 41
15 39 42
12 41 39
15 43 40
14 41 42
15 41 40
15 43 38
15 42 41
15 41 38
15 42 41
14 41 42
15 42 37
15 44 39
16 42 41
15 44 38
16 43 38
16 42 41
16 43 39
16 44 42
16 42 40
15 42 38
16 43 40
15 43 39
16 41 37
15 44 41
15 43 41
14 41 38
16 43 39
14 43 41
15 43 40
15 41 39
18 43 39
17 45 37
17 42 40
13 42 41
15 44 39
15 44 40
13 43 41
15 41 40
14 44 39
12 42 38
19 43 37
18 47 38
15 43 40
18 44 39
17 47 39
22 47 38
23 48 37
24 50 37
22 52 35
18 52 36
22 48 35
23 50 36
20 50 37
20 50 36
19 52 36
18 50 38
16 50 37
16 51 37
15 49 37
14 47 38
15 49 40
14 47 42
12 42 37
16 44 34
18 41 31
20 36 33
19 44 35
20 41 38
17 42 39
16 35 39
15 34 42
14 34 42
13 37 42
12 35 42
13 35 41
13 34 44
13 37 45
15 41 45
15 41 47
15 38 46
14 38 45
17 35 45
16 37 46
16 35 46
19 38 45
20 39 44
21 41 47
22 43 49
22 40 47
23 39 48
23 39 50
22 39 50
20 38 50
19 38 51
18 37 51
18 35 50
14 36 51
16 34 48
18 27 42
19 32 42
19 41 46
19 48 48
22 45 48
25 44 50
29 41 46
28 50 49
31 39 46
34 42 46
35 45 48
31 39 46
27 43 49
25 43 48
24 41 47
22 43 51
22 45 49
25 44 49
28 42 49
27 39 46
28 35 45
29 38 48
25 47 54
22 48 52
19 39 53
17 35 50
18 37 46
17 40 46
17 40 48
18 40 47
21 38 47
20 40 47
20 38 46
20 40 48
20 39 47
19 40 48
20 39 47
20 38 47
21 39 47
21 39 47
20 39 48
20 39 48
19 40 48
20 39 47
20 40 47
21 40 47
19 39 47
21 40 47
20 40 48
19 39 47
20 39 49
20 40 47
20 40 47
20 40 47
20 38 47
19 40 47
19 40 46
21 39 45
20 39 46
19 41 47
19 40 49
18 39 50
17 39 47
17 39 45
17 38 46
18 37 44
20 38 43
19 39 44
17 39 44
13 42 42
11 40 41
13 39 40
15 41 39
16 41 39
12 39 38
11 39 38
10 37 36
11 38 37
10 36 35
12 35 34
12 37 33
11 36 31
12 36 31
15 39 30
11 40 30
10 38 30
08 35 28
11 35 27
13 36 27
13 36 28
13 33 25
13 34 27
12 34 25
14 32 23
15 35 26
11 31 25
11 32 26
12 33 25
11 32 26
10 30 27
12 34 28
09 36 28
07 34 29
11 30 33
13 35 29
10 33 29
10 29 23
11 26 25
14 31 27
13 35 28
15 35 29
16 33 27
15 33 30
12 36 29
09 35 30
11 32 29
14 34 29
14 36 31
13 37 32
12 37 31
11 34 33
13 35 31
13 37 31
12 37 31
12 36 32
12 38 33
12 39 33
11 37 33
12 37 33
12 38 33
12 37 35
12 36 34
12 38 36
11 38 35
11 38 36
12 38 36
12 39 34
13 39 34
13 39 35
13 38 35
12 38 34
12 38 35
11 38 34
13 37 35
12 37 35
11 36 34
13 37 33
12 37 34
12 38 34
11 37 34
12 38 34
12 37 33
12 36 34
11 36 34
13 36 34
12 37 33
12 36 35
13 36 34
12 37 34
11 35 33
13 35 33
11 35 34
12 35 34
11 34 34
11 34 34
12 33 35
13 34 35
12 34 33
13 32 33
12 32 34
12 32 33
11 32 33
11 32 35
10 32 34
11 30 34
12 28 35
11 31 34
13 30 34
13 30 34
11 30 32
11 31 33
12 30 34
12 30 33
12 29 33
12 31 33
10 30 34
11 32 33
12 30 34
10 30 33
11 31 33
10 29 33
11 29 33
11 30 34
13 29 34
11 31 32
12 30 33
11 31 35
12 31 34
11 30 34
11 29 33
13 28 33
12 29 33
12 30 32
12 28 33
11 30 33
13 31 34
12 29 34
12 29 33
12 29 32
11 29 33
12 29 33
13 29 33
11 29 33
12 31 33
10 30 33
10 30 35
11 31 34
12 30 33
12 30 33
11 30 33
11 30 33
