30 27 52
30 28 52
30 28 52
31 27 51
30 27 53
30 27 52
30 27 52
30 27 52
32 26 52
30 26 52
30 28 52
31 27 53
31 27 52
32 27 52
29 26 51
30 27 52
32 28 51
31 28 53
31 27 53
30 28 53
30 27 52
30 27 52
30 27 52
30 26 52
31 26 52
30 28 53
29 27 51
31 26 52
31 26 52
29 26 52
30 27 52
29 26 52
31 28 52
31 28 51
32 26 51
30 26 52
30 27 52
29 28 52
29 28 52
30 27 52
30 27 52
30 26 51
31 26 52
30 28 54
30 26 53
29 27 53
31 29 53
30 29 51
32 28 51
30 26 52
30 27 52
30 27 52
32 28 51
30 26 51
31 28 52
30 27 52
30 26 52
31 27 52
30 27 52
28 27 53
31 27 53
31 29 52
31 28 52
32 28 51
31 29 52
30 27 53
31 27 52
30 29 52
30 29 52
31 27 52
29 26 52
31 28 52
30 28 52
29 28 52
30 27 52
30 27 51
31 27 52
30 28 53
30 28 53
31 28 53
31 28 53
30 27 53
31 28 52
32 28 52
30 27 51
31 29 52
31 27 53
32 27 52
31 29 52
31 27 53
31 28 53
31 27 52
31 30 52
31 27 53
31 27 53
31 27 54
30 28 54
31 28 53
30 30 51
30 28 52
30 27 52
30 28 54
30 30 54
30 31 54
30 31 54
31 30 54
30 30 54
32 31 53
31 30 53
31 31 53
31 31 53
32 32 52
32 32 52
34 33 52
34 30 51
34 28 52
34 28 52
34 27 52
33 26 52
33 27 52
33 26 53
32 25 53
30 27 52
28 26 53
28 26 53
27 25 51
26 27 50
27 27 51
28 28 52
29 30 52
30 30 52
30 31 53
32 30 51
31 32 51
30 33 53
30 32 55
29 32 56
29 32 56
30 32 58
32 28 56
31 27 55
34 26 53
36 27 52
36 27 51
38 29 48
38 29 48
37 29 47
34 28 48
36 26 50
34 25 49
36 26 51
35 27 53
35 27 53
33 27 53
32 28 53
32 30 54
32 29 53
33 29 52
30 29 52
27 28 52
28 26 53
27 25 54
26 25 52
28 27 52
27 30 52
28 29 50
25 30 51
25 31 49
20 30 49
22 29 50
23 27 51
23 28 51
23 29 53
22 31 51
22 32 52
21 30 51
20 30 51
19 28 49
19 27 51
20 27 49
21 29 51
22 29 48
24 31 49
24 31 47
24 32 50
22 30 50
23 30 50
22 32 49
23 31 49
23 31 50
23 31 51
24 32 50
24 33 48
24 33 49
24 32 50
24 31 50
23 31 49
24 31 50
23 31 50
21 31 48
21 31 49
21 30 48
21 30 49
19 31 49
18 32 47
18 31 50
17 32 48
19 33 49
18 31 47
18 33 46
19 35 45
17 37 44
17 38 43
16 38 42
16 36 41
15 35 42
16 35 43
16 38 41
15 40 44
14 41 45
14 41 46
14 41 46
15 42 45
16 43 44
17 42 45
19 43 44
20 43 44
21 44 45
20 44 44
20 45 44
21 44 45
21 44 44
20 46 44
20 45 46
21 45 45
22 46 44
21 45 44
22 46 45
23 46 45
23 46 43
22 47 44
24 48 45
24 48 45
24 48 47
26 49 47
25 48 47
24 48 47
24 48 47
24 47 45
24 48 44
26 47 44
27 46 43
26 47 44
28 47 43
27 49 44
27 48 44
27 48 44
28 49 45
27 48 46
26 48 46
28 49 46
27 47 45
26 48 45
27 49 45
26 49 45
25 50 44
26 48 45
26 48 45
26 47 45
26 48 46
26 47 45
27 48 44
26 47 45
27 48 44
27 48 44
29 48 44
27 47 44
28 48 43
28 50 45
27 50 44
29 48 43
28 48 44
28 47 44
28 47 44
26 49 45
25 46 47
25 46 47
24 45 48
26 42 46
26 43 45
23 44 44
23 44 46
23 45 46
24 41 46
23 40 47
24 41 48
25 41 52
23 44 51
23 46 50
21 45 48
20 44 46
20 45 46
21 45 46
20 45 45
18 46 46
19 46 44
17 44 42
16 43 40
14 44 40
13 41 39
13 44 39
11 45 39
09 47 39
10 43 38
11 43 38
12 42 41
14 41 40
15 41 40
17 39 40
18 40 39
17 40 39
18 41 38
17 41 38
18 40 38
18 39 36
19 42 38
17 43 40
17 41 40
18 42 40
18 39 40
18 40 43
17 39 42
17 41 42
17 40 42
19 40 43
19 40 42
20 40 41
20 39 43
20 39 42
19 40 43
19 41 44
19 42 44
19 41 45
18 41 46
19 39 45
16 40 45
17 39 45
16 39 46
15 41 45
13 40 44
13 40 46
14 39 43
14 39 43
15 38 42
16 38 43
15 37 42
17 37 42
16 37 42
16 37 43
15 38 41
14 38 42
14 37 41
15 37 42
15 36 42
15 37 42
16 37 42
14 35 43
17 36 43
15 36 43
16 36 43
14 36 43
16 37 43
15 37 43
16 36 42
15 35 42
15 35 43
16 37 42
14 35 43
15 35 42
14 36 43
13 36 42
14 35 43
14 36 42
14 36 41
14 35 42
15 36 43
14 36 42
14 36 41
15 37 42
14 35 42
15 36 42
15 37 42
15 36 42
16 36 41
15 35 41
14 35 43
15 37 41
15 36 43
15 35 43
15 35 42
13 36 42
14 35 42
16 35 43
14 35 42
14 38 42
13 36 41
16 36 41
13 36 42
13 35 41
14 37 41
14 35 41
13 34 41
13 35 41
14 35 41
15 34 40
14 35 41
13 36 41
14 35 41
15 35 41
14 35 41
15 36 41
14 35 41
14 35 42
15 35 41
14 35 41
14 36 41
15 35 41
13 34 42
14 36 42
15 35 42
15 35 42
14 35 41
14 35 42
14 35 41
13 35 41
14 36 41
15 36 42
13 35 41
15 35 41
14 37 41
14 36 41
14 33 41
14 35 41
14 35 41
14 34 40
14 35 41
13 34 41
14 36 42
14 34 41
15 35 41
13 35 42
15 34 41
14 34 43
14 35 41
15 35 41
14 34 42
14 35 41
15 34 40
14 35 41
14 35 41
14 35 41
14 34 41
14 35 41
13 35 41
15 35 41
14 33 40
14 35 41
12 35 41
14 33 40
13 35 41
14 34 40
14 35 40
12 35 42
14 34 42
12 34 41
14 35 41
14 35 40
14 35 41
14 35 42
15 36 40
14 35 41
14 36 40
13 36 41
15 35 40
15 35 40
14 36 40
14 36 42
14 35 40
15 36 40
