41 37 51
40 38 51
40 39 51
40 38 51
39 38 50
40 38 52
40 38 52
41 38 51
40 38 51
40 38 51
40 37 51
40 39 51
40 38 51
40 38 51
40 37 51
40 37 51
40 39 51
40 38 51
40 38 51
40 38 51
39 38 51
40 38 50
39 37 52
40 39 52
40 39 51
40 38 51
39 39 51
41 37 51
39 38 51
40 37 51
39 38 51
41 38 50
41 39 50
41 38 50
40 38 52
40 37 51
40 39 50
40 39 51
41 38 51
39 37 51
40 38 50
39 38 52
40 37 51
40 37 51
40 38 52
40 37 51
40 39 52
40 37 52
39 38 51
41 37 51
40 37 51
40 38 51
41 38 51
40 37 51
39 39 51
40 38 51
40 38 51
40 38 51
41 38 51
41 37 50
39 38 51
40 37 51
39 39 51
40 37 51
41 37 52
40 38 51
39 38 50
39 39 52
40 39 51
40 38 51
40 39 51
40 38 51
39 38 52
39 39 51
39 38 51
39 39 52
40 38 51
41 39 51
40 39 51
40 37 50
40 37 51
41 38 51
40 38 50
42 38 51
39 38 51
40 38 50
40 39 49
40 37 51
41 38 52
39 38 52
40 39 51
38 38 51
39 37 50
40 37 51
40 38 52
39 39 52
40 38 52
39 38 52
39 38 52
39 37 52
41 39 51
40 37 51
40 38 52
40 38 52
39 38 50
40 38 52
39 39 50
41 37 50
37 38 52
41 36 52
42 35 52
41 37 53
41 36 52
41 36 51
40 35 52
40 34 51
41 34 52
42 32 52
44 33 51
42 34 52
42 32 49
42 32 47
41 36 47
38 36 47
40 37 44
35 38 44
35 43 47
35 47 47
37 47 54
41 42 48
40 40 53
38 41 61
40 37 54
39 40 53
41 39 52
42 34 48
37 33 47
35 33 50
28 35 58
19 36 60
11 45 63
13 32 61
15 29 49
15 28 44
28 35 44
35 38 44
49 59 47
62 55 51
58 23 34
19 28 62
08 53 63
22 38 49
26 32 43
13 38 56
18 35 48
21 35 46
20 37 51
19 38 57
27 32 41
17 38 51
17 40 52
21 33 42
15 39 51
20 37 43
19 35 44
17 37 46
17 37 46
18 36 44
16 39 48
18 34 46
19 39 48
17 34 48
19 36 47
13 38 44
13 40 42
10 42 39
12 40 36
08 42 37
10 42 36
10 42 35
09 36 39
07 36 38
12 37 36
10 40 39
07 43 41
08 38 36
12 34 36
10 30 29
07 30 23
06 29 24
06 31 25
06 35 29
10 31 31
11 31 31
10 34 32
12 34 32
12 32 32
13 32 31
12 34 34
13 33 34
13 35 37
14 35 39
16 35 37
17 37 39
22 38 43
24 34 43
24 37 44
29 36 47
28 38 47
30 36 49
31 36 47
29 39 51
30 40 52
30 39 50
32 39 52
32 39 50
31 39 49
33 43 52
33 41 50
33 41 48
32 43 51
31 42 50
31 43 49
30 43 50
30 42 50
30 41 50
30 42 50
30 42 51
29 42 50
30 42 51
30 41 51
29 41 51
30 42 50
31 43 51
30 43 50
31 42 50
30 43 49
31 42 51
31 42 50
32 42 51
31 41 51
30 42 52
29 43 50
30 42 51
31 43 50
30 42 50
30 41 51
30 42 50
30 43 49
30 42 48
31 41 48
28 41 49
27 44 51
27 43 52
27 44 51
29 42 50
29 42 50
31 41 50
28 42 50
29 42 49
30 40 48
31 38 45
30 38 42
29 36 43
27 36 42
23 40 42
18 46 43
18 38 42
15 37 42
14 39 40
11 40 43
06 41 43
08 39 42
06 39 41
07 40 40
07 43 39
08 43 39
08 41 39
10 38 39
11 37 39
13 38 38
13 36 37
13 37 37
14 37 37
14 37 37
14 37 37
12 38 36
13 37 36
13 37 37
13 35 37
13 36 36
13 36 36
14 37 37
12 37 36
12 36 36
13 37 36
13 38 36
12 37 36
13 38 36
12 36 37
12 37 36
12 37 36
13 36 37
13 35 36
12 37 36
13 35 38
12 36 36
13 36 36
12 37 37
13 36 37
13 37 38
13 36 37
11 36 37
14 37 35
13 37 36
13 37 36
13 37 35
12 36 36
13 38 35
12 37 36
12 36 36
12 37 36
12 37 37
13 37 37
13 36 37
12 37 37
11 38 36
12 38 36
12 37 36
12 37 37
12 38 37
13 37 37
14 37 37
12 37 36
13 36 36
13 37 35
13 38 36
12 38 36
13 37 35
14 37 34
13 36 34
13 37 36
12 37 36
13 38 36
12 38 36
12 37 36
13 37 37
11 36 36
11 37 37
12 38 37
12 38 36
12 38 36
12 36 36
12 36 37
13 35 36
13 37 36
12 37 36
12 37 37
14 38 36
11 36 36
12 37 37
13 37 36
12 37 36
13 36 37
14 37 37
14 37 37
12 38 37
11 37 36
12 37 36
12 38 36
12 37 36
13 37 37
12 37 36
13 35 36
13 36 36
12 36 38
13 37 37
13 36 35
12 35 36
13 36 37
13 36 37
12 36 36
12 37 36
12 37 36
12 36 36
13 36 37
13 36 37
12 35 37
13 35 36
11 36 36
12 35 37
12 35 36
12 36 36
12 36 36
13 36 37
13 37 37
12 36 38
13 37 36
12 37 37
13 36 37
13 37 37
12 36 36
13 37 37
12 37 36
12 37 37
14 37 38
13 36 37
11 38 36
12 37 37
12 37 38
12 36 37
12 36 36
13 35 36
13 37 35
12 36 36
14 36 36
14 36 36
12 36 38
12 37 38
13 35 36
13 37 36
12 36 36
13 36 37
12 36 37
12 37 36
13 37 37
