26 32 47
26 32 49
26 32 49
25 30 52
26 30 50
26 32 50
25 35 53
24 35 53
23 35 51
20 36 50
22 36 52
23 37 51
24 36 50
25 36 51
25 36 50
23 37 50
23 36 51
25 36 50
25 36 51
24 35 51
23 35 51
24 35 50
24 36 51
24 36 50
24 35 50
23 35 50
25 36 50
24 35 51
24 36 51
25 35 50
24 37 51
23 35 51
24 36 51
23 34 51
25 36 50
24 35 50
24 36 51
24 35 51
24 36 51
23 34 52
22 33 55
19 35 56
14 37 57
15 41 49
14 37 48
15 32 47
17 36 48
19 35 47
21 33 46
23 33 45
24 33 46
23 27 50
25 27 48
25 27 47
27 28 45
27 32 43
24 42 44
17 28 47
11 29 46
09 23 46
14 20 44
17 37 43
12 36 44
10 32 42
12 31 41
15 37 46
16 30 44
15 38 46
10 37 43
13 36 44
15 39 42
14 36 43
15 38 43
14 39 43
14 40 43
14 38 41
16 40 42
16 38 44
15 40 42
15 39 42
15 38 43
17 40 41
16 41 41
14 41 41
14 46 42
11 44 44
09 39 48
10 41 45
10 34 45
14 32 42
18 33 46
24 34 48
26 37 47
29 40 49
28 39 49
28 38 45
28 49 47
31 45 48
27 36 44
14 36 43
06 43 43
08 46 44
18 43 39
21 41 40
14 48 39
13 46 41
17 46 40
19 49 38
20 47 41
21 48 39
20 49 40
20 48 43
20 48 40
20 47 40
21 47 40
22 49 39
20 46 39
20 47 40
21 50 42
17 51 38
18 47 37
15 43 44
14 48 43
18 46 46
17 41 44
20 44 39
19 41 36
18 41 34
18 44 37
15 41 36
15 44 34
12 43 35
12 42 40
13 45 38
14 42 36
15 43 37
16 41 36
16 42 36
14 40 36
12 40 37
14 43 40
14 43 39
14 43 40
16 42 41
14 39 38
14 39 37
14 41 41
13 40 42
16 40 40
14 43 42
14 37 41
14 42 42
15 38 43
15 30 42
17 35 42
16 33 41
12 34 42
14 33 40
14 31 41
13 34 42
12 34 42
12 32 42
10 32 41
12 32 37
13 31 36
13 35 36
11 35 39
11 35 39
13 35 38
09 31 39
10 32 39
10 35 39
10 32 38
12 32 36
12 33 36
12 32 35
12 34 34
10 31 35
10 32 36
07 31 33
09 31 31
07 33 31
06 33 30
10 36 31
09 33 27
14 36 28
18 35 30
17 36 31
16 36 33
12 39 31
12 39 30
13 42 27
14 43 23
19 47 25
18 41 25
21 41 25
22 42 24
21 40 26
15 43 22
13 39 28
10 37 27
08 32 28
10 33 26
12 41 21
12 43 20
08 39 21
04 40 24
09 38 27
19 37 27
25 40 27
30 42 24
34 36 28
35 38 31
32 44 28
26 38 21
23 37 24
13 36 25
07 33 24
01 40 26
00 29 25
00 32 23
02 37 34
01 30 62
08 23 44
14 29 37
10 33 33
09 29 26
12 31 28
12 36 30
14 36 31
14 35 32
13 35 33
13 36 33
11 37 33
11 38 30
13 36 32
08 28 40
11 27 40
11 34 35
11 37 34
11 35 33
12 36 31
12 35 32
12 35 32
11 34 33
12 35 32
12 35 33
12 34 34
12 35 34
13 34 33
12 35 32
11 36 33
12 35 32
12 35 31
12 35 32
12 35 32
13 34 32
12 34 32
09 36 33
10 35 33
12 35 33
12 36 32
12 36 31
12 36 31
11 35 31
11 34 31
11 33 31
10 33 32
11 30 32
13 33 31
11 34 31
11 34 32
12 35 33
13 33 32
13 31 30
10 32 32
12 28 31
13 31 30
13 33 31
11 31 31
11 30 33
10 29 32
10 32 32
11 31 32
11 29 31
12 29 32
12 28 31
13 28 30
11 29 31
12 29 33
12 30 31
12 29 30
13 30 31
12 30 31
11 29 31
11 29 30
11 29 31
11 28 31
11 29 30
12 31 32
11 30 31
12 29 30
11 29 31
11 30 30
11 28 30
12 29 31
12 28 31
11 30 31
