26 24 50
26 24 50
27 25 50
26 25 51
26 25 51
26 25 50
26 24 51
26 24 50
25 24 50
25 24 50
28 25 50
26 25 52
26 23 51
27 23 52
27 23 50
28 24 49
28 23 50
29 22 50
28 22 49
28 21 49
27 20 47
28 22 48
27 25 46
26 24 47
27 24 46
24 27 46
23 30 46
21 30 44
17 29 44
15 31 45
14 33 44
14 32 46
11 34 45
07 31 44
06 21 47
13 26 45
17 33 44
18 32 41
21 35 37
16 22 44
14 27 49
15 29 48
17 27 43
15 27 44
12 20 45
11 20 44
11 17 44
12 17 43
14 18 42
17 19 43
16 20 41
18 19 41
20 16 41
22 14 40
23 13 39
24 13 38
25 11 38
27 11 37
28 12 35
29 12 36
32 11 37
33 16 37
34 17 36
36 16 38
38 17 37
40 22 39
39 16 43
40 16 40
39 21 41
38 26 47
41 30 47
41 28 46
41 28 47
42 29 51
44 28 52
45 29 50
44 26 52
44 26 52
45 30 51
43 32 51
43 32 53
43 31 54
42 28 53
42 29 53
41 26 52
43 24 51
42 24 50
43 25 50
44 23 49
43 22 48
44 21 47
43 17 44
45 22 43
45 21 43
44 20 41
43 21 40
45 18 39
42 20 39
42 19 39
43 19 40
41 19 40
41 16 41
39 18 41
37 16 42
35 17 42
34 16 41
35 15 44
31 19 45
30 14 42
30 13 42
29 13 43
27 16 47
28 14 45
27 12 42
25 15 45
24 18 47
24 17 47
25 16 48
24 17 47
25 18 47
25 18 46
24 19 45
24 22 47
25 19 48
24 19 49
23 17 49
24 17 50
23 20 49
25 21 48
24 21 47
25 21 48
24 21 49
24 21 48
24 20 48
25 20 47
27 20 47
26 19 47
29 17 46
30 20 48
29 19 48
32 20 48
32 19 49
32 20 49
31 21 50
31 21 50
33 22 49
32 21 49
33 22 49
34 22 47
34 23 48
39 21 49
41 20 50
42 20 49
42 20 49
45 21 49
42 21 49
42 20 47
38 22 48
39 21 48
39 22 50
40 22 50
40 21 50
40 22 50
40 24 51
40 26 51
39 25 50
37 24 48
37 24 48
35 23 49
34 23 50
35 20 48
33 17 49
34 15 49
33 16 48
33 19 46
32 19 47
31 18 47
31 17 47
31 18 47
30 21 48
29 21 51
29 20 51
26 22 50
26 22 51
25 24 51
24 24 50
24 25 48
24 26 49
24 26 49
23 26 49
24 28 49
25 27 49
25 28 51
25 29 51
25 28 51
25 27 52
24 28 52
23 28 52
23 26 51
23 28 52
22 28 51
22 30 51
21 29 51
22 30 51
22 31 50
23 32 51
23 33 50
22 31 51
24 33 50
25 33 52
25 35 51
28 34 50
27 33 50
27 33 50
28 32 49
28 32 50
27 34 50
28 34 51
29 33 50
28 34 51
28 35 50
27 37 52
27 36 52
27 36 52
26 35 52
27 34 51
26 36 51
26 37 51
27 38 49
28 39 50
28 40 51
26 40 53
27 39 51
27 41 50
27 40 54
27 43 59
31 37 53
29 39 51
30 42 51
30 44 51
27 44 49
26 45 49
26 47 49
28 46 49
28 45 50
29 45 49
29 45 48
28 43 49
28 44 50
28 42 50
26 41 51
27 40 50
28 41 50
27 42 50
31 43 51
28 43 50
30 44 50
30 45 50
29 43 50
29 41 50
28 42 50
28 42 51
30 41 50
28 42 51
29 42 51
28 42 51
28 41 50
27 41 51
26 42 50
27 41 50
27 42 50
26 44 50
26 43 50
28 39 50
27 39 52
26 41 51
26 40 51
26 43 50
26 42 50
25 43 50
26 42 50
27 41 49
27 41 49
27 42 50
26 42 49
26 42 49
26 43 49
25 43 49
25 41 50
25 40 49
25 41 49
25 40 49
26 42 49
25 43 49
25 41 48
24 42 48
24 44 48
23 41 47
22 41 46
20 42 46
20 41 45
19 41 45
20 42 44
20 44 44
17 45 45
17 40 46
17 40 44
16 43 42
16 41 42
16 40 41
16 42 39
14 41 38
15 40 37
12 42 35
12 43 35
12 44 32
13 42 33
12 41 32
14 42 33
12 39 31
13 40 30
13 40 30
12 40 31
11 40 30
13 40 30
12 39 29
12 38 29
11 40 29
11 38 29
12 40 29
12 41 29
13 38 28
13 39 29
13 38 28
15 38 29
15 38 30
15 39 30
15 38 31
13 37 32
13 38 31
13 39 32
12 39 31
13 39 32
12 39 33
13 38 32
15 39 32
13 38 33
14 37 33
13 37 32
14 37 34
14 38 34
14 38 34
13 39 35
14 37 35
13 38 34
12 38 35
14 39 35
13 36 36
12 39 36
13 40 35
13 38 36
12 39 35
12 39 36
14 40 36
11 37 36
12 39 37
13 39 37
12 38 37
12 38 36
13 39 36
13 39 36
12 39 35
12 37 35
13 36 34
13 37 35
12 37 36
11 35 36
12 36 36
12 34 36
12 35 35
12 36 35
13 36 35
12 37 34
12 37 35
11 39 36
11 37 34
11 37 35
12 36 34
14 36 35
13 37 34
11 37 35
13 36 35
12 37 35
12 37 34
13 37 35
12 37 34
12 36 35
11 36 35
12 36 34
12 35 36
13 36 34
12 35 36
13 35 35
12 36 34
13 36 35
11 37 34
12 36 35
11 35 35
11 36 36
12 34 34
12 36 35
13 36 35
13 36 34
12 34 34
12 35 34
11 35 33
12 35 35
12 37 34
12 36 33
13 35 35
12 36 34
13 35 34
12 36 35
11 37 34
13 35 34
13 36 34
13 34 34
11 35 35
14 35 35
11 35 35
12 35 35
12 35 35
12 34 35
13 36 35
12 35 35
12 35 35
12 34 34
11 34 35
13 34 34
12 33 35
12 35 35
12 35 35
13 33 34
13 35 35
12 35 34
13 34 34
13 35 35
12 36 35
12 34 35
12 35 35
12 33 35
13 35 34
12 35 35
11 35 35
12 34 36
12 34 34
12 33 34
12 34 34
13 34 34
12 34 34
13 35 34
12 35 35
12 34 35
13 34 35
12 35 34
