37 33 53
37 33 53
39 33 53
39 33 53
40 34 51
39 34 53
39 34 53
40 34 52
39 34 51
39 33 51
38 33 52
39 33 52
38 33 53
37 33 53
39 34 52
38 32 53
38 32 52
39 34 51
39 33 52
40 33 52
39 34 53
39 34 52
38 34 52
40 33 53
39 35 53
39 34 52
38 34 53
38 33 52
38 33 53
37 34 52
39 33 53
38 34 52
39 34 52
39 34 52
39 33 51
39 33 53
39 34 53
39 33 52
39 34 52
39 33 52
38 34 53
39 34 53
39 34 52
38 34 53
38 35 52
39 34 52
39 33 51
39 33 52
38 34 52
41 35 53
39 34 53
38 34 52
39 34 53
39 33 52
39 34 52
39 33 52
39 33 52
40 33 52
38 34 53
39 34 52
38 33 53
38 35 52
39 32 53
39 34 52
38 35 52
40 34 51
39 33 52
40 33 52
39 33 51
39 34 53
39 33 53
38 33 53
39 33 53
38 34 52
39 34 53
38 33 52
39 34 53
39 33 52
40 34 52
38 34 53
39 34 51
37 34 53
39 34 53
40 34 51
38 33 53
40 33 53
39 33 53
39 34 53
39 35 51
38 32 52
38 34 51
39 33 54
39 34 52
39 34 53
39 34 52
39 34 53
39 34 53
38 32 52
38 34 52
39 34 52
39 34 51
38 33 52
39 34 52
39 34 52
38 34 53
38 33 52
39 33 52
39 34 52
38 33 52
39 33 52
38 35 53
38 34 52
38 34 52
39 33 53
38 34 52
38 32 52
39 34 53
40 34 52
38 34 52
39 33 53
40 34 52
39 33 52
39 33 53
39 33 52
39 33 52
39 34 53
38 34 53
39 34 53
40 33 52
38 33 53
38 33 51
38 33 52
38 33 53
38 33 52
37 34 52
38 34 53
41 35 53
40 35 51
42 35 53
43 33 52
42 35 52
42 34 54
44 37 54
38 31 53
39 32 54
39 33 54
40 32 53
39 32 52
36 30 50
36 28 49
34 28 48
31 27 47
29 25 45
27 22 44
25 21 44
23 23 44
23 23 46
20 22 47
19 23 45
17 28 45
15 28 44
15 29 44
14 25 43
12 24 46
10 22 46
11 23 44
14 26 44
15 24 44
15 23 38
15 28 42
14 26 43
14 26 42
16 25 41
17 25 41
19 28 38
21 24 41
20 29 41
14 31 44
13 29 43
14 31 41
16 28 41
14 33 45
11 32 39
08 32 41
13 38 47
14 37 41
14 37 40
14 35 38
14 35 39
13 38 40
11 37 41
11 38 39
10 39 40
10 37 41
10 34 45
10 35 41
09 36 40
10 34 38
12 42 41
16 33 32
28 36 26
07 51 62
10 29 41
04 27 33
00 30 34
07 26 42
07 32 53
14 30 49
19 26 48
21 29 54
21 26 47
21 29 46
21 33 45
21 35 45
23 34 41
26 37 35
28 39 35
31 47 35
31 42 39
27 48 48
27 51 52
27 47 53
26 46 53
23 45 52
23 44 59
18 42 62
17 28 61
21 34 53
23 36 53
23 37 50
23 35 52
23 34 51
25 37 52
25 36 51
25 36 51
24 34 51
24 34 50
27 30 48
22 33 46
19 35 44
16 36 43
15 36 43
15 35 49
18 37 52
22 41 52
21 36 50
20 36 50
22 38 51
19 36 49
19 35 48
18 36 47
18 37 47
18 35 45
18 36 46
17 37 45
16 36 45
17 35 46
16 35 44
15 35 45
15 34 44
12 34 44
12 34 43
12 36 42
12 34 42
13 35 42
13 36 41
12 35 40
11 36 39
11 36 39
11 36 38
13 35 39
13 35 38
15 37 45
16 37 44
12 39 43
08 37 42
10 35 41
08 33 35
09 33 32
06 31 32
08 31 33
11 33 35
14 35 35
13 36 36
12 37 35
13 37 34
15 37 34
17 36 34
17 38 35
17 38 35
18 36 34
16 36 34
15 37 35
14 36 36
14 37 36
13 36 35
12 37 36
10 38 36
10 37 37
10 39 38
11 38 39
11 38 40
11 38 41
12 38 40
12 39 41
13 37 40
13 37 41
13 35 40
13 36 40
12 34 40
12 36 39
13 35 41
12 35 38
09 35 37
12 35 38
12 35 37
12 34 36
12 35 36
13 34 36
13 35 35
14 36 37
14 36 37
15 34 37
13 35 36
14 35 37
15 34 37
16 35 36
13 36 38
13 34 39
11 35 39
11 33 39
11 29 42
13 36 41
11 37 42
10 38 40
10 37 40
10 36 39
07 39 38
06 41 37
07 42 36
09 47 38
17 39 37
20 45 34
23 42 36
23 45 37
23 41 37
21 44 36
20 44 37
20 48 35
23 50 36
19 49 35
20 47 37
19 45 36
21 48 35
20 47 34
20 46 35
21 47 34
22 51 37
21 46 37
20 46 37
19 48 36
17 48 38
16 51 37
16 52 36
14 52 34
15 51 35
17 45 34
15 45 34
16 45 35
16 45 34
17 45 32
18 47 32
19 47 32
19 47 31
17 47 32
18 48 31
17 46 30
18 49 30
17 45 29
18 47 31
19 45 30
18 45 29
17 43 29
16 43 28
17 40 27
14 41 26
16 44 29
17 40 32
20 39 34
19 41 35
16 43 32
09 52 32
10 53 28
06 48 26
13 38 29
12 35 33
11 39 33
13 40 30
15 43 30
15 44 30
15 45 30
15 46 31
17 46 31
17 43 30
17 43 30
16 47 32
16 45 32
17 42 32
16 43 33
14 48 34
13 46 33
14 52 34
19 49 29
22 46 29
26 41 27
23 41 26
23 42 29
21 43 28
15 56 30
09 47 33
09 40 36
12 50 37
14 51 35
19 45 34
19 43 36
19 45 35
18 45 35
18 47 35
17 45 36
17 45 36
18 44 35
17 43 37
17 42 36
16 42 36
15 43 36
15 42 36
14 42 38
13 41 38
12 40 37
11 40 38
10 40 38
10 39 38
09 38 38
10 36 37
11 34 37
12 33 37
13 34 37
13 34 36
13 36 37
15 36 37
16 34 37
14 36 38
14 37 39
13 37 39
12 36 39
14 32 41
12 33 40
13 34 42
13 38 41
14 38 40
14 36 38
11 37 39
12 34 38
12 34 37
12 32 38
13 33 38
12 34 39
11 35 38
12 36 37
14 35 37
13 34 37
14 35 38
13 36 38
11 35 40
12 33 38
12 33 38
13 34 38
14 33 39
13 34 38
