36 33 44
36 44 49
35 44 49
38 43 48
37 44 49
38 43 48
38 44 49
37 45 50
37 44 49
38 44 49
37 44 49
38 44 49
37 45 47
38 44 49
38 43 49
38 43 49
38 45 49
38 45 48
37 44 48
38 44 48
38 45 48
37 45 49
37 45 49
37 44 47
38 45 48
37 45 49
37 45 49
39 44 49
37 43 48
37 44 48
38 43 49
37 43 49
37 45 49
38 43 49
37 43 48
38 44 49
37 45 49
37 44 48
38 45 49
38 45 49
36 44 49
37 44 49
37 43 50
36 43 49
37 42 49
37 43 49
37 42 49
38 43 49
36 43 50
36 42 50
37 42 50
37 42 49
38 43 50
37 42 51
35 44 50
37 44 50
37 44 50
36 43 49
36 45 49
37 43 49
36 44 49
37 44 50
38 44 50
36 43 50
36 43 49
38 43 50
36 43 50
37 43 50
39 42 49
36 43 50
36 42 49
37 45 49
37 45 52
38 41 49
37 41 50
34 39 49
35 38 52
34 39 53
33 39 51
34 39 53
35 41 52
34 38 51
38 41 51
37 45 50
35 49 47
41 43 46
45 38 48
44 35 51
43 33 47
39 30 50
36 44 53
38 52 49
38 44 49
37 43 49
39 43 52
38 37 53
40 38 48
39 35 50
39 40 52
37 42 52
35 39 53
35 42 51
33 40 52
33 37 54
33 40 53
33 39 54
31 42 53
30 44 49
29 38 51
31 47 47
29 42 49
26 46 47
26 46 49
23 46 50
27 48 44
24 43 46
23 44 45
26 45 44
22 46 48
21 48 41
22 47 45
21 45 43
20 47 45
21 46 42
22 46 44
22 45 46
20 47 46
23 47 45
19 46 46
19 48 44
19 46 44
22 42 45
18 46 45
17 43 47
18 41 41
19 42 44
16 40 47
14 39 42
16 39 37
17 39 47
15 41 44
19 38 47
21 34 47
24 37 47
26 34 47
22 36 49
21 38 47
20 35 45
16 38 44
19 39 43
19 41 46
18 39 44
15 39 42
12 40 38
17 43 34
11 43 37
12 43 35
09 42 35
12 43 35
11 42 33
07 41 32
11 43 32
10 43 31
11 41 31
13 43 30
11 43 32
12 42 28
12 42 26
13 42 28
09 41 31
07 35 28
09 32 24
12 33 22
17 35 25
14 30 23
14 31 24
14 34 26
15 33 29
15 32 31
14 33 32
14 35 32
14 36 32
16 35 32
15 35 32
10 37 31
07 40 32
08 40 32
14 38 33
16 37 33
18 38 33
17 40 34
16 41 33
13 40 33
13 40 33
15 39 33
14 38 32
13 40 33
14 39 33
13 39 34
13 40 35
13 37 34
13 37 34
13 37 34
08 37 33
06 39 32
11 37 33
15 38 35
16 39 35
14 40 35
12 38 36
10 32 39
11 33 37
14 36 36
13 37 34
13 37 34
13 38 33
12 37 34
12 36 35
13 37 35
12 37 35
12 35 34
11 36 35
12 35 35
12 37 36
12 37 35
12 38 35
13 37 36
12 36 35
12 37 34
12 39 35
13 38 34
12 36 34
12 36 35
11 37 35
12 37 35
13 37 35
12 36 35
10 36 35
12 36 34
12 36 34
13 38 33
13 37 34
12 37 34
12 37 36
13 36 34
12 38 34
12 37 35
12 37 35
13 37 35
12 37 34
11 37 35
13 37 34
12 37 35
12 37 34
12 38 34
13 36 35
12 38 35
12 39 35
12 38 35
11 38 37
11 39 37
