39 33 52
39 33 33
38 34 53
39 35 53
38 35 53
38 36 52
38 36 52
40 35 52
39 36 52
39 35 53
38 35 52
38 35 52
38 35 52
40 35 52
39 35 53
37 33 53
39 36 53
38 34 52
40 36 52
38 35 53
39 35 52
37 36 53
38 35 53
40 35 52
38 34 52
39 36 53
38 36 52
38 34 52
38 36 53
39 35 53
37 36 52
39 36 53
38 35 52
37 35 52
38 34 52
39 35 53
38 35 53
40 34 53
38 35 52
38 35 52
38 37 51
38 35 53
38 35 53
39 36 53
39 36 53
38 36 52
38 36 52
38 36 52
38 34 53
38 34 52
39 33 52
39 35 53
38 36 52
38 35 52
39 36 51
39 35 52
38 34 52
38 35 52
38 37 52
39 33 52
39 36 52
38 35 52
38 34 52
39 34 52
38 36 53
38 35 52
38 35 53
39 36 52
39 36 51
40 36 52
39 33 52
39 35 52
38 36 51
38 35 52
37 35 52
39 36 52
40 35 52
39 35 52
38 36 52
38 36 53
39 35 52
39 35 53
39 36 53
40 36 52
39 37 53
38 35 52
39 35 52
39 35 53
39 36 53
38 34 53
37 34 52
39 34 51
38 35 53
38 34 52
38 34 52
37 34 53
37 35 52
39 35 53
38 34 52
38 34 52
39 34 53
37 34 51
39 35 52
39 36 53
40 37 53
40 37 52
38 36 53
38 36 52
39 34 52
38 34 52
39 36 51
41 35 52
39 36 52
40 34 51
40 36 51
39 36 51
39 37 51
39 36 51
38 36 51
39 36 52
39 35 53
38 36 53
41 34 53
40 36 52
40 35 52
38 36 52
39 37 52
39 37 51
38 37 52
38 35 52
37 35 53
39 35 53
37 34 53
37 34 53
38 34 53
37 33 52
36 32 52
39 32 51
38 32 54
39 33 53
37 33 52
38 34 52
39 33 53
39 35 54
40 32 54
37 31 53
40 33 54
40 34 54
43 35 55
39 35 53
38 32 53
36 32 51
36 32 48
31 31 48
30 32 47
23 30 48
21 29 48
18 27 47
18 26 48
17 26 48
18 27 48
18 28 49
19 27 47
17 28 47
18 29 45
17 30 46
16 29 45
14 27 47
16 28 43
15 30 42
14 31 41
13 28 41
13 30 40
11 28 39
10 32 37
12 30 39
13 31 40
15 34 40
16 34 41
16 32 39
12 33 39
12 34 41
12 35 42
14 34 42
14 34 42
14 32 42
12 30 41
14 32 42
14 32 42
15 31 41
14 31 42
14 32 42
15 30 42
14 31 42
15 30 42
15 30 42
14 29 44
14 29 44
14 29 45
15 30 45
14 31 43
15 32 43
14 29 42
16 30 42
16 30 42
16 31 43
15 30 40
13 31 40
14 31 42
14 33 44
12 31 43
15 31 40
17 32 41
19 29 44
17 37 46
15 33 41
13 35 40
09 36 41
11 37 47
14 36 47
17 34 43
18 33 41
18 32 40
18 32 39
15 37 38
14 36 41
15 39 41
13 36 42
14 37 42
13 36 44
14 37 39
11 41 37
12 40 38
13 40 39
14 39 40
14 38 41
14 39 39
15 39 37
15 39 39
13 41 37
14 42 40
14 38 39
15 39 36
14 40 38
15 37 39
15 39 38
14 41 43
14 40 47
12 38 45
12 41 44
11 41 43
15 41 42
14 41 42
15 39 41
16 40 42
17 37 42
19 39 42
29 46 25
13 23 56
20 40 49
19 35 44
14 28 43
11 34 45
14 30 44
14 31 50
12 35 54
17 26 52
22 24 51
20 29 48
19 22 47
16 26 47
14 26 46
14 27 47
17 28 46
19 28 46
20 28 46
23 30 46
23 30 46
22 29 45
22 29 41
22 34 40
24 40 43
22 43 46
22 43 47
23 43 45
25 42 43
22 40 63
23 45 63
26 42 46
28 41 42
28 42 49
25 49 55
24 44 49
23 44 48
23 44 49
22 45 49
23 43 50
22 43 47
26 45 50
24 44 50
26 41 47
26 37 47
20 34 46
26 41 48
23 46 46
20 47 46
20 45 43
21 39 47
21 44 48
22 41 45
21 41 47
20 42 47
22 43 45
23 46 46
24 46 47
21 43 45
18 43 46
18 43 43
19 42 42
19 42 41
18 47 43
16 46 43
18 42 41
18 42 42
20 45 43
19 46 43
19 44 42
20 45 42
18 47 40
19 47 40
19 47 40
17 49 39
17 47 38
16 47 36
17 45 36
16 45 37
14 43 34
14 45 37
15 49 37
13 46 35
11 45 36
08 47 38
01 42 43
06 43 42
10 41 36
09 29 32
10 28 32
11 30 34
12 34 38
15 37 42
14 41 44
17 39 41
17 40 40
17 41 41
18 44 44
19 42 42
22 41 39
24 40 39
23 40 40
23 42 41
25 43 43
19 42 39
24 43 42
23 40 45
22 45 48
23 44 48
22 44 48
23 43 48
23 41 48
24 42 49
25 41 48
18 45 45
21 43 47
20 45 47
22 43 47
23 41 46
25 42 44
24 43 46
24 43 46
20 45 47
19 45 48
22 44 45
24 44 45
24 44 44
23 46 46
24 45 44
22 47 44
22 46 43
21 47 43
19 46 44
18 47 45
17 47 43
19 47 40
18 48 40
19 47 40
19 46 37
19 46 36
18 47 35
19 49 35
18 52 39
20 49 39
20 47 38
21 48 38
21 48 37
21 49 38
18 52 39
19 45 40
20 43 42
20 41 37
19 42 36
18 40 37
18 39 35
19 44 35
18 49 36
16 46 38
17 46 34
16 48 32
16 47 31
15 45 34
16 45 32
15 46 32
16 45 30
16 46 30
16 46 31
15 45 32
16 46 31
17 44 30
17 47 30
17 44 32
17 44 31
16 48 31
16 44 31
17 44 31
16 45 31
16 45 31
16 45 30
15 44 30
15 45 31
17 45 30
16 45 32
16 46 32
16 46 33
17 47 36
18 46 34
18 44 34
19 40 36
17 42 36
16 38 38
25 43 39
14 45 31
20 36 38
20 35 39
11 43 47
13 45 38
14 41 42
11 37 40
11 35 40
11 35 40
09 34 40
06 34 40
08 34 40
08 32 37
09 30 36
12 31 36
12 30 36
12 32 36
13 34 37
13 36 37
13 37 37
