32 19 48
32 19 48
31 20 48
31 20 48
31 20 48
30 20 48
30 21 48
31 19 48
30 20 48
32 19 48
32 19 49
30 19 47
30 18 48
31 20 49
30 20 48
31 19 47
30 20 47
31 19 48
30 20 48
31 19 49
30 20 48
31 21 48
31 20 49
31 19 48
32 19 49
30 19 49
30 19 48
30 19 48
30 18 48
31 19 48
30 21 50
31 20 48
31 19 48
30 20 49
31 20 48
31 20 49
31 20 49
32 20 48
32 20 48
30 19 49
30 20 49
31 19 48
31 20 49
30 20 49
29 19 49
29 18 49
31 20 48
31 21 50
30 19 48
31 20 48
30 20 48
31 19 49
32 21 49
31 20 48
31 20 47
31 20 49
32 19 49
31 20 49
32 20 49
31 20 49
31 21 49
31 21 48
31 21 48
30 21 48
30 20 48
30 22 49
31 20 49
31 20 48
31 19 48
30 20 49
31 20 49
30 20 48
31 20 49
30 20 49
32 20 49
32 20 49
31 21 48
32 19 48
30 20 49
31 20 49
31 21 49
31 19 48
30 21 48
32 19 49
30 20 49
32 19 48
30 19 49
30 21 48
31 20 49
30 20 49
30 20 49
32 19 49
31 19 49
31 19 48
32 21 49
30 19 49
31 19 50
31 19 49
30 20 48
30 19 49
32 19 48
32 20 48
31 20 48
31 21 49
31 20 48
31 19 49
28 20 47
31 20 48
30 20 49
29 18 48
31 20 48
30 19 47
28 20 47
30 18 48
30 18 48
30 19 48
31 19 48
29 19 49
30 16 48
31 16 48
32 17 48
32 20 49
31 19 47
32 19 50
32 18 49
31 18 49
34 19 49
34 19 50
33 21 51
35 22 51
35 23 52
36 26 51
36 27 51
35 29 50
36 29 50
35 30 50
37 31 49
37 29 51
36 28 51
37 28 53
35 27 52
37 25 51
37 25 50
36 24 51
36 25 51
36 25 51
35 24 52
34 25 51
34 25 52
35 26 52
32 27 54
32 27 55
32 25 55
32 27 53
31 29 52
30 28 53
29 28 51
28 29 50
30 30 50
29 30 50
28 28 51
27 28 49
26 28 50
25 28 50
25 27 51
27 27 52
26 27 51
25 27 52
25 28 51
23 27 50
23 28 51
24 27 51
21 25 51
23 26 50
23 23 50
24 24 49
25 23 47
25 23 48
25 23 47
25 21 48
26 22 49
26 23 48
26 21 49
22 23 49
22 21 50
23 20 50
24 22 49
23 20 49
23 21 47
23 24 46
25 23 46
23 22 46
24 23 46
24 23 47
23 23 47
23 23 48
22 24 48
23 25 47
22 25 46
19 27 48
20 27 48
19 27 49
19 26 50
21 26 51
21 27 50
22 28 49
24 28 48
25 29 48
25 31 48
26 32 49
23 32 49
22 31 49
21 30 48
21 31 48
20 31 47
19 30 48
17 32 48
18 31 46
16 32 46
17 34 47
16 34 47
16 34 46
15 35 47
16 36 46
17 37 47
16 35 45
17 36 47
16 37 46
16 38 46
16 38 46
17 40 47
17 38 47
19 40 47
18 38 46
20 39 45
20 40 46
20 41 46
19 41 46
20 41 46
20 43 46
21 43 47
22 43 46
21 42 46
23 42 47
23 42 46
22 44 48
22 45 47
22 44 45
23 43 48
23 44 46
23 43 46
24 45 45
23 45 45
24 45 46
25 45 47
24 46 47
23 46 47
24 47 47
24 46 48
23 46 48
24 45 47
23 44 46
24 45 47
24 44 47
23 44 47
24 44 46
23 45 45
24 45 46
24 46 46
24 45 45
25 47 46
24 46 48
24 47 47
25 46 47
25 45 47
25 46 48
24 45 46
23 45 47
22 46 46
23 46 47
23 45 46
23 45 47
23 44 46
25 44 47
25 45 46
23 45 47
25 45 47
26 45 47
26 45 46
26 46 47
26 45 47
27 46 47
29 45 48
28 45 48
29 46 47
29 45 48
28 44 47
28 44 48
27 45 48
27 44 46
26 45 47
26 44 47
26 45 47
26 44 46
26 44 46
26 43 45
24 44 45
24 45 47
25 45 47
24 43 49
25 43 49
25 42 50
23 42 48
25 43 49
24 44 50
24 43 49
22 44 49
20 46 47
16 49 47
14 49 47
12 50 47
12 46 48
14 43 46
15 43 45
16 42 44
17 43 44
17 43 43
18 43 41
19 44 41
19 44 42
19 42 40
21 41 38
19 40 38
18 41 40
19 43 40
19 42 42
18 42 42
19 43 41
18 41 42
18 41 43
19 41 43
20 40 43
21 40 44
23 39 44
23 38 44
22 38 44
22 39 45
21 41 46
21 40 45
21 41 47
21 41 48
20 42 48
21 43 47
20 42 47
21 43 48
21 42 48
19 41 47
20 40 49
19 40 48
21 40 48
21 39 47
20 38 48
19 39 47
19 39 49
20 39 49
21 39 48
20 38 47
20 39 49
19 39 49
19 38 47
20 39 48
19 39 48
20 36 46
18 37 48
18 37 45
18 38 47
19 37 46
19 35 46
18 35 45
19 36 46
18 36 46
18 36 45
19 36 45
18 36 45
19 36 46
19 37 47
19 36 46
18 36 47
19 36 47
18 37 47
19 35 47
19 36 47
18 36 46
19 36 45
18 35 45
18 37 45
18 38 44
19 37 46
19 36 44
19 37 45
20 37 45
17 37 46
16 35 45
17 38 45
17 37 46
16 37 46
17 39 45
17 39 45
18 39 46
16 38 45
16 37 45
15 37 44
16 38 44
16 38 43
16 37 44
16 37 44
15 39 43
15 38 44
15 37 43
16 37 43
16 37 43
17 38 43
14 38 42
16 39 43
16 38 42
17 37 43
16 38 43
16 38 42
14 38 43
16 37 43
16 38 44
16 38 43
16 38 44
15 38 44
16 39 43
16 38 43
17 37 44
16 37 43
15 39 44
14 36 43
15 37 43
16 37 43
16 37 43
15 38 43
15 37 43
17 37 43
18 37 43
15 39 43
16 37 43
16 37 43
16 38 43
17 37 43
15 38 43
16 37 42
16 39 42
16 38 42
15 37 42
16 37 43
16 38 43
14 37 43
15 39 43
15 39 43
15 37 43
15 37 43
15 38 43
15 39 42
16 38 42
16 38 44
16 38 42
15 37 43
16 37 43
15 38 43
16 37 44
16 39 42
15 37 42
14 37 43
17 38 43
17 38 43
15 38 43
13 38 44
14 38 44
14 37 44
16 38 44
16 37 44
16 36 42
15 36 42
15 39 42
16 39 42
17 38 41
18 37 40
18 35 42
18 37 42
17 37 41
14 40 40
12 40 40
11 41 39
11 41 40
11 38 39
11 37 40
13 35 39
13 36 39
12 37 39
13 37 40
14 36 40
13 37 40
13 36 39
12 36 40
13 36 39
12 36 39
13 36 38
13 36 38
15 37 38
13 37 38
12 37 37
13 36 38
13 38 38
12 38 39
13 37 38
