38 36 43
38 36 43
36 44 14
36 44 14
38 33 32
38 43 15
36 44 14
36 42 14
36 44 13
36 43 14
35 44 14
35 43 14
36 43 14
35 45 15
36 42 15
35 43 15
36 43 13
36 43 14
35 43 14
35 43 14
36 44 14
36 44 15
36 43 14
36 43 14
36 45 13
35 43 14
36 45 14
35 44 15
36 43 14
37 43 15
36 43 14
36 44 14
35 42 14
36 43 15
36 43 14
37 42 14
35 44 15
35 44 14
36 42 13
37 43 14
36 44 15
35 44 14
36 44 14
36 43 15
35 43 14
35 44 15
36 44 14
36 42 14
36 44 15
37 43 14
36 43 15
35 42 15
37 43 14
36 43 15
36 44 14
36 44 15
36 44 14
35 44 14
35 43 15
36 44 15
36 44 14
37 44 14
37 43 15
37 44 15
35 43 14
36 44 13
36 43 14
36 43 14
36 43 13
37 44 15
35 44 14
36 44 15
36 44 14
35 44 14
36 45 15
35 44 14
35 43 14
36 44 13
36 43 15
37 43 14
36 43 14
36 43 14
36 44 14
35 43 13
37 44 15
36 44 14
36 43 14
36 44 14
36 43 14
36 43 14
35 43 14
36 42 14
36 42 13
36 43 13
36 43 14
36 43 14
36 44 13
37 43 15
35 44 14
35 43 15
36 44 15
35 44 14
36 43 14
36 43 14
36 43 14
35 44 14
36 43 14
36 44 14
36 44 15
37 43 14
37 43 15
36 43 15
36 44 14
36 43 13
38 45 13
36 45 13
36 44 13
35 44 11
37 45 11
38 46 13
37 45 14
37 46 16
38 49 18
39 48 19
38 49 19
40 49 20
40 49 21
40 49 20
40 49 22
41 48 23
42 49 23
41 50 24
43 48 25
43 47 25
43 47 25
45 52 26
46 53 25
45 51 26
43 51 27
43 47 33
42 44 36
44 39 39
46 35 42
37 42 41
37 49 43
40 60 46
36 62 44
33 61 36
29 59 33
35 57 32
43 42 36
50 40 39
50 42 43
55 39 47
46 36 41
39 45 41
29 54 46
20 54 47
20 54 41
28 62 45
32 60 42
35 54 40
35 55 41
36 54 41
37 52 38
38 52 37
34 52 35
39 54 31
43 52 34
45 49 29
41 45 34
36 45 49
34 58 44
15 62 39
44 56 35
40 47 38
39 41 44
38 55 45
37 58 40
36 58 38
28 59 37
28 52 38
26 46 37
22 62 49
27 52 50
29 49 42
27 45 43
28 37 42
29 34 34
23 55 45
17 45 46
18 49 41
17 49 39
13 47 38
14 42 35
13 42 37
11 44 34
10 44 32
13 42 33
16 42 33
15 43 33
14 44 29
15 45 35
11 44 38
06 40 37
00 33 32
00 31 28
05 31 24
12 25 26
19 31 31
23 30 32
22 31 33
25 30 32
21 33 33
18 35 34
11 38 33
09 36 33
09 38 34
09 37 35
13 38 35
12 40 36
13 37 35
14 36 35
14 37 35
15 37 35
13 37 35
12 36 35
14 38 35
13 37 37
12 36 36
12 36 37
11 37 35
11 38 35
12 38 35
11 38 36
11 37 34
11 38 32
12 37 32
13 36 32
12 37 31
13 35 32
12 35 32
12 37 32
12 36 32
11 37 33
12 35 33
12 36 33
11 36 35
11 38 34
12 35 33
12 34 35
12 35 34
13 35 33
13 37 32
13 37 33
13 37 33
13 37 33
12 37 34
13 37 33
12 37 33
12 36 34
11 38 35
11 36 33
11 37 33
11 35 34
12 36 34
12 34 34
11 35 33
13 37 34
12 36 33
11 36 33
13 36 33
12 36 33
12 37 34
12 37 34
12 36 34
11 36 34
12 37 33
12 35 33
12 35 33
12 35 34
12 35 33
13 36 33
12 37 34
11 36 34
11 37 34
11 36 34
12 35 33
13 37 33
12 35 33
12 36 33
12 36 34
13 37 35
11 37 33
13 36 33
13 37 34
12 36 34
12 37 35
12 36 33
13 35 33
12 36 33
11 36 33
12 37 34
12 37 35
13 36 34
11 37 34
12 36 33
12 36 34
12 37 34
12 37 34
11 36 33
12 37 34
12 37 34
13 36 34
12 36 34
12 36 34
11 36 34
12 37 35
12 37 34
12 36 34
13 37 34
13 36 34
12 36 33
12 37 34
12 38 34
11 36 35
12 36 33
12 37 33
11 36 34
12 37 33
12 36 34
13 37 34
12 37 33
12 36 34
11 37 34
12 37 33
12 35 34
11 37 34
11 37 34
12 37 34
13 37 34
12 36 34
12 37 34
13 36 34
11 37 34
12 36 33
12 36 34
12 36 34
12 36 34
13 36 35
11 35 34
12 36 34
12 36 33
13 37 35
12 36 34
12 37 34
14 37 34
11 35 34
12 36 34
11 35 34
14 37 34
12 37 35
12 37 33
12 37 33
12 36 35
13 36 34
12 37 34
13 36 33
12 35 34
13 35 33
13 36 34
12 37 33
10 36 34
10 36 34
12 37 33
12 37 34
12 37 34
11 36 34
11 37 32
12 37 34
11 36 34
12 36 34
12 36 34
12 37 33
13 36 34
12 36 34
12 36 33
14 37 34
12 36 34
13 37 34
12 37 34
