36 23 51
35 24 51
35 25 51
36 25 52
35 24 51
34 25 51
35 23 51
36 24 51
35 25 51
34 24 52
36 25 51
36 25 52
35 25 52
36 25 51
36 25 52
36 25 51
36 25 52
35 25 51
36 25 52
35 26 52
36 26 52
36 26 52
36 26 52
35 26 52
36 26 52
36 25 51
35 24 51
36 25 52
35 26 52
35 26 52
36 26 52
36 25 51
34 23 52
35 24 51
36 26 52
35 26 51
35 26 52
36 26 51
35 27 52
36 27 53
36 25 52
36 25 51
36 25 52
36 25 53
36 25 52
35 26 52
37 25 51
35 25 52
35 26 52
35 26 51
35 25 51
35 25 52
34 26 52
35 25 51
36 26 53
36 26 53
36 26 51
35 25 52
35 24 52
35 25 52
35 25 52
36 25 52
35 25 52
35 25 52
36 25 52
36 26 52
35 24 52
36 26 52
36 25 52
36 25 51
36 25 52
35 26 52
36 25 52
35 25 52
37 26 51
35 26 52
35 25 51
36 26 52
36 26 51
35 25 52
36 25 51
36 26 52
35 26 52
36 26 52
36 26 52
35 26 52
36 27 52
36 26 51
35 25 52
35 27 52
37 26 52
34 27 51
35 26 52
35 25 53
35 25 52
35 24 53
35 25 52
36 27 52
36 28 53
35 27 53
35 27 52
36 26 51
37 26 51
36 26 52
37 26 52
35 25 52
36 25 52
36 26 52
37 25 52
35 28 52
37 27 52
37 26 51
37 27 52
37 26 52
37 27 52
37 27 53
37 26 53
38 27 53
38 27 52
39 27 54
39 28 54
37 27 54
39 25 54
40 25 54
41 23 53
41 26 51
40 23 51
41 22 49
41 22 51
41 19 49
42 20 46
41 20 45
39 23 48
41 23 50
44 22 49
43 22 49
43 22 50
41 23 49
40 24 47
41 23 47
42 27 43
42 26 43
43 23 42
44 21 40
43 20 40
42 22 39
43 21 39
45 21 39
47 22 39
49 22 40
47 20 40
45 19 41
50 21 43
53 22 44
51 22 43
49 22 44
45 22 45
43 23 46
47 24 48
43 25 49
47 23 50
45 25 52
42 24 51
43 24 51
42 26 50
42 27 49
43 25 49
42 24 50
43 23 51
43 22 50
43 23 50
43 24 49
46 25 50
45 25 47
45 25 47
44 26 48
46 28 50
43 29 51
42 28 50
36 25 47
30 24 42
39 24 41
46 26 47
51 13 49
53 11 48
47 33 46
46 37 47
47 29 46
44 29 49
42 36 54
44 39 51
44 42 52
46 39 52
40 42 51
41 38 50
42 43 53
45 41 53
50 39 55
53 37 56
51 37 56
49 38 55
47 34 56
46 35 54
44 33 53
40 32 49
34 32 49
31 30 50
31 28 47
29 28 44
30 26 45
29 27 44
29 27 45
31 26 47
29 24 47
28 25 48
25 24 49
24 27 50
24 24 50
25 23 52
24 23 53
28 21 54
29 23 53
31 25 52
30 23 50
29 23 51
25 25 51
23 24 51
22 24 51
23 25 49
25 27 49
27 28 49
29 28 50
31 30 51
31 29 55
32 32 57
30 32 57
30 34 55
31 36 56
31 33 52
30 30 50
30 28 49
29 29 50
25 31 51
20 29 51
18 27 53
19 27 53
19 25 51
22 24 50
21 24 50
23 23 49
24 21 49
24 22 49
25 24 50
24 24 51
24 25 51
21 24 52
20 26 52
21 24 48
21 26 49
23 24 47
26 24 46
25 24 46
25 22 46
26 25 49
25 25 49
26 26 50
24 25 51
25 27 52
23 23 50
24 26 49
23 26 51
23 26 51
24 29 51
26 31 53
27 32 52
26 32 53
26 32 54
26 31 52
26 30 52
26 32 51
25 31 52
25 30 51
26 31 50
26 32 50
26 35 49
27 34 49
27 35 50
27 34 51
27 34 53
27 34 54
26 33 53
28 35 55
26 36 54
28 37 53
29 37 54
27 38 52
28 38 53
29 38 54
26 37 54
27 39 53
27 38 53
28 38 52
29 40 52
29 39 51
29 42 51
29 40 50
30 40 50
28 40 50
28 41 51
28 42 51
27 41 51
27 40 50
28 41 51
28 41 52
30 41 52
31 41 53
31 43 53
31 43 53
32 42 53
32 42 51
32 43 50
32 43 51
31 42 50
30 41 51
30 41 52
31 42 53
31 41 53
32 40 56
32 40 59
32 38 57
31 37 57
34 36 54
35 35 52
35 35 51
35 34 50
35 34 50
37 34 48
37 33 47
37 32 46
36 31 47
37 31 48
35 33 49
36 34 50
33 40 51
34 37 55
34 39 56
34 40 56
31 42 58
31 45 56
29 45 56
31 43 54
29 43 54
28 43 54
27 45 53
27 43 52
28 44 50
28 44 49
28 44 49
28 44 49
29 43 49
29 42 48
29 41 47
28 42 47
29 42 46
29 43 50
28 45 50
28 46 49
27 46 48
29 44 49
29 45 47
30 43 46
30 43 46
32 41 45
32 41 45
29 43 45
27 47 48
28 48 49
29 47 47
30 46 47
29 46 48
28 43 52
28 42 52
28 44 50
30 45 49
29 45 47
29 45 47
28 45 47
28 43 46
26 46 49
25 45 51
25 42 49
24 43 44
25 46 49
27 44 50
28 44 49
28 44 49
28 44 47
27 44 47
27 45 49
29 43 48
28 42 46
28 39 44
28 38 43
22 41 47
16 44 50
16 47 50
17 45 50
19 43 49
23 43 48
23 42 47
23 43 45
21 43 46
21 43 45
20 43 46
19 39 47
17 38 48
18 39 48
18 41 47
19 39 46
19 40 45
20 40 43
18 41 43
18 38 43
16 39 46
17 39 45
16 38 44
14 38 44
13 39 43
13 37 42
13 40 41
14 42 40
15 41 44
16 38 43
16 40 42
16 40 41
17 41 44
16 40 43
16 39 43
15 39 44
15 38 43
16 39 42
15 37 42
14 38 42
15 38 43
14 37 42
16 37 42
15 39 42
15 39 43
15 39 43
16 37 42
16 40 42
15 38 42
15 36 43
14 38 43
15 37 44
15 37 43
15 38 44
15 39 43
16 37 43
17 38 43
17 38 43
17 37 43
16 38 43
16 37 44
16 38 43
16 37 43
15 37 44
17 36 44
17 37 43
16 37 45
16 36 45
16 37 45
17 36 44
15 38 44
15 36 44
16 38 45
16 37 44
16 38 44
14 37 44
15 37 43
15 39 43
17 37 43
16 36 44
15 36 44
17 36 44
16 36 45
15 36 45
17 36 44
15 36 45
17 37 44
15 37 44
16 37 44
16 37 43
16 36 43
15 37 43
17 38 44
16 38 44
16 37 44
17 38 44
15 37 42
15 38 44
16 38 43
14 37 42
