37 35 53
38 36 53
37 36 53
39 36 52
38 35 52
36 37 51
37 36 52
38 36 52
38 37 52
39 36 52
37 35 52
38 36 52
36 33 52
37 33 53
37 35 52
38 32 54
38 33 53
38 33 53
37 32 53
36 33 55
38 35 54
39 36 54
37 37 53
38 39 50
38 39 50
38 41 50
38 41 49
37 38 50
35 34 50
36 31 53
38 26 54
37 27 54
38 30 52
38 36 53
38 39 52
36 42 51
37 43 50
38 42 50
39 39 52
38 37 51
38 36 52
37 35 52
39 34 51
38 35 51
40 34 52
38 35 52
38 36 52
38 36 53
37 38 54
37 38 54
38 37 52
38 36 51
38 37 51
38 35 52
38 37 52
39 37 51
37 36 52
38 35 52
38 36 53
39 37 53
38 37 52
38 35 53
37 37 53
37 36 52
37 36 52
36 38 52
37 34 52
38 36 52
38 36 51
38 35 52
38 36 52
37 37 53
39 36 52
38 37 52
39 37 52
37 37 52
38 37 51
37 35 51
38 37 51
39 36 52
37 37 51
39 37 52
38 36 51
37 36 52
37 35 52
37 36 53
38 37 52
37 37 52
37 36 52
37 36 52
37 36 52
36 37 52
37 36 51
38 35 52
39 38 52
38 36 52
37 35 53
38 36 52
39 36 53
37 37 52
38 37 52
38 36 52
37 37 52
38 35 53
38 37 52
37 36 52
37 36 53
38 35 52
38 34 53
38 37 52
37 37 52
37 37 52
38 36 52
37 35 51
38 36 52
37 37 52
38 36 53
38 36 52
38 36 52
38 36 52
38 35 52
37 37 51
37 35 52
39 36 52
39 37 53
38 36 52
39 35 52
38 36 53
39 36 52
39 37 52
38 37 53
38 34 53
38 35 53
38 35 52
39 35 52
38 36 52
38 36 52
39 36 53
38 36 52
39 36 53
38 36 52
39 37 52
38 37 52
38 37 52
38 37 52
39 35 51
37 35 52
38 35 52
38 35 52
38 36 53
38 37 52
38 36 53
38 37 53
40 36 54
43 38 55
42 36 57
45 38 59
46 42 54
45 39 52
40 37 53
36 37 52
34 35 53
31 34 52
29 31 52
28 28 51
26 25 50
24 27 48
23 26 47
26 24 44
22 25 43
23 25 40
23 23 36
23 24 36
21 24 38
19 29 41
16 31 45
14 31 42
10 33 47
11 35 52
11 38 60
11 32 61
12 34 48
11 34 43
16 36 46
18 35 44
17 33 41
14 36 34
12 28 39
15 33 39
15 35 40
16 36 41
16 38 45
15 37 44
14 40 42
12 40 42
14 40 39
14 38 38
15 41 38
16 42 36
17 43 37
15 43 34
13 47 35
13 45 36
15 51 38
15 48 37
18 47 36
16 46 36
17 46 32
19 44 33
18 44 34
17 46 35
15 48 35
17 46 36
15 45 33
18 44 40
18 46 40
19 47 39
17 43 39
15 48 42
17 48 42
15 47 41
16 46 39
14 45 40
14 45 43
14 42 45
14 40 44
14 38 45
16 41 44
17 41 45
12 23 40
18 34 44
14 43 45
17 35 37
13 35 36
13 34 38
12 33 43
10 37 47
10 38 48
13 36 49
14 38 45
16 40 41
18 42 54
14 60 62
35 25 50
30 38 39
20 42 43
22 40 43
22 41 42
19 48 37
27 59 42
27 54 42
28 52 37
42 50 35
29 63 60
25 32 63
30 16 50
27 30 50
25 38 50
22 44 51
20 41 52
19 35 50
21 33 49
20 39 49
24 39 50
24 40 51
26 38 49
27 38 50
28 40 48
24 40 49
20 40 52
20 40 51
20 39 49
24 39 49
24 39 47
24 40 49
24 39 49
22 40 50
21 40 50
22 40 49
25 39 49
24 40 51
25 40 50
25 40 50
24 42 52
23 41 51
24 41 51
25 39 49
25 38 49
24 41 49
23 39 50
24 40 49
23 39 50
20 39 47
23 38 49
21 38 47
21 38 47
20 40 48
22 41 45
20 38 46
20 40 48
17 38 45
18 38 45
18 36 46
18 38 46
16 37 46
16 38 45
14 36 44
15 36 44
13 37 44
16 36 43
15 37 44
15 35 44
13 36 44
13 35 43
11 35 42
09 34 41
05 34 40
08 33 38
14 35 39
16 35 42
19 35 42
18 37 43
11 37 43
04 39 39
00 41 38
04 35 31
06 30 32
10 30 33
11 30 36
11 34 36
09 38 36
07 39 35
11 39 34
12 36 32
18 36 33
19 35 33
21 36 34
21 35 34
20 36 35
19 36 36
20 35 36
18 35 37
16 35 40
14 35 41
10 32 44
04 32 44
02 30 44
00 38 41
07 59 34
12 40 38
11 46 36
10 45 37
14 41 36
14 39 37
14 40 36
15 39 35
15 39 34
15 38 34
14 38 35
13 37 34
12 37 36
12 36 36
11 37 37
12 38 37
12 38 36
11 38 36
12 37 37
11 36 37
12 36 37
10 36 37
11 35 37
11 34 37
12 35 35
14 35 36
15 33 38
13 34 37
13 34 38
13 34 38
12 35 38
13 36 39
12 37 38
13 41 38
13 39 37
12 39 36
12 38 36
13 38 36
14 39 36
13 39 37
13 38 36
11 40 37
10 38 37
13 39 37
13 38 37
11 37 38
13 36 37
13 35 37
13 36 37
13 36 37
13 37 37
11 36 37
13 36 38
13 34 38
12 36 38
13 36 39
14 37 37
13 34 38
14 36 37
12 35 38
12 36 38
13 36 38
13 35 38
14 36 39
14 35 38
13 37 39
12 36 39
12 36 39
12 35 38
14 37 38
13 36 37
13 37 39
13 35 38
14 36 38
13 36 38
14 35 39
13 35 38
11 35 38
12 36 38
12 34 38
12 36 39
13 35 39
13 34 38
13 35 39
12 34 36
13 36 37
13 35 37
12 36 37
13 34 37
12 35 37
12 36 36
12 34 37
12 34 37
13 34 38
13 34 39
12 34 39
13 36 39
13 37 39
13 36 38
13 35 38
11 35 38
13 35 37
13 34 37
13 34 37
14 36 36
12 36 38
13 35 37
13 34 38
13 33 39
12 35 39
13 35 38
13 34 39
13 36 39
13 37 39
12 36 38
12 36 37
13 36 38
14 35 37
12 34 37
12 35 38
14 34 38
13 35 37
13 34 38
13 36 38
13 35 39
11 35 39
13 36 39
12 35 38
13 36 38
13 35 39
14 35 38
12 35 37
12 35 38
12 35 37
11 35 38
12 35 38
13 34 38
