35 23 50
35 23 50
35 23 51
35 23 53
35 24 51
36 23 52
34 24 52
36 24 51
35 24 50
35 23 50
35 23 51
36 25 52
35 25 51
35 25 51
37 25 51
37 23 51
35 24 50
36 25 51
35 26 51
35 26 51
35 23 52
34 25 52
34 24 51
35 24 51
35 24 52
34 23 52
36 25 52
36 24 50
35 23 51
35 24 51
34 24 51
35 24 51
35 24 52
36 25 52
36 24 52
36 23 51
35 24 52
36 24 51
35 24 51
35 24 51
36 24 51
35 23 52
36 25 51
36 23 52
34 26 51
35 25 51
34 26 52
35 24 50
35 23 51
36 23 51
35 23 51
36 24 51
34 24 51
35 25 51
35 25 52
36 25 51
35 25 51
35 23 51
35 24 51
36 23 50
35 25 52
35 25 51
36 24 51
36 25 52
35 24 51
36 24 52
35 26 51
35 24 51
35 23 51
35 25 51
35 24 51
36 23 51
35 24 52
35 25 52
36 25 51
35 25 52
36 25 51
36 24 52
35 23 51
35 25 51
35 23 52
35 24 51
36 25 51
35 26 51
34 23 51
36 24 52
35 24 51
36 23 52
35 24 51
35 24 52
35 26 51
35 25 51
35 24 51
34 23 51
35 25 52
35 25 52
35 24 52
34 25 51
36 25 50
36 23 51
35 22 52
36 23 50
35 24 51
36 25 52
35 23 51
35 25 51
35 24 51
36 24 51
35 24 51
35 25 51
35 23 52
36 24 51
35 23 51
35 24 52
34 24 51
35 24 52
36 24 51
35 24 51
35 25 52
35 24 50
35 24 51
36 25 50
35 24 51
35 24 51
35 24 51
36 23 51
35 24 51
36 25 52
36 24 51
34 24 51
35 25 51
35 25 51
35 24 51
34 25 51
35 25 52
35 25 52
36 24 52
36 23 52
35 25 50
36 23 51
35 25 52
36 24 51
35 25 51
35 25 51
35 25 51
35 23 51
35 24 51
35 23 52
34 24 52
35 23 52
36 24 51
35 26 51
35 24 52
34 24 51
35 25 51
34 25 51
36 24 52
35 24 52
36 26 52
34 26 51
35 25 52
36 24 52
35 25 52
36 25 52
36 25 52
37 25 52
37 27 53
37 25 52
37 25 53
39 24 53
40 23 53
41 26 53
41 28 53
41 29 53
42 29 52
42 25 50
44 24 47
41 26 46
43 25 47
42 26 48
42 23 51
43 24 53
43 24 54
42 27 54
42 27 54
42 25 53
41 25 50
39 25 45
40 24 44
42 24 39
44 22 36
47 21 35
47 23 35
45 22 33
42 25 32
42 23 34
51 26 38
56 24 40
57 24 43
54 27 48
47 27 48
43 30 49
42 31 48
44 26 49
46 25 52
44 22 57
41 23 56
40 23 55
39 22 52
40 24 50
41 27 51
43 32 53
42 32 52
42 31 53
41 30 53
42 29 52
43 28 52
42 28 51
42 27 48
41 27 47
45 26 47
48 27 47
47 30 45
46 31 46
45 30 46
41 30 48
38 26 50
41 23 50
47 21 51
51 18 49
51 21 47
52 29 46
59 32 47
60 30 48
63 29 46
63 32 50
60 37 50
45 33 48
29 29 50
26 22 47
27 25 45
24 30 45
26 28 44
28 26 43
32 23 42
33 19 42
36 19 43
36 19 46
34 21 49
31 20 52
33 20 53
32 19 54
33 21 53
34 22 51
32 25 51
31 24 50
30 24 50
31 24 48
32 25 49
30 25 49
30 24 49
31 23 50
29 22 51
29 21 50
26 22 50
26 20 50
24 23 50
29 23 50
28 23 51
27 23 52
28 23 52
26 24 52
27 24 50
27 24 51
26 25 50
25 24 50
25 24 49
24 23 48
26 23 48
23 22 48
21 21 48
18 23 48
21 21 47
20 23 46
24 21 46
25 24 48
24 23 49
25 28 52
24 28 54
24 29 55
25 29 54
26 29 52
27 31 51
25 30 50
26 29 51
26 27 52
29 29 54
29 31 54
28 31 54
26 32 55
24 33 54
23 31 55
22 30 54
20 29 53
21 25 51
21 23 49
22 22 48
24 22 47
24 22 46
23 20 45
22 21 45
20 20 43
19 22 44
21 23 44
22 24 45
22 24 46
23 23 47
24 25 49
25 23 48
26 27 51
26 27 52
26 28 54
25 29 54
22 30 54
22 30 52
19 32 51
18 32 52
21 31 52
22 32 51
23 27 51
26 27 50
27 25 50
27 27 49
25 29 51
27 32 51
26 33 51
28 32 52
28 32 51
29 31 51
27 31 50
27 31 52
29 31 52
28 34 53
28 34 53
28 35 53
29 34 52
29 35 52
27 35 53
28 34 52
27 36 52
26 36 52
28 37 52
27 37 51
26 38 52
28 38 52
27 39 52
29 36 53
29 37 51
29 36 52
27 37 52
28 38 52
29 38 52
30 38 52
30 39 52
30 39 52
30 38 51
29 40 52
29 39 54
31 39 52
30 38 52
31 39 52
31 41 52
31 41 52
31 41 52
31 42 52
31 40 54
32 39 52
31 38 52
31 39 52
32 39 52
34 41 51
32 40 51
30 43 53
30 42 54
30 40 53
30 41 52
30 41 52
30 41 54
28 43 53
30 43 52
31 42 51
31 42 51
29 42 51
31 42 50
31 43 50
30 42 51
29 42 52
29 44 51
29 42 50
29 42 49
29 43 49
28 43 49
28 42 49
27 41 50
29 43 49
30 41 48
29 41 47
27 40 47
27 40 46
26 40 48
25 40 46
25 39 46
23 40 48
21 42 49
19 42 49
22 41 48
19 44 49
22 38 47
20 40 47
18 40 48
17 39 47
19 43 48
17 43 47
17 42 47
19 42 46
19 42 44
19 40 45
19 40 45
20 41 44
18 41 45
15 41 44
15 42 45
15 42 43
15 42 42
16 41 41
17 41 40
19 40 41
19 41 42
18 43 44
17 45 45
18 45 45
14 44 47
15 44 45
18 41 46
20 41 43
19 43 43
19 43 42
18 44 42
16 43 42
17 43 41
15 42 41
14 42 42
16 41 44
16 42 43
18 39 45
18 42 45
20 43 45
22 41 45
19 41 43
19 40 43
21 46 40
19 48 42
18 41 41
23 43 39
27 47 40
23 50 42
20 48 43
18 44 42
19 49 44
21 48 43
22 45 41
21 43 42
21 43 42
16 42 40
13 45 37
15 44 41
16 43 44
19 49 46
23 56 46
23 50 44
25 48 41
20 48 39
20 48 38
18 48 38
19 50 40
22 48 41
23 49 40
23 45 39
23 46 38
23 44 39
23 46 38
19 48 42
19 50 43
19 45 40
18 41 41
15 47 43
17 49 46
17 46 42
19 44 42
20 44 42
20 40 41
21 44 43
22 49 44
24 44 36
19 43 44
13 41 52
18 41 37
17 43 40
18 48 40
17 50 45
17 45 39
15 43 40
11 46 39
15 46 36
14 46 36
15 46 36
15 47 38
15 47 37
15 47 36
17 47 35
18 43 33
21 43 32
22 40 34
21 43 36
18 44 37
18 41 38
19 41 37
19 42 35
16 45 36
15 46 38
14 46 39
17 45 36
17 45 36
17 45 37
19 46 35
19 45 37
17 44 40
18 43 38
14 42 38
14 38 40
15 36 41
11 40 41
09 39 43
11 36 43
11 37 42
11 40 42
11 39 43
14 36 42
14 36 41
15 35 42
16 36 42
15 37 42
15 36 42
14 36 43
14 38 42
13 38 40
15 36 41
15 36 40
13 37 42
13 35 41
14 34 42
15 34 40
14 36 42
15 36 42
15 38 42
15 40 42
15 39 41
15 38 43
14 37 42
15 37 43
15 37 42
15 38 43
15 37 42
15 39 41
16 36 42
15 38 41
16 36 42
15 37 41
16 39 41
15 36 41
13 39 41
14 37 41
15 39 41
13 40 40
16 38 41
15 38 41
17 37 41
15 38 42
13 38 43
16 37 42
15 39 42
15 38 41
15 38 42
14 40 42
15 39 43
15 39 41
15 39 42
15 39 40
15 38 41
15 39 40
15 39 42
14 38 41
15 38 42
15 38 42
16 38 43
15 37 42
15 39 40
14 38 42
16 38 41
15 39 41
15 39 41
13 37 42
15 40 41
14 39 41
14 39 42
15 39 41
15 38 42
14 38 41
16 39 41
15 39 42
15 38 41
15 38 42
15 38 41
15 39 42
15 38 43
14 38 41
14 38 43
16 38 42
15 38 42
15 38 42
15 38 41
15 38 42
15 38 41
15 40 43
15 40 41
