41 38 50
40 39 51
40 39 33
40 39 51
40 39 51
41 39 51
39 38 51
40 38 50
41 38 51
39 39 52
39 38 51
39 39 50
40 38 51
40 38 51
40 39 51
40 38 51
39 37 50
39 39 51
41 38 52
40 38 51
41 37 51
39 38 51
40 39 51
40 38 51
40 39 52
40 38 51
40 39 51
40 39 51
41 38 51
40 37 51
40 39 51
39 40 50
39 39 52
40 39 51
39 38 50
40 38 50
39 38 53
41 39 51
40 39 51
39 40 52
40 38 52
40 39 51
40 38 51
39 38 51
39 38 51
39 40 51
40 39 51
39 39 51
40 39 51
39 37 52
39 38 51
40 39 51
38 36 51
40 38 51
40 38 52
40 40 50
40 38 52
39 39 51
39 38 51
39 38 51
39 39 51
40 38 51
40 38 52
41 38 50
39 38 50
39 39 51
39 39 51
40 39 51
40 38 52
40 38 51
39 40 51
40 38 51
40 38 51
39 38 50
41 39 51
40 38 52
39 38 51
40 38 51
39 40 51
40 39 51
40 38 50
39 39 51
40 37 51
40 39 51
39 38 52
40 38 52
38 38 52
40 37 51
40 38 52
41 39 51
41 39 50
39 39 53
37 39 54
37 37 53
37 34 53
38 33 55
41 32 55
43 30 52
42 29 52
40 28 51
40 29 46
39 27 45
39 31 49
39 32 48
38 30 46
33 33 50
34 39 55
31 41 50
33 31 40
29 29 45
28 31 48
38 28 46
45 56 63
51 26 63
42 26 61
33 29 51
30 28 49
31 28 53
33 27 54
34 27 58
32 33 55
27 44 63
25 40 61
28 30 46
29 37 52
29 38 53
28 35 52
28 37 45
22 36 53
21 41 48
21 36 51
26 37 50
23 34 55
27 36 47
25 34 48
24 39 50
17 39 46
15 38 55
22 35 45
23 38 52
21 37 53
22 39 51
25 35 50
26 35 52
21 37 45
18 40 49
17 42 52
15 45 48
13 48 46
13 47 44
14 48 40
16 47 36
22 43 33
18 47 38
18 42 41
12 45 41
06 50 41
06 42 40
06 41 40
07 39 29
09 28 24
10 36 26
12 37 27
14 33 29
17 30 28
15 33 29
15 30 28
14 34 31
16 36 30
16 35 31
16 38 32
19 36 31
17 36 31
14 36 31
14 36 29
13 36 30
13 37 31
15 38 31
16 40 32
15 38 33
12 38 33
13 38 35
13 35 35
12 35 35
12 33 33
09 34 32
08 36 34
10 36 35
12 37 35
14 39 34
15 38 34
14 38 35
13 36 35
15 37 35
14 37 35
12 39 35
12 37 37
14 37 36
12 36 36
12 38 37
12 37 37
12 37 37
13 37 37
12 37 37
12 38 37
12 37 37
11 38 37
12 37 36
12 37 36
14 36 38
14 37 37
13 36 37
13 35 36
12 36 36
13 37 36
12 38 36
12 38 36
12 37 37
12 37 37
13 38 36
12 37 36
13 37 38
13 36 37
12 36 36
12 36 37
12 36 36
14 36 37
13 37 37
13 36 37
12 38 36
12 38 37
12 36 37
12 37 37
12 36 37
13 36 36
13 36 36
12 35 36
12 35 35
10 35 35
13 36 35
12 36 36
12 35 36
12 36 35
13 35 36
13 36 36
13 37 37
13 35 37
14 37 36
13 37 37
13 37 36
13 36 37
13 37 38
12 37 38
13 37 38
13 37 37
13 37 38
13 37 38
12 37 38
13 37 37
12 37 36
13 36 37
13 36 36
13 36 37
11 36 36
13 36 36
14 36 36
12 35 37
13 35 37
11 37 35
11 35 37
13 36 37
13 36 37
13 35 37
13 36 36
12 37 36
13 37 37
12 37 36
13 37 35
13 37 37
15 37 36
13 36 37
14 37 36
13 35 37
12 36 37
12 35 37
12 36 36
12 37 37
13 35 36
12 35 36
13 35 36
14 36 36
13 35 36
12 36 37
12 37 36
13 37 36
13 36 37
12 38 37
12 36 38
12 36 37
13 37 37
14 37 36
12 36 37
12 37 37
13 36 36
12 35 37
12 35 37
12 35 36
12 35 38
13 36 37
13 35 38
14 36 37
14 35 36
13 37 37
12 36 36
12 36 37
13 36 38
12 37 37
12 36 37
13 36 36
13 35 36
13 36 36
12 36 37
12 36 37
11 35 36
12 35 36
13 36 36
13 36 37
12 36 36
12 36 37
13 37 37
13 36 36
13 36 36
12 37 36
12 37 36
14 36 36
12 37 37
12 34 37
13 35 36
12 35 36
14 37 37
12 36 36
12 35 37
13 36 36
13 36 37
12 35 36
12 36 34
12 36 36
13 37 36
12 35 36
12 36 35
12 35 36
13 35 35
12 35 37
13 35 36
12 35 36
12 36 36
13 35 36
12 36 35
12 36 36
12 35 36
11 35 36
12 35 35
12 34 35
13 35 35
12 36 35
13 34 36
13 34 35
11 35 36
12 34 36
12 35 36
12 34 36
11 34 36
11 36 36
13 35 36
12 35 35
13 35 35
12 34 35
12 35 36
11 33 36
12 35 36
12 35 36
12 34 36
12 34 37
11 34 36
13 34 35
11 35 36
13 34 36
12 34 36
13 36 36
13 35 37
12 34 35
12 35 36
12 34 37
12 35 37
12 35 36
13 34 36
13 34 36
13 34 37
12 35 36
11 35 36
13 34 36
