23 34 49
23 34 49
20 34 50
18 35 49
19 34 53
20 33 54
22 34 49
20 28 47
21 28 49
21 30 50
21 29 50
22 36 50
21 33 48
22 31 49
21 31 48
22 32 50
23 33 49
21 34 50
22 34 50
21 33 50
21 33 49
22 33 50
21 33 49
21 33 50
22 34 50
21 32 50
21 32 49
21 33 49
22 34 49
21 33 50
20 34 50
21 33 48
21 33 49
22 34 50
21 33 50
21 32 49
21 32 50
21 33 51
23 34 50
21 34 49
22 32 50
22 33 51
22 33 49
20 32 49
22 33 49
21 35 50
23 34 49
21 34 50
21 33 50
22 32 49
23 33 49
22 34 50
21 33 52
19 33 53
16 35 51
12 37 48
10 38 46
12 36 46
15 32 50
17 28 45
18 28 45
21 30 44
22 30 49
25 25 51
28 23 49
30 21 48
27 26 40
27 31 46
24 32 46
21 26 41
19 28 46
16 28 48
10 22 46
10 24 47
16 27 48
20 28 47
20 31 47
19 29 47
16 26 45
14 25 45
14 29 45
17 30 46
17 29 43
15 28 43
15 28 41
13 28 41
14 29 41
17 31 42
16 29 44
16 30 40
16 35 41
16 30 43
17 38 41
15 46 45
12 48 45
16 42 48
17 46 46
18 42 42
18 44 38
18 45 38
20 44 40
19 43 43
19 45 42
18 45 42
18 46 41
21 49 39
21 48 42
20 47 39
21 50 40
19 50 41
19 49 41
20 48 43
21 46 41
22 48 39
20 48 42
13 41 50
05 43 45
07 62 40
05 54 29
10 50 22
22 43 21
25 46 23
29 41 29
28 47 33
27 42 41
25 36 43
21 40 48
19 43 53
17 43 58
19 41 55
06 45 29
06 46 24
11 40 34
12 42 33
11 43 28
13 41 29
11 43 31
12 42 31
13 37 27
13 35 25
14 37 24
18 36 24
17 37 28
14 42 25
14 37 24
11 39 30
13 38 27
16 38 28
13 39 29
11 42 28
10 38 31
09 42 29
13 40 30
13 43 29
11 41 30
13 41 33
14 42 31
12 43 32
13 41 37
09 39 35
09 40 35
10 37 37
08 37 39
08 35 35
10 34 33
14 31 30
15 31 28
15 36 30
17 40 34
13 37 35
13 38 40
14 36 40
12 39 40
14 39 42
15 40 40
17 40 39
15 37 40
15 41 41
15 40 39
15 42 39
12 40 39
09 39 39
09 41 38
09 41 36
12 40 33
12 40 33
12 40 34
11 40 34
11 38 34
12 36 34
13 37 33
14 38 33
14 40 33
13 38 31
13 38 32
14 38 32
13 40 32
13 40 32
12 41 31
10 41 32
10 42 32
12 42 32
13 40 31
13 40 31
12 38 31
11 38 28
12 36 27
11 37 26
05 37 23
10 38 26
14 39 32
16 40 37
13 32 41
11 31 42
10 34 39
10 38 37
14 39 36
14 37 36
14 36 36
13 36 36
14 33 33
13 33 34
13 33 31
13 32 29
12 32 29
11 31 31
11 32 30
12 33 30
10 29 34
10 33 32
10 35 30
11 36 31
11 34 31
10 34 30
11 34 30
12 33 30
12 33 29
11 35 30
11 34 29
12 36 30
13 36 30
13 34 29
13 35 29
13 35 29
12 35 28
13 34 27
14 35 28
12 35 27
09 33 26
10 33 25
11 34 29
11 33 32
11 33 30
11 34 31
11 34 28
13 33 27
12 32 28
13 30 28
12 31 30
12 32 28
12 31 30
11 30 30
11 28 28
11 27 29
11 28 29
13 29 28
12 31 30
11 29 29
13 30 29
13 29 30
11 28 29
13 29 29
11 29 29
11 27 28
11 28 30
12 29 31
12 29 28
12 28 29
13 29 28
12 28 29
12 27 29
12 30 28
12 28 28
12 29 29
12 30 28
12 30 28
12 28 29
11 30 30
12 30 31
12 34 31
10 39 31
10 39 30
