38 40 51
38 40 32
39 40 51
39 40 51
40 40 51
38 39 50
39 39 51
39 39 50
38 41 50
39 39 51
39 41 51
40 39 50
38 39 50
40 40 51
38 39 51
39 39 51
39 40 51
40 39 50
39 40 51
39 40 50
39 39 51
38 39 51
40 39 51
39 40 50
40 39 51
40 40 51
38 39 50
39 40 50
39 40 51
39 40 51
39 39 50
40 41 51
40 38 52
39 38 51
39 40 51
39 40 50
39 39 52
38 39 51
39 40 51
41 40 51
39 40 51
39 40 50
39 41 50
39 39 51
38 39 50
39 38 51
40 39 51
39 39 51
39 38 51
40 39 51
39 39 52
39 39 52
39 40 50
40 43 52
39 41 52
37 37 52
35 37 53
35 34 52
38 36 51
34 38 51
35 34 52
35 36 53
34 35 53
33 36 53
32 35 55
31 35 54
30 38 52
29 39 52
28 35 47
32 38 48
36 40 46
43 30 41
46 30 49
46 39 62
30 29 63
29 36 59
32 45 48
36 44 51
32 38 51
35 41 47
34 43 50
30 39 57
29 42 56
34 44 51
34 42 51
33 44 49
29 42 49
31 42 48
31 42 48
32 44 50
32 42 52
32 44 51
32 41 51
32 42 51
32 44 51
32 42 51
32 44 49
32 42 51
33 42 51
33 42 51
30 41 52
34 45 50
32 42 50
32 39 52
35 38 52
33 40 49
30 38 49
29 40 48
31 47 52
37 44 54
41 39 56
36 38 53
34 40 52
33 41 53
34 43 49
33 41 47
31 40 50
31 41 51
31 38 51
34 39 52
33 40 52
34 40 53
34 41 51
32 38 52
35 45 50
34 43 50
34 44 52
37 45 52
33 45 50
33 37 52
28 38 62
28 33 58
27 36 57
25 39 58
24 37 55
18 34 49
30 34 38
32 35 44
24 36 55
23 37 46
26 33 43
20 38 51
22 34 48
23 37 48
23 35 50
22 38 52
21 39 51
19 38 57
16 37 55
16 44 58
10 40 55
06 38 47
07 39 41
09 36 45
14 26 51
21 21 48
27 22 46
32 21 47
35 25 46
37 25 44
33 25 43
33 20 42
34 33 42
37 24 42
32 17 45
34 20 50
32 24 51
30 28 52
32 31 56
34 25 60
34 32 61
31 35 59
31 32 57
27 33 54
28 30 56
24 32 53
25 33 55
25 31 53
24 31 55
25 30 54
27 29 54
26 28 54
25 28 54
26 28 54
27 30 54
23 30 53
23 24 50
26 23 48
29 24 46
33 27 47
31 30 46
28 31 47
30 33 51
29 32 51
30 31 51
34 30 49
36 30 48
43 32 48
51 33 49
53 33 48
49 35 48
51 36 52
50 34 51
44 35 51
41 34 52
38 35 53
37 36 52
34 37 50
31 37 52
30 34 51
30 33 50
32 31 49
32 32 49
31 34 48
28 35 48
27 37 49
24 37 48
24 39 48
21 40 48
20 44 47
15 50 46
11 57 45
07 53 44
08 54 42
07 62 42
08 57 44
09 53 44
11 54 43
12 51 44
15 45 43
15 43 40
15 45 38
13 44 37
12 43 40
14 42 37
13 42 36
14 43 36
15 42 38
18 41 36
17 37 36
18 37 34
18 39 34
17 41 34
19 39 35
17 39 35
19 40 38
18 41 36
16 42 37
16 40 38
14 39 38
14 40 38
13 39 36
14 39 36
14 39 35
16 39 36
16 39 36
17 40 37
17 41 36
14 41 35
13 41 36
13 41 36
13 41 35
13 40 35
10 40 34
07 40 33
09 39 32
13 39 32
13 39 33
12 40 33
12 40 32
12 41 31
12 40 33
13 39 32
12 39 32
13 39 32
13 39 32
13 40 33
13 41 34
15 40 33
15 40 34
16 40 34
16 41 34
14 40 34
15 39 34
12 40 35
10 40 33
10 40 33
10 41 33
12 39 34
12 40 34
13 41 34
12 41 37
13 40 35
12 40 36
12 39 35
13 39 37
14 39 37
15 38 36
16 38 38
14 40 40
14 39 39
15 39 38
14 39 39
