35 42 51
35 42 51
35 41 51
36 40 51
35 39 50
35 37 51
35 39 51
36 40 51
36 39 51
35 38 52
36 38 53
35 40 53
34 41 52
37 39 52
37 38 52
37 36 53
36 36 51
35 36 52
37 35 52
34 37 53
35 36 53
35 37 52
34 35 53
35 36 52
35 36 52
35 37 52
37 37 51
36 35 52
35 37 52
34 40 51
34 39 50
36 39 50
37 40 52
36 39 52
36 37 51
37 38 52
35 37 52
35 38 53
36 39 52
35 39 52
36 37 51
36 38 50
36 39 51
35 39 52
35 40 52
35 39 51
35 39 51
36 37 51
36 40 52
35 41 51
36 39 50
36 39 51
36 39 52
36 40 51
35 40 52
36 39 51
34 39 52
37 39 51
36 40 51
35 40 52
36 39 51
36 39 51
36 39 52
36 38 52
36 37 51
37 39 51
35 40 51
36 39 51
35 40 51
36 39 52
36 38 51
36 41 51
35 40 51
35 39 51
35 39 52
36 40 51
36 40 51
36 40 51
37 38 51
36 38 52
36 39 52
35 39 51
36 39 51
36 40 51
35 40 51
36 41 51
38 40 53
36 38 49
37 37 51
36 37 52
34 36 51
34 40 53
37 36 51
34 35 52
34 39 52
35 39 54
34 38 53
33 35 54
34 38 51
33 36 55
34 40 51
33 36 53
35 38 52
35 41 49
34 35 54
36 38 51
37 39 50
36 36 53
37 37 50
37 37 49
36 37 52
38 40 49
39 38 52
37 41 54
38 40 51
36 39 50
36 39 51
36 42 49
34 40 52
33 40 54
31 41 54
29 44 51
30 44 52
30 40 51
28 36 52
26 35 50
27 41 54
27 36 56
27 37 54
24 39 52
22 35 49
21 33 46
21 35 48
21 34 48
19 33 50
18 37 50
19 34 47
19 33 46
20 36 48
19 36 45
19 36 48
18 38 46
19 34 45
18 36 48
19 34 48
18 36 50
13 34 51
12 35 49
16 32 45
17 37 45
18 37 42
22 33 40
20 35 40
19 36 40
18 32 41
16 31 39
14 33 41
11 34 40
09 35 38
06 34 36
10 36 35
09 34 32
09 36 33
09 36 30
11 36 26
10 35 30
11 36 29
09 37 27
12 33 24
07 35 28
05 32 27
10 28 26
11 28 26
12 27 26
12 28 27
12 29 26
14 26 25
14 28 26
13 29 27
15 34 28
16 31 30
17 30 31
18 29 31
18 28 31
18 27 32
17 30 32
15 32 33
12 33 34
10 34 34
08 33 33
10 32 33
11 31 34
11 34 36
13 36 36
12 34 34
12 32 32
12 34 31
11 35 29
09 33 31
08 34 30
10 34 30
12 35 32
12 36 33
13 36 33
13 34 32
12 35 34
11 34 33
11 37 33
09 36 33
10 35 33
11 34 34
12 34 33
12 34 34
12 35 33
12 35 34
12 35 33
11 37 33
12 36 34
13 36 33
11 35 33
11 33 33
10 35 35
12 35 34
12 35 33
11 35 34
12 34 32
13 35 32
12 35 34
12 33 34
13 35 33
11 34 33
11 35 33
12 35 32
12 35 32
12 35 32
11 35 32
11 34 33
12 33 32
12 34 32
12 34 33
11 35 32
12 35 32
11 35 33
12 34 32
11 35 31
12 34 33
11 33 32
11 34 32
12 35 32
11 33 33
12 34 34
10 34 33
11 35 33
12 34 32
11 34 34
11 34 34
12 35 34
12 34 32
11 34 34
11 34 33
12 34 33
11 33 33
11 35 33
11 34 33
11 35 33
12 34 33
13 34 33
12 35 32
11 33 32
12 33 32
11 34 34
11 35 34
11 35 34
12 36 34
11 35 35
11 34 34
10 34 33
