43 31 51
43 31 51
43 32 50
53 33 33
44 32 51
43 32 50
42 33 50
43 32 50
44 31 51
43 33 51
44 32 50
44 33 51
44 32 50
44 32 50
44 32 51
44 32 49
45 31 50
43 32 49
44 32 50
44 33 50
44 33 50
43 33 50
44 31 50
45 31 51
44 33 50
45 31 50
44 33 50
45 32 49
44 32 50
45 33 49
45 34 50
46 34 50
45 34 50
44 34 49
43 34 50
44 34 49
44 36 50
46 36 52
44 30 51
44 29 49
45 26 47
46 24 48
45 26 47
44 25 48
44 28 49
45 30 50
44 30 50
45 32 50
43 32 50
44 34 51
44 32 50
44 31 50
44 31 49
45 31 49
45 31 50
44 32 50
43 31 49
45 32 49
44 31 49
43 32 49
44 31 50
44 31 50
44 32 49
44 31 50
44 32 49
44 31 50
44 32 50
44 31 50
44 31 50
44 32 51
44 31 50
43 31 51
44 31 51
43 32 50
44 31 50
43 32 49
43 31 50
45 31 50
43 31 50
42 32 50
42 31 51
44 31 50
42 31 50
44 31 51
42 30 50
44 32 50
42 30 50
44 31 50
44 32 51
43 30 50
43 32 51
42 31 51
43 32 50
42 32 50
44 31 50
43 30 50
43 32 51
43 32 50
43 31 51
42 32 51
43 30 50
44 31 51
44 31 51
44 31 49
43 31 51
42 30 50
44 32 51
43 31 51
43 30 51
43 31 51
42 31 50
43 31 51
44 32 52
43 31 51
41 31 51
42 32 50
42 31 51
44 31 50
43 32 49
43 31 51
43 31 50
43 31 51
43 30 51
44 32 50
43 31 51
43 31 51
43 30 50
43 31 50
42 32 50
43 32 51
42 32 51
44 32 50
43 31 51
43 31 51
42 32 50
43 31 51
44 31 50
43 30 51
43 30 50
43 31 49
45 31 50
43 31 50
43 32 50
43 30 51
42 30 51
43 30 50
42 31 51
43 31 50
43 32 51
44 31 50
44 30 50
44 31 50
44 32 51
43 31 51
43 32 51
43 31 52
42 31 52
44 32 51
43 32 51
42 30 50
44 33 49
44 31 50
44 32 49
45 32 50
45 31 49
45 31 49
44 30 49
43 31 50
45 30 50
45 32 49
46 32 49
44 30 49
45 31 49
44 32 50
46 31 49
46 30 50
47 28 50
48 27 50
46 27 49
46 28 49
45 25 50
43 24 50
40 24 50
39 25 49
36 25 50
38 26 50
42 26 51
46 25 52
50 26 50
46 28 49
46 27 48
43 28 46
40 26 44
41 22 41
43 19 40
46 17 39
48 19 38
50 21 36
52 24 37
49 25 37
45 27 38
46 29 42
49 32 49
53 29 51
52 26 49
47 26 44
46 28 48
41 27 48
47 26 50
47 24 49
47 28 50
47 34 55
48 35 53
48 35 51
47 31 52
44 32 50
46 30 49
48 32 48
48 31 48
46 31 49
47 31 50
48 33 51
45 34 52
44 33 51
44 30 51
44 30 51
45 30 49
44 31 47
43 28 44
41 26 40
38 24 44
40 24 49
44 25 51
54 25 50
61 31 46
56 38 46
49 27 45
51 26 46
55 32 45
59 38 44
58 38 45
61 34 46
62 35 46
61 36 45
56 42 49
46 40 45
37 42 49
33 34 48
34 35 48
25 35 47
23 33 49
28 30 49
30 29 49
30 26 47
32 26 48
34 25 49
33 26 49
33 26 51
31 27 52
32 26 55
33 27 54
33 28 53
33 28 53
32 27 53
32 28 51
32 29 50
32 29 51
32 29 51
33 29 52
32 28 52
31 30 53
30 31 53
32 32 53
31 33 54
30 32 54
29 32 55
27 30 53
25 30 53
25 31 53
24 27 54
24 29 54
26 31 54
27 31 51
28 34 49
29 35 48
29 36 48
31 36 50
30 37 52
30 42 54
30 42 53
29 43 55
33 47 55
35 45 54
36 43 54
36 40 51
35 41 50
33 42 51
29 40 50
23 38 52
20 35 53
20 31 52
21 30 54
21 30 54
23 29 55
27 29 55
28 30 54
29 31 53
31 33 52
30 32 50
27 32 49
24 30 50
25 29 49
26 30 49
27 31 50
26 31 51
26 33 50
28 33 50
29 36 51
30 37 50
30 38 54
29 37 54
28 39 56
26 39 55
24 39 55
24 40 55
25 40 54
27 40 55
28 41 53
28 41 53
31 41 52
31 42 51
31 41 49
30 42 48
30 42 47
32 43 46
30 43 47
33 42 48
32 43 48
33 43 49
32 43 49
31 45 50
31 45 49
30 45 50
31 45 50
30 44 50
30 44 50
29 44 48
28 42 50
29 44 47
25 44 48
26 44 48
28 44 48
27 45 48
27 44 49
27 45 49
26 46 48
26 45 47
25 46 47
24 47 49
23 45 48
25 47 48
23 47 49
23 47 48
25 46 49
25 45 47
26 46 46
26 44 45
26 44 44
25 45 45
26 45 44
26 45 45
24 46 45
26 46 46
24 46 47
25 46 46
24 46 48
23 46 48
25 46 48
24 46 47
24 46 47
24 44 46
24 47 46
23 48 44
24 47 45
25 49 44
25 47 45
25 47 46
24 47 47
25 47 47
24 48 47
24 45 48
26 45 47
27 45 46
27 47 45
28 45 45
28 48 45
28 49 44
27 51 44
27 52 43
26 54 41
25 54 43
24 53 44
25 53 43
24 54 43
26 54 42
24 53 42
23 50 42
22 49 43
24 49 43
25 48 42
25 49 44
25 49 44
25 47 43
24 46 43
24 45 42
23 46 41
24 45 41
22 46 41
22 46 40
22 46 40
22 46 39
22 46 40
22 47 40
20 47 42
21 47 42
20 47 43
19 47 44
20 45 43
21 45 43
22 46 42
20 45 43
19 47 42
20 46 42
19 46 41
18 46 41
19 48 41
20 48 41
21 48 41
22 47 42
21 48 41
21 47 41
22 47 41
23 47 40
21 46 41
21 48 40
21 49 40
21 47 40
20 48 39
21 48 39
22 47 39
22 46 40
22 46 39
20 45 39
22 45 39
20 45 39
19 45 40
18 45 40
17 45 41
17 46 43
16 44 42
16 42 42
16 42 43
16 43 43
16 42 42
17 42 43
17 43 43
18 42 42
17 42 42
17 42 41
17 41 41
15 42 41
15 42 41
15 42 41
16 42 40
16 43 42
16 41 41
17 44 42
18 43 42
17 41 41
17 44 41
18 42 41
17 41 40
16 42 41
15 42 41
16 41 42
16 43 42
17 43 42
18 42 40
17 43 41
18 42 40
17 43 40
17 43 42
17 43 40
16 44 40
16 44 41
17 43 40
16 43 41
17 43 42
17 43 41
16 43 40
15 43 41
15 42 41
16 43 41
15 41 41
16 41 42
15 42 41
16 41 42
17 42 41
16 41 41
16 42 42
17 41 43
16 40 41
16 42 41
16 41 42
17 42 41
15 42 41
16 42 41
15 42 41
17 42 42
15 41 41
17 42 40
17 40 41
15 41 41
16 42 40
17 41 42
15 42 41
17 42 41
15 42 41
15 41 40
15 41 42
16 42 41
15 40 41
15 41 42
17 42 41
17 42 42
17 42 41
16 41 41
15 43 41
16 43 41
17 41 41
16 43 41
16 41 41
15 42 42
15 43 40
16 42 42
16 41 41
16 42 41
16 42 41
15 42 41
16 41 41
16 42 42
16 42 41
16 42 42
16 43 42
16 41 41
16 42 41
16 42 42
15 41 43
16 40 41
17 41 40
16 40 42
16 42 41
15 43 41
17 42 42
17 42 41
16 42 41
16 41 41
17 41 42
16 42 42
16 40 40
17 40 42
16 42 41
16 40 41
15 42 41
15 41 42
15 42 42
17 42 41
16 42 41
15 40 41
16 42 42
17 42 42
16 41 41
17 41 41
16 43 41
17 41 41
16 41 42
16 43 41
16 41 41
17 42 41
16 42 41
17 40 42
16 42 41
16 41 41
16 42 41
16 41 42
15 42 41
16 41 42
16 42 41
16 41 42
16 42 42
15 41 41
15 40 41
16 41 41
15 41 41
16 41 40
15 40 41
16 41 41
17 41 42
16 42 41
16 42 40
15 40 42
16 40 42
16 41 42
16 40 41
16 42 41
16 41 40
15 41 41
15 41 42
16 42 41
16 41 42
17 40 42
15 40 40
17 41 41
