35 44 50
35 44 50
35 43 50
35 44 50
36 43 50
35 42 51
36 42 50
35 41 50
37 42 51
36 44 52
34 42 51
35 43 51
35 41 50
36 42 51
36 42 51
36 43 50
35 43 51
35 43 50
35 43 51
35 41 50
36 42 50
36 42 50
36 42 51
35 44 50
35 41 50
35 43 50
35 42 50
35 42 50
34 43 51
36 42 51
35 43 51
35 43 52
35 42 51
35 41 50
35 41 51
36 43 50
35 43 51
36 42 51
36 42 51
37 42 50
35 43 50
35 43 51
35 42 51
35 42 51
35 41 51
35 43 51
36 42 51
35 43 51
36 42 51
35 43 51
35 43 51
35 43 50
35 43 50
36 43 51
35 42 51
35 42 50
35 43 50
35 43 51
36 42 50
36 42 51
36 41 50
34 43 50
36 43 51
35 43 51
35 41 50
35 42 50
36 42 49
36 42 51
36 42 50
35 42 51
34 42 51
36 42 50
35 43 51
34 43 50
35 42 50
35 42 50
36 42 50
35 41 51
37 42 51
35 42 50
35 42 50
35 43 50
35 41 51
36 44 50
36 42 50
36 42 51
35 42 50
36 42 51
36 42 50
34 42 50
36 43 51
35 43 50
36 43 51
35 41 50
35 42 51
36 42 50
36 42 51
35 41 51
35 42 50
35 42 50
35 43 51
35 42 49
35 43 50
35 42 51
35 42 50
35 44 51
35 43 50
36 41 50
35 42 51
36 44 50
35 42 51
34 43 51
36 43 51
35 42 49
36 41 50
36 42 50
36 43 50
35 44 51
36 42 51
35 43 51
35 42 50
36 42 50
36 43 51
35 42 51
35 43 51
35 42 51
36 43 50
35 42 50
36 41 51
35 42 51
36 42 49
36 42 50
35 42 50
34 43 51
35 42 50
36 42 50
36 42 50
36 42 50
35 44 50
35 44 51
35 42 50
36 42 51
36 42 51
35 42 49
35 43 49
36 42 50
35 41 49
35 44 49
35 44 50
36 45 50
37 44 50
35 44 49
33 42 51
35 36 54
36 32 53
38 30 53
33 30 55
27 32 57
21 38 56
19 38 56
15 34 51
12 36 54
12 33 47
13 33 47
14 25 46
26 30 40
48 33 42
57 19 46
62 09 56
50 34 62
33 36 59
28 29 50
34 32 52
30 31 51
33 34 55
32 38 52
32 41 52
31 45 49
28 46 54
28 43 60
30 38 55
33 35 52
31 35 52
35 36 52
35 35 52
38 36 51
35 35 49
34 36 49
32 37 48
33 40 50
37 38 50
41 34 56
39 31 57
37 36 55
36 37 55
35 37 55
38 35 50
39 29 46
35 34 54
32 44 54
27 44 54
22 38 56
28 37 52
25 35 51
23 40 51
23 39 50
24 41 49
23 42 50
21 45 48
20 41 48
19 40 48
18 41 47
20 42 44
19 42 46
16 41 46
16 41 45
17 38 43
15 41 44
15 39 44
15 39 43
13 41 40
13 39 40
14 37 35
13 37 36
12 36 34
13 34 31
17 31 35
07 37 28
13 36 29
11 33 27
11 34 27
11 32 25
07 35 24
08 33 23
08 31 21
07 26 22
09 28 20
08 29 17
08 30 17
12 27 20
13 27 21
15 29 22
17 33 25
16 32 26
18 31 27
19 21 32
20 38 25
18 38 34
22 33 31
22 34 32
20 34 32
19 35 33
15 34 32
14 33 32
13 35 31
12 37 34
11 36 35
11 37 37
09 37 37
08 32 38
10 29 36
11 30 35
14 33 34
14 36 34
14 36 35
12 36 33
12 39 35
11 38 35
11 38 35
12 38 35
11 39 36
12 39 36
11 38 35
12 37 34
12 38 35
13 36 35
14 37 35
14 37 34
12 38 33
10 38 33
13 36 33
12 36 33
11 37 32
12 37 31
12 38 32
12 37 32
12 39 32
13 39 33
12 38 31
12 39 32
13 40 33
13 40 33
13 39 33
12 39 32
12 41 33
11 41 33
13 40 34
14 40 36
13 41 36
13 39 37
13 39 35
11 38 34
13 36 35
12 36 35
11 37 35
07 36 37
10 34 38
12 32 38
15 34 38
15 37 36
14 37 37
13 37 36
13 38 36
11 39 37
11 38 39
14 39 37
16 38 37
13 38 37
14 37 35
13 38 36
12 35 35
13 35 36
13 35 35
12 36 36
13 36 35
13 36 34
13 35 35
13 35 35
12 37 35
13 37 35
12 36 36
11 37 36
12 37 37
12 38 37
12 36 37
12 36 36
14 37 36
12 36 36
13 36 37
12 36 37
12 36 36
13 37 36
12 37 35
13 36 37
13 36 36
13 36 36
12 37 36
13 37 34
12 37 36
12 35 36
12 37 36
13 36 35
13 37 36
13 37 36
12 36 36
13 36 37
13 37 37
13 37 37
14 37 37
12 37 36
12 37 38
13 37 36
13 38 37
12 37 37
14 38 37
13 38 37
13 37 36
13 37 36
12 37 36
13 38 37
14 37 36
14 38 37
12 38 37
14 38 37
12 38 37
13 38 38
14 38 38
13 38 37
14 39 37
14 39 36
10 39 36
13 37 35
12 38 37
12 37 37
13 37 37
13 38 36
13 36 37
12 38 37
13 38 37
12 37 36
13 38 37
12 37 37
13 39 37
13 37 37
13 37 35
12 39 36
13 38 37
11 38 37
13 38 36
13 38 36
13 37 36
12 37 36
12 38 36
13 37 36
13 38 36
14 37 37
13 38 36
14 38 35
12 37 35
13 39 36
13 38 36
13 37 37
13 38 36
14 37 36
12 38 37
13 38 37
12 38 37
14 37 36
13 39 37
13 36 36
13 38 36
12 36 36
12 37 36
13 38 36
14 37 36
13 37 37
12 38 36
13 37 35
13 37 37
13 38 36
12 37 37
12 39 37
13 38 36
13 37 36
12 38 36
12 38 37
12 38 36
13 38 37
13 38 36
13 38 37
12 38 37
12 38 35
11 37 36
12 36 36
12 36 36
12 35 36
13 36 35
12 35 35
13 37 34
14 37 35
14 37 36
14 36 37
13 38 36
14 38 37
13 39 37
13 39 37
13 38 38
13 41 38
13 39 38
13 38 39
14 38 38
13 38 39
13 39 38
13 39 37
13 39 38
13 38 37
13 38 37
12 38 36
13 39 37
13 37 35
13 38 37
13 37 36
12 38 36
13 38 36
