37 47 47
37 47 48
37 47 47
36 45 47
37 47 47
37 46 47
37 46 48
35 47 47
36 46 47
36 47 47
37 48 48
37 47 48
36 47 48
38 46 48
38 45 48
38 46 46
38 46 48
38 46 47
37 45 47
36 45 47
38 46 47
37 46 47
36 46 48
37 46 47
37 47 47
38 48 47
38 48 47
36 47 47
37 47 49
36 45 47
36 45 49
36 45 47
37 45 47
35 46 49
37 46 49
36 45 46
36 47 47
37 46 47
38 48 48
38 47 48
36 49 47
36 47 47
36 46 48
36 44 47
36 44 47
37 46 48
36 45 48
37 45 48
37 46 48
36 46 48
36 46 48
36 46 49
37 45 48
36 46 49
35 46 48
36 47 49
37 45 47
37 46 48
36 46 48
37 46 48
37 46 47
36 46 48
38 45 47
36 46 48
36 47 48
37 45 47
37 45 48
37 47 48
38 46 48
36 45 47
37 46 48
37 46 48
36 47 49
36 47 47
37 47 49
36 46 48
37 45 48
36 46 48
38 45 48
37 45 48
37 46 48
36 45 48
36 46 49
36 46 47
36 45 47
36 46 48
36 46 47
36 46 48
37 46 48
36 45 48
36 46 48
36 45 48
37 46 48
36 46 47
37 45 47
36 46 48
38 47 48
37 47 48
37 46 47
37 46 48
35 46 47
37 46 47
36 46 47
35 46 49
36 46 48
36 47 48
36 44 47
37 46 48
36 46 47
36 46 48
35 46 47
37 46 47
37 46 48
37 46 48
36 45 48
36 46 47
37 46 48
36 46 48
36 45 49
36 48 48
37 46 48
37 46 48
35 46 48
36 46 48
35 46 47
37 45 48
36 46 48
36 46 48
36 46 47
37 45 48
37 45 48
37 45 47
37 44 48
37 46 48
36 46 48
36 45 48
35 45 47
36 46 48
38 45 48
36 47 49
37 46 49
37 47 47
37 45 46
35 46 48
35 45 48
35 43 47
33 43 49
34 44 49
33 43 49
36 35 51
33 43 54
36 40 55
38 41 52
37 41 54
34 42 52
34 43 53
33 41 52
34 42 51
33 42 53
31 42 53
28 47 55
25 43 53
25 39 51
22 42 52
18 38 52
16 32 53
15 32 51
15 35 51
17 33 52
23 35 45
22 32 42
28 34 40
29 38 37
30 21 36
29 29 46
30 31 47
32 34 50
28 34 60
24 45 57
29 36 55
20 48 55
05 49 51
13 25 44
11 15 43
15 25 44
17 38 48
18 31 45
17 28 44
16 30 47
17 30 45
21 31 44
18 33 44
13 30 46
11 30 45
11 29 44
14 30 45
15 33 46
16 30 45
14 32 45
14 32 44
16 30 45
17 33 43
19 32 44
16 34 43
14 33 43
15 33 45
13 35 44
15 34 44
16 35 43
15 36 44
15 36 45
15 37 44
13 37 48
12 38 46
13 38 46
14 38 46
15 40 48
15 40 48
12 38 49
12 36 50
11 35 52
07 29 54
09 28 52
12 32 43
11 32 39
13 34 38
15 38 38
17 36 38
19 39 39
19 41 39
21 40 39
21 47 40
24 51 40
27 48 43
23 52 42
26 53 46
27 56 47
27 53 48
28 50 51
26 46 53
25 48 51
26 49 51
22 53 61
22 25 57
22 29 39
14 21 35
15 46 48
12 39 51
11 32 42
18 35 41
19 33 41
14 36 44
12 33 45
11 33 45
12 31 41
11 33 42
12 30 43
12 32 41
12 30 42
11 29 42
13 29 40
12 27 39
13 27 41
13 27 41
15 28 40
12 27 42
14 27 38
13 29 39
16 26 38
16 28 41
17 29 40
14 28 43
15 27 42
13 28 41
14 29 42
13 27 43
14 28 40
14 29 42
13 27 41
16 31 41
15 29 41
15 30 40
14 29 41
13 29 41
12 30 40
14 29 38
13 30 39
11 30 40
13 30 39
13 31 39
14 31 40
13 31 39
12 30 39
13 30 38
12 31 38
13 32 39
13 31 39
13 32 39
12 31 37
09 30 38
11 34 36
10 34 38
10 32 37
09 35 38
09 34 38
09 33 36
10 35 37
10 33 39
11 34 37
10 34 37
08 32 37
09 35 35
11 35 34
14 34 37
15 35 38
11 35 47
13 33 38
15 33 36
11 34 35
10 33 34
09 32 34
10 34 36
12 35 37
12 36 36
13 35 36
12 33 35
15 37 34
14 37 34
16 38 35
18 36 34
18 38 35
16 38 35
15 37 34
16 38 35
14 37 36
12 38 37
11 37 36
11 37 37
11 37 37
11 37 38
12 37 39
12 36 39
11 37 39
14 36 41
14 36 41
14 36 40
13 34 41
12 30 41
11 31 39
13 34 38
12 31 39
10 34 38
12 37 37
13 36 37
12 37 38
12 38 37
12 37 37
13 35 36
12 34 36
13 33 36
14 35 36
13 34 38
13 34 37
12 35 37
14 36 36
13 35 36
14 36 36
13 36 37
13 34 37
14 36 38
12 35 38
13 36 39
12 36 38
12 36 38
13 36 38
12 35 39
13 35 38
11 36 39
12 35 39
13 36 39
12 36 38
14 35 38
12 36 37
12 36 37
12 36 38
12 35 37
12 35 38
12 36 38
13 36 37
14 35 36
13 34 36
13 35 37
13 36 36
13 36 36
11 35 36
13 35 37
13 37 38
13 38 38
14 37 37
13 35 36
12 33 36
10 34 37
10 36 39
12 37 38
14 36 37
13 33 36
13 35 37
13 36 38
13 38 38
13 37 38
13 36 38
11 35 39
11 35 37
09 34 37
11 35 38
12 35 38
13 37 38
13 35 36
13 35 36
11 35 36
13 35 35
14 35 35
13 37 35
14 37 37
14 38 38
13 37 39
13 36 37
13 34 38
11 34 38
12 36 40
13 36 40
13 36 41
13 34 41
14 38 40
12 37 40
13 36 38
12 35 38
14 35 39
13 36 39
12 36 38
13 35 38
13 35 38
12 35 36
14 35 38
13 35 37
12 35 38
13 34 37
13 36 37
12 35 37
14 36 38
13 34 38
12 35 37
12 34 38
12 35 38
12 35 38
12 35 38
14 35 38
12 35 38
13 34 38
12 35 38
13 34 38
11 35 36
12 34 38
