38 44 50
36 44 50
36 43 50
36 43 50
36 45 49
37 44 49
36 43 50
35 44 50
35 44 49
37 44 50
36 43 50
35 42 50
36 44 50
36 43 49
36 44 49
36 43 49
36 43 49
35 42 49
35 43 50
35 43 50
36 42 50
36 43 50
35 43 49
37 43 50
35 43 50
35 44 50
37 44 50
37 43 50
36 43 50
35 42 50
36 43 50
36 44 49
35 43 50
36 43 51
36 44 50
37 44 50
35 43 50
36 44 50
36 44 50
36 44 50
37 43 50
35 44 49
37 44 49
35 43 50
35 42 51
35 43 50
36 44 50
35 43 50
37 44 50
35 44 48
36 42 49
36 44 50
36 43 49
36 43 50
36 43 50
35 43 50
36 44 49
36 43 50
35 43 51
36 43 50
35 43 51
35 45 51
35 43 49
36 43 51
36 43 50
36 44 50
37 43 51
35 44 50
35 43 49
36 44 50
36 42 50
36 43 50
36 43 50
37 43 51
35 44 50
35 44 50
36 42 50
35 43 49
36 44 50
36 43 50
36 43 49
36 42 50
36 44 49
36 43 49
36 43 50
36 44 49
36 43 50
35 43 50
36 44 51
37 45 51
37 43 50
36 44 50
36 43 50
35 43 49
36 43 50
34 43 49
36 43 50
37 44 50
36 43 50
36 44 51
35 43 50
36 44 50
35 43 50
36 43 49
36 43 49
35 44 49
36 43 50
35 43 49
36 43 50
36 44 50
36 44 49
37 43 50
36 45 51
37 43 49
36 43 50
36 43 51
36 44 50
36 42 50
37 43 49
37 44 49
36 44 50
36 43 50
36 42 50
36 43 49
35 44 50
36 45 50
37 44 49
35 44 50
36 45 51
36 41 48
36 43 50
36 44 51
35 43 50
35 45 52
35 45 52
37 43 51
39 43 51
39 46 49
39 44 49
38 45 47
41 37 47
42 37 47
43 37 46
43 36 46
41 37 46
39 40 48
38 39 48
32 42 50
32 43 58
38 38 59
34 35 53
30 42 49
29 56 48
31 63 45
36 56 38
41 56 42
40 39 40
48 42 42
50 39 48
23 23 52
35 25 50
39 42 60
35 45 52
40 48 53
48 44 54
44 46 51
37 39 53
38 38 51
40 40 49
38 42 50
38 38 51
43 32 51
39 33 48
42 39 44
39 35 48
32 38 58
34 30 48
24 46 60
32 43 54
25 47 62
26 44 57
20 39 53
20 40 51
22 44 49
19 52 55
12 38 51
17 34 35
16 31 33
28 35 36
33 40 44
31 39 60
46 48 63
31 44 45
23 34 52
15 30 48
12 36 43
16 40 47
14 36 49
18 38 43
20 41 45
16 39 45
16 39 45
15 42 47
15 41 44
18 39 44
14 43 44
17 38 42
15 42 43
15 41 42
15 39 42
14 40 42
13 43 41
14 42 41
14 41 38
12 40 39
11 40 39
12 40 36
12 40 38
12 37 34
12 36 35
13 37 32
13 34 30
10 36 33
07 37 32
07 37 29
06 35 25
05 34 24
09 34 25
09 32 21
10 31 21
10 31 24
09 29 23
08 29 27
11 26 27
13 30 27
15 30 26
15 27 27
15 29 26
16 28 27
17 29 28
18 29 28
21 30 29
22 31 31
21 32 33
21 34 33
19 34 34
18 34 33
17 35 33
10 35 33
09 33 33
09 34 34
10 35 35
11 35 36
12 34 36
11 32 35
11 33 35
13 32 35
15 34 35
13 37 35
14 37 36
12 38 34
11 37 34
10 37 35
10 38 35
13 38 35
13 39 34
11 40 34
11 38 34
11 38 33
12 39 33
14 39 34
13 38 34
10 39 33
11 37 33
10 37 33
11 38 33
12 38 33
10 37 34
12 37 32
12 37 32
12 38 33
13 37 32
13 37 33
13 38 32
13 38 31
12 38 32
13 38 32
13 38 33
11 39 32
13 38 34
15 40 36
13 39 36
12 39 36
11 37 36
12 36 36
11 36 36
12 36 35
12 37 36
12 38 34
13 39 34
13 38 35
12 38 36
12 38 35
13 37 35
15 36 35
14 36 35
13 37 37
13 38 37
12 38 36
11 41 37
11 40 36
13 40 38
13 40 37
12 39 38
12 38 39
13 37 37
14 38 37
13 37 36
13 38 36
14 40 35
13 38 35
12 38 36
13 38 36
13 39 36
13 38 37
12 39 36
12 38 37
12 38 37
12 37 37
13 38 37
14 37 37
14 37 35
13 37 35
12 38 35
12 38 35
13 39 36
13 37 36
12 38 35
13 38 35
13 38 35
12 37 37
11 36 36
11 37 36
13 36 36
12 37 36
13 38 36
13 37 35
13 38 36
12 37 36
13 39 35
12 38 36
12 39 36
12 38 36
12 37 37
11 37 37
12 37 35
13 38 36
13 36 36
13 37 36
14 36 34
13 37 35
14 37 35
14 38 35
14 37 36
12 39 35
14 38 36
12 38 37
12 38 37
13 38 36
14 39 37
12 37 37
13 38 36
12 38 37
13 38 36
12 38 36
12 37 36
13 37 37
11 38 36
11 37 37
11 37 36
13 37 35
13 37 35
12 36 36
13 38 36
13 38 34
13 37 34
13 36 36
12 36 34
12 36 35
12 37 35
13 37 35
13 36 35
13 37 35
13 37 35
13 37 35
12 37 34
13 37 34
12 37 35
12 37 36
12 37 35
13 38 36
12 36 36
13 36 36
13 37 36
13 37 36
13 36 36
13 37 36
13 37 37
13 38 37
12 37 36
12 36 36
12 37 36
12 36 36
12 37 36
14 37 36
12 37 36
12 36 35
13 35 34
13 37 36
13 36 35
12 37 35
11 36 35
12 36 35
13 37 35
13 36 35
12 37 35
13 37 35
12 37 35
13 37 35
12 37 35
13 38 35
13 37 35
12 36 36
12 39 36
13 38 35
13 37 36
12 38 35
12 36 36
12 37 35
13 37 36
13 37 36
12 38 35
13 37 36
13 37 36
13 38 36
12 37 35
13 37 35
13 37 35
12 36 36
13 36 35
13 37 35
13 37 36
12 37 36
