28 31 53
28 33 31
28 30 52
28 30 53
28 30 52
28 30 53
28 30 52
29 31 52
28 30 53
27 30 53
28 31 51
27 30 53
29 29 52
29 30 53
28 30 52
28 30 52
28 30 53
29 30 53
28 30 52
28 30 54
28 31 52
29 31 53
27 30 52
27 30 52
27 30 52
28 30 53
27 31 52
29 31 53
28 29 53
28 32 53
29 31 52
29 32 54
28 32 53
27 32 53
29 33 54
30 31 54
30 30 53
30 31 52
31 30 53
31 31 52
31 31 53
30 31 52
32 31 53
32 31 53
33 32 53
33 32 53
31 34 52
31 33 53
32 33 51
31 34 52
30 32 53
32 33 53
33 32 53
31 31 53
32 30 51
32 28 52
33 27 49
36 26 46
35 23 44
34 24 46
34 24 48
31 28 52
32 34 56
31 36 58
30 35 58
28 37 59
27 33 59
26 33 58
25 30 56
26 28 55
28 30 53
27 29 53
27 29 52
27 29 51
26 29 50
28 30 49
29 28 49
27 29 49
27 30 49
29 30 50
29 31 50
27 32 50
27 36 50
27 38 51
25 37 52
25 37 51
27 37 51
25 38 50
25 37 48
24 37 50
22 37 50
23 39 50
24 40 49
24 41 50
25 40 50
24 42 51
26 39 50
24 38 49
25 39 51
21 40 53
20 39 54
21 36 54
19 34 54
21 34 53
22 33 50
23 35 50
23 35 50
26 37 50
24 37 48
24 37 47
25 36 47
23 36 49
22 35 47
23 34 47
21 32 49
20 31 50
20 29 50
17 29 51
19 30 51
19 30 49
19 30 50
20 30 50
20 32 50
20 31 50
21 31 50
21 31 47
21 32 48
22 31 49
21 32 50
22 32 51
22 32 51
22 32 50
22 32 50
22 31 49
23 33 50
23 32 50
23 34 53
23 32 51
23 33 52
25 34 51
24 32 52
25 33 51
23 32 50
21 32 49
22 32 49
23 32 48
22 33 48
22 33 48
21 34 50
22 33 52
20 31 50
22 30 51
21 29 51
23 30 50
23 32 50
23 32 51
24 33 51
24 34 51
23 33 51
24 34 51
23 34 51
24 34 50
24 33 51
22 34 51
24 33 51
25 34 51
23 34 50
23 33 50
25 33 51
23 34 51
22 35 51
24 35 49
20 35 50
20 34 49
20 34 48
19 35 47
18 34 46
18 34 46
17 36 45
15 40 48
17 36 47
16 28 48
17 34 48
18 37 48
16 38 45
16 38 45
17 37 45
16 33 46
18 31 46
18 29 47
18 30 48
18 35 47
19 35 48
18 35 49
18 33 47
17 33 46
18 33 47
18 31 47
18 34 47
18 37 46
16 37 47
17 36 46
17 36 46
15 36 45
17 34 44
15 35 46
15 35 45
17 34 42
16 32 38
16 36 43
14 34 44
16 33 42
15 32 42
13 38 44
13 44 43
14 39 43
13 37 40
15 41 39
14 40 37
14 38 34
16 37 31
13 44 30
11 46 32
12 40 30
13 42 30
14 41 29
17 37 28
17 42 29
18 39 25
15 39 24
13 43 23
10 33 23
16 41 22
09 44 30
09 35 23
14 42 19
10 38 21
10 39 25
10 37 25
09 38 23
04 35 23
02 28 18
08 29 21
12 30 21
10 29 20
10 30 19
10 31 22
14 31 24
15 31 26
15 34 26
15 33 26
14 30 26
15 33 27
15 34 28
14 34 28
16 33 29
15 33 30
17 33 29
18 33 30
15 34 31
14 34 31
13 35 33
13 37 33
13 37 33
13 37 34
13 37 34
11 37 34
12 38 35
14 37 34
15 37 34
15 37 34
14 40 35
13 38 35
13 40 35
11 40 35
13 39 36
12 38 35
12 38 35
13 38 35
13 39 36
12 37 36
11 38 36
13 38 36
13 36 37
14 36 36
13 37 36
13 37 36
14 40 37
12 40 37
12 40 37
13 38 37
13 38 36
13 38 36
13 38 35
11 39 36
11 38 37
13 39 37
14 40 37
13 40 37
12 39 36
13 38 37
13 37 36
12 38 36
12 39 36
11 39 35
13 37 37
13 38 36
12 38 36
12 38 36
13 38 35
13 36 36
11 40 37
13 37 35
13 38 36
14 36 36
13 36 36
13 38 36
12 38 36
13 38 36
12 39 35
12 38 35
12 37 35
12 38 36
13 38 36
12 39 35
12 37 35
12 38 36
11 38 35
11 38 35
13 37 35
12 37 36
12 38 35
13 37 36
11 37 36
