32 29 53
32 29 53
32 29 52
32 29 53
32 29 53
32 29 52
32 29 54
31 30 53
32 29 54
31 29 53
31 30 53
32 30 53
31 31 53
31 29 53
32 30 53
31 29 54
31 29 53
32 30 53
30 30 52
32 30 53
31 31 53
32 30 53
31 29 52
32 29 53
32 29 52
31 29 53
33 29 53
32 29 53
30 29 53
32 30 53
31 29 53
31 28 53
31 30 53
32 29 53
31 29 53
32 30 53
31 29 53
30 31 55
32 32 53
30 31 52
28 31 52
27 30 50
28 29 52
29 31 52
30 29 53
32 27 53
32 28 52
30 28 48
33 31 49
36 34 53
38 37 58
35 34 57
31 31 54
32 30 51
34 30 52
36 31 54
36 33 51
35 32 51
35 35 51
33 37 52
34 35 52
38 31 53
38 31 54
36 33 53
38 32 52
35 31 54
40 31 54
38 34 51
38 35 52
36 37 50
35 36 54
36 36 54
35 36 54
33 38 55
35 40 56
36 37 53
36 37 51
34 40 50
36 39 52
37 41 52
36 41 53
38 38 51
39 37 49
37 39 50
41 35 48
40 37 46
33 43 56
33 44 51
38 37 46
39 38 46
41 33 48
35 29 51
33 34 58
34 37 57
29 39 59
21 39 61
29 31 56
27 31 51
25 29 54
25 32 56
29 27 52
23 29 51
20 29 52
26 28 53
25 25 55
22 23 54
24 27 57
26 31 61
29 30 61
27 32 61
25 31 61
24 32 58
23 33 56
25 31 53
22 30 49
22 31 45
21 30 46
25 27 44
27 24 41
30 22 42
31 21 43
31 19 44
32 18 45
33 19 46
34 21 47
33 20 47
32 21 47
31 21 49
33 22 50
30 24 51
30 21 49
30 22 48
30 22 49
33 21 49
29 22 50
31 22 49
30 21 49
29 21 50
30 20 49
30 19 49
28 19 50
27 19 50
28 19 49
28 18 49
28 18 50
28 18 49
27 19 49
28 19 48
28 21 48
28 22 47
28 20 48
27 20 49
28 23 48
30 20 47
29 20 48
27 21 47
29 20 48
29 21 47
29 21 48
27 22 49
28 23 49
29 22 49
28 23 51
27 23 52
27 22 51
27 23 50
28 24 51
28 25 51
26 26 50
27 25 50
27 26 50
25 25 51
27 26 50
27 24 51
26 24 50
27 24 51
26 25 49
26 24 50
27 24 49
25 25 50
26 24 49
25 24 49
24 26 50
26 29 52
25 29 54
27 29 52
27 29 52
24 30 53
21 32 53
23 31 52
25 31 52
23 30 50
24 30 51
23 31 50
26 33 50
24 31 49
24 31 50
25 32 50
26 34 51
25 34 51
26 33 49
25 33 51
25 34 51
25 35 52
24 38 52
25 34 52
24 34 51
24 34 51
24 35 50
25 37 49
24 39 49
23 36 50
25 33 48
24 34 48
24 37 49
23 37 50
21 37 51
21 34 51
22 35 51
21 37 51
20 37 52
20 37 51
21 39 52
22 39 51
19 40 51
18 41 50
19 40 49
19 42 47
19 43 48
16 44 47
17 45 46
17 44 45
19 43 45
19 43 44
19 42 44
17 42 46
20 41 45
19 39 44
18 40 44
19 41 42
19 43 42
18 42 42
18 43 43
19 43 42
18 45 41
20 44 42
22 44 41
23 44 39
23 46 40
23 49 40
22 50 41
21 49 41
22 48 41
21 50 41
19 48 40
19 46 41
17 46 40
18 46 41
19 43 41
19 42 42
19 42 42
17 44 41
17 42 42
18 41 43
19 38 43
18 39 44
20 42 43
20 40 44
19 41 42
19 41 45
18 41 44
19 42 44
18 43 45
17 43 45
17 41 47
18 41 46
18 40 45
19 42 45
19 40 46
17 41 45
18 40 45
19 43 45
18 41 44
17 41 45
19 40 45
18 41 44
20 40 47
18 41 46
19 41 45
18 40 46
18 41 44
18 41 46
18 40 45
19 41 46
19 41 46
19 38 46
18 40 46
18 40 46
19 40 45
18 39 45
19 41 46
19 41 45
18 40 46
18 42 46
19 40 45
17 40 45
19 40 45
18 41 45
19 41 44
19 40 45
18 41 46
18 42 45
19 41 45
18 41 45
19 40 45
18 40 46
19 42 45
19 42 45
19 40 45
17 41 45
19 40 44
17 40 44
18 40 45
20 41 45
18 40 45
19 39 45
19 41 45
19 40 44
19 41 45
17 40 45
17 42 45
19 41 45
17 41 45
18 40 45
19 40 46
18 40 46
18 40 45
18 41 44
17 41 45
18 42 45
18 41 45
18 39 46
18 41 45
18 40 45
17 40 45
18 41 45
17 41 45
18 40 45
18 41 43
18 41 44
18 41 44
18 40 44
18 41 44
18 41 45
18 41 45
18 40 45
18 40 44
18 40 44
18 41 44
18 39 46
18 41 45
18 41 44
17 41 45
19 40 44
18 41 45
18 40 45
16 41 44
18 41 45
18 41 44
18 41 44
18 40 45
17 41 43
17 40 44
18 41 45
17 40 45
19 41 45
18 42 44
18 41 44
18 42 45
17 40 44
18 41 45
17 42 44
18 41 45
18 41 44
18 42 44
18 41 44
19 41 44
18 41 45
18 41 44
19 41 42
17 40 45
17 41 45
19 40 44
17 42 44
18 42 45
18 41 44
18 41 45
18 43 44
17 41 45
18 42 45
18 42 44
18 41 44
18 41 44
18 42 44
18 41 45
18 41 44
18 42 44
19 43 44
18 42 44
19 41 45
18 41 44
17 40 44
18 41 45
17 41 43
17 42 44
16 42 44
18 40 45
18 42 44
19 40 44
19 42 45
19 41 45
18 42 44
19 41 43
17 40 44
19 41 45
18 40 44
18 42 45
18 42 44
18 41 44
19 41 45
18 43 44
18 41 44
19 41 44
19 42 45
20 42 45
19 41 45
20 41 45
18 41 45
19 42 44
20 42 44
18 42 44
17 41 45
18 41 43
