14 25 39
13 25 39
14 25 39
13 25 40
14 24 38
14 25 40
14 25 38
13 24 39
14 25 40
13 26 38
15 24 40
15 25 39
14 24 38
14 24 39
15 24 38
14 24 38
15 24 39
14 26 39
14 24 39
14 24 39
14 25 39
16 26 38
15 25 39
14 25 39
15 25 39
13 24 39
15 25 39
14 23 39
14 25 38
14 24 39
15 24 39
15 25 39
13 25 39
15 25 39
14 25 40
16 26 39
14 24 38
14 24 39
14 24 38
13 24 38
13 24 38
14 25 39
16 25 40
14 25 39
14 25 38
14 24 37
15 25 39
14 26 38
14 25 38
14 25 39
13 25 38
14 24 38
14 24 38
13 25 39
15 25 40
12 25 38
14 23 38
14 24 38
14 25 38
13 25 39
14 25 39
15 24 39
14 24 38
15 23 39
16 22 38
15 22 38
16 22 37
16 22 37
15 23 38
15 23 39
17 24 41
17 22 41
19 22 42
18 21 41
18 21 42
20 20 41
19 23 40
21 22 39
19 24 40
19 22 41
17 22 40
15 23 42
14 22 42
15 22 41
15 23 41
15 23 39
16 22 39
15 24 39
13 24 39
13 22 39
14 23 39
14 22 39
15 23 39
15 23 40
13 22 41
15 20 40
16 20 41
15 20 42
17 19 43
16 20 43
19 21 41
18 21 42
19 20 42
19 17 39
20 15 38
21 16 37
23 15 38
26 15 37
29 15 38
34 16 39
34 19 41
34 19 43
33 19 47
33 20 47
33 19 46
36 18 48
36 15 48
35 16 49
36 17 49
33 18 50
32 18 50
30 19 51
32 20 51
32 18 48
31 19 48
32 19 46
31 19 45
32 18 44
30 21 46
30 20 46
28 19 46
28 17 45
26 16 45
22 17 46
25 16 44
23 18 48
23 18 47
25 17 43
23 16 44
24 19 43
23 17 44
24 18 44
24 16 44
25 16 44
26 16 43
26 17 43
26 20 44
24 20 46
23 21 45
24 20 45
22 22 45
22 20 44
21 19 45
20 20 45
23 19 44
23 21 45
23 19 46
24 21 45
21 23 46
20 22 47
20 21 47
20 22 46
21 20 45
20 21 45
19 20 44
18 21 43
18 21 44
19 20 46
18 20 45
19 21 44
18 20 44
19 19 43
20 21 42
19 22 43
19 22 42
21 18 41
22 21 42
21 21 43
21 20 44
23 21 44
24 21 45
23 21 44
23 22 44
23 22 45
23 24 45
23 23 44
23 24 45
22 23 46
23 25 45
21 24 47
22 23 47
21 25 47
20 26 46
19 26 47
20 26 46
19 27 46
18 27 47
19 27 47
16 28 46
16 25 46
16 27 46
15 24 48
15 18 48
15 22 46
17 23 46
18 25 44
17 26 41
18 26 41
18 27 39
15 27 40
15 26 42
15 29 45
15 29 45
15 30 47
17 30 46
17 30 46
15 30 46
15 32 46
16 31 45
17 33 46
17 31 45
18 32 47
16 33 47
16 33 47
17 33 45
17 34 47
19 33 46
18 34 47
18 33 47
18 34 48
18 33 47
16 32 47
18 32 47
17 34 47
17 33 46
18 33 46
18 33 45
18 32 45
17 33 45
16 32 45
15 31 46
16 31 45
15 33 44
16 32 43
16 32 44
15 32 44
16 32 43
16 33 44
16 32 43
15 32 44
15 33 43
16 33 43
17 32 43
15 32 42
13 32 44
14 32 44
14 33 41
14 32 41
13 31 41
13 33 41
13 32 41
14 32 39
15 32 38
14 32 38
11 31 36
11 31 37
09 29 35
11 29 36
13 30 34
10 30 31
10 27 32
10 27 31
09 26 30
10 25 30
10 26 28
13 25 27
12 25 26
15 24 25
14 25 25
15 25 26
14 24 25
15 24 27
12 25 26
14 25 25
14 25 25
13 26 27
14 24 27
13 23 27
13 25 27
12 25 27
13 26 26
13 28 26
13 28 26
12 28 27
14 29 29
12 30 31
13 29 30
14 30 31
12 30 32
12 32 32
12 32 33
13 32 33
14 33 33
12 32 33
14 34 34
13 34 34
13 36 35
13 37 34
13 35 34
13 35 34
12 36 34
13 36 35
13 35 36
12 36 37
12 38 37
13 37 38
14 38 37
14 36 37
13 37 37
14 38 37
14 38 38
13 39 38
14 39 39
14 39 36
13 39 38
13 40 37
13 41 38
14 40 37
13 39 36
13 38 36
13 38 37
12 39 36
13 38 37
13 39 37
13 38 36
13 38 36
12 36 37
13 38 36
13 38 37
13 38 35
13 36 36
13 37 35
14 38 36
13 39 34
13 37 35
14 38 35
12 38 35
12 38 35
12 38 35
11 37 35
12 38 36
12 38 36
13 37 36
12 36 35
12 38 34
13 38 34
13 35 34
13 37 33
13 36 33
14 37 34
13 37 34
12 37 34
12 37 34
13 36 34
12 36 34
13 36 34
12 35 34
12 36 34
13 36 34
12 37 32
12 36 33
13 36 33
12 36 33
12 36 34
12 36 35
13 36 35
12 37 33
12 37 34
11 36 34
12 36 34
12 37 35
12 36 34
12 35 34
13 35 34
13 35 33
12 36 34
12 35 34
13 35 34
11 36 34
12 34 34
13 36 35
12 37 35
11 36 34
12 36 35
12 35 34
13 36 35
12 35 34
12 36 35
11 35 35
12 36 35
12 37 35
12 36 35
11 36 34
11 35 35
13 36 35
12 37 34
13 35 34
12 36 35
13 36 35
13 35 34
12 36 36
13 37 35
14 36 35
12 37 35
11 37 34
12 35 36
