36 34 54
36 33 34
34 34 53
34 34 53
35 34 53
34 34 53
34 34 53
36 35 53
33 33 53
35 33 53
34 31 53
33 33 53
35 35 52
35 33 53
35 34 54
34 34 52
35 34 53
35 34 52
35 32 53
35 33 53
35 34 53
34 34 54
35 33 54
35 33 54
34 32 53
35 32 53
34 34 53
34 33 53
35 34 54
35 32 53
35 34 54
36 34 53
35 34 53
35 34 53
34 34 53
34 33 53
35 33 53
34 34 52
35 34 52
35 33 53
34 34 53
34 35 53
35 34 51
35 32 53
34 34 53
34 33 53
36 34 53
36 33 53
35 34 53
35 33 53
35 33 54
35 35 53
35 34 54
35 33 54
35 34 53
35 34 53
35 33 52
35 33 53
35 34 52
35 34 53
34 33 53
36 35 53
35 34 54
33 34 54
35 33 53
35 32 53
35 34 53
34 34 52
34 33 52
35 33 52
35 33 53
34 33 53
34 34 53
35 32 54
35 32 53
35 33 53
35 34 53
35 33 53
34 33 53
34 33 53
35 34 53
35 32 53
34 33 54
34 33 54
35 34 54
34 33 53
34 33 52
34 34 53
35 34 54
34 33 53
34 33 53
35 33 54
34 33 54
35 34 53
34 34 53
34 33 52
36 34 53
35 33 53
34 33 53
36 34 52
35 34 54
34 33 53
35 33 52
35 33 52
35 33 53
35 33 54
35 34 53
34 34 53
35 32 53
35 34 52
35 34 53
34 34 53
35 33 54
34 34 52
36 34 52
35 33 52
35 32 53
34 33 53
34 33 53
34 33 53
34 34 53
35 33 52
34 33 53
35 33 52
33 35 53
36 34 53
34 33 53
35 32 53
34 33 53
34 34 53
34 34 53
33 33 53
34 33 53
35 34 53
36 34 53
34 33 53
35 33 53
35 32 53
34 34 53
34 32 54
35 33 53
35 33 53
34 34 53
36 34 54
36 34 54
36 34 53
35 33 52
34 34 53
35 33 54
35 34 53
34 33 53
35 33 54
33 32 53
35 32 53
35 33 53
34 33 54
35 34 52
35 33 52
35 33 53
34 32 54
34 31 53
35 33 54
32 34 52
33 34 52
32 36 53
33 34 57
32 30 55
31 29 55
28 29 51
30 25 51
36 21 50
39 23 49
42 30 48
42 32 46
39 35 47
34 38 53
29 39 60
28 34 62
31 30 57
31 30 53
32 26 52
35 33 52
31 36 56
33 31 54
32 36 49
33 36 50
34 38 53
36 40 53
34 33 51
35 35 47
35 42 41
33 41 46
29 53 43
33 59 50
31 58 62
41 50 51
45 34 47
44 25 43
38 34 52
33 54 62
40 51 56
35 39 47
31 35 47
35 39 45
36 45 47
35 50 48
34 46 53
33 47 52
27 48 51
30 47 45
29 42 46
24 37 55
25 37 55
23 36 55
26 35 51
34 31 49
32 31 52
34 40 60
24 39 46
19 38 47
18 36 51
19 39 46
17 43 49
15 40 45
11 44 47
07 47 42
11 44 37
17 39 33
20 40 31
14 44 45
11 39 41
12 40 34
09 40 51
04 38 40
04 40 34
07 29 24
08 32 32
08 31 33
09 32 32
11 31 31
13 33 33
14 29 29
16 32 32
14 32 31
14 33 32
16 34 33
16 35 33
17 36 34
15 36 35
14 35 34
17 36 33
16 37 34
13 37 33
12 36 32
10 38 34
12 37 34
11 37 35
13 38 36
15 39 36
15 37 37
15 37 37
16 36 36
14 36 36
14 35 35
11 35 36
06 35 36
07 36 35
13 36 38
16 36 38
15 38 40
14 37 39
13 34 38
13 32 36
14 33 37
12 35 37
12 35 37
12 37 38
14 36 39
15 37 37
13 35 38
14 36 38
14 35 37
13 36 38
13 37 37
15 35 38
12 36 38
13 35 40
13 35 39
12 35 38
11 35 38
11 34 37
12 33 39
13 33 38
13 33 37
13 35 36
13 34 37
12 36 38
11 35 38
13 35 38
14 37 38
13 35 38
12 35 38
12 37 38
12 37 39
12 36 38
14 36 38
11 37 38
12 37 38
13 36 38
11 35 38
12 35 36
13 36 38
12 35 37
12 35 36
13 34 37
12 34 37
12 35 38
12 34 37
14 33 38
13 35 37
13 35 38
14 34 39
13 36 38
11 35 39
12 35 38
13 36 39
13 36 38
13 37 39
13 36 38
13 38 38
13 36 39
12 37 38
13 37 38
13 35 38
11 37 38
13 38 39
13 35 39
13 36 39
13 36 39
13 36 39
13 35 39
13 35 39
12 36 39
13 36 38
13 36 39
14 35 38
13 35 39
14 36 38
14 35 38
12 37 39
13 36 38
12 35 38
13 36 38
13 36 38
14 36 39
14 36 39
13 36 38
14 36 38
15 36 39
13 36 39
13 35 38
13 36 39
12 35 38
14 37 39
13 36 38
13 36 38
14 35 39
13 36 37
13 36 37
12 37 37
12 36 37
12 37 36
13 37 36
13 36 37
13 36 36
12 33 37
13 35 36
13 36 37
13 35 37
13 35 36
13 35 35
12 36 36
12 33 36
12 37 36
11 37 36
12 35 36
14 36 36
12 36 37
12 36 37
11 36 38
11 35 36
13 34 37
11 35 37
13 36 36
12 36 36
11 35 37
14 34 37
13 36 36
12 35 36
13 36 36
11 35 36
13 37 37
13 36 37
12 38 36
13 35 38
12 36 36
11 37 37
12 35 37
12 36 37
12 35 36
12 35 36
13 35 37
13 36 38
13 35 38
12 37 37
11 36 36
13 36 37
12 36 37
13 37 37
13 37 35
12 36 37
13 37 37
13 36 37
12 35 37
12 36 37
13 36 37
13 36 36
13 37 37
13 35 37
13 37 36
11 35 36
12 36 36
13 36 36
12 34 36
12 36 37
13 37 36
