36 47 45
37 33 32
34 48 46
37 47 47
36 47 46
35 47 46
37 46 46
35 48 48
36 46 46
36 46 46
35 47 45
36 48 46
35 48 47
36 46 46
36 48 47
34 47 47
36 48 46
36 47 47
35 46 46
36 46 47
35 48 46
36 47 46
35 47 47
35 47 47
35 47 47
35 46 46
36 47 46
35 46 46
36 47 47
35 44 48
36 45 47
35 48 47
35 48 47
35 48 46
36 48 46
36 47 45
36 48 46
36 47 46
35 48 46
36 47 46
36 47 46
36 47 48
36 47 47
36 48 46
35 47 47
35 47 46
36 47 47
35 47 47
35 48 46
36 47 46
35 47 46
36 47 47
36 47 46
35 48 46
36 47 46
35 47 46
36 47 46
36 47 46
34 48 46
36 47 46
36 47 46
36 47 46
36 46 46
35 48 46
35 48 46
36 47 46
36 46 47
36 48 46
35 47 46
35 48 46
37 51 46
36 47 47
36 46 46
36 46 48
35 43 50
35 42 50
37 38 50
36 40 49
36 43 49
36 42 50
36 42 49
47 39 50
36 41 50
34 42 51
34 40 50
36 40 50
35 40 52
36 45 50
39 42 49
38 38 50
35 42 51
38 42 50
37 43 47
37 40 49
41 41 48
39 40 47
38 42 51
37 43 53
34 41 50
36 43 54
37 42 52
37 40 51
36 42 52
35 41 50
35 40 50
37 36 51
35 40 49
32 44 51
31 41 52
26 44 56
23 39 56
23 36 46
23 38 49
20 41 49
22 43 48
21 44 46
19 43 43
18 39 45
20 39 43
17 39 45
15 36 47
14 38 48
14 37 45
16 37 47
14 36 46
10 37 46
08 36 44
07 36 43
12 37 41
22 27 26
22 43 36
23 34 36
23 32 47
22 31 59
20 30 49
17 38 40
14 37 38
13 34 38
13 34 39
12 35 37
13 34 36
11 33 37
10 30 35
11 33 34
12 31 35
10 30 34
06 31 33
06 28 32
10 27 31
10 28 30
10 27 30
12 28 32
15 26 28
14 30 28
11 27 31
09 22 28
13 24 28
13 25 28
13 27 28
14 26 30
11 26 27
12 26 25
12 28 25
13 28 26
13 27 27
12 27 27
09 26 27
08 28 24
06 28 23
08 28 24
11 31 27
12 31 29
13 32 32
14 30 29
15 31 32
15 31 30
11 32 29
13 32 28
11 30 25
09 28 27
09 32 25
10 32 26
10 31 28
11 32 29
11 31 28
13 32 29
13 31 31
11 32 32
11 32 31
10 32 31
10 32 32
10 32 31
12 30 31
11 32 31
11 32 32
15 32 32
16 31 34
16 31 33
15 29 33
13 32 32
11 30 33
13 29 33
13 28 33
13 29 34
14 27 35
12 27 33
13 27 35
10 25 35
08 29 33
10 31 33
13 30 32
12 32 33
13 32 34
10 32 34
10 33 33
11 32 33
12 30 33
12 30 34
12 32 33
11 31 32
10 31 34
11 31 33
10 30 32
12 32 34
10 31 33
11 33 33
12 32 34
13 34 35
09 31 34
10 33 35
10 31 34
10 31 33
11 33 32
12 32 33
12 31 33
10 30 33
11 31 32
11 31 33
12 32 34
11 31 33
12 32 33
12 32 34
10 31 34
11 32 33
11 32 34
11 32 34
12 32 34
12 31 33
11 33 35
11 33 37
10 32 35
10 31 36
09 34 37
10 34 37
11 34 38
12 33 39
12 34 38
