44 31 50
44 31 50
43 30 51
44 32 51
44 32 50
44 31 50
44 31 50
43 31 50
44 31 49
43 32 51
43 31 51
44 31 50
43 30 49
44 32 51
44 31 50
44 32 50
44 31 50
45 30 50
44 30 50
43 31 50
43 30 50
43 31 49
44 31 51
44 30 50
44 30 50
43 30 50
43 30 51
43 30 50
43 31 51
43 31 51
45 31 50
43 31 51
43 31 51
44 32 50
43 31 52
44 31 51
45 31 51
44 32 50
44 31 50
43 31 50
43 32 50
43 29 51
44 30 50
43 30 51
43 31 50
43 30 50
43 31 50
43 31 50
43 31 50
43 31 51
44 30 50
44 31 50
44 30 50
44 31 51
43 31 50
44 30 49
44 31 51
44 31 49
43 30 51
43 31 50
43 30 51
44 30 51
43 30 51
44 31 49
45 30 51
44 31 51
43 31 51
44 30 50
43 31 51
44 30 50
44 31 51
43 31 50
43 31 51
44 31 50
43 31 50
43 31 50
43 30 50
43 30 51
44 31 50
44 31 50
43 31 50
43 31 50
43 30 50
44 30 50
43 30 50
43 30 50
44 30 51
44 30 50
44 30 51
43 30 50
44 31 50
43 30 49
44 30 51
43 31 50
43 29 49
43 31 51
45 31 50
42 31 51
43 30 49
43 30 50
44 30 51
43 30 50
42 31 51
44 30 51
44 29 51
43 30 50
43 31 50
43 31 51
43 31 50
43 30 51
43 31 50
42 31 51
43 32 51
43 31 50
44 31 50
45 31 49
44 32 49
45 33 49
44 33 50
44 32 50
44 32 50
43 32 50
44 32 49
42 31 50
43 33 50
45 31 50
43 32 50
44 32 50
44 31 49
45 32 49
45 32 49
44 30 49
44 32 50
46 31 49
50 31 48
48 30 49
46 32 51
46 32 54
45 32 53
44 31 54
40 31 52
40 28 53
37 24 51
39 24 50
37 24 50
40 24 47
42 23 47
43 21 46
44 21 47
43 20 48
43 20 48
40 18 47
39 19 45
39 20 44
39 22 44
39 21 46
41 20 43
40 15 39
41 15 37
46 18 37
46 21 37
48 22 36
55 21 38
57 23 39
54 23 38
51 24 42
47 26 46
43 25 45
46 22 44
47 23 47
47 25 51
47 29 53
44 26 53
42 26 51
45 25 46
47 29 47
46 36 51
49 38 54
48 35 54
44 40 57
43 36 54
43 29 49
47 26 43
47 28 42
48 30 43
48 30 43
47 25 44
48 23 45
45 22 47
46 24 47
46 27 47
43 28 46
38 30 47
33 28 45
46 26 48
61 19 50
59 31 50
49 35 45
49 33 46
54 34 49
57 39 50
63 32 49
62 33 51
60 35 49
51 36 52
43 35 56
38 40 52
30 42 43
29 34 48
29 30 47
26 29 49
25 27 46
29 25 45
34 26 46
34 24 46
34 23 47
33 24 49
33 23 52
32 24 53
33 24 51
32 24 52
31 23 52
31 25 50
33 24 51
33 24 50
32 23 50
31 23 51
30 25 51
32 25 50
32 25 51
31 26 52
31 26 52
31 26 53
31 27 53
29 28 53
29 29 53
29 28 52
28 26 53
26 27 54
26 27 52
30 28 51
31 27 52
31 29 52
29 29 53
27 29 51
29 29 51
27 31 52
25 29 52
24 29 52
24 28 52
25 28 52
24 27 51
23 29 52
20 28 51
21 29 50
21 30 48
25 32 52
23 33 52
25 31 49
27 35 53
26 33 55
26 34 58
25 34 56
29 34 55
29 38 53
27 37 51
28 36 52
30 34 50
29 33 50
29 34 51
31 35 51
30 33 50
28 35 51
25 36 52
23 33 52
24 32 53
24 31 52
23 28 52
24 29 53
24 29 52
25 29 51
25 28 51
23 27 50
21 26 50
19 26 51
21 25 49
22 28 49
22 27 49
22 26 48
25 30 49
25 30 50
26 31 51
27 28 50
25 31 52
26 29 53
24 30 52
23 31 51
23 33 52
22 34 52
22 34 53
22 33 52
23 33 52
25 34 54
27 32 53
29 33 51
28 32 52
28 35 52
29 36 52
28 37 51
28 35 50
29 34 51
28 34 52
29 34 51
29 34 52
28 33 54
28 34 55
26 35 54
27 36 53
26 36 53
27 37 52
29 37 50
29 37 51
28 37 51
28 38 52
29 38 51
29 39 52
29 38 53
28 38 53
28 38 53
27 40 53
26 40 53
26 38 52
26 38 52
26 35 52
28 34 52
29 36 52
29 36 53
29 34 53
30 35 52
29 37 51
31 34 52
31 35 53
31 35 53
30 37 55
30 36 53
31 37 54
33 35 53
32 36 53
32 39 53
31 38 53
32 37 52
32 37 53
30 38 52
30 36 51
32 36 52
31 38 52
31 38 52
31 38 52
31 37 53
28 38 54
29 39 54
28 39 53
30 39 55
28 38 54
29 39 54
29 40 54
29 39 54
28 40 52
28 41 53
28 40 52
29 40 53
30 41 51
28 42 51
28 41 51
29 42 52
28 41 51
27 44 52
27 42 52
26 42 52
27 43 51
26 41 49
27 42 50
27 43 49
27 43 49
26 43 48
26 40 49
26 40 50
26 39 49
26 39 48
26 39 48
26 41 48
25 40 47
26 41 47
27 41 47
26 44 48
27 45 48
27 45 49
27 44 50
27 44 49
28 44 49
28 44 50
28 43 49
27 44 49
25 44 50
27 45 49
27 44 48
26 43 47
25 43 47
26 44 46
27 40 49
27 42 49
26 42 49
27 42 47
27 42 47
25 42 46
24 45 46
22 50 47
23 55 48
23 49 48
25 43 46
26 43 46
26 43 46
25 41 44
26 41 43
23 43 45
23 42 44
19 42 45
18 41 46
15 40 47
15 39 47
13 39 48
15 40 46
16 38 45
16 41 46
18 40 45
18 38 45
18 37 45
15 41 45
16 40 45
17 40 44
16 40 46
16 38 43
17 38 44
16 39 45
16 37 43
17 37 44
17 39 43
18 39 44
17 39 44
17 37 43
16 40 44
17 39 43
17 37 43
16 39 43
16 39 43
16 38 43
16 39 43
16 38 43
15 38 43
15 40 43
15 39 44
16 39 44
15 39 44
15 39 43
17 38 43
16 37 44
15 38 43
16 40 43
17 39 43
16 39 43
17 38 43
16 39 42
16 38 43
17 39 43
17 39 43
16 39 44
17 39 43
16 40 42
17 40 43
16 40 42
17 40 42
16 40 42
16 39 43
16 39 43
16 40 43
17 40 42
15 39 43
15 38 43
16 40 43
17 39 42
16 38 43
16 40 43
15 38 44
15 39 43
17 38 44
17 40 43
15 40 43
16 40 43
18 42 42
18 41 43
16 41 42
16 42 43
16 43 42
17 41 42
17 42 42
16 41 42
16 41 41
17 42 41
16 42 42
17 42 42
16 42 41
16 43 42
16 42 42
18 42 42
16 41 43
15 41 42
16 41 43
16 40 42
17 40 43
18 40 42
18 40 42
17 40 42
17 40 42
16 41 42
16 41 43
15 41 43
15 42 44
15 39 43
16 39 42
16 39 43
16 39 43
16 38 44
16 39 43
16 38 44
17 38 43
17 38 44
15 41 43
14 38 43
17 40 42
16 39 42
16 39 42
16 40 43
17 41 42
18 41 41
18 41 42
17 41 42
17 40 42
16 41 42
17 41 42
17 41 43
