30 29 53
31 30 54
31 30 54
30 31 53
32 30 53
29 29 53
30 30 53
30 31 53
31 30 53
30 30 53
30 30 53
30 29 53
30 31 54
30 30 53
30 30 53
31 30 53
32 29 52
30 31 53
31 30 52
31 30 52
30 29 54
29 29 53
30 30 52
31 29 53
30 30 53
29 29 53
31 30 53
30 30 53
31 29 53
31 30 52
30 31 53
29 30 54
30 29 53
30 30 53
31 30 53
29 30 53
30 31 53
31 28 52
30 30 53
29 29 53
31 29 54
30 29 52
31 29 53
31 31 53
30 30 53
29 29 53
30 30 52
31 29 53
29 30 52
29 30 53
31 30 53
30 31 53
30 31 53
31 30 52
31 30 54
30 30 52
29 29 53
31 29 52
29 31 53
28 31 54
31 29 53
30 31 53
30 31 53
31 30 53
30 30 53
30 29 53
31 29 52
30 29 53
31 29 53
32 30 54
30 29 53
30 29 51
29 29 53
30 30 52
30 29 53
30 29 53
30 29 52
30 29 53
30 30 53
31 31 52
31 30 53
31 28 54
31 31 53
31 30 53
31 29 53
30 29 53
30 29 52
31 28 53
30 30 52
30 29 53
29 30 53
31 30 53
31 29 53
30 30 53
31 30 53
30 29 52
29 30 53
30 30 52
30 29 53
31 30 52
31 30 53
30 29 53
30 30 53
30 30 53
30 30 52
30 30 53
31 30 53
30 30 53
30 29 53
29 30 52
30 30 53
31 30 52
31 29 54
31 29 52
31 29 53
30 29 52
30 30 53
29 30 54
30 29 53
29 28 53
30 30 53
31 29 52
29 29 52
30 31 53
29 29 53
31 29 52
31 30 53
30 30 52
32 30 53
30 30 53
31 29 53
30 30 53
31 31 53
30 29 52
30 30 53
30 30 53
29 31 53
31 29 52
31 29 52
29 29 53
31 30 53
30 30 53
30 31 53
31 30 54
30 30 52
31 30 53
29 30 53
29 30 52
29 30 52
29 29 53
30 29 54
30 30 54
29 31 54
30 31 51
28 30 50
29 29 51
27 29 53
25 28 53
26 28 52
26 27 52
29 28 53
27 30 53
30 28 53
28 32 50
31 31 48
33 32 49
32 35 52
32 40 54
28 43 55
29 36 55
32 33 52
28 30 55
32 29 51
33 30 50
36 27 48
33 32 52
30 39 54
34 36 53
34 33 52
29 34 54
28 42 58
25 43 58
26 35 51
19 30 56
09 19 51
19 29 50
20 33 53
24 29 55
25 31 53
20 35 51
18 32 48
29 30 45
43 36 47
57 38 41
61 35 30
51 10 44
38 45 45
25 39 40
33 43 47
14 23 63
35 31 52
31 27 55
23 49 57
25 44 53
25 36 50
24 42 55
26 38 52
26 35 49
23 37 55
26 34 51
24 33 51
25 32 52
22 31 53
20 28 51
23 29 49
23 27 49
18 33 48
19 25 52
18 27 49
20 28 45
21 28 48
16 26 45
20 27 44
17 26 46
15 25 45
17 26 43
19 25 44
15 25 43
15 24 41
15 26 39
16 26 40
15 25 41
16 24 39
14 26 39
12 24 39
13 27 39
13 26 37
15 25 39
14 25 39
14 26 39
13 26 38
15 27 38
12 27 39
12 26 38
12 28 38
13 28 39
12 28 39
12 29 40
14 29 38
11 28 39
11 28 38
13 30 38
12 30 38
12 30 38
11 30 37
13 31 38
11 32 37
10 31 37
12 30 38
13 31 40
11 32 40
08 33 42
07 32 42
11 30 42
15 30 42
14 26 46
15 28 46
15 30 47
15 23 52
15 31 48
15 31 44
15 31 45
15 33 45
15 33 44
15 32 44
16 32 44
16 33 42
18 31 42
20 30 43
20 28 43
21 31 43
21 28 47
20 27 48
20 28 48
20 30 47
19 31 47
17 31 46
16 28 48
15 30 47
17 29 46
17 28 46
15 27 47
18 29 47
16 30 47
18 29 47
21 28 48
19 28 49
20 27 47
18 29 47
19 28 49
20 28 48
20 28 48
20 29 48
18 28 48
18 28 47
18 30 47
16 28 47
15 27 47
15 28 46
14 30 45
16 28 47
13 30 47
13 30 45
13 30 45
14 29 44
16 30 44
16 32 44
16 32 43
15 31 43
16 31 45
15 32 44
16 32 43
17 32 45
18 31 45
16 33 46
18 32 47
18 32 47
18 32 47
20 33 46
19 34 45
21 33 46
21 33 46
18 32 45
19 33 44
19 31 45
18 32 46
15 35 46
14 35 45
13 33 46
14 31 46
16 34 47
14 34 45
15 35 45
17 36 45
17 37 47
19 38 45
19 38 45
19 38 46
19 39 46
19 38 47
19 39 47
19 38 46
19 39 47
21 42 44
21 41 45
20 38 46
20 38 46
18 39 46
16 35 47
18 38 45
18 36 45
18 38 46
18 40 46
17 39 46
17 40 45
18 41 46
19 41 45
18 41 46
18 40 47
19 40 47
19 36 47
19 36 49
18 33 47
20 32 47
19 34 48
18 35 48
18 35 48
19 36 47
19 36 46
18 37 44
18 38 45
18 36 46
20 36 45
19 36 45
18 36 45
18 38 45
14 40 48
14 37 47
15 36 44
18 37 44
19 40 43
17 40 44
17 39 45
19 40 44
17 41 44
16 39 43
18 40 43
17 41 44
17 40 44
17 39 45
15 39 44
17 39 44
16 41 44
16 41 44
16 39 44
16 39 44
16 38 45
16 39 44
16 38 43
17 37 43
17 39 43
16 40 42
16 40 42
14 40 42
16 39 43
14 39 43
15 40 41
16 40 41
17 39 42
16 38 43
16 39 44
15 39 43
16 40 43
14 39 44
16 39 43
15 38 43
17 39 43
17 39 42
16 39 43
17 38 42
17 39 43
16 40 43
17 40 43
16 40 43
16 40 43
16 42 43
17 40 43
15 40 41
15 38 42
15 38 42
14 39 43
16 39 43
15 38 43
15 39 43
15 38 43
16 40 43
15 39 43
17 40 43
16 39 41
15 39 42
16 39 41
15 38 43
16 40 43
15 39 43
16 39 43
14 38 42
15 38 43
16 38 43
16 38 43
15 39 43
16 38 43
17 38 42
17 38 41
15 39 42
16 39 43
15 39 42
15 40 42
15 42 42
15 41 42
15 39 42
15 38 42
16 41 42
15 39 42
15 39 41
15 39 42
15 39 41
15 39 42
15 39 41
15 40 41
16 40 41
15 39 40
15 40 40
15 39 41
16 39 41
14 41 42
15 40 41
16 40 41
14 40 41
15 40 41
15 41 42
16 40 41
15 39 42
15 39 41
16 40 41
16 40 41
16 40 41
15 39 41
16 39 41
16 40 41
14 40 41
15 39 41
15 40 41
15 39 42
15 40 41
