27 31 53
28 31 53
28 31 53
29 31 53
28 31 53
28 32 53
28 33 53
29 31 52
28 33 53
28 32 53
28 32 52
27 31 52
29 32 53
28 32 53
28 31 51
27 30 53
28 31 52
28 31 53
28 32 53
29 32 52
28 31 52
28 33 52
28 32 52
28 32 54
28 32 52
28 32 52
29 31 52
28 30 53
27 33 52
27 32 53
28 32 53
28 31 51
29 31 52
29 33 53
28 31 54
28 32 52
28 30 53
28 31 53
27 32 52
28 32 53
27 32 52
28 32 52
29 32 52
29 31 53
29 31 52
29 31 53
29 31 53
28 32 52
28 32 52
29 31 51
28 31 52
28 33 53
28 32 53
27 31 53
28 30 53
28 32 53
28 32 52
28 31 52
28 31 52
27 33 51
28 33 52
28 31 51
28 31 53
28 30 53
28 28 52
27 30 52
28 31 52
27 31 54
28 32 53
27 31 52
28 31 53
28 31 51
28 31 53
28 33 53
27 34 53
28 32 53
28 34 53
28 33 52
29 33 51
28 33 52
27 27 51
26 27 53
27 30 52
26 30 52
27 30 51
26 32 52
27 30 52
26 31 52
26 29 53
27 29 53
28 30 51
29 31 50
29 29 51
29 26 50
29 27 52
29 30 50
29 32 50
25 30 51
25 35 51
28 34 53
29 28 54
29 27 52
31 29 51
29 33 54
32 35 51
30 35 53
31 32 50
31 33 50
29 38 53
25 39 52
26 36 52
25 39 55
26 41 49
21 41 54
22 36 53
24 36 45
17 42 50
17 36 48
21 42 45
13 40 48
19 41 44
15 41 45
16 40 42
18 41 45
14 41 44
18 40 40
13 41 43
12 39 40
17 39 39
16 41 40
14 39 39
15 39 40
12 41 39
10 40 40
09 38 39
11 40 38
11 38 37
10 37 37
13 36 35
15 37 35
16 35 33
17 36 33
17 31 35
17 31 37
18 29 40
15 27 41
14 25 40
09 26 37
11 31 36
11 26 35
13 27 36
15 30 41
15 26 37
13 28 39
11 27 39
11 26 37
13 29 39
15 27 38
13 28 38
13 30 41
13 29 41
15 30 40
13 32 41
09 30 39
09 33 37
10 32 39
12 31 39
13 31 39
14 29 39
13 30 40
13 29 41
14 28 40
14 28 42
14 28 41
14 28 41
13 28 42
12 28 40
12 28 40
15 29 40
14 29 41
14 28 40
15 27 41
14 27 40
13 27 42
14 28 40
15 29 40
14 28 40
16 27 39
14 27 41
14 28 42
13 28 43
15 29 42
14 28 42
13 28 41
13 28 40
13 29 39
13 29 38
14 28 42
13 29 43
14 30 41
14 29 43
13 31 42
14 28 44
14 29 43
14 30 42
14 29 41
14 28 40
13 29 40
14 31 40
16 29 41
15 33 44
16 30 45
16 32 45
15 32 47
15 32 46
15 33 44
16 32 44
18 33 44
16 30 44
15 33 42
15 30 43
13 32 44
14 31 43
15 32 43
13 30 44
15 30 42
13 33 39
12 32 39
14 32 40
14 33 37
13 36 36
14 36 35
12 35 30
13 37 31
10 34 33
10 35 36
11 38 33
13 37 31
13 36 30
15 36 31
12 41 30
11 39 26
13 39 24
14 41 25
14 38 24
13 40 24
14 40 26
11 38 23
14 41 22
13 42 27
13 41 21
10 41 23
10 40 26
09 36 26
10 37 21
08 35 20
08 31 20
09 28 22
09 29 23
09 33 23
09 30 17
11 30 17
13 35 18
14 34 19
13 33 22
12 33 24
14 33 26
14 37 28
14 33 27
15 34 26
16 34 26
16 37 28
14 36 28
14 36 29
13 35 31
14 36 29
14 35 29
16 37 31
15 36 31
16 38 33
15 39 33
16 37 33
14 36 35
13 36 35
12 39 36
12 37 34
13 37 36
11 37 36
12 36 36
13 38 37
14 38 36
14 38 36
13 38 36
13 37 35
13 37 35
13 39 35
12 38 35
13 37 36
13 37 35
14 38 36
13 39 35
12 38 35
12 39 35
12 39 36
11 38 35
12 38 35
13 38 35
13 39 35
12 39 36
13 39 36
12 39 35
12 37 36
12 38 36
12 38 36
12 38 37
13 38 35
13 39 35
12 38 35
13 38 35
13 38 35
13 40 35
13 39 34
13 39 36
12 38 35
12 40 35
13 39 35
13 39 35
12 39 34
12 39 36
13 38 35
13 38 36
12 39 36
12 40 36
14 39 36
12 38 36
12 38 35
13 39 36
12 39 36
13 40 35
13 38 36
13 37 36
11 38 36
12 39 35
14 38 35
11 39 35
