28 36 51
28 36 51
30 38 53
29 36 53
29 38 52
29 36 52
28 36 52
29 36 53
31 37 52
29 37 52
29 37 53
29 36 52
29 36 53
30 38 52
29 36 52
29 38 53
30 37 53
29 37 51
29 37 52
30 38 53
29 37 52
30 37 52
28 37 53
28 36 52
29 37 53
30 36 52
29 37 52
29 36 52
29 37 52
29 37 51
29 35 53
29 37 52
30 37 52
29 37 52
29 36 52
29 37 52
29 38 52
30 37 53
29 37 51
29 37 53
29 37 53
29 37 53
29 37 53
29 36 52
30 37 53
29 36 52
29 37 53
30 36 52
28 37 53
28 38 52
29 37 53
29 37 53
28 37 51
30 37 53
30 38 52
30 36 51
29 37 53
29 37 52
28 37 52
30 37 52
28 36 52
29 37 52
30 36 53
28 38 52
29 38 52
30 37 52
29 37 52
29 37 53
30 37 52
28 36 52
29 37 53
29 37 53
29 37 52
28 36 52
29 37 52
29 36 52
30 37 53
30 37 52
30 37 52
30 37 52
29 36 53
29 37 52
28 36 52
28 36 52
29 37 52
28 37 52
28 38 53
29 36 52
29 38 53
28 37 53
31 37 52
29 38 52
29 36 52
30 37 52
29 38 52
28 37 53
29 37 52
28 36 53
29 37 53
29 37 53
29 37 52
29 37 53
30 37 53
28 38 52
29 36 53
29 37 51
29 37 52
30 38 52
30 36 53
29 37 53
29 37 52
29 36 52
30 37 53
28 37 52
29 37 52
29 37 53
29 36 52
29 37 53
29 36 53
27 37 54
28 42 53
24 42 56
20 41 55
19 41 50
21 40 45
21 38 45
17 29 53
28 35 44
36 26 45
39 17 50
46 16 56
41 30 56
28 29 54
22 34 56
19 38 54
17 34 52
23 31 52
26 30 51
26 26 50
27 26 50
23 26 52
22 26 50
24 25 50
23 26 49
24 26 50
26 27 49
22 26 49
19 28 51
19 27 51
22 24 50
20 26 48
21 27 48
20 27 48
19 28 49
19 26 48
22 25 48
19 25 48
18 26 47
19 23 49
16 25 45
18 26 43
18 25 46
17 26 42
16 27 44
15 24 43
17 26 42
14 27 38
14 27 40
14 28 40
13 28 40
15 27 39
14 30 37
12 30 39
11 28 41
12 29 39
12 28 38
12 31 38
11 31 39
13 33 37
12 32 37
12 31 37
13 32 37
10 32 37
12 34 36
13 34 36
11 34 36
10 35 36
09 35 35
09 35 35
07 35 36
08 28 31
12 27 31
09 30 33
10 30 34
14 29 35
18 28 33
18 30 34
14 32 37
17 30 37
14 31 40
14 31 40
13 30 38
13 28 37
12 30 38
13 29 39
12 28 38
11 28 37
12 28 39
11 28 39
11 26 37
11 27 38
11 27 38
12 27 37
10 28 36
12 26 37
09 29 39
10 28 37
09 28 34
10 31 36
12 29 37
12 29 38
12 30 37
12 30 39
12 29 41
12 29 40
13 30 39
14 31 41
14 28 40
12 32 42
13 31 40
12 30 40
16 32 40
16 32 41
15 33 40
16 32 39
15 33 41
15 33 41
14 33 42
14 33 40
14 34 41
14 34 41
14 35 41
12 35 42
11 36 42
13 35 41
15 35 42
15 34 42
16 35 42
16 35 41
16 36 41
17 35 42
16 36 42
16 38 42
15 39 43
15 39 42
15 39 44
15 39 43
14 40 41
15 39 41
14 39 40
14 39 41
13 40 40
14 39 41
15 38 39
15 36 39
15 37 40
12 38 40
12 37 39
12 39 39
14 36 39
15 36 39
15 37 40
14 38 40
14 36 38
12 39 38
13 39 39
13 38 37
13 38 38
11 40 36
12 40 37
13 40 37
13 38 37
14 40 38
15 39 38
15 40 38
14 38 38
14 38 38
13 38 38
14 37 38
12 39 39
12 39 38
13 39 39
14 38 39
15 37 38
15 37 38
15 39 38
15 39 38
13 39 37
13 38 38
13 38 36
13 38 37
13 38 37
13 38 36
14 39 36
13 40 36
13 38 37
13 38 38
11 39 38
12 39 38
12 40 37
14 39 36
13 39 36
12 39 36
13 40 36
13 39 36
13 37 35
13 37 37
13 39 36
13 39 36
14 39 37
14 41 37
13 40 37
14 40 36
14 38 37
15 40 36
13 38 36
13 39 37
13 37 36
12 39 36
13 39 36
13 39 37
13 38 36
12 39 36
12 38 36
13 38 36
13 38 36
13 38 36
12 38 36
13 38 35
12 37 36
13 39 36
14 38 36
14 38 35
13 38 36
14 39 36
13 38 36
13 39 36
12 38 35
13 39 35
12 38 35
11 39 36
13 39 35
14 39 36
12 38 36
12 38 36
12 37 35
13 37 35
12 38 36
12 38 35
13 38 35
13 37 36
12 37 35
13 38 36
13 38 36
14 38 35
13 37 36
13 38 36
14 38 36
11 39 37
12 38 36
13 38 35
12 37 35
13 38 36
13 38 34
13 38 35
13 38 35
14 37 36
13 39 36
12 38 35
13 38 35
13 37 36
14 37 36
13 38 35
13 37 36
12 39 36
12 37 36
12 38 36
13 38 35
13 38 35
13 37 35
12 38 35
13 37 35
12 38 35
13 39 35
13 37 35
13 38 36
13 37 35
13 39 35
13 37 35
13 38 36
13 37 35
13 38 35
12 37 35
13 37 35
12 37 36
12 37 36
13 37 36
13 38 35
14 38 36
14 39 35
12 38 36
13 37 35
14 37 36
12 37 35
12 39 36
13 39 35
13 38 35
11 37 36
12 38 35
12 37 35
13 36 36
13 38 35
13 37 36
13 39 35
12 38 35
14 39 36
13 38 35
12 38 36
13 38 35
13 37 35
13 38 36
12 38 35
12 37 36
12 39 35
13 37 35
14 38 36
12 38 35
13 38 35
11 38 36
13 37 35
12 38 35
12 38 36
13 38 35
13 38 36
13 37 36
12 38 36
13 38 35
12 38 35
13 37 36
13 38 35
13 37 36
12 39 35
13 38 36
13 39 36
13 38 35
12 39 36
13 39 36
13 37 36
12 37 35
13 38 37
13 37 35
13 39 36
12 38 35
12 37 35
12 38 35
12 38 35
12 37 35
11 37 35
13 38 36
13 38 36
13 39 35
12 38 36
12 37 35
13 37 35
13 38 34
13 37 35
12 37 35
15 38 36
13 37 35
12 38 35
13 38 36
13 38 36
