33 28 53
33 28 53
34 30 52
34 27 53
34 29 51
34 33 51
33 33 53
34 30 54
33 33 54
34 34 54
34 34 53
34 36 53
34 36 53
33 36 54
35 34 52
35 33 51
34 33 51
30 29 54
32 27 57
32 26 55
36 30 53
36 32 51
36 33 52
34 33 53
34 33 52
34 32 52
34 30 52
35 28 54
33 26 53
34 28 53
35 29 52
35 27 52
35 27 52
35 26 52
34 27 53
34 29 53
34 30 54
34 30 53
34 30 53
35 29 51
35 30 52
34 30 53
34 30 53
35 29 53
35 29 55
34 29 55
34 29 53
35 29 52
35 30 52
35 31 53
35 31 53
34 32 53
34 32 53
34 31 52
34 29 53
34 29 53
34 31 53
35 30 54
34 31 52
35 31 53
33 32 53
34 30 54
35 31 52
33 29 52
35 30 52
35 30 53
34 30 54
35 30 52
34 30 53
35 30 52
35 30 53
34 30 54
34 29 53
36 29 53
35 30 55
34 30 54
34 29 53
35 29 52
34 31 52
34 28 52
35 30 53
34 29 53
34 32 53
33 30 52
34 30 53
35 29 53
35 30 53
35 30 52
34 29 53
35 30 53
34 28 53
35 30 52
35 30 53
35 29 52
34 30 53
34 29 53
35 31 52
34 29 52
34 30 52
35 30 53
34 30 53
34 29 53
34 28 53
34 29 52
35 30 52
35 31 52
33 28 54
34 28 53
34 30 53
35 30 53
34 29 53
35 28 53
35 30 53
34 28 54
34 31 53
35 31 53
34 31 53
34 30 53
35 32 52
34 34 53
35 35 50
31 36 53
29 32 50
28 40 44
31 38 46
31 54 52
29 52 49
32 45 46
37 51 53
38 47 59
39 49 53
43 43 46
39 40 46
39 44 48
44 50 47
44 43 45
39 40 47
39 43 50
39 43 47
40 38 43
37 38 44
31 47 48
35 47 52
32 42 57
37 43 54
37 40 50
33 38 42
30 38 44
31 49 59
41 48 57
38 38 50
33 37 48
32 40 48
24 42 53
19 46 50
16 43 54
17 39 45
07 51 52
17 48 50
18 48 30
16 41 34
24 40 38
17 47 34
13 36 42
14 43 25
12 42 35
07 48 34
07 42 29
01 36 38
00 27 33
00 29 17
06 24 13
08 18 21
11 26 25
13 28 27
15 30 28
17 33 28
18 33 26
17 37 30
20 33 29
19 31 29
20 32 28
20 31 28
17 31 30
16 29 31
16 28 32
14 30 32
15 30 33
13 32 32
13 32 34
14 33 36
15 33 37
14 32 38
14 32 38
13 34 38
13 34 37
12 34 37
13 34 37
13 35 37
12 36 36
13 37 38
14 37 39
13 38 40
11 38 40
11 38 40
12 37 42
13 37 39
13 36 38
13 35 36
11 34 37
10 33 36
11 34 36
11 33 35
10 34 34
11 34 33
14 34 34
12 33 33
13 35 34
13 36 34
12 35 34
13 35 35
12 33 35
11 33 34
08 35 35
10 37 36
11 36 36
13 35 37
13 34 37
13 34 37
14 35 37
13 37 38
13 36 37
12 37 38
12 36 38
12 34 38
12 35 38
11 35 37
12 36 38
12 35 37
10 36 36
11 34 36
12 33 36
13 35 36
12 34 36
13 33 36
11 33 36
12 34 36
11 33 36
12 33 36
12 31 36
12 32 37
12 34 35
13 34 35
12 33 36
13 32 35
12 33 37
12 32 36
13 33 38
12 34 37
13 34 36
14 35 37
12 34 37
12 34 37
13 33 37
13 35 37
12 34 37
13 33 37
12 35 37
13 35 37
11 34 37
12 35 36
13 35 37
13 35 37
14 35 36
12 35 37
11 33 38
12 36 38
14 36 38
12 35 37
14 35 37
13 35 37
13 35 37
13 36 36
13 35 37
13 35 37
12 35 37
13 35 37
12 35 38
12 37 37
13 34 37
13 35 37
11 35 38
12 35 38
12 35 38
11 34 37
11 35 36
13 34 36
12 35 36
12 35 37
12 35 36
12 36 37
12 35 37
13 36 37
11 35 37
12 35 36
12 35 38
13 34 37
13 34 37
12 34 38
14 35 37
12 35 37
13 34 36
13 34 37
13 35 37
12 35 36
12 35 37
13 36 37
12 35 37
13 36 38
13 36 37
12 35 38
13 36 38
12 36 37
13 36 38
12 35 38
15 35 39
13 35 38
13 36 38
13 35 37
13 35 38
13 34 37
12 35 36
12 34 38
13 34 38
11 34 38
13 36 37
13 35 38
12 34 38
12 36 37
13 35 38
12 37 38
13 36 38
13 36 38
13 35 38
13 36 37
12 35 37
12 37 38
13 36 38
11 35 37
12 35 37
12 35 37
13 34 37
13 35 38
13 34 37
13 34 38
13 34 37
12 35 38
12 35 38
12 35 37
11 36 36
13 35 38
14 35 37
12 34 38
12 34 37
12 34 38
12 36 38
12 36 37
13 36 37
13 36 39
12 37 37
12 34 37
12 35 38
14 35 37
12 35 38
12 34 37
11 35 37
13 37 36
12 36 38
13 35 38
12 35 36
12 35 37
13 35 37
13 35 38
13 36 38
12 36 38
13 35 37
12 35 37
12 35 37
12 35 39
12 35 37
12 36 38
12 35 38
11 34 37
12 35 37
13 33 38
12 35 37
12 36 37
11 35 38
12 34 37
13 36 38
13 34 38
13 34 38
12 34 38
12 34 37
12 35 37
13 36 37
11 34 37
13 35 37
13 35 37
12 35 37
13 34 38
14 35 37
13 36 37
12 34 38
12 35 37
12 35 37
13 36 37
13 35 36
13 35 38
13 35 37
13 35 38
12 35 38
12 37 38
12 36 37
14 35 37
14 36 36
12 35 37
13 35 37
13 36 37
13 35 37
13 35 38
14 35 39
13 36 37
13 35 38
13 37 38
13 35 37
