35 41 51
35 41 51
34 40 51
35 41 51
34 41 50
34 41 51
34 40 52
35 40 51
34 41 51
34 41 51
33 41 51
34 41 51
34 42 51
35 41 51
34 39 51
36 39 52
35 40 51
35 40 51
34 39 52
36 40 51
35 40 52
34 40 52
35 40 51
34 40 52
34 41 53
34 41 51
34 41 51
35 40 51
36 38 51
34 40 51
34 42 51
35 42 51
36 41 51
34 41 53
35 41 51
36 42 52
35 42 51
33 42 51
34 41 52
35 40 51
35 41 51
34 41 50
33 41 51
34 41 52
35 40 51
34 40 50
35 42 51
35 41 51
35 42 51
35 40 51
36 41 51
34 40 51
34 40 50
35 41 51
36 41 51
35 40 50
35 40 51
34 41 52
34 42 51
34 41 51
35 41 51
35 42 52
35 41 49
35 41 51
35 41 50
36 41 51
35 41 51
35 43 51
35 40 51
35 41 50
34 42 50
34 41 51
34 43 52
33 42 52
34 42 51
34 43 50
35 40 51
35 41 51
36 41 51
35 41 52
35 41 52
35 41 52
34 40 52
35 41 51
35 40 50
36 40 51
36 38 51
35 40 50
34 39 51
35 42 52
35 41 52
34 40 51
34 41 52
34 39 51
34 39 51
35 39 51
36 39 51
36 41 50
37 40 50
36 38 50
34 38 50
36 39 49
37 38 47
35 43 46
35 47 47
36 47 50
39 44 56
39 45 56
36 41 51
38 38 49
36 42 50
31 45 51
25 51 55
21 45 54
20 34 52
18 37 50
17 44 51
23 45 49
31 46 46
36 45 42
40 43 41
45 43 45
48 42 48
50 41 52
49 43 61
41 37 56
37 36 51
29 37 47
35 49 46
28 46 44
30 51 47
34 50 50
35 46 50
35 45 49
35 46 48
37 48 48
37 50 49
38 49 50
39 47 47
40 45 46
39 44 46
40 43 48
39 43 48
37 42 45
40 38 43
41 39 44
38 42 45
40 43 42
42 59 51
23 54 45
35 49 44
37 43 51
33 53 51
32 51 34
41 63 58
43 59 59
36 55 39
34 49 34
30 42 29
37 39 29
46 46 30
63 56 40
46 59 44
36 59 41
27 55 38
31 49 35
34 44 35
29 46 39
33 49 42
35 45 41
35 44 42
33 44 42
34 47 43
35 49 44
32 48 45
30 49 47
31 48 48
29 47 49
28 50 50
28 47 52
28 48 52
29 49 53
30 47 51
32 46 51
33 49 49
33 47 45
32 47 44
32 47 43
32 47 45
33 44 48
33 45 47
33 47 48
32 43 50
31 42 51
28 40 52
25 39 54
24 35 55
25 39 51
25 37 49
24 36 48
23 37 46
21 39 45
21 38 45
18 39 42
14 34 41
19 32 38
10 32 36
11 36 43
10 59 59
19 42 51
21 34 47
21 32 46
19 33 48
18 34 50
15 38 50
13 38 48
15 37 45
16 37 45
16 35 45
18 38 46
16 39 50
17 38 49
18 38 47
19 38 47
18 38 47
21 36 45
19 36 42
17 36 39
17 38 38
15 37 39
14 36 40
11 34 40
13 38 41
12 39 38
15 37 37
16 41 39
13 42 39
09 41 34
08 39 35
07 36 34
08 39 32
08 38 30
09 36 28
09 38 28
09 37 28
07 36 28
08 36 29
07 35 26
07 32 23
04 31 24
02 27 24
03 28 23
07 28 25
10 29 25
12 30 26
10 32 28
13 34 29
14 33 28
19 33 31
21 35 32
16 37 32
25 35 33
24 34 32
23 36 30
20 35 29
16 35 30
12 37 30
11 37 31
12 37 33
13 38 34
14 39 34
13 38 38
14 40 36
16 41 34
14 41 32
12 41 34
07 42 33
09 41 33
12 39 30
11 40 31
13 40 30
14 38 30
15 39 30
14 38 31
13 39 30
12 38 28
12 38 26
14 37 27
13 37 27
13 38 27
12 38 27
13 37 27
13 37 26
13 38 28
11 37 28
09 38 28
11 36 29
14 39 30
15 39 33
13 39 33
12 36 33
11 38 33
14 37 32
14 37 31
13 39 32
12 38 32
12 38 33
11 38 33
12 38 32
14 39 33
14 40 34
14 40 34
13 40 33
14 39 33
13 38 34
10 40 35
08 40 35
13 39 35
14 39 34
13 38 35
12 40 34
12 39 32
11 40 33
12 38 32
14 39 34
13 38 33
12 38 33
