34 28 51
34 28 51
34 28 51
34 29 52
33 28 52
34 28 52
33 29 53
33 27 52
34 28 52
34 28 53
34 28 52
33 28 53
34 27 53
34 28 53
34 28 52
33 28 52
33 28 52
33 28 53
34 28 53
36 27 53
33 28 53
35 29 52
33 27 53
34 29 53
33 29 52
34 29 53
33 27 53
34 29 53
33 28 52
34 27 53
33 29 53
32 28 53
33 28 52
33 28 52
34 27 52
33 29 52
35 28 53
34 29 53
33 28 53
34 28 52
32 28 53
33 28 53
34 29 52
34 29 53
35 28 53
33 28 53
34 29 52
34 29 53
34 28 53
34 28 52
33 28 53
34 29 52
33 27 52
34 29 51
33 28 53
34 28 52
33 29 52
33 28 52
34 29 52
34 29 53
35 28 53
36 28 53
35 26 52
35 27 53
36 29 52
34 29 52
35 30 53
34 31 53
34 32 54
35 34 54
34 35 54
33 35 55
33 36 54
34 36 53
32 34 55
34 37 55
33 36 56
34 38 55
35 42 54
35 42 55
37 45 49
35 47 50
36 47 49
37 47 43
37 49 46
43 45 39
43 48 36
43 51 32
45 46 30
43 46 25
39 49 25
45 47 22
47 43 19
46 42 19
47 37 07
44 40 14
42 31 15
34 27 15
32 22 28
49 38 31
58 56 25
62 54 21
60 60 39
63 32 30
42 60 26
46 54 35
47 52 39
39 50 38
41 42 44
51 42 38
48 58 48
41 59 45
34 61 41
31 57 39
23 56 47
19 40 45
17 49 40
10 49 39
08 40 40
04 36 42
03 41 44
06 34 41
11 33 37
14 35 38
15 39 39
18 39 38
21 36 36
21 38 37
18 38 37
20 37 36
19 38 36
19 38 35
20 39 36
17 37 37
17 38 37
16 38 36
11 36 36
10 37 36
06 39 33
06 38 33
09 41 35
11 38 36
12 34 34
14 35 33
14 35 32
15 36 32
15 37 33
14 38 32
14 36 33
13 36 33
12 38 32
14 37 34
14 38 34
13 38 33
12 37 33
10 36 33
08 37 33
06 37 33
11 38 36
12 37 35
12 36 36
13 34 36
13 36 35
13 35 36
14 36 35
14 35 36
11 35 36
12 35 36
14 35 38
15 34 37
13 34 39
14 34 38
15 35 37
12 34 37
11 32 37
12 34 35
14 34 37
13 31 36
13 34 37
13 34 38
12 33 37
11 35 37
11 35 38
11 36 36
13 35 36
13 37 38
11 36 38
12 33 37
12 35 38
13 35 38
15 35 39
14 33 39
13 35 39
14 36 37
12 35 38
13 36 37
13 36 38
12 35 38
13 37 38
13 35 37
13 36 37
13 36 37
13 35 38
13 34 39
12 34 38
12 33 38
13 34 39
13 34 39
12 33 38
12 35 38
13 34 38
13 35 38
12 35 39
12 35 38
14 35 40
13 35 38
12 35 38
12 36 39
13 34 38
12 33 39
13 35 39
13 35 39
13 34 39
12 34 39
12 34 38
13 34 38
13 35 38
11 34 38
12 34 37
13 34 37
13 35 38
12 34 38
12 34 37
12 34 38
12 34 39
13 34 38
13 34 38
12 36 38
12 34 38
12 34 38
12 34 38
13 36 38
13 36 37
13 35 38
13 35 37
12 34 38
12 34 38
12 34 38
13 35 38
14 35 39
11 34 37
12 34 38
13 36 38
13 34 38
13 34 39
12 35 39
13 34 39
12 34 38
13 33 39
13 36 38
12 33 38
12 34 38
13 35 39
13 34 39
14 35 38
12 36 38
12 35 38
13 35 37
13 35 38
13 36 39
13 35 38
12 34 39
14 34 39
14 34 39
12 34 38
13 35 38
12 35 39
13 35 39
12 35 39
12 35 38
12 35 38
13 35 38
13 35 38
13 36 38
13 35 39
13 34 38
12 36 38
13 35 38
13 35 39
14 35 39
14 35 39
13 35 39
14 34 39
13 34 39
13 35 37
12 35 38
12 34 38
13 35 39
13 35 38
14 36 38
13 34 38
13 36 37
12 35 39
13 36 38
12 36 38
13 35 39
11 35 38
12 35 39
13 35 40
13 36 38
12 35 38
14 34 38
12 35 39
12 35 38
13 34 39
12 36 40
13 36 39
12 36 38
13 36 38
12 36 38
13 36 38
13 34 38
14 36 39
14 35 38
11 35 38
12 35 40
13 36 39
12 36 38
12 35 37
12 35 38
14 34 37
14 35 38
14 35 38
14 35 39
12 34 38
13 35 38
14 36 39
13 35 38
12 35 39
12 33 38
13 34 38
13 35 39
13 35 38
12 35 38
13 35 38
13 35 37
13 35 39
13 34 38
14 33 38
12 34 37
12 36 39
12 35 38
14 35 38
12 35 37
14 36 38
13 34 38
13 34 38
13 35 38
13 34 38
12 36 38
14 35 38
14 35 37
13 34 38
13 37 38
13 36 38
13 35 38
12 36 38
14 34 38
14 36 38
13 34 39
14 36 39
12 35 38
13 34 38
13 36 38
13 34 39
12 34 38
12 35 37
12 35 38
13 37 38
13 35 39
12 36 38
13 34 39
13 35 38
13 35 38
13 35 38
13 35 39
13 35 39
13 35 38
14 35 38
13 36 39
13 35 38
13 35 38
13 36 38
12 34 38
12 35 38
14 35 38
12 35 38
13 36 38
12 35 38
