35 44 50
35 44 50
42 35 44
34 43 49
35 44 50
35 43 50
35 44 50
35 44 51
35 43 50
35 44 50
34 44 49
34 44 50
34 45 49
35 43 50
36 44 49
36 44 50
34 44 50
35 45 51
35 43 50
35 44 49
35 44 50
35 45 49
35 44 50
36 44 49
34 44 49
34 43 50
35 43 50
35 44 50
34 44 50
35 45 49
35 43 49
35 43 50
35 43 50
34 43 50
34 44 50
34 45 50
35 43 50
34 43 50
35 43 50
35 43 50
35 45 49
34 45 50
36 44 51
34 44 50
34 44 50
34 44 50
34 45 49
35 44 50
35 44 49
34 45 50
34 44 49
35 45 50
35 43 50
36 44 50
34 44 49
34 44 49
35 44 49
36 44 50
35 44 50
35 44 50
35 44 49
34 44 51
35 44 50
35 44 50
34 43 51
34 45 50
34 46 50
35 43 49
34 43 50
35 44 50
33 44 49
34 43 50
34 44 50
36 44 49
34 45 50
35 43 50
35 43 49
33 44 50
34 44 50
35 43 51
35 44 50
35 43 50
36 44 51
34 44 50
34 45 51
35 44 49
34 43 49
35 44 49
34 44 50
34 44 50
36 44 50
34 43 50
34 44 51
34 43 50
35 43 49
34 44 49
35 44 49
34 45 49
35 44 51
34 43 51
35 45 50
35 44 49
34 44 51
34 44 49
34 44 50
35 42 49
34 43 49
34 44 50
35 42 50
35 44 50
35 45 50
35 44 50
35 42 50
35 43 50
36 44 50
36 43 50
35 44 50
34 44 50
35 44 50
36 44 49
33 44 49
35 43 50
34 44 50
34 44 50
36 43 50
36 42 49
35 44 50
35 44 50
34 44 49
35 43 50
35 44 50
34 45 49
33 45 49
35 43 49
35 44 48
35 44 49
35 43 51
36 43 50
34 44 50
35 44 50
35 43 50
35 44 50
35 44 50
35 43 50
35 44 49
34 43 51
34 44 50
35 45 49
34 44 50
35 43 50
34 45 49
34 44 50
35 45 50
34 44 51
35 44 50
35 44 49
35 44 50
35 43 50
34 42 49
33 45 51
35 45 50
35 43 49
35 43 50
34 44 50
35 44 48
35 44 50
35 45 49
34 44 50
35 44 50
34 43 50
35 43 50
35 44 50
34 44 50
34 43 50
35 44 50
34 43 50
34 43 50
35 43 51
34 44 50
35 44 50
34 43 51
35 43 50
34 43 49
35 43 50
35 43 47
36 43 44
36 43 50
32 43 54
30 39 57
27 35 55
30 30 51
30 31 52
30 38 55
28 44 56
30 41 56
35 39 49
39 35 46
36 37 49
34 38 48
32 33 50
33 34 56
33 37 57
35 35 57
31 34 56
32 36 53
36 37 53
33 41 52
32 42 53
30 40 54
28 38 56
25 38 54
18 38 50
16 38 53
19 34 53
26 30 51
31 35 47
36 35 46
42 33 46
44 34 50
51 31 46
62 37 52
43 39 48
16 35 61
19 30 61
21 38 55
23 41 50
29 37 53
32 41 56
32 39 52
32 43 49
35 42 49
38 38 53
37 37 53
38 39 51
38 39 52
40 40 51
41 39 48
41 37 49
39 38 46
34 49 51
32 48 53
34 45 51
31 41 53
31 40 55
31 39 55
29 40 53
27 39 55
27 39 52
24 39 52
26 40 50
23 41 49
24 40 50
23 40 51
22 39 48
22 39 49
20 41 51
20 39 47
21 40 49
17 39 49
17 40 47
19 39 47
13 42 44
18 38 43
16 39 42
16 36 42
17 37 39
17 35 39
16 34 37
15 35 36
14 32 34
15 33 32
14 35 30
10 35 30
12 33 30
09 34 32
07 32 33
05 31 31
05 31 31
10 28 27
11 27 25
11 31 28
11 33 24
11 30 24
05 30 23
03 31 12
06 29 10
04 23 17
10 26 21
14 27 23
16 27 25
15 28 27
19 32 29
20 30 32
22 28 31
22 30 32
23 33 30
23 34 30
21 35 31
18 36 31
17 36 33
13 34 33
12 35 33
11 34 34
08 31 36
09 29 36
10 31 36
12 32 35
11 32 34
11 34 34
11 34 35
12 34 35
11 36 34
13 37 35
11 38 36
13 40 37
12 39 37
13 38 37
12 38 38
10 37 38
11 36 39
13 35 37
14 35 38
14 35 35
12 36 35
12 36 36
12 36 35
13 36 34
12 35 35
11 33 36
11 33 36
12 32 34
12 33 35
11 33 35
12 34 34
12 35 35
12 36 35
11 36 35
13 37 36
12 36 36
12 36 36
12 36 35
12 36 35
13 36 35
12 36 34
13 36 36
13 37 35
12 35 35
13 37 34
13 36 36
12 36 36
13 37 35
12 36 35
12 34 35
13 35 34
11 35 35
12 35 35
11 35 35
11 35 35
12 36 35
12 35 35
13 36 36
13 35 34
13 35 35
12 36 34
13 36 35
12 35 35
12 36 36
12 34 36
11 35 35
12 35 36
13 36 35
12 37 35
12 35 35
13 36 35
12 36 34
12 34 36
12 34 36
12 36 35
13 35 35
12 36 35
13 34 34
11 37 35
13 36 35
13 35 36
13 35 35
12 35 35
13 36 36
13 37 36
13 36 35
11 36 34
13 36 35
11 36 35
12 35 34
12 35 35
11 36 36
12 36 35
12 36 36
12 35 35
11 35 34
13 35 36
12 35 34
12 36 35
12 35 35
12 35 35
13 34 35
13 34 35
12 35 35
11 35 35
12 36 34
12 35 35
12 34 35
11 34 36
12 36 34
13 36 35
12 35 35
12 36 35
13 34 35
12 35 35
13 35 36
12 36 35
13 35 35
12 36 35
12 36 36
12 36 36
13 36 35
12 35 35
11 37 36
13 35 35
12 37 35
13 37 36
12 35 37
12 36 35
12 35 35
12 36 34
11 35 36
12 36 36
12 34 37
12 35 34
13 35 35
11 34 35
13 35 36
11 35 35
13 35 35
13 36 35
12 34 35
12 36 35
13 37 35
13 35 35
12 36 35
12 36 36
13 36 36
12 35 35
12 35 35
12 35 35
12 35 36
12 35 37
12 35 35
13 34 34
13 35 36
12 34 35
11 34 35
11 35 35
11 35 35
13 35 35
12 35 35
12 35 34
12 34 36
11 36 35
11 35 36
13 35 35
12 35 34
12 34 34
11 35 35
12 35 35
13 35 34
11 35 35
12 34 34
11 36 35
12 36 35
12 35 34
11 35 35
11 36 35
12 35 34
12 36 35
11 35 35
13 35 35
12 35 36
12 34 35
12 34 35
12 35 35
12 35 35
12 35 36
13 35 35
12 35 36
11 35 35
12 36 35
12 36 36
11 35 35
12 34 35
12 35 35
12 34 34
