29 19 48
29 19 48
30 19 48
30 19 48
28 19 48
30 19 49
28 19 48
29 20 48
29 20 48
29 19 48
30 18 48
28 18 47
28 19 47
29 20 48
28 19 48
28 19 47
27 20 47
29 19 47
29 19 48
28 19 48
28 18 46
27 20 47
29 19 47
29 19 47
29 19 48
28 19 48
30 20 48
30 19 48
29 19 48
29 18 48
31 19 49
31 19 48
31 19 48
31 20 48
30 21 48
31 20 48
31 21 49
32 20 49
33 21 49
31 20 49
31 19 49
32 18 48
31 19 50
31 18 49
32 19 49
31 20 49
31 20 50
32 22 52
32 24 51
32 22 51
34 21 50
34 21 50
34 22 49
34 20 49
34 18 47
35 19 46
35 18 47
36 19 46
37 18 44
35 18 44
35 19 46
35 19 44
33 18 45
32 16 46
32 15 48
32 15 46
33 15 48
32 15 47
33 17 46
33 17 45
34 20 46
36 21 46
36 20 47
38 19 48
37 20 49
39 22 49
38 19 47
41 19 46
46 19 44
47 18 45
46 20 45
43 21 46
41 21 47
40 21 48
39 20 49
40 19 48
41 21 47
43 23 50
42 22 51
40 22 50
37 22 48
40 24 49
37 23 50
36 22 49
35 22 49
38 20 49
41 21 49
40 21 49
39 22 50
37 21 50
33 21 51
31 19 51
30 19 50
28 19 49
30 21 50
30 20 49
29 22 47
28 20 47
30 20 48
29 21 48
28 20 48
27 19 48
29 18 47
27 19 48
27 18 48
28 20 47
28 19 49
29 21 47
28 19 48
28 21 49
27 21 49
28 21 48
30 20 49
28 22 49
29 21 50
28 24 50
31 23 49
28 24 50
28 25 50
26 29 54
26 23 52
26 19 51
28 21 50
28 24 50
28 23 50
29 25 50
29 25 50
27 25 51
29 25 50
30 25 50
30 26 50
29 26 50
30 27 51
30 27 51
29 27 51
31 25 50
32 28 51
31 28 53
31 29 55
31 28 54
29 27 53
30 27 52
30 29 50
31 31 51
32 34 54
32 32 55
33 32 55
34 30 54
34 31 54
35 30 53
36 31 52
36 32 52
37 32 54
37 29 54
36 29 54
36 31 53
34 31 55
34 28 52
34 27 52
34 27 52
34 31 52
35 29 52
37 28 51
37 29 52
38 32 51
37 32 51
38 33 51
37 34 51
36 33 51
37 32 52
35 36 54
36 38 54
34 35 55
32 34 55
32 32 54
31 35 54
32 37 52
31 35 52
30 34 50
28 35 50
28 36 51
27 35 50
26 35 50
25 34 50
24 35 50
23 34 51
24 35 51
24 36 50
24 37 51
25 38 49
25 36 49
24 42 48
23 39 49
22 38 51
15 32 54
17 35 57
17 35 53
16 35 50
17 34 49
18 34 49
17 37 48
20 37 49
18 35 48
19 37 48
17 35 49
20 35 47
19 35 47
20 35 46
18 36 46
17 35 45
18 34 45
19 35 44
19 35 43
17 36 48
18 33 48
18 34 44
17 38 48
17 34 47
17 35 46
15 36 48
14 36 46
14 34 45
15 35 45
16 33 43
17 35 43
14 34 42
14 35 42
14 35 41
15 34 42
15 34 40
12 37 38
12 35 38
13 36 39
11 37 39
10 35 38
10 36 37
09 36 36
09 35 36
10 33 36
09 33 34
08 34 34
09 32 33
09 31 31
12 34 28
11 33 26
11 32 26
12 30 27
12 33 27
14 31 29
14 32 28
15 34 28
13 36 28
13 35 28
14 36 28
14 36 28
14 37 29
13 34 30
14 36 29
14 35 28
14 37 29
12 37 29
10 37 30
10 37 31
12 38 32
14 37 32
14 38 31
15 38 32
16 37 33
15 36 33
14 38 34
15 38 33
14 37 34
12 37 35
11 38 36
12 39 35
12 38 35
12 38 35
13 38 35
13 37 36
13 37 36
14 38 36
12 38 36
13 38 37
13 38 37
13 38 37
13 38 37
13 38 37
13 38 38
13 38 36
12 37 37
12 38 36
12 37 37
13 37 35
12 37 36
10 38 35
12 37 35
13 36 36
13 36 35
11 36 35
11 36 35
12 35 35
12 35 36
12 36 35
13 36 36
12 36 36
13 37 35
12 36 35
12 36 35
12 36 36
12 35 35
12 34 36
12 35 35
11 35 35
12 35 36
13 35 36
12 35 36
12 35 36
13 35 35
12 34 35
13 35 35
13 35 35
12 35 35
13 35 36
12 35 35
13 34 35
12 34 35
12 34 34
12 33 36
12 34 35
12 33 34
13 33 35
12 33 35
13 34 34
11 33 35
12 33 35
11 32 36
12 33 35
11 33 34
12 34 34
13 33 34
12 32 35
12 33 35
11 34 35
12 33 36
12 34 36
11 33 35
12 33 35
12 33 35
12 33 35
12 32 34
12 32 35
13 34 35
13 33 35
12 34 35
12 34 36
12 31 36
13 32 35
13 33 35
12 34 35
12 33 35
12 34 35
12 32 36
11 33 35
12 33 34
13 33 35
12 33 35
12 33 35
11 33 35
12 33 35
12 33 35
12 34 34
12 33 34
13 33 34
11 33 34
11 33 35
12 33 34
11 33 35
12 32 34
12 34 36
11 34 34
12 33 35
13 32 35
12 33 34
11 33 34
11 33 35
11 33 35
12 34 35
12 32 33
12 33 34
12 33 35
12 34 34
12 32 34
13 34 35
11 33 34
12 33 34
11 32 34
11 34 35
12 32 34
12 32 34
11 33 34
12 33 34
