16 23 44
16 23 44
17 26 43
17 24 43
17 24 44
17 24 45
17 25 45
16 25 44
15 23 43
16 25 43
17 25 43
17 25 44
18 26 43
16 25 44
18 24 45
16 26 44
17 26 45
16 25 45
17 24 45
16 24 45
15 25 45
15 23 44
16 25 44
15 25 45
14 23 42
15 21 42
18 22 42
18 23 40
17 23 42
18 26 42
16 27 44
16 26 45
15 21 44
14 19 42
15 18 42
16 19 42
18 21 41
19 18 40
19 19 40
23 16 39
21 19 38
23 19 41
23 17 38
26 18 39
31 16 30
34 18 28
32 23 33
30 20 36
26 18 43
20 08 56
16 21 57
22 25 59
25 21 50
25 24 46
22 22 56
20 23 52
19 22 51
20 20 49
21 12 46
22 11 43
24 14 42
28 08 39
27 05 37
30 14 33
36 12 28
37 15 25
38 14 24
41 14 23
41 19 24
42 16 24
44 19 25
45 23 26
45 21 27
46 21 30
44 25 32
47 21 33
45 26 35
39 30 41
40 32 46
40 31 50
40 27 52
41 33 55
41 36 58
41 35 59
41 36 59
40 32 59
40 35 61
39 33 58
37 32 57
37 29 54
36 27 52
36 22 51
37 20 48
37 19 46
39 19 44
36 22 44
35 19 42
35 18 41
33 19 41
32 13 41
31 18 41
28 17 40
30 14 39
28 13 39
28 10 40
28 12 41
28 14 38
29 17 37
30 17 41
30 18 46
32 15 49
35 00 58
24 17 63
27 33 59
31 36 55
33 32 51
31 30 50
30 24 49
27 22 51
26 20 51
26 21 51
27 22 49
27 23 49
28 25 51
28 26 52
29 27 52
28 26 52
29 25 52
28 23 51
29 24 50
28 24 51
29 24 51
30 24 51
30 24 51
30 23 52
31 23 51
32 24 51
33 22 52
33 22 51
34 22 50
35 22 50
37 22 50
37 24 51
37 21 52
36 22 51
36 23 50
34 22 49
36 22 49
38 23 50
37 23 49
39 22 49
41 23 51
42 22 50
42 24 49
42 23 48
41 23 49
41 20 49
41 18 49
40 18 48
40 19 49
39 22 50
39 24 51
37 24 52
37 24 51
38 24 52
39 23 50
37 20 50
38 20 49
40 17 46
42 17 46
41 18 47
39 18 47
39 15 46
36 15 47
35 19 48
34 18 49
34 21 49
36 20 48
32 21 46
33 19 47
31 19 45
30 20 47
30 21 49
28 21 51
27 21 51
29 19 51
26 20 50
29 22 51
28 22 49
26 23 48
28 22 48
26 22 47
25 22 47
27 23 48
26 21 48
26 22 47
26 21 48
27 21 49
26 21 49
26 21 49
27 20 49
28 18 47
28 19 47
27 20 47
27 20 46
27 21 46
26 21 48
24 20 49
25 20 49
24 18 49
25 18 48
25 18 48
26 20 46
27 21 47
27 21 47
27 21 46
26 23 45
27 23 44
26 26 46
26 26 47
23 27 46
22 25 46
21 28 46
20 30 49
18 30 48
18 31 51
17 33 51
18 33 51
20 35 51
19 34 50
21 34 50
21 38 49
22 36 53
23 38 52
23 39 48
24 40 48
24 41 48
24 40 49
24 41 50
25 41 49
27 40 46
25 41 47
22 41 50
22 39 49
23 41 49
22 44 51
23 43 50
23 39 50
23 40 51
23 41 50
22 41 51
24 42 50
23 44 51
24 46 49
26 46 48
27 46 48
27 43 48
28 42 49
27 42 48
28 43 48
28 42 49
30 44 49
29 46 49
29 46 50
29 46 49
29 45 49
28 46 48
26 45 48
26 43 49
27 44 48
25 44 49
26 44 49
27 44 48
27 45 49
27 46 48
26 45 49
25 44 46
25 45 48
25 44 48
25 45 48
25 44 48
26 44 47
25 44 48
24 44 48
25 43 48
23 42 47
25 43 48
24 43 48
25 43 48
25 43 47
23 43 47
25 43 47
23 43 47
24 43 48
24 44 48
24 43 48
26 44 48
23 44 48
25 45 47
25 44 48
24 44 47
25 44 48
24 44 47
25 45 48
24 44 47
25 44 47
25 44 48
25 45 47
25 44 47
25 45 48
25 45 48
25 44 47
25 44 46
26 45 47
25 45 47
26 45 47
26 46 47
26 44 48
26 45 48
26 45 48
27 46 48
27 44 48
26 46 46
25 46 46
25 46 48
25 46 47
26 45 48
27 45 48
27 45 48
26 46 48
27 45 48
28 46 47
27 47 48
27 45 47
26 45 47
27 45 47
25 47 48
25 46 47
26 44 47
24 46 48
25 46 47
26 46 48
25 44 48
25 45 48
26 46 48
24 44 48
26 45 48
26 45 47
26 45 47
25 46 47
24 46 47
24 45 47
24 45 48
24 46 47
24 44 46
24 44 47
25 44 47
25 44 46
24 44 47
24 43 49
24 44 48
23 45 46
23 45 46
23 44 47
22 44 46
23 44 45
22 43 45
22 44 45
21 44 44
22 44 45
21 45 44
19 45 43
18 44 43
18 42 42
19 43 42
18 44 42
18 44 42
18 44 43
18 45 42
18 44 42
18 44 42
20 45 41
19 45 41
18 47 41
17 44 42
17 43 43
17 42 44
17 43 40
16 43 39
15 43 39
15 44 39
15 41 36
14 42 36
14 41 35
15 42 34
13 40 33
14 39 33
11 39 32
11 36 31
11 37 31
11 40 30
09 41 31
09 40 29
07 37 28
09 34 30
09 34 29
10 34 30
11 32 29
12 33 30
15 34 30
15 34 29
14 37 28
14 36 29
14 38 28
14 39 31
13 37 31
13 37 32
14 38 31
12 38 33
13 38 34
14 37 33
16 37 34
15 38 34
15 38 33
15 37 34
15 38 35
15 37 35
14 37 36
15 37 36
14 37 37
13 37 37
13 38 37
14 38 37
14 37 37
13 38 37
12 38 37
13 37 37
14 38 38
14 38 38
13 38 37
13 39 36
14 39 38
12 39 38
14 38 39
13 37 39
12 38 38
13 37 37
14 38 39
12 38 37
14 38 38
11 37 38
11 37 38
12 38 37
13 38 38
13 37 36
11 37 37
13 38 36
12 38 37
13 36 38
12 38 37
13 37 37
13 37 37
13 36 37
13 37 37
12 37 37
13 37 37
13 36 36
13 37 37
13 37 36
11 37 37
12 38 37
13 36 38
13 36 37
13 37 37
13 37 37
12 36 37
12 37 36
13 37 38
13 36 36
13 36 37
12 36 37
12 36 37
13 37 36
12 36 36
14 36 36
13 36 37
12 37 36
12 35 36
12 36 36
12 35 36
13 35 37
12 36 37
12 36 36
11 36 36
12 34 36
12 37 36
13 36 36
13 35 36
13 35 36
13 35 36
13 37 36
12 36 36
12 34 37
12 36 37
12 36 36
12 35 36
11 36 35
12 35 36
13 35 35
14 35 36
13 36 36
13 36 36
13 35 36
12 35 37
13 35 36
13 36 36
12 35 36
13 35 36
13 35 36
12 37 37
11 35 36
13 35 36
11 34 36
12 35 36
11 35 36
11 36 35
13 34 36
12 34 36
12 36 36
12 35 37
12 34 36
12 35 35
12 36 35
12 37 36
13 36 36
12 36 36
12 35 35
12 35 37
13 36 36
12 34 37
12 34 36
13 34 36
12 35 37
11 36 36
12 35 36
12 35 37
12 34 36
14 34 37
13 35 36
12 36 36
12 35 37
13 35 35
12 35 36
12 35 36
13 36 36
12 35 36
12 35 36
13 35 36
13 35 36
12 36 36
14 35 35
13 35 36
13 35 36
