20 24 47
20 24 47
20 26 47
19 24 47
20 25 46
20 26 47
20 25 47
21 25 47
21 25 47
20 25 48
24 25 49
22 26 47
22 28 48
23 28 48
22 26 47
21 27 47
21 28 46
19 27 45
19 27 47
12 25 45
20 25 46
17 23 44
15 22 44
16 25 44
15 22 42
14 20 44
14 22 45
15 22 47
15 24 50
17 27 50
17 28 50
21 30 49
23 29 49
22 29 48
25 29 48
24 28 49
26 28 49
27 28 49
26 28 49
28 28 48
28 29 50
27 28 51
27 29 51
25 27 53
26 29 55
27 28 54
29 30 53
26 32 50
27 33 51
28 30 52
28 30 51
28 27 52
28 26 52
27 26 51
27 28 50
28 27 50
28 23 46
26 22 47
28 15 47
28 21 44
26 17 38
22 12 41
22 10 42
22 14 41
24 17 42
25 19 42
26 21 42
26 22 43
24 18 43
21 14 41
22 14 41
19 14 43
18 16 42
18 18 40
19 20 40
19 24 40
18 23 38
19 20 41
18 20 40
19 18 43
19 18 41
20 18 43
19 18 44
18 18 43
17 18 42
18 19 40
19 19 41
19 19 40
20 21 42
19 19 41
18 16 41
18 14 40
21 08 35
22 10 35
23 11 34
24 07 31
25 12 29
24 16 29
24 17 28
24 20 28
23 12 28
24 11 29
25 08 29
23 08 28
22 06 27
22 09 26
25 09 26
24 10 26
24 11 26
26 11 25
28 11 24
30 11 26
29 10 27
33 14 27
36 16 30
39 16 31
41 18 33
43 23 31
45 27 33
45 34 37
46 36 36
43 35 38
28 42 43
24 47 47
35 46 54
37 48 58
35 45 59
35 47 63
34 43 62
31 39 62
31 41 62
33 40 61
35 37 56
34 38 52
33 38 50
34 35 47
35 31 45
37 29 44
39 28 44
39 28 43
37 23 44
37 20 43
29 18 47
28 17 47
27 10 43
22 11 47
22 12 46
24 12 44
27 07 45
25 13 44
26 12 45
27 11 43
29 09 41
28 08 42
28 10 44
27 09 45
27 07 41
29 11 40
29 12 39
28 11 41
31 12 39
32 11 38
32 10 37
35 12 37
35 15 39
35 17 38
36 18 41
37 23 41
36 22 42
38 24 43
36 24 46
35 20 48
33 24 53
35 30 56
34 30 57
34 32 56
36 38 53
37 43 53
35 45 52
38 41 54
38 39 55
38 38 55
37 38 57
36 36 56
34 34 54
34 33 54
33 27 54
33 25 53
32 22 53
31 22 52
33 24 50
34 22 47
34 18 45
34 21 43
34 15 40
35 17 38
34 18 38
31 17 37
31 13 37
31 13 35
28 14 34
28 13 39
26 15 40
25 11 40
25 09 43
24 11 43
22 14 45
24 11 45
24 11 46
22 16 47
25 18 44
25 19 44
27 17 47
27 16 46
26 19 49
27 18 49
28 17 48
28 17 48
29 16 46
29 16 45
29 16 46
30 16 46
29 16 47
29 17 47
28 18 46
29 20 47
30 19 46
31 18 44
31 17 45
33 16 45
34 15 43
33 18 44
34 19 44
34 18 45
33 17 45
31 17 46
31 18 47
28 20 48
28 17 49
26 18 49
26 19 50
27 21 49
27 23 50
26 25 51
28 24 49
27 23 47
25 23 47
25 24 46
23 25 47
22 26 47
18 28 47
17 31 50
15 31 51
15 33 50
16 34 49
15 34 49
15 33 46
17 32 45
17 31 46
17 30 46
18 32 45
16 30 47
16 30 47
16 29 46
16 31 45
17 31 44
19 31 44
19 33 44
18 33 44
17 32 44
19 34 45
16 32 44
16 32 41
20 32 42
15 35 45
16 35 47
17 35 48
19 35 49
21 37 49
20 40 46
20 40 46
20 43 46
21 43 45
20 45 43
19 44 43
20 44 44
19 44 43
19 46 43
19 46 44
19 46 45
18 46 45
21 47 46
21 45 46
23 46 47
23 45 48
25 48 47
24 47 47
26 44 47
24 45 47
24 45 46
23 44 45
24 44 45
24 45 46
23 47 46
25 46 46
23 42 46
24 42 45
26 42 44
28 42 43
27 42 43
28 43 43
28 48 46
23 48 49
25 48 57
25 45 53
27 44 47
26 47 48
28 48 50
30 47 49
30 45 49
29 45 48
30 47 47
29 46 47
28 45 47
28 47 47
29 47 47
29 48 46
30 48 46
28 49 47
28 47 46
28 46 47
27 46 47
29 47 47
27 48 46
27 48 44
27 48 45
29 48 45
28 48 46
28 48 44
28 47 45
29 47 45
27 48 47
28 48 46
27 48 45
27 48 45
27 47 46
26 48 45
27 47 44
26 48 45
25 49 45
25 48 43
26 47 45
26 48 45
27 48 44
25 48 45
26 48 44
25 49 44
25 49 45
26 48 44
26 48 44
27 49 44
26 49 45
26 49 45
26 49 45
26 48 45
27 49 45
26 48 44
26 50 44
27 49 44
26 47 43
27 49 44
27 49 44
27 49 43
28 50 44
27 50 44
27 49 44
28 49 44
28 49 44
28 50 45
26 50 44
27 50 44
28 49 44
27 49 44
27 50 44
27 48 44
28 49 44
26 50 44
27 50 43
27 49 44
28 48 44
27 48 44
27 50 43
26 49 44
26 49 44
26 49 43
26 50 44
25 50 44
26 49 43
26 49 44
27 48 43
26 49 44
26 48 44
25 49 44
25 50 43
25 48 45
21 49 47
20 46 46
17 51 50
15 50 49
20 43 47
23 41 47
22 45 46
25 48 43
25 47 46
27 46 44
27 44 44
27 37 46
28 37 45
26 39 45
25 38 46
25 39 45
23 34 45
20 38 44
18 40 45
17 39 44
10 44 53
08 38 59
14 35 44
16 37 42
17 34 42
19 31 43
18 27 44
18 27 46
14 30 44
11 34 43
09 32 40
09 34 40
11 34 40
12 35 40
14 34 39
12 33 39
13 31 39
13 33 40
11 34 37
12 31 36
12 32 36
12 33 34
12 33 33
11 31 33
11 30 32
10 30 32
09 29 31
08 28 29
09 27 29
10 28 30
11 27 30
11 27 29
14 27 29
13 27 28
11 28 27
12 24 25
12 28 23
13 28 22
13 29 23
13 27 24
14 28 25
14 29 26
13 29 26
14 28 27
14 28 26
14 29 26
12 29 28
13 30 27
12 31 27
13 31 28
13 32 28
13 33 28
12 32 30
14 32 30
14 33 30
13 34 30
13 33 31
13 33 31
13 31 31
13 34 33
11 33 32
12 34 33
13 35 33
11 35 34
13 36 34
14 34 35
14 36 34
14 35 34
14 36 34
13 37 33
11 37 35
13 37 35
13 37 36
12 36 36
12 37 36
13 37 36
11 37 35
12 36 36
11 36 37
12 36 37
12 36 37
11 36 37
12 36 36
12 36 36
13 37 36
13 37 35
11 36 35
11 38 36
12 37 35
12 37 35
12 37 35
12 38 34
12 36 36
12 38 36
12 37 36
12 36 36
12 36 37
13 37 37
12 36 36
14 36 36
12 37 36
14 37 36
13 36 37
13 36 35
12 36 37
13 37 36
12 36 37
11 36 36
13 36 36
14 36 36
13 35 36
12 35 35
13 36 36
13 35 36
13 36 36
13 35 36
12 35 36
12 36 35
11 35 36
12 35 37
12 34 36
11 35 36
12 34 36
13 36 36
13 36 36
13 35 36
11 35 36
12 34 35
12 34 35
13 36 35
13 34 36
12 33 35
13 36 37
13 35 36
13 35 36
12 34 36
13 34 37
12 33 36
11 34 37
11 35 35
12 36 36
12 34 35
11 35 37
12 34 36
12 35 35
13 36 36
12 34 35
13 35 35
11 34 35
12 34 36
13 34 35
13 35 35
11 34 36
12 33 36
12 34 36
12 33 36
12 34 36
13 34 36
12 34 34
12 33 35
12 33 36
13 34 35
13 35 35
12 33 36
13 35 35
12 34 36
12 34 35
14 35 35
12 34 36
13 34 37
13 35 35
11 33 36
11 34 36
12 34 36
11 35 35
12 35 35
12 35 34
14 34 36
