25 39 50
25 39 51
26 39 51
24 37 49
25 39 50
25 39 50
25 39 51
25 39 52
26 38 50
26 40 51
27 38 51
25 39 52
26 39 52
30 39 53
29 35 52
29 33 53
29 32 50
27 35 51
26 36 50
24 37 48
22 39 48
22 36 47
21 37 47
18 35 47
18 36 46
16 34 46
15 34 47
14 33 48
16 34 47
17 32 46
17 34 47
18 34 46
21 34 48
19 33 51
18 30 54
19 32 52
20 33 48
19 31 46
19 30 47
19 30 47
20 29 47
19 30 48
20 29 47
18 29 48
16 26 49
16 24 48
17 29 47
18 33 49
20 36 48
21 38 45
23 37 47
23 29 46
20 30 47
17 30 46
15 29 41
15 35 39
13 28 43
09 30 47
10 34 48
11 27 45
12 22 41
13 19 39
13 15 36
15 18 35
15 13 34
17 11 33
18 19 32
20 15 31
21 13 29
24 14 27
24 14 30
25 11 28
25 11 29
27 09 30
30 07 28
29 12 30
31 10 30
35 12 31
37 17 35
37 23 37
43 20 34
44 23 37
46 18 36
47 23 36
46 25 38
46 20 39
45 23 39
43 26 40
44 24 39
42 24 44
40 22 44
41 16 47
38 19 50
38 17 51
38 19 51
37 20 52
39 21 52
38 18 51
39 19 51
36 24 54
37 30 56
40 32 55
40 34 55
41 34 55
40 35 55
40 32 54
41 31 56
40 30 53
43 32 51
43 35 50
42 36 50
41 36 49
41 34 47
40 31 47
39 27 46
37 28 46
35 24 46
33 25 48
35 17 51
37 14 50
35 20 53
36 18 53
36 15 52
37 18 52
35 20 52
35 21 52
35 22 51
37 22 50
35 25 50
36 24 49
38 23 50
39 25 51
40 27 51
41 28 52
40 28 53
42 28 53
40 28 51
41 30 52
42 29 50
42 28 51
44 25 50
46 26 49
48 26 49
49 26 47
51 26 46
51 27 45
52 25 44
54 24 46
54 27 46
49 33 45
46 38 47
45 36 49
42 32 51
42 32 50
41 35 50
42 32 52
40 34 51
37 33 51
33 33 50
33 31 51
34 33 52
35 35 54
35 35 54
37 33 53
36 30 51
35 31 50
33 27 49
28 20 48
28 16 48
27 17 49
28 19 49
26 19 47
25 17 46
26 14 46
24 15 45
23 16 42
23 16 43
24 19 43
26 16 44
24 16 44
25 19 43
25 20 46
25 21 46
22 24 47
23 23 48
22 24 49
22 24 48
21 25 47
21 22 45
22 22 45
20 23 46
20 23 48
20 23 48
21 25 49
21 25 46
20 27 46
20 26 45
21 27 45
20 27 44
18 27 43
16 28 45
17 32 44
15 32 46
15 33 46
17 34 47
16 34 47
16 34 47
18 34 46
20 37 46
18 35 46
19 36 47
19 36 46
20 38 47
20 38 48
19 38 47
19 39 47
18 40 45
19 40 47
18 40 48
16 40 47
15 37 46
16 36 47
16 33 47
16 33 45
15 32 44
18 36 44
19 36 44
20 37 43
21 36 43
20 38 48
18 41 48
18 41 48
18 40 46
19 40 46
18 41 46
19 40 46
19 40 46
19 40 48
19 41 47
19 40 46
21 41 46
20 42 45
19 43 46
20 44 46
21 45 47
19 44 47
19 43 45
20 44 45
19 44 45
19 42 44
19 44 45
19 44 45
19 43 43
19 44 42
17 42 43
18 42 43
17 40 43
17 41 44
18 39 44
20 38 42
17 42 43
18 40 44
18 39 44
17 41 44
18 37 43
17 37 44
16 39 43
17 39 43
17 36 43
16 39 42
16 38 41
16 38 42
16 42 40
14 37 39
11 37 41
12 41 41
12 36 39
12 35 39
15 38 39
15 36 39
12 36 39
11 34 38
12 35 36
13 36 36
11 32 35
12 35 37
12 35 36
12 35 38
13 36 37
12 35 35
12 35 35
13 34 33
11 35 34
12 33 34
12 34 32
11 35 34
13 34 34
13 32 31
12 32 33
13 32 32
14 32 30
13 35 31
11 33 29
11 33 27
11 33 28
11 33 26
10 32 28
12 32 27
11 31 25
09 31 27
08 26 21
09 29 22
09 28 25
10 28 26
10 27 26
10 28 25
12 27 25
13 31 23
13 29 24
14 28 24
14 29 23
13 32 25
13 31 24
15 31 24
13 31 25
14 33 25
13 32 25
13 33 26
14 33 26
14 33 26
14 33 27
14 35 28
14 35 29
13 35 29
14 36 31
13 37 30
13 37 30
13 37 31
11 35 31
11 34 32
12 34 33
12 34 33
11 35 34
13 37 34
13 38 35
13 39 34
13 38 33
14 36 34
12 38 33
12 38 34
14 37 34
13 37 34
13 37 35
13 36 35
12 36 35
11 36 34
11 37 35
12 36 35
12 36 34
11 36 34
12 36 34
10 37 33
11 35 33
12 37 33
13 36 33
11 36 34
12 36 34
12 37 34
12 36 34
13 36 35
12 36 34
11 36 35
12 37 35
11 36 34
12 36 34
13 36 34
12 36 33
13 36 34
11 36 34
13 35 34
12 37 33
12 35 34
12 36 34
13 36 34
12 36 34
12 36 33
12 35 34
11 37 34
11 36 34
11 35 34
11 35 33
11 35 34
12 36 34
13 35 34
12 35 34
11 35 34
12 36 33
11 36 33
11 34 34
11 36 33
12 35 34
12 35 34
11 36 32
12 35 34
11 35 33
11 35 34
11 36 33
12 34 33
13 35 34
13 36 33
11 34 34
12 36 33
12 35 34
11 35 34
10 36 34
13 35 33
12 35 34
11 35 34
12 36 34
12 35 34
11 36 34
11 35 34
12 35 33
13 36 34
12 36 34
12 35 35
13 35 34
12 34 33
11 34 35
12 35 34
12 35 35
12 35 34
12 34 34
11 34 35
12 35 33
12 34 35
12 34 34
12 35 34
12 35 34
12 34 34
12 36 33
13 35 34
13 35 34
12 35 35
12 35 33
