39 23 33
39 23 49
40 24 51
40 24 50
40 21 49
40 22 49
40 23 50
40 24 50
39 25 51
41 24 50
40 23 49
41 24 49
42 22 50
40 25 49
40 25 49
41 26 50
40 27 52
41 27 52
40 26 51
41 26 51
41 26 50
40 26 51
41 25 51
41 25 49
41 26 50
40 24 51
39 24 51
39 22 51
39 23 50
39 23 48
39 24 50
40 23 50
41 24 51
40 24 50
40 23 50
41 22 49
40 23 50
40 24 49
40 24 50
40 24 50
40 23 50
41 24 50
40 23 50
42 22 49
40 22 49
41 23 50
40 23 49
40 23 49
40 24 50
40 24 51
41 22 50
40 22 49
42 22 50
40 21 49
39 23 49
40 23 50
41 23 50
40 23 49
40 24 48
39 23 50
40 23 50
39 23 50
39 24 50
40 23 49
40 22 49
40 22 50
40 23 49
39 23 49
40 23 49
40 23 50
42 23 49
40 22 49
40 22 49
40 22 49
41 23 49
40 23 50
41 23 49
40 22 50
40 21 50
40 24 50
39 24 49
39 22 49
40 22 50
40 23 49
38 21 50
40 23 49
40 24 49
40 23 49
40 23 49
39 24 50
40 23 50
41 24 50
40 23 50
40 23 50
39 23 49
40 23 50
41 23 49
40 23 50
41 23 50
40 23 49
40 23 49
40 25 50
40 24 50
39 24 50
39 23 49
41 22 49
41 24 50
40 24 50
41 24 50
41 24 50
42 25 50
41 24 49
41 24 50
41 23 49
41 24 50
41 23 50
39 24 50
42 25 50
42 24 49
42 25 48
41 25 49
42 24 49
41 25 50
42 23 49
43 24 49
41 25 48
43 24 49
42 24 50
43 23 50
43 24 50
41 24 52
43 23 52
41 25 52
41 25 51
43 26 50
44 25 51
45 25 50
43 25 51
43 26 50
44 27 49
44 26 49
45 26 49
47 24 50
50 23 48
47 25 47
47 24 46
46 25 46
45 23 45
43 22 45
43 22 45
43 23 46
41 24 47
42 22 48
40 27 48
39 29 52
37 30 53
37 30 54
37 32 56
36 35 56
34 37 56
33 37 55
32 37 54
32 36 53
29 33 53
27 32 51
28 31 51
30 30 51
30 28 49
29 30 48
26 31 49
25 31 49
24 31 51
23 27 52
24 28 53
25 24 52
28 22 53
25 21 50
25 21 49
22 23 49
21 23 50
20 23 51
22 23 52
23 23 52
28 24 51
31 25 50
34 26 48
36 24 48
37 24 47
37 23 48
35 24 48
34 24 50
34 22 53
34 22 53
32 25 55
34 24 55
34 24 55
35 24 53
36 23 52
34 27 51
35 26 51
36 25 49
35 24 47
36 24 48
38 24 50
39 25 51
37 24 48
34 24 50
33 26 50
31 26 51
29 24 52
31 24 51
32 25 51
34 24 52
35 26 51
34 28 51
34 28 50
33 29 51
31 30 51
33 30 51
32 30 53
32 31 54
30 31 53
32 32 52
29 32 52
32 32 51
30 32 50
30 33 51
30 34 52
28 34 53
31 33 54
31 34 54
31 36 54
31 36 53
32 36 54
31 35 54
32 34 54
34 35 56
35 34 55
34 35 53
34 35 51
35 35 51
36 34 51
33 39 55
33 39 55
31 39 55
30 38 56
30 40 55
27 40 55
29 39 52
28 39 52
29 40 52
29 39 52
27 39 53
28 40 52
29 38 51
30 39 51
28 39 51
29 37 50
28 38 50
29 35 50
28 34 53
27 35 54
26 35 52
26 35 52
25 37 53
24 37 52
26 36 51
25 37 52
26 36 50
27 37 51
25 38 53
25 37 52
26 36 52
25 37 53
24 37 52
25 37 51
25 38 49
25 39 51
25 40 51
24 39 51
25 39 51
24 40 49
24 39 51
25 40 50
24 39 50
23 39 50
25 39 50
25 39 51
24 38 52
25 38 51
25 38 51
25 39 50
26 39 53
25 39 51
23 39 50
23 37 51
24 36 51
23 37 50
24 37 49
24 38 51
26 39 50
25 38 50
25 38 51
25 38 50
25 37 50
25 38 50
24 39 51
24 38 50
25 39 50
24 38 52
24 39 51
25 39 50
25 39 50
24 39 50
25 38 50
25 38 49
24 37 51
24 37 50
23 38 50
25 38 50
23 40 52
24 39 51
25 39 50
24 39 50
24 37 49
23 38 50
24 38 49
23 39 50
23 37 49
24 38 50
24 38 50
24 39 50
22 37 50
21 37 50
22 36 49
22 35 48
21 37 49
23 36 49
24 38 50
24 37 50
24 38 51
25 38 51
24 38 51
24 38 50
23 39 50
25 39 51
23 39 49
24 36 49
22 37 47
21 40 48
22 39 49
21 37 50
20 38 50
17 39 51
16 36 49
13 38 48
09 38 44
07 41 45
09 40 44
13 39 44
15 39 42
16 39 42
15 38 43
16 40 42
16 40 41
16 38 41
16 38 40
16 40 39
18 38 40
16 39 39
17 39 41
17 39 42
18 39 43
18 39 44
20 38 44
21 37 45
22 37 44
22 37 44
22 38 44
22 39 45
22 39 47
22 40 48
23 40 48
23 41 51
24 39 50
24 39 50
22 39 52
25 38 52
26 40 51
24 37 52
23 38 51
23 38 50
25 39 50
25 39 51
25 37 50
25 37 49
23 38 50
23 39 50
25 39 51
24 38 51
24 37 49
24 37 48
24 37 49
24 38 49
23 37 49
23 37 50
23 38 50
22 38 50
22 38 50
23 38 51
22 38 50
23 39 49
23 38 50
24 38 50
23 39 50
23 39 50
24 37 49
23 38 50
23 39 50
24 38 50
22 37 50
23 37 51
22 38 50
23 38 50
23 37 49
23 38 50
22 39 50
23 37 49
23 38 50
23 38 50
23 38 51
24 38 51
23 39 50
24 37 51
24 39 50
22 37 50
23 39 50
23 38 49
23 40 50
22 39 51
24 38 49
24 39 51
23 39 51
25 39 50
23 39 50
23 38 50
23 40 49
24 38 49
24 38 50
24 37 50
24 39 51
24 40 50
24 39 49
23 38 50
24 39 50
23 39 50
23 39 49
23 37 49
23 39 50
24 40 50
24 40 50
24 38 50
22 38 50
24 38 50
23 38 50
23 38 51
23 38 50
23 38 51
24 38 50
24 38 49
24 38 50
23 38 50
23 38 49
24 38 49
25 39 50
23 39 49
24 39 50
24 39 50
24 39 50
24 40 50
24 38 50
24 39 50
24 39 51
23 39 51
22 39 50
24 37 50
24 38 50
