43 27 50
43 27 50
44 28 51
43 27 50
42 29 50
42 28 50
43 28 50
42 28 50
43 28 50
44 28 51
43 27 50
42 27 50
42 27 50
43 28 49
42 28 50
43 27 50
43 27 49
42 27 50
43 27 50
43 27 50
43 28 50
43 27 49
42 27 51
42 27 51
43 28 51
43 28 50
44 27 50
44 27 50
42 27 50
43 27 51
43 28 50
43 27 50
43 28 50
43 27 51
43 26 49
43 28 50
42 27 50
42 28 50
42 28 50
42 28 50
43 28 50
44 28 50
42 27 50
42 28 50
42 27 50
42 27 49
42 28 50
43 28 50
42 27 51
41 28 50
43 28 51
43 27 49
42 27 50
43 27 51
43 27 49
43 27 49
41 28 50
43 26 50
42 27 50
41 27 50
42 29 51
43 27 49
43 27 49
44 27 50
42 27 51
44 28 51
41 27 49
42 28 51
43 26 51
43 27 50
42 26 49
43 28 50
42 28 50
43 27 51
42 28 51
42 28 51
41 27 50
43 28 50
41 26 50
41 28 49
42 28 50
43 27 50
42 28 51
42 28 50
41 28 51
43 28 51
42 27 51
41 28 50
43 29 50
42 28 50
43 28 50
42 27 50
43 27 50
41 28 50
41 27 50
43 28 51
41 28 51
42 26 50
43 28 49
43 28 50
42 27 51
43 27 50
43 27 50
43 27 50
42 27 49
42 28 50
42 29 50
43 27 49
44 27 51
43 27 50
42 27 51
42 29 50
42 28 50
42 27 51
42 28 49
43 28 50
43 26 51
43 27 50
42 27 49
44 28 51
43 29 49
42 28 50
43 27 49
43 27 50
42 27 51
43 27 49
42 27 50
43 26 51
42 27 50
43 27 51
43 29 50
43 27 50
43 27 51
43 27 50
44 27 49
42 27 50
42 27 50
41 28 51
42 27 50
43 27 51
41 27 51
41 28 51
42 27 50
43 27 51
43 27 51
43 27 51
42 27 50
42 27 49
41 28 50
43 27 50
42 28 50
43 26 50
42 27 51
43 28 50
43 28 50
42 28 50
42 28 50
42 28 50
41 27 50
42 27 50
42 27 50
41 27 50
43 27 51
42 28 50
42 28 51
41 27 50
42 28 50
41 27 50
42 27 51
42 27 50
44 28 50
41 27 51
40 27 50
43 27 50
42 27 50
42 27 50
41 28 50
43 29 51
43 27 50
42 27 50
42 28 50
41 27 50
42 27 51
42 27 50
43 28 51
41 28 51
42 28 51
43 27 50
42 27 49
42 28 50
42 26 51
42 27 51
42 28 50
42 26 50
43 26 51
43 27 49
43 28 49
42 28 49
42 29 50
43 28 50
43 27 50
43 28 51
43 30 50
43 27 49
43 27 49
44 27 49
44 26 49
43 30 48
44 29 49
44 28 48
44 28 50
44 28 48
44 28 52
45 28 51
48 27 49
48 27 49
47 27 50
43 25 51
43 24 50
42 23 50
41 24 49
41 24 49
40 22 49
39 23 49
39 22 48
39 21 48
42 24 48
40 23 48
42 24 50
44 24 50
45 24 51
43 26 53
41 25 51
39 24 48
40 23 47
40 20 45
41 20 43
45 19 41
50 20 39
51 20 42
49 20 41
45 22 38
41 24 37
41 26 38
43 28 40
46 30 44
54 28 47
53 26 51
49 23 50
44 27 49
42 30 52
42 26 50
44 30 49
49 36 49
50 36 52
47 33 52
46 35 51
45 39 52
46 38 51
46 35 50
46 32 47
46 31 50
49 33 50
44 32 48
42 31 48
43 31 47
44 29 48
45 29 48
45 27 49
44 24 49
40 23 50
37 28 48
37 28 45
45 30 44
55 27 44
58 42 48
49 31 50
46 27 49
53 36 49
54 36 46
53 40 45
55 38 47
57 34 48
62 34 45
61 33 47
59 40 50
54 42 49
51 43 48
39 41 50
29 35 49
27 32 48
26 32 46
26 31 48
25 27 46
28 25 45
33 27 46
33 27 48
33 25 49
32 25 49
30 27 52
32 27 53
30 26 55
30 27 53
29 27 53
30 26 52
30 27 51
32 28 51
33 30 50
31 29 50
30 29 51
29 32 51
29 30 53
28 31 52
28 34 52
29 39 53
28 37 54
28 37 54
27 34 53
29 35 52
30 36 51
28 35 50
29 35 50
30 36 51
28 34 55
27 32 54
25 34 54
23 35 56
20 33 56
13 31 54
15 29 54
17 28 53
20 28 51
24 29 51
26 29 48
27 30 45
27 35 45
29 35 46
30 35 47
29 35 49
30 34 53
30 33 54
31 34 56
34 37 54
34 37 54
32 39 56
29 42 54
30 41 56
31 36 55
32 35 53
33 36 51
32 35 51
29 35 49
27 36 49
24 35 50
21 33 51
19 30 52
21 32 53
23 30 53
25 29 53
24 29 53
25 29 52
23 30 52
20 29 51
22 29 49
20 30 49
24 30 49
25 31 50
25 30 51
28 32 52
28 33 52
30 36 53
27 32 52
26 33 51
25 33 52
23 37 51
23 37 52
23 38 52
23 37 53
24 37 52
24 38 53
24 38 51
25 39 51
25 41 50
27 40 48
29 39 47
29 39 48
29 41 49
29 40 48
29 41 49
28 44 50
28 44 50
29 43 50
30 44 49
28 44 49
29 46 49
28 46 49
29 47 49
26 48 49
26 47 49
27 47 49
26 46 48
26 47 48
26 46 47
27 47 47
27 48 46
27 48 45
29 50 46
29 52 46
27 48 46
29 47 46
29 47 46
30 47 46
30 49 46
29 49 46
30 51 46
31 51 46
29 49 44
30 48 45
30 49 46
29 48 47
30 46 45
33 46 46
34 45 45
33 47 46
34 47 48
32 47 49
32 47 48
32 48 49
33 49 49
32 49 48
30 47 48
29 46 49
30 45 48
30 46 47
29 47 47
29 49 46
30 48 46
30 51 46
31 52 47
31 52 47
31 49 47
30 49 46
30 49 47
31 49 48
30 45 46
29 44 46
30 46 46
30 48 47
30 47 46
30 47 44
28 46 43
27 47 42
25 46 43
24 47 43
25 48 41
23 51 43
23 50 43
21 51 42
23 49 42
24 48 43
22 50 44
18 50 45
19 51 45
20 50 45
18 46 47
22 44 50
24 44 50
22 45 43
23 47 39
24 47 39
21 46 38
20 47 41
21 47 43
22 46 41
24 44 37
22 47 37
20 48 39
20 44 41
21 46 42
20 51 41
22 54 38
22 50 37
22 49 35
22 51 33
20 43 34
16 43 41
19 53 42
22 50 40
22 52 36
23 54 39
20 50 33
18 47 33
19 52 32
24 48 35
26 48 32
25 48 34
24 51 34
23 53 34
22 49 34
19 49 35
15 48 35
15 45 35
17 44 31
13 50 30
12 54 33
20 52 34
23 47 35
24 54 34
24 57 33
24 51 33
23 48 35
22 44 35
22 44 38
21 48 38
20 50 39
19 48 40
18 47 40
19 48 40
20 52 36
20 53 35
21 52 34
20 52 31
21 49 34
23 46 33
22 47 32
22 49 33
19 50 33
20 50 33
21 48 32
24 49 32
25 50 32
26 50 31
23 50 29
23 48 31
23 48 32
24 46 31
21 52 32
20 51 30
19 47 32
18 48 33
18 53 33
20 57 31
21 51 29
19 46 32
18 46 31
16 49 32
17 48 30
20 49 30
20 47 33
19 52 34
19 51 36
20 51 32
21 52 32
23 51 27
22 47 29
21 48 28
25 49 29
22 55 32
22 52 34
23 48 33
20 49 32
20 48 32
21 46 32
22 46 31
18 53 29
19 51 31
21 47 33
24 49 34
23 50 33
20 53 33
21 55 34
23 53 36
21 49 38
21 48 39
22 51 38
22 51 40
21 50 43
23 50 41
24 48 42
22 47 44
23 50 43
23 47 43
24 47 44
25 48 43
24 45 43
24 48 44
23 46 44
24 47 42
25 47 43
23 48 42
23 47 44
23 45 44
24 46 44
24 46 43
23 48 44
23 48 44
22 48 44
25 50 44
24 47 44
22 46 44
20 47 44
21 48 43
21 50 42
22 51 42
20 49 42
23 49 41
22 47 41
22 47 41
21 46 41
22 46 41
22 45 43
23 45 42
21 46 42
19 45 43
21 48 43
20 46 43
21 48 43
20 48 43
19 47 42
19 45 41
19 44 40
21 44 40
20 43 40
19 43 39
17 44 39
14 44 41
14 44 42
14 44 41
13 44 42
15 43 41
15 45 41
17 44 39
16 44 39
17 42 39
17 43 40
17 43 40
16 43 41
16 43 42
16 44 41
16 42 41
16 42 42
16 41 42
17 39 41
16 39 41
16 40 42
16 40 40
14 40 42
16 38 42
16 41 41
16 40 41
15 40 40
16 41 41
15 40 41
16 41 41
16 41 41
15 41 41
16 41 41
16 41 41
15 41 42
15 42 41
17 42 42
16 41 41
15 41 41
16 41 42
16 40 41
16 41 42
16 39 41
16 40 41
16 40 41
16 41 41
15 41 42
15 42 41
16 41 41
15 40 41
16 41 41
17 41 40
15 40 41
15 40 41
17 41 42
16 41 42
15 41 42
15 41 42
16 41 41
15 41 41
16 40 41
15 40 41
15 41 41
14 40 42
16 39 41
16 41 40
15 40 41
15 40 42
14 40 42
16 40 41
15 40 40
16 40 41
15 39 41
16 40 41
15 41 41
15 41 40
14 40 41
14 40 41
14 41 42
15 39 41
16 40 42
15 39 42
15 40 40
16 40 41
15 40 41
15 41 42
15 41 41
16 41 42
15 40 40
15 40 41
15 41 41
16 40 41
17 40 41
15 41 41
15 40 41
16 40 40
15 40 42
16 40 41
15 41 41
15 40 41
15 41 41
15 41 42
15 39 41
15 38 42
16 39 41
16 40 41
15 41 41
16 40 40
16 40 42
16 41 41
15 40 41
15 42 42
