33 37 53
33 37 53
35 36 52
34 37 53
35 37 51
34 38 52
33 38 51
34 38 52
35 37 51
33 39 52
33 37 52
33 37 53
34 37 52
34 38 52
34 38 52
34 38 52
34 39 52
35 37 52
33 38 51
34 39 51
34 38 52
35 40 52
35 37 51
34 37 53
35 39 52
34 39 53
33 39 52
34 37 52
33 37 52
33 37 52
33 36 52
33 39 52
34 37 52
34 37 52
33 35 52
35 38 52
34 39 53
34 40 52
36 39 51
36 37 52
38 37 52
38 38 53
36 43 55
25 47 50
30 36 53
33 34 52
35 35 52
33 37 53
34 39 51
32 40 53
35 37 53
36 38 53
34 39 51
34 38 50
36 40 51
35 40 52
37 39 51
36 39 51
35 38 51
34 40 52
35 41 51
34 43 51
36 41 52
34 41 50
35 41 51
35 40 51
36 41 51
34 41 51
35 42 51
35 43 52
34 44 54
33 45 54
36 42 54
36 40 54
37 42 54
37 43 54
37 42 53
36 41 52
38 44 51
38 44 51
39 46 49
40 45 48
39 46 46
38 46 44
40 44 43
38 42 42
37 41 43
38 42 44
38 44 44
38 44 46
39 47 46
40 47 44
40 47 45
40 46 44
40 46 45
41 46 45
40 45 45
40 45 45
39 47 44
40 47 45
39 48 46
38 46 47
39 47 47
39 46 46
37 47 45
39 48 46
39 48 46
38 44 46
40 46 45
37 46 44
38 47 46
39 47 46
39 48 46
37 46 46
38 46 47
39 46 46
39 47 46
39 44 46
39 46 46
39 44 46
40 33 47
44 36 47
41 40 45
40 45 43
40 47 44
41 48 44
41 49 45
42 49 44
42 49 45
42 46 44
42 43 44
43 43 43
42 43 43
43 44 43
44 46 42
43 49 44
43 50 44
42 51 42
43 51 44
43 51 44
43 50 43
42 49 43
42 48 43
42 48 42
41 47 42
42 47 43
42 47 43
41 47 43
41 47 42
42 47 43
42 48 42
42 47 43
41 47 43
41 48 43
40 49 44
42 47 43
41 49 43
41 47 43
42 47 43
41 48 43
41 47 42
41 46 42
42 47 42
42 47 43
41 48 44
43 47 43
42 47 43
41 48 44
40 46 43
42 49 44
42 47 43
41 47 43
41 47 44
42 48 43
40 47 43
42 48 43
40 49 43
42 49 44
41 47 42
42 47 44
41 47 44
41 47 43
41 48 42
41 47 44
42 47 44
40 48 43
41 46 44
41 47 43
41 46 43
41 47 43
42 47 43
42 47 43
42 48 43
42 46 44
41 45 44
42 46 44
42 47 44
41 46 44
42 47 44
41 46 44
41 45 45
41 45 44
41 46 43
41 46 44
41 46 44
41 47 45
42 46 43
41 47 43
42 47 44
42 47 45
42 46 45
43 46 44
41 46 44
43 45 44
42 46 44
41 46 44
42 47 44
41 46 45
42 47 44
41 44 44
41 45 45
42 46 44
42 47 45
42 47 43
41 46 44
41 45 44
42 45 45
42 46 44
41 46 44
42 45 44
42 45 45
43 46 43
42 46 43
42 47 44
41 44 43
42 45 44
42 45 44
41 47 44
41 46 44
42 47 44
43 47 43
42 47 44
43 48 43
43 49 44
42 49 43
40 50 45
41 49 44
40 49 44
40 48 44
40 47 44
42 47 44
41 47 45
41 46 45
40 47 46
40 44 46
40 45 46
41 43 46
43 39 48
42 41 48
41 45 45
41 49 45
41 49 44
41 42 47
41 44 47
40 44 45
41 47 43
42 48 44
45 41 44
43 41 43
43 44 43
43 44 43
46 39 43
46 39 43
47 34 48
49 34 47
49 37 42
49 33 46
48 33 46
47 36 48
46 33 50
47 41 48
46 39 47
46 37 47
44 30 44
38 08 44
38 17 46
41 21 48
41 24 45
42 22 45
42 22 46
42 25 47
44 24 48
45 23 49
44 26 49
46 27 48
45 28 49
46 26 47
43 25 47
42 26 48
40 23 48
44 25 46
49 30 44
53 36 44
56 42 46
54 46 45
53 48 42
49 50 40
46 53 40
44 52 41
40 51 42
39 48 44
37 47 45
36 47 45
36 46 43
36 47 43
38 44 46
38 45 43
41 47 43
40 46 45
40 45 45
40 44 46
40 46 46
39 47 45
39 51 46
39 50 45
39 47 46
38 45 47
40 44 46
42 52 45
41 46 43
43 45 43
42 44 43
42 43 44
44 40 43
44 38 44
46 39 45
47 38 46
45 34 46
46 31 47
44 18 48
44 22 50
45 29 48
45 25 46
43 22 46
44 20 50
43 21 49
43 23 49
43 23 47
43 23 49
42 25 48
42 24 49
42 24 46
42 25 47
45 24 46
44 25 46
43 23 46
44 26 46
43 26 48
42 22 48
43 21 47
41 23 45
43 24 47
43 22 46
43 19 43
38 12 45
38 16 46
42 17 43
42 17 40
42 15 42
40 17 43
43 19 44
43 19 44
40 16 44
45 20 45
45 24 47
44 25 45
48 24 45
48 29 48
47 33 49
44 30 47
43 36 51
47 42 51
49 32 45
51 29 49
51 31 52
54 34 47
55 38 44
51 44 44
47 47 45
44 44 45
43 46 45
41 48 48
38 47 48
38 46 48
38 45 48
36 40 48
38 41 44
40 47 44
41 49 45
42 42 45
41 45 45
43 40 48
44 44 46
43 41 42
44 37 47
47 35 47
46 36 46
44 35 45
44 29 44
44 23 40
43 20 41
43 21 42
42 18 44
40 17 43
41 16 43
41 17 41
42 18 41
44 16 43
45 19 42
45 18 44
46 18 42
45 21 45
48 23 45
49 20 48
46 27 47
49 27 41
52 33 41
55 42 43
53 41 43
53 41 43
50 43 43
47 45 45
42 48 46
42 48 48
40 44 48
41 44 48
40 43 46
41 43 46
41 43 45
43 43 45
44 43 46
44 45 46
43 39 46
41 39 46
41 41 44
44 41 46
44 39 47
45 40 47
42 40 48
42 41 48
44 39 49
46 40 48
44 39 48
44 39 48
45 41 48
44 36 48
45 41 47
43 38 46
44 35 51
44 40 45
44 37 48
44 36 45
46 35 46
42 22 43
43 26 45
44 24 45
42 20 45
42 15 40
39 16 43
43 16 43
41 20 41
42 15 42
42 17 46
44 18 47
45 22 46
45 29 48
47 22 48
45 38 49
43 33 50
46 29 49
46 32 48
46 33 46
45 35 46
46 37 45
51 34 43
51 34 42
50 39 42
51 42 43
53 44 44
50 47 46
50 47 48
48 43 47
46 43 47
42 42 47
41 41 46
41 42 47
42 42 48
46 43 47
51 40 47
51 38 45
52 37 44
50 34 44
49 32 45
48 32 45
46 33 46
44 34 47
43 32 46
41 34 45
40 32 45
43 32 44
44 30 44
48 33 44
51 35 46
50 37 48
50 39 47
50 38 50
52 39 51
50 37 51
50 36 50
49 36 48
51 36 43
50 39 41
49 40 43
49 40 42
46 38 43
46 40 47
46 38 48
45 40 48
43 40 48
39 41 46
42 37 49
41 40 46
41 49 48
40 49 47
43 37 48
43 38 46
40 42 45
43 40 47
43 37 48
44 39 48
42 42 44
42 33 49
45 34 49
46 38 44
45 26 42
42 20 43
42 23 45
43 19 48
43 19 48
43 23 48
43 20 46
44 24 45
42 23 46
39 11 47
38 16 50
40 20 45
41 21 45
40 18 46
40 22 43
41 23 47
42 25 52
42 25 49
44 34 48
44 31 52
44 28 50
46 32 55
47 34 52
51 36 51
50 39 47
56 41 42
53 41 37
52 45 38
50 47 37
48 49 35
46 52 36
43 41 38
40 44 44
40 45 46
39 46 46
39 48 46
40 50 45
39 47 47
39 44 47
39 44 49
39 43 48
39 44 47
40 40 51
39 44 49
40 44 46
41 47 46
40 44 47
40 46 47
42 41 47
42 39 46
42 40 46
43 39 45
42 36 44
43 38 44
45 38 49
48 33 51
49 34 46
49 31 45
46 36 48
44 38 50
43 39 48
45 40 45
44 37 49
45 36 50
45 33 49
44 32 49
43 27 48
42 22 46
41 18 47
42 23 45
41 19 46
43 21 44
42 17 43
41 18 43
43 29 39
39 15 49
39 17 46
41 19 42
40 18 42
40 18 42
43 21 45
43 21 49
48 21 48
49 33 51
52 26 49
52 25 51
57 28 52
61 30 53
61 32 51
60 30 49
56 35 47
49 35 43
45 35 40
39 34 41
36 33 41
35 33 41
33 30 43
30 30 44
31 29 45
32 30 44
36 18 57
38 28 49
39 25 51
40 27 48
40 31 47
37 20 45
39 16 43
38 17 43
35 14 45
35 17 45
35 16 43
35 09 45
37 19 44
38 18 44
39 18 46
39 19 46
38 19 45
38 17 47
41 24 47
42 22 48
45 24 49
49 24 52
43 26 54
49 22 52
53 24 49
57 31 46
55 32 43
55 38 40
54 41 37
51 43 36
48 47 35
42 48 38
38 53 41
36 55 45
33 55 46
33 51 46
33 47 48
35 46 45
36 51 42
37 49 40
39 45 44
39 50 43
41 47 43
42 43 40
42 37 42
43 38 43
43 27 44
44 25 42
41 13 42
39 14 42
40 16 46
40 19 46
39 16 45
42 16 44
40 18 43
42 19 43
40 18 42
41 17 41
43 17 43
50 26 47
45 22 46
50 20 46
52 25 45
57 33 45
55 36 47
52 43 46
49 48 44
46 51 44
43 50 45
44 48 47
42 44 46
41 45 46
41 45 46
39 46 45
42 46 46
41 44 45
47 50 43
43 38 49
41 39 46
42 44 41
42 43 46
43 40 46
46 38 45
44 36 48
44 36 47
45 39 47
44 39 49
46 38 44
46 38 48
44 32 48
45 32 48
39 19 46
40 22 48
39 20 49
40 24 41
42 18 42
37 12 42
37 15 45
39 21 43
40 17 42
40 16 42
41 17 44
41 20 44
42 19 47
43 18 44
45 20 45
46 23 47
48 23 47
55 48 44
36 00 37
40 21 50
45 27 47
45 24 43
45 19 41
44 20 43
47 25 45
50 28 44
53 32 41
54 37 42
52 39 43
50 44 46
49 46 45
48 49 47
46 47 49
43 46 49
43 45 46
43 44 47
41 40 47
42 41 47
43 41 44
45 43 45
43 41 48
44 40 48
44 44 46
44 42 46
44 38 46
44 39 45
45 41 46
44 35 48
45 36 47
41 32 47
45 33 47
44 33 47
45 33 47
44 29 50
46 34 50
45 31 50
45 35 45
42 32 52
43 31 47
40 20 46
40 18 46
41 23 44
40 21 44
40 19 42
37 17 45
40 18 47
39 20 43
41 19 44
42 16 45
42 20 45
40 19 45
43 18 48
42 20 47
42 26 46
43 19 48
45 25 47
44 28 45
44 37 44
43 23 52
44 26 48
45 32 46
48 33 45
47 35 43
48 36 40
50 37 40
52 41 41
53 40 41
52 44 42
53 43 42
53 46 44
50 47 46
47 45 45
43 44 46
39 42 46
40 39 46
39 38 43
41 39 42
42 39 41
44 42 40
48 47 41
50 46 40
49 48 40
49 46 40
49 46 42
48 48 41
48 46 42
46 48 41
44 49 41
45 48 40
43 47 41
44 49 41
44 48 41
44 47 41
44 48 40
44 48 40
45 49 39
45 48 40
44 49 39
43 48 39
43 49 40
44 48 39
43 47 39
44 49 39
44 47 40
43 48 39
44 49 40
44 48 39
44 48 40
44 47 39
43 46 39
42 48 40
43 47 40
43 49 39
42 49 41
43 48 40
44 48 40
44 49 40
44 48 39
44 48 40
42 48 40
43 47 38
44 48 39
43 48 40
43 49 39
43 48 40
43 48 40
43 48 40
43 49 40
42 48 40
43 48 40
44 48 39
44 48 39
44 49 40
44 48 40
44 49 40
43 47 39
44 49 39
43 48 39
43 48 39
43 47 39
44 48 40
43 49 40
43 49 40
44 48 39
43 47 40
43 49 40
42 49 40
43 49 39
43 49 39
44 48 41
43 46 40
43 47 39
44 49 41
44 48 40
42 48 39
44 47 40
43 48 41
43 47 39
42 48 40
43 48 39
44 48 40
42 49 40
41 49 40
41 49 41
43 49 40
42 48 41
43 48 40
43 49 41
43 48 40
43 48 40
44 48 40
42 48 40
43 48 40
42 48 41
44 48 40
43 48 40
43 49 40
43 48 40
44 49 40
45 49 39
44 49 40
44 50 39
43 48 40
43 49 40
42 48 40
43 47 40
44 49 40
43 48 39
43 50 39
45 48 40
47 49 40
46 48 40
45 49 40
45 48 41
46 48 42
45 45 44
45 44 43
44 44 44
45 40 45
45 40 46
46 40 46
46 39 45
46 37 45
47 37 46
49 35 45
49 35 45
46 34 47
47 34 46
49 37 46
52 35 48
48 33 49
46 33 50
45 36 46
51 47 49
43 29 37
40 32 51
45 32 51
46 35 48
48 36 48
45 37 47
45 39 45
46 41 45
41 37 47
41 43 51
33 28 49
32 40 53
35 42 48
37 48 42
38 40 49
40 36 48
39 39 49
38 46 51
37 40 49
37 46 49
37 39 48
34 40 46
30 37 51
30 45 55
32 44 50
33 38 47
36 41 52
39 41 51
40 39 45
39 30 57
37 39 62
39 38 62
42 40 62
49 41 56
47 39 48
48 35 43
44 35 40
43 32 40
44 34 39
42 32 41
44 31 43
45 29 46
42 24 52
46 30 52
43 31 55
46 32 49
45 30 53
43 36 48
43 36 48
42 35 47
39 26 47
32 33 50
30 42 52
32 41 45
35 39 50
37 38 49
36 45 48
36 45 52
35 42 50
33 42 51
32 39 52
31 43 53
32 44 51
34 39 49
33 38 50
33 38 51
36 37 49
39 39 51
41 36 46
38 30 47
36 29 56
39 35 61
44 41 60
49 42 52
52 38 49
52 38 48
51 34 45
50 35 46
48 35 46
47 35 48
46 36 48
46 34 49
47 33 50
48 36 50
47 37 48
42 33 49
41 34 50
42 35 50
44 38 45
44 41 44
41 39 52
41 37 50
42 38 47
39 45 44
37 38 52
34 38 51
32 39 51
36 41 48
37 45 46
37 42 49
37 40 52
37 44 50
38 43 49
36 43 49
36 39 54
36 40 51
36 43 48
34 42 49
32 40 51
33 42 53
34 42 51
33 38 51
35 35 50
34 38 50
33 37 52
37 33 52
38 36 50
37 42 49
42 16 51
37 37 53
39 26 55
39 25 61
41 24 62
44 29 61
46 29 57
49 31 54
48 33 52
47 34 46
47 36 40
44 36 41
43 36 42
40 39 40
40 37 42
37 34 47
35 25 49
36 36 54
36 37 47
40 53 47
39 37 51
41 36 57
37 45 46
38 33 54
37 28 58
37 35 49
37 38 51
35 37 53
36 35 52
36 36 50
35 35 49
34 38 50
32 35 52
32 35 53
35 36 54
35 38 53
36 35 52
34 28 51
32 36 55
32 32 53
35 34 50
36 30 49
36 39 49
37 36 51
40 33 49
39 21 40
36 17 51
36 25 50
39 22 49
40 19 49
37 25 50
40 27 51
41 26 51
41 27 52
42 31 52
43 38 53
42 39 53
44 37 53
44 38 52
42 42 52
42 43 50
42 41 49
43 41 47
42 40 48
42 41 48
41 41 48
41 42 48
43 42 47
41 43 47
43 43 49
42 44 47
42 42 48
41 40 49
41 37 52
40 37 51
39 38 52
38 35 52
38 33 51
39 35 51
38 36 51
38 34 51
37 35 51
39 35 53
35 34 53
34 37 53
33 42 52
35 43 51
33 48 50
32 48 50
34 49 48
34 51 47
34 48 45
34 49 43
34 49 43
32 48 43
33 49 42
32 48 42
32 49 42
31 50 43
31 51 43
30 50 43
31 50 43
31 50 44
30 50 45
31 51 45
29 50 44
31 50 44
31 47 45
31 48 45
31 48 45
31 47 46
30 45 47
31 46 47
30 45 48
31 47 47
31 46 47
30 48 47
31 46 48
30 46 48
30 45 48
29 44 47
29 47 48
31 45 48
29 45 47
31 46 48
30 45 47
31 48 47
30 46 46
31 46 49
31 46 48
31 47 47
29 45 48
30 46 48
30 46 48
30 44 51
30 48 45
32 48 45
30 44 48
30 46 47
31 46 47
31 46 47
30 47 47
31 49 46
30 48 47
30 48 47
31 47 46
30 47 47
27 46 44
29 46 49
29 48 46
28 47 47
28 47 47
28 43 48
28 44 46
28 48 48
28 48 49
29 46 46
30 47 47
28 45 47
29 46 49
29 47 48
29 45 48
28 46 46
29 45 48
28 46 47
27 45 49
27 45 49
29 44 51
30 47 41
32 45 50
29 42 47
30 46 48
29 46 47
30 47 47
30 47 47
31 49 48
31 49 48
32 47 49
30 46 47
30 47 47
30 47 48
30 45 47
30 46 48
30 44 48
31 45 48
31 45 49
31 44 48
32 43 48
33 42 48
34 40 50
36 38 50
35 41 48
35 35 50
36 32 50
35 35 50
