13 41 32
13 41 33
14 42 31
15 42 32
14 42 33
14 42 32
13 42 32
14 43 32
13 42 32
13 42 32
13 43 32
12 42 33
12 40 32
13 39 33
14 40 33
14 40 33
15 40 33
14 39 34
13 39 34
12 39 34
13 39 34
14 40 34
13 40 35
15 41 35
13 41 36
13 41 36
13 39 37
13 41 39
13 40 38
12 39 37
12 40 37
14 40 35
13 38 35
12 39 35
11 39 34
12 38 32
14 40 32
13 40 32
12 39 33
12 40 34
12 40 34
14 40 34
15 39 34
14 40 34
13 40 34
10 41 33
12 42 34
13 40 34
11 41 34
10 39 35
12 39 35
14 39 34
13 40 36
11 37 35
10 39 36
09 42 37
08 43 38
10 50 41
15 54 43
21 53 43
24 50 42
28 48 40
28 47 38
30 46 37
29 44 38
29 45 36
25 47 38
25 45 41
23 46 40
22 46 43
21 45 41
19 46 43
17 40 44
19 44 41
18 43 46
17 44 46
18 40 47
19 40 49
18 40 47
19 41 48
17 39 49
18 40 50
18 39 48
16 39 48
16 39 48
18 37 43
18 46 46
19 39 48
21 42 49
18 41 44
15 39 45
14 44 45
12 45 44
12 47 46
23 48 44
32 48 48
39 48 44
44 51 42
43 47 41
43 49 40
40 51 37
34 52 41
32 51 35
33 53 36
32 50 40
34 50 38
37 54 33
39 52 37
42 51 35
45 54 35
45 50 36
48 49 34
47 53 33
50 52 33
49 54 38
49 55 37
51 54 40
48 46 41
49 58 38
47 49 40
46 47 39
47 47 38
45 46 38
44 38 39
43 42 39
40 41 39
39 42 42
40 43 41
39 43 43
38 39 42
39 44 45
44 42 44
44 33 51
47 33 42
48 39 38
39 14 43
40 21 38
40 22 41
42 21 41
42 28 41
38 19 36
41 11 45
51 15 56
59 14 53
63 15 53
62 19 47
56 19 42
50 22 38
49 29 37
49 37 38
47 37 40
44 37 42
44 41 43
43 40 48
44 36 41
43 39 50
44 36 47
41 34 46
39 26 43
40 27 38
35 19 39
36 21 39
39 28 40
39 20 45
44 18 46
52 28 50
52 19 56
58 14 57
61 14 57
60 17 52
58 20 48
58 24 45
57 29 43
52 32 40
48 35 40
43 40 33
37 48 32
34 43 43
33 44 41
34 43 43
33 33 48
38 45 51
41 40 48
44 34 50
45 38 40
45 29 44
40 21 40
43 24 41
43 24 40
44 22 37
40 19 41
42 17 43
43 20 38
38 09 52
54 24 51
55 13 60
60 28 63
61 22 62
60 19 53
59 25 44
54 30 41
53 34 35
47 35 32
43 39 28
38 41 35
36 38 40
33 40 39
30 37 46
28 39 53
27 40 55
32 30 51
34 46 55
35 35 50
36 38 51
38 45 49
41 25 46
40 26 46
44 38 46
43 26 51
41 20 45
43 17 40
44 23 38
38 22 38
41 09 34
40 05 31
36 04 40
39 24 41
39 10 49
41 12 63
46 17 63
55 14 59
57 16 56
57 26 50
57 29 40
53 33 38
47 36 34
40 42 30
37 38 39
33 36 40
31 36 44
29 32 52
27 34 52
25 29 55
22 14 59
30 34 54
33 30 51
35 29 52
36 31 52
37 38 51
39 27 46
39 22 48
40 26 50
40 21 49
39 27 49
38 28 46
37 28 45
40 11 36
42 09 31
44 19 34
47 25 37
42 21 33
39 11 24
32 01 37
40 22 41
38 21 37
42 12 50
45 14 56
49 04 41
55 09 28
58 21 28
55 25 26
55 38 28
58 39 32
56 46 32
59 53 36
59 53 42
60 55 41
57 50 35
55 49 38
52 45 39
48 46 36
49 37 38
44 27 46
51 51 37
49 31 33
53 43 30
47 43 36
40 39 41
39 47 44
38 45 44
42 47 41
40 44 38
36 44 43
37 46 44
39 52 39
40 49 39
33 50 43
34 49 46
32 42 49
33 52 46
36 39 41
35 52 50
45 62 54
52 63 48
56 58 46
52 58 40
53 50 33
52 42 34
50 39 37
49 38 31
46 33 37
45 36 32
44 52 45
43 31 37
45 42 35
37 44 43
35 43 43
39 44 39
37 48 42
35 45 44
36 47 41
29 37 46
27 51 53
28 49 48
28 41 41
34 56 47
35 62 56
52 63 49
55 62 42
51 56 41
48 47 34
48 41 35
48 40 36
46 40 39
46 35 32
47 53 45
44 43 40
43 42 38
40 45 41
38 47 43
37 48 41
36 47 40
39 48 42
36 46 43
32 46 41
22 31 47
23 56 50
26 47 40
28 47 40
30 62 44
36 62 46
39 59 49
43 62 48
47 60 44
52 55 41
53 48 39
54 46 39
50 44 42
48 40 40
46 35 38
45 35 40
40 39 42
36 36 44
35 39 44
35 41 43
38 38 45
41 41 44
46 34 40
49 25 40
51 27 44
52 15 56
54 10 61
55 09 58
54 14 49
53 17 45
52 21 40
50 27 40
47 31 39
44 35 39
42 38 37
38 42 39
33 40 42
31 41 40
38 26 47
45 38 52
49 31 47
52 15 45
51 00 61
52 02 63
52 10 55
53 21 46
50 28 44
48 29 41
43 33 41
39 38 38
38 43 36
35 35 44
29 28 46
35 37 46
38 20 47
41 23 46
46 27 41
40 19 38
36 02 41
42 07 28
38 06 51
46 12 63
46 04 62
50 08 58
51 14 52
47 19 49
43 24 43
39 29 36
34 31 35
33 29 33
30 32 34
21 19 33
31 36 35
35 20 30
40 19 23
38 07 19
35 07 42
44 26 41
44 01 43
52 09 37
52 12 37
53 15 38
56 22 35
54 34 37
55 39 40
53 49 38
54 62 39
55 60 44
56 59 42
54 58 47
51 59 44
49 49 39
49 41 38
45 37 33
42 35 35
40 34 35
42 37 32
41 31 36
40 35 30
29 44 50
38 47 49
38 29 52
35 39 62
37 48 63
43 46 63
49 48 60
50 45 53
51 40 42
48 36 33
44 34 29
41 32 30
41 30 32
42 30 36
40 21 38
41 55 47
40 51 47
41 40 43
42 48 46
42 51 47
37 43 45
35 41 49
27 40 62
25 36 60
22 48 62
25 46 60
35 58 55
38 59 45
46 58 42
48 53 39
52 42 37
50 40 37
51 35 36
52 30 42
50 30 38
48 32 39
40 26 47
44 37 42
42 37 39
40 42 45
28 30 43
22 37 57
20 42 63
25 45 62
32 44 60
41 46 55
51 48 46
56 44 42
59 38 41
55 41 37
54 38 37
49 34 40
49 34 38
45 16 49
50 50 44
42 39 43
46 45 41
37 37 44
39 50 43
35 45 46
33 38 45
32 47 48
33 45 48
35 40 44
26 39 55
28 43 56
28 44 51
28 40 48
27 57 61
33 62 58
39 62 48
44 59 47
43 56 45
42 47 40
44 42 39
45 40 41
46 35 39
38 28 52
45 44 47
43 46 44
42 43 44
37 43 41
33 41 44
31 46 45
32 47 41
35 41 42
34 47 44
29 39 46
23 46 52
21 54 49
25 43 41
24 43 44
24 54 50
28 62 53
31 56 53
37 59 52
44 59 50
48 53 48
53 51 44
53 48 43
53 45 39
55 36 38
51 35 40
49 32 41
47 30 39
43 28 40
41 31 41
40 32 44
37 30 43
35 35 45
36 35 46
39 33 47
39 31 47
45 30 45
48 31 46
49 16 45
50 11 55
49 07 63
50 05 59
51 10 50
49 15 47
48 18 44
45 23 41
40 24 44
39 28 41
37 29 36
33 35 40
33 35 38
28 14 44
35 32 39
38 20 32
39 14 30
44 22 29
38 15 29
39 05 29
38 00 42
44 32 42
46 01 53
51 11 54
55 10 53
55 10 45
55 15 41
51 20 38
51 27 39
48 32 39
47 38 38
44 44 40
43 50 43
43 47 43
42 47 46
40 47 50
40 42 46
39 35 54
42 39 44
43 36 45
41 27 45
40 24 40
37 19 36
35 18 39
41 22 41
37 21 49
37 09 50
53 26 58
53 10 62
62 10 59
62 14 55
58 16 49
56 18 44
50 22 39
44 27 36
37 29 38
32 29 36
30 28 34
30 29 32
28 26 18
35 22 28
35 10 29
41 21 25
40 09 21
30 00 41
42 37 39
43 02 41
50 13 36
55 15 36
55 14 37
55 15 38
55 26 31
56 32 33
51 43 37
53 46 38
52 53 37
52 59 43
53 58 43
52 59 42
50 54 44
50 53 44
50 48 42
48 45 39
47 39 40
46 35 42
47 36 36
42 28 43
47 43 35
42 43 37
39 37 41
36 46 44
33 47 43
36 48 45
35 48 44
36 47 42
34 37 50
26 27 55
27 45 58
27 46 59
29 51 59
37 56 60
41 58 57
49 58 53
51 54 48
50 50 41
49 43 38
48 39 38
47 34 37
43 33 35
41 32 37
40 36 35
39 35 38
40 30 39
39 23 35
43 50 52
41 39 49
46 43 49
48 47 44
42 31 54
40 38 63
39 40 63
42 39 62
48 40 58
48 39 49
51 41 40
49 37 39
49 37 40
44 37 35
44 33 37
42 34 41
36 28 38
43 54 51
40 51 47
41 42 45
43 39 42
40 50 46
38 44 46
36 47 48
34 51 47
34 34 57
32 57 54
32 53 49
34 38 44
33 53 53
38 52 56
43 57 50
48 57 47
50 55 45
48 50 41
47 44 42
46 43 41
48 42 38
48 41 43
47 40 43
46 40 39
39 32 49
40 44 45
40 46 44
39 42 41
33 46 44
36 45 46
35 47 43
35 45 44
34 47 44
32 30 45
29 56 57
32 47 52
36 41 50
43 52 57
50 62 59
45 59 52
43 55 47
41 50 41
37 44 39
36 43 39
32 44 37
28 27 41
25 48 50
27 54 41
30 34 50
25 50 48
25 48 46
27 47 49
30 58 47
41 61 43
43 58 47
48 58 45
54 54 43
52 54 42
57 50 37
56 42 36
54 36 40
52 35 40
51 31 39
49 30 39
46 24 37
45 23 33
41 19 32
39 18 30
36 21 29
37 18 23
33 00 40
33 18 26
36 19 23
39 15 22
40 03 24
39 16 28
51 24 50
54 13 55
60 15 57
56 11 50
51 14 44
50 19 39
46 21 36
41 24 36
37 24 37
36 27 35
30 20 33
38 30 37
35 17 33
38 14 33
39 06 30
36 11 37
38 31 45
42 19 52
46 24 50
48 23 46
51 21 42
51 27 40
51 31 39
53 34 37
57 35 37
55 39 37
55 41 40
52 37 41
52 42 38
51 42 40
51 41 39
49 45 38
49 44 37
45 44 39
44 46 41
43 47 38
43 50 40
39 47 41
38 48 42
36 52 43
36 50 45
35 50 44
36 51 45
34 51 43
33 51 44
30 52 44
30 52 43
29 49 44
28 49 45
27 51 45
26 54 44
24 48 47
25 47 46
30 47 47
27 47 48
27 45 47
25 44 48
24 46 49
23 46 48
23 45 46
24 42 45
24 46 47
23 46 47
23 44 47
23 45 46
23 48 47
23 44 47
24 44 46
23 46 46
22 45 48
21 47 46
21 47 46
20 47 48
19 46 46
17 45 44
19 48 44
20 47 43
22 46 41
23 45 41
25 46 42
27 44 42
28 42 41
28 42 44
29 45 43
26 45 43
25 46 44
24 49 44
23 50 43
22 49 42
22 48 41
19 46 40
16 48 39
16 49 37
16 47 35
14 47 35
14 47 35
13 47 34
13 45 35
13 45 34
12 44 33
13 43 33
13 43 33
13 43 32
14 41 33
12 41 34
14 41 34
14 41 32
14 41 32
15 41 32
14 42 33
14 42 34
15 43 33
15 42 33
15 42 33
14 43 33
13 43 32
13 43 32
15 45 32
14 42 32
15 42 32
15 42 33
15 43 32
15 43 32
14 42 33
14 42 33
14 42 33
14 41 33
14 43 33
15 43 33
14 41 32
15 42 34
14 43 33
14 42 32
14 43 33
14 42 33
15 42 34
15 42 33
14 42 33
14 42 33
14 42 32
13 41 34
13 42 33
14 42 33
14 42 34
14 42 33
13 41 33
15 41 32
14 42 34
13 41 34
13 42 33
14 42 32
14 42 32
14 42 34
14 42 34
14 42 33
14 41 34
14 42 33
14 41 33
14 43 33
14 41 33
13 43 33
15 42 33
13 42 33
14 43 33
14 43 33
14 41 33
12 42 34
13 43 34
11 43 33
13 46 34
11 47 35
13 48 35
15 50 34
