50 32 44
47 30 44
49 31 44
51 32 45
50 32 45
50 31 44
50 32 44
50 32 45
50 32 44
49 31 45
49 31 44
50 30 45
49 30 45
49 31 44
50 31 44
49 31 45
50 31 44
50 32 43
49 31 44
49 32 44
48 30 45
50 30 44
49 32 44
50 31 45
50 32 44
50 31 43
49 30 44
50 31 44
50 31 44
51 32 46
49 31 44
50 32 44
49 30 45
50 31 43
49 31 44
49 32 44
50 31 44
49 31 44
50 31 44
50 31 43
50 31 45
50 32 44
51 30 45
50 30 44
50 31 44
51 32 45
50 31 44
50 32 43
50 32 45
50 32 44
49 31 44
49 31 44
49 31 44
50 30 44
48 30 44
49 31 44
50 30 45
49 32 45
49 31 44
50 31 46
50 29 44
49 30 45
49 32 45
49 34 46
49 36 44
51 37 44
51 37 42
50 36 42
50 37 43
49 37 45
48 36 45
49 33 44
48 35 42
49 35 41
48 33 41
47 37 42
47 39 44
48 41 44
45 41 44
44 47 44
42 51 47
41 48 47
39 48 48
38 47 49
38 46 48
37 43 49
33 45 52
33 42 52
33 40 52
33 41 51
32 40 51
32 39 50
33 38 51
31 35 55
31 42 53
32 40 52
31 41 52
31 40 50
32 44 50
30 49 48
31 48 49
29 46 50
28 46 47
28 51 49
29 52 50
30 48 47
28 50 46
27 53 48
26 50 49
28 52 49
32 55 48
33 54 49
34 51 50
37 52 49
36 50 49
40 46 46
40 43 47
40 41 46
40 42 45
40 40 45
39 37 49
40 30 47
41 27 47
40 27 45
40 27 46
39 26 45
38 21 43
39 21 43
40 24 43
40 18 40
40 26 43
42 25 46
42 28 48
43 28 49
42 27 50
42 27 48
42 27 49
42 30 52
41 31 49
42 30 49
41 28 48
41 28 48
41 26 47
42 26 46
48 22 46
51 24 45
51 20 45
53 24 46
53 27 46
51 29 46
48 36 49
47 34 49
43 35 51
41 41 51
36 42 49
35 46 52
34 42 53
37 38 51
37 38 46
41 28 47
42 33 47
43 28 49
43 28 49
45 30 51
46 29 52
45 26 51
45 26 49
44 23 48
45 22 47
47 20 45
48 18 45
50 19 48
53 22 50
51 25 49
49 27 48
48 26 45
43 26 41
42 25 38
39 26 39
41 28 36
37 23 38
36 16 43
41 21 40
41 12 41
42 19 39
43 16 43
44 15 43
42 18 44
43 19 46
44 18 48
44 18 48
44 20 51
46 20 55
46 21 55
47 22 55
43 21 54
43 22 50
43 38 58
44 30 56
44 34 53
45 35 50
46 37 47
44 35 46
42 36 45
40 35 45
38 33 46
38 23 41
30 30 51
32 37 50
31 32 52
30 29 52
29 30 51
29 30 55
30 27 55
32 27 54
34 26 51
34 27 52
36 28 54
34 26 53
32 26 54
33 30 56
33 31 54
35 37 53
35 27 53
35 32 52
35 30 53
37 22 52
37 25 52
39 24 53
40 23 51
42 21 51
41 21 50
39 19 47
38 14 43
37 16 44
36 16 44
36 15 43
38 17 44
37 17 43
38 14 44
37 14 44
36 14 42
36 14 42
36 17 42
36 18 43
37 19 45
35 19 46
35 19 46
37 17 44
39 18 44
39 19 49
39 18 50
39 17 47
38 24 51
37 17 55
39 19 49
37 24 50
36 28 51
38 28 51
37 35 48
35 32 50
34 32 52
33 35 53
31 34 53
31 32 55
33 30 56
33 33 53
33 32 52
34 34 55
32 37 55
37 39 58
42 23 55
41 23 54
43 27 52
42 20 48
44 15 44
43 14 41
42 16 39
40 14 40
39 14 38
39 13 36
38 12 37
39 18 39
39 16 40
38 16 41
39 19 43
38 18 44
39 18 43
40 21 45
39 19 47
41 15 49
42 19 51
42 23 49
40 29 46
42 26 51
42 24 50
41 29 53
41 29 50
37 33 50
38 33 52
37 28 50
36 30 48
34 32 49
33 30 51
34 26 52
34 18 52
35 22 51
36 23 53
40 21 50
40 15 47
43 12 43
39 12 43
40 11 40
40 09 37
39 10 35
38 12 35
39 14 33
38 11 34
39 12 36
41 14 37
40 16 38
41 10 39
39 11 43
41 25 46
42 27 47
40 27 44
41 29 49
42 25 49
41 27 52
40 28 51
39 30 50
42 29 50
42 28 48
41 30 49
41 29 49
39 29 53
39 33 53
37 30 55
37 37 54
36 40 55
36 40 55
39 41 55
39 43 55
40 37 53
38 41 53
38 38 52
39 34 51
38 30 49
41 28 47
40 33 49
40 28 46
40 25 46
39 24 45
35 10 49
40 27 42
42 28 44
42 18 42
42 17 37
41 13 36
40 14 36
41 14 30
36 05 39
40 24 41
43 14 43
45 13 46
48 13 51
51 14 52
54 15 52
53 17 51
50 20 50
46 21 47
45 22 44
43 26 42
41 26 39
37 25 37
36 25 38
35 23 37
32 04 41
41 35 38
38 15 39
43 21 33
42 14 29
42 11 30
42 11 31
40 08 38
40 13 36
44 16 42
42 16 43
42 15 44
44 15 44
45 17 45
51 18 47
55 20 53
58 23 56
57 27 52
50 27 46
49 29 44
46 31 44
46 30 43
44 30 43
42 29 42
41 29 42
40 28 42
39 23 43
40 23 44
40 24 44
40 23 43
41 22 43
43 21 43
43 21 46
44 17 47
46 19 53
45 17 55
46 19 58
45 21 57
44 21 54
43 30 60
42 25 58
45 34 52
45 39 55
42 40 53
40 38 48
42 38 45
39 37 45
38 33 43
37 35 44
36 37 43
35 36 44
29 27 46
28 34 53
32 38 55
34 35 53
36 37 53
37 35 52
36 34 53
35 35 55
34 36 54
39 34 52
38 34 51
39 34 48
38 35 52
39 37 52
39 40 54
40 41 51
42 40 50
42 39 51
41 40 51
41 40 50
39 42 50
39 40 50
40 41 51
40 39 50
40 37 50
41 39 50
39 42 49
38 43 48
41 44 46
38 41 46
39 43 46
37 45 45
37 47 43
37 48 43
35 49 44
37 50 44
35 51 43
37 50 43
37 53 43
37 53 42
36 51 42
34 49 43
33 52 42
31 55 41
31 52 43
30 49 43
31 54 44
29 53 44
30 51 42
29 52 43
28 51 42
28 50 42
29 51 41
28 49 42
28 50 41
28 52 41
29 49 41
27 51 41
28 52 41
28 51 41
28 51 41
30 53 44
30 52 42
31 49 46
30 47 45
29 43 47
29 47 49
28 43 48
28 45 48
27 44 49
27 46 48
27 52 49
27 50 49
30 53 47
35 52 46
38 51 44
39 52 45
41 48 44
42 45 43
43 46 44
46 42 42
49 37 43
48 36 43
47 31 41
50 29 39
51 32 40
48 33 44
52 35 44
50 38 42
48 32 44
49 40 49
49 38 46
49 31 45
49 31 45
47 34 44
49 37 42
47 39 48
47 39 48
47 38 46
46 36 48
49 38 50
49 35 45
49 37 46
48 37 44
48 35 46
48 36 45
48 37 45
49 36 47
50 36 45
48 36 45
49 36 45
48 36 45
49 34 44
51 37 44
49 36 45
49 35 44
49 36 46
48 36 46
48 35 45
49 36 46
48 36 45
48 35 44
49 35 44
51 37 45
49 35 46
49 36 45
50 37 45
49 35 46
47 36 45
47 36 45
49 35 45
49 36 46
48 36 45
49 35 45
49 36 44
50 35 45
51 36 45
49 36 45
49 35 45
49 36 45
48 36 44
48 36 44
48 36 45
49 36 48
49 35 46
49 36 44
49 37 43
49 36 44
49 35 45
50 35 45
49 36 44
50 36 44
50 36 45
50 35 45
48 36 44
50 36 45
