12 38 36
12 38 36
12 38 36
29 12 38
12 39 36
11 39 37
11 38 37
12 38 36
13 37 36
13 39 35
13 39 35
13 38 35
14 38 35
13 38 35
13 37 35
14 37 35
13 37 35
12 37 34
12 38 36
11 38 35
12 39 35
12 38 35
13 38 35
13 38 36
13 37 35
13 37 35
12 37 36
13 38 35
13 38 35
13 37 36
12 38 35
13 38 36
11 38 34
12 37 35
12 38 35
13 37 35
13 38 36
12 39 37
11 38 35
13 37 36
11 37 36
12 37 36
12 37 34
12 37 35
12 39 35
13 38 35
12 38 35
11 37 35
12 38 35
11 37 36
12 37 36
12 37 36
12 38 35
12 36 34
13 37 35
12 37 34
14 37 34
12 37 35
12 38 36
12 37 35
12 38 36
12 39 36
10 39 38
11 38 37
11 41 38
12 44 39
11 44 42
12 48 40
13 50 39
15 50 39
19 50 38
23 50 37
23 49 38
24 48 35
25 50 35
27 48 34
25 48 35
26 48 35
27 46 36
26 45 36
25 50 35
25 50 35
26 52 34
26 51 33
25 56 32
27 53 32
26 51 31
27 51 32
27 51 31
27 52 31
26 53 29
25 57 33
26 51 32
25 53 31
25 54 31
28 47 37
26 56 31
29 54 30
31 51 29
30 62 31
31 61 30
33 58 27
35 56 31
37 55 32
37 48 32
33 53 31
35 45 32
35 44 27
35 45 35
33 49 33
35 50 32
35 59 33
37 57 32
35 54 31
36 57 32
37 55 33
37 55 32
38 56 32
36 55 32
37 53 32
36 54 33
39 53 34
38 49 33
38 54 31
38 53 33
39 52 37
41 49 38
40 49 34
41 54 37
41 53 39
43 54 38
44 52 39
43 52 40
46 52 38
45 54 36
45 55 38
47 52 38
47 50 37
47 49 36
47 45 36
45 42 36
44 45 39
44 40 39
41 43 36
41 42 38
41 41 42
39 42 40
40 46 43
40 42 45
41 42 43
43 35 51
42 41 44
45 34 45
45 34 45
45 34 43
46 30 42
45 22 43
51 29 47
56 18 54
62 17 49
63 21 47
62 22 40
58 30 38
53 33 35
49 34 33
45 37 35
40 40 41
38 42 46
35 43 45
34 41 47
38 37 55
40 35 44
44 31 42
46 41 42
47 31 44
50 13 47
50 16 52
57 19 61
61 17 54
62 23 49
59 24 46
57 26 40
55 28 31
51 32 28
48 32 32
43 34 34
39 36 36
35 35 44
27 40 44
33 31 61
37 36 43
45 21 47
47 30 40
49 25 33
44 13 37
42 14 40
46 21 38
48 00 46
51 26 49
60 09 57
62 15 56
63 16 50
62 19 46
58 24 41
56 26 39
50 32 35
43 33 35
34 32 30
27 34 31
27 29 36
36 09 58
40 21 40
45 13 35
45 24 33
48 26 29
47 09 31
41 00 32
42 11 34
50 15 48
58 16 60
62 20 60
59 20 54
54 20 48
51 24 42
51 29 38
49 31 33
42 30 32
36 31 31
32 31 36
28 31 31
30 19 33
42 05 38
46 30 35
42 12 27
37 00 26
42 07 28
41 44 37
49 08 59
58 12 63
61 09 60
58 15 54
56 22 50
50 26 42
48 28 38
39 28 38
33 30 34
31 30 33
26 33 27
30 21 34
41 11 35
40 25 26
39 20 26
41 00 26
37 13 26
34 32 26
43 22 42
50 15 51
55 11 50
58 12 42
57 22 46
55 21 35
56 26 34
54 36 39
51 35 39
49 46 38
47 46 41
45 51 42
44 53 39
41 50 46
38 51 45
38 50 45
41 45 48
38 45 40
41 40 48
43 40 44
45 37 47
45 33 41
45 26 36
42 21 37
41 18 40
43 24 36
45 22 33
48 01 47
44 34 42
46 23 42
58 20 49
62 25 57
63 24 53
62 22 45
60 24 39
55 27 34
53 36 32
50 36 35
47 40 35
43 41 42
41 44 43
40 43 44
40 46 56
43 38 47
43 36 43
41 20 41
41 28 36
39 16 40
42 22 38
44 26 38
44 24 40
46 11 48
50 21 42
46 26 43
49 22 45
55 28 47
60 25 47
62 21 45
60 22 42
57 30 41
60 37 36
60 44 38
59 43 41
59 46 40
57 43 38
57 41 39
54 39 42
49 39 44
45 37 45
39 33 41
37 31 38
36 31 36
34 29 32
37 22 39
38 22 35
41 21 36
41 21 38
46 19 37
46 06 39
42 10 48
54 26 55
54 10 60
62 13 62
62 15 56
61 17 47
56 24 43
50 29 38
45 30 34
38 32 31
30 32 33
29 34 39
26 25 28
35 24 34
39 17 33
43 21 31
43 23 17
44 00 27
37 01 26
42 45 48
51 00 43
56 22 38
57 15 40
58 20 38
57 26 26
56 35 25
51 43 27
50 52 28
48 53 38
49 61 44
50 59 43
51 56 45
49 61 46
50 55 45
47 52 41
48 50 39
46 43 37
46 42 35
44 38 32
45 33 31
41 35 22
40 51 46
38 35 40
42 35 35
38 38 43
32 31 47
30 22 50
22 22 62
25 40 63
36 43 63
45 53 62
50 56 56
54 46 46
54 42 41
50 40 32
49 37 31
46 38 30
44 39 32
40 00 46
39 43 41
39 43 40
42 44 37
33 29 49
28 36 63
25 33 63
34 36 63
42 49 63
46 47 58
50 51 48
50 43 42
47 40 35
44 34 31
42 35 30
41 33 32
40 01 53
37 39 45
40 40 42
42 41 39
42 43 45
36 42 57
31 42 63
36 46 63
42 41 63
48 43 60
48 46 50
50 50 39
49 47 36
46 43 33
44 42 33
43 35 34
42 36 36
39 38 37
38 40 35
41 26 46
33 40 46
38 37 46
38 42 45
37 57 43
39 48 44
33 28 31
31 58 60
37 44 55
35 41 51
38 53 62
43 57 63
44 63 55
47 61 49
47 59 45
47 52 37
42 43 32
42 37 35
42 34 30
41 36 32
36 33 17
37 55 41
40 38 45
40 43 44
41 45 41
42 52 47
41 53 51
38 39 43
30 07 60
27 58 61
31 33 50
25 53 56
32 55 62
39 61 58
39 62 51
48 61 42
47 52 42
46 45 38
48 43 35
47 37 34
47 35 35
45 35 36
45 27 31
43 53 46
43 43 44
42 35 41
40 48 47
41 42 43
41 35 42
37 47 47
27 37 44
27 40 59
32 40 53
28 14 26
28 63 63
28 45 59
29 38 47
26 47 53
33 54 59
38 57 55
44 58 48
48 53 44
50 48 41
49 42 36
49 40 34
50 33 36
49 31 35
47 35 37
46 25 39
44 54 49
42 42 45
42 39 44
39 44 45
37 42 48
38 43 48
39 47 46
38 45 48
36 42 44
34 43 48
33 46 49
32 52 45
30 23 52
30 43 54
30 40 47
28 35 44
21 55 62
26 49 63
34 53 58
41 58 54
44 50 52
45 50 43
46 44 38
43 43 42
44 39 42
44 40 39
43 41 33
43 49 49
42 45 46
41 44 47
40 47 45
38 43 42
36 43 43
34 43 45
32 43 43
35 45 46
34 46 46
37 44 49
35 48 50
31 43 50
29 43 57
29 42 51
32 36 42
33 41 45
30 38 43
24 57 63
28 50 63
35 56 61
39 59 59
41 57 53
42 54 44
43 50 40
42 46 39
41 42 36
38 37 36
34 37 36
31 36 33
30 28 45
33 43 47
36 46 45
39 44 45
38 53 48
38 46 49
34 48 46
27 27 50
28 52 57
24 47 47
24 48 43
22 53 48
24 61 54
27 61 51
30 56 49
34 59 49
40 58 44
44 55 38
49 54 36
52 50 37
53 44 39
54 39 38
55 36 36
54 35 38
49 30 36
50 28 38
45 27 37
40 24 33
39 24 29
35 23 24
37 09 31
40 15 24
43 18 22
45 25 27
44 25 26
42 14 27
42 04 26
38 04 28
39 31 34
49 09 48
57 18 57
59 14 54
61 17 49
57 24 44
55 27 39
51 27 37
46 27 36
41 26 36
37 26 36
32 27 32
36 23 42
37 18 35
36 21 31
43 18 31
42 04 31
42 15 43
46 21 45
51 06 47
55 21 51
60 18 44
59 21 40
58 30 40
53 30 39
51 37 40
48 36 41
49 36 42
48 42 45
45 45 48
44 42 50
44 42 48
42 42 56
42 40 45
42 34 44
41 34 44
38 23 42
40 25 36
41 14 37
40 21 37
43 21 36
47 24 35
46 12 46
44 21 45
51 20 47
47 20 46
49 24 44
50 19 45
53 22 45
55 24 41
56 25 39
57 29 36
56 33 34
56 38 34
53 41 35
52 48 37
51 50 37
49 49 42
49 49 42
48 48 43
47 46 43
46 46 42
45 45 42
46 44 41
45 44 40
44 30 40
44 44 42
45 43 44
43 41 44
46 46 40
41 41 42
38 42 49
39 47 49
40 44 48
42 47 47
41 47 46
44 41 46
42 42 45
41 41 46
41 42 48
41 41 49
41 42 50
41 42 48
39 40 48
39 47 51
37 45 44
35 15 50
35 36 53
38 37 50
38 30 35
33 07 56
33 50 55
33 31 51
33 28 46
31 33 48
33 38 51
36 40 51
35 39 49
36 40 53
37 40 53
40 45 54
42 43 56
40 38 53
39 42 53
39 47 52
38 43 49
35 45 49
35 49 50
35 43 49
33 44 48
32 50 50
31 44 49
30 43 47
28 46 49
26 43 48
24 44 50
23 45 50
23 42 49
22 41 50
21 42 49
21 41 50
22 39 48
22 40 50
23 42 48
23 39 48
23 40 49
23 40 51
23 40 50
22 40 50
24 40 50
23 42 50
22 42 49
20 41 49
18 43 47
18 43 47
20 44 46
20 43 47
23 42 45
25 40 45
28 39 45
29 37 44
30 38 42
31 40 45
29 40 45
28 41 47
26 44 48
23 44 46
23 43 47
21 49 49
17 45 44
15 46 42
17 46 44
17 44 41
14 44 40
13 44 41
10 44 39
10 43 40
10 43 38
11 41 37
09 39 35
11 37 36
12 39 34
12 39 35
14 40 35
13 39 35
13 39 35
14 39 35
14 39 35
12 39 36
13 38 35
12 39 35
13 39 35
12 39 35
13 39 35
13 38 35
14 38 37
13 37 37
12 38 36
12 36 36
13 38 35
13 38 35
13 38 35
14 38 35
13 39 35
12 38 36
13 39 35
13 38 35
13 38 37
12 39 35
14 38 35
13 39 35
12 38 35
11 39 36
10 38 36
12 39 36
13 38 37
14 39 36
14 38 35
12 39 36
13 39 35
14 38 36
13 39 35
12 38 35
12 38 34
11 38 36
12 39 35
12 39 35
13 37 35
13 37 36
13 38 35
13 37 36
13 38 36
12 39 36
13 38 35
12 38 36
12 37 36
13 39 36
13 39 37
11 38 35
12 39 36
13 38 36
12 38 36
13 39 36
13 38 37
12 39 36
12 39 36
13 37 35
12 38 35
13 39 35
13 37 35
12 38 35
13 37 35
14 37 35
13 37 35
13 37 35
12 38 36
13 37 36
12 37 36
13 37 34
12 38 36
14 37 35
13 38 35
