27 48 44
27 50 44
27 48 45
26 49 45
27 49 45
27 49 43
27 48 45
27 48 44
26 49 45
28 47 46
28 48 46
28 47 45
27 48 45
27 46 47
27 46 46
28 47 46
27 47 46
26 47 46
26 47 47
28 46 46
27 46 47
27 47 47
27 47 47
28 46 46
27 47 46
28 47 47
27 46 46
28 44 47
27 46 47
27 48 47
28 46 46
27 48 46
28 48 48
28 47 47
27 46 47
29 45 46
28 46 47
28 45 48
27 47 47
27 48 47
28 48 47
28 47 47
29 47 47
27 47 46
27 48 46
28 47 46
27 48 46
27 47 46
26 46 47
26 46 47
26 46 47
27 45 48
26 45 49
27 45 49
28 45 49
27 45 49
29 45 50
29 47 49
32 47 47
30 47 46
30 45 46
30 47 45
28 49 45
28 48 44
27 50 43
27 52 43
27 51 42
26 52 43
22 55 41
28 38 47
29 50 42
31 55 41
31 50 41
31 51 40
30 51 39
30 53 38
29 54 42
29 49 43
28 48 44
27 52 42
26 48 50
28 43 49
23 44 48
23 54 47
23 59 43
23 62 45
23 52 47
26 60 48
28 61 45
31 51 45
34 49 43
37 48 44
40 42 46
42 37 47
43 36 45
44 31 43
46 28 44
44 26 39
45 26 39
45 24 38
43 25 35
47 22 27
43 32 37
39 25 41
42 24 47
42 29 49
44 26 50
43 23 50
42 25 53
43 25 54
43 24 53
44 24 50
44 24 49
41 25 53
43 21 53
41 25 51
38 20 55
42 35 62
42 34 53
43 33 50
42 37 47
45 33 43
44 26 41
44 22 38
45 21 38
49 20 31
45 25 38
42 18 42
41 20 47
41 27 47
39 20 48
40 19 49
41 21 50
38 21 55
38 19 59
39 23 56
41 27 50
41 21 48
40 31 59
37 40 56
39 38 51
44 33 48
43 32 42
46 15 38
46 10 36
45 12 36
45 08 38
40 24 43
40 24 42
38 24 43
38 20 49
39 17 49
38 18 48
40 20 45
36 19 49
36 15 52
34 17 57
34 19 51
32 19 54
31 34 58
34 36 57
35 35 53
39 34 49
39 24 44
41 19 37
43 09 33
45 11 26
42 07 36
40 12 44
41 24 51
37 22 48
38 15 47
38 18 45
38 21 40
34 22 42
30 18 49
29 14 50
28 11 55
28 24 62
31 30 61
36 32 57
38 34 54
40 21 50
40 20 41
39 22 37
43 11 28
52 06 20
38 26 34
39 07 39
37 24 44
38 17 43
39 14 44
37 19 42
38 20 42
33 17 48
28 22 57
29 16 56
31 27 61
32 43 63
36 40 58
36 34 55
39 28 49
42 18 42
43 12 39
38 20 31
40 07 34
41 08 31
36 00 42
36 37 39
30 14 44
33 15 47
32 25 48
37 22 47
36 26 50
36 21 51
36 17 54
36 17 52
35 20 56
34 24 56
37 20 56
35 30 62
38 35 58
39 33 53
40 31 50
41 21 42
41 22 36
41 10 35
41 13 33
38 00 42
40 24 40
36 15 46
36 25 48
37 22 50
38 20 51
36 18 51
36 17 53
37 19 54
35 26 54
37 16 54
35 27 60
37 37 55
40 37 50
40 29 46
41 23 41
41 20 35
43 12 31
42 12 29
40 04 42
40 28 40
37 19 45
38 15 47
36 20 47
36 18 51
36 13 53
38 17 54
39 24 52
39 20 56
38 28 58
39 34 57
41 37 50
42 31 47
43 32 45
41 25 42
41 20 39
39 19 38
37 17 36
30 07 33
36 13 43
38 13 48
39 18 47
39 15 44
39 25 43
37 18 48
35 00 48
39 16 44
41 08 46
40 16 49
41 19 46
43 15 42
41 18 38
40 24 40
39 19 40
38 24 37
27 29 33
32 32 42
38 18 42
42 10 40
39 18 40
40 22 43
40 13 41
40 02 40
37 05 42
39 18 43
42 10 43
39 16 44
38 19 45
42 14 40
40 18 36
38 22 38
37 22 39
35 20 40
33 34 43
40 07 34
41 16 34
40 24 35
43 19 38
40 22 36
39 08 36
41 01 40
39 08 39
40 09 42
41 11 41
40 14 37
42 10 35
40 15 33
38 23 35
37 20 36
41 20 40
41 00 52
42 10 41
44 20 32
42 08 32
42 16 32
43 21 32
44 12 31
45 10 27
47 06 32
43 21 45
44 13 47
45 11 40
44 15 39
42 15 39
40 13 38
42 20 36
40 22 33
34 00 52
37 18 46
40 13 34
42 20 34
43 13 37
42 06 40
42 02 44
40 18 42
42 17 45
45 12 44
44 16 44
43 16 45
43 12 42
42 18 37
41 21 38
37 25 43
38 27 43
33 21 45
38 05 46
37 14 45
37 22 40
41 14 38
39 04 44
39 05 47
41 15 45
45 06 47
43 14 48
43 17 51
44 15 46
43 18 43
41 24 43
40 29 43
40 27 46
38 29 45
37 28 45
34 01 47
36 30 47
43 08 47
42 29 47
42 21 46
42 22 49
41 22 54
40 21 54
40 20 54
40 23 57
37 24 57
41 27 56
41 22 53
39 33 54
41 36 51
42 27 46
43 26 42
44 18 35
48 13 29
54 07 20
43 28 38
39 16 43
40 23 47
36 19 54
39 21 52
41 18 50
43 17 48
43 18 48
42 14 53
41 15 53
43 26 50
44 31 48
42 29 48
41 29 48
39 41 49
42 29 49
42 25 43
44 13 37
45 09 29
44 08 26
48 09 24
38 30 38
38 18 45
39 22 48
38 18 51
39 20 50
40 21 47
39 23 48
41 23 48
39 19 47
38 19 52
35 20 57
35 21 56
35 27 57
37 28 57
36 32 57
39 34 55
40 35 53
42 24 47
43 20 42
44 16 37
43 16 37
42 14 36
40 20 35
39 00 44
43 33 44
41 17 46
41 21 50
41 19 49
40 19 49
42 20 48
39 21 45
40 21 50
38 21 49
40 29 44
40 24 48
41 29 46
39 28 45
38 27 48
40 26 49
38 25 50
38 28 52
38 30 54
37 34 53
36 36 53
35 37 50
35 42 49
34 50 51
36 45 50
35 45 52
35 49 51
34 50 48
33 53 45
33 50 46
33 45 44
31 47 46
30 47 49
30 48 49
27 50 48
28 51 47
26 49 47
27 48 43
27 51 44
24 49 44
24 49 44
26 50 45
25 48 44
27 50 45
25 50 47
29 43 41
29 50 46
28 46 48
29 41 51
29 47 50
31 45 48
28 41 48
26 43 55
23 40 53
18 43 52
14 45 51
18 44 50
21 40 50
26 36 49
27 39 48
30 41 48
29 44 47
28 45 47
30 45 48
33 44 49
34 43 50
33 41 53
35 38 51
35 37 50
35 37 50
33 39 51
33 45 58
30 54 56
31 46 45
29 47 43
29 46 45
27 48 43
29 50 44
29 46 46
29 44 50
27 43 50
27 41 53
26 37 51
28 42 50
28 40 49
29 44 48
28 45 47
28 44 50
26 42 49
26 41 51
26 43 50
26 44 48
25 45 48
23 45 47
24 45 46
24 45 47
24 45 46
25 46 47
26 46 47
26 46 46
26 45 46
27 46 47
26 47 47
25 47 47
26 45 46
26 48 46
26 47 45
26 47 46
25 46 47
26 47 46
27 47 46
25 46 45
25 46 46
26 45 47
24 45 47
24 46 46
25 45 46
26 47 46
24 46 46
25 45 47
26 47 46
24 46 47
24 46 46
26 47 45
24 46 46
25 47 47
26 46 45
25 46 47
25 47 46
24 47 47
24 46 45
25 45 46
25 47 45
25 47 46
25 45 46
26 45 46
25 45 47
