29 46 48
29 45 47
29 45 48
28 45 47
29 46 48
28 46 47
29 46 47
29 47 47
29 46 47
29 45 48
29 46 47
30 46 47
28 46 48
29 45 48
28 46 48
29 46 48
30 44 48
29 44 48
28 46 49
29 46 48
29 45 48
30 45 47
28 45 48
30 46 47
28 45 48
27 47 48
29 45 47
29 45 47
28 45 48
30 45 49
29 47 48
29 46 48
30 46 47
28 46 48
28 46 48
30 46 48
28 44 47
29 45 47
30 46 48
29 46 48
29 46 48
29 47 47
29 46 49
30 44 49
31 44 50
28 45 49
28 44 49
30 41 50
29 40 49
28 42 49
28 42 48
26 42 49
25 42 50
27 43 50
24 47 49
23 46 48
20 44 49
28 46 50
26 42 51
25 41 48
27 38 47
24 38 46
24 40 46
22 38 47
22 43 47
23 43 46
22 44 47
22 47 47
22 47 46
20 52 46
24 46 44
25 50 42
24 50 41
23 52 43
25 51 43
26 49 42
27 51 42
28 52 40
28 54 38
30 49 41
31 48 40
31 48 43
29 50 45
29 45 47
28 45 49
29 46 48
26 45 48
26 42 47
25 48 48
23 47 47
24 44 51
24 46 46
28 51 43
29 54 42
29 44 44
28 48 42
28 51 39
28 55 39
28 50 42
26 50 43
28 53 42
25 52 41
25 46 45
24 56 47
22 52 50
23 49 50
18 58 50
21 45 47
22 53 48
23 56 45
27 55 45
29 58 44
34 58 40
37 50 40
40 47 40
45 47 40
48 35 36
50 26 37
51 27 35
50 27 33
49 23 32
49 20 31
47 13 31
47 19 19
39 00 35
48 21 40
45 20 48
45 27 47
44 21 48
45 19 45
47 20 42
47 20 44
46 18 44
45 22 44
44 22 45
43 23 44
43 19 48
42 20 49
42 20 53
42 20 55
42 27 60
41 38 60
42 44 54
44 38 51
44 32 42
46 24 35
46 20 29
46 17 25
54 00 31
46 27 36
40 14 42
37 27 44
39 26 51
41 18 57
44 19 59
42 18 59
40 28 60
40 31 59
37 44 59
38 43 56
39 33 48
40 23 41
42 17 40
42 18 33
45 17 24
35 00 30
48 32 33
41 14 42
41 24 44
39 24 47
39 23 49
39 20 51
38 18 56
35 22 59
35 29 56
34 32 57
36 45 61
38 42 56
41 26 48
46 25 41
48 19 39
47 23 31
51 06 28
45 23 32
40 00 40
42 32 41
43 11 43
39 24 44
37 25 48
36 21 51
37 20 53
34 21 50
34 32 53
35 29 59
35 38 60
36 39 55
38 26 49
39 26 44
43 12 38
46 10 31
45 07 30
46 08 30
30 03 38
37 24 47
36 24 48
37 27 46
36 21 49
33 21 59
35 21 59
37 29 57
35 30 60
34 44 59
38 46 50
38 36 49
43 30 43
45 18 39
45 12 36
45 10 36
45 08 37
42 34 46
35 17 48
38 26 48
37 24 51
37 20 59
37 24 59
39 31 55
36 24 59
37 39 61
39 43 52
40 36 47
41 34 44
43 27 40
44 21 38
43 21 38
41 20 38
42 19 41
40 23 38
40 31 49
38 17 53
39 15 51
42 21 45
43 22 49
41 17 50
40 00 54
43 21 48
44 12 48
45 23 46
45 23 46
45 21 41
46 27 39
43 28 41
42 32 44
42 32 39
37 28 41
37 25 44
37 25 53
43 21 53
45 19 47
41 09 48
39 10 52
39 15 50
42 13 51
44 20 49
44 23 47
45 21 42
46 30 38
43 32 43
41 34 44
41 34 42
30 21 53
30 25 52
33 20 52
37 24 53
42 22 54
41 19 53
40 10 57
41 09 57
44 14 51
44 15 48
44 15 49
44 22 46
43 19 39
43 23 37
41 26 38
41 27 37
38 08 39
41 16 36
44 14 39
44 24 39
47 16 43
46 03 47
44 08 47
42 17 46
44 17 48
44 16 48
43 22 47
44 20 42
45 14 36
42 22 36
39 22 41
37 25 38
41 11 44
37 26 45
43 22 37
50 17 36
49 11 42
47 07 44
47 06 47
44 21 46
44 27 49
45 17 48
44 20 48
45 20 48
42 15 42
41 24 40
40 28 39
37 21 45
38 09 46
36 20 37
42 13 40
43 23 34
45 12 38
45 14 38
48 07 43
45 20 42
43 24 46
43 21 48
44 17 47
44 21 50
42 17 41
42 25 40
43 26 44
46 12 47
39 28 44
43 17 46
46 20 45
45 10 45
46 13 50
45 25 52
48 23 52
48 16 49
48 20 48
46 22 48
48 13 42
47 19 37
45 19 37
40 24 36
37 06 46
42 02 42
44 14 36
42 20 34
38 20 35
37 13 39
39 15 40
38 15 41
36 18 43
37 20 44
41 18 43
40 16 42
40 20 43
38 24 45
39 17 46
39 17 44
38 18 44
35 21 45
35 19 44
35 21 43
35 22 44
33 22 48
33 24 50
33 22 52
29 22 54
28 25 58
29 19 58
29 19 62
30 30 62
33 41 57
39 37 52
40 30 49
41 32 46
41 22 42
42 19 33
44 17 33
38 02 38
37 42 44
36 21 53
36 31 56
35 24 57
36 24 55
36 25 53
37 25 55
37 21 55
36 22 55
34 24 55
33 30 57
32 26 56
34 34 58
37 38 55
41 35 52
40 29 46
42 24 41
44 17 36
41 19 34
30 37 40
28 19 50
31 35 54
32 29 54
32 29 56
33 29 56
32 26 61
29 27 61
32 30 60
33 31 58
33 35 58
33 41 57
34 39 50
37 37 47
40 31 44
41 27 43
41 21 43
39 18 43
33 05 48
33 38 56
33 20 55
33 30 53
34 30 55
33 28 59
32 26 60
33 28 59
35 34 58
32 27 58
33 36 58
33 48 56
34 42 49
38 40 47
39 32 44
41 24 41
41 20 42
40 17 40
37 26 44
33 13 61
36 37 57
32 23 57
34 33 55
34 32 55
35 32 56
34 31 58
34 34 55
34 30 59
33 38 61
33 45 58
37 43 57
36 45 54
39 40 53
40 36 48
42 28 44
43 24 42
42 23 37
43 18 36
47 12 36
39 34 42
39 25 47
38 29 47
37 25 51
38 24 55
37 25 57
39 24 56
38 31 56
38 30 57
39 34 58
36 42 57
37 37 52
38 40 47
41 29 45
40 24 42
42 16 41
40 15 41
39 21 44
38 26 45
40 26 45
44 23 44
46 23 43
46 24 42
46 25 43
43 00 55
43 15 51
43 10 47
44 23 47
43 22 46
43 17 49
43 19 46
40 08 51
42 21 48
44 15 49
48 25 48
47 25 47
47 22 43
48 25 41
46 32 41
43 33 44
43 37 42
37 06 62
39 18 57
41 20 48
43 23 47
44 17 47
43 11 48
41 08 52
38 09 57
43 18 49
43 18 50
45 20 48
44 22 45
46 22 40
43 20 35
42 22 33
41 24 29
43 28 34
48 13 36
49 20 34
49 28 30
46 07 38
46 04 44
45 21 44
44 13 45
46 15 41
46 25 42
43 19 38
42 17 32
41 18 34
44 03 47
44 13 48
49 16 36
47 06 32
47 05 36
44 20 38
43 25 46
44 12 45
43 17 40
42 16 40
44 20 35
41 14 32
41 01 57
40 29 48
42 23 30
48 12 30
46 08 34
44 09 39
46 34 39
55 20 40
53 28 45
52 39 48
49 41 47
51 39 48
49 34 44
43 48 43
43 41 43
39 47 43
38 48 43
36 48 42
33 52 45
33 47 43
32 52 44
29 48 43
27 51 42
25 56 40
27 52 43
26 51 44
26 54 45
25 51 44
23 50 46
24 50 45
24 46 46
22 49 49
21 45 46
22 46 46
20 47 46
20 47 47
22 47 47
22 43 48
23 44 47
22 44 46
22 45 48
23 41 47
24 42 47
26 43 48
27 43 49
29 44 48
30 45 48
32 42 49
32 43 48
35 47 47
36 44 46
36 46 46
37 48 45
37 50 47
36 50 49
36 47 47
35 48 47
35 50 47
34 49 48
32 48 45
32 47 46
33 46 48
32 44 48
30 44 45
29 43 49
29 36 51
30 28 53
25 33 54
21 15 54
20 31 63
28 32 53
30 41 48
31 40 50
30 40 52
29 41 52
30 37 54
30 38 52
30 38 52
30 38 52
29 38 52
28 38 50
30 38 52
29 37 52
30 37 53
29 39 52
30 36 52
31 38 52
29 38 52
29 38 52
29 37 52
30 38 51
30 37 53
30 37 53
31 37 52
30 38 52
29 38 52
28 37 53
29 38 51
31 39 51
30 38 51
29 37 53
30 37 52
29 38 53
29 37 51
29 37 52
30 37 52
30 38 52
29 36 52
29 37 53
28 38 52
29 37 52
29 39 51
28 37 52
30 37 51
30 38 52
28 37 51
29 37 53
28 38 52
28 38 52
28 38 51
29 39 52
29 38 51
29 38 52
28 37 52
29 38 52
28 37 52
28 39 52
25 38 52
28 38 52
29 37 52
28 37 52
28 39 51
28 38 51
28 38 52
28 38 53
28 38 52
28 38 51
30 38 52
29 39 52
28 39 52
