29 51 42
29 51 42
30 52 43
31 52 44
31 52 44
30 50 44
29 52 41
29 50 41
29 50 38
27 50 36
27 49 33
25 50 32
25 53 32
26 49 33
25 50 33
26 49 36
24 50 38
23 50 40
23 50 42
20 48 43
19 49 44
19 49 43
17 47 43
18 47 43
18 46 43
17 44 43
17 43 43
18 43 43
18 41 45
17 40 43
17 41 44
17 39 44
16 39 45
18 41 45
18 40 47
17 40 47
17 40 46
16 41 45
16 38 43
15 42 43
12 39 43
11 41 43
10 39 41
10 42 41
10 44 43
11 43 43
13 43 43
17 47 42
21 51 41
23 51 42
26 52 41
28 54 39
29 53 39
31 52 38
31 52 37
31 52 38
31 51 37
33 50 40
33 51 38
32 49 38
33 50 38
33 50 38
35 48 37
34 51 39
34 53 39
34 53 39
34 52 39
36 53 38
36 51 39
36 51 41
36 51 39
36 50 38
36 50 39
36 52 38
37 54 40
39 53 39
39 54 40
38 56 40
38 52 41
35 47 39
37 46 38
37 49 38
38 48 39
39 51 39
40 52 42
43 56 45
47 56 45
47 57 47
47 55 44
45 51 43
44 48 41
45 45 38
48 43 39
51 42 39
52 42 38
53 41 38
52 39 38
52 41 39
49 42 38
48 40 37
45 40 39
44 40 39
44 38 39
45 38 40
42 35 44
43 34 46
42 32 47
44 32 47
44 34 49
42 37 45
44 36 49
44 39 48
45 41 47
46 38 47
47 38 48
46 39 45
47 37 48
50 24 50
52 35 46
55 35 41
59 30 43
59 28 45
57 36 46
59 36 44
55 40 35
50 42 37
42 26 40
39 37 47
36 35 48
32 31 49
34 27 51
39 34 48
42 35 49
46 28 52
50 30 50
54 36 45
59 34 45
60 28 45
59 37 44
57 36 37
53 39 37
42 31 43
37 31 48
36 32 49
35 27 52
33 27 51
34 37 50
45 27 53
51 28 49
57 33 45
62 29 45
60 29 45
57 35 40
53 32 39
49 35 38
43 28 41
35 24 46
31 30 49
30 30 52
33 28 51
38 29 52
47 35 51
55 36 51
60 24 46
62 26 44
59 18 43
57 29 40
55 28 39
50 31 37
46 33 39
38 26 43
35 26 45
32 25 47
29 28 50
36 24 52
42 36 49
51 35 47
60 15 44
60 22 39
62 07 41
59 19 43
55 27 38
50 33 38
47 37 37
35 22 43
35 30 48
29 28 52
32 24 49
37 33 45
45 38 43
56 25 41
55 14 44
53 24 39
54 03 41
53 12 45
52 21 42
53 26 42
55 34 45
55 39 47
41 27 38
37 39 51
39 37 57
37 31 53
42 32 49
41 28 44
44 38 45
47 34 43
45 27 44
45 25 44
49 16 43
51 10 40
53 15 38
49 12 45
51 16 49
52 24 43
53 30 42
56 32 46
42 35 40
33 35 38
37 43 56
36 30 55
38 32 51
41 36 47
42 38 43
49 36 45
49 19 44
46 24 47
49 19 44
46 15 40
47 12 47
49 20 48
50 26 45
51 36 48
51 37 45
47 35 46
42 34 48
42 31 45
36 27 49
44 29 48
46 22 50
47 13 53
50 23 54
49 21 52
49 25 47
47 31 42
48 30 38
47 29 38
36 23 47
39 32 53
40 25 55
42 23 52
46 26 55
50 18 54
51 22 47
52 25 40
50 27 37
43 28 37
39 27 35
30 21 35
37 22 42
34 19 41
43 15 38
47 16 41
47 11 45
51 01 45
44 06 50
48 09 48
46 11 52
47 25 45
51 27 36
46 27 33
44 30 33
32 25 35
25 29 38
36 21 53
41 37 45
51 16 38
49 06 37
51 03 30
46 00 44
46 11 43
43 08 48
48 23 40
45 26 38
46 32 35
36 28 36
26 24 35
30 34 44
40 10 52
46 30 41
55 12 34
49 05 35
52 08 28
36 00 37
42 09 41
40 09 44
43 19 40
50 29 34
39 31 35
28 26 37
33 32 44
39 13 54
40 17 39
52 18 34
51 04 27
48 03 20
40 00 32
37 12 43
41 12 45
42 22 42
49 26 38
48 31 36
33 23 32
34 31 41
39 12 52
40 17 38
48 22 32
48 04 25
42 00 20
39 00 33
37 11 49
41 17 46
47 25 41
46 27 34
35 23 35
36 30 40
36 20 47
43 14 43
46 20 30
46 09 22
39 00 21
39 06 28
33 11 35
37 13 34
38 22 38
42 24 40
42 26 36
50 36 32
51 45 37
53 50 43
52 42 44
50 44 49
46 46 56
45 43 60
42 46 62
43 44 59
44 44 56
46 43 52
46 40 49
47 39 45
47 35 43
46 35 42
41 37 41
39 32 49
41 41 51
43 31 52
44 34 53
44 38 53
44 32 53
48 35 52
52 41 52
54 39 47
52 38 39
48 35 38
45 32 40
38 25 47
39 38 53
40 31 58
41 37 49
42 24 54
45 41 57
51 47 56
53 38 49
52 34 42
47 34 39
44 43 38
36 27 49
36 33 52
36 37 54
37 28 52
41 33 56
49 42 56
51 43 52
53 39 47
53 37 40
50 39 38
46 36 40
41 32 39
37 31 50
35 27 49
35 29 55
38 29 53
42 39 56
49 42 55
53 40 50
55 35 43
50 37 36
43 45 36
37 26 47
34 19 50
31 24 48
34 35 59
43 42 58
52 43 55
54 44 44
56 40 42
55 37 41
52 36 40
51 37 42
48 35 47
47 35 47
46 36 44
49 27 45
44 33 46
46 43 47
45 36 42
45 22 47
43 21 49
38 22 54
42 31 58
46 35 55
50 41 50
52 41 45
52 40 40
51 34 38
45 33 39
44 33 42
40 32 45
39 35 51
37 38 54
39 34 56
36 26 55
37 29 60
38 35 61
45 37 60
47 40 57
50 41 53
52 41 48
53 41 42
51 40 37
48 35 35
46 30 38
45 26 42
42 24 43
41 24 46
41 26 48
40 31 47
44 29 49
47 25 48
51 34 51
55 30 46
54 31 44
53 37 42
54 36 39
51 36 39
44 27 38
37 25 47
37 31 52
34 29 53
39 31 50
41 34 46
45 34 49
47 24 44
49 27 43
54 22 41
53 19 43
56 29 42
59 34 42
62 39 42
53 38 40
43 34 47
43 38 55
40 33 54
40 30 53
41 33 52
44 39 48
48 33 44
47 32 44
48 24 44
49 18 44
50 20 41
51 23 45
52 21 44
53 21 42
54 29 43
55 35 43
54 43 38
38 36 40
38 36 54
38 31 57
39 31 56
40 32 51
41 33 50
42 37 45
43 28 45
45 28 47
46 29 48
47 29 48
47 33 47
47 30 47
47 22 47
46 24 46
47 26 45
46 22 44
46 26 42
45 16 44
41 08 42
47 16 39
45 08 37
47 07 37
46 07 39
48 12 36
52 19 33
52 24 33
47 30 31
36 25 36
32 28 42
36 29 48
39 15 50
42 22 38
48 25 41
49 17 38
46 13 36
49 07 35
48 03 31
46 03 29
45 00 36
44 09 40
44 19 42
49 25 32
36 24 35
30 31 39
34 26 44
36 15 48
43 16 37
51 16 31
49 12 30
45 04 25
47 02 23
41 00 27
37 04 39
41 07 42
39 12 43
47 17 38
43 21 36
35 26 38
32 29 42
32 22 41
40 15 47
41 16 32
48 16 29
47 07 24
46 00 24
40 01 27
34 07 49
39 20 43
45 21 37
44 21 36
34 27 38
33 26 39
31 24 47
39 18 47
45 21 35
47 23 28
44 01 26
36 00 22
34 00 29
28 10 31
33 22 40
35 20 42
36 23 41
41 20 38
44 24 40
44 32 42
47 32 42
49 39 45
48 40 44
48 44 48
51 44 49
51 45 46
50 46 47
50 47 49
50 47 49
46 44 47
46 44 46
48 46 46
48 44 47
48 44 45
48 43 43
47 42 42
49 39 43
48 39 39
47 37 40
47 35 40
45 32 40
46 32 41
44 34 39
44 33 42
42 34 46
41 37 50
37 43 50
34 49 48
32 52 48
28 51 50
25 50 50
26 51 49
27 51 46
27 52 45
25 52 46
24 52 46
25 52 43
22 49 43
21 50 44
21 51 42
19 48 44
19 49 43
19 49 44
20 47 43
18 48 42
19 45 42
16 44 42
17 46 42
16 44 44
18 44 43
17 45 42
16 43 43
17 44 43
15 43 42
15 42 42
15 42 44
15 40 44
11 41 44
11 39 41
11 43 44
12 41 42
11 42 42
14 45 42
15 44 41
13 44 42
15 45 41
16 45 40
17 47 40
19 47 40
21 46 40
21 47 38
22 50 37
22 48 40
23 48 39
24 47 37
27 48 40
25 49 41
25 48 40
23 49 43
23 48 43
23 48 41
22 48 42
21 49 43
21 45 43
20 46 43
20 47 42
18 45 43
18 44 43
17 44 42
15 43 43
15 42 47
15 46 43
15 44 40
15 45 38
16 41 39
14 41 39
15 41 40
15 42 38
13 38 40
14 41 40
13 43 40
12 44 41
13 45 38
17 43 39
22 44 41
24 38 39
29 43 40
25 30 33
18 34 39
17 48 42
15 46 37
14 49 32
13 51 34
14 52 37
19 48 37
21 46 36
19 47 35
18 51 34
18 49 35
18 49 34
19 49 36
19 49 37
20 50 36
18 50 35
18 48 35
18 48 36
18 47 35
18 49 36
17 48 35
18 48 35
19 47 35
19 47 35
19 47 35
19 48 34
19 49 35
19 49 34
17 48 35
19 48 36
19 48 36
19 49 37
19 49 36
17 48 36
18 48 36
19 49 36
17 48 36
