12 37 34
12 37 34
11 40 34
10 37 35
10 37 33
11 36 35
13 37 35
12 37 33
11 36 33
13 37 32
13 36 33
13 36 33
13 35 33
12 36 34
11 36 35
11 36 34
11 36 34
12 37 33
13 38 33
12 37 33
12 35 33
13 35 33
12 38 34
13 37 34
12 36 35
11 36 34
11 36 34
11 36 36
11 37 35
11 37 38
09 39 39
10 41 40
13 44 40
11 44 40
14 45 40
14 47 39
16 47 40
18 50 40
20 47 41
23 44 42
25 48 42
26 47 41
27 47 41
28 47 40
26 47 41
27 47 42
28 43 43
26 45 42
23 42 44
23 40 46
19 42 45
19 37 48
18 40 49
19 40 48
21 41 49
20 41 49
20 39 49
19 43 49
15 42 49
15 42 46
15 40 48
19 48 56
17 40 45
15 50 42
19 46 44
19 41 44
23 44 40
22 51 38
26 50 41
29 51 39
31 55 38
34 59 42
35 55 40
34 58 41
35 56 41
35 56 38
37 60 40
34 53 38
34 52 38
36 56 38
38 51 36
38 53 38
37 55 38
38 52 38
41 46 38
42 53 41
43 46 38
44 47 38
44 52 37
45 47 40
45 45 41
43 46 40
43 51 37
44 44 40
41 45 41
40 45 43
40 45 41
39 43 42
38 43 43
38 45 45
37 43 43
42 32 52
40 41 45
45 44 43
48 31 45
48 34 44
47 29 47
48 30 45
46 37 49
55 21 48
62 23 46
63 29 46
62 27 39
57 29 34
54 35 37
49 41 35
44 38 36
41 38 40
37 41 44
36 42 49
34 38 47
40 33 51
39 34 47
46 30 47
44 45 43
49 28 45
52 15 50
58 19 58
62 23 54
62 27 48
62 30 41
57 31 34
52 33 32
45 35 37
39 38 38
37 30 40
34 35 42
32 39 44
32 38 45
36 31 50
43 27 47
45 32 49
48 41 44
51 06 43
52 26 55
61 16 62
63 15 51
63 22 47
59 27 39
53 28 34
46 33 33
41 36 38
34 29 39
31 35 40
28 27 44
35 35 43
39 32 38
44 23 38
46 13 34
45 12 36
44 20 40
61 16 60
63 06 63
62 12 52
62 26 43
57 29 36
51 29 32
40 33 33
31 35 37
30 31 41
32 16 60
36 24 44
42 32 38
46 20 30
41 16 33
49 00 31
38 22 38
62 10 62
63 16 63
63 20 58
62 22 51
56 23 43
50 30 36
41 32 34
33 35 33
27 33 32
21 25 20
31 48 37
37 16 32
47 21 32
45 16 27
48 21 28
50 12 29
44 17 34
39 15 49
55 19 63
63 08 63
62 18 59
61 18 50
52 25 41
48 31 35
41 36 34
36 32 34
29 31 33
22 21 20
32 45 39
41 15 35
48 18 30
43 21 26
42 00 16
40 04 18
40 39 55
53 03 63
61 05 63
62 15 55
58 23 50
51 34 41
42 37 38
32 31 32
22 31 30
31 03 41
30 44 36
40 28 31
43 15 24
43 22 22
45 11 17
44 00 17
32 49 36
47 17 58
58 04 63
62 10 60
59 22 49
54 30 45
49 36 34
45 34 32
38 33 33
33 35 40
41 11 54
38 12 37
41 30 29
39 08 15
51 00 51
52 13 62
62 08 49
62 13 42
62 19 42
56 28 43
55 29 34
49 37 37
46 43 40
42 48 38
40 52 45
38 51 40
38 47 44
37 46 48
33 44 42
39 31 53
41 40 47
45 46 42
44 24 39
45 23 32
43 20 37
42 21 42
46 24 38
50 23 35
53 01 48
44 42 44
49 22 51
57 20 59
62 23 54
63 22 44
61 26 39
57 32 31
54 36 33
48 39 37
46 43 39
44 40 41
43 42 42
43 44 46
44 43 46
43 38 46
41 36 42
46 29 41
41 29 45
41 21 45
39 24 40
42 22 36
44 22 36
46 17 49
41 45 43
62 19 53
62 30 51
62 26 51
62 30 47
60 31 42
57 32 36
53 37 35
51 38 37
49 37 38
45 43 40
43 45 45
43 44 46
43 47 44
44 36 51
43 36 45
41 29 41
38 24 39
38 24 38
38 24 38
47 28 38
44 17 38
47 19 45
56 34 54
62 14 58
63 22 59
63 25 54
63 30 49
61 31 41
56 33 37
48 36 39
40 35 36
34 35 37
32 33 36
29 32 33
31 33 31
46 00 46
41 17 31
42 29 28
45 26 24
44 17 20
48 00 39
35 47 44
53 04 46
55 16 32
62 14 25
57 31 30
59 32 37
58 31 31
56 41 30
52 48 33
50 50 39
48 62 41
49 62 47
48 62 47
47 59 45
44 58 41
42 51 38
43 45 37
41 38 38
39 40 33
39 14 29
39 52 44
40 29 43
41 39 37
43 47 47
41 31 33
36 20 41
26 19 61
26 12 63
31 28 63
40 36 62
50 49 56
50 51 48
54 40 37
51 41 30
43 44 29
47 28 31
42 04 49
41 47 43
42 42 38
41 53 42
40 43 39
31 22 56
29 27 63
29 14 63
31 34 63
41 49 63
44 53 53
47 49 45
48 42 39
41 45 34
39 34 33
40 27 33
33 40 29
37 46 50
38 39 45
42 39 45
46 35 43
45 46 44
45 38 39
42 41 46
32 35 62
31 24 63
33 36 63
39 42 63
45 54 55
46 54 45
45 49 41
41 43 34
40 31 34
32 28 26
28 60 44
38 43 39
42 43 35
42 48 44
41 51 50
40 48 50
38 50 50
39 52 46
37 51 45
35 57 47
28 12 53
28 51 55
36 46 49
38 28 53
38 49 63
48 62 63
50 63 61
52 59 51
46 52 37
35 45 24
31 33 30
27 32 28
26 02 37
27 43 44
37 41 36
45 49 42
42 57 48
43 51 51
44 46 44
38 60 49
35 34 38
34 48 56
32 52 57
33 36 42
27 37 49
32 53 62
39 53 58
45 62 53
49 61 44
50 57 43
50 48 33
48 40 36
48 36 38
49 33 33
46 32 35
43 30 30
46 46 45
44 36 41
46 42 43
42 41 40
35 38 49
37 41 48
36 42 48
38 46 46
37 43 46
34 47 48
32 47 46
31 48 41
28 33 53
31 43 51
33 43 49
37 38 42
31 35 58
28 57 63
41 55 62
46 56 59
46 57 54
48 50 42
48 44 41
42 47 39
44 35 39
43 37 37
37 41 32
43 46 48
39 41 42
41 42 43
37 44 44
33 41 46
38 47 47
32 47 43
34 50 50
33 57 40
30 15 54
29 46 52
30 45 43
23 09 50
24 59 60
29 48 62
32 52 61
41 57 57
47 54 53
46 49 49
49 44 44
45 46 39
45 43 39
45 37 39
40 28 42
43 47 46
41 42 45
37 40 43
38 45 43
34 43 43
33 45 43
33 43 44
34 51 48
35 59 42
28 16 56
29 44 57
31 40 46
28 37 46
26 43 58
29 55 63
31 56 63
35 56 58
38 57 54
38 54 48
39 45 40
41 40 39
41 35 31
44 32 33
47 26 33
43 31 32
43 48 52
41 30 43
41 41 43
41 46 44
39 45 45
35 47 43
35 45 44
26 36 48
23 33 56
15 40 63
22 48 63
30 36 59
35 51 62
39 56 58
41 52 47
45 47 42
44 44 37
44 36 35
45 30 33
43 33 33
39 26 32
36 45 48
38 33 40
40 35 45
36 47 44
36 49 47
34 41 47
32 53 51
27 01 53
22 45 63
28 52 63
32 36 59
34 53 63
40 59 62
44 53 50
44 53 42
43 49 39
36 42 33
37 32 33
37 33 34
34 36 34
31 35 49
34 44 47
39 42 44
41 50 43
39 56 48
38 49 49
38 50 46
36 48 45
32 39 56
26 51 54
29 43 47
30 49 47
34 57 58
41 57 55
49 58 45
53 58 40
55 50 41
52 46 36
51 40 35
48 33 37
46 36 41
40 13 58
46 38 41
44 42 43
48 42 41
42 39 38
38 40 49
36 45 50
34 40 46
37 42 48
32 41 45
33 39 45
33 46 43
31 38 42
28 46 59
25 48 53
25 41 43
20 46 45
23 55 56
26 62 52
32 58 48
34 61 52
42 59 50
47 58 42
50 56 38
52 51 36
53 46 37
53 35 37
53 36 34
52 28 33
52 27 35
47 26 37
47 24 35
44 22 32
40 24 28
40 25 18
43 17 32
44 19 27
44 22 22
48 25 23
43 31 22
44 08 22
51 00 28
36 33 26
46 23 40
53 16 57
61 10 57
62 15 46
61 19 41
57 27 36
53 28 35
48 32 36
43 32 37
39 27 35
24 08 35
36 35 31
39 22 28
43 19 28
37 11 23
42 10 41
53 08 51
57 12 50
57 14 46
58 17 40
54 23 37
51 28 36
51 35 37
49 38 38
50 39 41
48 42 43
45 49 45
44 48 46
43 44 45
40 42 47
39 43 47
34 40 40
40 43 47
42 40 46
44 37 45
47 30 39
47 27 36
44 14 34
44 12 35
48 19 35
46 21 35
49 25 39
47 14 41
44 14 41
48 30 43
63 14 51
63 21 61
62 19 57
58 16 47
57 20 39
52 24 35
46 28 34
42 35 35
37 35 35
34 32 30
26 13 21
33 33 30
42 10 32
45 14 28
47 24 22
43 11 26
50 00 37
36 19 31
39 40 38
48 20 42
51 24 47
51 24 47
53 25 41
56 29 39
56 34 38
55 39 41
55 40 40
53 39 42
50 41 41
51 39 39
49 42 40
44 42 39
45 40 42
42 45 43
42 48 44
42 43 44
40 40 44
35 48 46
37 48 49
33 44 48
32 43 48
31 49 49
26 49 48
24 46 48
23 49 47
23 50 49
24 44 49
23 47 49
22 48 48
25 46 49
23 44 49
23 45 47
23 46 48
21 45 46
23 44 47
21 45 45
20 44 46
21 44 47
22 42 47
22 43 48
23 43 48
22 41 48
22 42 49
22 42 50
23 39 49
23 41 47
22 42 46
21 41 46
21 42 48
19 42 47
18 44 47
19 42 46
19 43 45
20 41 45
21 41 46
23 42 45
25 43 47
27 42 48
27 44 46
28 43 44
29 45 46
31 44 45
32 43 45
27 44 45
26 44 43
24 44 45
19 49 46
19 45 44
17 43 40
16 42 42
13 42 38
09 42 38
08 43 38
05 42 37
07 38 35
11 38 36
10 36 35
11 35 35
10 37 35
11 37 35
11 35 39
11 33 36
13 38 34
13 38 35
14 37 33
11 37 32
12 38 33
13 38 34
12 36 33
11 37 34
13 38 35
12 36 35
11 37 34
11 37 34
11 37 34
12 37 34
13 37 34
13 36 33
13 38 34
11 37 35
13 37 35
12 36 34
12 36 34
11 38 33
12 37 34
11 37 34
12 37 34
13 36 34
12 38 34
13 37 33
12 37 34
12 38 35
13 38 35
12 38 34
12 37 34
13 36 35
12 35 34
12 37 35
13 36 35
13 38 35
12 37 34
10 36 34
13 37 34
12 38 35
11 37 34
12 38 34
12 36 34
13 37 34
12 39 34
11 37 33
13 37 34
12 36 34
12 38 35
12 37 34
12 37 34
12 38 35
12 37 35
12 38 35
13 38 34
12 37 35
11 38 34
10 38 35
09 38 34
09 40 35
09 43 37
09 44 37
09 46 37
