12 37 33
12 38 33
11 37 33
13 37 33
12 37 34
12 38 34
13 38 34
13 37 34
14 38 34
12 38 34
12 39 34
13 39 35
11 38 34
12 38 35
13 38 36
12 40 36
11 39 36
11 39 36
11 38 35
12 40 36
12 40 35
13 39 35
12 42 34
13 40 34
14 39 34
14 38 33
13 39 33
15 39 34
15 39 34
13 39 33
13 39 34
13 39 34
14 39 33
13 41 33
12 39 34
12 39 34
13 39 34
13 39 35
11 40 34
11 41 35
10 42 34
08 41 35
07 46 35
05 49 38
06 51 37
12 50 37
17 49 40
23 46 39
26 43 39
30 43 40
31 43 40
29 43 42
29 43 42
28 43 41
27 43 43
24 44 41
20 55 42
20 45 41
16 53 42
17 41 44
20 46 44
19 44 45
20 43 44
19 43 44
18 42 43
21 41 47
19 40 47
18 39 46
18 37 47
18 37 46
19 35 46
17 35 46
16 36 47
16 37 47
16 36 48
14 36 46
14 35 46
17 37 46
16 35 48
18 34 47
17 33 47
17 38 44
19 37 46
18 35 46
18 34 48
18 41 47
16 37 47
15 34 45
14 43 45
14 41 46
17 42 44
21 46 42
27 45 41
32 61 47
34 40 40
39 50 35
43 52 40
42 53 41
40 54 41
42 53 49
42 50 47
41 50 51
39 52 50
39 48 49
41 50 50
40 54 46
40 47 45
41 51 41
41 58 40
44 51 37
43 55 34
42 60 37
44 46 39
46 50 36
46 50 36
44 45 39
43 47 41
43 44 40
44 41 41
42 44 43
41 42 42
41 44 39
40 42 45
39 40 45
38 42 45
38 42 47
41 40 48
41 40 43
41 40 46
45 29 47
45 30 44
43 28 42
44 19 45
46 30 38
49 22 47
48 36 50
56 17 48
62 16 50
62 18 49
62 19 45
60 22 37
56 35 36
52 33 38
45 34 34
38 49 34
38 44 43
38 36 44
34 43 44
30 39 47
37 26 43
42 39 47
44 35 49
45 31 46
49 28 41
50 08 47
54 30 53
62 07 52
62 17 52
62 20 46
59 26 39
55 28 34
51 32 34
45 36 35
40 42 37
34 37 42
30 41 42
32 38 48
37 25 55
37 45 46
44 24 48
45 40 46
50 39 42
51 15 44
52 17 50
58 16 60
62 13 54
63 17 48
62 25 43
60 28 38
56 32 37
49 33 35
41 36 36
35 36 38
33 34 39
27 35 42
25 34 42
33 09 54
39 34 46
41 24 44
46 37 46
53 25 39
47 07 38
52 07 47
58 36 62
60 03 62
63 12 56
60 13 46
58 23 40
50 28 37
41 29 35
32 32 35
30 34 41
27 29 39
26 38 36
34 25 43
39 07 38
47 27 44
40 29 38
40 07 32
44 01 30
48 14 34
53 23 50
63 10 63
63 10 63
62 13 54
57 19 47
50 25 40
42 31 34
36 29 31
29 35 33
27 36 36
26 25 35
28 00 43
47 18 43
47 21 38
41 27 34
46 19 31
42 04 25
43 00 31
48 26 51
56 10 62
57 17 62
55 15 56
54 18 48
55 24 41
49 29 36
44 26 36
37 36 34
34 30 41
32 23 39
29 25 32
33 35 45
42 09 39
45 19 33
41 25 32
42 14 28
39 07 27
42 00 24
40 20 28
40 24 49
49 16 61
55 16 62
61 12 58
58 15 51
58 22 42
53 27 39
45 29 39
35 33 34
31 33 35
28 22 41
39 09 40
35 45 39
37 12 32
42 31 26
41 10 24
46 00 24
40 07 27
35 33 37
45 15 53
51 11 57
61 06 50
61 19 45
57 30 44
51 29 37
49 37 38
45 37 40
41 47 40
42 48 47
38 47 45
36 51 50
38 43 54
37 42 51
37 42 50
36 40 51
39 22 52
40 40 49
41 40 49
45 31 46
45 30 40
42 25 34
44 17 34
41 14 36
40 34 34
46 19 45
41 11 41
44 26 43
54 30 50
61 31 57
63 29 54
63 30 49
62 29 37
60 35 32
52 34 35
45 37 35
43 41 40
37 40 45
37 39 47
38 36 40
41 43 48
40 32 44
40 28 43
41 25 39
39 13 39
37 17 37
39 28 40
44 28 41
47 19 46
53 24 46
49 40 48
62 29 59
61 45 55
63 26 48
62 30 42
59 30 35
56 29 30
52 33 38
47 43 40
46 37 42
40 42 45
41 43 47
41 39 49
41 42 49
38 28 59
42 34 45
40 26 41
37 18 44
38 22 39
39 27 38
43 25 43
45 26 43
50 21 47
48 14 44
50 28 44
52 19 44
46 39 42
51 42 45
55 32 50
61 31 55
63 30 51
63 34 45
63 28 39
60 29 37
55 32 36
52 36 37
49 42 39
45 40 39
40 41 41
37 45 39
34 39 47
34 45 46
35 31 54
38 42 43
40 35 43
43 19 41
45 27 34
42 16 37
40 21 39
41 24 40
47 24 38
49 08 57
45 19 41
56 27 61
62 12 63
63 20 60
63 21 50
62 30 42
57 33 32
50 32 30
43 34 29
36 39 31
32 37 38
31 37 42
31 37 43
32 40 47
42 20 57
44 35 52
41 38 53
47 36 49
52 14 45
49 12 48
56 00 63
58 02 55
58 11 44
56 21 41
49 25 40
43 29 37
38 30 35
31 37 34
28 34 44
21 36 32
29 22 43
40 16 38
45 19 38
47 24 35
46 20 34
43 20 29
49 09 25
46 00 33
39 29 29
50 21 61
57 05 63
62 10 61
63 17 54
57 25 46
51 32 37
44 30 36
35 33 33
28 34 35
28 31 33
22 36 30
19 01 38
41 07 33
44 24 36
44 21 29
46 26 27
42 06 16
34 03 24
36 45 56
47 00 43
54 17 35
57 19 34
60 26 30
58 38 29
53 43 30
48 54 32
47 56 40
49 62 41
50 63 49
49 63 53
49 63 51
50 60 45
48 57 43
46 51 41
44 42 36
44 41 34
41 39 34
42 19 40
42 48 44
38 45 38
35 41 45
38 47 41
42 23 46
34 21 48
22 12 62
24 39 63
32 42 63
42 50 58
46 45 54
49 43 42
51 45 36
45 41 33
48 38 37
44 34 30
40 48 47
40 34 35
41 44 38
34 17 49
25 28 59
21 10 63
26 34 63
39 44 63
45 53 57
48 45 50
45 46 40
44 42 36
39 43 34
35 44 35
39 31 38
33 25 45
37 35 39
40 32 38
42 47 37
38 43 45
32 25 62
27 36 63
31 38 63
41 46 62
43 52 56
47 55 49
49 50 40
44 48 37
44 41 34
38 41 35
34 36 30
33 58 48
32 53 42
40 37 40
37 50 44
37 47 46
37 47 49
32 43 49
28 43 60
29 48 53
33 38 45
33 32 50
26 47 63
35 62 63
43 57 62
47 63 57
54 59 51
54 49 45
48 48 37
44 44 33
37 38 32
27 36 29
24 32 32
22 20 40
23 40 44
32 46 43
40 46 46
40 49 46
41 50 47
38 46 45
32 48 42
30 42 60
27 44 52
30 49 43
34 45 50
36 59 62
42 62 61
50 62 53
49 62 48
51 52 44
50 42 41
49 36 38
49 36 36
47 31 37
46 33 40
42 22 45
48 44 47
40 37 41
39 41 42
34 37 50
32 46 51
34 41 50
38 44 49
40 47 48
37 44 49
37 42 46
32 43 49
31 37 53
29 29 51
29 41 45
29 30 35
18 45 58
29 46 62
30 45 62
37 57 62
43 58 55
45 48 54
46 47 45
46 47 40
45 42 42
44 32 42
43 41 38
44 34 38
41 46 47
37 37 43
35 36 44
33 45 51
32 43 47
33 45 48
33 41 47
35 43 44
31 45 46
27 32 55
25 43 50
28 39 45
27 40 49
29 52 62
33 59 63
38 59 57
42 58 54
44 51 49
44 45 48
44 41 46
46 45 38
46 36 41
46 33 41
45 36 40
47 28 40
36 27 45
44 37 42
37 41 43
34 43 44
33 38 45
32 39 44
28 41 48
23 44 50
20 38 52
16 40 61
17 48 55
21 47 57
20 59 60
26 59 58
29 52 52
34 54 51
35 49 50
35 53 51
39 39 47
36 39 46
33 39 46
32 37 45
35 33 48
36 20 47
35 32 51
34 35 54
35 34 51
36 32 50
36 38 51
36 39 47
43 25 43
43 23 45
46 27 47
44 28 49
43 27 50
38 30 52
41 25 50
44 18 46
47 18 41
46 25 39
45 22 38
41 17 33
45 17 34
48 22 31
47 08 31
37 13 24
37 16 38
42 13 54
48 15 56
60 11 45
62 19 43
59 21 42
57 31 38
51 35 38
49 36 40
42 40 36
38 47 46
32 42 48
29 44 47
30 40 50
32 41 48
41 32 50
39 35 46
43 36 47
45 33 43
45 13 44
52 00 57
54 00 58
57 04 49
56 13 42
52 23 40
51 27 40
47 30 40
40 41 39
38 38 43
34 32 42
32 35 43
38 06 51
37 30 40
42 21 38
44 21 30
42 11 27
36 08 23
43 03 45
47 11 45
52 04 38
55 13 30
57 16 31
56 26 32
55 42 34
54 43 42
51 51 47
54 56 48
50 59 50
49 58 50
48 50 44
46 46 40
44 42 36
42 37 33
41 42 31
44 17 35
36 53 47
39 46 44
36 27 43
35 27 55
30 33 63
32 44 63
39 46 63
45 44 59
43 45 46
44 44 40
40 36 33
32 43 28
37 26 33
36 07 36
31 47 47
38 40 47
35 42 44
32 52 47
33 41 49
28 40 50
21 30 62
22 53 62
29 49 58
38 57 57
44 63 52
47 59 49
49 49 46
50 53 36
51 41 35
49 34 36
49 35 37
47 31 41
45 19 47
47 47 47
41 39 44
41 41 41
36 41 49
32 42 47
30 43 48
32 47 47
33 44 47
33 45 48
32 46 49
25 24 50
23 43 51
25 41 47
21 44 48
23 56 55
26 61 57
32 59 57
40 63 52
46 58 51
47 58 49
49 49 48
45 44 41
47 40 40
45 36 39
42 32 38
41 32 38
40 29 38
39 30 42
43 27 41
41 31 39
43 27 40
45 10 46
44 23 41
43 26 39
48 16 36
45 26 36
53 14 54
60 02 60
62 10 51
62 17 44
59 23 36
54 28 31
49 30 34
47 31 35
43 36 36
37 39 41
32 40 43
29 40 48
30 38 46
35 35 47
37 37 52
44 36 54
53 24 59
62 18 56
63 11 51
61 17 48
56 20 42
50 25 38
45 29 37
38 31 36
32 34 36
30 33 41
27 30 38
36 07 40
44 25 39
44 13 33
47 25 30
46 19 31
50 11 32
44 11 35
43 14 35
56 15 52
58 09 50
62 20 50
62 23 45
61 27 42
56 33 40
53 35 38
49 39 38
45 40 41
43 42 44
39 45 45
38 45 48
37 44 50
37 43 47
35 43 46
36 31 48
43 41 42
45 29 41
45 22 39
43 26 31
43 15 36
44 19 42
38 32 40
53 08 53
57 33 61
62 16 61
63 23 58
63 26 50
62 26 45
57 27 42
53 27 37
46 30 34
40 32 36
36 31 34
32 34 36
31 25 33
36 29 27
39 01 30
44 17 31
44 25 25
45 10 27
43 01 31
36 20 29
40 43 42
50 14 46
49 22 45
51 34 46
55 28 42
55 32 43
55 37 43
55 36 41
51 38 42
52 43 41
49 39 41
47 45 41
46 46 40
43 44 43
42 45 43
39 44 44
38 51 47
37 46 45
35 44 45
34 47 48
31 49 49
28 46 50
28 45 49
26 49 50
24 48 51
24 45 49
23 46 50
22 46 48
22 45 48
21 45 48
22 44 46
23 44 48
23 45 47
23 44 48
23 45 47
23 45 47
23 43 48
24 45 46
23 43 47
23 44 47
22 45 46
22 46 46
24 44 47
21 44 44
22 46 46
21 43 46
20 45 47
20 44 45
20 42 46
20 44 45
19 45 46
20 44 45
19 46 45
19 43 46
17 45 43
17 45 44
17 44 44
20 43 43
21 42 43
23 43 43
24 41 44
24 41 44
24 43 44
24 43 44
25 42 43
24 45 43
23 46 42
24 45 42
20 48 42
16 44 41
16 48 40
17 46 39
16 44 37
15 44 36
13 43 36
12 43 35
11 44 35
10 40 34
08 39 33
10 38 33
11 37 33
11 38 34
11 38 36
13 35 37
13 35 35
14 37 34
14 38 35
14 38 34
12 39 33
12 39 34
12 38 33
13 39 32
12 39 33
11 38 33
12 39 33
12 38 33
13 38 33
13 38 34
12 38 34
13 37 33
13 39 34
13 38 33
12 38 34
12 37 36
12 39 36
12 39 34
13 40 33
11 39 33
14 37 33
13 39 33
12 38 34
12 39 34
12 39 33
13 39 33
12 39 34
12 38 33
12 38 34
12 38 34
13 39 34
12 38 34
11 39 34
13 39 33
12 40 34
13 38 33
12 38 33
13 38 32
11 39 34
13 38 34
12 39 34
13 39 34
13 39 34
12 38 34
13 37 33
13 39 32
13 37 33
12 38 33
11 38 33
12 38 34
12 38 33
13 38 33
13 38 34
13 38 34
12 39 33
14 37 33
12 38 34
12 39 33
13 38 34
12 38 32
13 38 34
12 38 33
12 38 34
13 38 34
12 39 33
12 39 33
12 37 33
13 40 33
13 37 34
13 37 33
12 39 34
12 39 34
12 38 34
12 39 34
12 39 34
11 40 35
11 40 34
08 42 34
07 45 34
05 49 38
07 48 39
10 48 38
19 50 39
