26 31 53
26 31 53
26 32 51
26 32 51
28 32 53
28 33 53
27 32 52
26 33 51
27 32 52
26 33 53
26 32 52
27 33 52
29 32 53
26 32 52
26 33 52
27 33 51
26 32 52
26 33 52
26 32 52
27 32 52
26 33 52
26 32 52
26 31 51
27 33 51
26 33 52
27 32 52
27 32 52
26 32 52
27 33 53
26 32 51
26 32 52
27 33 52
27 33 52
26 32 53
27 32 52
26 33 52
26 32 52
27 32 53
27 32 53
27 32 53
28 34 52
27 32 52
27 32 53
28 33 52
27 32 52
27 33 52
26 33 52
27 34 52
26 32 52
27 32 52
27 33 52
26 32 51
26 33 52
26 33 52
26 33 51
27 31 52
26 33 51
26 31 51
27 32 52
27 33 53
27 32 52
28 33 52
28 33 53
28 34 51
27 34 52
26 33 52
28 31 51
26 31 52
28 32 52
27 31 52
27 32 53
26 32 52
26 34 52
26 32 52
26 33 52
28 32 52
26 32 52
26 34 52
26 32 52
28 32 53
26 32 52
28 34 52
28 34 52
28 33 52
27 34 54
27 34 53
28 33 53
29 35 53
26 34 55
27 33 53
27 35 53
28 34 51
29 35 50
29 35 52
30 36 52
30 35 52
29 39 53
30 37 54
29 37 53
31 37 54
30 37 54
29 37 54
31 36 57
31 36 59
32 37 59
33 36 59
34 36 59
34 34 59
35 33 58
35 34 56
36 32 54
37 31 54
39 31 52
38 30 52
38 31 47
38 29 46
39 29 43
39 26 41
40 24 42
42 24 40
40 23 39
41 21 40
42 20 39
44 17 41
43 14 41
40 20 43
41 09 45
42 11 41
41 16 43
40 20 45
40 20 46
41 18 45
39 18 46
40 21 44
41 19 43
43 17 42
42 17 43
42 17 42
43 17 43
44 17 42
41 20 41
41 14 40
40 14 39
36 19 39
38 09 39
43 06 34
46 11 36
48 13 37
45 18 38
47 22 40
45 25 43
44 27 48
42 26 49
40 30 51
37 30 55
38 29 55
37 27 54
37 26 54
43 20 53
41 21 46
39 23 48
38 27 50
40 23 47
38 28 45
39 27 47
40 21 46
40 20 44
41 20 47
41 20 47
40 17 45
40 12 44
37 11 44
40 16 43
40 19 45
41 15 42
38 10 44
40 10 43
44 11 45
46 09 44
51 11 43
52 13 44
53 15 43
52 19 43
50 26 43
46 27 43
42 28 42
41 27 39
37 27 40
35 21 39
33 17 37
31 02 36
37 22 38
40 19 38
40 19 31
38 16 27
38 13 26
40 15 24
39 12 21
38 08 19
36 00 24
37 11 26
37 10 37
39 02 33
42 04 33
44 06 32
45 10 35
45 13 37
47 14 35
47 23 38
47 26 40
48 29 40
49 32 43
50 34 42
47 33 45
45 33 48
40 36 47
38 35 49
45 07 45
34 25 54
34 29 54
35 26 53
39 22 53
38 25 50
37 19 49
33 23 47
31 22 49
30 19 49
33 19 50
32 21 52
32 22 52
36 21 51
37 21 49
37 22 47
34 16 46
30 15 52
29 19 57
30 17 54
35 18 53
41 21 50
42 26 51
46 28 51
50 27 48
49 28 46
47 29 45
45 28 42
43 33 41
44 26 40
42 15 39
37 22 51
37 26 53
37 27 50
39 25 51
39 24 50
41 25 48
40 25 47
39 17 48
36 18 51
32 21 52
33 21 51
34 18 50
34 12 46
30 09 48
31 13 51
33 13 52
35 16 52
37 23 46
41 26 50
43 20 47
44 23 48
44 32 47
42 26 48
45 23 45
45 25 45
47 28 49
47 26 48
45 27 46
44 30 46
44 29 45
45 24 40
45 19 37
45 15 37
47 11 38
39 22 44
41 23 50
38 21 47
41 21 45
38 14 48
34 15 49
31 13 50
32 11 49
34 16 50
36 21 49
41 20 47
43 19 46
45 24 44
46 28 41
45 26 40
45 21 38
46 17 37
46 15 37
46 14 39
46 12 38
44 11 38
43 17 41
44 19 41
44 17 40
43 19 43
43 19 43
45 17 45
47 17 46
46 22 43
48 29 43
44 28 45
42 22 46
40 18 44
42 19 44
42 16 44
42 18 44
45 09 44
42 17 42
44 15 44
43 17 43
43 18 42
45 18 41
46 26 41
45 29 42
47 24 43
53 28 46
53 24 49
52 27 47
48 28 48
45 29 52
44 27 50
41 29 49
40 24 48
39 24 48
39 23 44
38 12 43
38 07 41
38 14 44
36 08 40
36 11 37
37 15 39
37 17 40
38 11 37
38 09 35
37 11 35
37 13 37
37 10 36
33 13 35
33 12 33
31 12 32
34 12 32
34 13 32
35 11 32
35 11 33
35 14 33
34 16 34
35 12 33
36 15 37
36 11 37
37 12 38
37 15 41
38 13 40
39 14 41
40 12 39
39 15 43
38 12 47
37 21 44
37 17 48
37 13 47
35 26 48
38 23 53
37 27 48
37 31 53
39 27 54
39 29 54
39 30 51
39 29 52
37 21 53
36 26 53
36 27 54
37 24 54
37 23 51
35 30 51
37 32 50
37 23 50
36 27 50
36 30 51
35 29 52
35 28 54
33 29 52
34 28 53
33 28 51
34 28 52
35 25 49
32 23 50
33 23 50
34 28 53
34 29 51
38 30 50
42 32 51
42 32 50
43 33 51
44 35 50
45 38 51
47 38 52
45 42 52
45 41 53
46 40 53
46 42 51
46 37 51
45 35 49
45 32 47
45 31 45
44 29 45
43 27 44
44 28 45
42 26 45
42 24 45
43 24 48
43 24 47
43 24 48
44 26 47
45 24 47
44 22 45
45 21 48
44 21 46
46 22 45
44 21 49
45 22 47
46 22 46
47 20 44
46 19 45
47 19 45
47 25 47
49 30 49
48 32 49
50 31 48
49 33 48
50 34 47
50 30 47
50 30 46
50 29 44
48 30 44
45 27 44
46 27 45
43 28 45
45 27 47
42 25 44
39 20 49
42 27 45
41 23 46
42 24 46
43 20 44
45 20 42
44 16 40
43 15 40
44 15 40
45 13 36
42 13 41
44 15 44
46 13 42
48 19 41
49 19 41
48 19 41
46 19 43
45 22 47
45 15 48
44 19 47
43 26 58
44 20 55
45 33 51
48 38 52
47 39 52
47 38 51
44 31 45
43 32 47
41 31 44
42 28 42
42 26 42
43 29 47
43 26 43
44 26 47
45 24 48
43 23 46
44 20 43
42 13 41
42 16 38
44 22 40
43 18 38
45 15 37
47 10 36
47 07 38
46 08 41
46 09 39
44 14 40
43 17 37
43 19 33
42 21 32
39 19 32
38 15 30
34 15 39
36 25 31
37 14 29
39 10 25
40 13 25
40 12 31
42 13 32
44 13 32
45 17 35
48 16 40
47 18 43
47 19 47
45 24 48
38 25 52
39 26 45
37 33 48
34 31 52
33 33 53
31 32 52
29 34 47
26 42 56
24 41 53
19 44 54
23 37 56
20 40 58
17 37 62
19 26 57
22 28 54
24 39 60
27 33 61
30 29 58
33 31 55
35 28 51
38 29 47
37 26 45
38 26 44
39 23 43
40 19 44
41 20 46
43 19 46
41 20 49
41 20 49
38 20 46
38 25 49
36 24 48
36 25 47
34 25 47
35 24 46
36 21 45
38 18 45
44 15 42
46 14 41
50 16 39
53 17 39
51 18 41
50 22 43
49 22 45
45 27 44
46 29 44
46 30 46
50 31 46
50 32 47
51 32 49
49 33 48
46 36 48
42 31 51
41 30 49
41 29 47
39 27 46
35 24 46
37 15 42
39 19 40
39 16 37
38 14 36
39 12 35
37 13 34
38 10 34
38 11 33
34 08 32
31 08 30
32 08 29
30 12 28
32 13 29
34 13 29
36 12 30
36 11 29
35 10 29
39 11 30
39 07 33
37 08 34
42 09 30
40 11 31
37 12 36
35 13 37
35 15 41
33 20 48
34 25 43
35 26 44
30 27 47
29 31 49
25 40 50
22 39 50
23 40 54
23 38 55
26 35 54
25 36 53
25 40 56
28 35 59
22 28 63
24 31 62
24 35 56
26 38 50
28 38 47
28 38 49
27 35 53
27 35 53
26 34 53
27 35 52
27 36 52
27 34 51
26 34 52
25 35 51
26 36 53
27 34 52
27 34 52
28 34 51
27 33 52
28 34 53
27 34 51
27 34 51
27 35 52
27 34 51
24 37 55
28 33 51
27 34 51
27 34 52
26 36 52
27 33 53
26 35 51
27 35 52
27 34 52
28 32 52
26 35 51
26 34 52
26 34 51
27 33 52
27 35 52
26 34 53
27 33 52
27 35 51
26 34 51
27 32 52
28 34 53
27 34 53
27 35 52
26 34 51
26 34 52
27 34 52
27 34 52
27 34 52
25 34 52
25 36 51
27 33 52
27 34 52
26 34 53
27 34 52
27 34 52
27 35 52
26 33 52
26 34 53
27 35 51
27 34 52
28 34 51
