30 38 52
30 38 52
30 38 52
30 38 52
29 38 52
30 38 53
29 38 52
29 38 52
30 38 52
30 37 52
30 37 53
30 38 51
29 38 53
30 37 52
29 38 52
30 37 52
29 39 53
31 38 52
31 38 51
30 37 52
30 37 53
29 38 51
29 40 52
30 38 53
30 37 53
30 37 52
29 36 52
29 38 51
30 37 51
29 38 52
29 38 52
30 37 53
30 39 52
30 38 52
30 38 52
30 38 52
30 37 52
30 37 52
31 37 52
30 37 52
30 38 53
28 39 52
29 39 52
30 38 53
29 38 52
29 39 52
30 37 52
29 38 52
29 37 52
29 36 52
29 37 53
29 35 53
30 36 53
30 34 53
29 35 53
30 35 52
30 35 53
30 35 52
29 36 53
30 37 53
30 38 52
28 38 52
30 38 53
29 36 52
30 35 53
28 34 53
24 33 55
23 35 57
26 31 55
24 35 54
26 35 52
27 36 49
28 37 48
30 42 47
28 48 46
29 45 47
30 44 45
29 43 46
26 44 47
26 47 48
23 43 47
21 42 50
19 43 53
19 42 52
19 40 52
23 35 48
24 36 47
22 36 49
21 37 47
20 38 48
18 40 48
17 37 46
16 40 47
16 53 49
17 45 43
18 45 45
17 51 46
19 49 46
24 47 45
27 50 47
28 51 46
31 52 47
30 52 47
33 50 46
35 51 43
34 52 44
34 49 41
38 47 40
37 52 39
37 51 43
37 53 42
37 48 42
39 51 41
39 49 38
41 45 38
42 41 38
44 42 39
43 43 38
42 42 35
42 47 42
42 46 45
44 49 42
42 52 43
41 54 42
39 54 43
40 54 43
39 50 42
36 50 38
45 40 43
43 50 42
47 40 41
43 44 40
45 34 41
45 32 40
46 35 36
48 25 38
47 38 35
46 29 38
53 15 48
50 40 48
56 34 55
63 28 55
63 30 51
63 32 43
62 30 37
61 37 32
58 43 32
53 40 28
47 41 29
42 41 37
31 48 29
34 48 42
30 45 38
32 45 44
37 54 47
46 40 48
51 36 44
50 40 33
57 21 34
48 29 39
52 34 45
57 23 48
51 36 52
61 21 56
62 25 54
63 25 45
63 28 38
61 30 37
56 32 32
51 36 27
49 40 32
44 44 32
37 46 32
36 48 41
37 45 44
35 46 44
35 44 35
42 31 51
41 46 42
48 34 40
50 34 37
49 35 36
52 25 41
53 28 45
54 34 44
61 16 51
52 48 45
62 27 56
59 33 53
63 26 50
63 25 47
63 28 43
62 37 39
58 40 35
48 38 31
39 42 30
30 42 40
27 44 37
28 44 38
24 38 34
40 31 42
45 31 40
48 33 41
48 30 39
51 30 45
54 29 44
53 23 46
55 08 57
51 47 57
61 20 57
62 29 61
63 27 55
62 28 49
58 35 43
52 38 41
50 36 37
38 36 33
27 44 32
20 45 35
37 32 51
39 27 43
45 31 41
50 29 35
46 28 35
49 24 41
38 21 28
52 00 47
48 29 50
50 38 55
58 12 63
62 18 60
62 23 50
59 31 47
55 34 44
53 36 43
43 36 37
38 38 36
34 46 43
34 38 41
37 23 35
37 43 42
43 16 29
48 18 29
43 34 29
46 20 29
57 00 50
37 60 48
52 14 46
56 19 37
57 19 31
61 21 30
59 27 22
58 35 19
55 42 20
51 50 28
48 59 32
44 63 37
53 59 48
51 63 44
48 55 40
48 47 39
46 50 40
45 44 40
48 46 38
48 48 31
50 43 28
51 41 24
50 35 25
46 42 28
47 40 42
45 50 37
45 47 37
43 41 38
45 51 43
43 49 47
41 45 41
38 48 42
38 37 47
32 30 52
32 45 53
33 46 55
30 51 54
40 48 60
37 52 57
37 57 57
43 60 53
46 61 46
51 53 38
53 46 32
52 41 31
52 33 29
47 34 29
43 40 30
42 38 31
42 32 37
44 45 42
44 46 45
47 39 39
45 46 42
43 53 42
41 39 46
40 51 52
41 49 45
35 35 51
36 42 58
37 39 55
33 46 60
38 56 63
40 58 59
41 61 51
44 56 43
44 52 34
43 47 33
42 45 31
44 40 30
46 39 31
44 38 33
45 37 34
47 36 36
45 44 45
47 45 42
46 40 37
44 43 40
43 47 40
43 42 40
41 48 40
41 50 44
42 46 46
41 40 44
42 53 57
44 47 53
42 54 58
43 56 61
44 56 60
46 54 52
50 47 45
56 49 40
59 45 32
51 46 23
48 38 20
39 43 30
35 40 33
35 37 32
33 48 56
43 49 44
51 33 31
50 45 35
48 50 45
50 46 44
49 46 44
49 46 40
49 47 40
43 50 42
48 48 39
41 25 44
36 53 59
41 49 49
42 38 46
43 43 45
44 46 55
43 63 60
51 57 57
48 58 51
44 50 41
40 48 29
37 42 29
35 41 31
33 35 33
43 00 38
36 40 42
42 49 39
43 47 37
38 54 43
38 53 43
33 31 42
30 63 62
33 55 47
31 54 39
32 58 43
35 63 46
41 59 51
41 58 52
44 60 51
45 61 50
45 61 42
44 62 43
45 55 47
47 49 41
47 43 37
48 36 36
47 35 34
44 30 33
44 25 31
43 25 32
40 25 33
38 20 30
48 02 42
47 18 40
42 18 30
46 15 30
45 26 29
48 14 27
49 00 31
39 21 37
46 35 54
56 09 54
59 24 55
62 22 49
62 32 46
59 34 37
53 41 35
47 48 34
39 49 35
34 52 37
32 51 40
29 50 44
30 44 49
29 42 52
27 45 52
31 31 55
28 48 55
31 44 51
33 45 49
36 44 48
34 44 49
35 48 44
41 30 43
41 35 48
42 31 49
42 38 50
42 37 52
43 35 48
40 36 47
41 32 43
48 19 44
47 28 41
46 28 41
51 22 41
48 24 40
49 30 45
47 14 32
43 20 40
45 26 43
47 26 53
53 21 63
62 15 52
63 24 42
62 33 37
59 38 28
57 41 30
53 42 30
43 51 29
40 49 38
34 45 40
29 49 48
20 47 40
36 39 46
32 55 44
49 18 43
47 49 41
49 38 40
50 31 39
49 30 41
54 26 51
55 17 61
62 16 62
63 20 49
62 24 42
59 33 40
55 35 34
50 39 31
43 40 32
36 40 35
32 42 41
29 45 41
47 13 54
38 47 38
46 28 31
50 26 32
45 21 34
50 12 46
49 18 44
57 27 52
61 24 49
62 23 45
62 24 38
59 26 33
57 28 26
56 34 26
52 45 26
53 49 31
50 48 34
37 60 31
33 62 48
28 57 45
31 60 49
32 61 47
35 58 43
39 49 41
44 45 40
44 43 37
45 39 31
47 36 31
45 39 31
45 30 31
39 48 42
41 44 43
45 41 37
42 36 43
38 37 60
36 39 63
39 40 63
47 50 63
53 56 58
54 54 44
48 51 34
43 46 30
38 33 27
32 29 29
37 02 33
34 33 41
37 44 44
45 38 39
42 49 42
43 48 47
41 47 48
41 42 48
42 35 49
35 46 62
38 47 56
38 42 52
35 50 55
41 56 56
42 63 46
46 62 39
47 58 36
49 54 33
47 49 30
50 43 29
53 39 31
50 36 32
51 33 34
51 35 38
48 29 45
46 37 41
48 44 41
48 43 36
44 41 41
41 41 46
38 45 46
40 40 44
39 45 46
37 42 48
40 43 45
38 47 43
34 38 49
30 50 52
32 46 50
30 44 41
26 46 46
26 60 55
27 60 51
31 62 50
30 62 46
37 59 45
41 58 37
42 59 35
46 47 31
49 43 37
49 37 36
52 33 34
52 30 32
50 30 34
48 27 34
47 28 34
45 24 34
34 13 28
45 33 35
52 19 35
46 33 27
51 12 34
51 13 39
50 45 53
62 20 49
62 31 48
62 31 48
60 32 43
59 32 39
58 39 34
56 43 33
54 42 34
50 43 34
47 48 35
45 43 38
42 42 37
38 46 40
39 43 46
38 43 47
36 45 44
34 45 46
42 37 48
43 47 46
44 42 45
48 31 44
46 34 42
48 26 41
47 25 43
46 29 41
47 24 43
49 28 40
46 26 43
48 17 48
42 30 44
45 33 47
49 34 52
60 26 55
63 26 54
63 30 53
63 33 50
62 34 41
59 36 39
51 38 39
46 34 38
40 34 34
35 31 32
32 30 33
33 30 35
26 22 23
39 25 30
48 20 31
50 23 30
48 26 36
48 07 42
40 21 46
45 38 48
52 19 47
52 31 51
57 28 51
57 36 51
56 37 51
55 38 47
52 40 45
48 43 44
44 45 42
41 43 41
40 43 41
39 46 44
38 43 44
36 43 45
34 46 46
34 42 48
32 44 46
28 47 47
29 42 48
25 43 47
23 45 48
22 43 49
18 44 47
18 44 48
17 42 48
18 42 47
17 41 48
14 42 54
16 41 51
16 42 53
17 40 47
18 42 49
18 39 47
15 40 50
17 39 50
17 43 49
21 43 49
23 44 49
26 42 49
29 41 44
30 40 44
32 35 46
32 32 43
31 32 46
31 34 50
26 34 52
25 32 50
25 24 52
24 26 53
24 33 63
22 27 47
29 30 51
32 34 54
32 34 54
30 37 55
29 36 53
27 35 55
29 35 52
32 35 50
33 33 53
33 32 53
32 34 53
31 35 53
31 36 53
30 36 53
30 35 53
30 34 53
31 34 52
31 36 53
31 35 53
29 34 53
29 35 53
31 35 54
31 35 54
32 35 53
31 37 53
30 35 53
30 35 52
31 35 52
31 35 53
29 35 53
31 35 53
31 35 52
29 36 53
31 36 53
30 34 53
31 36 52
30 34 53
32 35 53
30 35 53
32 35 52
31 37 53
30 35 53
29 37 54
31 35 52
31 36 53
30 34 52
31 35 53
30 36 52
32 36 53
30 36 53
31 36 53
30 35 53
31 35 53
32 35 53
31 36 53
30 36 53
30 34 54
31 36 53
30 36 53
30 35 53
30 37 53
30 35 54
30 36 53
31 35 52
31 36 53
31 37 52
32 34 53
