11 37 34
13 38 36
13 37 36
12 37 35
12 36 37
12 37 35
11 38 36
12 37 36
12 37 35
12 37 35
12 39 36
13 37 35
12 36 35
13 37 36
13 36 36
11 36 36
12 37 37
13 36 36
13 37 36
12 36 37
11 36 36
13 36 35
11 35 37
11 34 35
11 35 36
13 34 35
11 35 36
11 35 36
13 36 35
13 35 35
12 35 35
13 37 35
12 36 36
13 35 37
13 36 37
12 38 39
13 37 38
12 35 37
12 35 37
12 34 36
11 34 35
11 33 36
12 34 35
12 36 35
12 36 36
12 35 37
12 35 37
12 35 37
13 35 37
12 36 39
11 37 38
12 36 36
13 36 36
13 35 35
12 36 36
12 36 37
12 38 37
12 36 37
12 37 37
13 37 37
11 36 37
13 37 38
13 37 37
13 37 37
11 36 37
13 37 37
11 36 36
12 35 37
13 35 36
11 37 37
13 37 36
13 38 37
12 38 37
12 37 38
12 35 37
12 36 35
13 38 35
12 36 35
13 36 36
14 36 37
12 37 37
13 37 39
12 38 37
12 38 38
12 38 37
13 38 37
14 37 35
14 37 35
11 35 36
10 36 36
12 35 36
13 36 37
12 36 36
11 36 35
12 36 37
13 39 36
13 37 36
12 36 35
12 38 35
14 37 35
12 37 36
11 37 37
12 37 36
11 38 37
12 39 36
11 39 36
11 41 37
11 40 38
09 42 38
09 43 37
09 48 42
10 50 43
13 47 41
17 49 44
21 48 44
24 46 41
25 48 44
28 46 44
31 43 44
32 44 44
33 44 45
33 41 45
33 43 46
30 42 45
31 41 47
27 46 47
25 43 46
27 43 48
25 45 49
26 40 47
24 40 48
27 43 51
25 43 50
26 41 52
24 40 51
23 45 51
23 52 52
22 53 47
25 56 49
29 56 49
33 57 48
36 59 46
38 52 44
41 55 42
41 52 39
43 45 39
44 45 37
43 41 38
46 43 38
46 43 38
47 43 37
48 42 39
47 42 40
48 41 41
46 41 40
45 40 40
45 42 40
44 41 40
42 42 41
43 42 42
43 42 37
44 35 49
47 37 45
50 37 43
51 35 44
50 30 43
48 30 44
47 26 44
48 24 39
49 26 40
48 24 35
42 11 34
41 20 41
50 12 51
58 18 47
62 16 45
62 20 44
62 23 43
60 28 40
57 32 33
53 39 33
48 41 37
44 41 36
41 36 41
35 41 41
34 42 42
36 39 43
36 31 46
42 27 46
45 22 47
47 30 46
48 33 46
44 27 42
43 23 38
44 19 35
40 14 24
44 04 50
55 14 61
60 11 54
62 16 53
62 17 51
62 21 47
59 22 41
55 29 40
52 32 37
48 31 37
42 32 37
38 37 36
32 39 41
31 35 43
30 39 40
39 16 55
41 21 41
47 22 40
44 27 38
45 28 40
44 16 39
44 14 36
46 00 37
36 23 31
53 01 60
57 10 62
59 08 55
57 12 52
52 21 46
48 28 41
43 31 40
36 30 35
31 34 32
28 32 36
35 06 44
35 28 38
41 21 35
47 12 32
40 19 27
42 17 23
40 00 19
47 00 28
38 47 36
55 02 62
56 14 62
58 08 56
55 19 51
52 25 44
51 30 37
49 29 38
43 30 36
35 31 35
33 28 40
30 26 33
27 34 30
35 12 31
41 15 35
46 26 32
41 21 21
33 05 12
36 01 29
35 35 48
44 01 43
49 13 33
48 13 32
50 19 37
51 22 35
54 35 30
54 40 34
54 45 36
55 51 41
55 50 42
52 53 44
51 57 44
47 56 47
46 55 45
44 51 47
43 49 48
46 45 47
46 44 45
46 41 44
46 41 40
47 41 38
45 42 38
47 40 34
49 41 33
48 04 43
45 53 51
45 40 43
44 40 42
44 38 40
34 26 35
24 26 59
25 34 63
31 33 63
36 36 63
43 48 63
49 52 56
46 51 47
49 47 42
47 44 35
46 39 33
44 35 28
43 34 33
43 03 42
39 47 44
40 45 45
43 41 47
46 47 43
38 25 46
30 30 62
33 34 63
37 36 63
45 42 63
50 54 56
47 54 45
47 42 42
43 41 39
39 35 36
33 32 32
36 16 41
37 51 47
41 43 37
40 41 37
41 48 49
41 46 50
43 44 45
38 48 45
36 41 53
33 07 50
32 48 59
35 41 61
37 35 54
35 50 62
40 50 62
42 59 55
44 55 47
42 53 46
39 44 44
37 42 40
36 42 37
36 39 36
38 38 36
35 41 38
40 15 39
46 44 51
38 46 42
43 39 42
41 50 44
42 48 49
39 51 49
34 29 34
30 41 56
29 55 54
32 41 45
32 55 50
39 60 54
43 60 47
41 60 41
45 59 41
47 52 39
50 48 37
52 43 37
54 40 36
55 38 37
53 36 37
55 36 38
49 38 38
45 39 36
43 48 46
43 41 42
45 38 43
45 45 41
40 42 42
37 41 48
37 44 48
36 45 47
36 41 48
35 42 47
32 47 47
34 40 45
29 21 52
30 42 56
34 38 47
29 39 48
28 42 58
30 48 62
35 54 61
40 55 54
47 53 50
49 47 51
49 47 48
48 42 43
48 42 43
47 39 42
43 39 42
44 29 40
45 47 47
43 39 46
43 40 43
43 39 41
35 42 47
35 42 47
35 41 48
34 48 45
33 43 47
33 46 49
32 50 48
33 13 45
31 41 54
32 43 55
31 30 50
30 49 61
31 44 63
33 45 59
34 54 58
38 51 58
40 53 53
41 49 47
43 43 44
43 39 44
42 38 41
42 33 38
42 35 38
39 37 41
35 23 35
34 51 48
34 48 49
37 36 45
36 46 46
34 48 50
35 43 48
27 08 38
22 60 61
24 55 55
25 38 51
28 61 54
30 59 54
36 45 53
40 53 55
43 56 55
50 49 49
48 53 48
51 54 47
52 51 41
54 48 39
54 42 40
54 37 40
51 32 38
47 30 36
46 28 35
43 25 35
39 25 33
35 24 30
42 01 36
38 21 24
42 19 25
44 18 25
40 23 27
38 15 24
44 00 23
36 27 22
45 25 51
49 07 53
55 15 55
57 12 48
54 18 45
52 25 42
51 26 38
46 29 36
45 25 35
40 28 35
39 26 35
37 05 40
38 27 35
42 17 34
42 19 28
43 07 24
40 00 31
35 28 39
43 22 51
43 12 49
46 18 47
48 16 40
50 21 38
51 25 38
52 32 36
49 33 38
50 39 40
48 42 41
45 39 41
47 42 48
46 43 44
45 40 48
43 41 47
39 45 39
35 48 45
35 40 49
34 43 51
31 48 52
28 50 52
29 42 54
27 44 52
27 50 53
24 44 54
25 44 52
25 44 51
27 44 50
27 42 49
27 43 49
26 42 48
24 43 48
25 43 47
24 41 49
25 49 56
26 40 51
26 44 51
26 41 51
26 41 50
24 42 51
23 38 47
21 42 47
23 42 48
21 41 48
22 41 47
23 40 46
22 40 47
24 41 46
26 41 45
27 44 44
28 44 42
30 47 42
31 47 42
32 48 40
30 49 41
29 49 41
24 49 38
22 48 38
21 47 40
16 46 43
10 42 35
04 48 35
02 46 36
06 42 37
11 41 40
11 40 43
11 40 41
11 40 39
11 39 37
12 34 39
14 31 38
13 33 37
11 36 36
09 39 35
11 40 34
12 38 35
11 38 34
13 36 34
12 37 34
14 38 33
13 38 33
15 38 34
14 38 35
14 38 34
14 39 35
12 39 35
11 39 35
09 39 37
10 34 39
11 37 39
13 39 38
12 39 36
12 38 35
13 39 35
13 38 35
13 37 34
13 39 35
12 39 35
12 38 35
13 38 36
12 39 34
12 39 36
13 38 37
12 38 37
13 38 36
13 37 36
13 39 36
12 38 34
12 37 36
12 38 35
13 36 36
12 37 36
13 36 35
12 37 37
13 38 35
13 38 36
13 38 35
11 37 36
13 38 35
14 38 35
12 38 36
12 38 37
12 39 35
13 38 35
13 38 35
11 37 35
11 37 36
11 39 36
13 36 36
13 35 36
12 36 36
12 37 36
13 37 36
13 36 36
12 37 36
13 37 35
12 37 37
12 37 37
12 37 36
13 37 37
12 37 36
12 37 36
14 38 37
13 38 36
13 37 37
13 38 36
12 38 36
13 36 36
13 36 37
13 37 37
12 36 35
12 37 36
13 39 37
13 36 36
12 37 36
12 36 37
13 36 36
12 37 36
12 36 36
13 37 36
