12 37 35
12 33 35
12 38 34
11 36 35
13 37 34
11 37 34
12 36 35
12 37 34
11 37 35
12 38 35
12 38 34
13 37 35
12 37 35
12 38 34
12 37 35
11 37 34
13 38 35
12 37 35
12 36 35
11 37 35
12 37 35
12 37 35
11 37 35
11 36 34
12 37 35
10 37 35
12 36 35
12 37 35
12 37 34
13 38 35
12 37 35
13 37 36
12 38 35
12 37 35
12 37 35
13 37 35
11 37 34
12 37 35
13 38 34
11 37 35
12 38 35
12 39 35
13 36 36
12 38 36
13 36 35
12 37 34
12 37 35
12 36 35
12 37 35
11 39 35
13 37 34
14 37 35
11 38 35
12 37 35
11 38 34
13 37 34
12 37 34
12 36 35
13 37 35
11 36 35
12 37 35
12 37 35
11 37 34
11 38 35
11 37 35
11 37 35
13 37 34
13 37 35
12 36 35
12 38 34
12 38 35
12 35 35
12 37 35
11 38 34
11 36 35
12 37 35
12 36 35
13 37 35
13 39 36
12 37 35
13 36 34
13 38 34
12 38 35
13 38 35
13 38 35
12 37 35
12 36 35
11 37 34
12 37 34
12 36 36
12 35 35
12 36 34
12 37 35
11 37 36
12 37 34
12 37 34
12 37 35
12 37 35
12 37 35
13 37 35
12 36 35
12 37 35
12 37 36
13 36 36
11 38 36
11 38 37
12 39 37
12 41 38
11 41 38
11 41 38
11 42 38
13 42 38
13 43 38
14 44 38
14 44 38
17 48 39
17 46 39
18 46 38
20 47 40
24 48 40
24 46 40
23 48 40
24 46 39
24 47 38
24 45 40
23 45 40
23 45 39
22 44 40
20 45 39
19 44 41
19 41 42
18 44 42
19 42 43
18 43 43
17 46 44
17 44 45
17 45 45
18 43 46
17 44 44
18 43 43
18 45 44
17 43 42
17 47 41
16 43 42
17 52 49
15 43 43
15 47 41
13 46 44
15 47 44
15 52 41
18 56 39
21 53 39
26 56 37
29 55 35
31 57 36
35 54 35
36 55 34
37 54 35
39 52 37
40 49 34
42 47 38
42 48 39
45 53 38
45 46 38
46 46 38
47 47 38
46 44 38
46 44 39
46 40 39
46 40 38
43 41 39
41 42 41
38 41 41
39 44 42
38 44 43
39 46 45
42 46 47
41 45 44
45 41 44
46 43 41
47 30 47
47 34 40
48 30 38
46 20 42
44 24 47
45 21 44
48 23 43
44 24 39
44 25 38
45 11 50
48 28 46
53 20 50
59 24 53
62 22 51
61 23 45
59 26 38
56 27 35
53 33 34
52 37 36
50 43 38
46 44 42
44 47 37
40 47 43
38 46 44
35 48 39
35 46 44
39 38 49
40 45 44
44 38 48
45 39 45
47 32 40
45 26 46
44 27 42
44 29 39
45 22 40
42 26 40
42 21 44
45 23 38
45 01 52
49 34 38
53 07 56
58 18 59
61 16 57
62 21 49
61 25 45
59 28 40
53 34 36
49 34 31
45 37 27
39 44 36
35 45 39
34 44 40
32 43 49
32 43 49
32 45 52
31 31 60
34 46 50
40 42 49
41 43 42
47 32 40
45 24 43
49 28 47
48 29 44
45 30 47
45 19 47
44 19 42
46 20 38
45 20 34
45 22 33
44 18 35
40 03 40
39 12 42
40 06 42
47 18 47
50 10 58
54 13 58
57 13 53
57 19 45
58 25 38
54 30 33
49 36 35
44 37 37
38 39 37
36 41 41
34 40 47
29 42 46
30 36 52
32 36 54
28 36 55
30 36 53
34 36 56
32 32 53
38 42 50
38 40 48
38 40 49
40 40 43
39 22 45
46 24 42
47 27 41
48 27 41
44 23 40
42 11 38
45 19 33
46 21 32
44 18 31
44 20 21
39 00 46
41 39 42
42 11 43
52 14 39
56 21 39
60 28 40
59 26 33
59 34 40
60 40 32
58 42 36
58 46 33
55 55 31
58 54 33
55 51 33
52 49 34
51 46 31
49 43 36
46 36 35
47 55 35
47 42 33
44 41 32
41 47 37
36 40 36
39 50 39
42 45 40
41 48 37
40 53 39
38 47 36
40 49 39
38 49 39
39 49 40
40 50 38
39 54 41
37 49 34
34 32 52
32 50 46
36 45 40
41 42 40
40 61 46
46 63 49
45 63 45
51 62 35
52 59 31
55 49 28
51 43 30
49 44 29
49 41 32
45 18 42
51 45 35
48 50 39
44 45 37
40 47 38
38 45 41
41 42 33
42 44 35
39 46 39
40 49 40
38 51 40
41 52 39
42 50 39
34 35 49
37 47 51
36 47 45
36 38 40
35 42 43
33 63 50
41 53 51
45 62 45
51 62 39
52 54 40
49 46 34
49 46 30
48 43 33
47 41 36
46 42 33
48 51 41
45 42 37
43 42 35
41 46 39
40 45 39
40 45 40
39 49 40
35 45 39
34 51 43
37 51 45
37 48 42
31 50 47
30 51 47
33 40 38
31 46 38
32 61 45
44 62 49
45 62 46
46 60 44
43 51 44
45 48 39
48 45 34
50 42 35
53 40 34
54 37 36
54 33 32
50 31 46
51 34 39
50 43 34
47 44 31
40 44 43
40 42 44
41 45 39
39 46 39
35 43 39
29 47 45
22 53 46
25 42 42
23 46 41
25 50 43
26 60 48
32 56 50
32 58 47
36 62 43
46 62 42
51 56 43
55 59 38
57 56 38
52 45 39
52 43 38
53 42 36
46 30 37
44 38 37
43 36 40
40 34 37
36 33 38
34 38 45
36 38 44
43 28 49
48 44 44
56 33 48
61 22 53
62 23 54
61 23 50
57 27 46
52 31 43
48 33 40
43 34 40
40 35 36
38 42 38
34 38 45
32 39 40
34 42 45
44 18 56
46 48 48
53 40 50
61 20 56
62 23 58
62 23 52
57 26 45
51 29 37
45 31 36
40 35 42
36 38 40
35 33 43
34 36 46
31 31 40
39 19 47
45 22 38
44 19 41
43 18 36
42 14 35
42 07 36
38 00 38
47 37 52
48 08 59
50 18 54
51 18 51
52 22 49
53 27 44
52 29 40
48 34 41
45 35 44
42 41 43
40 36 47
36 32 38
36 20 49
37 23 43
43 21 41
46 19 40
42 25 35
41 14 49
44 15 56
47 14 51
51 15 39
53 17 34
51 19 30
51 27 30
49 36 33
53 51 36
52 55 39
52 62 32
51 63 37
52 62 36
52 59 32
50 52 33
46 47 32
43 42 31
42 35 31
38 34 31
42 29 33
29 37 46
40 48 47
37 42 48
36 52 55
37 60 62
41 58 58
44 54 47
45 48 40
47 43 33
43 41 30
41 35 29
39 32 32
27 32 46
35 39 38
39 42 41
39 50 56
40 49 63
41 62 63
44 60 56
44 55 44
46 45 31
40 37 29
36 36 30
30 39 29
31 51 42
33 53 40
37 45 40
34 53 41
31 52 40
32 58 60
34 56 54
39 48 45
46 58 51
52 61 49
51 63 37
49 59 34
45 56 33
36 45 30
32 38 32
28 39 34
27 01 41
24 41 45
32 59 43
38 47 40
37 42 42
33 55 46
33 52 46
33 53 44
36 56 46
42 54 46
42 57 45
43 57 47
49 49 43
52 62 40
52 54 41
53 55 38
52 55 32
53 45 28
53 38 31
53 36 34
48 30 33
48 23 34
44 23 34
41 21 33
39 19 29
34 20 17
38 16 34
40 11 31
40 24 26
43 22 28
44 04 28
38 09 29
49 35 46
53 10 55
58 16 53
55 17 52
55 21 44
50 25 39
48 25 36
42 26 35
40 22 32
36 33 54
40 22 42
41 20 35
41 21 35
41 09 40
49 33 44
53 11 54
56 18 53
57 17 50
56 21 45
53 29 43
52 31 40
50 33 40
49 40 39
47 43 40
45 44 42
44 40 42
45 41 45
44 43 47
45 42 47
44 39 51
44 39 45
42 30 43
39 23 42
40 17 40
41 24 40
41 27 42
44 23 45
42 22 50
54 27 51
58 13 60
61 20 60
62 22 51
58 24 47
53 26 43
47 30 40
41 31 36
35 28 33
33 29 28
37 28 48
36 25 39
43 25 37
47 19 32
53 15 40
56 15 59
56 22 60
55 23 55
53 28 52
50 34 41
47 26 37
35 16 22
44 25 46
39 24 38
38 23 38
43 32 42
53 23 48
57 32 49
54 26 47
57 27 40
60 28 35
60 28 35
57 29 37
57 35 38
56 39 35
54 40 36
53 43 37
51 47 35
48 46 37
45 48 39
45 48 39
44 46 40
44 45 42
42 43 42
45 44 42
44 36 50
48 42 41
46 37 42
46 35 45
47 27 44
45 26 41
42 16 46
42 18 41
44 22 42
47 26 42
47 22 42
46 24 45
46 26 43
49 25 43
48 21 42
51 24 40
54 25 40
56 29 39
57 34 41
61 34 37
61 39 37
59 35 39
56 41 35
56 50 30
52 46 33
49 51 29
47 56 32
44 51 35
43 51 34
44 48 36
45 43 38
46 45 33
39 35 50
47 45 42
47 36 35
45 47 36
45 45 35
43 46 37
37 47 42
38 48 47
37 47 42
38 48 42
39 51 42
37 48 43
36 49 47
36 47 41
33 29 47
35 46 57
34 43 51
34 52 58
40 55 59
40 60 52
42 61 45
44 58 43
40 57 35
37 52 31
36 39 38
32 37 36
26 43 34
28 42 48
28 55 40
38 52 41
42 49 41
39 51 47
39 56 48
39 50 50
34 50 46
34 47 40
36 46 37
34 47 38
38 47 41
38 51 41
37 57 39
42 51 41
39 45 39
42 54 35
46 53 37
45 49 36
46 57 34
46 49 38
44 50 38
43 51 39
45 46 39
42 44 35
42 53 29
40 57 31
35 54 39
32 60 36
30 56 35
29 54 37
26 52 39
24 54 42
24 48 40
20 49 42
21 49 44
20 47 42
19 45 44
20 45 43
19 43 44
18 44 45
19 44 44
19 42 44
18 42 43
18 43 43
18 43 44
18 42 44
18 43 47
19 43 46
19 44 45
19 45 47
19 44 47
18 44 46
17 43 47
18 42 46
18 43 47
18 43 47
16 41 45
16 39 44
16 41 43
15 40 43
16 42 43
17 42 42
19 41 44
21 40 42
23 44 40
23 48 40
24 43 39
23 44 39
22 46 42
22 45 41
22 44 38
21 44 42
21 45 43
18 42 40
14 42 41
10 42 39
08 43 37
09 43 37
12 43 37
13 41 35
11 40 35
09 38 34
10 34 35
12 37 37
14 38 40
08 19 51
15 42 40
11 42 38
08 37 33
13 38 30
12 39 33
13 38 34
12 38 33
12 39 33
13 39 33
11 39 33
13 39 34
12 40 33
12 39 34
14 39 34
13 37 34
13 38 34
13 39 34
13 37 35
12 37 36
12 38 36
12 36 38
12 36 37
12 40 36
14 40 35
13 39 34
12 39 34
12 39 34
13 39 34
13 39 34
12 39 35
12 40 34
11 40 33
14 40 33
13 40 34
12 40 34
12 38 35
11 38 35
13 37 35
13 38 37
12 38 36
13 37 35
12 38 35
12 39 35
12 38 34
13 39 34
13 38 34
13 38 34
12 39 34
12 39 34
12 40 34
12 39 35
11 39 35
11 38 34
11 39 35
12 38 35
13 39 34
12 39 34
13 39 34
13 38 34
12 39 34
12 39 34
12 38 34
11 40 35
13 38 35
13 38 34
12 38 35
12 40 36
13 38 34
11 39 34
12 38 34
12 39 34
13 38 34
13 38 34
12 39 34
13 38 35
13 38 35
12 38 35
13 39 35
12 37 35
11 38 34
11 39 35
12 38 34
13 40 34
13 38 35
12 38 35
12 40 35
12 39 34
12 38 34
13 40 34
13 39 35
12 39 35
13 37 35
13 37 34
13 37 34
13 39 35
12 39 36
12 38 36
12 39 35
12 39 34
13 39 34
12 40 34
12 38 34
13 40 35
13 39 35
12 38 34
14 39 35
13 38 34
12 39 34
12 38 34
12 39 34
14 40 34
13 38 35
12 39 35
12 38 35
13 39 34
11 38 34
14 39 34
12 40 34
13 39 35
12 38 34
13 38 34
12 39 34
12 38 34
13 38 35
13 39 35
12 39 35
12 41 35
12 42 35
12 40 35
