13 38 36
13 38 33
62 13 39
11 38 36
12 39 36
12 39 35
12 39 35
12 38 35
12 38 35
12 40 35
12 40 35
12 36 36
13 38 36
13 36 36
13 37 36
13 38 36
14 39 36
13 37 35
13 39 36
11 40 35
12 38 35
13 38 36
14 38 36
13 38 36
13 38 35
14 38 36
13 38 36
14 38 37
14 38 36
12 38 36
12 38 36
13 39 36
12 39 36
13 39 37
12 38 37
13 38 36
13 37 35
12 38 35
13 39 36
11 38 36
12 37 35
11 37 37
12 37 36
12 36 35
12 37 36
13 37 36
12 37 36
13 38 36
13 37 35
13 38 36
13 38 35
13 39 36
13 38 37
11 38 37
12 38 37
13 38 36
12 38 36
13 38 36
13 38 36
13 39 36
13 38 36
13 37 36
13 38 35
12 38 36
12 38 36
12 38 37
12 37 34
13 37 35
13 37 35
12 37 36
13 39 37
14 38 37
11 39 37
10 42 38
11 40 39
09 43 41
07 46 43
08 48 45
11 48 45
15 48 46
19 49 47
23 45 43
27 46 44
31 44 45
32 40 44
35 38 44
36 40 44
36 39 46
35 38 44
34 40 45
31 42 48
29 40 46
28 44 47
27 45 49
25 44 49
24 40 49
25 44 50
27 44 48
24 42 45
24 44 51
23 43 50
23 43 50
20 47 48
25 58 51
26 47 52
30 54 49
29 57 49
34 58 50
37 57 48
41 54 48
42 52 45
44 50 41
45 44 39
47 43 39
47 41 38
48 39 40
48 41 42
47 41 40
44 38 38
42 36 38
42 39 40
41 39 42
42 38 42
42 40 43
43 42 44
44 44 43
44 42 45
44 35 51
48 40 43
48 39 43
47 36 45
48 29 44
47 32 39
43 17 39
44 19 35
45 19 31
45 03 43
42 19 43
54 24 51
60 15 51
60 17 51
63 20 47
62 24 42
61 27 39
58 31 35
53 32 38
47 33 38
43 37 37
38 37 37
35 33 40
32 40 39
30 39 47
35 32 53
40 27 45
46 28 44
46 31 44
45 31 40
49 18 38
43 19 34
43 15 37
48 00 56
45 23 52
55 07 59
61 10 57
63 12 54
62 17 51
60 20 47
56 27 40
52 31 35
45 31 35
38 28 35
32 31 33
27 37 42
30 33 41
35 15 50
38 24 37
42 17 35
45 21 34
46 19 30
42 16 28
43 07 22
42 00 33
46 36 47
52 00 62
56 08 62
61 09 55
58 18 50
55 25 43
48 29 39
42 31 35
35 31 32
28 33 36
28 33 35
24 26 24
35 25 31
40 13 32
43 14 29
42 19 22
38 15 18
45 00 25
40 03 22
46 38 57
47 00 61
54 10 57
53 08 50
53 18 44
48 26 42
49 30 39
44 26 38
38 31 36
36 34 41
37 28 39
39 10 54
36 22 35
37 21 28
42 11 26
41 06 27
42 00 38
41 22 45
49 02 52
54 10 47
54 13 44
53 24 47
54 27 41
50 35 40
49 36 43
46 40 43
46 41 42
41 44 46
39 46 48
39 46 47
35 38 52
42 42 50
41 37 46
42 35 45
43 30 44
42 24 40
41 22 37
41 16 40
41 22 39
43 25 38
39 13 42
43 09 43
45 36 44
53 07 45
57 18 43
58 20 41
60 23 36
57 28 30
55 34 33
53 40 38
53 47 41
55 50 43
52 52 43
52 59 46
51 51 45
49 44 40
49 44 36
44 43 37
44 38 38
45 41 36
43 11 38
44 50 41
43 46 43
42 30 36
39 33 39
31 31 37
22 22 57
22 23 63
25 31 63
37 32 63
47 38 60
50 45 55
53 44 44
50 39 40
48 38 35
44 42 34
42 31 35
42 07 36
40 49 51
40 39 45
44 41 44
48 42 45
37 24 45
30 17 61
31 19 63
34 25 63
42 31 62
45 41 59
48 45 48
44 45 45
45 34 41
45 30 34
40 36 32
42 00 45
39 42 48
39 37 43
45 37 42
44 40 50
45 38 47
41 39 45
35 36 47
35 32 54
31 13 59
33 52 63
39 38 59
39 20 55
39 36 63
44 45 63
46 48 57
48 47 51
45 47 48
41 40 43
40 37 38
36 36 31
36 29 33
34 29 33
36 09 46
38 38 45
43 43 52
45 37 49
45 45 51
42 48 47
41 39 44
35 41 51
33 26 50
31 38 58
33 46 56
36 31 48
37 37 58
40 52 63
43 44 62
46 53 56
50 49 48
50 48 44
50 44 41
49 39 39
50 39 40
48 36 38
50 34 39
50 36 39
50 33 37
45 37 52
47 38 43
47 36 44
46 44 39
41 39 41
37 40 45
35 45 49
37 45 50
38 39 49
38 43 46
36 41 49
35 47 48
31 26 52
33 42 58
33 45 54
35 34 41
30 41 57
31 48 63
37 49 61
41 51 56
42 55 48
46 46 46
44 42 45
44 43 42
45 44 41
44 38 42
45 39 44
45 41 45
41 33 51
40 41 51
38 44 48
39 46 46
38 46 48
37 40 45
38 43 45
35 44 45
36 45 46
34 45 47
36 44 48
36 32 42
31 31 54
32 40 62
34 34 56
32 37 61
33 46 63
36 51 62
40 52 54
41 49 50
43 46 45
41 42 43
39 40 44
38 36 38
35 39 37
37 05 43
31 42 49
33 48 48
33 41 44
31 48 47
27 20 52
22 55 62
28 51 54
28 39 48
29 52 53
33 56 57
42 53 51
47 54 51
52 58 47
52 55 48
54 47 45
55 44 41
54 40 39
53 37 40
51 33 39
48 28 36
44 29 36
42 27 33
38 24 34
37 25 31
38 24 25
35 11 19
42 20 21
42 14 22
43 27 24
39 14 26
41 01 22
39 15 26
45 27 39
51 04 49
58 08 54
60 08 45
59 15 44
56 24 42
52 28 38
47 29 38
43 29 36
37 27 35
35 29 31
34 23 45
35 19 36
37 21 28
41 15 25
40 00 35
45 25 41
52 03 48
56 12 45
57 10 41
57 21 43
56 24 43
53 30 39
52 40 39
51 38 39
48 42 41
44 43 46
44 42 45
45 41 48
43 39 49
44 36 47
42 36 52
41 36 44
41 24 43
41 26 38
39 15 39
40 23 38
43 23 42
44 21 41
44 11 48
43 22 44
47 21 47
53 10 54
58 17 57
60 13 55
62 17 50
60 19 45
56 22 39
54 24 38
49 28 38
45 28 37
39 28 36
36 30 35
34 30 34
33 28 29
38 09 38
39 15 32
40 23 28
42 18 24
40 05 20
39 11 35
37 31 47
47 09 44
52 21 41
51 23 44
55 23 40
52 31 37
55 40 41
55 38 37
53 43 40
50 46 40
48 42 40
46 43 47
45 41 44
43 41 48
41 41 45
37 39 48
34 39 52
31 43 53
30 41 53
30 41 53
27 42 52
25 47 54
26 43 53
24 42 52
24 45 52
23 46 52
25 43 50
24 44 50
24 44 50
24 43 50
25 43 49
26 41 49
24 42 50
25 41 50
26 43 49
25 43 49
25 43 49
25 40 49
24 42 48
22 44 49
21 44 48
21 44 48
21 46 48
23 45 49
27 46 47
28 44 46
30 42 44
32 41 45
32 39 44
32 41 43
31 40 44
30 43 44
28 43 46
27 41 49
23 48 49
20 43 45
19 48 50
17 46 46
15 43 42
15 41 40
12 44 40
10 43 40
08 44 39
08 44 38
10 42 38
12 39 39
11 39 39
11 41 35
10 42 33
12 38 32
13 37 34
12 37 35
13 38 35
13 37 34
12 39 34
13 38 35
13 38 34
12 38 35
12 38 35
13 39 34
12 38 35
13 39 34
12 37 35
12 39 35
12 37 35
12 38 35
12 38 35
14 38 34
13 38 35
13 38 35
11 38 36
13 38 35
14 36 36
12 38 35
12 38 35
13 38 35
13 37 34
12 39 34
12 38 35
12 38 35
13 39 35
12 40 35
13 39 35
13 37 36
13 38 35
12 38 34
12 39 35
14 39 36
13 40 35
13 40 35
12 38 36
13 38 35
13 40 35
13 37 35
13 36 35
11 37 35
12 36 35
12 38 35
13 37 35
14 38 35
12 38 36
13 38 36
12 38 35
12 39 35
14 39 36
13 38 36
12 38 36
13 38 36
13 38 36
13 38 36
13 38 35
12 39 35
12 37 35
11 39 35
13 38 35
13 38 35
13 39 35
13 38 35
12 38 36
13 39 36
14 38 35
12 38 36
12 40 36
13 39 36
11 41 36
09 43 36
10 48 38
11 48 39
13 47 37
18 48 37
19 45 38
22 46 39
23 45 40
23 45 40
21 45 42
22 43 40
22 42 42
24 42 43
22 42 45
21 41 44
21 42 44
22 42 48
21 42 45
21 43 47
22 42 47
22 42 46
23 39 49
22 39 46
25 38 47
24 37 50
25 37 49
25 39 51
25 38 51
25 38 52
27 38 52
29 37 52
28 39 53
30 37 54
28 38 54
31 37 53
29 38 53
27 36 55
33 35 52
33 34 56
34 32 53
33 36 53
34 36 53
34 35 50
