35 39 51
35 39 51
34 39 52
35 39 52
36 39 52
34 40 51
35 40 51
34 39 51
35 40 52
35 39 53
35 39 51
35 40 52
35 40 51
35 39 52
36 40 52
34 41 52
35 39 52
35 39 51
35 39 52
35 40 52
35 39 51
34 40 52
34 39 52
35 41 52
35 39 52
34 39 52
34 40 52
34 40 52
35 39 52
35 41 52
35 39 52
35 40 50
35 39 51
35 41 52
35 39 52
34 40 51
34 38 51
35 41 51
36 37 50
38 39 50
38 36 51
35 37 52
35 41 51
32 39 53
33 39 55
32 41 54
32 40 52
31 42 54
31 41 56
27 39 51
33 44 50
31 37 50
31 39 50
29 38 48
27 37 48
24 35 49
23 35 48
20 38 49
17 38 54
19 36 53
22 43 54
24 38 49
27 44 47
27 49 48
27 45 47
24 48 46
24 49 46
23 48 46
22 50 45
21 50 46
22 51 48
25 49 49
29 51 49
26 53 52
28 52 53
30 51 55
33 56 52
33 47 52
36 48 50
36 48 46
38 42 43
41 39 41
43 36 41
42 31 39
42 28 42
47 24 39
42 22 35
45 17 31
45 12 30
37 19 31
44 16 36
43 16 38
40 06 36
42 05 42
44 20 40
43 25 33
47 00 34
46 11 39
44 24 44
46 16 48
44 18 48
44 18 46
44 16 44
43 17 39
42 21 38
37 18 42
33 26 37
33 51 47
40 13 42
43 09 38
46 12 40
46 23 38
45 06 42
42 21 48
42 25 52
44 18 47
43 17 48
41 27 47
42 18 45
43 23 40
40 25 42
37 30 31
38 51 52
42 15 46
46 18 46
45 20 43
41 06 46
41 11 48
39 27 49
41 24 47
42 21 46
42 24 48
42 22 46
43 16 39
42 27 41
35 05 59
38 20 57
42 17 46
42 17 45
39 12 48
38 06 49
38 22 46
40 24 49
42 22 49
42 22 48
42 25 49
42 17 47
42 24 42
42 29 45
34 14 61
40 32 58
43 18 51
43 35 47
42 11 47
38 07 53
38 23 49
42 19 47
44 21 48
43 27 50
44 24 48
44 21 44
43 28 43
43 25 44
37 15 47
44 41 46
39 31 55
39 26 53
41 28 50
42 23 49
40 26 49
36 32 53
36 26 59
35 34 57
35 26 59
35 37 62
38 40 58
39 43 50
40 40 49
41 34 47
42 30 40
42 24 35
45 15 32
45 15 30
39 00 50
42 22 42
42 13 43
41 27 46
35 31 59
37 20 62
42 22 59
44 27 55
43 25 57
41 38 57
42 43 54
41 35 50
42 35 42
42 28 39
42 20 33
45 16 27
46 10 27
42 00 39
43 21 38
46 17 46
45 22 49
44 22 51
44 19 49
45 18 48
44 20 46
44 21 45
43 21 44
43 21 45
44 19 42
42 20 44
43 19 45
40 19 46
36 27 51
38 22 51
37 24 51
36 28 56
38 35 55
39 36 53
40 31 51
44 23 49
44 23 44
48 17 38
43 12 37
34 05 42
35 19 45
38 20 48
39 23 48
38 19 48
38 21 47
37 21 52
37 22 54
35 18 48
37 26 50
37 27 52
36 31 56
38 35 55
42 28 54
43 28 52
43 26 48
44 21 44
43 19 40
43 16 38
42 00 37
41 32 43
39 18 46
38 28 49
37 26 48
36 22 51
34 25 56
35 25 58
38 24 55
37 25 48
39 21 47
37 21 51
37 32 54
37 30 55
41 27 52
42 25 48
43 22 46
45 17 42
47 17 38
52 20 33
41 34 50
36 24 52
38 22 52
37 23 51
36 22 55
38 19 57
39 23 53
40 29 53
36 27 53
37 35 56
39 39 53
41 31 49
43 30 45
45 24 43
46 16 40
46 16 36
48 14 35
47 27 46
41 21 50
39 26 53
36 29 52
39 25 51
40 20 51
39 22 54
38 22 54
37 26 52
39 29 52
40 27 52
39 34 56
41 35 52
43 34 49
43 32 48
43 27 45
46 20 41
47 21 38
48 20 36
30 07 48
31 26 51
32 18 57
36 28 54
37 29 54
38 27 56
36 25 54
39 23 54
37 27 53
37 29 57
38 31 61
39 36 59
40 37 55
42 33 51
42 33 46
44 28 42
42 23 36
43 22 34
46 03 47
45 26 36
32 20 43
34 22 47
36 25 49
38 24 50
37 29 56
36 22 61
35 23 61
37 25 58
37 29 57
37 22 58
35 32 61
36 37 60
37 37 52
40 35 48
40 30 44
42 27 42
42 24 36
41 18 27
31 03 36
36 14 39
37 19 46
38 24 43
40 22 48
40 19 52
38 18 60
36 20 61
37 23 56
40 30 52
39 27 53
36 36 57
39 35 52
41 24 50
40 24 45
41 17 43
42 22 39
44 17 30
57 00 26
27 03 37
37 21 42
40 15 46
40 25 48
40 23 50
40 20 51
39 24 52
39 21 55
34 21 54
34 21 52
36 19 57
36 26 57
37 30 53
42 27 50
41 24 50
42 26 47
42 29 42
43 19 40
45 16 36
47 18 33
43 31 42
42 25 47
41 23 51
41 23 48
42 17 48
39 24 48
40 21 46
37 22 47
37 22 53
32 25 54
34 28 54
36 30 58
37 33 56
41 32 54
42 29 52
42 21 49
45 19 42
47 19 41
46 17 37
44 16 36
40 14 36
38 17 32
39 00 43
39 12 43
41 21 46
40 25 42
42 21 37
43 17 35
44 05 38
43 12 43
44 10 44
42 15 45
46 21 47
45 13 46
43 20 47
40 14 47
40 14 42
40 15 36
40 20 35
37 21 30
34 28 33
36 23 39
40 18 37
43 18 35
45 10 37
48 09 45
45 12 47
43 32 50
47 20 47
43 22 44
44 24 47
40 17 48
39 15 41
39 22 37
34 05 60
36 31 42
35 22 41
39 17 40
45 20 38
43 10 37
44 07 45
39 22 45
41 27 51
44 18 45
45 23 43
42 26 47
39 13 48
42 21 41
43 26 31
39 28 46
38 19 49
39 17 49
42 15 46
40 09 50
39 18 54
40 30 53
44 22 50
43 25 47
45 26 47
42 23 50
40 17 53
40 27 47
42 37 43
36 11 56
41 21 53
41 19 49
42 22 47
42 21 51
42 17 48
40 10 50
39 23 48
39 26 48
40 21 48
42 22 48
42 23 50
43 22 51
45 23 48
44 25 45
44 28 43
43 31 43
41 31 34
36 30 54
37 19 50
40 20 51
43 17 50
42 17 45
41 12 50
42 12 51
44 15 48
45 19 47
46 20 45
45 21 42
46 26 40
43 29 42
42 28 41
43 23 41
40 07 49
45 35 47
37 20 47
38 26 49
40 26 51
37 23 52
37 26 56
36 29 57
39 28 53
37 26 56
36 33 59
39 38 57
43 38 53
43 38 52
44 35 49
45 30 43
47 22 40
46 20 38
45 17 36
45 16 33
32 06 41
40 25 40
39 17 45
38 23 47
40 23 49
39 24 48
39 22 50
37 20 55
37 22 59
40 27 58
39 20 55
39 27 59
36 34 59
40 32 54
40 36 51
41 36 49
41 28 44
44 23 39
44 19 35
46 14 31
49 03 30
44 27 36
39 24 39
39 24 44
38 25 48
39 23 48
38 24 49
40 21 49
39 21 53
38 23 53
36 23 52
38 28 52
39 25 51
39 27 51
40 27 52
41 23 50
43 20 48
43 19 47
43 22 45
42 23 47
41 24 46
42 22 47
42 22 44
42 19 42
43 17 40
43 18 40
54 09 41
45 34 44
39 21 50
37 28 50
36 19 51
39 19 50
40 22 46
40 26 45
39 23 47
38 24 53
36 26 53
35 25 53
38 26 53
39 27 54
38 27 56
41 32 55
41 34 52
41 35 51
41 31 50
42 25 49
43 25 45
45 18 45
45 18 41
44 18 37
46 14 37
37 00 43
42 19 44
40 20 45
40 21 48
42 21 45
43 20 42
45 21 42
41 19 43
41 24 44
41 21 45
39 27 51
38 30 51
44 33 50
40 27 51
41 30 47
41 39 53
41 37 54
40 38 53
40 39 49
39 45 51
36 43 50
37 41 49
36 45 46
34 45 46
32 47 47
30 52 48
29 48 46
30 49 45
30 49 47
27 52 42
26 52 44
26 50 45
26 49 44
25 50 46
24 50 45
26 50 46
25 52 47
24 49 47
24 49 45
22 48 44
24 48 44
23 48 43
23 49 41
23 48 40
24 48 43
23 48 43
25 48 44
25 49 44
25 50 46
27 44 46
27 43 48
25 46 49
25 44 48
25 44 47
24 46 47
22 45 46
22 45 48
21 43 46
23 42 46
25 42 47
25 42 47
24 42 47
25 45 49
24 44 51
27 45 52
27 43 53
29 40 53
30 40 52
31 35 50
32 31 50
33 32 51
32 33 52
31 35 51
31 34 49
29 36 49
27 39 50
29 45 56
27 56 58
31 37 50
36 40 48
30 44 46
32 47 47
34 42 51
34 43 51
32 42 51
34 43 50
33 43 49
32 46 48
32 45 48
31 45 48
31 45 48
29 46 49
28 47 48
30 45 48
28 46 48
29 45 50
29 46 49
28 45 49
28 44 49
29 43 49
30 44 48
30 44 49
29 44 49
29 44 49
30 43 50
29 44 49
29 43 48
29 43 49
29 43 49
30 43 49
30 44 49
29 44 49
30 44 49
29 44 49
30 42 49
29 44 49
29 45 49
29 45 49
30 44 50
29 44 49
28 44 49
29 42 49
30 43 49
29 43 48
30 43 49
29 45 48
29 44 49
30 43 48
29 44 50
28 45 49
29 44 48
29 43 49
30 44 49
30 44 49
28 45 49
28 44 48
29 44 48
29 44 50
29 45 49
29 44 49
28 43 50
28 43 49
29 45 49
28 43 49
30 44 49
29 45 48
30 45 49
28 44 49
30 43 49
