31 38 53
51 53 33
32 37 52
32 39 53
33 38 52
31 38 52
31 38 53
31 39 52
30 38 53
31 37 53
30 36 52
30 37 52
30 37 53
29 37 52
30 35 53
30 36 52
30 37 51
30 36 53
30 36 52
31 36 52
30 37 53
30 36 52
29 36 53
31 37 52
30 36 52
30 36 53
30 37 52
30 38 52
28 36 52
29 38 52
29 36 52
30 35 56
28 33 54
27 31 54
27 36 54
30 32 55
30 35 52
33 36 51
32 37 48
30 33 46
28 35 43
24 41 44
19 54 42
16 45 42
13 51 45
13 49 43
17 47 42
20 45 43
19 40 45
18 38 47
16 40 48
16 36 49
16 39 48
17 38 46
17 38 45
20 51 48
19 41 42
16 54 40
16 58 38
18 54 36
21 61 34
23 59 34
29 56 35
32 55 33
35 52 34
35 51 32
35 49 36
36 50 37
37 51 38
37 48 41
38 49 40
36 51 42
37 50 44
37 52 43
38 53 44
38 48 44
34 43 39
34 45 39
33 48 39
35 51 39
38 54 41
41 53 42
40 53 44
39 52 45
39 47 42
35 49 40
40 49 43
45 40 41
46 42 42
44 45 43
44 39 42
42 37 42
45 34 39
45 41 43
47 29 44
53 36 51
61 28 48
61 31 48
62 36 43
62 38 38
58 45 35
54 46 35
54 40 34
40 46 29
34 53 35
32 50 41
30 47 39
33 48 45
33 41 44
46 17 46
43 46 42
46 35 44
46 39 42
49 39 42
52 22 45
49 27 57
60 32 61
63 26 46
63 25 50
63 30 41
61 36 33
54 41 33
50 40 34
36 42 29
33 48 39
32 43 41
32 43 38
30 44 41
44 21 52
47 33 46
45 45 47
48 38 44
48 32 38
49 27 38
57 07 47
50 52 57
63 23 62
63 28 48
63 27 47
63 30 39
62 32 36
54 40 34
49 41 35
38 39 37
30 43 37
29 43 42
24 44 36
38 33 45
44 32 40
46 28 42
48 40 40
49 26 39
45 26 41
52 07 41
47 30 52
61 29 60
63 22 57
63 22 54
63 26 44
59 32 40
50 40 39
45 39 39
34 40 38
29 39 36
28 42 41
39 20 47
40 29 36
45 28 36
47 29 36
47 13 34
48 24 34
52 17 35
49 35 44
56 36 54
63 20 63
63 21 62
63 28 50
62 35 43
55 37 39
51 39 37
41 42 38
35 41 39
32 31 30
43 01 58
31 53 37
45 20 38
44 31 33
46 16 32
46 16 26
52 07 31
51 16 35
50 41 46
56 20 62
61 15 62
63 20 51
62 27 38
60 30 30
56 35 31
48 43 29
48 42 33
43 44 33
40 47 38
38 49 46
37 50 46
36 51 48
38 50 48
37 50 47
37 47 43
49 24 48
44 47 43
47 38 42
48 36 41
46 36 39
50 27 38
47 26 34
49 24 37
55 29 36
56 19 39
46 37 44
53 28 44
56 31 51
60 31 55
63 26 45
63 27 42
63 30 36
61 32 30
55 40 27
51 40 30
47 44 35
41 42 32
37 47 39
36 47 42
32 40 38
39 50 47
44 48 40
47 34 42
47 30 37
46 32 38
47 18 42
45 30 40
53 35 37
53 31 38
50 24 42
52 23 47
47 38 44
53 28 52
61 26 52
62 29 56
63 25 53
63 29 45
63 34 37
62 36 31
55 36 32
49 38 32
43 38 33
33 38 35
29 36 33
29 37 34
33 39 40
44 23 48
45 32 40
48 37 41
53 30 39
47 26 40
52 20 40
60 00 56
52 36 61
62 13 62
63 23 58
63 24 51
63 28 47
57 33 41
51 35 39
43 39 39
34 37 36
27 39 33
29 41 40
41 06 54
42 22 39
47 24 36
45 34 31
48 28 39
50 08 38
48 00 35
44 22 38
47 51 45
62 07 61
62 18 62
63 25 53
63 35 49
61 39 44
51 47 38
47 45 38
39 40 40
29 45 38
29 39 38
31 35 37
44 01 46
45 19 38
48 25 32
46 30 34
48 24 34
43 08 18
43 17 35
42 41 48
57 21 52
60 27 54
62 16 52
62 19 41
58 26 35
54 31 29
50 33 28
46 37 26
47 40 23
44 49 24
45 54 30
45 60 30
43 62 38
46 60 44
46 61 42
44 58 38
46 54 32
47 49 33
45 46 33
50 10 43
46 42 38
47 48 38
46 47 37
43 30 38
38 50 56
45 32 36
34 05 45
26 28 63
36 38 63
40 50 62
46 61 60
46 57 45
48 45 32
48 44 25
48 42 24
50 30 27
49 34 25
46 32 36
44 49 38
42 50 33
43 45 37
35 32 46
33 41 62
43 28 57
47 23 57
42 43 62
44 48 62
42 59 58
43 59 51
45 55 43
48 47 35
46 42 30
43 38 30
42 33 30
42 32 29
45 03 40
41 44 40
43 46 38
47 41 41
43 48 39
43 46 47
39 49 56
41 42 53
43 46 55
40 47 52
41 44 62
39 61 63
44 62 61
46 59 47
47 52 37
42 46 31
36 40 26
38 32 28
36 34 29
41 10 42
38 37 42
42 46 41
42 53 41
40 50 45
31 28 52
38 50 58
38 50 50
43 48 43
46 43 47
41 59 62
45 57 62
43 58 57
44 56 54
43 53 47
41 49 41
44 46 33
47 41 30
48 37 25
50 29 26
49 31 26
46 10 50
41 36 43
47 44 41
46 45 40
42 45 44
39 40 48
36 40 43
36 28 48
35 46 57
35 42 55
29 43 55
30 52 63
37 58 62
42 62 56
45 59 48
47 52 41
48 45 37
50 40 33
47 39 26
50 34 32
49 33 31
50 20 51
46 40 36
49 45 37
46 44 40
41 39 44
38 42 45
40 38 45
33 47 52
31 40 49
32 29 43
33 42 53
36 47 54
36 45 51
30 37 52
31 53 62
35 59 61
42 58 54
46 57 47
48 50 41
52 43 40
50 43 37
49 42 32
50 37 34
44 38 32
45 51 45
44 40 41
44 43 42
40 43 43
38 43 42
40 39 42
42 44 46
43 46 47
45 41 42
44 43 46
40 44 45
36 35 53
38 40 56
41 43 45
42 42 41
40 33 45
34 46 62
37 46 59
40 40 58
44 56 57
46 58 50
49 53 42
51 46 38
50 44 31
50 46 32
51 39 36
50 41 37
47 35 39
46 46 43
47 45 44
48 44 41
48 42 37
45 41 36
41 42 38
41 43 43
42 45 42
38 43 47
35 46 48
35 46 47
34 43 51
34 51 56
35 48 49
33 47 45
31 48 45
28 48 51
25 55 56
26 56 55
28 59 55
30 60 55
32 54 51
35 53 48
37 53 42
36 50 42
37 49 43
36 49 43
34 45 42
33 42 45
35 33 49
36 42 50
37 39 51
36 40 52
35 47 51
34 40 52
39 32 50
36 46 52
38 30 47
41 22 46
40 25 47
36 28 49
36 25 48
30 37 45
33 37 45
45 12 41
45 19 37
46 20 35
46 15 37
43 25 40
42 09 36
44 06 38
40 35 42
43 16 54
45 14 63
56 13 58
63 19 49
62 37 49
61 37 42
55 39 38
50 40 37
40 43 35
36 46 36
32 44 40
28 44 42
27 41 48
25 41 51
28 40 56
26 33 55
30 35 60
30 41 54
32 47 52
36 40 49
36 45 50
37 37 47
42 31 48
44 30 50
41 37 50
41 35 51
42 30 51
41 35 51
42 32 53
42 31 51
44 30 49
45 28 48
45 28 47
47 24 46
45 30 46
48 24 45
44 32 43
47 17 42
46 31 38
46 05 40
40 26 42
40 28 52
42 24 51
44 28 56
48 23 59
55 21 49
62 19 42
61 30 45
59 34 38
57 37 35
51 43 35
49 43 36
46 46 36
37 49 37
33 55 44
29 54 43
30 50 46
34 48 48
42 38 47
43 43 42
49 32 46
50 42 45
48 40 39
50 24 41
47 27 41
48 30 40
53 30 39
48 18 46
48 28 54
54 21 61
62 20 55
63 28 50
62 29 44
62 29 41
57 33 35
50 38 34
44 37 37
35 35 33
31 40 39
32 40 41
41 18 50
38 31 39
44 26 35
46 23 32
44 20 32
51 02 37
50 21 40
49 39 52
59 15 58
62 19 58
62 22 48
59 25 42
55 27 35
49 34 36
47 38 36
46 40 40
43 46 38
40 50 38
38 50 43
38 51 45
35 51 47
35 49 47
36 48 48
43 35 51
42 45 42
44 46 41
47 34 44
47 30 39
45 30 38
49 25 36
45 22 39
46 32 41
49 19 46
47 17 55
43 37 53
51 32 57
57 23 59
62 26 62
63 29 52
62 31 47
62 33 43
56 33 40
50 33 35
45 34 35
38 37 38
34 33 32
33 28 32
29 17 32
37 39 37
45 15 34
50 19 35
46 30 29
49 15 31
45 08 36
43 09 39
34 28 41
42 27 44
51 25 50
53 29 53
57 32 50
57 38 51
55 39 50
51 38 47
48 40 45
46 41 45
44 38 46
42 41 42
39 41 41
39 39 44
39 40 41
36 43 43
36 43 43
34 42 45
33 44 47
31 46 47
28 46 49
25 49 51
24 44 51
20 46 53
22 44 52
18 43 49
17 44 49
17 43 48
17 40 47
16 41 50
15 43 51
18 40 53
19 40 48
20 40 45
20 42 45
20 39 46
19 39 47
18 39 50
18 37 45
18 39 46
19 39 46
19 39 46
18 38 46
19 40 47
18 38 46
18 39 47
19 38 46
19 38 46
18 37 46
19 38 47
19 36 46
19 38 47
19 37 47
17 38 47
19 37 46
20 37 46
20 38 47
19 38 48
17 38 46
18 39 51
17 43 51
16 42 50
16 42 52
20 41 50
22 39 47
26 41 47
25 44 46
27 43 45
29 39 47
30 39 49
31 38 48
32 36 47
31 33 46
30 35 45
25 44 59
25 20 62
21 32 49
29 31 55
32 31 51
33 34 53
33 36 54
29 38 52
28 40 53
28 39 53
30 38 52
31 35 53
31 34 52
31 35 52
31 35 52
30 36 53
29 37 52
31 37 52
30 36 52
28 38 52
29 37 53
31 36 53
29 36 52
29 37 53
30 37 52
31 36 53
29 36 52
29 37 53
30 36 52
30 37 53
31 37 52
30 38 52
31 38 51
31 35 51
30 35 52
30 36 52
30 36 53
29 37 53
30 36 52
30 36 52
30 37 53
29 37 53
29 37 53
30 36 53
29 37 53
29 36 53
29 36 52
30 37 53
30 36 53
29 37 52
30 37 53
29 37 52
32 37 52
29 36 52
30 37 52
29 37 51
31 37 52
30 37 52
31 36 52
29 37 52
31 37 52
29 37 53
30 36 52
31 38 52
30 36 53
30 36 52
30 35 52
29 37 53
29 37 53
31 37 52
30 36 53
31 35 53
