19 31 37
31 37 52
32 36 52
31 36 53
31 36 53
32 37 52
31 37 52
30 37 53
32 36 53
30 36 53
30 37 52
31 36 53
32 38 53
30 37 53
31 37 53
31 36 52
31 36 53
31 36 52
31 36 53
31 37 54
32 36 53
31 35 53
32 36 53
31 36 52
31 36 52
31 37 52
32 37 54
32 37 53
31 36 53
31 36 53
31 36 54
32 36 55
31 37 52
31 39 52
31 39 52
33 39 52
33 36 53
32 38 52
33 39 52
32 39 52
33 40 53
32 41 54
35 42 54
34 40 54
34 36 53
35 36 53
34 35 53
36 35 53
37 36 53
39 33 52
38 36 52
39 45 52
39 47 52
39 47 53
39 47 51
38 46 52
38 45 50
36 46 51
35 45 50
34 44 50
33 44 49
33 42 49
32 41 47
35 42 48
35 41 46
36 40 48
36 41 47
37 41 46
38 39 44
39 40 45
40 41 43
40 39 41
38 40 41
43 43 44
43 44 44
45 46 47
45 47 52
46 47 51
47 46 54
45 45 55
42 44 54
41 43 51
39 43 48
37 42 46
36 44 47
34 41 47
34 40 48
34 35 51
33 36 51
30 36 51
26 34 61
31 45 57
36 52 53
35 46 52
33 40 56
34 42 56
36 51 58
41 50 57
39 49 55
41 50 50
43 46 46
43 43 43
42 41 45
44 34 46
45 35 44
45 32 42
46 31 44
45 28 43
44 25 44
43 25 45
41 21 45
40 22 42
39 18 45
38 09 40
41 19 41
41 22 42
40 26 42
40 25 40
41 22 40
40 18 40
45 14 38
46 11 37
54 08 38
52 10 39
56 13 42
54 16 43
52 22 47
48 25 46
46 25 43
43 25 44
41 24 42
40 21 37
35 17 36
36 17 35
36 22 32
38 06 28
37 17 30
38 21 30
38 17 26
38 03 20
38 09 20
38 02 26
37 12 25
41 15 33
45 07 31
48 10 33
50 14 36
54 18 40
53 22 45
50 24 46
50 24 43
47 30 48
44 31 49
44 31 48
42 31 47
42 27 47
39 31 49
39 28 49
38 26 46
39 22 47
41 28 48
43 19 48
43 19 44
44 20 44
45 16 44
43 15 41
43 17 42
40 07 45
44 17 41
47 14 42
50 18 41
51 19 43
53 25 47
52 26 47
51 28 48
49 27 47
48 29 46
46 29 45
46 29 47
46 30 47
45 30 46
43 30 47
40 32 49
38 28 49
36 28 47
36 29 48
34 29 46
30 25 44
30 29 54
29 20 52
30 15 50
31 19 50
32 21 50
33 09 47
28 09 41
30 18 48
32 17 53
37 26 56
42 32 54
47 29 50
48 33 50
48 30 48
46 32 48
44 27 46
42 24 41
40 15 41
38 25 49
37 24 50
37 22 49
36 24 49
37 26 50
36 23 52
36 18 50
34 18 48
32 18 52
32 12 54
35 15 54
38 24 55
42 23 53
45 26 49
46 26 47
46 25 45
44 22 44
44 24 42
43 25 40
42 23 37
39 24 38
41 07 38
44 16 33
46 09 32
45 18 33
41 29 37
40 19 34
38 13 29
41 13 31
41 15 27
41 18 23
41 13 23
42 10 25
40 05 26
39 04 30
41 18 33
45 13 37
43 10 35
42 11 39
44 13 40
46 15 41
50 19 41
53 22 45
55 24 47
49 29 50
45 34 49
43 34 52
41 31 51
40 31 47
40 34 50
36 32 52
36 30 49
36 29 47
38 20 44
41 29 46
42 21 46
43 13 43
42 18 44
42 17 44
45 18 48
45 20 52
46 24 53
47 26 52
46 28 50
47 30 48
43 29 47
44 28 47
45 35 45
44 32 46
42 27 46
41 17 46
42 20 48
41 19 46
42 20 44
43 14 43
43 15 41
42 11 39
40 12 35
40 15 37
39 14 38
46 15 26
42 15 30
40 15 32
42 11 35
43 16 36
41 10 38
42 10 38
41 21 39
42 18 41
42 19 45
41 25 46
42 29 47
41 29 49
40 26 47
41 25 47
37 27 48
39 26 46
38 25 46
37 26 47
36 25 49
37 25 48
38 27 47
37 28 46
37 28 48
38 25 46
40 29 49
39 29 51
37 27 52
35 30 55
32 32 58
33 30 59
33 31 59
33 31 58
32 30 57
31 30 56
30 30 56
29 31 54
29 31 53
27 28 53
26 29 55
29 33 55
28 32 53
30 32 50
29 31 51
28 33 51
26 36 48
26 37 48
26 34 47
20 36 53
18 23 59
19 23 58
25 28 55
25 31 53
27 31 52
27 31 51
28 30 50
25 31 52
25 30 52
26 31 50
27 30 51
25 27 52
26 30 52
26 28 52
25 29 51
25 31 53
26 30 51
25 30 50
25 27 52
24 29 51
24 29 51
25 30 51
24 30 52
24 29 53
24 29 53
23 30 51
25 30 51
25 30 50
25 29 50
26 30 50
24 29 51
25 30 50
24 30 50
25 30 52
24 30 51
24 30 51
24 30 51
25 31 51
25 31 52
25 31 50
25 30 52
24 30 52
24 30 52
24 29 52
26 29 51
25 30 51
26 31 51
25 30 52
24 30 52
25 29 51
25 30 51
24 30 51
25 29 50
25 31 51
25 30 52
24 29 51
25 30 51
25 31 52
24 31 51
25 28 50
25 30 51
25 29 51
24 29 51
25 30 50
25 32 52
25 30 52
24 30 51
24 31 51
