13 39 36
13 39 36
14 39 37
13 39 37
14 40 36
14 42 37
14 41 37
15 42 36
15 42 38
17 42 37
14 42 36
15 42 36
15 40 38
14 41 36
16 40 38
15 41 38
15 41 36
14 40 39
14 41 39
16 44 39
15 46 40
16 47 40
16 49 40
18 51 39
18 51 37
19 51 37
18 50 36
19 48 35
20 48 36
20 48 38
20 46 36
20 46 36
20 46 37
20 41 38
19 41 40
18 39 41
14 35 40
12 38 41
10 42 47
13 40 46
17 39 47
16 39 45
15 44 43
14 42 45
13 41 48
15 39 43
15 46 46
14 46 47
15 43 52
14 53 53
23 58 57
25 54 57
30 55 55
32 56 54
33 52 52
35 51 52
35 51 51
38 42 47
38 41 44
41 38 41
40 35 39
40 34 36
38 30 34
37 28 32
35 23 30
35 19 28
33 00 36
36 23 36
38 15 40
40 21 38
37 19 47
38 28 56
39 18 58
44 20 59
43 20 58
41 18 59
42 31 59
45 37 54
45 34 45
45 24 37
47 23 29
44 13 28
46 05 25
28 00 43
39 29 33
38 18 37
40 29 35
38 20 41
40 19 52
40 13 54
40 20 52
42 22 52
40 15 51
41 28 55
44 31 50
47 32 44
47 22 38
46 20 33
43 21 29
44 12 27
44 04 23
40 07 20
35 12 30
38 18 39
43 21 42
41 18 43
42 16 43
43 13 42
43 14 46
41 15 47
38 15 46
37 14 45
35 14 47
39 26 50
44 30 47
46 30 46
48 27 40
50 15 33
49 10 25
46 00 24
39 28 30
39 22 37
40 23 40
39 18 40
40 13 45
38 17 49
38 15 46
36 09 43
36 17 51
38 28 53
44 32 50
47 37 45
46 24 45
47 21 35
49 10 28
55 04 16
43 21 28
41 12 38
39 22 46
40 21 44
40 15 44
39 19 51
39 19 54
41 18 55
39 16 44
43 22 48
41 23 46
46 32 46
43 17 39
44 18 34
46 15 31
43 08 27
27 02 32
37 12 38
38 18 42
37 25 45
38 18 54
39 20 58
41 19 53
41 16 59
43 33 60
45 36 54
45 33 47
44 30 42
43 25 39
42 15 38
41 13 37
42 10 35
35 00 58
41 24 45
42 14 46
43 21 44
41 28 49
39 20 54
38 13 56
42 30 51
48 31 39
45 22 36
46 23 36
42 16 33
39 12 33
27 17 25
24 25 39
31 09 44
38 11 39
40 17 36
45 16 32
41 00 41
38 11 41
42 11 38
43 07 40
44 16 39
44 19 37
43 17 30
41 25 31
28 02 62
30 30 61
43 08 41
45 14 33
40 00 35
38 00 39
39 21 39
40 07 37
39 12 36
44 17 37
43 19 33
37 19 28
16 27 24
29 43 35
38 06 34
47 26 26
41 01 22
42 00 32
41 07 36
39 16 37
39 06 37
42 13 37
41 14 36
38 12 32
36 21 32
40 00 37
39 31 43
39 12 27
43 23 26
40 05 21
43 00 17
43 02 21
44 11 31
38 17 36
38 06 39
38 10 33
35 08 28
35 20 29
22 30 20
29 44 40
35 11 28
41 13 24
40 18 18
47 16 19
44 00 14
45 04 17
45 21 37
42 31 41
43 12 44
40 14 41
39 10 32
37 16 31
35 00 41
31 30 41
36 11 32
38 08 24
39 27 19
43 00 19
43 12 27
42 23 40
45 18 36
45 11 37
42 18 42
43 08 36
44 19 32
48 00 50
39 13 47
41 11 37
46 13 32
43 00 35
41 23 38
45 16 36
44 11 35
44 13 36
42 24 38
42 12 38
44 20 29
27 09 51
42 39 36
42 12 38
42 01 39
38 10 37
43 24 41
43 11 40
43 20 42
43 24 44
43 17 43
41 18 35
28 32 28
42 42 35
40 18 41
42 17 46
38 01 41
40 02 42
42 12 38
43 11 39
44 18 42
43 20 45
41 20 44
43 31 41
41 32 42
33 17 55
35 19 56
38 21 43
42 17 46
41 05 45
37 03 43
37 03 44
41 05 46
43 11 43
45 18 44
44 14 44
44 27 36
43 30 42
42 22 45
42 21 31
37 34 31
36 10 49
37 12 55
40 23 41
43 13 44
43 23 46
39 21 53
39 25 58
38 18 56
37 20 55
41 35 58
42 34 50
46 32 46
45 29 43
44 21 37
44 18 32
44 07 29
44 02 22
40 37 31
35 07 38
39 22 42
41 25 43
39 18 47
39 17 55
39 16 58
40 18 61
40 25 53
37 14 53
37 20 55
38 27 47
44 27 40
45 27 37
43 16 29
45 15 22
44 13 15
31 00 23
38 23 31
39 27 42
41 22 39
44 13 42
44 12 41
46 12 40
45 12 44
42 11 45
40 15 51
41 16 50
38 15 51
37 17 53
41 38 53
42 26 43
45 23 39
45 20 33
46 08 26
44 06 21
42 27 28
34 21 36
38 18 40
39 18 41
41 13 41
40 10 45
40 12 51
41 18 56
42 15 50
38 19 52
42 32 53
42 33 47
44 29 40
45 24 35
44 19 32
44 10 27
49 01 30
46 34 29
39 10 40
40 23 37
39 19 40
38 18 48
40 14 54
40 10 55
43 09 51
36 03 54
40 24 61
39 24 53
42 32 49
43 30 44
45 30 43
46 22 34
47 15 30
50 29 16
47 07 23
38 04 35
39 17 33
41 20 34
36 17 42
34 18 50
42 18 52
35 00 49
36 14 59
41 24 55
44 28 45
46 33 44
45 30 41
46 20 37
48 11 30
46 10 27
47 02 21
39 22 31
40 13 40
42 15 36
42 19 39
40 17 43
38 19 52
36 19 50
34 06 39
35 16 48
42 29 47
50 24 42
50 26 40
49 28 42
50 17 34
50 09 28
49 06 27
43 00 41
44 33 35
40 14 44
41 24 37
39 22 48
40 25 50
40 18 51
40 22 55
41 26 58
38 04 52
36 26 60
40 34 56
42 36 48
44 31 41
45 28 35
43 18 32
45 10 26
46 10 22
45 00 34
46 36 30
39 11 37
40 23 41
39 19 41
41 19 50
40 18 51
44 18 58
37 01 60
37 22 63
38 27 61
41 32 56
44 36 50
46 36 45
45 30 43
45 26 38
46 24 34
47 11 30
44 15 29
40 00 36
41 17 37
41 21 46
41 25 43
40 21 44
39 23 38
37 24 44
31 19 39
27 06 44
28 23 47
27 27 46
31 29 42
31 30 42
33 35 42
37 38 42
40 36 43
40 45 46
42 44 44
42 50 45
45 49 47
43 50 43
41 55 47
41 52 46
40 47 43
35 59 56
35 59 58
21 41 33
16 63 45
25 62 42
19 52 34
22 62 36
24 59 36
26 53 40
22 50 38
20 56 36
20 52 34
18 50 36
18 51 38
19 51 39
20 52 35
19 53 35
21 51 36
23 50 35
22 48 38
22 48 39
21 47 41
21 45 40
19 47 40
17 47 40
17 50 39
16 45 41
18 46 40
18 46 39
17 43 39
17 46 38
15 42 40
16 42 40
15 45 41
16 43 40
15 41 40
16 43 41
13 43 42
14 44 40
13 46 42
15 46 41
16 46 40
18 45 41
21 43 40
22 43 39
20 41 40
22 48 37
21 47 38
19 43 41
19 37 39
19 42 40
17 43 39
14 41 37
10 43 39
09 44 37
09 46 35
09 46 35
12 45 34
12 43 35
13 43 35
12 41 33
13 44 32
14 43 33
14 41 33
14 39 33
12 41 32
09 41 34
11 42 34
12 41 35
11 39 35
13 41 35
14 40 35
15 39 37
16 38 38
16 38 36
15 42 38
16 41 39
19 47 39
22 47 39
20 49 39
18 47 38
17 47 40
13 44 40
13 44 38
13 46 38
11 35 39
15 38 37
16 44 38
14 44 38
12 40 38
14 43 37
14 45 38
16 45 37
15 43 38
17 44 37
16 44 38
17 46 38
17 44 38
16 41 39
16 44 39
16 41 39
16 41 39
16 41 39
16 43 39
15 42 39
16 41 39
15 42 39
15 42 39
15 40 39
13 41 38
13 39 39
14 39 37
14 41 37
13 41 37
12 41 39
13 40 38
13 39 38
13 39 37
14 42 37
15 41 36
13 41 36
12 40 36
13 41 34
13 41 35
13 42 35
14 41 36
13 41 35
13 41 36
14 40 36
13 40 37
13 39 36
13 41 36
12 40 35
14 40 36
13 41 36
13 40 36
14 41 36
14 40 36
14 41 36
15 41 36
14 40 36
13 40 36
13 41 36
14 40 36
