11 36 33
11 37 33
11 37 33
11 37 33
11 37 34
10 38 34
10 36 33
12 35 33
11 37 32
11 36 33
11 35 33
11 36 33
12 36 33
12 37 33
11 35 33
12 36 33
11 35 33
12 37 33
11 37 32
11 37 32
12 36 32
11 37 32
13 36 33
11 36 33
12 36 33
11 36 33
12 36 33
11 36 33
12 34 32
11 35 33
10 37 32
13 37 33
12 36 33
12 37 33
12 37 33
13 36 33
11 36 32
11 37 33
12 37 33
12 36 33
11 37 33
12 36 33
12 37 33
11 36 33
10 37 34
10 35 34
08 36 35
07 39 34
07 44 36
06 47 35
09 46 35
12 50 36
16 51 36
18 52 36
21 50 38
21 50 36
25 51 38
28 49 37
27 49 38
30 52 40
33 53 38
34 51 39
36 53 38
40 52 40
41 51 40
42 49 39
42 46 39
44 48 40
44 45 39
42 42 40
43 40 41
44 40 41
41 38 42
42 39 44
42 39 45
43 37 48
46 42 48
46 38 48
46 38 46
45 31 47
46 31 45
43 27 45
43 26 43
41 24 46
41 29 42
40 24 42
44 27 38
43 20 38
44 14 44
50 27 49
53 16 49
59 17 48
60 22 49
59 25 47
56 29 44
54 32 42
52 34 38
48 36 35
45 38 35
42 41 40
40 42 41
39 44 43
39 44 48
39 42 47
37 43 49
38 41 49
40 44 48
39 42 50
40 43 49
40 31 50
43 42 45
44 37 47
44 29 47
43 34 42
46 30 45
46 21 45
46 22 42
51 14 52
52 05 49
57 14 50
57 21 47
55 29 43
53 30 43
50 32 43
47 35 40
41 40 36
36 46 36
35 43 44
33 42 44
32 43 47
33 37 50
33 40 49
35 37 51
37 37 49
40 34 51
40 39 50
45 32 50
47 35 50
45 27 47
45 29 48
44 27 46
43 24 44
41 22 37
39 14 39
40 20 40
43 22 41
46 15 42
50 16 47
54 12 51
55 13 55
58 16 53
58 22 48
58 26 46
57 28 44
56 31 42
52 36 36
48 36 35
39 42 34
35 43 44
33 42 46
29 38 47
28 36 49
28 36 51
29 35 52
29 37 54
33 32 51
33 31 53
37 36 52
41 34 51
41 38 49
41 37 46
42 28 47
43 18 45
44 26 44
44 27 44
48 23 45
45 27 46
44 22 46
47 13 44
45 24 43
46 17 41
44 18 40
46 19 39
47 28 33
44 16 32
42 06 35
36 17 35
41 04 34
46 13 42
49 09 54
56 07 53
60 10 49
62 20 46
59 29 41
56 34 38
49 38 35
40 46 33
37 43 37
33 39 40
29 37 43
29 34 48
26 30 53
26 31 53
26 30 54
30 27 50
31 33 58
33 29 53
36 34 53
37 34 52
39 33 51
40 30 50
40 25 50
38 27 51
36 30 49
38 29 47
41 20 46
40 28 43
39 31 43
43 11 39
43 16 36
46 15 34
44 26 34
44 15 35
41 20 33
40 17 28
41 01 36
39 18 41
41 21 38
43 11 41
49 15 38
53 20 37
55 24 36
54 29 32
55 34 30
54 37 27
51 47 31
53 45 32
49 58 37
54 57 44
53 59 42
51 62 44
50 59 45
50 58 44
50 50 41
50 48 39
48 44 39
49 40 38
48 40 36
48 25 47
45 42 37
49 44 35
48 44 36
46 43 36
41 44 40
41 44 43
40 42 42
40 49 42
39 44 44
34 43 41
33 46 44
33 46 45
36 48 43
34 44 43
31 26 53
28 52 55
29 52 46
34 40 38
40 50 46
42 58 51
50 58 49
49 54 46
53 57 41
51 52 40
50 45 39
51 44 35
49 42 37
49 37 38
47 38 38
48 25 46
50 43 42
44 38 39
44 42 41
42 42 41
40 40 45
38 43 45
39 43 42
39 45 43
37 44 46
35 47 44
35 44 46
35 42 45
29 28 40
30 47 51
31 43 38
33 57 44
34 60 51
38 60 52
44 62 49
46 56 47
47 52 42
47 49 38
48 46 39
46 45 40
47 41 40
42 26 49
45 47 44
41 44 42
42 42 44
39 43 44
41 44 42
41 45 45
38 46 43
39 45 42
38 45 43
36 47 43
34 45 45
32 45 43
28 41 41
28 50 49
29 52 45
32 52 43
34 53 45
36 54 43
40 55 43
42 52 45
43 54 44
47 56 46
50 55 44
50 50 46
50 49 43
52 47 44
51 40 41
51 37 41
46 37 40
42 37 42
40 37 41
40 36 41
43 35 42
44 37 44
45 36 47
43 38 47
41 38 46
39 40 50
37 40 43
37 39 50
42 26 49
50 32 38
56 33 44
62 20 49
62 18 49
61 21 48
61 22 43
55 25 42
51 26 40
48 30 39
45 28 38
39 32 40
36 33 38
33 34 39
31 35 43
33 34 45
41 24 47
45 39 49
56 32 47
62 09 48
63 17 54
61 18 51
57 27 42
50 31 38
45 32 39
39 32 38
35 31 39
35 31 36
36 36 42
44 09 58
43 24 39
44 27 36
48 19 36
45 17 34
47 16 36
46 16 38
47 09 43
55 03 50
53 14 47
55 18 39
51 24 42
52 25 41
51 28 38
50 31 40
45 28 40
42 33 43
37 30 39
43 12 46
43 24 45
50 15 40
49 19 40
58 06 55
52 02 49
52 12 48
48 20 44
43 21 42
38 28 38
41 30 37
39 28 36
25 29 25
43 36 39
47 11 32
45 27 28
46 02 26
47 01 33
48 13 42
52 06 49
53 14 51
51 17 46
50 20 42
47 24 35
45 26 33
40 29 32
36 31 33
33 27 31
36 00 33
40 24 34
42 21 22
40 06 16
35 11 30
46 13 42
50 12 32
59 17 29
56 24 28
58 26 28
54 32 26
54 40 29
50 45 32
48 52 36
45 62 44
44 63 48
40 63 47
39 63 49
36 62 49
36 56 43
38 47 41
39 45 40
40 41 38
42 34 35
42 34 33
44 33 33
43 34 31
39 32 40
42 40 42
42 38 46
36 39 55
33 47 62
35 52 63
42 51 61
44 53 54
46 47 46
46 46 37
43 44 32
41 39 35
39 38 36
38 36 36
39 40 36
36 42 47
39 37 45
36 45 49
35 46 52
36 44 58
34 52 62
40 59 61
45 58 50
41 56 41
42 51 35
42 45 38
41 41 35
38 40 31
35 46 48
34 46 44
35 47 46
31 41 50
23 48 54
25 50 56
34 56 52
43 56 47
46 58 43
52 49 39
48 49 37
43 39 40
34 30 37
25 39 44
19 43 54
17 52 54
20 55 50
27 60 50
36 61 48
41 62 45
48 59 43
52 59 41
55 51 40
52 44 38
54 43 34
53 33 32
50 33 34
47 33 35
44 31 36
41 30 39
38 35 40
40 32 43
40 35 46
39 36 45
38 38 46
39 38 45
46 37 44
54 35 46
61 32 47
63 26 46
63 25 45
60 28 44
57 28 41
50 32 40
46 34 36
43 37 39
38 41 42
36 44 45
34 40 48
33 45 48
37 41 49
32 43 44
40 31 48
44 47 47
52 31 43
59 32 47
59 31 48
62 29 46
62 29 44
62 30 41
56 30 39
51 27 36
47 30 35
44 25 36
39 27 35
38 22 34
38 20 33
37 22 31
44 04 39
40 25 34
41 19 34
49 20 35
50 15 34
50 06 48
52 20 47
55 08 47
57 17 46
57 18 45
52 21 42
50 24 40
49 26 38
46 25 38
43 27 36
42 27 37
36 23 39
42 29 44
44 23 45
47 24 38
42 35 34
47 25 45
47 34 47
51 29 44
52 33 41
53 39 41
54 41 42
52 42 41
51 43 39
50 47 37
47 47 36
46 46 35
45 45 38
40 50 40
40 50 40
38 52 41
39 53 43
36 46 42
30 46 40
29 52 41
27 46 44
21 46 43
22 48 44
19 44 44
17 46 45
19 46 44
15 43 46
16 43 45
16 43 46
16 41 47
15 41 45
17 40 45
17 40 45
16 40 44
15 40 44
16 38 43
15 40 45
16 40 44
15 41 46
14 42 45
14 40 45
14 40 45
14 39 44
14 37 43
13 41 41
15 41 41
15 41 43
14 40 40
15 42 39
20 42 40
21 42 41
22 42 37
22 42 39
21 44 39
20 43 37
20 43 40
19 43 42
18 42 41
14 41 38
12 42 41
09 40 38
08 40 36
08 42 36
09 42 36
10 42 38
11 42 38
11 41 36
11 40 37
11 39 37
08 33 41
11 34 37
13 41 36
13 39 34
11 39 32
13 37 31
13 37 33
12 36 32
13 37 32
13 38 31
12 38 33
12 38 33
13 39 33
12 39 32
12 39 33
11 38 34
11 39 35
12 35 37
10 34 35
11 37 33
12 38 34
12 38 33
11 37 34
12 37 32
12 38 34
12 38 32
12 39 34
13 37 33
11 37 34
13 38 32
12 39 34
14 38 35
12 40 35
12 38 35
12 38 34
12 38 33
13 37 34
13 37 33
12 37 33
12 38 33
13 38 34
12 39 33
13 38 33
13 37 34
12 39 35
12 39 34
12 39 33
12 37 33
12 38 33
13 38 33
12 39 34
12 38 34
12 38 34
12 37 34
11 39 35
12 39 35
12 38 34
12 37 34
13 38 35
13 37 35
12 38 35
13 39 34
13 39 34
12 39 35
13 38 34
11 38 34
12 39 34
12 39 34
11 38 34
11 39 34
12 39 34
13 39 34
13 38 34
12 38 34
11 38 34
13 37 34
11 37 34
10 39 34
12 38 34
13 37 34
11 39 35
12 38 33
11 38 34
12 37 35
12 39 34
12 37 35
12 37 33
13 38 35
12 39 34
10 40 35
11 42 35
12 42 36
10 43 36
11 45 37
13 48 37
14 47 37
17 48 38
18 48 38
20 47 37
20 48 39
21 47 39
22 45 39
23 45 39
22 44 39
22 45 39
