11 36 34
11 36 34
11 36 34
11 35 34
10 37 34
13 34 33
10 36 33
12 36 34
12 36 33
12 36 34
12 35 34
11 34 33
11 36 33
12 36 34
12 36 33
12 36 33
12 35 33
12 36 34
12 36 33
10 36 33
11 35 33
11 35 34
11 37 34
11 37 33
12 37 33
12 35 34
11 35 34
11 36 34
12 36 35
12 36 34
11 36 33
11 36 34
14 37 33
11 36 34
12 35 34
12 36 35
12 36 33
12 34 33
11 36 34
11 36 33
11 37 33
12 37 33
12 36 34
11 35 34
11 36 34
12 36 33
12 35 33
12 36 35
11 35 34
11 35 35
11 36 34
11 35 34
12 35 34
12 36 33
11 35 32
11 36 34
12 36 34
12 36 34
11 37 33
12 36 33
11 35 34
11 36 33
12 36 35
12 36 35
11 35 34
11 35 34
12 35 34
12 36 34
12 34 33
11 35 33
11 36 34
11 35 33
12 35 34
12 35 34
12 35 33
10 35 34
11 36 34
11 35 34
12 35 33
11 35 33
12 35 33
12 35 33
11 36 33
11 35 34
12 36 34
12 35 34
11 35 33
12 35 34
11 35 33
12 36 34
12 36 34
12 36 34
13 35 33
11 36 35
11 36 34
12 35 34
11 36 34
12 36 34
13 36 34
11 35 34
11 36 33
12 37 34
11 35 33
11 35 34
13 35 33
12 36 34
11 36 34
13 35 33
12 36 33
12 35 34
11 36 34
12 36 33
12 35 34
12 35 34
12 35 35
11 36 34
11 36 35
12 36 34
11 37 36
09 37 36
09 37 36
08 41 36
08 42 37
09 43 39
11 43 37
12 45 38
14 44 39
16 47 38
16 50 37
17 50 38
19 51 37
22 50 37
23 53 37
25 55 38
27 54 37
29 55 39
31 54 41
34 53 41
36 54 43
38 50 43
38 51 41
38 52 40
38 46 40
41 46 40
41 47 39
41 44 39
40 42 40
38 41 40
38 36 41
38 39 42
37 37 43
36 40 46
35 42 47
36 43 49
37 40 50
36 42 49
37 42 47
40 36 49
40 44 44
45 32 50
44 32 42
44 36 42
46 14 45
44 28 44
45 35 47
43 26 46
42 23 40
49 23 40
48 23 45
53 17 52
56 17 50
57 25 48
58 30 44
56 30 41
55 35 40
51 37 40
50 40 40
48 40 41
43 43 45
42 36 45
39 41 48
37 41 51
39 39 49
41 31 55
43 38 46
45 33 49
44 28 49
39 31 41
41 24 38
41 22 40
42 26 43
43 25 44
49 25 45
51 30 53
56 22 56
60 27 55
60 27 52
58 31 46
57 34 42
55 36 37
51 39 37
46 38 40
43 39 41
40 40 43
40 39 48
39 40 50
40 35 49
39 34 50
41 27 45
39 26 44
40 31 41
43 27 40
42 24 41
36 25 41
44 24 42
47 22 45
47 14 47
47 32 52
55 17 55
60 23 57
62 25 55
62 32 50
61 32 47
58 37 45
55 38 40
46 41 38
41 40 33
35 44 35
33 40 43
32 39 41
30 36 45
31 34 48
31 35 50
33 34 53
33 40 51
35 36 53
37 34 54
41 35 52
42 38 49
47 30 46
47 23 44
49 26 43
48 28 43
44 26 48
45 21 51
43 29 49
45 23 46
45 22 42
43 24 41
45 19 40
44 22 39
49 12 39
40 36 33
49 00 32
43 23 41
46 12 42
47 08 47
49 14 59
58 16 51
62 19 49
60 29 48
57 29 44
54 34 41
48 36 39
43 39 38
36 43 37
34 36 42
32 33 43
29 34 48
28 33 51
27 32 52
28 33 52
29 31 53
31 31 53
35 27 52
33 33 53
38 31 52
38 35 52
37 38 49
45 19 46
46 26 46
44 32 47
45 25 47
44 20 46
43 20 45
48 20 40
47 24 38
49 13 34
46 16 34
45 21 34
45 20 33
45 16 29
46 00 35
40 15 40
40 20 39
42 16 42
41 13 59
49 08 58
61 09 52
61 20 50
60 27 48
56 31 42
52 33 40
47 36 37
41 39 36
36 39 38
34 35 41
31 35 44
29 33 50
29 33 54
29 32 54
29 30 54
32 34 52
35 28 61
34 29 53
38 30 51
37 38 50
38 33 49
40 27 45
43 23 43
43 27 44
39 32 44
44 20 43
41 32 42
47 16 33
48 18 31
48 15 27
46 19 23
48 22 25
54 00 37
37 35 44
43 14 37
50 10 33
52 20 36
59 24 30
61 26 26
59 35 25
59 40 29
55 49 31
53 54 32
52 60 38
51 62 38
50 63 40
48 62 42
46 59 43
47 49 40
45 46 37
45 42 37
46 44 33
42 36 28
41 59 43
43 41 36
46 45 36
44 43 39
40 40 42
35 45 45
33 30 42
29 38 56
33 34 52
36 27 48
32 38 54
32 43 53
38 45 52
39 52 49
48 62 44
55 55 38
59 55 35
58 52 36
57 40 36
53 38 37
53 31 38
50 34 37
56 17 51
48 46 39
47 45 39
45 42 38
41 40 42
39 45 44
40 42 41
36 48 41
34 38 45
29 42 47
29 42 49
30 46 49
31 37 43
26 47 56
28 44 55
31 38 50
34 48 55
45 60 52
51 61 45
57 56 46
55 52 39
54 52 35
52 41 35
48 37 38
48 35 37
42 33 34
44 51 50
43 36 40
44 45 41
36 42 43
38 41 49
36 44 44
36 44 46
36 42 46
35 45 46
36 46 48
39 48 46
36 32 43
26 41 54
27 41 56
28 33 45
27 44 48
36 50 54
43 58 55
47 62 48
49 56 48
46 51 42
47 44 41
47 40 41
46 37 44
44 39 41
43 44 49
43 38 43
43 41 40
38 44 47
36 39 44
36 44 42
34 42 45
31 43 45
30 42 44
25 26 40
22 49 52
23 44 47
21 43 48
19 57 53
21 62 53
26 55 46
31 57 44
38 59 48
44 56 51
48 52 47
49 52 45
50 50 45
52 45 40
52 41 38
49 40 39
45 35 36
40 34 42
36 31 44
30 35 43
27 34 39
32 40 46
43 34 44
50 39 45
56 31 49
60 26 51
63 24 48
63 26 49
62 28 45
57 30 42
52 31 39
46 33 36
40 26 37
31 33 40
31 37 41
29 31 36
37 27 39
43 33 40
51 16 38
46 21 37
47 19 34
47 15 29
48 04 43
50 24 48
55 15 53
59 21 55
63 18 47
60 23 43
54 24 39
50 33 40
47 31 38
46 33 36
44 38 38
40 43 45
39 46 46
37 43 45
36 42 52
35 42 50
33 40 49
35 29 55
37 43 47
40 37 47
41 31 46
38 37 44
45 23 47
52 23 49
61 13 51
63 16 53
63 21 49
58 29 46
53 32 42
48 29 38
39 30 34
35 29 37
33 24 35
31 28 33
33 24 31
38 24 33
43 23 27
50 16 26
47 12 24
49 01 38
50 34 46
55 14 56
60 22 59
61 17 52
59 22 49
53 30 45
48 31 37
41 25 33
36 27 35
28 25 19
35 26 31
39 29 26
42 09 23
41 21 32
48 18 36
51 20 32
56 21 35
58 28 35
57 35 32
57 41 30
50 51 33
49 58 38
46 60 41
39 63 40
39 63 46
38 63 47
40 62 44
44 58 42
47 57 40
47 52 33
45 45 27
39 45 27
35 43 28
31 39 29
30 38 28
29 38 30
27 33 29
31 56 51
30 52 52
32 45 43
33 55 53
38 51 56
38 58 57
48 51 51
47 59 48
47 56 50
42 53 36
43 58 35
44 46 36
44 45 36
44 45 34
46 39 34
40 03 41
31 41 47
36 49 44
36 52 43
33 47 46
31 44 49
28 29 51
28 52 56
33 53 49
40 55 48
45 61 50
45 62 42
47 56 43
44 51 40
46 47 38
47 45 38
45 41 41
47 39 39
44 24 42
45 46 47
40 38 42
37 45 42
36 43 48
32 41 45
36 43 43
36 43 43
35 48 44
36 48 47
32 36 45
29 38 50
30 43 46
29 41 41
26 45 44
21 55 52
23 54 52
26 60 49
34 62 47
40 59 47
46 58 46
47 58 44
51 52 39
52 46 39
51 40 36
51 37 34
49 30 32
48 28 29
45 22 29
44 18 28
41 21 28
39 19 25
49 05 33
40 16 32
44 19 30
44 20 33
44 10 32
45 39 39
53 18 44
58 25 51
60 23 51
61 23 48
56 27 45
52 30 42
49 27 37
44 31 39
42 31 39
33 20 39
40 20 35
43 23 35
43 24 38
39 25 39
43 36 43
46 29 40
50 35 42
51 40 41
47 44 40
48 44 40
45 47 35
43 48 37
41 53 43
40 46 40
36 44 36
30 53 41
30 49 43
22 49 36
15 62 41
19 52 42
17 43 37
16 42 36
11 47 37
11 48 39
09 41 39
08 41 39
06 41 38
08 41 37
08 40 38
08 34 36
11 35 36
11 38 35
12 38 34
13 40 35
13 37 36
14 37 35
14 38 35
12 38 35
12 37 33
11 36 33
11 37 32
12 37 32
12 36 33
13 36 33
12 38 33
12 37 33
12 37 33
12 39 35
12 38 34
12 38 35
12 35 35
12 36 34
12 38 35
12 36 34
12 38 34
11 37 34
13 37 34
12 37 34
12 37 34
11 37 35
12 37 33
12 39 34
11 37 34
12 37 34
11 37 34
12 37 34
12 36 34
11 37 35
13 38 35
12 36 35
11 37 35
12 37 34
12 37 33
12 36 34
10 38 33
12 37 33
12 37 34
12 37 34
12 36 34
12 37 34
12 37 34
12 37 34
11 36 34
12 36 34
11 38 35
11 38 34
12 37 34
12 38 34
12 37 33
11 38 34
12 37 34
11 37 34
12 37 34
11 37 34
12 37 34
11 36 34
12 37 34
12 37 34
11 38 34
12 37 34
11 37 34
11 37 34
11 37 33
12 38 33
12 37 34
12 37 34
12 37 34
13 37 34
12 36 34
11 37 34
12 36 35
12 36 34
12 37 34
13 37 34
12 38 34
12 37 34
12 36 33
12 36 34
11 37 34
12 37 33
13 37 34
11 37 34
12 37 34
12 37 34
11 37 34
13 37 34
11 37 34
12 38 34
13 36 34
12 37 34
12 38 34
11 37 34
11 38 34
13 36 35
12 36 34
13 37 34
11 37 34
12 37 34
12 36 34
13 37 34
12 36 34
12 35 34
12 37 33
11 38 34
11 37 33
10 37 34
12 37 34
12 36 34
12 36 34
12 37 35
12 36 34
11 37 35
12 37 34
12 36 34
12 37 33
12 38 34
12 37 34
11 38 35
13 37 33
12 36 34
12 37 34
12 36 34
12 37 33
11 38 35
12 37 33
12 37 34
12 37 34
12 37 35
12 36 33
12 36 34
12 37 34
13 36 34
12 37 34
13 37 33
12 37 35
12 37 35
12 37 35
11 36 34
13 38 34
12 37 33
12 36 33
12 37 34
12 37 34
11 38 34
11 37 34
12 37 34
12 37 35
12 37 34
11 36 34
11 36 33
12 37 34
11 36 34
12 38 33
12 36 33
12 37 34
13 36 34
12 37 34
12 36 34
12 36 34
11 36 34
12 36 34
