29 46 48
29 46 47
29 47 46
28 46 47
28 46 47
28 47 45
27 46 47
27 46 46
29 47 46
28 47 46
29 45 47
28 48 47
28 46 47
28 47 47
29 47 47
28 47 46
28 46 47
29 48 46
28 47 47
29 46 46
28 47 47
29 47 48
29 47 47
29 47 47
28 47 46
30 45 47
28 45 47
29 47 47
29 48 47
28 46 47
28 46 46
29 46 46
28 45 47
28 46 47
27 46 47
28 47 48
28 46 47
27 48 48
29 47 48
29 46 47
29 46 47
32 47 47
31 47 45
32 48 45
32 49 45
32 50 46
31 49 44
32 48 45
32 49 45
32 50 45
32 49 46
33 48 46
33 49 46
33 49 46
33 49 47
33 47 46
33 48 48
34 50 50
34 47 48
34 49 49
33 48 48
34 48 50
33 39 50
32 39 51
31 39 52
30 39 50
27 41 53
30 30 52
32 35 52
30 31 52
32 33 56
31 30 54
32 33 52
31 37 58
35 33 55
34 40 56
34 46 58
36 48 57
38 48 55
38 50 53
40 48 51
40 45 50
39 41 47
39 39 44
39 37 42
37 34 42
37 29 41
36 28 41
38 27 45
39 32 42
41 24 47
42 25 49
42 34 51
42 40 51
44 33 51
45 30 51
46 33 50
45 32 50
46 33 49
46 31 50
45 31 49
46 31 48
43 29 46
43 23 45
45 22 44
46 20 43
49 19 43
53 21 41
56 28 48
58 30 51
54 35 52
52 39 49
47 39 48
43 36 45
37 36 46
32 31 51
31 31 50
35 29 48
43 21 44
41 25 45
43 31 50
43 36 49
45 35 49
40 29 47
40 29 49
43 31 51
42 35 46
42 30 45
48 21 42
48 18 40
47 17 39
46 12 38
45 15 39
42 11 42
42 17 41
42 17 39
44 18 39
46 16 42
51 15 44
56 21 44
56 28 51
54 32 51
50 34 49
47 40 49
44 40 48
43 40 45
41 45 46
37 46 53
37 38 51
36 35 47
38 26 48
41 29 46
42 27 47
41 26 47
43 28 48
41 25 47
40 23 45
43 26 42
44 20 41
42 13 41
41 23 40
39 12 44
41 27 44
49 22 47
52 25 50
54 33 54
55 36 56
50 36 55
50 39 52
48 42 48
44 45 49
43 41 50
42 40 51
42 38 50
40 34 45
40 36 49
37 29 46
39 24 47
41 30 47
42 27 48
42 26 46
39 21 44
37 18 43
39 25 44
43 27 44
43 17 47
45 21 47
44 21 48
43 20 50
43 16 52
47 22 50
50 20 52
53 20 53
55 22 54
55 26 55
52 28 49
50 30 45
47 32 43
44 33 42
42 33 37
38 31 37
36 32 40
34 29 39
33 11 52
41 29 38
42 14 38
44 21 35
42 06 32
42 11 32
40 01 34
42 15 39
44 24 41
42 12 38
45 14 41
49 20 45
49 24 45
52 29 47
53 31 45
54 41 49
54 47 47
52 54 41
49 56 43
44 51 45
43 48 46
43 43 45
40 39 43
35 32 42
37 42 51
35 37 51
38 35 47
37 37 49
34 36 47
31 35 48
31 35 52
29 26 50
31 26 49
32 28 48
32 15 51
30 29 56
34 34 53
36 29 49
36 31 51
39 38 52
42 44 57
48 43 58
47 48 57
49 44 54
48 46 53
46 44 52
46 43 48
46 40 46
47 41 45
40 39 47
41 45 50
39 31 46
38 38 48
36 40 49
36 35 45
35 38 49
36 36 49
35 37 48
37 39 50
35 42 51
36 41 52
36 39 51
36 39 51
35 36 50
35 37 52
37 41 54
37 39 52
38 38 50
39 41 50
39 39 53
39 39 53
39 37 54
40 34 54
41 30 52
39 37 56
45 34 57
47 34 52
46 36 53
44 44 55
43 42 53
42 41 50
39 41 48
36 39 48
36 35 46
33 35 46
31 15 37
32 24 46
33 41 54
36 42 54
37 36 51
37 32 51
38 35 55
36 35 56
38 34 52
37 33 51
38 34 52
38 31 53
38 37 57
41 42 59
43 38 56
45 41 54
46 39 52
47 40 51
47 36 50
45 37 47
47 35 47
46 35 43
44 32 42
44 28 40
44 30 37
43 23 36
50 13 38
49 18 33
46 19 38
46 18 39
47 23 37
45 16 35
45 12 32
43 14 31
41 07 35
40 19 36
42 20 39
42 18 41
44 19 40
44 18 42
45 17 42
46 17 45
45 17 47
45 22 49
44 22 49
45 25 49
44 26 55
42 30 54
43 31 52
42 32 54
41 33 52
42 34 51
41 33 51
41 34 53
41 32 52
41 33 52
40 35 52
40 35 52
40 33 51
40 31 52
40 34 52
39 33 52
40 34 51
39 34 51
40 33 51
40 34 51
40 33 50
40 33 52
39 33 52
40 34 51
39 36 53
39 35 53
39 35 52
40 35 53
39 36 51
40 36 51
38 37 52
38 39 51
40 39 52
38 38 50
40 39 52
39 37 52
41 38 52
40 38 51
40 37 52
41 38 52
40 39 52
41 40 53
41 38 53
41 40 52
41 40 53
41 42 52
40 43 50
41 42 50
40 40 51
40 40 49
41 37 49
41 38 50
42 40 49
42 36 50
41 30 50
40 26 50
41 27 50
38 25 50
38 22 48
36 18 49
39 16 46
39 15 43
37 15 42
37 14 43
39 13 38
38 14 41
39 18 41
41 16 42
38 21 45
38 23 45
37 18 45
39 21 47
38 24 49
40 17 46
40 21 49
40 22 48
42 19 51
41 26 50
41 30 51
42 31 49
40 30 51
40 30 49
39 33 49
37 27 50
38 28 49
36 30 50
37 30 52
36 31 52
36 35 53
37 33 55
41 25 53
40 23 53
41 19 53
41 22 52
40 19 52
40 16 48
41 17 46
40 17 44
40 17 42
38 14 40
39 18 40
37 18 43
37 18 44
38 21 46
37 18 49
40 24 46
38 23 49
38 22 52
38 25 50
41 31 54
42 28 49
40 34 50
40 36 54
38 35 54
38 35 52
39 36 52
38 30 51
37 35 51
36 33 50
33 31 51
35 33 51
34 34 52
35 36 53
37 30 51
39 28 51
39 29 52
39 29 49
41 25 49
41 28 50
43 31 50
43 30 50
45 33 50
45 37 50
48 33 53
47 39 54
46 40 53
47 40 55
44 39 55
45 44 54
43 44 51
43 41 52
41 33 50
42 27 47
42 21 43
42 19 43
42 15 42
44 17 40
45 18 44
43 09 38
46 17 40
46 17 42
44 16 43
45 18 42
44 25 44
44 31 44
44 34 46
43 35 47
44 40 47
46 37 48
45 33 47
46 38 48
46 40 46
46 38 48
45 37 48
42 38 48
41 41 50
40 40 48
40 36 48
38 35 48
38 34 49
38 35 49
36 33 52
37 36 52
38 37 52
39 39 51
38 41 51
38 43 52
39 44 51
39 43 50
40 44 49
40 44 49
37 45 47
37 47 45
38 48 47
37 45 46
38 47 46
37 51 45
37 49 44
36 46 44
35 47 43
34 54 42
34 53 40
34 55 41
33 56 42
33 53 42
34 52 42
31 52 41
31 56 41
32 52 41
31 50 42
33 52 41
32 50 42
31 52 42
32 48 41
32 59 40
33 51 40
30 54 39
32 51 40
31 52 39
31 52 40
30 52 42
30 51 42
31 53 43
31 49 44
31 50 43
31 51 44
33 50 44
32 50 44
31 50 44
31 50 45
32 47 47
31 46 45
30 47 47
29 45 49
32 43 48
28 44 47
30 46 49
30 49 50
31 48 48
32 47 49
35 47 46
37 47 47
39 49 49
39 52 48
42 52 49
41 54 50
39 49 47
42 48 43
42 41 42
44 38 40
44 34 40
45 33 39
47 33 41
50 30 43
53 31 43
51 31 43
48 32 46
51 33 46
49 32 44
49 33 44
49 33 46
50 31 46
48 27 44
48 30 45
50 30 45
50 31 44
50 32 45
49 30 45
49 30 45
51 31 45
50 31 45
51 30 43
49 31 44
50 33 43
49 32 45
49 31 44
50 31 46
50 30 47
50 31 45
51 32 43
50 32 44
50 31 43
49 31 44
50 30 43
49 30 45
50 29 44
49 31 43
50 30 43
49 31 44
50 31 44
49 31 43
48 31 44
48 31 44
51 31 43
50 31 43
48 29 43
49 30 44
49 30 44
50 31 45
49 31 44
50 31 45
50 32 44
48 31 45
49 30 44
49 31 45
49 31 44
50 31 44
49 31 45
49 31 45
49 30 45
50 31 45
50 30 43
50 31 44
51 30 44
49 30 43
51 30 45
50 30 45
50 30 45
48 29 43
