13 38 35
13 38 35
12 38 35
12 38 33
13 39 35
11 39 35
12 37 33
12 38 35
13 39 35
12 38 35
13 38 35
12 38 36
12 37 35
13 38 35
12 38 35
12 37 35
12 38 34
13 38 33
12 40 35
11 38 35
11 38 35
11 38 35
11 37 37
10 39 38
08 47 39
08 51 39
09 54 41
12 50 42
18 48 42
23 46 42
25 44 42
28 42 44
29 32 41
29 44 42
22 47 46
23 37 49
26 41 45
26 41 45
28 40 44
24 41 46
26 42 45
23 41 46
22 39 47
21 41 49
20 39 47
19 41 46
20 38 48
19 39 46
18 36 47
19 35 50
19 32 50
19 35 50
18 32 49
19 39 50
17 32 49
17 32 47
17 35 45
18 36 47
17 35 49
20 40 54
19 38 47
20 38 48
22 39 48
19 37 48
22 35 48
23 40 49
22 41 50
22 37 50
22 40 50
20 39 48
21 40 49
23 37 49
23 42 47
24 44 45
26 44 45
29 48 45
28 49 44
31 50 40
33 50 38
34 55 36
35 54 36
33 53 36
34 52 37
35 53 35
36 54 32
35 56 34
36 52 36
36 56 33
36 55 35
36 61 37
38 59 39
37 59 41
41 58 37
42 63 35
44 60 31
41 52 33
42 50 33
44 51 35
44 48 34
45 49 31
46 47 36
45 49 40
46 40 37
45 41 32
46 44 40
44 43 41
43 42 39
40 40 40
40 43 43
37 42 44
38 41 43
37 41 43
42 26 50
41 40 46
42 36 43
46 33 43
46 35 41
48 28 47
48 28 48
54 25 45
60 16 47
63 17 51
63 17 45
62 22 39
59 26 34
54 29 32
49 36 36
43 36 38
37 43 40
35 38 44
35 39 42
35 39 49
36 40 49
42 21 50
45 35 46
46 30 43
44 29 44
43 21 38
49 12 45
52 23 49
61 01 52
63 11 51
63 16 47
61 23 40
58 31 31
50 34 31
43 36 35
36 35 31
32 38 46
30 37 45
31 39 44
39 22 55
41 28 44
45 31 45
46 35 44
49 33 44
51 05 45
54 13 52
59 07 60
62 09 51
63 16 46
62 22 41
57 28 35
56 29 32
50 33 33
38 35 35
34 36 36
32 34 42
30 35 42
33 04 53
43 20 44
42 19 47
46 32 44
47 25 38
42 12 32
41 21 36
49 09 38
51 17 48
57 01 60
63 08 63
63 11 54
62 15 47
58 21 40
52 27 37
46 34 37
36 33 33
28 37 39
26 30 35
28 09 51
34 39 38
38 26 39
43 22 35
43 12 34
42 12 30
50 22 27
42 00 36
44 26 35
54 21 58
60 08 63
61 08 61
59 06 49
55 17 44
51 26 39
45 33 36
36 30 36
26 32 34
24 32 32
32 05 43
27 38 38
35 25 36
43 22 28
39 06 23
44 16 22
46 03 29
42 16 29
41 30 45
47 18 62
55 02 62
58 08 57
56 15 51
51 23 39
47 30 35
38 28 33
29 32 34
28 27 35
38 00 41
38 45 38
35 11 29
41 29 25
36 14 26
35 00 23
38 14 23
40 33 42
48 00 51
53 14 50
53 12 43
58 19 42
54 27 42
53 36 44
51 34 42
47 43 44
45 46 47
44 49 49
45 45 48
41 47 50
39 45 52
39 39 46
41 43 48
44 36 46
43 40 45
45 30 44
44 28 40
43 24 38
41 20 37
38 19 38
43 29 41
39 27 43
42 13 47
44 28 44
59 18 51
62 21 58
62 23 54
61 19 44
59 25 38
58 33 38
52 34 39
49 38 40
45 40 40
43 40 43
42 41 44
42 39 46
39 29 56
43 36 44
43 35 42
38 19 45
40 24 37
38 17 37
39 20 40
42 25 39
44 24 40
50 10 54
46 35 54
57 05 63
61 15 63
63 18 54
62 21 48
59 28 43
57 32 34
50 35 30
45 37 34
41 35 33
37 39 36
34 39 41
28 42 44
29 37 49
30 32 54
28 34 53
30 32 54
33 30 56
29 27 49
36 32 57
34 32 54
36 35 51
37 32 52
38 35 52
41 33 48
44 21 44
43 28 48
42 27 49
42 24 51
41 29 53
39 33 50
41 18 46
42 24 42
45 20 42
45 22 39
46 18 39
46 30 36
44 13 32
44 10 20
40 14 30
37 10 43
41 25 40
39 07 49
42 12 46
49 11 37
54 10 27
54 21 29
54 23 27
53 30 27
53 41 35
56 44 40
55 50 43
55 62 45
55 57 50
56 55 48
54 54 46
51 41 43
50 38 40
49 40 40
47 36 37
46 40 38
46 38 39
46 36 42
45 40 39
39 34 43
37 49 43
29 20 47
32 32 52
31 17 47
30 13 59
31 27 62
35 35 63
42 43 62
50 45 53
54 40 47
54 42 40
52 46 33
51 41 37
50 29 34
50 36 35
43 00 46
44 41 38
45 40 42
47 43 40
31 10 46
27 25 60
25 16 63
34 28 63
43 35 63
51 40 55
53 37 49
53 41 40
49 40 32
48 38 32
46 34 34
43 20 34
42 59 48
40 36 42
46 33 43
41 50 44
39 38 46
35 19 49
28 28 61
29 20 63
33 29 63
41 37 63
45 50 57
48 50 46
48 45 42
47 40 33
38 45 31
40 25 32
31 29 47
37 36 45
39 35 43
41 46 46
41 44 51
40 42 50
34 51 56
33 41 56
35 38 56
37 38 57
40 36 49
28 22 56
29 46 63
35 49 62
42 51 60
48 52 55
47 42 46
53 44 38
47 48 33
51 29 35
47 32 35
44 36 36
44 30 39
30 07 43
37 50 51
35 34 46
35 46 45
32 41 51
33 46 52
28 00 50
27 52 56
30 43 50
27 32 47
24 39 61
26 43 63
32 50 63
38 55 60
45 55 55
48 53 50
47 42 43
50 38 38
47 36 36
47 32 35
50 32 35
45 29 37
43 05 51
48 43 46
43 35 44
41 37 50
43 44 42
40 38 43
27 18 46
19 29 56
21 26 62
18 33 62
27 39 60
36 43 60
48 50 55
55 48 52
56 41 45
56 42 42
57 37 35
51 32 37
49 29 38
48 33 37
41 15 53
47 42 41
45 37 47
43 40 44
39 38 48
38 38 50
38 40 49
38 40 49
38 43 49
35 41 49
37 44 47
36 44 50
26 17 61
28 39 59
30 42 47
32 32 48
32 43 59
32 48 63
39 53 62
47 55 53
49 48 51
51 42 42
47 43 41
46 40 42
45 36 43
45 43 40
44 49 49
38 37 47
39 38 45
34 47 42
35 39 46
33 43 46
34 44 48
35 42 48
33 49 48
33 19 49
30 50 58
30 39 50
28 36 53
27 44 60
31 47 59
40 56 59
45 53 54
45 48 50
44 42 45
45 43 40
45 39 42
41 38 42
41 41 49
40 40 49
38 44 49
38 43 48
37 41 47
36 41 45
36 39 47
37 45 45
37 40 48
35 37 47
31 47 50
34 31 47
26 33 55
24 49 52
25 30 45
24 44 53
24 51 59
27 51 56
31 61 52
37 59 50
42 54 50
45 49 50
52 49 49
50 41 45
51 42 42
47 35 38
48 35 41
45 33 41
43 32 40
40 32 43
38 34 45
38 37 46
33 35 41
37 31 45
39 30 45
48 35 47
49 30 43
53 24 45
56 10 56
57 08 53
58 11 49
58 19 44
55 21 38
53 27 38
51 31 39
46 34 36
41 38 37
38 38 41
35 38 43
35 35 43
32 34 44
38 11 43
43 32 44
44 28 48
51 27 46
52 19 40
55 06 56
55 00 58
56 03 49
57 15 47
53 22 43
52 25 40
49 29 37
45 29 38
37 31 35
35 36 41
33 30 43
31 32 38
35 24 47
38 26 42
44 12 36
44 21 35
41 18 28
45 14 26
41 14 21
42 00 34
43 40 41
49 00 49
53 15 45
56 14 45
57 19 43
55 23 39
53 29 37
51 36 37
49 37 35
46 44 43
43 47 45
43 46 48
39 43 50
39 43 50
40 41 50
42 31 53
44 43 45
43 31 45
45 28 42
44 24 38
41 19 34
41 13 34
44 29 39
44 23 41
45 02 54
41 27 43
53 28 53
59 10 60
63 21 61
63 15 54
62 20 45
57 24 40
52 26 37
46 30 37
38 31 35
34 29 35
32 31 31
33 32 35
30 24 31
36 07 36
43 16 32
43 22 29
45 23 27
45 11 29
43 00 36
44 32 37
54 11 58
54 05 59
59 11 57
54 10 46
50 19 43
46 27 37
42 32 36
37 29 29
31 32 27
32 05 49
36 36 32
41 13 22
46 18 20
43 13 19
44 00 31
36 06 29
35 54 34
44 19 44
48 15 42
51 29 40
51 23 40
52 28 41
52 35 42
54 39 43
55 38 41
51 47 47
53 45 47
52 40 45
48 44 47
49 45 44
48 43 42
46 44 44
45 47 41
44 43 41
43 43 42
40 44 41
41 47 43
38 46 45
36 48 44
36 49 44
34 45 47
33 52 46
35 49 46
29 44 49
28 47 48
25 45 48
25 45 48
25 47 47
22 46 49
23 46 45
24 46 47
22 44 45
22 44 47
22 47 48
22 46 46
21 44 45
22 47 46
22 50 45
23 46 45
23 48 46
23 46 44
24 49 44
22 46 45
23 47 45
22 47 47
24 46 46
23 46 47
23 46 47
24 45 44
23 48 45
23 49 46
23 48 43
23 46 45
23 46 46
24 46 45
23 47 47
21 44 46
19 47 46
18 47 46
19 46 47
20 44 46
21 46 43
25 43 44
23 46 43
26 44 45
26 43 45
28 43 46
26 44 43
27 43 42
27 43 42
26 45 42
25 45 41
25 44 41
20 48 41
19 44 39
16 48 39
14 45 39
14 44 39
12 45 38
10 44 38
10 44 36
11 43 35
10 40 36
12 37 35
12 42 36
11 42 36
14 41 35
13 40 35
13 41 38
13 36 38
12 38 35
13 38 34
13 40 35
14 41 35
11 39 34
12 40 35
13 39 35
12 39 34
12 39 34
13 40 35
12 40 33
13 40 34
13 39 34
12 40 33
13 40 34
13 38 34
13 40 35
13 39 34
12 38 35
13 38 36
13 38 35
12 38 35
12 41 36
13 40 36
13 39 34
13 40 35
13 40 35
12 40 34
12 41 35
13 40 35
13 38 35
13 39 35
12 40 34
13 39 35
14 38 35
12 40 36
12 39 35
13 39 36
12 39 35
13 38 35
13 41 34
12 40 34
13 39 35
14 39 34
13 39 34
12 39 35
12 41 33
12 39 34
13 39 34
13 40 35
13 39 35
13 40 34
12 40 35
13 40 35
12 41 35
13 39 34
12 40 35
13 40 34
13 41 35
13 39 34
13 41 35
11 41 35
13 39 35
13 39 35
12 41 35
12 40 36
12 42 36
11 42 37
10 42 37
10 47 39
07 49 39
10 49 41
12 48 41
18 48 40
25 45 40
