30 39 52
30 38 52
31 37 52
30 39 52
30 37 52
30 38 50
30 38 51
31 40 52
31 38 53
31 38 52
30 38 52
32 39 52
31 39 52
31 38 52
31 38 53
30 38 51
32 38 52
30 38 51
30 38 52
30 39 52
30 38 52
30 38 51
28 41 53
29 36 54
30 34 52
29 33 52
27 34 53
29 35 53
29 35 51
28 40 52
29 41 50
31 38 48
30 46 50
32 40 48
25 44 49
26 49 50
26 45 48
26 41 47
24 40 47
24 40 49
24 39 50
22 39 49
23 41 49
21 39 49
23 37 48
21 34 48
18 41 49
19 32 49
18 30 50
18 34 47
17 42 48
20 42 48
20 47 52
20 31 49
20 43 50
21 51 47
24 45 51
27 49 50
28 53 48
28 54 47
31 54 45
33 50 45
35 51 43
36 51 43
37 51 42
40 51 38
39 52 38
38 52 38
38 51 38
37 51 41
37 48 39
37 45 42
38 49 41
37 47 41
39 46 43
39 48 44
40 45 45
40 44 45
40 44 45
41 46 46
45 46 47
42 45 42
41 48 42
39 47 38
43 43 42
43 48 41
45 44 42
47 41 41
47 42 42
51 29 43
45 39 39
49 27 37
47 35 29
48 28 34
49 25 52
51 30 55
57 34 52
62 26 48
62 30 44
62 32 44
62 32 42
61 36 40
58 37 33
57 40 28
57 44 30
53 45 32
45 44 33
37 46 29
33 49 39
28 47 42
29 46 42
33 43 43
32 42 40
42 41 47
45 37 45
46 39 45
47 41 43
49 34 40
52 29 36
50 31 38
52 28 42
48 23 48
51 26 54
63 17 45
63 24 43
63 29 46
63 31 42
62 33 39
60 36 34
56 40 32
50 41 32
41 42 29
34 46 34
31 44 43
30 40 41
30 40 45
33 33 42
40 35 44
45 33 42
49 34 44
49 33 41
51 27 41
51 27 42
54 24 42
52 25 43
53 25 53
60 27 58
63 19 60
63 23 55
63 26 49
62 28 44
62 31 43
54 34 39
50 38 38
43 38 36
32 41 34
31 40 41
30 39 42
31 37 42
28 37 35
45 26 42
48 21 39
50 31 35
51 23 35
46 19 34
52 11 37
55 00 44
46 33 47
51 29 57
56 06 61
58 14 58
61 19 50
61 27 47
57 32 43
50 34 40
45 34 38
36 35 35
31 36 40
23 30 39
30 27 42
36 27 42
46 20 40
45 19 32
42 30 32
42 15 30
38 09 24
44 00 32
36 38 40
48 13 42
50 09 35
51 14 35
57 09 25
58 20 16
58 30 18
56 37 18
52 47 17
48 63 25
48 63 35
47 63 37
46 63 34
44 63 37
43 62 41
42 57 42
43 52 40
43 47 36
43 38 34
46 38 35
46 42 34
46 49 41
49 43 40
51 45 40
46 35 38
42 47 42
44 40 44
40 42 41
37 32 41
31 35 46
25 19 46
27 51 63
36 38 58
38 37 55
38 49 62
38 58 63
39 57 55
39 56 43
44 55 32
47 51 29
49 49 27
49 44 28
49 40 31
44 37 30
43 38 33
45 35 30
42 52 40
45 48 44
49 35 41
48 45 42
51 50 42
53 42 38
49 47 40
46 45 47
43 47 49
41 43 48
44 41 50
41 31 55
37 46 63
36 44 61
38 43 47
39 46 54
42 45 55
44 54 50
47 56 46
48 51 39
47 50 33
47 42 28
45 42 31
45 41 33
46 38 33
45 34 31
42 19 40
39 46 42
44 44 41
46 38 41
45 47 40
48 47 43
45 46 42
45 48 41
44 50 45
43 45 46
40 43 48
37 39 55
35 47 59
38 49 51
41 51 54
44 53 53
44 61 49
48 56 51
44 59 45
45 50 41
45 45 39
43 44 36
39 41 32
38 37 35
35 42 35
35 49 32
44 25 44
44 49 44
45 52 43
45 47 41
45 52 42
43 55 48
43 47 40
41 39 43
37 39 54
39 47 51
38 46 48
35 44 45
33 44 43
31 47 48
32 52 52
33 57 51
35 56 48
35 59 44
37 58 46
40 61 44
40 58 43
42 55 42
44 55 38
45 54 36
48 48 34
49 46 36
48 43 34
47 41 37
47 39 38
47 40 39
45 39 38
44 37 39
44 36 38
41 33 38
40 33 37
42 33 35
44 24 35
47 27 37
48 27 39
51 23 40
52 28 37
54 19 38
52 17 38
55 23 47
60 19 51
62 23 50
62 26 45
62 30 40
61 30 34
56 37 28
55 38 31
49 40 28
42 47 32
41 43 40
40 44 43
39 46 43
39 45 47
39 44 49
38 45 48
40 44 48
38 43 45
44 34 48
43 45 40
46 36 44
49 32 42
49 33 40
46 27 41
50 27 36
49 27 37
49 27 45
48 26 41
43 28 37
53 15 48
50 41 51
63 17 59
63 26 57
63 27 55
63 27 47
62 31 40
59 32 36
55 35 35
46 37 35
43 40 36
33 35 33
31 36 34
31 37 36
29 31 30
43 15 36
46 17 34
46 25 32
49 25 29
48 23 31
46 17 31
54 00 48
43 42 41
56 14 45
59 21 41
59 21 40
61 22 33
58 27 27
55 33 34
51 43 32
49 54 41
52 55 45
50 56 45
48 58 45
47 57 47
49 54 42
48 48 38
47 44 38
45 43 36
46 39 36
42 40 35
45 45 43
42 43 39
43 44 44
43 39 41
40 38 40
38 41 49
40 38 47
39 47 47
40 42 48
38 41 51
36 46 51
41 51 50
44 49 48
35 16 48
33 34 59
34 37 61
33 32 56
35 45 59
35 38 59
38 50 59
41 53 55
42 56 48
41 59 41
37 53 37
38 44 36
35 40 36
32 35 35
32 37 36
33 29 46
32 48 49
38 47 50
39 47 52
39 52 52
38 36 49
37 50 61
34 48 55
33 43 46
29 45 46
26 55 57
30 55 56
29 60 56
34 63 47
43 63 42
45 62 40
48 62 39
49 50 37
50 47 33
52 41 33
52 29 35
50 34 32
46 27 36
46 27 35
43 27 34
39 25 37
38 22 35
24 19 31
39 27 37
44 15 33
46 19 32
48 20 34
44 18 29
45 07 34
49 03 41
38 29 37
36 42 39
47 14 49
49 20 50
54 20 52
56 23 45
55 26 45
53 34 45
51 37 40
50 38 41
47 41 42
45 39 41
43 44 41
39 45 41
37 46 41
37 43 46
36 44 47
34 45 44
33 46 47
34 39 48
30 44 49
29 43 48
27 42 51
24 44 52
22 43 51
18 45 53
18 45 53
18 44 52
18 45 51
18 45 52
20 43 49
21 42 51
20 40 49
18 40 45
19 40 52
17 38 50
18 49 49
19 49 50
21 47 49
24 46 47
27 46 46
28 47 45
30 39 44
32 38 45
30 34 48
30 32 48
31 32 50
31 33 52
32 31 50
30 32 50
29 35 50
28 36 50
27 38 52
24 41 63
23 35 56
25 35 50
28 37 58
29 35 50
32 40 52
33 42 53
31 38 53
31 35 53
30 35 53
31 35 53
30 36 53
31 37 52
30 37 53
30 38 52
31 38 52
31 36 53
32 36 52
30 36 52
30 38 52
30 37 52
31 37 51
31 39 53
30 36 53
31 38 52
30 38 52
30 39 53
30 38 52
31 38 52
32 37 52
31 37 52
30 38 52
30 38 53
31 37 52
30 38 53
30 37 52
31 37 52
31 39 51
29 39 53
31 39 52
31 39 52
30 38 53
31 38 52
30 38 51
30 38 53
31 39 52
30 39 51
31 37 53
31 38 52
30 37 52
30 38 52
30 38 52
30 38 52
31 38 52
30 38 52
31 37 52
30 38 52
30 39 51
30 37 52
31 38 52
31 38 52
31 37 52
30 39 53
