32 20 45
16 43 37
16 43 37
17 43 37
16 43 36
17 44 36
17 42 34
17 42 34
14 43 34
15 43 35
15 44 36
15 44 36
15 46 36
16 46 36
16 46 37
15 46 37
16 48 37
15 44 38
16 43 36
17 46 34
16 50 35
17 47 33
17 50 30
17 46 32
17 48 30
18 48 30
20 48 30
21 49 29
23 51 30
22 52 32
21 52 29
20 51 30
21 51 30
20 52 30
22 54 31
23 52 33
25 51 34
26 53 37
26 50 40
25 55 41
28 49 42
27 50 41
30 53 41
31 49 41
33 55 39
33 54 38
34 53 35
35 50 34
33 54 33
33 53 33
31 51 34
32 53 35
31 55 33
31 48 38
34 52 41
33 57 43
36 55 41
36 58 42
37 56 41
36 53 41
38 53 42
38 51 43
39 49 40
39 51 43
39 51 43
40 52 43
41 50 40
41 45 41
42 48 41
41 44 40
42 45 39
41 45 42
37 41 44
36 39 47
38 40 44
40 41 41
39 40 46
37 41 46
37 47 47
39 43 51
39 41 49
41 42 50
43 38 43
44 36 43
44 28 41
46 27 45
47 33 44
47 22 47
49 12 44
53 13 47
57 14 41
55 26 41
55 34 43
54 36 40
53 38 38
50 44 41
46 45 40
44 47 41
41 44 48
40 42 50
39 41 46
37 40 48
38 45 49
39 39 49
39 43 46
42 34 43
44 26 41
45 24 39
45 20 40
44 22 43
43 20 42
44 24 45
47 18 44
44 22 47
52 20 49
58 23 49
62 26 51
61 28 44
60 27 37
58 30 35
54 38 37
51 40 37
45 39 42
44 39 44
40 44 45
40 44 48
40 45 48
38 39 55
43 37 46
42 32 45
41 29 43
37 23 38
36 24 38
43 25 36
45 30 39
45 24 43
47 13 53
50 22 48
57 23 56
62 14 55
63 25 56
62 30 50
61 32 46
58 33 43
54 36 39
47 37 37
43 40 34
38 41 34
32 42 40
32 42 41
32 41 45
31 42 49
32 41 51
33 41 50
33 44 51
36 35 53
36 42 55
36 44 50
39 29 47
41 34 43
42 36 48
46 26 50
49 28 46
45 25 44
54 00 47
57 06 49
58 19 45
55 22 44
53 31 41
50 38 39
46 38 37
38 44 40
36 42 43
32 38 44
32 40 48
31 39 52
30 40 55
30 43 56
32 43 53
33 43 51
36 25 53
44 28 52
42 27 49
45 35 46
45 32 46
44 34 47
43 23 40
45 17 28
46 13 27
41 19 21
39 04 38
39 07 38
48 20 45
54 09 55
58 13 51
61 14 45
62 22 45
59 24 42
54 30 37
46 34 40
40 38 32
31 38 37
27 31 40
29 30 36
32 28 39
35 32 39
37 39 45
42 42 43
46 50 48
50 54 56
55 57 55
50 58 54
49 57 51
48 52 49
49 50 44
48 47 41
48 45 39
44 46 34
43 40 35
43 08 39
33 48 45
33 39 41
30 43 52
35 38 52
43 16 46
26 25 59
26 49 63
34 52 63
42 52 60
48 51 48
50 51 37
57 45 34
54 35 34
57 39 30
50 25 28
40 07 47
41 34 37
39 45 38
37 37 47
30 31 55
30 31 61
29 26 63
33 38 63
41 46 62
47 53 53
48 51 46
51 49 37
50 40 31
48 36 29
43 38 28
37 21 41
37 47 36
38 42 37
40 39 42
31 39 63
35 21 62
33 16 63
34 34 62
39 45 61
37 57 51
42 53 48
46 52 40
49 49 34
47 41 36
44 36 32
47 33 32
47 01 45
36 48 54
38 38 38
38 39 42
36 46 49
36 42 52
33 27 57
32 25 61
29 31 63
33 38 63
43 49 63
44 61 52
45 53 42
46 47 38
44 42 36
43 29 34
37 10 38
32 51 47
35 52 37
37 35 33
35 49 52
35 43 51
42 43 47
36 59 52
35 16 52
25 37 63
39 44 63
46 40 59
47 51 61
42 61 51
41 60 43
39 48 38
38 40 35
36 31 35
33 37 36
39 00 54
26 37 40
34 42 38
35 39 41
32 43 46
26 51 54
32 35 50
28 53 62
37 45 56
46 48 62
49 60 60
51 59 56
52 59 51
51 56 39
52 47 33
49 37 31
49 29 32
45 28 34
45 34 30
34 39 42
40 37 40
39 38 45
41 43 43
42 40 43
38 49 46
33 37 50
30 33 53
29 07 46
24 39 59
25 43 57
30 49 61
37 61 62
40 62 59
48 57 50
49 50 46
48 46 40
49 39 37
46 29 35
48 30 35
48 31 36
48 31 33
39 43 45
40 37 42
42 39 42
39 43 48
37 40 51
39 40 49
42 43 47
39 43 47
40 41 49
37 45 44
38 46 47
36 44 48
30 18 53
26 45 52
29 37 44
22 31 42
20 60 60
27 47 57
36 57 54
40 59 52
45 61 52
48 56 50
48 51 42
49 44 39
48 42 38
48 37 40
47 34 43
42 20 44
43 38 42
41 43 39
39 41 43
39 43 49
37 45 47
38 42 45
37 44 44
35 44 48
32 44 45
35 29 43
25 50 57
28 43 48
28 41 44
26 51 50
28 53 51
33 57 49
34 56 48
36 57 45
38 56 43
39 50 44
38 49 44
37 49 44
38 47 46
39 49 47
39 51 48
40 48 48
39 51 48
41 49 50
41 48 51
43 49 50
44 47 50
47 44 50
47 44 48
46 40 46
46 37 44
45 36 42
43 33 42
42 33 41
42 29 39
40 30 42
38 31 39
39 35 40
39 32 43
37 11 50
44 23 45
45 27 45
47 29 45
45 29 46
48 13 43
49 16 40
52 00 54
56 01 49
57 05 47
59 16 42
56 23 41
54 28 41
52 35 37
49 36 36
45 36 39
39 39 41
37 37 44
36 34 46
33 33 41
37 19 44
42 30 42
42 20 42
47 26 40
45 23 37
45 17 34
43 12 36
40 14 29
43 11 41
52 06 55
56 06 53
61 11 53
60 18 50
58 25 46
55 31 43
50 34 39
44 33 36
39 33 33
33 35 40
30 30 39
31 34 30
35 24 40
40 23 33
46 17 32
45 19 26
44 20 27
46 05 31
50 00 42
45 22 47
53 01 44
56 17 43
60 22 44
54 23 39
55 34 41
53 37 39
53 39 37
48 39 35
43 47 37
39 47 45
40 46 47
39 46 48
37 46 52
37 42 53
38 42 51
42 24 54
40 45 51
43 39 48
42 39 48
45 28 45
45 35 42
43 27 38
44 25 37
44 23 38
46 18 39
45 19 39
46 22 38
45 20 36
46 00 45
46 20 40
45 24 41
51 24 45
55 20 48
59 25 50
61 25 46
58 24 44
56 27 38
55 35 34
53 38 37
51 42 37
48 44 42
44 44 46
41 44 46
40 40 45
39 41 46
39 38 49
40 36 51
43 39 47
42 31 47
42 28 46
41 25 40
40 22 39
38 20 40
41 21 42
43 24 42
43 25 40
47 09 49
44 22 44
52 29 50
56 19 56
62 22 59
62 25 54
63 27 49
61 27 45
58 29 39
53 30 37
46 30 37
39 29 36
35 30 35
31 32 35
33 27 28
30 19 40
42 26 34
45 21 29
46 25 26
46 18 25
54 00 27
47 10 33
51 30 48
57 08 60
60 13 56
58 18 50
52 20 45
48 24 41
47 26 38
43 30 36
37 31 36
34 27 30
37 28 27
36 33 37
40 13 33
44 25 28
41 11 20
46 00 28
39 25 36
45 19 40
54 14 40
62 22 47
62 23 52
61 24 52
56 27 43
54 25 33
44 30 35
38 28 42
39 27 39
39 27 36
40 31 45
47 35 50
50 37 50
52 43 51
48 45 54
44 44 52
42 44 51
41 42 51
41 39 49
39 31 53
42 37 46
40 29 46
41 27 44
43 19 38
42 23 36
42 22 39
42 21 41
43 00 47
48 37 47
54 15 54
62 14 53
62 15 54
62 22 48
59 27 44
53 28 40
49 30 39
44 31 37
38 32 34
33 34 36
31 29 32
32 08 42
38 26 29
44 19 23
43 27 22
43 13 27
38 07 38
46 12 37
53 16 32
59 25 36
60 34 39
56 30 38
57 32 36
56 38 35
52 46 41
49 55 40
45 60 41
42 61 45
44 61 50
44 60 47
44 58 46
42 51 47
45 47 41
46 44 34
46 38 33
45 36 31
45 40 27
43 34 21
35 58 42
36 40 40
38 39 42
31 33 48
25 32 63
32 39 63
38 38 63
43 49 63
50 47 56
52 46 41
51 44 35
49 38 31
47 36 28
43 38 30
40 34 32
34 11 31
30 47 50
32 45 48
35 39 45
35 40 47
33 45 51
32 36 43
28 50 62
28 48 57
33 42 55
35 56 60
43 60 61
43 57 53
50 58 47
49 57 43
48 45 38
50 41 33
49 37 31
46 33 34
46 32 35
46 24 35
42 46 47
42 38 44
42 39 43
39 43 48
37 42 50
38 41 48
39 46 50
37 46 48
38 39 45
35 42 46
33 42 46
33 34 47
29 39 53
30 41 49
32 39 44
31 41 46
30 50 50
33 54 51
37 53 51
39 53 49
40 54 46
42 52 47
42 48 45
42 48 46
41 48 45
40 48 46
40 46 45
39 46 46
39 47 47
40 46 46
39 45 46
40 46 46
42 46 45
44 46 46
44 47 46
44 48 45
44 48 44
46 49 43
44 51 44
44 49 46
45 50 46
44 48 47
43 50 45
41 47 48
41 42 44
41 42 45
42 41 43
45 38 40
43 29 42
44 38 39
45 34 39
39 42 44
40 47 47
38 43 48
36 45 44
37 42 46
36 48 47
36 45 44
36 32 45
31 47 52
32 46 46
33 46 39
34 42 38
32 48 43
34 56 48
36 54 46
35 55 45
38 54 45
38 50 44
35 56 45
38 58 44
39 55 44
39 52 43
39 53 44
38 54 43
40 53 42
39 53 43
39 52 44
39 50 44
37 50 43
37 51 44
36 52 44
37 50 43
35 49 42
33 50 41
32 51 41
32 52 41
32 50 40
32 49 39
31 53 39
32 52 39
31 51 39
30 53 40
31 52 40
30 53 40
31 53 39
30 54 39
32 53 39
29 53 40
30 52 38
29 53 39
30 54 39
28 53 38
29 52 38
29 51 38
30 53 39
