31 41 51
31 41 51
32 41 52
31 40 51
32 40 52
32 40 51
32 40 51
30 41 51
31 41 51
31 41 51
32 41 51
30 42 52
30 42 51
32 41 51
31 41 51
31 41 51
31 41 51
30 40 51
32 41 51
32 40 51
31 41 51
31 40 52
32 41 51
31 40 51
32 41 51
32 41 51
31 41 51
32 41 52
30 41 51
31 40 52
32 41 52
30 41 52
31 41 51
32 42 51
31 41 52
31 41 52
31 41 52
31 41 51
31 41 51
31 41 51
32 41 52
32 40 52
31 41 51
31 41 52
29 39 52
30 39 52
29 40 53
28 41 53
29 37 54
30 42 55
32 39 54
33 37 49
33 37 44
35 43 44
35 53 42
30 49 41
25 53 49
27 52 48
26 50 46
26 46 46
25 44 47
25 47 49
24 43 47
25 42 47
24 43 48
24 44 48
22 45 45
20 43 45
18 42 46
18 41 48
18 39 47
21 37 49
21 34 46
19 34 47
18 35 48
18 34 47
17 34 47
18 35 47
15 41 48
18 48 46
21 46 45
19 38 45
21 35 46
17 47 47
23 37 48
24 42 47
23 48 46
25 47 47
25 48 48
27 48 46
28 48 49
29 44 47
28 53 45
29 50 47
30 51 45
32 53 44
34 53 41
35 53 43
36 50 41
39 51 40
41 51 40
41 51 38
40 52 37
40 49 38
41 51 37
42 57 37
42 50 39
41 49 40
41 52 38
40 47 42
40 48 41
40 47 43
41 48 42
41 46 44
39 46 41
35 51 37
40 48 43
43 42 42
45 43 42
44 44 42
48 39 43
48 36 42
46 43 41
52 29 38
48 35 31
48 25 33
52 09 51
49 44 54
59 25 50
62 27 49
63 31 49
62 37 44
62 37 38
62 37 35
57 41 32
54 42 31
47 43 33
40 44 36
36 44 32
32 44 40
30 47 43
32 46 46
35 43 45
42 41 44
46 40 43
51 33 41
49 37 42
52 28 36
50 33 39
50 31 46
53 28 46
53 24 50
62 22 56
63 20 55
63 22 48
63 25 39
62 33 31
60 38 30
58 35 33
48 37 26
36 46 34
35 42 42
26 44 39
29 41 45
31 41 44
27 44 42
38 28 48
47 31 47
47 34 45
49 43 43
50 35 40
50 27 38
51 25 43
50 26 43
52 14 49
60 28 60
63 23 54
63 30 52
63 28 49
63 34 40
61 37 35
54 40 36
47 39 36
33 38 30
29 41 40
26 38 43
28 40 40
31 38 39
49 06 52
44 32 43
45 25 41
52 21 42
51 29 42
50 28 44
56 20 43
50 17 38
55 03 47
46 43 50
55 23 54
63 23 62
63 25 58
63 27 52
61 32 46
56 34 40
50 35 37
42 38 36
30 37 34
30 40 42
29 36 39
26 33 36
38 36 47
44 17 39
45 26 41
47 22 38
45 28 35
46 17 32
41 07 30
41 08 35
42 20 54
50 20 50
57 09 58
63 15 56
63 27 54
61 39 52
53 41 46
44 40 40
37 48 48
36 39 45
33 38 37
34 35 36
50 01 42
44 25 38
45 17 34
47 22 34
48 32 35
47 27 31
45 06 23
47 03 36
38 46 45
47 19 45
52 17 42
55 17 38
59 15 29
59 27 19
58 34 20
55 43 21
52 51 22
51 56 21
48 62 29
45 62 39
49 63 37
43 63 42
42 63 42
42 62 39
42 62 41
41 53 34
41 44 29
38 40 27
38 37 34
36 38 36
39 08 39
32 37 50
35 42 46
41 36 44
40 44 45
42 50 48
43 47 46
44 35 43
38 31 61
37 43 63
47 30 52
44 39 60
45 52 63
44 58 61
41 60 52
43 60 47
39 56 40
38 47 32
37 37 31
38 31 32
41 30 33
44 08 33
44 42 43
46 41 42
47 42 42
45 45 47
44 39 45
43 41 46
41 45 50
41 38 48
41 37 54
38 27 55
36 39 62
35 34 63
40 40 62
39 55 61
40 62 55
43 59 47
46 54 40
44 50 35
48 45 31
46 40 28
46 36 31
44 36 34
48 29 32
42 50 46
45 42 45
48 37 40
43 42 46
43 42 47
45 38 46
40 46 49
40 39 51
41 38 53
34 12 45
31 27 59
34 41 62
37 31 49
33 38 55
38 52 62
40 57 56
43 58 47
47 58 43
47 52 39
48 46 37
47 42 33
48 38 30
50 36 32
50 38 34
51 22 44
49 42 43
50 44 42
50 46 39
46 45 41
45 41 43
43 39 48
38 44 45
42 44 41
39 41 47
38 45 50
42 41 48
42 39 48
35 23 55
37 37 51
40 35 47
36 32 50
35 45 61
39 51 62
41 61 55
47 59 52
45 54 45
47 47 41
47 42 35
46 43 34
48 38 34
48 19 45
45 50 47
46 44 45
43 45 43
39 43 45
40 41 46
43 40 42
40 46 44
40 42 50
39 46 51
39 45 49
38 44 50
33 39 48
32 34 45
27 40 57
27 44 56
32 39 50
27 40 54
25 48 60
28 50 61
24 51 58
29 57 54
31 53 49
31 53 46
35 48 44
36 47 46
35 44 43
35 40 44
35 37 45
34 34 46
34 41 52
34 38 50
36 40 51
33 45 53
36 42 52
35 36 50
37 39 51
35 45 51
38 38 48
43 34 45
43 35 47
44 35 50
42 37 50
42 36 50
46 28 48
47 31 45
45 31 46
47 30 46
47 30 44
47 25 42
48 34 41
48 31 39
48 25 41
50 31 33
52 09 33
45 22 39
47 27 46
52 23 48
55 23 53
60 23 54
63 22 46
62 25 41
62 32 32
61 35 27
57 42 28
53 48 28
47 46 32
43 47 33
38 48 35
36 51 41
35 46 47
32 46 44
34 44 47
41 35 49
40 41 42
48 36 44
47 44 41
50 37 41
55 31 39
51 27 43
53 23 43
59 22 50
62 18 55
63 19 47
62 23 40
62 30 36
59 35 33
54 35 32
49 39 35
44 41 35
38 38 37
37 39 37
35 42 41
34 39 39
45 17 46
46 33 40
50 26 31
48 28 35
51 21 38
54 19 37
52 25 41
59 22 50
61 20 52
62 21 51
63 26 42
60 29 39
59 34 33
57 40 28
55 40 28
53 43 30
48 46 31
45 47 33
44 45 37
39 46 38
38 48 42
38 46 48
38 48 49
38 44 47
39 46 47
43 36 50
45 46 44
47 40 44
48 35 42
46 33 40
48 30 39
50 28 36
47 25 39
50 32 39
52 27 34
52 20 42
49 38 46
49 30 47
56 30 48
62 26 49
63 30 56
63 32 51
63 33 42
62 36 36
60 33 36
52 36 32
49 35 31
42 38 34
39 36 37
33 36 35
31 43 38
33 36 39
32 30 38
45 25 42
41 29 35
49 27 35
50 29 37
50 17 42
51 14 41
52 30 45
62 15 46
63 24 39
62 22 30
59 26 28
58 32 29
56 36 27
54 44 24
50 49 30
53 55 29
54 62 31
49 63 30
42 62 38
38 54 40
30 62 41
36 52 41
41 46 41
44 45 38
46 42 35
45 38 29
48 37 30
47 43 37
45 46 34
47 41 40
44 46 37
47 37 39
48 36 34
50 50 38
52 34 41
45 37 57
49 33 63
46 37 63
49 47 61
49 52 50
47 52 42
44 44 35
42 37 28
43 36 27
50 00 34
43 32 39
43 46 34
46 46 38
40 43 43
42 41 49
43 38 51
43 42 58
46 43 63
49 42 59
54 47 56
52 54 47
49 56 44
48 50 41
41 48 37
40 37 32
37 37 32
37 39 35
39 08 37
39 43 39
43 51 47
43 50 46
42 45 46
44 43 49
44 46 48
42 42 43
42 41 38
35 44 46
34 46 55
32 55 60
37 56 61
42 59 54
44 63 49
47 60 41
47 60 35
50 50 29
51 47 28
49 43 27
48 41 28
46 39 31
45 38 34
40 40 29
45 57 44
45 38 42
45 45 40
43 44 40
41 45 45
41 42 47
40 46 45
40 47 43
41 44 45
40 45 45
38 43 47
38 44 46
36 31 48
35 38 54
37 42 51
39 35 46
31 25 57
31 46 62
32 46 62
33 52 58
36 58 52
38 55 43
42 53 40
47 45 37
48 45 35
50 42 37
48 39 39
48 41 41
46 43 40
46 47 48
43 42 45
44 41 46
41 43 44
39 44 45
36 44 46
37 40 45
39 42 46
38 42 44
36 39 46
35 43 45
36 46 46
38 39 45
34 34 49
30 43 54
32 40 49
29 39 47
23 51 53
24 58 56
30 60 53
33 60 47
36 63 41
40 62 40
41 57 34
46 54 38
46 48 38
50 45 32
51 39 33
51 31 36
52 29 33
49 30 35
48 27 35
46 27 35
42 25 31
46 35 48
44 26 44
47 31 36
53 34 36
52 26 33
52 21 44
54 41 47
56 30 45
61 34 47
62 31 47
62 32 45
62 33 42
59 34 38
59 34 35
56 40 27
53 45 22
50 47 27
46 48 28
44 46 27
42 50 33
37 49 35
35 52 38
35 49 43
33 48 44
35 48 47
38 48 48
41 41 47
41 50 44
44 50 41
48 37 40
46 43 38
48 34 38
48 32 37
50 31 35
51 32 42
51 36 43
52 32 44
53 32 43
49 28 46
48 29 49
49 27 46
50 31 46
47 34 48
46 32 50
47 34 51
48 32 51
47 35 56
51 40 55
49 41 52
47 44 51
48 46 49
45 42 45
42 45 47
39 46 48
38 42 46
34 43 47
34 44 48
35 44 48
36 37 44
35 40 44
36 42 45
36 42 46
36 41 46
35 40 46
36 42 46
36 43 49
35 41 49
34 39 49
33 40 47
30 45 52
26 47 53
23 44 52
22 46 52
21 42 52
21 42 53
19 40 52
18 40 51
20 40 51
17 38 49
21 38 54
20 37 49
20 41 53
21 45 53
22 41 48
26 44 49
24 46 45
28 42 41
31 39 43
32 40 45
34 38 48
33 38 51
33 38 53
32 37 54
32 35 53
30 36 53
28 36 53
30 35 53
27 32 48
26 35 48
22 41 61
21 32 48
27 40 50
28 44 57
28 36 53
30 32 50
33 37 52
33 38 52
30 38 53
30 36 53
30 36 52
29 39 53
29 41 53
32 38 52
31 37 52
31 37 53
30 38 52
29 38 52
30 39 52
30 39 51
31 38 52
30 38 52
31 38 52
31 38 52
30 39 53
30 38 53
30 38 52
31 37 52
31 38 52
32 39 51
32 39 52
31 37 52
30 37 52
30 37 52
29 37 52
30 37 53
31 38 52
30 38 53
30 37 52
29 39 51
30 37 52
31 37 52
30 37 53
31 38 52
30 38 53
30 39 53
29 37 52
31 38 52
29 37 52
30 38 53
31 38 53
31 37 51
31 38 51
31 38 51
30 38 53
30 38 53
32 39 53
30 40 52
30 39 53
30 38 52
32 37 51
