32 37 33
32 37 52
33 37 52
32 39 53
32 38 52
32 37 52
33 38 52
32 38 52
32 38 52
33 37 53
33 38 53
32 37 53
33 37 53
32 37 53
32 37 53
32 37 52
32 38 53
32 38 52
33 36 52
31 37 52
31 38 53
32 37 51
33 37 53
33 38 52
32 38 52
33 37 52
31 35 52
31 37 53
32 36 53
32 39 52
33 39 52
34 38 50
33 38 51
33 39 52
32 39 52
33 38 52
33 39 53
32 38 53
31 37 53
32 36 54
31 39 56
32 41 55
35 44 55
36 44 53
36 43 51
35 42 50
38 39 46
36 42 45
39 44 47
38 45 47
40 45 46
41 43 48
39 42 50
39 40 50
39 39 50
38 38 51
38 38 52
37 37 51
36 39 51
34 36 53
33 33 54
33 33 55
32 31 56
31 34 56
33 34 56
33 33 54
32 31 53
33 29 53
33 28 55
33 28 54
33 29 56
34 30 55
35 32 57
33 34 57
36 37 57
37 39 56
38 39 54
38 43 53
40 39 51
41 40 49
41 38 47
42 37 45
43 35 46
43 33 45
42 34 44
43 31 45
42 30 42
43 30 45
44 29 46
44 27 47
44 26 48
44 19 48
45 24 47
44 26 49
45 29 48
44 29 48
43 26 47
43 27 49
44 27 50
44 27 51
45 29 50
44 30 50
42 28 49
43 30 47
44 22 48
41 22 46
42 27 47
42 25 48
39 21 45
39 19 45
39 17 42
40 15 42
40 14 36
41 09 37
39 08 39
39 11 42
42 08 42
47 13 44
50 17 48
48 18 49
48 21 48
48 27 46
47 29 44
46 29 43
44 32 44
42 33 46
40 27 48
39 28 48
38 25 51
39 23 52
34 30 44
38 11 50
40 23 45
43 24 45
43 29 46
43 28 46
40 24 45
42 19 44
40 26 43
36 30 41
38 19 39
42 18 36
47 14 31
48 08 28
47 11 29
44 05 32
43 07 33
41 11 35
43 15 36
41 16 38
41 10 39
43 07 33
45 11 37
46 13 39
47 16 36
50 26 44
50 32 48
50 30 49
46 29 50
45 31 47
43 33 52
41 31 52
40 28 52
37 15 54
40 28 54
39 29 47
37 17 47
39 21 43
39 18 43
37 15 43
40 18 41
38 13 39
38 09 35
40 13 35
40 13 36
42 15 34
41 13 35
42 17 38
42 16 37
42 15 38
42 20 39
42 09 38
44 04 39
47 06 45
53 09 49
54 15 50
54 21 54
51 28 52
50 29 45
48 32 43
42 28 40
37 33 40
34 25 42
33 22 40
39 15 33
40 11 36
43 15 37
44 22 36
43 18 38
44 21 38
41 19 38
40 17 36
42 12 34
42 14 35
42 14 31
40 07 28
42 12 28
42 11 29
40 07 26
39 09 23
40 10 26
39 14 28
39 17 33
38 11 36
38 06 37
44 08 31
44 14 42
46 14 43
51 15 36
51 24 38
51 27 43
52 30 42
51 36 44
50 42 47
49 41 48
47 41 50
43 39 51
44 40 51
40 16 53
35 28 52
34 34 54
36 31 53
35 33 49
37 29 50
36 27 49
34 25 47
32 23 47
31 23 48
30 25 51
32 24 51
36 24 53
34 23 54
34 25 53
36 24 52
35 24 50
36 28 52
38 25 50
35 16 47
35 27 49
38 24 49
43 25 53
46 34 53
52 36 52
53 37 52
51 34 52
49 32 53
48 31 50
48 32 49
50 17 52
40 39 54
39 35 51
36 34 51
36 32 51
33 35 47
32 32 50
32 31 48
32 32 50
31 28 51
28 33 50
30 26 51
31 25 51
29 29 54
31 28 55
35 26 50
36 30 50
38 27 46
35 24 53
40 35 55
41 27 48
45 32 49
46 35 51
49 34 52
51 36 49
49 41 55
45 35 57
45 37 53
44 27 51
42 40 54
44 37 52
43 37 51
41 39 51
38 34 50
36 34 52
36 35 49
33 34 49
32 31 49
33 37 49
33 35 52
33 35 52
33 38 53
33 36 52
33 35 53
32 30 54
32 34 56
30 36 55
33 35 54
35 34 53
35 33 56
36 33 55
36 28 55
37 27 55
37 28 53
39 30 54
40 32 53
42 29 53
42 30 53
44 30 54
44 33 52
46 31 50
47 31 49
48 33 47
48 32 46
47 32 46
46 29 43
45 26 43
45 22 41
45 20 41
41 25 40
46 02 44
42 12 38
43 19 42
42 16 38
44 18 45
43 22 41
43 26 43
40 29 39
38 23 34
38 13 32
41 05 30
43 14 28
43 14 26
41 16 26
38 12 23
38 08 20
36 09 20
36 05 21
37 13 25
41 13 27
40 13 28
40 18 32
40 16 36
41 09 36
41 09 36
45 11 39
45 17 44
49 17 46
53 20 43
53 29 48
51 29 48
53 30 46
53 31 46
54 30 43
51 35 44
48 35 48
46 35 48
43 34 47
40 31 47
37 32 48
35 37 44
33 20 52
31 25 51
33 30 53
33 29 51
37 20 48
37 13 47
33 13 51
33 21 55
35 19 55
37 22 55
40 25 54
42 27 50
44 27 45
46 26 44
44 28 42
46 29 42
43 27 40
43 28 42
45 23 43
46 22 45
45 23 46
47 27 45
44 31 51
45 28 50
46 25 50
45 31 51
44 27 50
45 22 45
45 17 43
46 12 42
46 13 42
48 17 43
49 18 44
48 22 46
48 26 45
49 31 48
49 31 47
48 34 48
45 33 48
44 29 49
43 29 50
42 25 50
43 24 49
44 21 49
42 20 49
41 21 48
41 19 43
43 25 44
43 22 41
43 10 39
44 17 37
44 13 40
43 15 39
43 14 38
41 16 37
41 15 39
41 16 39
41 15 38
40 14 39
40 12 37
40 12 36
41 13 37
41 13 36
41 13 37
41 13 38
40 16 37
42 13 38
41 12 39
41 12 39
42 15 38
41 14 40
42 11 40
40 22 42
40 16 44
42 15 44
41 21 44
42 23 47
41 22 49
42 23 48
41 27 47
39 27 48
40 24 48
40 23 48
40 23 50
40 21 50
40 21 47
41 20 46
39 20 45
39 21 43
42 17 43
40 13 43
41 11 40
43 14 40
42 12 39
41 14 39
40 12 39
40 13 35
41 13 33
39 14 35
38 12 36
38 13 37
39 13 36
39 15 39
39 14 39
38 15 42
41 18 40
40 12 43
39 16 43
39 20 50
39 20 50
41 21 49
41 25 44
41 32 50
41 24 49
40 22 50
38 25 50
38 25 49
40 24 49
38 22 48
37 23 48
36 27 48
37 23 49
40 17 46
40 14 46
42 14 44
43 14 41
44 15 38
45 14 37
43 13 35
43 11 32
43 13 31
42 15 31
42 12 26
42 10 26
41 14 27
43 16 29
44 10 29
44 13 32
43 13 33
42 12 34
42 12 37
43 10 38
42 22 42
44 18 40
44 19 40
43 18 44
41 19 46
43 19 45
43 21 45
44 23 44
45 23 46
44 20 46
45 24 47
44 23 46
45 24 47
45 22 46
44 22 46
44 20 46
44 22 48
43 25 49
42 27 49
42 29 50
42 35 52
44 36 51
45 38 49
46 35 49
46 35 49
44 42 48
45 35 48
45 28 50
42 28 49
44 30 48
42 29 49
43 17 45
42 25 50
40 26 53
41 27 50
37 33 48
43 09 43
42 18 48
42 21 48
41 21 43
43 21 46
46 26 45
48 25 47
46 21 42
45 20 46
43 18 45
42 19 43
42 21 41
45 23 39
46 22 36
46 14 39
46 19 40
45 15 41
45 09 47
44 19 48
46 08 45
43 19 46
43 21 45
44 19 45
45 23 43
48 27 44
53 32 42
59 38 44
58 35 47
55 33 44
53 31 45
49 28 45
47 30 44
45 28 43
43 27 44
42 25 43
39 25 43
37 20 48
38 24 44
41 21 44
43 22 42
46 20 45
45 23 44
41 20 46
43 17 46
41 13 47
45 14 50
47 16 51
50 17 51
50 21 50
51 22 48
50 27 49
47 34 54
46 31 52
45 34 51
44 32 53
46 34 51
45 33 51
43 32 48
38 29 47
36 27 45
35 30 44
31 34 44
30 34 45
24 16 45
23 23 52
25 30 54
27 28 53
29 31 54
32 30 54
33 28 52
33 28 50
33 25 50
31 21 49
32 18 52
29 35 60
33 27 56
37 24 53
39 30 54
40 32 56
41 33 55
45 34 53
44 35 51
45 34 51
43 34 51
43 33 50
40 31 50
38 29 49
39 14 45
36 26 49
35 33 53
37 31 51
36 29 48
38 30 51
38 29 52
34 29 50
34 23 53
30 18 52
30 20 53
29 26 54
32 27 56
34 27 55
36 28 53
37 27 54
37 28 53
37 28 54
38 27 55
40 27 55
40 29 55
41 30 54
41 29 53
41 30 52
42 28 49
42 29 49
44 28 48
44 28 47
44 28 47
44 26 47
45 27 46
44 25 45
46 25 44
45 23 42
47 21 41
44 20 40
44 18 38
42 18 34
42 17 33
37 16 34
39 01 29
40 13 28
44 16 31
43 13 31
41 17 30
39 21 30
38 06 27
40 11 25
41 18 27
40 13 26
41 11 26
40 13 27
40 13 28
39 10 30
38 10 31
37 14 33
38 11 36
40 12 37
41 15 37
43 12 36
45 13 37
43 13 38
41 13 40
42 14 40
43 14 38
43 17 41
44 14 42
43 16 43
45 20 41
44 19 46
41 22 47
40 23 49
39 26 46
40 35 52
39 33 55
39 35 52
37 48 49
34 60 57
36 42 50
39 46 53
41 46 50
42 43 48
44 36 48
44 34 46
44 33 45
45 33 42
46 35 43
43 35 44
44 37 43
44 40 45
43 41 47
44 39 47
42 42 46
39 43 48
41 44 49
40 44 49
39 46 51
39 48 52
38 46 51
38 46 51
35 48 51
37 44 51
38 41 51
35 35 51
36 34 52
34 35 52
33 35 50
30 38 50
30 36 51
29 35 50
30 35 50
28 35 50
26 29 50
27 30 51
27 30 49
26 33 48
24 31 47
19 47 63
22 37 62
26 30 56
26 33 53
27 32 50
27 30 50
26 31 51
27 34 52
28 34 54
26 33 53
25 33 53
26 32 52
24 31 51
24 31 50
25 31 51
27 33 53
28 32 53
30 32 54
29 32 54
28 32 53
26 33 52
25 33 51
27 33 53
26 34 52
28 33 53
28 33 52
28 31 51
28 33 52
27 33 51
27 33 51
28 33 53
27 32 53
27 33 52
27 32 52
27 33 52
28 33 52
26 34 52
27 31 52
28 31 51
27 32 52
27 34 51
27 32 51
28 32 52
26 33 52
27 33 52
27 33 51
27 32 53
27 33 53
26 32 53
26 32 53
27 33 52
26 33 52
28 32 52
28 32 52
27 33 52
27 32 52
28 32 52
27 32 52
27 33 52
27 33 51
26 32 52
