26 46 45
26 46 45
25 46 46
26 46 47
25 46 46
25 46 45
25 46 45
25 47 46
25 47 46
26 45 46
26 46 46
25 47 46
26 45 46
25 46 45
25 46 47
24 46 46
26 47 46
25 46 45
25 46 45
26 46 46
25 46 46
25 47 46
25 46 47
25 46 47
26 46 47
25 45 47
25 45 46
25 47 47
24 45 45
26 45 47
27 44 47
27 45 47
30 45 50
28 50 52
28 50 52
38 53 47
33 58 49
32 54 47
31 49 45
32 52 44
32 50 41
29 50 40
28 47 40
26 46 40
23 43 39
20 40 39
17 44 41
13 41 44
14 45 48
20 45 47
23 48 43
23 49 43
25 50 45
25 47 43
25 47 47
23 54 40
23 51 40
21 54 44
23 53 46
22 54 48
25 62 48
25 58 51
29 58 49
31 59 47
35 51 45
35 50 46
37 44 44
38 36 41
40 34 37
40 29 36
42 26 37
44 23 38
44 17 38
47 16 39
48 14 39
49 15 35
46 23 40
44 19 43
48 22 45
48 29 41
48 21 41
43 25 45
42 26 47
43 24 48
43 24 50
43 24 51
43 23 50
39 28 50
39 29 51
38 19 53
38 25 58
41 37 56
42 34 53
43 30 50
43 31 48
42 26 43
44 18 40
43 18 36
43 18 33
50 04 40
47 25 37
44 15 42
42 19 42
41 18 41
42 22 41
39 21 44
36 17 49
39 15 50
37 18 54
36 17 50
38 19 50
34 15 54
33 27 59
37 32 55
41 32 52
41 25 48
42 29 43
43 16 40
44 16 33
46 09 28
37 00 33
41 24 37
33 16 44
36 21 46
35 18 48
35 21 49
35 21 51
37 20 51
38 19 53
39 17 52
37 18 51
37 19 51
35 18 56
35 27 58
34 35 57
38 35 53
40 28 50
39 26 42
42 15 38
43 10 30
45 05 25
38 14 34
38 15 40
40 17 41
39 24 45
38 19 48
39 21 47
38 20 50
36 15 54
35 14 51
34 21 49
35 16 53
35 23 57
35 30 57
39 36 52
40 30 51
40 23 46
42 20 41
43 15 34
48 07 29
51 02 25
39 23 38
39 15 42
40 16 41
39 22 38
36 21 39
33 25 46
31 20 49
30 22 52
34 11 52
34 29 55
33 42 59
39 38 57
39 38 48
45 35 43
47 28 40
47 25 39
46 18 41
45 20 44
47 17 47
44 21 47
43 27 49
43 25 48
48 22 46
50 33 52
42 13 54
41 17 53
42 16 49
42 27 48
43 22 47
43 23 46
41 11 44
41 03 48
42 19 47
42 17 51
44 28 52
44 24 53
45 27 46
45 29 41
44 30 44
41 30 44
40 28 42
37 11 52
34 29 53
35 19 51
38 27 46
40 21 45
40 23 51
41 21 52
41 09 53
39 08 54
41 18 51
43 19 53
43 19 51
42 26 48
45 23 45
44 22 41
43 28 38
40 27 42
39 28 42
22 09 55
34 20 49
37 17 45
39 23 49
40 25 50
39 25 47
37 17 52
35 07 56
37 18 53
38 17 51
40 18 49
42 20 48
43 18 45
41 17 41
45 21 37
41 22 38
40 25 39
39 22 37
41 16 35
41 29 36
36 11 43
37 24 45
40 22 38
46 13 38
38 00 48
35 08 52
40 18 51
41 17 47
41 16 47
41 14 46
41 13 44
41 13 35
41 17 34
36 23 35
33 26 23
37 38 30
37 17 32
43 13 31
42 23 26
43 01 28
44 08 36
46 09 42
43 25 42
45 12 46
47 09 49
43 12 46
45 06 40
43 09 35
41 15 33
39 25 33
35 26 36
30 14 45
35 40 41
36 11 29
41 20 26
42 11 26
42 15 26
42 13 24
44 11 26
45 08 27
46 09 25
48 17 31
53 10 41
49 24 42
50 14 42
49 14 45
46 15 39
44 10 36
42 17 32
38 20 34
38 19 34
32 07 32
38 09 35
40 20 25
42 12 25
44 20 31
43 15 29
47 10 26
47 13 27
49 15 31
49 13 37
50 21 44
49 24 45
52 14 43
48 19 45
46 14 40
42 14 35
41 14 36
39 18 36
39 18 37
33 07 29
35 32 36
40 10 29
42 12 25
41 14 19
43 16 27
44 13 29
44 16 27
44 13 25
44 14 27
43 17 29
43 19 30
45 13 28
45 12 25
48 13 26
46 27 40
49 23 46
50 15 47
50 15 45
48 12 42
46 18 40
43 16 38
42 18 37
41 18 34
35 00 58
37 18 48
40 08 38
43 24 31
44 13 31
43 10 39
43 09 44
44 20 46
44 18 46
46 18 44
45 18 45
44 21 47
45 16 43
41 19 36
41 27 36
40 19 43
42 33 50
37 13 54
41 20 46
42 14 40
43 07 46
41 10 51
42 21 50
44 19 49
42 21 48
43 26 49
42 22 49
42 20 41
41 28 40
38 22 51
33 27 55
38 13 46
41 25 45
39 19 46
41 18 49
42 10 51
41 17 44
42 17 47
44 21 49
44 24 45
43 22 48
43 22 43
42 28 41
39 29 48
30 19 59
35 21 52
36 23 54
39 19 57
42 10 52
41 08 49
44 11 49
45 16 50
48 22 47
48 19 46
45 20 40
44 27 40
43 28 39
41 24 37
26 18 50
37 25 35
40 17 50
35 24 51
38 21 46
42 17 44
43 17 41
41 23 44
37 27 49
39 23 52
39 22 53
36 24 53
39 28 57
35 11 58
33 22 62
34 30 62
36 40 56
39 40 51
40 35 45
41 26 39
45 19 32
46 15 26
45 07 21
27 01 36
37 20 38
38 19 47
37 25 50
41 20 51
40 16 50
42 13 50
44 14 50
43 16 49
43 19 50
44 27 46
42 22 47
41 27 55
40 37 53
42 32 49
41 26 44
41 24 38
43 08 32
44 07 29
41 00 30
40 13 35
38 16 41
41 19 42
41 23 44
37 23 46
36 25 48
35 24 53
34 22 56
38 18 56
33 20 53
33 35 56
33 23 59
37 31 62
36 34 57
39 32 50
40 28 45
44 21 41
46 16 35
48 13 29
46 13 31
24 05 40
38 24 43
38 18 50
38 24 51
39 22 48
40 20 47
40 21 46
39 19 45
41 19 42
38 20 47
36 25 53
39 31 49
40 22 48
38 26 52
38 31 57
39 31 50
41 36 45
38 38 44
36 45 46
33 47 49
32 48 51
34 42 49
30 48 48
32 47 46
31 44 46
31 44 46
30 48 48
28 48 47
28 47 47
27 50 48
26 51 47
26 54 49
26 53 48
26 50 46
26 52 46
27 50 46
26 53 44
25 48 45
25 46 45
24 48 45
23 45 46
22 46 46
20 48 48
21 42 47
23 42 48
22 42 47
24 39 46
25 42 46
26 45 46
24 40 48
26 33 51
27 38 49
29 38 48
28 36 49
26 35 48
25 45 45
26 44 52
26 44 52
27 43 50
29 46 50
30 46 49
29 44 50
31 45 50
30 45 52
29 47 53
25 48 51
26 48 48
23 43 45
24 42 46
25 43 50
25 44 52
26 46 53
25 42 51
23 41 52
26 41 50
27 42 48
25 40 49
24 43 49
24 39 49
24 44 48
25 43 48
24 41 49
24 41 49
25 42 49
23 42 49
25 42 49
25 42 49
25 42 49
24 42 47
25 42 48
24 42 48
24 43 48
24 42 49
25 42 49
25 41 50
24 43 49
25 42 48
23 42 49
24 42 49
24 42 49
24 43 49
24 42 49
25 42 48
24 42 48
26 42 49
25 42 48
24 43 48
24 42 49
25 42 50
25 41 49
23 42 49
25 42 49
24 43 48
25 41 49
23 43 49
24 42 49
25 42 50
24 43 49
24 43 49
25 42 50
24 42 49
25 42 49
25 42 49
25 42 49
25 42 49
24 42 49
25 42 49
24 42 49
25 43 49
25 42 49
24 42 50
24 42 49
