12 37 35
13 36 35
12 37 36
12 36 36
12 38 36
13 37 35
13 36 36
12 36 37
11 37 37
12 37 37
11 37 36
13 36 36
12 37 36
13 36 35
12 37 35
12 36 36
11 36 35
13 36 36
12 38 36
12 36 36
13 37 37
12 36 36
12 36 35
12 37 35
13 36 35
13 37 35
13 37 35
11 36 35
12 36 35
13 35 36
13 35 37
12 37 36
12 36 37
13 37 35
14 37 36
13 36 36
13 37 35
13 36 36
13 37 36
13 36 36
12 36 37
12 37 36
13 37 36
12 37 36
14 37 35
12 38 36
12 38 37
12 38 37
12 38 37
11 38 39
11 39 39
11 42 39
11 43 40
11 45 41
11 45 42
13 46 44
15 46 44
16 48 46
17 47 47
21 49 47
22 46 47
27 43 47
28 42 47
29 42 46
31 42 45
33 38 44
32 42 45
32 40 43
31 39 43
28 43 47
27 41 45
26 40 45
26 41 48
24 40 49
26 40 50
24 40 51
22 40 51
24 39 52
25 41 51
24 40 51
25 40 51
25 41 51
23 38 51
23 41 49
22 46 50
20 43 52
23 41 47
24 49 51
26 51 51
27 50 51
30 52 52
32 54 50
34 52 48
38 50 45
39 51 43
41 49 43
42 46 41
44 46 41
48 44 40
50 41 42
50 43 43
52 43 41
49 40 40
47 38 40
46 38 40
46 37 40
44 36 38
44 37 39
42 39 39
43 36 40
41 35 42
43 37 45
45 36 48
46 38 49
45 41 48
47 39 50
46 37 48
46 39 47
48 37 45
48 32 44
46 28 41
46 22 40
44 24 41
45 21 40
45 20 39
46 19 33
48 22 32
46 06 43
46 20 47
49 23 47
52 26 48
58 22 53
59 24 55
62 23 51
60 21 46
58 23 43
56 29 39
55 34 37
52 34 36
48 40 37
45 38 37
40 34 38
39 37 40
37 36 43
35 35 44
35 36 46
38 32 47
42 26 47
46 32 41
46 27 40
46 19 34
45 17 31
43 14 39
42 13 37
47 10 46
50 22 49
54 16 58
60 12 56
62 13 55
61 15 50
58 20 46
56 23 42
53 28 40
47 31 35
44 30 34
39 29 35
36 31 38
34 32 42
36 31 40
36 30 38
36 27 36
42 11 45
39 19 37
45 17 33
44 20 34
45 21 31
46 12 29
48 00 40
49 20 50
51 04 58
57 02 56
60 04 51
57 12 48
55 20 42
50 24 35
45 28 34
38 31 33
31 34 34
27 38 45
28 37 45
32 36 43
38 13 51
41 30 41
45 16 41
42 25 33
42 22 24
44 08 18
42 00 31
41 17 47
48 06 55
53 03 55
55 06 56
53 10 51
50 16 48
50 24 41
46 28 37
45 32 36
44 31 37
40 26 42
34 32 38
29 34 41
32 11 46
38 22 40
44 21 33
49 21 31
48 16 28
43 15 25
45 16 19
43 00 33
41 06 29
40 33 45
46 00 59
48 04 60
52 03 56
55 17 50
51 24 43
47 30 37
42 34 36
39 31 37
29 28 33
26 36 25
33 11 36
40 21 33
44 19 26
43 21 24
38 23 20
42 00 12
32 07 16
40 40 49
47 00 36
55 18 38
54 11 39
59 20 33
57 26 27
52 36 32
55 45 36
54 47 35
55 55 44
56 58 43
54 61 45
56 52 49
51 55 36
47 61 36
47 49 36
46 45 38
42 44 36
39 42 32
35 42 34
37 36 33
37 00 54
40 48 49
41 45 49
43 45 45
44 49 46
43 44 47
42 42 42
34 55 55
33 42 49
30 29 39
27 44 63
31 49 61
37 34 44
32 35 51
34 50 62
40 49 62
41 56 56
47 53 49
48 53 46
48 46 41
47 44 37
50 39 36
49 37 38
46 34 35
46 34 33
41 33 29
37 44 48
39 40 48
40 37 47
42 47 49
40 41 46
36 30 44
27 29 48
23 27 55
25 26 53
22 39 63
29 36 61
31 31 57
35 50 60
42 54 58
45 53 52
48 53 48
53 46 44
52 40 42
53 41 40
51 37 40
50 33 37
47 34 37
43 37 38
40 40 40
35 41 36
24 21 44
33 48 49
32 41 48
39 37 51
40 38 53
41 39 51
38 43 57
38 24 53
27 31 47
29 44 63
33 45 63
35 34 56
35 48 57
37 50 55
40 51 51
39 49 47
41 42 42
42 37 41
42 37 38
42 41 39
41 09 41
33 46 44
34 49 49
35 44 46
33 45 43
33 36 46
21 09 54
26 46 62
27 36 56
27 40 56
30 48 62
34 52 60
40 53 54
43 57 48
48 49 47
48 44 45
48 43 42
48 38 40
49 36 39
49 35 39
48 32 40
48 32 38
38 31 56
48 34 44
46 42 47
46 43 42
43 37 45
41 39 46
38 41 48
38 39 50
38 45 49
39 43 46
38 38 48
34 44 48
34 42 50
34 46 48
29 16 47
27 42 59
29 42 56
29 35 46
27 43 60
29 47 62
32 49 56
36 54 55
41 54 50
42 50 47
43 46 44
43 44 45
43 43 44
43 42 42
43 42 43
42 42 44
40 36 42
38 45 50
36 46 47
37 44 46
34 43 45
35 45 47
34 47 47
37 44 46
35 43 46
35 42 48
34 45 48
32 28 37
28 34 48
26 48 57
22 41 61
29 57 58
32 54 53
35 59 48
35 57 52
39 55 50
39 52 47
40 49 43
41 46 44
41 43 43
40 43 42
43 43 41
44 43 43
39 35 46
40 44 45
39 45 46
39 44 44
38 46 43
39 44 45
36 45 45
36 44 46
36 47 46
35 47 45
36 45 48
35 47 49
36 49 52
34 37 46
32 36 55
32 41 52
35 34 43
27 31 63
30 42 61
31 33 59
31 41 58
33 46 59
34 47 56
37 50 51
41 48 45
42 46 46
40 43 43
39 42 36
40 38 37
38 39 38
34 30 33
33 49 47
33 49 50
32 43 48
33 44 51
31 53 52
30 14 43
26 46 53
23 55 60
27 46 48
25 43 42
26 54 53
25 58 55
28 56 50
34 57 49
38 59 48
45 54 48
46 55 46
51 51 40
53 47 44
52 38 44
54 39 39
52 35 36
47 31 35
44 28 35
42 23 32
41 23 27
35 22 24
34 18 21
38 11 23
38 12 19
41 16 20
42 21 22
43 16 20
42 12 22
44 00 26
37 29 32
42 20 51
49 17 59
53 16 58
53 12 53
50 19 47
48 26 41
47 27 34
41 27 33
40 27 32
31 17 08
37 27 31
43 16 29
44 19 25
41 19 24
42 08 22
44 00 26
36 40 39
48 07 55
50 13 48
53 11 48
52 18 47
51 26 40
49 30 38
45 29 37
44 25 36
40 24 36
35 07 44
35 18 36
41 15 30
43 15 33
45 19 30
47 09 32
45 14 38
47 26 53
47 07 56
50 12 50
51 16 42
50 21 38
49 26 37
49 34 40
49 36 39
46 40 44
47 41 46
47 42 47
46 44 49
45 45 49
42 42 50
41 44 48
41 43 47
42 36 53
43 38 47
42 31 42
41 23 45
41 15 41
42 21 41
42 22 42
43 24 44
44 22 43
48 24 37
46 09 48
44 21 44
46 19 44
47 17 47
42 31 44
52 20 59
54 20 62
55 20 55
53 17 46
52 19 42
51 23 37
48 24 33
44 25 32
40 28 34
40 28 40
40 29 44
42 28 44
45 26 44
46 26 45
48 27 44
51 28 45
50 28 46
50 29 46
49 31 49
49 31 48
46 32 49
46 31 49
46 30 48
46 30 48
47 30 48
46 28 47
47 27 46
45 27 46
47 28 46
48 27 47
47 27 47
48 28 47
48 28 47
46 28 46
47 28 47
48 28 47
48 28 48
49 28 47
48 27 49
48 28 50
49 27 49
49 27 48
48 28 47
47 27 46
44 28 44
42 26 42
42 24 40
41 23 37
40 23 35
34 06 36
40 18 35
41 17 33
43 13 32
43 06 35
47 04 42
43 33 39
48 25 57
49 23 63
51 16 57
52 16 51
49 20 48
47 27 41
43 28 36
41 29 34
39 26 30
39 22 27
33 01 37
42 23 28
42 17 24
42 06 25
37 03 32
35 31 35
41 17 43
45 11 41
49 18 40
50 20 42
51 23 34
53 30 32
50 31 36
49 40 36
48 43 41
46 41 46
44 44 45
44 50 46
39 50 46
37 40 50
34 46 47
32 49 51
28 44 51
29 49 51
25 45 51
25 45 53
25 44 53
25 44 51
26 43 50
25 43 51
26 42 51
24 42 51
23 43 48
24 43 48
23 43 49
23 43 48
24 42 49
24 44 50
23 41 48
24 42 50
25 42 50
24 41 49
22 42 49
22 42 48
20 41 48
20 39 48
20 36 47
20 36 47
21 36 48
22 35 43
24 38 46
24 44 46
27 44 44
26 47 44
27 49 43
26 49 42
26 49 41
23 48 40
24 49 41
22 49 41
20 50 41
18 48 41
17 46 41
15 44 41
14 42 40
11 42 40
10 41 42
10 38 40
10 39 39
11 39 42
11 39 42
09 31 41
11 39 46
14 44 44
13 41 39
14 41 36
11 39 35
12 39 34
12 35 33
11 39 34
10 39 35
13 40 35
14 39 35
12 38 35
13 39 34
14 39 35
13 39 34
13 39 35
13 39 34
13 39 36
13 37 35
11 39 36
12 37 36
10 34 37
12 33 39
13 36 38
14 38 37
13 37 36
13 39 36
12 37 35
13 38 36
12 40 36
13 38 36
12 38 36
13 38 35
13 39 36
12 39 36
13 38 36
12 39 36
13 39 37
13 39 36
13 38 38
13 37 38
13 37 38
12 37 37
12 37 37
13 37 36
11 38 36
12 37 36
13 38 36
13 37 36
13 36 36
12 38 36
13 37 36
12 37 35
12 37 35
12 38 36
14 38 37
12 39 38
13 38 37
12 38 38
13 38 37
12 38 36
13 37 36
12 38 35
14 37 36
12 37 35
11 37 36
12 36 35
11 36 36
12 40 36
12 37 36
13 38 36
13 38 36
12 37 36
12 39 36
12 38 37
12 37 36
12 37 36
12 37 36
14 37 35
12 36 36
12 37 36
13 38 37
12 38 36
13 37 36
12 37 37
13 37 37
13 38 36
13 37 36
12 39 36
13 38 35
13 37 36
12 38 37
11 40 37
10 40 39
10 46 38
11 45 39
12 43 40
13 47 42
18 45 42
