13 39 32
12 38 31
11 38 31
11 38 31
11 38 31
13 39 32
13 39 32
13 38 32
13 39 32
13 39 31
12 39 31
12 38 33
13 39 34
13 39 33
13 39 34
11 38 34
10 36 37
10 35 39
11 41 36
11 42 34
12 37 35
13 38 32
13 38 32
12 38 33
12 38 33
12 37 33
12 39 33
12 38 34
13 39 33
12 39 34
13 38 35
13 37 35
13 36 35
12 38 34
12 37 34
12 39 33
13 39 34
13 38 33
13 38 34
12 39 34
12 38 34
13 38 35
12 38 35
13 37 34
13 37 34
13 38 33
11 37 34
12 38 33
13 38 33
12 38 34
12 36 34
11 38 35
12 38 35
11 38 36
13 39 36
12 38 37
10 40 35
11 42 37
11 46 36
12 44 36
12 47 38
15 48 38
16 46 37
19 48 36
20 47 36
22 47 37
22 47 37
22 47 37
22 47 35
19 45 36
21 44 37
20 43 37
19 44 37
18 42 39
18 44 40
17 42 40
16 42 40
15 43 40
15 41 41
16 43 42
14 42 42
14 43 42
14 43 44
14 42 41
15 42 43
15 46 41
15 43 43
15 42 41
15 46 42
16 48 44
17 46 43
17 48 42
17 50 41
18 51 40
21 55 39
22 54 40
23 56 38
26 57 37
29 58 37
30 54 38
33 56 36
35 54 37
37 50 38
41 53 40
42 49 41
43 47 43
43 46 43
43 44 44
43 46 43
42 43 44
42 42 43
41 40 44
40 40 43
40 38 44
39 38 45
37 38 45
36 40 46
36 40 46
37 39 47
38 42 49
37 42 49
38 41 50
38 42 48
40 37 47
41 42 45
42 33 48
43 29 45
47 34 41
45 21 41
42 21 37
44 20 37
46 18 41
43 16 44
41 14 44
42 20 45
47 18 45
51 12 52
55 17 50
58 20 45
60 23 41
56 26 41
55 36 37
49 35 40
44 38 42
43 40 44
44 39 46
45 41 51
45 41 49
45 39 51
45 37 47
42 31 51
43 31 45
40 24 44
41 27 44
40 27 46
41 25 44
41 26 42
40 25 41
41 22 38
41 23 36
39 18 40
44 11 51
48 30 51
54 16 63
59 21 62
62 18 53
62 21 43
60 23 38
55 32 34
52 37 34
47 38 36
41 38 37
39 42 39
37 40 44
33 40 45
31 41 45
33 39 51
31 36 51
32 37 52
37 27 54
38 42 51
40 39 49
45 34 50
44 34 43
44 28 45
43 24 48
44 23 46
44 21 44
45 17 40
45 27 41
45 18 38
45 23 36
43 18 34
37 00 43
38 16 37
42 12 43
46 08 51
50 12 54
55 14 49
58 19 47
56 25 42
54 27 39
52 33 38
46 35 36
41 39 34
37 42 46
33 40 48
30 38 50
28 36 51
27 36 51
29 32 52
30 30 53
32 33 52
34 32 52
37 24 51
36 35 52
38 31 52
39 36 48
42 19 46
44 21 45
45 32 44
45 25 41
45 14 38
45 15 38
47 18 37
45 19 34
42 18 35
41 20 28
36 00 45
36 30 39
37 01 47
38 01 59
46 04 54
55 09 49
56 20 47
57 26 44
54 30 37
49 35 33
41 39 34
40 40 35
36 39 36
34 34 44
30 34 44
29 31 53
28 29 55
26 28 56
28 28 57
29 21 55
33 20 55
33 38 55
35 32 51
35 28 50
38 31 49
38 31 46
40 20 43
41 22 44
40 24 41
41 23 38
42 23 35
44 17 32
48 13 29
47 16 24
46 16 26
43 10 24
37 03 36
39 09 40
43 23 33
46 10 36
48 20 34
56 16 30
59 22 26
57 31 26
58 35 29
56 46 31
57 52 38
55 57 39
55 61 41
54 62 42
52 59 40
53 54 40
50 48 38
48 44 36
47 42 37
45 40 36
45 41 37
42 31 43
45 47 40
46 49 40
44 36 37
40 42 42
39 42 43
39 41 42
37 44 45
33 38 45
31 46 44
25 00 47
20 53 57
27 41 48
28 42 43
33 59 49
46 63 50
50 63 45
49 60 43
51 53 40
50 48 34
50 42 35
49 37 38
48 34 38
47 35 40
43 36 45
46 40 40
41 44 43
38 41 44
38 41 45
36 45 41
39 42 45
35 41 48
32 42 47
32 42 44
28 15 44
27 36 53
30 38 47
34 44 44
29 63 52
32 60 53
32 62 49
34 62 44
40 55 43
41 51 40
46 46 38
47 46 40
47 43 40
48 39 41
48 40 43
43 34 49
45 35 43
43 45 44
39 43 42
39 41 43
36 40 45
38 42 41
38 46 40
35 46 45
32 41 43
28 35 43
22 41 53
24 48 53
27 54 54
35 57 52
44 58 51
52 56 45
55 56 40
56 54 36
57 50 35
55 44 33
54 37 34
51 35 34
50 33 33
47 34 32
44 36 37
39 37 47
38 41 47
37 30 51
33 36 58
35 43 60
40 44 56
44 46 49
49 45 42
54 42 35
53 40 32
52 38 32
52 30 31
47 26 31
40 59 52
44 41 47
41 37 44
37 42 57
35 44 62
35 46 61
41 47 57
46 46 50
49 44 42
49 45 34
47 41 30
44 39 32
37 30 31
34 56 51
37 45 42
36 41 39
32 47 43
35 48 43
35 46 45
31 45 47
28 46 59
27 55 52
34 53 46
44 54 48
51 59 48
51 61 46
51 59 35
51 49 37
54 46 34
53 42 34
51 39 36
50 34 36
48 34 41
46 33 37
42 37 49
48 45 37
46 45 39
39 42 43
34 40 48
34 42 43
34 46 41
31 42 44
26 38 46
21 37 49
17 37 51
17 51 51
21 55 49
26 59 48
37 61 47
47 61 47
50 58 47
50 59 45
49 54 39
52 50 36
51 44 36
51 40 35
49 37 36
47 35 37
44 35 40
40 34 40
36 36 43
35 37 43
33 39 43
31 40 41
40 21 43
49 44 49
57 29 48
62 25 51
63 21 53
62 23 53
60 24 47
56 28 44
54 30 42
49 30 40
45 32 37
39 32 37
33 33 36
31 36 35
28 31 38
38 08 49
45 35 40
49 13 41
51 13 35
53 05 47
53 01 55
53 01 49
53 14 45
53 22 42
50 25 39
44 27 35
39 28 33
36 29 33
32 25 29
33 16 39
35 33 28
42 15 24
45 24 25
43 08 28
44 00 37
45 24 37
56 00 47
58 14 48
59 17 49
58 19 44
55 27 39
51 31 36
49 34 38
45 39 40
44 44 38
40 47 39
37 48 47
36 47 48
33 49 48
33 46 52
32 44 52
34 41 51
35 39 51
39 18 53
39 50 46
43 35 44
44 27 45
46 23 42
45 25 39
47 14 40
46 16 40
52 27 46
50 20 45
46 21 43
44 18 42
43 24 39
42 02 46
40 27 37
52 07 50
54 11 55
58 09 55
61 16 48
57 20 43
54 22 42
49 28 40
46 31 38
41 29 36
35 26 35
35 29 34
36 30 35
35 23 28
42 00 31
42 14 34
43 22 29
44 14 29
43 07 23
46 01 33
51 34 46
53 05 56
60 16 58
57 16 51
54 20 46
51 22 42
45 24 37
40 26 35
36 25 33
20 27 22
31 32 27
37 12 24
38 29 15
40 12 18
37 07 27
47 40 39
53 07 50
59 13 47
60 15 48
60 16 47
58 18 43
53 29 40
48 25 41
43 28 39
39 28 38
40 28 38
44 25 36
45 23 38
50 28 45
56 32 46
56 40 48
54 44 49
53 44 49
50 43 49
48 41 49
46 38 48
44 36 49
43 34 47
43 33 45
39 27 50
40 29 42
40 27 41
40 22 42
39 20 41
37 24 37
40 22 40
39 23 47
44 17 48
57 21 55
58 16 61
60 13 62
60 19 55
58 21 48
53 26 42
51 28 37
46 26 36
39 29 35
36 29 33
35 28 27
27 16 43
36 31 30
40 25 24
42 17 23
41 15 27
45 19 37
58 15 37
57 23 38
61 24 41
60 30 34
61 37 28
57 41 27
52 41 29
48 50 29
49 58 31
49 58 34
48 62 40
47 62 42
46 58 41
45 55 38
44 49 38
44 47 38
46 45 35
43 46 35
44 40 36
39 17 43
37 43 41
37 50 41
37 38 38
37 45 40
37 49 44
38 43 42
30 00 58
27 60 63
35 35 51
37 52 58
42 62 56
43 61 46
41 56 41
40 48 40
36 44 39
32 43 40
30 05 37
26 38 43
31 56 43
36 24 46
37 56 57
40 53 54
48 41 45
51 49 50
52 54 48
48 55 43
43 52 40
40 48 38
35 46 37
36 45 37
29 34 48
29 39 43
28 47 45
35 47 37
38 46 35
37 47 39
38 52 42
39 55 44
43 52 46
40 50 45
39 56 45
41 60 46
37 53 44
37 56 45
37 56 45
38 52 45
39 56 42
41 49 43
40 45 42
38 53 39
37 54 39
32 48 38
28 48 37
29 51 38
22 46 40
22 49 42
17 47 42
15 44 41
12 47 43
13 43 43
13 41 45
14 43 46
15 43 45
16 42 46
16 43 44
17 43 44
17 43 42
16 43 42
15 43 45
16 42 45
14 44 43
15 41 45
15 42 43
14 42 43
14 43 42
14 43 43
13 42 40
15 43 39
16 44 39
18 42 39
21 43 40
21 44 40
22 44 38
23 44 41
22 45 39
23 44 39
20 43 43
19 44 42
17 45 38
15 44 43
14 42 39
12 42 37
11 41 36
11 43 35
11 44 35
11 44 36
12 42 36
12 42 36
11 41 35
11 39 35
10 38 36
10 29 42
12 37 35
12 42 32
13 39 32
12 37 30
14 39 30
13 36 34
12 34 37
14 39 34
13 40 33
12 39 33
12 39 33
10 38 34
11 39 34
11 38 34
12 37 35
13 37 34
13 39 34
12 38 33
13 40 33
13 38 34
12 37 34
12 38 34
11 37 34
13 38 34
12 37 34
11 39 34
13 38 34
12 39 34
13 38 33
12 39 33
12 39 33
11 38 34
14 37 35
12 39 33
12 39 34
14 40 35
12 39 34
13 39 33
12 38 33
12 39 33
14 39 34
12 39 34
13 39 34
12 38 34
13 40 35
13 40 34
12 38 34
12 40 34
12 38 34
13 40 33
13 38 34
12 38 35
14 39 33
11 39 33
12 39 33
12 39 34
13 38 34
11 39 34
12 38 33
12 39 33
13 39 33
13 39 35
13 38 34
12 38 34
12 38 34
12 39 34
11 38 34
13 38 34
12 39 33
12 39 34
12 40 35
11 39 34
12 39 35
12 39 34
12 39 35
12 38 34
11 38 35
13 39 34
13 38 34
12 39 34
13 39 35
12 38 35
12 38 35
13 39 34
13 39 34
13 37 34
12 40 34
11 39 35
12 37 34
12 38 35
11 38 35
12 39 35
13 40 34
12 39 35
13 39 35
13 40 35
12 39 35
11 40 35
12 42 37
11 43 36
09 47 36
13 48 39
13 48 37
17 49 39
19 46 38
21 44 38
22 45 39
