13 36 35
13 36 35
13 36 35
11 36 34
11 36 34
11 36 34
12 36 35
12 35 35
13 37 35
11 36 35
11 35 35
13 36 35
12 36 35
12 35 35
11 36 36
12 35 35
11 35 34
12 36 35
13 34 35
12 35 35
13 35 35
12 34 34
12 36 35
12 35 35
12 37 34
13 36 35
12 36 35
13 35 34
12 37 35
12 36 35
13 36 35
12 35 35
12 35 36
11 34 37
11 33 37
12 34 38
11 32 37
10 35 38
12 36 41
09 41 41
11 44 40
11 47 42
12 50 43
16 50 42
18 51 40
20 50 39
22 49 39
23 48 40
26 47 38
27 48 40
28 46 41
27 46 40
28 45 40
27 45 44
26 44 42
23 42 41
22 40 45
20 39 44
17 35 44
16 35 46
18 33 47
17 35 47
17 31 47
17 33 48
17 29 50
17 29 48
19 31 51
18 33 50
16 32 49
15 33 45
15 33 46
16 32 46
22 41 47
16 37 50
19 32 47
15 38 50
17 37 49
18 36 50
17 40 49
18 42 48
20 41 47
20 44 47
23 45 46
26 47 43
28 53 37
31 53 38
37 55 36
40 56 35
41 54 38
42 56 39
45 54 42
46 51 42
48 50 42
48 49 42
47 48 42
47 48 42
46 47 39
45 46 40
45 42 42
44 44 35
43 47 40
40 46 40
39 48 38
36 45 42
35 43 42
35 44 44
34 41 44
34 42 45
38 37 49
39 42 50
42 37 46
46 40 42
46 38 44
43 33 46
43 27 45
46 25 53
55 11 54
61 16 52
62 26 47
59 30 42
56 37 36
51 40 37
48 37 34
43 44 37
38 45 41
38 45 44
35 43 44
27 35 43
37 38 45
42 31 43
48 33 49
47 43 42
53 25 48
48 18 51
48 24 55
59 10 60
62 16 48
62 24 45
61 30 44
56 36 40
50 39 37
47 38 36
42 38 38
35 40 40
31 41 44
30 40 43
41 27 51
42 24 39
45 23 39
46 30 42
49 31 40
47 22 40
51 15 42
42 17 36
60 00 57
52 43 61
62 13 63
63 29 61
62 28 53
56 30 48
51 33 39
45 36 34
35 37 33
31 32 32
18 29 26
30 35 43
41 12 43
47 14 38
43 28 28
44 22 28
45 03 22
53 00 33
34 34 39
45 21 57
51 08 63
55 12 60
55 18 54
51 28 49
48 34 39
43 34 35
36 29 29
31 30 30
46 02 59
38 30 41
43 23 28
43 31 20
32 17 08
50 00 22
31 34 35
40 15 48
46 20 47
54 15 46
59 16 41
59 22 39
56 31 43
57 31 35
47 44 37
48 50 43
48 44 39
44 50 43
45 44 43
40 48 47
38 49 47
37 49 46
36 42 45
40 44 50
39 47 45
44 40 46
43 38 47
47 34 43
45 30 39
47 27 40
45 21 41
46 25 42
44 26 41
53 04 50
37 27 42
49 33 51
57 18 56
61 23 62
63 30 59
63 36 49
62 38 45
59 41 36
54 45 34
47 41 30
35 43 28
34 43 36
29 45 34
30 36 44
29 33 47
26 37 48
22 28 47
29 43 57
32 33 56
35 39 53
37 37 51
37 39 50
36 42 53
38 30 50
40 28 47
44 34 51
45 34 51
43 32 51
39 33 52
42 26 53
43 32 50
43 26 45
47 17 42
48 22 41
46 26 42
44 19 42
43 23 37
45 24 28
49 00 21
39 10 23
38 27 38
36 20 54
38 16 62
41 10 63
53 09 54
60 14 48
58 27 52
56 33 42
51 35 36
45 37 33
36 40 35
29 47 42
29 42 46
26 39 48
24 39 54
24 34 57
24 36 56
30 24 58
31 33 56
33 38 54
36 32 49
38 33 48
41 29 48
41 25 48
38 31 52
39 27 55
38 27 52
39 29 49
34 34 47
40 22 38
45 20 30
46 12 24
46 28 26
44 26 26
48 00 45
34 42 46
40 21 54
48 19 56
60 16 51
62 22 46
62 31 41
59 34 40
57 38 38
55 38 35
48 44 38
45 46 43
39 46 42
36 47 46
35 46 49
31 45 46
32 45 49
33 40 45
41 29 49
45 26 48
46 40 49
43 35 51
54 00 50
60 01 53
60 13 50
56 23 45
53 34 41
48 37 42
45 37 40
39 45 45
32 48 44
31 44 46
27 41 43
42 12 51
44 36 49
44 39 50
45 26 37
48 07 44
55 00 60
56 03 56
57 16 44
53 29 43
50 38 43
47 35 40
43 38 40
39 44 46
38 42 47
23 25 25
35 32 39
39 20 34
47 16 32
44 21 31
47 17 36
47 12 30
50 00 39
43 30 48
57 06 47
59 16 41
60 19 39
56 27 42
52 36 39
51 45 38
48 51 38
46 54 38
46 50 45
38 55 42
39 50 43
37 46 43
37 46 45
37 40 44
46 24 56
40 42 43
41 44 45
45 35 46
45 28 40
45 30 38
46 22 36
43 27 35
48 20 34
42 17 30
44 08 47
49 33 52
61 16 41
62 22 40
61 25 36
58 25 28
57 32 28
53 36 28
49 47 35
50 55 36
48 57 39
48 61 41
47 61 46
46 56 44
45 51 41
45 45 36
44 41 37
43 39 35
43 35 30
43 38 31
46 32 20
39 56 44
38 39 43
39 27 42
31 38 59
31 46 63
37 45 63
43 50 61
49 48 53
50 45 44
51 40 39
49 35 31
48 34 26
46 34 27
42 35 31
38 30 45
36 37 39
42 39 42
36 28 55
28 33 63
32 40 63
40 54 63
44 55 59
46 50 45
46 44 35
43 40 34
39 40 32
37 37 31
36 24 25
33 51 41
37 46 40
39 47 40
36 52 37
34 48 46
29 35 51
27 35 56
22 48 63
28 52 62
38 56 55
43 63 48
47 63 44
50 55 37
53 51 34
52 41 35
53 32 35
49 34 35
48 33 36
46 31 28
40 54 44
43 37 41
44 43 39
41 45 41
39 43 47
37 43 48
38 46 45
39 45 44
34 44 45
31 48 48
33 40 42
21 12 58
21 43 62
28 33 52
25 49 55
35 61 59
40 63 55
44 61 46
48 53 48
47 46 41
43 49 35
44 40 38
47 35 39
38 36 33
41 50 46
39 39 43
38 45 44
36 46 42
35 47 45
32 50 48
33 47 50
35 38 50
29 50 46
32 40 39
27 40 52
23 42 52
27 40 48
23 43 50
24 55 59
28 58 58
37 52 50
41 61 49
47 55 46
50 52 44
54 51 43
55 45 41
55 40 39
54 37 38
52 34 37
49 32 35
47 31 37
43 30 35
41 30 41
37 31 39
36 33 43
37 34 46
33 29 32
44 29 41
43 29 41
49 32 45
50 25 38
52 12 37
57 14 55
62 07 62
63 13 57
61 20 47
57 28 42
51 31 37
51 33 36
42 32 36
36 35 36
34 33 40
34 33 36
28 29 33
39 21 43
45 17 38
45 23 33
44 21 25
47 18 23
43 03 26
42 05 35
45 16 51
55 12 60
61 17 47
62 21 41
58 29 44
56 35 40
54 35 34
51 38 39
48 41 37
44 44 37
40 45 45
38 47 46
35 47 47
38 44 49
35 46 49
35 46 47
51 20 58
42 44 44
45 29 40
46 28 41
44 28 33
47 20 36
45 21 40
47 22 41
49 13 42
42 10 43
44 25 48
55 26 55
61 18 59
62 27 61
63 28 55
62 30 48
61 32 40
55 31 39
46 32 39
43 35 35
37 33 33
32 29 32
31 28 30
27 12 30
33 30 29
41 22 30
45 17 29
47 22 29
48 21 27
51 01 28
53 00 36
38 24 41
46 31 41
55 31 53
55 25 51
55 20 49
52 21 47
52 22 39
50 22 30
50 29 31
49 30 31
49 32 28
46 46 34
51 40 34
46 53 32
48 54 38
47 60 40
48 61 41
48 57 41
47 59 40
45 54 35
43 51 37
42 44 41
42 42 42
42 32 34
48 51 49
48 39 40
46 43 39
39 49 42
39 44 42
38 49 42
38 45 42
38 49 38
36 48 43
34 53 43
33 45 45
35 18 42
32 51 54
32 46 56
34 41 49
33 56 59
37 58 62
40 61 57
42 57 53
44 57 51
45 50 45
43 48 35
43 44 30
43 33 36
40 38 35
38 38 34
44 31 37
41 36 36
41 22 49
40 38 48
38 43 43
39 46 45
38 49 50
37 49 49
37 46 47
35 48 48
34 48 50
25 16 48
22 43 62
26 44 59
30 42 57
36 55 62
44 56 63
45 58 57
46 52 48
46 48 44
44 42 38
39 36 35
38 29 32
34 39 35
34 35 40
31 38 22
36 58 49
42 49 46
47 39 43
46 49 43
43 48 46
43 43 47
42 51 48
39 50 45
37 44 40
30 38 44
21 36 60
22 53 61
28 43 52
32 49 54
41 61 56
45 60 50
49 62 46
49 53 41
49 47 41
48 43 40
47 41 38
48 35 39
49 37 40
48 36 40
46 26 53
46 35 42
46 44 41
45 42 41
39 41 41
37 45 54
35 44 49
35 48 48
37 47 47
38 46 45
38 41 43
36 45 46
35 45 46
36 49 44
36 45 47
32 20 52
29 47 53
29 45 52
31 39 39
29 46 48
33 57 60
39 61 54
47 59 49
45 55 49
46 51 45
46 43 43
43 47 40
43 42 39
43 40 41
40 47 47
42 29 44
40 44 48
42 48 47
41 44 43
37 41 39
37 43 41
36 45 43
36 44 43
37 51 45
38 48 48
34 50 49
33 53 43
30 31 54
28 47 52
28 46 47
25 39 37
23 53 48
25 56 52
29 54 49
31 56 50
36 59 48
43 60 43
42 57 44
46 60 44
47 55 46
46 54 44
49 48 37
50 43 38
50 40 38
50 32 37
52 28 36
48 24 35
48 23 34
47 20 30
45 21 28
41 21 28
40 19 28
39 20 25
43 05 37
43 19 28
42 20 28
45 15 26
46 06 30
42 17 35
42 33 40
46 22 41
49 23 44
56 23 43
56 25 41
57 27 38
55 28 37
54 32 39
52 33 38
51 35 40
52 37 43
51 38 39
47 43 41
49 41 42
47 42 43
43 45 44
40 46 44
39 47 46
37 45 46
38 42 45
35 42 46
31 48 46
31 46 49
31 43 46
26 47 46
24 49 51
26 51 53
24 44 51
25 42 50
23 42 49
22 46 50
23 44 50
23 41 51
25 43 51
24 42 49
23 41 49
22 42 48
20 41 48
20 42 49
20 42 49
23 40 48
22 41 49
23 41 50
23 41 48
22 40 47
20 40 48
20 40 48
21 39 49
20 40 49
18 39 47
18 41 48
16 40 48
17 38 49
18 39 49
20 38 50
23 40 46
27 37 47
26 38 46
27 45 46
29 41 47
32 41 46
30 44 44
29 45 46
28 46 47
26 45 45
26 46 47
23 47 46
23 45 44
23 43 43
21 44 43
18 41 41
15 42 39
10 44 40
08 44 46
07 38 34
07 39 36
09 41 40
10 41 40
11 42 38
12 41 36
12 39 33
13 36 32
13 38 33
12 36 34
13 37 34
12 36 35
11 34 35
12 36 33
12 38 34
12 37 33
11 37 35
11 37 35
12 37 34
12 37 34
12 37 34
12 38 34
12 37 34
13 38 34
12 36 34
12 37 35
12 36 35
11 36 34
13 36 34
12 37 34
11 36 35
12 36 35
12 36 34
11 37 34
12 38 34
12 37 34
11 37 34
11 36 34
13 37 35
12 38 34
12 38 34
12 36 34
11 35 35
12 37 34
12 36 34
13 36 35
12 37 35
11 37 34
13 36 34
12 36 35
12 37 34
12 36 35
13 37 35
11 35 34
12 37 34
12 36 34
13 37 34
13 36 34
12 36 34
12 36 35
11 38 35
12 37 35
12 37 35
13 37 34
12 36 35
11 37 34
11 37 34
11 38 35
09 41 37
08 42 36
