14 43 34
14 33 34
34 57 33
13 33 34
13 43 34
15 45 34
13 46 38
14 44 35
15 43 38
16 50 33
20 57 32
21 58 33
22 59 32
24 58 32
26 53 31
28 52 33
29 49 33
31 49 35
31 46 37
30 47 38
30 48 39
27 44 41
26 45 43
23 47 44
22 43 43
21 43 44
21 45 46
22 44 46
22 42 46
23 45 48
24 45 47
23 42 49
24 42 48
24 44 47
22 45 47
20 44 47
22 46 49
21 44 45
21 43 44
21 46 47
21 45 44
18 47 48
17 42 45
20 51 45
19 47 44
19 46 45
20 46 46
20 46 45
24 44 42
26 48 43
26 49 43
30 45 42
36 57 43
40 55 41
43 55 40
43 54 41
45 51 39
43 52 39
46 49 40
45 46 41
46 47 39
48 49 38
46 47 37
48 50 44
48 47 39
47 41 38
50 50 37
52 49 34
54 53 31
50 49 36
53 49 33
54 51 32
52 45 33
52 45 33
51 43 33
46 41 35
44 40 36
43 38 35
42 37 38
39 38 38
39 40 41
37 40 41
41 44 40
42 41 45
46 41 44
46 32 48
47 30 43
46 26 44
44 25 42
41 20 41
43 20 43
45 22 43
44 23 41
45 22 41
44 14 49
44 25 48
49 23 43
61 23 55
62 25 56
61 21 51
59 20 41
57 24 35
55 24 35
54 32 31
50 36 33
46 38 38
45 44 37
41 42 41
41 42 42
42 42 43
41 33 48
44 36 43
44 32 45
41 24 47
42 29 44
35 22 44
38 27 38
38 21 39
39 23 43
44 18 46
54 28 51
58 08 58
62 15 61
62 15 56
62 16 47
59 22 41
56 29 33
52 30 35
46 30 29
43 41 33
39 41 40
36 38 38
36 45 37
33 35 46
34 37 49
41 44 45
43 27 47
45 32 45
47 33 42
44 25 41
39 16 37
38 16 39
43 02 49
46 36 54
53 06 59
60 12 63
62 11 62
62 11 49
58 15 46
55 20 42
52 24 35
47 28 34
41 30 30
35 42 32
31 40 41
31 44 40
32 40 43
34 32 45
41 33 47
41 27 47
44 31 43
44 26 43
39 17 39
37 10 37
38 11 39
38 22 52
44 03 62
49 06 63
56 06 61
56 09 51
53 12 50
53 20 46
47 25 41
44 30 37
38 30 30
30 38 34
27 37 40
27 41 32
27 13 42
37 18 43
40 22 39
43 19 33
42 18 30
38 06 29
37 00 42
35 26 37
41 21 46
43 09 37
50 19 36
52 16 39
55 15 30
58 24 30
60 37 29
59 43 32
60 53 32
57 61 32
60 62 31
55 62 35
55 63 38
52 60 38
46 51 35
45 45 36
43 40 35
42 36 34
43 37 33
44 37 30
38 28 38
43 38 39
46 32 39
46 43 41
40 42 41
37 35 47
28 25 51
20 21 60
22 35 63
31 38 63
43 45 62
51 51 53
55 47 42
50 42 36
50 40 33
48 36 30
45 25 29
44 33 34
43 28 35
38 46 45
39 43 42
41 34 42
42 46 41
38 39 50
30 34 62
26 24 63
30 43 63
40 46 62
47 52 52
50 50 41
49 42 36
48 40 35
44 41 33
41 28 34
38 32 49
38 42 42
42 41 40
44 42 43
44 44 40
43 47 42
39 46 44
33 50 50
32 50 46
31 30 56
32 55 52
34 43 44
30 35 43
28 43 51
33 55 62
42 58 61
53 58 51
56 55 48
51 50 38
52 44 35
50 37 37
49 33 40
52 33 36
48 30 38
49 33 35
42 26 59
52 38 44
47 47 44
45 40 40
40 36 45
40 42 46
38 44 41
37 44 44
33 45 45
36 49 47
36 52 44
25 15 55
25 49 54
25 41 47
28 42 49
34 62 61
45 63 56
55 62 48
54 58 46
49 47 41
49 43 34
47 38 37
47 34 41
41 16 47
48 49 44
43 45 42
40 42 41
39 49 44
36 45 43
35 49 44
37 50 39
34 45 46
30 46 49
29 28 48
30 56 57
28 49 51
31 40 42
30 46 46
33 58 51
31 59 55
38 62 55
40 59 52
44 57 48
45 53 47
45 52 48
43 43 46
40 44 46
36 41 44
36 39 46
35 39 44
34 39 45
34 43 44
34 38 50
37 37 48
38 34 48
39 39 49
41 45 48
41 25 47
41 26 49
46 26 49
44 24 45
44 25 48
42 40 49
35 21 49
36 17 43
40 19 37
41 13 34
40 15 35
44 22 36
33 02 36
24 00 43
32 17 48
36 27 38
39 09 55
48 17 58
56 12 53
57 12 50
58 22 42
54 24 38
50 29 35
48 37 31
42 44 37
40 46 43
36 47 40
34 47 49
32 45 48
36 48 50
36 22 55
42 44 48
41 32 47
47 34 44
45 19 45
42 06 55
42 01 62
47 03 59
50 10 48
49 19 45
50 23 41
42 26 40
38 31 39
34 33 39
32 39 40
31 34 40
31 16 56
37 23 44
39 21 42
41 15 39
47 24 37
43 16 38
36 09 41
36 04 36
39 17 47
45 28 55
41 00 62
50 09 61
52 09 56
51 14 48
49 19 44
44 26 39
41 30 39
34 33 38
30 35 33
27 35 33
25 24 40
31 17 32
41 28 21
41 21 09
30 02 32
34 18 46
49 10 44
56 12 37
61 18 40
59 22 44
61 26 41
61 41 43
59 42 42
56 51 44
55 50 47
54 60 35
50 55 43
49 54 40
48 51 40
48 44 40
45 39 36
44 36 33
44 35 34
43 36 33
43 30 32
33 14 44
37 38 43
42 41 40
37 29 43
35 41 62
33 41 63
32 35 63
42 51 63
47 45 61
50 48 50
47 43 43
45 40 37
38 38 34
36 31 33
33 06 46
32 48 40
40 47 43
43 41 42
44 51 45
43 46 47
43 51 44
40 42 43
35 53 48
34 47 46
30 35 60
29 52 58
33 45 59
38 50 61
49 62 54
55 60 48
53 53 45
55 52 36
52 43 37
49 37 38
47 35 33
50 33 34
46 33 36
42 36 33
38 49 46
35 43 46
41 38 42
39 43 42
42 45 43
40 46 45
36 42 46
30 35 46
23 44 54
21 39 59
24 59 52
35 54 45
38 52 48
45 60 51
49 61 45
54 55 42
52 48 42
50 44 35
52 40 34
49 34 39
49 35 39
48 32 41
46 31 42
41 21 57
50 42 44
44 41 45
46 42 40
44 41 47
39 43 46
40 44 48
40 44 47
38 49 45
41 42 48
40 45 46
40 49 44
40 40 42
37 46 43
29 26 52
29 41 52
29 51 49
30 42 43
28 39 55
31 52 56
33 56 59
42 58 50
47 58 46
47 57 45
48 51 43
47 47 40
48 42 40
46 40 43
46 40 40
44 42 44
42 36 43
44 49 45
40 47 48
41 44 44
39 46 44
39 43 41
37 44 45
35 45 41
36 47 44
33 46 44
31 47 44
29 25 45
28 53 52
28 49 44
27 37 41
30 52 48
31 59 51
37 60 51
43 62 51
48 53 46
55 52 45
58 56 41
59 51 38
56 43 42
54 39 38
53 37 35
48 26 36
47 24 35
42 21 35
38 18 32
37 17 29
36 16 26
35 19 27
27 11 29
37 24 27
34 14 24
37 17 27
32 02 24
43 11 27
46 33 32
54 12 48
61 23 54
60 20 55
57 19 50
57 24 42
52 26 42
45 28 44
40 30 42
35 27 37
31 16 47
36 25 34
36 07 41
38 22 30
52 30 47
55 20 51
62 21 55
61 17 49
56 20 43
55 26 40
52 29 38
52 34 41
48 34 39
48 40 41
46 41 45
46 44 44
47 42 43
44 43 44
43 41 43
44 41 43
42 35 50
45 37 41
46 32 43
44 26 43
42 22 41
40 18 42
35 14 44
41 21 38
41 25 42
41 22 47
44 25 47
50 39 49
55 12 59
61 21 61
61 19 56
60 20 49
57 19 45
53 23 40
51 25 38
47 28 39
43 33 37
39 32 38
37 28 38
36 28 35
35 23 37
33 17 27
42 23 32
42 12 34
43 13 30
38 05 36
35 08 42
44 42 30
47 21 46
50 29 43
56 33 41
56 31 40
55 32 40
53 34 37
52 38 39
55 45 40
52 47 37
53 47 36
50 45 36
50 50 39
47 51 37
47 49 39
43 50 41
43 50 38
41 49 40
38 48 43
37 48 41
35 49 43
34 51 41
32 49 42
31 50 43
28 51 42
27 53 43
26 51 43
26 49 43
26 51 45
23 50 44
23 49 45
24 49 45
24 49 45
23 50 43
23 49 44
23 49 43
23 49 42
23 49 42
22 48 42
22 49 45
21 48 42
22 49 45
23 50 43
22 49 43
22 46 43
21 49 44
19 49 43
21 47 40
23 50 40
24 49 40
25 48 40
24 45 40
26 49 41
26 46 42
27 43 43
29 44 43
30 44 42
28 45 41
24 46 40
24 49 41
19 46 42
16 49 40
14 50 39
12 48 38
11 48 37
11 49 35
13 46 35
14 43 35
13 43 34
14 42 33
15 42 33
13 41 34
14 44 34
14 42 33
15 43 33
15 45 33
16 43 33
14 44 32
14 42 33
14 42 33
14 42 33
13 44 33
13 42 33
16 42 33
15 42 33
15 42 32
16 43 33
16 42 33
14 43 33
15 43 34
14 42 32
14 42 33
14 43 32
14 42 32
14 42 32
14 42 32
15 44 33
13 44 32
15 43 32
15 43 32
15 43 33
15 43 33
14 43 33
15 44 32
14 43 32
14 43 33
13 42 33
14 44 33
14 43 32
14 42 33
14 42 32
14 42 33
14 43 33
15 42 33
15 43 33
14 42 33
14 43 33
15 43 32
15 44 33
15 43 32
14 42 33
15 42 32
13 42 33
14 43 33
15 43 33
14 42 32
14 43 33
14 42 33
15 43 32
15 44 32
15 43 32
14 44 32
13 46 34
12 50 35
12 50 35
15 57 36
16 55 36
18 54 34
