30 36 52
30 36 52
31 36 53
31 36 52
30 37 53
31 36 52
31 37 52
31 37 52
30 36 52
32 36 52
31 37 52
31 36 53
31 37 52
30 37 53
30 38 52
30 37 53
31 38 52
30 37 52
30 37 53
31 38 52
30 37 53
30 37 53
31 36 53
30 38 52
31 36 54
31 37 52
32 37 52
31 38 53
32 37 53
31 37 53
30 36 52
32 36 53
31 37 52
31 36 52
30 37 52
31 36 53
31 36 52
31 37 52
30 37 52
31 37 53
30 38 53
29 37 53
30 37 53
31 38 52
31 37 52
32 37 52
31 36 53
31 38 52
31 37 52
31 36 53
31 36 53
30 37 52
30 38 53
31 37 53
30 36 56
32 37 55
35 36 52
34 37 54
34 37 54
36 38 53
37 40 51
36 40 51
34 42 51
35 43 52
35 44 49
34 41 49
34 41 48
33 41 49
32 42 49
31 41 50
32 42 50
30 42 49
29 42 51
28 42 49
28 43 51
28 42 51
27 41 48
29 46 50
29 46 48
29 48 47
28 48 47
27 48 46
28 49 44
29 48 45
29 47 44
29 49 43
29 47 46
29 48 46
29 50 44
29 50 45
30 50 46
30 49 44
30 49 44
28 49 47
27 51 45
26 51 46
28 51 47
28 50 47
29 51 46
30 49 48
31 49 48
31 50 47
32 48 47
34 47 48
34 46 49
34 45 47
35 44 49
37 43 48
37 42 47
37 40 51
38 41 50
40 41 49
38 41 50
40 41 50
41 40 48
41 41 50
41 40 51
41 39 50
40 38 50
40 37 50
42 38 51
41 37 49
42 36 50
41 37 50
42 36 50
43 36 49
42 37 51
42 35 51
40 35 49
42 35 51
42 35 51
42 35 50
41 35 50
41 34 51
41 34 51
42 35 51
42 34 51
42 34 50
42 33 51
41 34 52
41 34 52
41 34 51
41 35 51
42 33 53
42 33 52
41 32 51
42 34 50
42 33 50
43 34 51
41 32 51
41 33 50
41 33 51
42 33 51
43 32 51
40 32 51
42 32 51
43 31 50
43 32 51
41 32 51
42 32 51
40 32 52
42 32 51
42 33 51
41 32 51
41 31 52
43 31 50
42 32 52
42 32 50
41 31 51
42 32 51
41 32 50
41 32 51
42 32 50
42 31 52
42 31 52
41 32 51
42 31 50
42 31 52
41 32 51
42 33 50
43 31 51
42 32 50
41 31 50
42 31 51
43 31 50
41 31 50
42 31 51
41 31 51
43 30 50
43 31 49
42 31 50
43 31 50
42 31 50
42 30 50
42 31 51
42 31 50
43 31 50
41 30 50
42 31 51
43 30 50
42 30 50
43 31 50
42 29 50
43 31 50
43 30 49
42 31 50
43 31 50
43 30 50
42 32 50
44 29 51
41 30 50
42 32 50
42 31 50
44 31 50
42 30 50
42 31 50
41 32 50
43 32 50
44 32 48
43 31 50
45 31 48
43 32 48
43 34 49
43 33 49
42 35 48
42 37 50
42 36 48
42 38 51
41 39 50
43 39 49
42 39 51
41 41 50
41 41 51
40 42 50
39 43 51
38 44 51
39 44 49
38 44 48
38 45 48
37 46 48
36 45 48
34 45 47
35 46 47
33 45 46
32 47 46
34 46 46
31 47 48
30 49 45
30 50 47
29 49 45
28 48 45
28 50 46
28 49 46
28 49 46
27 48 47
28 49 47
27 49 46
29 48 46
28 48 45
28 49 45
28 48 45
29 47 45
28 49 45
28 48 45
27 49 44
27 47 45
27 47 45
28 48 48
27 47 48
26 47 47
25 48 46
26 45 46
22 43 46
23 45 46
23 45 47
21 48 47
23 45 46
23 46 46
23 46 46
23 46 48
24 45 46
26 44 46
25 44 47
27 42 49
27 41 49
30 40 50
28 37 50
29 37 51
30 35 52
29 38 53
28 37 53
29 37 52
30 37 51
32 36 52
31 38 51
32 38 51
32 37 52
31 39 51
31 40 52
29 38 53
31 39 54
32 37 52
33 39 52
32 39 50
28 41 52
32 38 57
30 34 51
30 41 52
31 41 53
31 39 51
31 38 52
32 39 52
31 40 51
31 40 52
32 38 52
30 40 51
30 40 52
31 39 52
30 40 52
32 39 51
32 39 52
31 39 51
31 40 53
30 39 52
31 39 53
32 39 52
31 39 52
31 38 52
31 39 52
30 41 51
32 39 51
32 39 52
31 40 52
31 39 52
31 39 52
31 39 52
32 39 52
31 40 51
30 40 51
31 40 51
32 38 51
32 38 53
32 39 52
32 38 51
31 38 52
32 39 51
31 38 52
31 38 52
30 39 52
30 39 51
32 39 52
30 39 52
31 38 52
31 37 51
31 38 52
32 38 52
31 38 52
31 37 52
31 39 52
31 39 52
32 38 51
31 38 51
32 37 52
31 39 53
32 37 51
31 38 53
32 38 52
31 38 53
31 38 51
32 38 52
30 38 52
30 38 51
32 38 52
31 39 53
31 38 52
32 37 52
32 38 51
30 39 52
31 38 52
31 38 52
32 40 52
31 39 52
31 39 53
31 39 53
30 37 53
31 39 52
31 39 52
31 38 51
31 38 51
31 38 52
31 39 52
31 39 52
31 38 51
31 38 51
31 38 51
31 38 51
30 38 52
32 40 52
32 38 52
31 37 52
