28 46 46
29 47 47
29 50 46
29 49 46
29 48 46
29 49 47
27 49 48
27 47 47
25 46 48
27 45 49
26 44 49
28 49 49
30 46 48
30 45 48
30 44 47
31 45 46
32 44 47
32 44 47
32 46 46
30 47 46
31 45 47
29 46 47
30 47 48
29 47 49
29 45 48
30 45 48
30 46 49
29 46 48
31 45 48
30 45 47
31 45 48
30 44 46
28 46 47
27 46 48
29 45 48
28 46 49
29 46 49
29 46 49
29 45 49
30 46 47
30 47 47
30 45 47
30 45 48
30 47 48
29 45 47
29 46 48
28 45 47
29 46 46
30 46 47
30 46 48
30 47 48
30 47 47
29 47 47
30 47 48
31 47 46
29 47 48
30 48 49
29 47 48
30 47 46
30 47 45
29 47 45
28 49 45
29 50 46
28 51 45
29 50 48
28 50 47
28 49 47
28 50 46
28 48 48
28 48 47
28 46 47
29 46 47
30 46 48
30 47 48
30 45 47
31 46 47
31 46 48
31 48 47
32 47 48
33 48 47
33 46 48
34 46 49
35 46 48
34 44 48
36 43 48
37 46 46
37 43 47
39 44 47
40 44 48
40 45 48
40 47 47
40 44 48
41 44 48
42 45 48
41 44 48
41 43 50
40 44 49
41 42 49
41 42 48
41 41 47
40 40 48
40 39 48
40 40 49
42 40 49
41 39 50
41 39 50
42 39 49
40 39 52
42 39 51
41 39 51
41 39 52
41 39 51
41 38 50
41 36 51
40 37 50
42 38 50
41 37 51
40 36 52
41 34 52
41 37 52
40 36 50
41 35 51
41 34 51
40 35 52
42 34 51
40 33 52
42 32 50
40 34 51
42 32 51
41 34 51
41 32 51
42 34 51
42 33 51
41 32 51
40 33 52
41 32 52
41 31 51
40 31 50
41 31 50
41 31 50
41 31 50
43 33 52
41 33 49
42 35 51
42 35 50
42 37 50
43 35 51
43 37 51
42 37 50
41 36 50
41 38 50
40 39 50
41 40 50
42 40 50
40 42 50
38 42 50
38 42 49
37 43 48
36 43 49
37 43 49
36 43 49
35 42 48
34 44 48
33 47 48
33 47 49
33 45 47
34 46 47
32 47 48
33 47 47
31 46 49
30 46 48
28 46 47
29 46 47
30 46 47
28 46 47
28 47 47
29 46 47
28 48 47
27 47 48
26 48 47
25 46 47
26 46 47
26 46 48
25 47 47
27 47 47
27 47 48
27 45 47
27 47 46
26 46 47
27 46 47
28 47 47
27 46 47
26 45 49
26 45 47
27 47 46
27 47 46
28 47 47
27 45 49
27 48 47
26 48 49
24 48 48
23 46 50
23 47 49
25 47 47
25 45 49
25 45 48
25 44 50
28 42 49
26 40 48
28 42 46
29 41 47
28 38 46
29 38 46
29 37 48
33 38 47
37 37 48
37 39 50
38 41 48
37 42 49
34 44 49
30 46 47
31 49 52
31 56 56
28 62 55
31 46 45
30 47 43
29 47 43
29 47 47
29 45 46
30 48 46
30 47 47
28 48 45
27 49 45
29 51 46
27 50 46
27 50 44
29 48 45
28 49 45
27 48 44
28 48 45
27 46 46
26 43 46
26 48 46
26 48 47
28 48 45
28 47 45
28 48 47
28 48 46
28 49 45
27 47 46
27 47 45
27 48 45
28 47 45
29 49 45
27 47 45
29 46 45
27 48 46
27 48 45
27 49 45
26 48 45
27 48 45
27 48 46
27 48 45
27 49 46
27 48 45
26 48 45
26 48 45
27 49 45
26 48 46
28 49 46