24 42 50
23 42 50
25 42 49
25 42 50
25 40 48
25 43 48
25 41 49
24 42 49
24 42 48
25 42 50
25 43 49
25 42 48
26 42 49
26 43 50
27 42 50
27 41 50
25 41 49
26 42 50
25 42 50
24 42 51
24 42 52
25 41 53
25 42 53
27 44 53
27 42 52
31 43 50
32 42 50
32 41 50
33 42 51
31 43 50
35 48 49
36 36 50
36 38 50
33 40 48
34 38 49
33 37 49
33 36 50
33 38 50
32 36 49
31 39 50
32 40 50
30 39 49
32 42 53
31 42 51
29 42 52
29 42 51
28 42 51
28 42 51
29 43 50
30 43 50
29 45 50
29 44 50
30 45 50
31 44 49
32 44 49
30 45 50
31 43 49
30 45 50
31 45 49
30 44 50
30 43 49
30 45 49
31 45 49
29 43 49
30 44 50
29 45 49
30 44 48
30 44 46
29 45 49
28 44 49
30 44 49
29 45 48
28 44 50
29 46 50
29 47 49
29 47 51
30 47 51
29 47 51
29 47 49
32 45 51
31 47 50
33 45 50
32 44 50
34 45 50
35 42 49
34 42 49
36 42 49
37 42 49
38 42 48
39 41 49
39 41 48
40 40 49
40 40 50
40 39 49
42 39 49
43 38 50
40 40 49
42 40 49
42 38 50
42 38 49
42 38 50
43 36 49
43 37 49
42 36 50
42 36 49
43 35 49
42 34 49
43 35 50
43 34 51
43 35 50
43 35 50
42 35 50
42 34 50
43 34 50
43 34 51
41 34 51
43 33 52
42 33 51
42 32 50
42 33 51
43 31 51
42 32 51
42 31 50
42 33 49
42 32 51
42 31 51
42 31 51
42 31 51
43 30 51
42 31 51
41 27 51
43 30 51
41 30 51
43 30 50
42 29 51
43 29 50
44 29 50
43 30 50
42 29 50
42 29 50
43 28 49
43 29 50
43 28 50
41 29 50
42 28 50
43 27 50
43 28 50
43 27 50
44 28 50
42 27 49
42 28 49
42 27 48
41 29 49
43 28 50
42 27 50
42 28 49
44 28 50
44 28 50
43 29 50
43 30 50
43 30 50
43 30 50
44 32 49
42 31 50
43 31 50
42 30 50
43 30 50
44 31 51
43 32 50
44 34 50
43 33 50
43 35 50
43 35 49
43 35 49
43 37 49
42 38 49
42 38 48
40 38 49
41 38 49
40 40 49
38 40 49
39 41 49
38 42 49
36 45 49
37 45 50
35 43 49
35 45 49
33 44 49
34 44 48
32 46 48
33 47 49
31 46 49
31 48 50
30 46 50
30 46 49
29 45 49
28 46 49
29 45 50
29 46 50
29 44 49
29 45 49
28 45 49
30 44 49
28 46 49
29 45 49
28 45 49
29 44 49
28 45 49
28 45 49
29 45 49
29 46 49
28 45 48
28 45 49
28 45 49
29 45 48
29 43 48
28 46 50
28 44 48
28 44 49
28 44 49
28 45 48
25 43 49
26 45 49
25 43 49
25 43 47
26 44 49
28 42 49
29 41 51
28 43 49
30 45 49
30 40 52
29 38 51
29 41 53
29 39 55
34 43 49
30 48 47
32 44 50
30 41 49
28 43 49
28 42 48
28 43 48
28 42 48
29 44 50
30 45 51
30 45 54
29 44 53
29 42 52
28 39 51
27 40 50
27 40 51
27 41 52
26 41 50
27 41 51
27 39 50
26 41 48
27 41 50
27 42 51
27 42 50
27 41 50
28 42 50
26 42 50
27 42 50
28 40 49
27 42 50
27 41 50
28 43 50
27 41 51
27 42 50
27 41 50
28 42 51