31 33 54
31 36 53
31 35 53
30 34 53
30 34 52
31 34 52
30 36 53
31 34 51
30 34 53
30 35 53
31 34 52
30 35 52
31 33 54
30 33 52
30 35 53
29 34 53
29 35 52
31 35 53
30 35 53
32 35 53
30 34 52
31 34 53
30 34 53
30 35 52
29 34 52
30 35 52
29 34 53
31 34 53
31 33 52
31 35 54
32 34 55
33 34 53
36 34 54
36 34 56
36 33 57
35 36 55
37 37 53
35 38 53
35 38 53
34 38 53
36 38 49
34 39 50
33 39 51
32 39 50
31 41 50
31 41 49
29 42 48
28 45 48
29 44 46
28 45 47
27 46 44
28 47 46
27 48 45
26 48 45
27 48 46
27 49 45
28 49 44
27 48 44
27 49 41
27 50 45
28 50 45
29 50 46
30 47 46
30 49 45
30 49 45
28 49 44
30 49 44
30 48 44
29 48 46
29 49 45
29 50 45
31 48 47
29 49 44
30 49 44
28 50 44
28 53 44
28 53 46
29 51 46
28 52 46
28 51 45
29 49 45
29 50 44
31 49 43
32 49 45
34 47 46
34 46 46
36 46 45
35 47 46
35 47 46
37 46 46
37 47 47
37 46 48
38 46 48
38 46 49
38 44 49
40 45 49
39 45 49
40 44 48
39 43 49
39 43 50
41 42 48
42 42 48
41 43 49
42 42 49
41 41 49
42 40 48
41 39 48
42 40 49
42 39 50
42 38 50
42 39 49
42 38 49
43 36 50
43 35 50
42 35 48
41 36 51
41 37 50
41 34 51
43 35 50
41 34 51
41 33 51
41 34 51
41 33 51
40 33 50
42 32 51
41 33 52
40 32 51
40 32 50
40 32 51
40 33 52
40 32 52
42 32 51
41 31 51
39 30 52
40 31 51
41 31 52
41 30 51
39 30 52
41 30 52
41 30 51
40 29 51
40 31 52
40 30 51
40 29 50
41 30 52
41 30 51
41 29 52
40 29 50
40 28 51
40 29 52
40 28 51
39 28 51
40 28 50
41 28 52
39 29 52
41 29 51
39 27 51
39 28 51
39 28 51
39 27 51
41 28 51
41 28 51
40 27 50
39 27 50
39 28 51
39 28 51
39 27 50
40 28 51
41 27 51
39 27 50
40 28 51
40 26 51
40 28 51
39 27 51
40 28 51
39 28 50
39 28 52
38 27 52
39 28 50
41 27 51
40 28 51
39 28 51
39 28 51
41 28 50
40 27 50
41 28 51
39 26 50
40 27 51
41 28 51
40 27 52
39 27 51
40 27 51
40 27 51
39 28 50
40 26 50
39 27 50
40 28 51
40 28 51
40 26 51
41 25 50
39 26 51
40 28 52
40 28 50
40 26 52
39 27 50
40 27 51
39 27 50
39 27 50
38 27 51
40 26 51
39 27 51
40 27 51
39 28 51
40 28 50
41 27 51
40 27 50
40 27 50
39 27 51
39 26 51
40 26 51
40 27 50
39 27 50
40 26 50
40 26 50
40 25 50
39 26 51
39 25 51
39 26 50
40 27 50
40 27 50
39 26 49
40 26 50
41 26 50
40 26 50
40 27 50
40 27 50
40 25 50
40 28 51
41 27 50
40 27 50
39 27 50
41 26 52
39 27 51
40 27 52
40 27 50
39 27 51
41 28 51
40 28 49
40 29 51
40 28 50
40 30 50
41 31 51
41 31 49
42 31 47
42 32 51
41 33 49
39 36 49
40 37 50
39 39 50
40 40 52
39 40 52
37 43 51
39 42 50
39 44 50
39 42 51
38 43 50
39 45 50
39 44 49
38 45 47
36 46 47