31 40 51
31 40 51
33 41 52
32 40 51
33 41 51
31 40 52
33 40 52
33 40 51
32 42 51
32 39 53
32 41 51
31 40 51
32 40 52
33 41 51
32 40 50
32 40 51
32 41 52
33 40 52
31 40 52
33 41 52
33 40 51
32 42 52
32 42 50
32 40 52
34 40 51
31 41 50
33 42 51
34 42 51
34 42 50
37 44 50
36 45 53
35 42 52
36 47 52
35 45 51
34 40 49
33 40 48
30 42 47
29 42 49
28 42 49
27 44 50
27 42 53
27 38 53
29 43 49
29 43 50
30 38 52
27 47 47
30 47 49
30 48 50
30 50 51
32 49 50
31 49 51
32 49 49
31 48 49
32 48 49
34 47 50
34 46 49
36 44 48
36 44 47
38 40 47
39 40 48
38 38 48
40 36 49
40 37 50
40 35 51
40 35 52
39 33 51
40 33 52
40 32 53
42 32 52
41 32 52
41 30 51
41 29 51
42 27 50
42 27 51
42 28 49
41 26 49
43 26 50
42 28 49
42 29 49
42 29 49
41 26 50
40 27 51
42 25 50
42 26 50
43 27 51
43 26 50
43 25 51
42 27 50
42 26 50
42 25 50
42 24 50
44 24 48
41 23 50
42 24 49
41 25 50
43 24 47
42 22 48
41 23 48
42 22 48
43 21 48
42 22 47
42 21 46
42 21 47
42 21 46
42 22 47
40 21 47
42 20 45
42 20 46
41 19 45
43 20 45
42 20 46
42 19 46
41 19 47
42 18 46
41 19 46
43 19 46
42 19 45
42 19 44
42 19 44
43 18 45
42 19 45
43 18 45
43 18 45
42 17 45
41 18 45
42 18 45
42 18 44
42 18 45
42 18 44
42 18 45
42 17 44
41 18 44
42 18 43
42 18 44
41 19 44
41 18 44
41 18 44
42 18 42
41 17 44
41 18 44
42 18 43
42 18 43
42 17 43
41 18 44
42 17 44
42 17 44
41 16 44
42 17 45
42 17 44
41 18 44
41 16 44
42 17 44
41 15 44
40 17 41
41 17 42
42 17 44
41 18 44
41 17 43
42 17 43
41 16 44
41 17 44
42 17 43
41 16 43
42 17 42
42 16 43
41 18 41
41 17 43
40 17 43
41 17 43
41 16 44
42 18 43
41 18 42
41 18 43
41 19 43
41 17 45
42 20 45
41 21 47
41 25 46
40 27 48
41 29 49
41 31 49
39 35 50
41 35 51
40 35 50
39 39 50
38 41 50
37 41 51
37 42 52
36 43 51
34 46 52
33 47 52
32 46 50
31 47 52
32 46 52
31 46 52
30 44 52
32 44 52
32 43 50
30 43 50
30 44 50
30 43 50
27 43 59
27 43 50
29 44 49
28 42 50
29 43 51
29 43 52
31 42 51
29 44 50
28 42 49
27 40 49
27 42 51
27 39 53
27 38 51
26 39 53
26 38 53
26 39 53
26 38 52
25 41 52
25 40 51
26 41 52
27 43 51
27 42 51
28 39 52
29 41 53
29 41 53
30 37 52
29 37 53
28 36 53
29 35 51
27 36 51
25 34 52
26 33 52
25 31 51
25 29 51
26 30 51
26 27 52
28 29 52
28 27 53
29 28 52
29 29 54
30 29 54
30 30 53
29 31 53
29 31 51
29 31 49
28 32 46
29 32 46
30 31 47
28 30 45
28 29 46
27 29 49
25 29 50
25 26 51
25 28 54
26 29 54
27 28 56
29 30 57
30 31 56
30 32 59
30 35 57
30 35 55
28 35 52
28 36 51
28 35 50
28 38 50
25 47 63
31 30 50
32 32 53
33 32 53
32 34 54
31 35 53
31 40 52
33 38 52
32 36 53
32 36 52
31 37 53
33 39 51
32 39 52
33 39 53
31 38 52
31 39 53
32 37 52
31 38 53
31 38 52
31 38 52
33 37 53
31 38 52
32 37 52
31 38 52
32 38 52
33 39 52
31 38 51
32 37 52
31 39 52
32 38 53
33 38 52
33 39 52
30 40 52
32 39 53
32 38 52
32 38 52
32 38 52
31 40 53
33 39 51
32 40 52
31 38 52
32 38 51
32 39 52
32 39 51
32 37 52
32 39 51
32 39 52
31 40 53
33 38 52
32 39 52
32 39 52
31 38 52
31 38 52
31 39 52
32 39 52
32 38 52
31 38 52
31 38 52
31 39 51
32 39 52
32 41 52
32 39 52
32 38 52
30 40 52
32 40 52
32 39 52
31 39 52
31 39 52
32 38 52
31 40 51
32 40 52
31 38 52
32 40 52
32 39 52
32 39 53
32 40 52
29 40 52
31 39 52
33 38 53
32 39 53
33 39 51
32 39 53
31 39 52
32 41 52
31 39 52
33 39 52
32 39 52
33 40 52
31 40 52
31 39 51
31 40 52
32 39 51
32 40 51
32 40 52
31 38 52
31 39 53
32 39 51
32 39 52
32 40 52
32 40 52
33 40 52
32 39 52
32 41 52
32 39 51
32 39 52
31 40 52
32 40 52
32 39 53
32 40 53
31 40 52
32 39 53
32 40 51
31 39 52
32 39 52
31 40 52
32 40 52
30 39 52
32 39 53
31 39 52
32 39 52
32 40 52
31 42 51
33 39 51
32 39 52
32 39 52
32 40 52
32 40 52
31 39 53
31 38 52
30 40 53
33 40 53
32 39 51
33 39 52
32 38 52
32 39 51
32 39 52
32 40 52
30 38 51
32 41 52
31 39 53
31 39 52
32 40 52
30 40 52
31 40 52
32 40 52
31 39 52
32 39 52
31 39 52
31 39 51
33 40 52
32 40 52
32 39 53
32 40 52
31 39 52
