34 37 52
52 37 33
34 38 53
34 37 53
35 37 52
34 38 54
35 38 53
34 38 52
33 36 52
34 37 53
34 39 52
34 37 53
33 38 54
34 38 52
34 36 52
33 36 52
33 36 52
33 37 53
34 36 52
34 37 53
34 40 52
33 36 52
34 37 52
33 38 53
36 36 53
34 38 53
35 37 54
37 37 51
34 38 54
35 41 51
33 44 51
33 42 52
33 41 51
36 46 52
33 43 51
34 44 50
35 43 48
33 43 48
33 46 47
32 47 47
32 44 46
32 46 48
32 45 47
32 46 47
33 46 49
32 45 48
31 46 48
32 49 49
31 46 48
32 48 47
30 44 47
32 45 47
31 48 47
30 46 49
29 46 47
29 47 49
30 46 50
29 47 49
30 48 49
30 49 48
33 47 48
32 46 50
33 46 49
33 46 48
33 47 48
35 46 48
34 45 49
37 44 49
38 43 50
37 44 48
39 43 48
39 42 49
39 40 49
41 40 50
40 41 49
42 39 49
41 38 49
42 39 50
42 38 50
43 37 49
42 37 50
43 36 49
43 37 51
43 36 51
43 36 49
43 35 51
43 34 49
42 34 50
43 33 50
42 33 50
43 33 51
42 33 52
42 32 51
42 34 51
43 33 51
42 32 51
42 32 51
42 32 52
42 33 51
41 32 52
40 31 51
41 31 51
40 30 52
40 31 52
42 32 52
41 30 51
40 30 51
41 30 51
41 30 51
41 31 51
40 31 51
40 31 51
40 31 53
40 29 51
40 29 52
41 30 52
40 29 51
40 29 52
39 29 52
40 29 51
39 29 51
39 28 53
40 30 51
41 28 52
40 28 51
41 28 50
39 29 52
40 29 51
40 28 51
40 28 52
41 28 50
40 28 52
40 27 52
40 27 51
41 27 51
39 29 51
39 28 51
39 28 52
40 29 50
39 29 51
40 28 51
40 28 50
40 29 51
40 27 51
39 28 52
39 28 51
39 27 51
39 28 51
40 27 51
39 27 52
39 28 51
40 27 51
39 27 52
40 28 51
39 28 52
40 26 51
40 27 50
40 27 51
39 27 52
39 28 51
39 28 50
39 26 52
39 28 51
39 27 52
38 28 52
39 28 51
40 27 52
40 27 51
41 27 51
39 28 51
39 28 51
39 28 51
39 27 51
41 26 51
39 27 51
38 28 51
39 28 50
39 28 51
40 27 51
39 27 50
40 27 52
40 28 51
40 28 51
38 27 52
39 27 52
40 28 52
39 28 51
40 27 51
39 28 51
39 27 51
38 27 51
39 27 50
39 28 51
41 26 52
39 28 51
39 27 51
39 27 50
41 27 51
39 27 51
40 26 51
40 27 51
39 27 51
40 27 51
40 27 50
40 27 49
39 27 50
39 27 51
40 26 51
40 28 50
39 26 50
39 27 51
40 25 50
39 27 51
40 26 51
41 26 51
40 27 51
40 26 49
40 26 50
39 26 51
39 26 51
39 27 51
39 26 50
40 26 51
40 27 51
40 26 51
40 26 51
39 25 51
40 27 51
40 26 51
39 25 51
39 26 50
40 25 50
40 26 50
39 26 50
39 25 50
39 26 50
41 26 50
38 26 50
40 27 50
40 27 51
39 26 51
40 26 50
39 26 51
39 27 51
39 27 52
39 27 52
40 28 51
40 28 51
40 28 51
39 27 50
41 27 50
40 27 51
39 28 51
41 29 51
40 30 50
41 30 52
42 31 49
41 32 51
42 32 52
41 34 51
40 35 50
41 36 50
41 36 49
40 36 48
40 39 49
38 40 48
38 40 49
37 43 48
37 45 50
36 44 48
34 43 48
34 46 48
33 45 48
33 47 48
32 46 49
31 48 49
33 47 47
31 47 48
32 46 48
32 47 47
31 47 47
31 48 48
30 47 46
30 49 47
30 48 47
29 46 47
31 48 47
31 46 46
30 48 47
31 46 47
31 48 48
30 49 49
30 50 49
31 48 47
30 48 47
30 47 48
31 47 48
30 48 47
29 46 48
30 46 47
28 48 45
28 45 48
28 48 45
29 46 46
31 47 45
33 47 49
34 49 50
36 48 49
35 47 47
34 43 48
33 42 48
32 36 50
28 36 51
28 23 49
26 35 53
29 36 53
29 35 54
34 35 53
33 34 54
31 37 53
32 35 52
31 36 52
34 36 53
32 36 53
33 35 52
32 38 53
33 36 52
32 37 52
34 38 52
33 37 52
33 37 52
35 37 53
34 37 53
34 36 52
34 39 53
33 37 53
33 37 53
34 37 52
33 37 52
33 39 51
32 39 52
34 39 53
34 38 53
34 38 53
35 38 53
34 39 52
34 37 53
32 38 52
33 39 52
33 38 52
34 39 53
33 36 53
33 37 52
33 37 51
32 38 52
33 37 52
34 39 52
34 38 52
33 38 52
33 37 53
33 38 53
32 38 52
34 36 53
33 38 53
33 38 52
34 38 52
32 37 52
33 37 51
33 38 52
34 38 52
33 36 53
31 38 52
34 37 52
33 37 52
33 37 52
34 38 53
32 38 51
35 38 53
33 38 53
33 37 53
33 37 53
31 37 52
32 38 52
32 37 52
32 37 52
32 37 52
33 37 53
33 37 52
