32 34 54
31 34 54
32 33 54
33 33 54
32 34 53
33 34 53
33 35 53
32 34 53
31 36 53
32 33 53
32 34 53
32 34 52
32 34 53
31 35 53
31 33 53
32 33 54
32 35 53
32 35 53
32 34 53
32 34 53
31 34 54
32 33 53
32 35 53
32 35 53
32 34 53
33 34 53
32 35 53
34 34 53
31 34 53
33 36 53
32 34 53
33 35 53
32 35 53
33 34 53
31 33 53
32 35 53
32 33 54
33 35 52
32 35 53
32 36 53
32 34 54
32 34 53
31 35 54
31 35 53
31 34 52
32 35 52
31 35 53
32 36 53
31 35 54
31 35 52
32 34 53
31 34 53
32 34 53
33 35 52
33 34 53
32 35 53
32 34 53
31 35 52
31 34 53
33 34 53
32 34 54
32 34 53
32 35 53
31 34 54
33 35 53
31 35 53
32 33 54
32 34 54
33 34 53
32 34 52
33 34 53
32 35 53
31 35 53
32 34 53
32 35 54
31 35 52
34 35 53
33 34 53
32 34 53
33 34 53
32 34 53
32 33 53
33 35 53
31 35 54
30 34 53
31 35 52
32 35 54
33 35 52
33 34 52
31 35 52
33 34 52
33 35 53
33 34 53
33 33 54
33 34 54
32 35 53
30 33 53
32 33 53
32 34 53
32 35 52
32 36 53
32 34 53
32 35 54
32 35 52
32 34 53
31 34 53
32 34 53
33 34 53
33 36 53
31 34 54
33 35 53
31 34 53
32 34 52
32 34 52
32 34 52
30 35 53
31 34 53
32 35 53
31 36 54
33 35 53
33 34 53
32 34 53
33 33 53
32 36 53
33 34 53
32 35 54
33 35 53
34 33 53
35 33 53
35 34 54
33 34 55
34 34 50
36 36 51
37 39 50
36 37 51
35 38 53
35 38 54
35 37 53
35 39 53
35 39 54
34 38 51
34 38 51
35 39 52
34 43 52
33 44 50
35 41 50
35 41 50
35 41 50
36 42 50
34 43 51
34 41 51
33 38 52
33 40 51
34 41 52
33 41 52
34 40 53
33 42 52
34 42 53
34 42 52
35 42 53
35 41 52
33 41 50
31 41 51
31 39 52
29 42 52
29 41 51
30 41 51
30 41 50
31 43 49
31 41 49
31 39 50
32 39 51
32 39 52
33 39 54
33 39 52
34 38 53
33 39 53
35 40 54
33 41 55
36 39 53
36 38 54
38 39 52
39 40 52
38 40 52
39 40 50
38 36 50
41 36 49
40 37 48
42 35 50
41 36 50
40 36 48
45 35 50
42 37 49
43 36 49
43 35 50
43 36 51
43 37 51
42 35 49
45 34 50
44 35 49
45 36 50
43 36 51
43 36 51
43 34 49
43 36 50
43 36 51
43 37 50
43 36 51
42 34 50
44 36 50
42 36 49
44 36 50
44 35 50
42 35 50
43 34 51
43 35 51
43 35 50
44 35 51
43 36 51
44 34 51
43 35 50
44 36 50
44 36 50
43 35 49
44 34 50
44 35 50
45 34 50
43 35 50
44 35 50
46 35 50
44 34 50
46 35 50
45 35 50
44 34 50
44 34 51
44 36 50
45 34 49
44 34 50
46 35 49
46 35 50
43 34 50
44 34 49
44 34 51
44 34 49
45 34 50
44 34 50
44 34 50
45 34 49
45 33 49
45 34 50
45 33 49
44 34 49
45 34 50
45 34 50
46 33 50
45 35 49
45 34 49
45 33 49
45 34 49
45 34 49
45 33 50
45 34 51
45 36 50
43 34 49
45 35 50
45 34 49
44 34 50
45 34 49
45 35 49
45 36 49
44 33 50
44 33 49
44 33 49
43 37 49
44 37 49
42 36 49
43 36 48
42 37 51
43 37 50
41 38 51
42 37 50
41 38 50
40 37 51
40 37 51
40 37 51
39 37 51
40 37 51
39 38 52
37 38 52
35 39 52
38 38 52
36 39 51
35 39 51
32 40 51
33 42 52
31 45 51
31 43 51
31 42 51
31 42 50
31 43 50
27 43 50
29 43 51
29 43 50
30 44 51
28 45 49
29 45 50
31 44 50
31 43 49
30 43 53
30 47 53
29 43 51
31 41 51
32 41 50
35 42 52
28 41 50
32 37 53
31 37 51
32 40 52
33 40 51
32 41 50
32 41 52
33 40 52
31 40 53
32 40 51
32 41 52
32 43 51
32 41 51
31 41 51
32 41 51
33 40 51
33 40 52
33 41 52
32 40 52
33 41 51
32 42 52
32 41 51
32 40 51
32 42 51
31 42 51
31 42 52
32 42 52
32 41 52
32 41 51
32 41 51
32 41 52
33 42 51
33 41 51
33 41 51
33 40 50
32 41 51
33 40 52
33 41 51
33 41 52
32 41 51
32 42 52
31 42 53
32 41 51
33 41 51
32 42 51
32 42 52
32 42 51
33 42 51
32 41 51
33 39 51
32 40 51
31 41 51
32 42 51
32 42 51
32 42 51
32 41 51
32 41 52
31 41 51
32 40 52
31 41 51
32 41 51
32 40 51
32 40 52
31 42 51
32 40 51
32 41 51
33 41 51
33 41 52
32 40 51
32 41 51
32 42 51
32 41 51
32 41 51
32 42 51
32 42 50
32 41 51
31 41 51
32 41 52
32 41 51
34 42 51
31 40 51
32 40 52
32 41 51
32 41 52
32 40 52
31 41 52
33 42 52
31 42 52
31 41 51
33 40 50
32 40 51
32 41 52
32 42 51
31 41 51
32 40 51
32 41 52
33 40 50
32 42 51
31 40 51
31 40 51
32 41 52
31 40 51
31 41 51
33 41 52
33 41 51
33 41 51
32 41 51
32 40 50
33 40 51
32 43 51
32 41 51
31 40 51
31 41 52
31 41 51
34 41 51
32 39 51
32 41 51
32 41 52
32 41 52
31 42 51
33 40 51
33 42 52
31 41 51
32 41 51
31 42 51
31 42 51
32 41 51
31 40 52
33 40 51
33 42 52
32 41 52
31 40 51
32 40 52
32 40 51
32 41 52
32 40 51
32 41 51
31 40 52
32 40 52
32 41 50
31 41 52
32 41 52
32 41 51
32 41 51
32 40 51
33 41 52
33 41 52
32 41 51
32 41 51
32 41 52
33 42 51
