31 38 52
31 38 52
31 37 52
30 36 52
30 38 52
30 38 52
30 37 52
31 36 52
31 38 52
30 37 53
30 37 52
30 37 51
30 37 52
31 38 53
31 37 53
30 38 53
31 37 53
30 38 52
31 38 52
31 37 52
30 39 52
31 37 52
30 38 52
31 37 52
32 37 52
30 37 53
30 38 53
30 37 51
31 38 53
28 38 53
30 39 53
30 37 51
30 39 51
29 38 52
31 38 52
31 38 51
30 39 53
31 37 52
31 37 53
31 40 52
32 39 53
31 35 53
33 37 54
34 38 55
34 38 54
35 36 54
36 38 53
37 39 54
36 38 52
34 39 51
35 40 51
34 37 50
33 41 49
32 41 48
33 42 48
31 43 48
31 39 49
29 41 49
28 43 48
28 42 49
27 44 50
26 43 49
26 41 47
25 42 50
24 36 52
28 41 53
28 43 51
31 43 53
28 43 50
30 46 51
31 46 50
31 46 48
30 46 49
28 44 46
28 46 46
30 50 50
29 46 49
30 49 47
27 50 48
27 49 47
26 48 50
26 50 50
28 50 50
31 49 48
31 46 48
34 48 49
35 45 50
35 44 48
36 44 48
37 45 49
37 42 48
39 42 49
40 41 47
38 40 48
40 40 48
41 40 49
41 39 49
39 38 49
39 39 50
41 40 51
40 38 51
40 37 51
41 36 50
41 35 50
41 35 50
40 35 51
40 35 52
40 33 51
41 35 51
40 33 51
40 33 51
39 32 50
40 33 50
40 33 50
40 34 50
40 33 51
39 34 52
40 33 52
41 32 51
40 32 52
41 33 52
41 32 51
39 32 52
41 32 52
40 31 51
40 31 52
38 30 52
39 31 51
39 31 50
41 32 51
40 31 51
40 29 51
40 31 53
40 30 52
39 30 52
40 31 52
39 30 51
39 30 52
41 30 52
39 29 51
39 31 51
39 31 51
39 28 52
39 28 51
40 28 51
41 30 52
40 28 51
39 27 52
40 28 51
38 28 51
38 28 52
39 29 52
39 28 52
38 28 53
40 28 52
39 29 52
39 29 51
40 28 51
40 28 50
39 27 52
39 27 52
39 27 50
39 29 51
40 28 51
40 28 50
39 27 51
38 28 52
40 29 50
40 27 51
39 28 51
39 28 51
39 27 51
39 27 51
40 28 51
39 28 51
40 27 50
39 27 51
40 28 50
38 28 51
41 28 52
39 28 52
39 28 52
40 28 50
39 28 51
42 29 50
40 28 49
40 29 50
41 30 51
41 28 49
40 30 51
40 29 51
42 29 49
41 32 53
41 31 52
42 31 48
43 33 51
42 34 52
41 36 50
40 37 50
40 37 50
39 39 50
40 38 49
39 40 50
38 38 50
38 41 49
38 42 50
38 42 51
37 43 50
36 42 50
35 44 48
37 43 48
36 44 47
33 46 47
34 48 46
31 50 45
29 51 45
30 52 45
28 50 44
30 50 44
29 52 44
29 51 42
27 52 43
29 51 44
30 50 43
29 50 44
29 51 43
29 49 42
30 51 43
31 58 46
29 51 42
29 49 41
30 51 41
29 50 43
30 49 43
28 51 43
30 51 44
27 51 44
28 48 42
25 51 44
25 48 44
24 48 44
24 46 43
23 45 43
23 46 46
23 45 46
23 47 47
25 45 48
24 45 48
25 44 48
27 45 50
26 43 49
26 42 49
27 44 48
28 40 49
29 40 49
29 41 50
29 40 50
29 43 49
32 44 49
31 45 50
31 41 49
32 40 51
30 38 51
29 40 53
30 38 52
30 36 51
30 37 51
29 35 53
30 37 54
31 38 54
30 39 52
30 38 54
31 37 54
31 38 51
31 41 52
32 40 53
32 38 52
30 39 51
31 41 51
31 40 52
30 40 52
30 38 51
31 39 52
30 38 51
30 38 53
32 39 51
30 39 52
31 39 52
31 39 52
31 39 52
30 39 52
31 38 52
30 38 51
30 39 51
30 38 52
31 40 52
31 38 52
31 38 52
31 40 52
31 40 51
31 39 51
31 39 51
31 38 52
31 39 52
30 39 52
30 38 52
31 40 52
32 38 52
31 39 52
30 39 52
32 39 52
30 38 52
31 39 52
31 40 51
30 40 52
31 39 52
31 39 52
32 39 53
32 40 52
30 40 52
32 39 52
31 39 53
31 38 52
31 39 51
32 39 52
31 39 51
31 39 52
32 39 52
30 38 52
30 40 52
32 40 51
31 40 52
31 39 53
31 39 51
31 39 52
31 41 52
31 38 51
29 40 51
30 40 51
32 39 52
30 40 51
32 38 52
31 40 52
30 38 51
31 39 51
30 38 51
31 40 52
30 38 52
30 40 52
32 40 52
30 39 52
30 39 52
31 39 51
31 39 51
31 39 52
31 38 52
30 40 52
30 40 52
30 39 51
31 40 52
32 38 52
31 39 51
30 39 51
31 40 51
32 39 52
31 40 53
31 38 53
32 39 53
31 38 53
