32 36 52
31 38 53
32 37 53
30 37 52
32 37 52
32 37 53
31 37 52
31 36 54
30 38 53
31 37 53
30 37 51
32 38 52
32 38 52
31 36 52
33 37 53
30 38 51
30 37 52
32 38 52
31 37 52
30 37 53
32 36 54
32 36 53
31 36 52
31 37 52
31 36 53
31 36 52
32 37 52
30 37 52
32 37 53
32 36 53
32 38 53
31 39 52
32 38 52
32 37 53
32 36 53
33 36 54
35 34 55
36 38 54
36 37 53
35 40 51
36 37 52
36 37 54
34 38 53
33 37 50
33 36 51
32 38 51
33 40 50
31 40 49
31 40 49
30 41 48
30 40 50
31 38 50
30 39 50
27 41 51
28 43 49
28 44 50
29 45 49
27 49 48
27 46 46
27 49 47
28 48 47
28 48 47
29 47 47
30 49 46
31 47 47
31 48 47
31 47 47
30 49 46
31 48 46
31 49 45
29 48 46
31 49 48
29 48 45
29 49 46
28 50 45
28 50 46
26 50 46
28 51 46
28 51 48
29 50 47
31 51 47
32 49 48
34 49 47
34 47 46
35 47 46
35 46 46
37 45 46
38 43 47
37 43 48
38 43 47
39 42 48
38 42 49
40 41 48
38 43 49
41 42 49
40 39 49
40 39 50
40 39 50
40 39 51
40 39 50
40 38 50
41 38 50
41 38 51
40 36 51
41 37 50
40 37 51
40 37 50
41 36 50
41 37 50
42 36 50
42 36 50
42 36 50
42 35 51
42 35 50
42 36 50
42 36 50
41 35 51
41 35 51
42 36 51
43 35 51
42 34 51
41 36 51
41 35 52
42 34 52
41 33 51
41 34 51
42 34 51
41 35 51
40 36 50
40 34 51
41 34 51
41 35 51
42 34 51
42 34 52
40 33 52
41 35 51
42 34 51
41 34 52
41 35 52
40 35 51
41 35 51
41 33 51
42 34 51
41 33 52
41 33 51
41 33 52
41 33 51
41 33 52
41 33 52
42 33 51
41 33 51
41 33 52
41 34 51
40 33 52
42 33 52
42 33 52
41 33 51
41 34 52
41 33 51
42 34 51
42 33 50
41 34 51
41 34 51
40 33 51
42 33 50
40 33 51
42 33 52
41 34 52
41 33 50
40 34 51
41 33 50
41 34 51
42 33 52
41 33 50
41 35 51
42 34 51
42 33 50
43 34 50
42 34 49
42 36 51
41 35 49
41 38 51
40 37 49
40 41 50
40 39 52
39 39 52
40 41 50
39 41 50
39 42 49
37 43 50
37 44 50
35 45 45
35 46 46
35 46 48
34 44 49
34 46 48
34 47 49
34 49 49
34 47 48
34 47 48
34 46 46
33 48 47
33 47 47
33 47 46
33 45 46
32 49 46
30 48 46
30 49 46
30 47 46
30 49 45
30 50 46
30 48 45
29 47 47
30 48 46
29 48 46
30 48 47
30 48 45
30 49 46
30 48 46
29 49 46
28 49 45
29 49 45
29 48 46
29 48 45
30 49 45
31 48 45
29 49 45
29 48 45
30 50 45
29 49 45
30 48 44
28 47 44
28 48 44
28 52 46
28 48 45
28 48 45
29 49 45
28 50 45
29 48 46
29 49 46
29 47 45
27 44 44
25 50 45
23 50 46
22 46 45
21 47 47
22 48 46
23 46 47
24 48 48
26 47 47
26 45 48
28 44 49
28 44 50
27 44 48
28 42 48
28 41 49
30 39 51
29 40 49
30 38 49
31 37 49
32 38 50
31 37 50
31 37 50
32 38 51
31 37 52
30 38 51
33 35 52
32 34 51
33 36 52
32 37 51