32 38 52
32 38 52
31 38 52
31 37 52
31 37 52
31 37 52
33 37 52
32 37 52
32 37 52
31 39 52
31 38 51
33 37 52
32 38 52
31 37 53
31 38 52
32 37 53
32 37 53
32 38 53
32 38 52
31 38 51
32 39 52
32 37 53
32 38 52
31 37 53
32 37 52
32 37 52
31 38 52
31 37 53
31 37 51
32 39 52
31 39 53
32 37 53
33 37 55
31 38 54
35 36 54
36 37 55
38 37 54
38 39 54
37 38 53
36 39 52
38 38 52
35 39 51
34 37 49
34 41 48
32 40 46
29 41 44
34 51 51
30 51 47
30 45 49
28 49 47
28 47 47
30 46 44
29 45 47
30 47 45
27 47 43
27 47 45
26 48 42
24 48 44
24 50 44
24 49 44
24 49 44
25 47 44
24 49 46
25 50 45
25 51 41
26 51 46
25 50 41
26 51 41
25 52 40
24 51 43
23 52 43
24 52 44
25 54 45
24 53 45
25 52 44
27 51 44
27 51 43
29 48 45
31 48 43
31 46 43
35 43 42
35 44 44
34 46 42
36 49 43
35 48 47
37 48 46
36 49 49
37 46 50
37 47 50
39 46 50
39 45 49
39 45 48
38 44 48
40 42 48
40 42 48
39 41 48
41 39 49
41 40 50
41 38 48
41 39 50
42 38 49
41 35 49
40 37 50
41 37 51
41 38 51
42 36 51
41 37 51
42 36 51
41 37 51
41 35 51
40 34 51
41 35 51
41 36 51
40 34 52
42 35 53
41 34 52
41 35 52
41 34 52
40 34 52
40 34 51
40 33 52
40 34 51
40 34 51
41 33 51
42 34 51
40 33 51
41 33 52
40 33 51
40 32 51
41 32 52
40 33 53
40 31 52
40 31 52
41 32 52
40 30 51
39 31 51
40 31 51
38 31 51
39 30 51
40 31 51
41 30 52
40 31 51
40 30 51
40 29 52
39 31 51
40 29 51
39 30 51
39 30 51
39 29 52
39 29 51
38 30 52
40 30 51
39 29 52
39 30 51
40 30 51
40 29 51
39 28 51
40 28 52
39 30 51
40 30 50
40 29 51
39 29 50
41 29 51
41 29 51
41 30 51
40 30 51
39 29 51
40 30 52
40 31 51
42 31 50
40 31 51
41 32 50
40 33 50
40 32 51
42 33 49
42 34 51
42 34 50
42 36 50
43 37 52
40 37 50
42 38 50
41 39 50
39 39 49
39 40 51
39 40 51
39 41 48
39 41 51
39 39 49
38 40 47
36 44 48
35 46 47
35 49 47
36 45 50
35 45 50
34 47 48
33 46 49
33 46 48
32 46 47
31 48 48
30 46 47
30 48 47
29 46 47
29 47 47
27 48 46
27 47 44
27 48 46
26 47 46
26 48 45
25 48 44
26 48 45
25 49 45
26 50 43
26 49 44
26 49 42
24 50 43
26 49 43
26 49 44
25 48 44
26 48 44
25 49 43
26 47 42
25 48 44
26 50 44
26 50 44
26 48 44
25 52 44
25 50 45
24 48 44
22 48 44
21 46 44
21 45 40
20 47 41
19 49 43
21 49 41
21 53 42
21 51 42
24 51 41
25 51 41
23 50 38
23 50 41
27 49 43
27 49 44
29 49 44
31 46 46
32 45 44
34 43 45
36 44 46
35 43 47
36 44 45
37 46 47
36 45 47
35 42 44
34 45 47
36 52 48
35 56 50
33 47 60
31 37 57
31 37 45
33 47 50
30 43 50
32 46 51
31 45 49
32 43 49
32 44 50
32 43 50
32 43 51
31 43 50
32 43 50
32 42 49
32 42 50
30 42 51
32 42 50
31 41 51
31 42 50
33 42 51
31 42 50
30 42 51
31 41 51
30 41 51
31 42 51
31 42 50
32 41 50
31 43 51
31 40 51
31 42 51
32 42 51
33 40 51
30 42 52
31 42 51
32 42 51
32 42 49
30 42 50
30 41 51
31 40 51
31 41 51
31 42 50
30 41 50
31 42 50
33 42 50
32 41 50
31 42 51
32 42 51
32 42 50
31 41 51
31 41 50
31 42 50
30 41 50
32 42 51
31 42 51
31 42 51
31 41 51
30 42 50
32 41 51
31 43 51
32 42 51
32 42 51
31 42 51
31 42 51
31 43 50
31 42 51
32 43 51
31 42 51
31 41 51
31 40 51
31 42 51
32 42 51
30 41 50
31 41 50
31 41 50
31 43 52
31 43 51
31 42 51
30 42 51
32 42 50
31 42 50
32 43 52
