26 47 47
27 47 46
28 47 46
27 48 45
27 47 46
27 48 46
26 47 46
26 47 46
26 47 45
26 47 46
27 48 47
25 47 46
26 47 46
27 48 46
27 47 46
27 47 46
27 48 46
26 48 46
27 47 46
27 47 46
27 47 46
26 48 46
28 48 46
29 48 46
27 48 47
26 48 45
27 47 46
28 48 45
27 46 45
27 47 45
27 47 46
26 48 45
26 47 46
26 46 44
28 46 46
28 46 47
28 47 46
27 47 46
25 49 47
26 46 46
26 47 46
27 48 47
27 45 47
27 48 48
28 48 48
28 50 48
27 49 47
27 49 47
27 47 47
40 49 53
26 40 49
30 45 49
30 43 49
30 44 50
31 44 49
30 45 47
31 42 48
31 43 48
32 43 48
29 40 50
29 42 49
28 40 49
28 40 49
29 41 50
30 40 49
29 39 50
29 43 50
32 42 51
28 42 51
25 42 51
26 42 50
27 42 49
27 44 48
26 46 47
28 44 47
28 42 48
28 41 49
30 44 48
30 45 49
27 43 50
28 44 49
31 45 48
29 44 49
30 45 48
28 46 48
30 46 48
28 45 49
28 45 48
29 45 50
29 45 48
29 45 48
28 45 47
27 47 48
27 47 49
28 47 50
27 46 50
26 47 50
30 49 50
28 45 49
28 47 49
29 46 50
32 44 49
31 43 47
33 43 46
34 44 47
34 44 47
35 43 47
36 43 46
37 45 48
38 43 49
38 43 49
39 43 49
40 43 50
41 40 50
41 41 49
41 39 50
41 39 50
42 39 50
42 39 51
42 38 50
40 35 50
43 37 50
41 37 50
41 37 49
41 37 51
41 38 50
41 36 50
42 36 51
42 33 50
43 36 49
43 36 51
42 35 52
42 36 50
42 34 50
41 32 52
42 35 52
42 33 51
41 34 51
42 34 52
41 33 52
43 34 50
41 32 51
40 30 51
41 32 51
40 31 51
41 32 50
41 30 51
40 31 51
41 31 51
41 31 51
41 31 51
41 30 51
41 29 50
41 31 50
41 31 50
41 29 51
40 30 51
41 31 51
41 29 51
40 29 51
40 28 51
42 30 51
40 29 51
41 29 50
42 30 49
42 29 50
41 28 51
41 29 50
40 29 50
42 30 50
41 29 51
41 30 51
42 31 50
42 31 49
42 31 51
41 33 52
42 33 51
42 34 50
41 33 51
43 34 50
44 34 52
42 35 50
43 35 48
41 37 51
40 37 51
40 37 49
41 40 49
38 40 50
39 40 50
37 40 50
38 41 50
38 41 51
38 43 51
36 42 49
35 45 48
35 45 49
34 46 49
35 45 48
32 45 48
33 46 50
31 46 49
31 45 49
31 45 49
31 45 49
29 45 49
30 44 49
29 44 49
29 46 49
29 47 48
28 44 48
29 44 49
29 44 49
28 45 48
28 46 48
28 45 50
28 45 49
29 46 49
28 45 47
28 45 48
29 44 49
28 44 49
28 44 49
28 43 49
28 44 48
27 44 47
27 44 49
29 45 48
28 44 49
26 46 48
28 44 50
29 45 48
27 47 48
29 46 48
28 45 48
29 44 50
27 45 50
27 45 50
27 45 49
26 45 48
25 46 50
25 44 49
26 45 49
26 43 49
26 44 50
26 45 47
26 45 48
26 44 48
28 43 49
28 45 47
31 44 46
31 46 47
30 44 48
32 43 47
32 41 46
30 41 46
27 42 46
27 42 47
26 42 48
24 41 49
23 42 49
23 43 48
23 44 49
24 44 48
24 45 49
21 52 54
21 53 54
19 45 45
25 47 43
25 45 45
24 44 46
24 44 46
23 47 45
24 45 44
24 46 44
22 45 45
24 47 43
23 46 45
23 47 45
25 43 45
23 46 46
22 48 45
22 48 45
23 47 44
24 46 44
23 48 45
23 45 45
22 45 45
23 46 44
23 44 45
23 45 45
21 45 45
22 45 45
22 45 46
23 44 47
23 45 46
22 45 45
22 44 46
22 44 45
22 46 46
22 45 45
22 45 46
22 44 46
22 44 46
21 45 46
22 43 46
21 45 46
23 44 47
21 45 47
21 43 47
22 44 47
22 44 47
24 44 47
24 45 46
25 43 47
26 43 46
25 46 47
26 44 47
26 45 48
28 44 48
27 42 48
26 42 50
26 41 50
25 41 49
25 40 49
24 41 50
23 40 48
23 41 49
24 41 50
23 38 50
23 38 50
24 39 49
