31 43 49
32 43 50
33 44 50
32 43 50
31 44 50
31 43 50
31 44 50
32 43 49
32 44 50
33 44 51
32 45 49
31 44 50
32 45 50
31 44 50
31 43 50
32 43 50
31 43 50
30 43 49
30 46 50
29 44 50
29 46 51
29 44 49
30 46 50
27 47 47
29 45 49
31 47 49
31 48 47
33 51 49
34 49 46
35 50 46
35 49 44
38 49 44
38 49 45
39 44 43
39 43 42
40 46 44
36 48 44
35 48 45
36 48 44
35 49 44
32 48 43
29 49 45
27 49 45
28 52 44
28 51 45
28 50 45
29 51 43
30 46 45
32 49 46
32 49 45
31 50 43
31 50 44
32 50 43
30 50 43
30 49 42
30 49 44
29 51 44
31 50 43
30 49 41
30 48 43
30 50 45
31 51 44
29 51 44
30 50 46
28 51 44
28 49 45
29 49 45
29 50 45
29 48 45
29 47 44
28 49 45
30 48 44
28 50 45
28 50 46
30 49 44
30 50 45
30 50 46
30 49 46
31 52 45
31 50 46
32 50 45
34 51 45
34 51 44
35 49 44
34 50 43
37 50 45
37 48 45
39 47 43
39 47 45
39 47 44
41 45 44
41 47 45
41 45 43
43 45 43
43 46 43
43 46 42
44 44 42
45 44 43
46 43 43
46 41 43
46 41 44
46 43 44
47 43 44
46 45 43
46 44 44
47 43 45
47 44 44
46 43 43
46 43 43
45 43 44
45 41 44
46 41 44
47 41 46
47 41 45
47 39 46
46 40 45
46 40 45
46 40 47
45 37 46
47 39 46
45 39 47
48 38 47
47 38 46
47 37 47
47 37 47
46 37 47
47 38 46
47 38 46
47 37 47
47 38 47
46 36 48
47 36 47
47 36 46
46 38 46
46 37 47
47 36 47
48 37 47
47 36 47
46 36 47
47 37 46
46 36 48
47 34 47
48 35 48
47 35 48
47 35 48
46 35 47
46 34 48
47 34 49
46 34 49
46 35 47
46 34 48
48 34 48
44 34 49
47 34 49
47 34 49
46 34 47
46 34 49
46 33 49
47 33 48
47 34 47
48 33 47
47 34 48
47 31 48
46 32 48
46 33 49
45 32 48
47 32 48
46 33 48
47 31 48
46 32 49
47 32 49
47 32 49
46 31 48
45 32 48
45 31 48
46 31 48
46 32 47
45 32 49
46 30 47
46 31 49
46 31 48
45 31 47
45 31 48
46 30 47
45 30 47
47 32 48
46 31 49
46 30 48
45 29 48
46 30 48
46 29 48
45 30 48
45 29 49
45 30 48
45 30 49
46 30 49
46 28 49
45 29 48
45 29 48
46 29 49
46 30 49
45 30 48
46 29 48
46 30 48
46 30 49
44 29 49
46 29 48
46 30 48
46 29 48
46 28 48
47 30 48
45 29 47
46 29 49
46 30 48
45 29 47
46 30 49
45 29 47
43 28 48
44 29 48
46 30 48
46 28 47
44 29 48
46 30 48
46 30 48
46 31 48
45 28 49
46 30 48
45 28 49
46 29 48
45 29 48
45 29 48
45 30 48
46 29 49
45 30 48
46 29 48
46 30 48
46 30 48
45 30 47
47 30 48
46 31 48
46 31 48
46 31 47
46 32 47
45 31 48
45 32 47
45 32 48
45 32 47
45 34 47
46 34 47
44 36 48
46 35 47
45 35 47
44 37 46
45 39 47
46 41 48
45 40 45
45 42 45
46 43 46
45 43 45
45 41 45
43 42 44
42 43 46
43 43 45
41 44 46
40 46 46
40 46 43
40 49 47
39 49 45
38 50 46
38 51 46