31 40 52
31 40 52
32 39 52
32 39 52
32 40 52
32 39 52
31 41 52
33 39 52
30 39 52
32 39 52
32 39 52
32 40 53
32 39 53
31 39 52
31 40 51
32 40 52
32 40 52
32 41 52
33 39 52
32 40 51
31 40 52
31 39 52
31 37 52
32 40 52
32 39 52
31 39 51
32 39 52
32 40 52
31 40 53
31 40 52
32 38 52
32 39 53
32 39 52
33 39 52
31 40 51
32 40 52
32 40 52
31 40 52
31 40 52
31 41 51
31 40 51
31 40 51
32 40 52
32 40 51
32 40 52
32 40 52
32 39 53
31 38 52
31 40 52
31 38 52
32 39 51
31 41 53
32 39 52
31 39 52
31 40 52
32 40 52
32 41 53
32 40 52
32 40 52
31 41 53
32 39 52
31 40 52
32 39 52
31 39 53
32 40 52
32 40 52
32 40 52
31 40 51
31 41 51
32 41 52
32 40 51
32 39 51
32 41 51
32 41 52
33 42 52
33 40 53
34 39 53
34 38 53
32 39 50
31 42 53
32 39 51
31 38 52
33 39 52
33 38 51
34 38 51
32 36 52
33 37 53
32 38 53
33 36 54
32 36 53
32 37 52
33 38 52
33 38 52
33 39 52
32 39 52
32 38 52
31 38 53
33 38 53
32 39 53
31 38 53
30 39 52
31 40 52
31 38 52
30 40 53
30 39 53
32 39 52
30 40 52
32 38 51
32 40 51
31 38 52
32 40 52
32 39 52
30 39 53
32 40 52
31 39 52
31 38 51
31 40 53
31 41 51
30 40 52
32 39 52
32 43 51
31 41 51
30 42 50
31 43 51
31 42 51
32 43 52
32 44 52
31 44 52
32 43 50
34 43 52
32 44 53
33 42 52
31 43 51
32 43 52
32 43 51
34 43 52
35 43 50
35 44 51
36 44 50
36 42 49
36 43 50
37 42 50
37 41 50
37 40 48
39 42 48
39 39 48
38 39 49
40 41 49
38 40 49
39 38 49
40 40 49
40 39 50
40 39 50
40 38 52
40 38 52
39 37 52
41 39 51
39 39 51
40 39 51
42 41 53
40 37 53
41 39 52
42 40 51
41 37 50
41 38 51
41 35 53
40 36 52
42 38 51
40 36 51
40 37 52
40 35 53
40 35 52
40 36 52
40 34 53
40 34 52
40 33 52
41 33 52
38 31 52
40 32 53
40 30 51
40 32 52
40 30 52
41 31 52
40 31 51
40 29 52
39 30 52
39 30 52
39 30 52
39 29 51
39 28 52
39 28 52
40 28 51
39 28 51
40 28 51
40 28 50
40 28 51
40 28 50
40 28 52
40 27 50
41 28 52
40 27 51
39 28 52
41 27 51
39 28 52
40 26 51
41 26 51
40 27 52
41 29 52
40 27 51
40 27 51
39 28 50
41 25 51
40 28 51
40 26 51
40 27 50
40 26 50
38 27 51
40 27 51
40 28 51
40 25 52
40 25 51
40 27 51
40 27 50
40 26 51
39 26 51
39 26 50
39 27 50
39 27 51
40 26 51
41 26 51
41 25 52
40 26 51
39 26 51
40 25 51
39 25 51
38 27 51
39 26 50
40 26 50
40 25 51
41 26 51
40 25 50
39 26 52
40 27 50
40 27 52
40 26 51
39 25 50
39 25 51
40 26 50
39 25 51
40 26 50
40 24 51
40 24 51
39 25 51
40 24 51
40 25 50
39 24 51
40 24 51
39 24 51
39 25 50
39 25 50
39 25 51
40 24 50
40 26 51
40 24 50
41 25 50
39 26 50
40 24 50
41 25 51
40 25 50
39 25 50
39 25 51
38 24 50
40 24 50
40 25 50
40 25 50
40 24 51
39 24 50
39 26 51
40 25 50
40 24 51
39 25 50
39 24 49
39 24 50
39 25 49
40 24 51
39 24 51
39 24 50
39 23 50
40 23 50
38 24 51
38 24 50
39 23 50
39 24 49
39 24 50
40 24 50
39 25 50
38 23 50
40 23 50
39 24 51
40 25 50
41 23 50
40 23 50
39 23 50
39 23 50
40 24 51
40 23 50
40 22 50
38 24 50
38 23 50
39 22 50
38 22 49
39 22 50
40 22 50
39 23 49
39 22 50
39 21 49
39 22 49
38 21 49
40 22 49
39 22 48
39 22 49
39 22 49
41 22 49
39 23 50
39 21 50
40 21 49
40 23 48
40 21 50
39 23 49
40 22 50
40 23 49
39 22 49
39 23 49
39 23 49
40 23 49
39 23 50
39 22 49
40 22 49
40 22 49
39 23 49
40 24 49
40 24 50
40 24 50
38 25 51
40 27 50
39 26 51
40 28 51
41 27 51
39 27 53
40 27 52
39 28 51
41 29 52
41 30 52
42 30 50
42 31 51
41 32 52
42 33 50
43 35 50
43 35 51
42 35 48
43 36 50
42 38 48
42 37 47
43 39 49
42 39 48
42 39 49
40 40 50
40 40 49
40 42 49
40 43 50
38 43 51
38 44 48
38 46 50
38 43 50
35 44 49
35 46 49
35 47 51
35 45 50
35 47 50
34 45 51
34 45 50
35 47 49
34 46 49
33 46 49
34 45 48
34 46 47
34 45 49
34 45 48
32 45 48
32 45 48
32 44 49
31 45 49
32 45 50
32 45 49
32 44 50
33 44 49
32 45 50
32 45 50
31 44 50
31 43 51
32 43 50
31 44 50
32 44 50
31 43 49
31 42 50
31 44 51
31 42 49
31 43 50
30 44 50
30 43 50
31 43 51
29 43 51
29 41 50
29 41 51
29 41 51
31 41 51
30 41 51
28 39 53
30 38 52
31 39 52
32 38 51
30 38 52
30 39 53
31 38 52
31 37 52
30 39 52
29 39 52
30 38 51
30 40 51
32 41 51
30 41 50
29 42 52
32 43 53
30 42 51
31 41 52
31 42 52
31 40 52
31 40 52
31 36 52
30 37 53
32 37 53
30 38 53
31 39 53
32 38 52
30 34 53
30 36 53
31 38 53
30 39 52
30 36 52
30 36 52
31 36 53
31 37 52
31 37 52
30 37 52
31 37 52
31 36 52
31 37 53
30 36 53
30 36 53
32 37 53
30 37 52
30 37 53
31 37 53
32 38 52
30 37 53
30 36 53
31 37 53
30 37 53
30 37 53
31 36 52
31 38 53
30 35 53
31 37 52
29 36 53
30 36 52
31 37 53
30 37 53
31 37 52
30 37 52
30 36 53
32 37 52
31 37 53
30 37 52
30 36 52
30 37 52
31 37 53
31 37 52
31 38 52
29 37 53
31 37 52
31 38 52
31 37 53
30 37 52
31 37 52
30 36 53
31 37 52
31 37 52
31 37 53
31 37 53
32 38 53
32 37 53
31 37 53
31 37 52
31 38 53
32 37 52
31 38 53
31 38 53
32 38 52
31 38 52
31 37 52
30 38 53
31 39 52
31 37 53
31 36 52
30 36 53
31 37 53
31 39 52
32 37 53
31 37 53
32 36 53
30 36 52
31 38 52
32 36 53
31 37 53
30 37 52
30 37 52
31 37 52
31 37 52
31 36 53
32 37 53
31 37 52
31 38 53
31 37 53
30 38 53
31 37 52
33 36 52
32 36 52
29 36 52
30 38 53
31 38 52
30 39 52
30 37 52
30 36 52
30 36 52
32 37 54
31 37 52
31 37 52
30 36 53
31 37 53
31 38 52
32 38 52
31 37 53
30 38 53
32 38 52
31 38 53
31 37 52
32 37 52
31 37 51
31 37 53
31 37 53
30 37 52
30 37 53
31 37 53
30 37 53
32 37 52
31 35 53
32 36 52
30 36 53
30 37 53
30 35 53
32 36 53
31 37 53
31 36 53
31 35 53
31 37 52
30 37 53
31 37 53
30 36 53
30 36 52
31 36 54
31 36 52
31 38 52
32 37 52
31 37 52
31 36 54
31 37 53
