34 44 33
36 42 49
33 43 50
34 44 50
35 44 50
32 44 49
34 44 50
35 42 48
35 43 50
33 42 50
32 42 51
32 43 52
32 42 51
33 42 51
33 41 51
34 43 50
34 43 50
32 43 51
33 42 51
33 42 50
33 41 51
34 42 51
33 42 51
32 41 51
32 41 51
33 42 50
34 42 52
33 41 51
33 42 51
33 41 51
33 42 51
33 41 50
34 42 50
33 42 51
33 42 51
34 43 50
33 43 51
34 43 51
34 42 51
31 41 52
31 41 50
32 44 50
32 42 49
32 43 50
31 43 50
32 42 49
33 44 50
32 43 51
30 44 52
30 40 51
32 41 51
33 43 49
31 41 49
31 45 50
32 44 50
32 43 49
30 45 49
31 44 49
32 46 48
33 44 49
32 44 49
32 46 48
31 45 48
32 47 49
31 46 49
31 46 48
30 47 50
30 46 49
33 47 50
33 48 48
33 47 48
32 47 48
33 45 48
33 47 49
33 47 49
34 47 49
36 47 48
35 45 47
36 44 50
37 45 49
37 44 50
38 42 51
37 41 50
37 40 50
37 39 51
37 40 50
37 38 52
38 38 52
38 37 52
39 37 53
41 36 52
39 36 53
40 34 51
40 33 51
39 33 51
39 33 51
40 33 50
40 32 51
40 32 51
41 31 50
40 32 51
39 32 51
41 32 50
39 30 50
39 30 51
39 31 50
41 30 51
39 32 52
40 31 52
40 30 52
40 31 51
40 30 52
40 30 51
40 30 51
40 29 52
40 29 52
40 28 52
40 27 51
41 28 51
39 27 51
41 26 52
40 25 51
40 27 52
40 27 50
39 26 51
40 25 51
40 24 51
39 26 50
40 25 50
40 25 50
38 24 50
39 25 50
39 25 50
41 25 50
39 25 50
40 25 50
39 23 49
40 23 50
40 24 49
40 25 49
41 24 50
40 25 51
40 24 50
40 23 51
40 25 49
40 23 50
40 24 48
39 23 49
41 24 49
40 24 49
40 23 50
41 23 50
40 23 50
40 23 49
39 22 49
40 22 50
41 22 50
40 22 49
39 23 49
40 22 48
40 22 49
41 21 49
41 23 49
40 21 49
39 22 49
40 22 49
41 24 48
39 23 49
40 22 48
39 21 48
40 23 49
40 23 49
39 23 48
39 21 49
39 22 49
40 22 49
40 22 48
40 22 49
39 22 48
39 22 48
40 20 49
40 21 48
40 21 48
40 21 49
39 22 49
40 21 48
40 22 48
40 21 48
40 21 49
40 22 48
40 21 48
40 22 49
40 21 47
41 21 47
39 21 49
39 21 48
40 21 49
40 20 48
40 19 48
39 22 48
40 21 48
39 21 48
41 20 48
41 21 48
39 20 49
40 20 48
39 22 48
40 21 48
39 20 47
40 21 48
39 20 48
39 20 48
39 20 47
39 20 48
40 20 49
39 20 47
40 20 46
38 20 48
40 21 47
39 18 48
39 20 48
39 20 48
39 19 48
39 19 48
39 20 46
38 19 47
39 20 47
38 19 47
38 19 46
40 19 46
39 18 47
38 19 46
39 19 47
38 18 46
39 17 47
39 19 47
38 19 46
38 18 46
39 18 45
40 17 46
39 18 46
39 18 46
38 18 47
39 18 45
38 18 45
38 17 45
39 17 46
39 18 45
41 17 45
38 17 45
39 17 45
39 17 45
39 18 45
39 17 45
39 18 45
39 17 44
39 16 44
40 17 45
39 16 44
39 17 45
37 18 44
38 17 44
38 17 44
39 16 44
39 16 45
39 17 45
39 18 45
38 17 46
39 18 45
38 18 45
38 17 46
38 18 46
40 19 46
39 19 47
39 20 46
39 20 46
39 20 45
39 21 46
39 22 47
39 23 47
38 25 48
37 26 50
38 27 50
39 28 50
38 30 51
37 31 52
39 31 54
37 33 53
37 34 54
37 36 54
36 37 55
35 37 53
35 37 51
36 38 52
34 38 52
33 39 51
32 38 52
33 39 52
32 41 53
33 40 53
33 41 53
31 41 52
31 42 52
33 41 51
31 44 50
32 45 51
32 44 50
32 45 50
31 46 50
31 46 50
31 45 50
31 44 49
31 45 49
31 44 50
32 43 49
32 45 49
32 45 48
32 45 48
31 44 49
31 45 48
31 46 49
30 44 49
30 45 49
30 45 48
32 45 50
31 45 49
30 45 49
31 44 49
31 44 48
31 44 48
30 46 49
29 43 49
30 45 48
31 44 49
30 43 49
30 44 48
30 44 49
30 43 49
30 43 49
30 43 49
30 45 50
30 44 50
29 43 50
30 44 49
29 44 49
29 43 50
29 42 51
28 44 50
28 43 50
27 42 51
28 43 51
26 41 51
27 41 51
27 41 51
28 42 51
28 41 52
28 42 53
29 42 52
30 41 52
32 41 52
32 39 51
32 37 50
32 35 48
34 32 48
33 31 47
34 29 48
33 29 48
34 28 49
32 28 50
31 26 50
29 27 52
30 29 53
29 28 54
28 27 55
29 30 55
27 29 54
26 31 55
30 35 57
30 39 53
30 38 54
30 37 54
32 34 51
31 34 52
32 35 52
30 36 54
31 36 52
31 35 52
31 34 54
31 35 53
30 35 52
31 36 52
30 35 53
31 37 53
31 36 53
30 34 53
31 34 54
30 35 55
30 35 54
29 35 52
30 35 52
29 32 52
28 32 50
28 32 53
27 31 52
28 31 53
26 31 51
27 30 50
27 31 51
26 31 51
26 29 52
27 29 50
26 30 51
27 30 51
26 31 51
27 31 52
28 30 51
26 31 50
27 33 51
28 34 54
30 32 58
29 34 54
28 32 51
29 32 50
29 33 54
30 33 53
30 32 51
29 32 51
30 31 56
29 32 53
30 34 53
29 32 53
30 34 54
31 32 53
30 33 53
31 34 53
31 33 52
30 33 53
30 32 53
31 33 53
29 33 53
30 33 53
30 33 53
31 34 54
31 32 53
30 32 53
30 34 53
31 33 53
30 33 53
31 33 53
30 33 52
30 34 53
29 34 53
29 34 52
29 34 52
30 33 53
30 33 53
30 32 52
30 34 53
30 33 53
29 33 53
29 32 52
30 33 53
30 33 52
31 33 53
29 33 53
30 33 54
31 34 53
30 33 53
30 32 54
29 33 53
28 31 52
29 33 53
31 32 53
31 32 53
31 34 52
30 32 51
31 33 52
30 33 53
31 32 52
30 33 54
30 32 53
