32 48 46
33 48 46
32 49 46
32 48 46
32 48 46
32 49 45
33 49 46
32 48 46
32 49 46
32 48 46
33 48 46
33 49 45
33 48 47
31 49 46
32 48 46
32 47 46
32 48 45
32 48 46
33 48 47
33 48 45
33 49 46
32 48 45
32 49 46
33 47 46
33 47 46
32 49 45
33 48 46
30 49 46
31 47 45
31 48 47
31 48 46
33 48 46
31 48 47
31 48 46
32 47 45
31 49 43
32 49 43
31 50 44
32 49 44
32 50 43
32 50 42
32 51 43
33 51 41
33 52 41
32 52 42
31 51 41
33 51 41
33 51 42
33 51 42
32 51 43
31 51 43
31 50 43
31 48 43
31 50 43
32 50 43
31 53 42
31 53 42
30 50 43
31 49 42
30 50 43
31 52 41
31 50 41
31 49 41
30 50 42
29 50 42
28 50 42
29 49 42
30 51 42
30 49 42
29 50 43
29 50 43
28 51 42
30 50 43
28 51 42
28 51 42
29 50 43
29 49 43
29 50 43
29 51 43
29 50 42
29 50 43
30 50 43
28 49 42
30 49 43
30 53 43
29 50 44
31 50 44
32 51 43
32 51 43
32 51 42
32 49 43
34 52 43
35 52 43
35 51 43
35 48 44
38 48 45
38 48 45
39 49 44
39 47 44
41 48 45
40 46 45
42 46 44
42 47 43
40 47 44
43 44 45
41 46 45
44 44 45
44 46 46
45 44 46
45 44 44
45 45 46
44 43 45
44 43 45
45 43 45
44 43 46
43 44 44
45 42 46
44 41 45
44 41 46
44 42 46
44 41 46
45 42 46
44 42 46
44 41 48
44 40 47
45 41 47
46 41 47
45 41 47
45 40 47
44 41 47
43 40 48
45 40 47
44 41 47
45 39 48
44 40 47
46 39 47
45 38 48
45 38 48
44 39 47
45 39 49
44 39 48
45 38 48
45 37 48
45 37 48
46 37 49
45 37 48
45 37 49
44 36 49
45 35 48
46 35 49
45 36 49
45 36 50
46 36 49
45 35 50
44 33 48
44 34 49
45 33 49
46 36 48
45 34 50
45 34 49
45 35 49
45 34 49
46 35 49
44 33 49
45 33 49
44 34 49
44 34 50
46 33 49
44 35 48
45 34 49
45 36 47
45 35 48
45 37 49
45 37 49
46 37 49
44 38 49
46 38 48
44 38 47
45 39 48
43 38 47
45 40 48
44 42 48
44 42 47
44 42 46
42 44 46
43 44 47
44 45 45
42 45 45
43 44 45
42 43 45
42 46 45
42 44 45
42 45 44
41 46 45
41 44 43
41 46 43
38 47 46
38 47 45
38 49 44
37 49 44
39 48 44
36 50 43
35 51 45
34 52 45
34 52 43
34 51 44
33 51 43
32 51 44
30 51 44
30 52 44
31 50 43
31 50 43
31 51 42
30 51 42
30 52 42
31 52 42
31 51 42
31 49 45
33 55 42
31 52 42
31 51 41
32 51 41
33 51 42
34 52 44
33 49 43
32 46 42
34 49 44
32 51 48
31 45 47
31 47 47
32 44 50
32 45 48
33 46 48
33 46 48
34 48 47
33 47 47
31 50 46
33 48 46
32 46 48
33 48 47
32 46 47
34 49 46
33 48 46
33 48 46
33 48 46
34 48 47
32 48 46
34 48 47
34 48 47
33 46 46
34 48 46
33 49 46
34 48 46
34 47 46
33 47 47
34 46 46
35 46 47
33 47 47
32 46 46
33 48 46
34 49 47
33 47 47
33 47 47
33 48 48
33 48 47
33 47 45
33 48 47
33 47 47
33 48 47
33 47 48
