36 41 52
36 40 52
36 40 52
36 40 52
35 40 51
34 41 51
35 41 51
35 41 51
36 41 51
35 41 52
35 40 52
35 41 52
34 41 51
36 40 52
34 40 52
34 41 51
34 42 51
35 40 52
34 40 51
34 42 50
35 41 52
35 41 52
34 40 52
35 41 51
35 41 51
35 40 51
36 40 52
34 40 52
35 41 52
35 41 52
35 41 51
36 40 51
34 43 50
35 41 51
36 43 51
36 44 51
36 44 50
34 43 51
34 43 50
36 39 50
33 42 50
36 42 51
33 45 50
34 45 49
34 42 49
34 43 49
35 46 50
35 46 49
35 45 48
33 41 49
34 44 49
34 45 49
34 46 48
34 44 49
35 45 49
33 46 49
33 45 50
34 46 50
34 47 51
34 47 50
35 45 51
35 47 50
35 47 50
34 46 49
34 43 48
36 44 50
35 44 50
36 45 49
37 43 49
37 42 48
37 43 49
37 45 48
36 43 49
38 43 49
37 43 49
37 43 50
36 42 50
37 42 50
38 42 50
38 41 51
38 44 51
38 45 51
37 44 49
37 43 51
39 43 50
39 42 51
38 42 50
40 42 51
38 40 51
38 41 49
38 40 50
40 41 50
40 39 51
40 39 51
40 37 51
40 39 51
40 39 50
40 39 50
40 39 51
40 39 51
40 40 51
40 41 52
39 39 51
40 39 51
39 39 50
39 39 51
39 39 51
42 38 49
41 39 51
41 39 51
41 38 53
43 38 50
42 37 52
42 37 51
43 35 50
42 35 51
41 36 50
42 36 51
42 36 50
42 35 50
42 34 51
42 33 50
44 34 50
42 35 51
43 34 52
42 34 50
43 33 51
42 34 50
44 34 50
43 33 50
43 32 51
43 33 52
44 33 51
44 32 51
42 32 50
43 33 50
44 31 52
43 31 51
43 32 50
42 32 50
42 32 50
43 30 51
43 29 51
43 30 50
42 31 51
42 30 49
43 31 51
44 31 50
44 31 50
43 30 49
43 29 51
44 29 50
44 29 51
44 29 50
43 28 51
43 29 51
44 29 50
42 28 50
43 27 50
43 28 50
42 27 48
44 28 50
45 26 50
44 28 49
44 27 50
43 28 50
43 28 49
43 28 50
42 27 49
44 27 49
44 27 49
44 27 50
44 27 50
42 28 49
43 26 48
44 25 49
43 26 49
44 28 49
44 29 49
45 26 50
43 26 49
43 28 49
43 28 50
43 28 49
44 27 49
44 27 49
43 28 50
45 27 50
45 27 49
43 27 49
44 26 49
43 27 48
43 28 49
44 28 50
45 27 49
44 26 50
44 27 49
45 27 49
44 27 49
44 27 49
44 27 48
44 27 49
44 27 49
43 26 49
44 27 49
44 27 49
45 27 49
45 27 49
45 27 49
43 27 49
45 27 48
44 27 49
45 26 48
44 26 48
45 26 49
44 26 49
44 27 48
44 26 48
45 27 49
45 26 50
45 26 48
44 26 49
44 27 48
44 26 48
44 26 49
44 25 48
44 26 49
44 26 48
45 27 48
44 25 49
45 25 48
43 27 49
45 26 48
44 27 49
45 24 49
44 26 48
44 26 48
45 26 48
45 26 48
45 25 47
45 26 48
45 26 48
44 25 48
44 25 47
46 26 50
45 24 48
44 27 48
44 25 48
45 25 48
45 25 48
45 26 48
45 26 47
46 26 48
44 25 48
46 25 48
46 27 48
46 25 48
45 26 49
45 26 48
44 25 46
45 26 47
45 25 48
46 25 47
45 26 48
45 26 48
45 26 47
45 26 48
45 25 47
45 24 48
45 25 47
45 26 48
43 26 48
44 24 46
45 25 47
46 25 47
45 25 47
46 25 47
45 24 47
44 24 47
45 25 47
45 24 48
44 24 47
46 24 47
45 24 47
45 24 47
44 25 48
44 24 46
46 24 47
45 26 46
46 25 47
45 25 46
45 24 47
44 25 47
45 24 47
45 25 47
45 24 47
46 25 46
46 23 47
46 24 47
45 25 47
45 24 46
45 23 47
45 24 47
46 25 47
45 24 48
45 25 46
46 25 47
44 24 47
46 23 47
45 25 46
46 27 47
45 25 46
46 25 47
45 26 46
45 28 47
46 27 47
46 29 47
45 29 48
44 29 47
44 31 48
44 32 50
44 32 48
44 32 48
43 35 51
43 37 50
42 35 50
42 35 50
41 39 52
40 40 50
40 38 52
40 39 52
38 41 52
39 40 52
39 40 49
38 43 53
37 42 53
38 42 53
37 43 50
37 43 51
36 43 52
35 45 51
33 46 50
37 44 51
36 43 51
37 43 50
36 44 49
35 44 50
36 44 49
34 45 49
34 45 49
33 45 49
33 46 48
31 46 48
34 45 49
34 47 49
35 50 49
34 44 47
32 45 48
32 47 48
34 45 49
33 43 48
33 44 49
35 47 47
34 51 50
33 48 48
35 45 48
34 45 48
35 45 47
34 43 50
35 47 50
34 48 49
34 45 50
36 46 50
35 47 52
36 44 51
36 43 50
34 39 48
33 36 46
32 32 47
32 36 46
32 40 47
34 46 52
36 46 62
33 36 53
36 38 52
34 36 51
36 37 54
35 38 53
37 37 52
34 34 53
35 35 52
34 34 52
34 35 52
36 36 51
35 35 53
34 36 54
35 36 53
35 35 53
36 34 53
34 35 53
35 35 53
34 35 53
36 36 53
34 35 52
35 36 53
35 36 53
35 36 54
35 36 53
35 36 53
37 35 53
37 35 52
36 36 52
36 38 52
35 37 52
35 37 54
35 36 53
35 36 53
36 36 53
35 36 52
36 35 53
35 37 53
35 36 52
36 36 52
35 36 53
36 36 53
35 38 53
35 36 53
35 36 53
35 35 53
36 37 53
35 37 53
34 34 53
36 37 53
34 36 52
36 38 52
35 36 53
35 37 53
34 36 53
35 36 52
35 37 52
36 36 52
35 37 53
35 36 52
35 37 52
35 37 52
36 37 53
35 35 53
35 37 52
36 36 53
35 37 53
35 36 53
35 36 53
36 37 52
36 38 53
35 36 53
36 36 53
36 36 53
36 36 53
36 36 52
36 36 52
35 37 53
36 37 52
34 37 52
34 36 53
35 36 53
35 37 52
35 37 54
35 35 52
35 35 53
37 36 53
36 37 53
35 37 53
35 37 52
35 37 52
36 37 52
36 37 52
34 36 53
35 35 53
37 36 52
36 36 53
36 37 52
34 36 53
35 36 53
36 36 53
36 35 53
36 36 53
35 36 52
35 35 53
36 37 53
36 38 52
36 37 53
35 38 53
35 35 52
36 37 52
35 36 52
34 36 53
35 37 53
35 36 52
36 37 53
35 36 53
35 36 52
35 37 53
34 36 53
35 36 53
36 37 52
36 37 53
34 36 53
35 35 52
36 37 52
35 35 52
35 36 53
35 36 53
35 35 53
36 37 53
34 35 53
36 36 53
35 38 53
36 36 52
37 37 53
35 37 52
36 36 52
35 36 53
35 36 53
35 37 53
36 37 52
35 36 53
36 37 52
35 37 54
35 36 52
34 36 53
35 36 52
35 38 53
35 36 53
36 36 54
35 36 53
35 35 53
36 35 53
35 35 53
36 37 52
36 36 53
35 36 52
36 36 53
35 37 52
36 36 54
35 36 53
36 36 53
35 37 53
35 38 53
36 36 51
34 36 53
36 37 53
35 36 52
36 36 53
35 36 53
34 37 52
35 36 52
35 38 54
36 38 54
36 35 52
35 36 52
35 37 53
34 37 53
36 37 52
34 35 53
36 35 53
