30 41 52
28 40 51
30 41 52
30 42 52
31 40 51
30 39 51
29 39 52
29 40 51
30 40 51
29 40 52
29 39 52
29 40 52
28 39 51
29 39 52
29 39 51
30 40 52
30 39 52
30 39 51
30 40 52
30 40 52
29 40 51
30 40 50
30 38 51
29 38 52
30 39 52
30 40 50
30 39 52
30 40 51
29 39 51
29 39 52
30 39 51
29 40 52
30 39 53
29 39 52
30 38 52
28 39 53
29 38 54
29 38 54
30 39 52
35 42 52
35 41 53
34 42 51
34 44 51
33 42 49
32 42 49
29 41 48
30 43 48
28 43 47
28 44 47
29 43 48
28 45 47
29 44 47
27 46 47
29 47 46
28 48 47
29 47 46
30 46 48
30 47 48
29 47 48
29 46 48
30 46 46
29 49 46
30 46 47
28 46 46
27 50 46
25 50 47
26 50 47
29 50 48
28 50 48
28 51 47
31 50 48
32 49 48
33 48 45
34 47 48
33 45 48
34 45 46
36 44 46
35 44 46
36 44 49
37 42 49
37 41 51
39 41 50
37 40 51
38 39 51
38 40 50
40 39 51
39 37 50
40 38 50
41 38 51
39 36 50
41 37 51
39 36 51
40 36 52
40 34 50
40 34 50
40 34 51
41 35 50
40 34 51
39 33 51
40 34 51
41 33 51
39 32 49
41 33 50
41 32 52
41 32 51
42 32 51
40 33 51
41 32 51
41 32 52
40 32 51
41 32 51
41 31 52
41 30 52
39 31 51
41 31 52
40 30 51
40 30 51
41 29 51
41 30 51
40 29 51
40 29 51
40 30 51
41 30 51
41 29 51
40 29 51
41 29 51
40 29 50
41 29 50
40 28 51
41 28 50
41 29 50
40 29 51
41 29 51
41 29 51
40 28 52
41 29 50
40 29 51
40 28 53
42 29 51
40 29 50
39 28 52
40 28 52
41 28 52
41 29 51
41 28 51
41 29 51
40 29 50
42 29 52
41 28 52
41 29 51
40 28 51
41 29 51
39 28 51
41 27 52
41 27 51
41 28 50
40 28 51
40 29 50
41 29 51
41 29 50
40 28 51
40 27 51
40 28 52
41 29 50
40 29 51
40 28 50
41 29 50
40 28 51
40 28 51
40 29 51
41 29 51
41 28 50
40 30 52
40 29 51
41 30 51
40 29 51
41 29 50
42 30 50
40 30 51
41 30 50
42 30 50
41 29 51
41 31 50
41 32 50
42 31 47
41 34 50
41 34 48
41 35 50
42 37 51
42 36 48
40 39 51
41 39 51
40 40 50
38 42 51
40 41 49
38 44 50
37 44 50
37 44 50
36 44 49
34 44 50
35 45 49
33 44 49
33 47 50
33 46 49
32 47 47
31 49 50
31 47 48
31 49 48
31 48 48
31 48 47
30 48 47
29 48 47
29 49 46
30 48 46
28 48 45
29 49 46
29 48 45
29 47 47
28 47 46
28 47 45
28 49 46
29 49 45
29 48 45
29 48 46
29 48 46
29 47 45
29 47 46
28 48 46
28 48 48
28 48 46
28 47 45
27 49 46
28 49 48
27 47 47
27 46 46
26 47 46
27 45 47
26 45 46
25 45 47
27 44 46
26 42 46
25 42 47
27 44 48
27 41 49
29 41 49
32 43 51
30 40 51
29 39 52
30 39 52
28 38 54
29 37 53
29 38 51
29 39 50
30 39 51
30 39 53
32 42 57
30 36 54
29 35 52
29 37 52
30 38 54
30 39 53
29 38 52
29 38 51
28 37 52
28 36 51
29 37 52
29 38 52
28 38 51
28 38 52
29 37 51
29 39 53
28 38 53
29 37 52
28 37 52
28 36 52
29 36 51
29 37 52
29 38 49
28 38 51
28 37 52
26 37 55
26 36 54
27 35 53
27 35 53
27 34 52
28 36 52
28 36 51
28 36 51
27 38 52
28 36 52
28 36 52
28 36 52
28 37 51
27 37 53
27 37 51
29 36 52
29 36 52
28 35 52
29 37 52
28 36 53
27 36 52
28 37 52
28 36 51
27 36 52
29 36 53
28 36 51
27 36 52
28 35 53
28 35 53
27 36 52
29 36 52
28 35 52
28 36 52
28 36 51
27 35 52
28 35 52
29 36 52
27 36 52
27 36 52
27 36 52
27 36 53
28 35 52
28 36 52
28 36 52
26 36 53
