30 49 45
30 49 46
30 50 45
32 48 45
31 48 45
29 48 45
30 48 46
30 49 46
30 48 46
29 49 45
31 48 46
31 48 45
30 48 45
31 48 45
29 49 45
31 48 45
29 49 46
30 48 46
30 48 46
31 49 46
30 49 46
30 49 44
30 48 46
30 48 45
30 46 45
30 48 46
30 48 46
30 47 45
31 48 45
30 48 45
31 49 46
30 48 45
32 48 47
30 48 45
31 47 46
30 48 47
31 49 45
30 47 45
31 49 45
30 49 46
30 49 46
31 49 45
32 49 45
31 50 44
30 48 45
30 48 45
30 48 46
30 49 46
31 49 46
32 48 45
31 49 45
30 48 45
31 49 45
30 49 46
30 49 45
31 49 45
30 49 46
29 47 46
31 49 46
31 49 46
30 49 46
31 49 45
30 48 45
30 48 45
31 48 45
30 49 45
30 49 46
31 49 46
30 48 46
30 47 46
30 48 45
31 49 45
30 49 46
29 47 46
30 48 46
30 49 45
29 49 45
28 48 44
28 46 46
26 48 46
26 48 46
28 47 45
26 48 46
28 47 45
27 48 45
27 47 45
25 48 44
25 48 43
25 49 44
26 48 42
24 48 41
25 46 44
24 47 43
23 47 42
23 47 42
21 49 42
22 49 41
22 47 41
21 47 42
20 48 41
20 47 41
20 47 42
20 47 43
20 47 41
21 47 41
21 47 41
21 48 41
21 48 39
20 49 42
20 48 41
19 48 40
20 48 41
21 49 41
20 48 40
21 48 41
21 49 42
24 49 42
24 47 42
26 48 44
23 50 43
24 49 44
25 48 46
25 50 46
25 49 46
27 48 47
28 50 47
31 46 48
31 47 47
33 46 48
34 47 48
35 44 48
36 45 48
34 44 48
36 44 48
37 42 48
37 42 49
38 41 49
38 42 49
39 40 49
39 40 48
41 40 49
41 40 50
41 39 49
39 39 50
39 39 49
40 39 50
39 38 49
40 38 49
40 38 49
41 37 50
41 37 49
41 35 49
43 36 49
42 35 50
42 35 50
41 35 49
41 35 50
42 35 50
42 36 51
42 35 50
42 35 49
43 35 51
42 33 50
42 34 50
42 34 50
41 34 49
43 33 50
41 33 51
42 33 50
43 33 51
42 34 51
42 33 50
42 34 50
42 32 50
43 33 50
41 33 51
42 31 51
41 32 50
42 34 50
43 32 50
43 31 51
41 32 50
43 31 52
42 31 51
42 32 51
41 31 50
42 31 50
42 30 50
42 29 50
43 31 51
42 31 51
41 31 50
41 31 50
42 31 51
43 31 50
41 31 51
42 31 51
41 31 51
41 31 51
42 31 50
41 30 51
42 30 50
41 31 51
41 29 50
40 30 50
42 30 50
41 31 49
41 30 50
43 31 51
42 29 50
42 31 51
43 30 50
42 32 50
43 30 50
42 29 51
42 30 50
41 29 50
42 28 50
42 30 51
42 30 50
42 29 50
42 29 51
42 29 51
41 29 50
40 29 51
42 30 50
42 29 51
42 29 50
41 29 49
41 30 50
42 29 50
41 29 50
41 29 50
40 30 50
41 30 50
41 29 50
42 28 51
42 29 50
41 28 50
41 29 50
41 29 51
41 30 50
41 29 51
42 29 50
42 29 50
42 27 49
42 29 51
42 28 50
41 29 49
42 29 49
42 28 50
43 30 49
42 29 50
42 29 51
43 30 50
42 29 50
42 30 50
41 29 50
42 29 50
42 31 50
42 30 49
42 32 51
42 31 51
43 31 50
42 33 50
41 34 52
43 32 51
41 33 52
41 32 50
41 33 50
42 34 50
41 33 51
41 33 50
42 34 52
42 34 51
42 35 51
41 34 51
42 33 51
41 33 51
43 34 50
42 34 51
41 35 52
42 34 50
41 35 51
41 33 51
40 35 51
41 33 51
43 33 51
42 33 50
40 35 50
42 34 50
41 34 51
42 34 51
41 34 51
42 34 51
41 35 50
43 33 51
42 33 51
42 35 51
41 35 50
42 35 52
41 34 51
43 34 51
42 34 50
41 35 51
42 35 50
41 33 51
42 34 52
42 35 51
41 36 51
44 34 51
42 34 51
42 34 51
43 34 51
42 33 51
42 33 50
41 35 51
42 35 50
43 34 51
42 34 51
42 33 50
41 35 51
41 34 51
42 34 50
42 33 50
41 35 50
41 34 51
41 34 51
42 33 50
41 35 51
42 34 51
43 34 51
43 35 50
42 33 51
42 32 51
42 34 51
44 34 49
42 34 52
42 34 51
42 33 50
42 34 51
40 34 51
43 35 50
42 34 51
43 34 51
42 34 52
41 34 51
42 33 51
43 32 50
43 33 51
41 35 50
41 34 50
42 32 49
41 32 50
41 33 50
42 34 50
41 33 51
43 32 51
42 33 51
42 32 51
44 33 51
42 34 50
42 32 50
42 34 49
42 33 51
42 32 50
43 32 51
43 31 51
41 31 50
43 32 51
41 30 50
43 30 51
42 31 51
42 31 49
42 31 51
42 30 51
42 31 51
41 30 50
42 31 51
43 30 50
41 31 51
40 29 51
43 30 50
42 31 50
41 30 51
42 30 49
41 29 50
42 30 51
42 30 50
42 29 50
42 29 50
42 28 51
42 28 51
41 29 51
41 29 51
42 28 50
42 28 49
42 29 50
41 28 50
42 29 49
42 29 50
41 29 49
40 27 50
42 27 50
41 29 50
43 28 51
42 29 50
42 27 50
41 27 49
42 28 50
41 28 50
42 27 50
42 27 49
41 28 51
42 28 50
42 28 50
42 26 50
42 28 49
42 27 50
41 27 50
41 27 50
41 28 50
42 28 50
41 27 49
40 27 50
40 27 50
41 27 49
41 27 49
42 28 50
40 27 51
41 27 49
42 28 50
42 27 50
42 26 50
41 27 49
42 27 51
41 27 50
42 26 50
42 27 50
41 26 51
41 27 51
41 25 50
41 26 50
41 26 51
42 27 49
41 27 50
41 26 50
42 27 49
41 26 49
41 27 49
41 26 50
42 26 50
42 25 50
42 26 50
41 25 49
41 26 50
40 26 51
42 26 50
41 26 50
41 26 50
42 27 50
41 26 50
41 27 50
41 27 50
40 26 50
40 26 50
41 28 49
41 26 50
42 27 50
41 28 51
40 27 50
41 27 50
41 28 51
41 27 51
41 28 49
41 28 49
43 28 50
41 27 50
40 29 50
42 29 50
41 28 49
42 28 50
41 30 51
41 30 50
41 31 50
41 32 51
42 31 50
41 32 51
42 32 50
41 32 51
40 32 51
42 33 51
42 33 51
41 34 50
41 32 52
41 34 51
40 34 51
41 32 51
41 34 51
41 34 51
40 34 51
42 32 51
42 34 51
42 33 52
42 35 51
42 35 52
41 34 52
41 35 51
40 36 51
42 36 51
41 34 51
41 34 51
41 36 51
41 36 51
41 35 51
40 36 51
41 37 51
41 37 51
41 35 53
40 35 51
41 36 51
42 35 51
41 35 51
41 36 50
41 34 51
42 35 50
42 34 50
41 35 51
41 35 51
41 36 50
41 36 51
40 35 51
41 35 50
41 35 52
40 34 51
41 35 51
41 35 51
40 35 51
41 34 51
41 36 51
41 35 51
41 34 52
41 36 52
40 35 50
41 35 50
42 35 52
41 35 51
41 34 51
41 36 51
42 34 52
41 35 51
40 35 51
41 34 50
41 36 51
41 36 51
41 34 51
41 36 51
40 34 51
42 35 51
41 35 52
41 35 51
41 34 50
41 35 51
41 36 51
41 34 51
40 34 51
41 36 50
41 35 50
41 34 51
40 35 50
41 35 52
41 35 50
40 35 50
41 35 50
41 35 51
40 35 51
41 35 52
39 34 51
40 35 51
40 34 50
41 35 50
40 35 51
41 35 52
41 35 51
42 35 50
40 36 51
40 36 51
41 35 51
41 35 51
41 34 51
41 34 50
42 35 51
41 35 51
40 34 51
40 35 51
40 34 51
41 34 51
40 35 51
40 35 51
41 35 52
40 34 50
42 35 51
41 34 51
40 35 50
40 35 51
40 36 51
40 35 51
41 35 52
41 35 51
41 34 51
42 34 50
41 35 50
41 34 50
39 33 51
40 35 51
41 35 50
41 35 50
41 35 50
40 36 49
40 36 49
40 36 49
41 36 49
40 38 48
41 39 48
40 38 49
39 40 49
39 39 47
38 42 49
39 43 49
38 44 48
37 44 48
36 46 48
37 45 46
35 48 45
33 48 46
34 50 44
31 49 44
30 50 46
29 50 43
29 50 44
27 51 42
25 53 41
26 53 43
25 51 42
24 51 41
23 50 41
21 49 42
24 50 38
22 50 39
21 49 40
20 50 40
20 50 40
19 50 41
21 50 40
21 48 41
22 49 39
21 50 41
22 49 40
21 47 40
22 47 39
21 47 41
21 47 40
20 50 41
20 48 40
20 48 41
20 47 41
20 48 42
20 47 42
17 46 42
17 48 42
16 48 42
17 46 43
18 47 44
21 47 45
24 49 45
26 49 45
27 48 45
30 49 45
32 49 44
33 47 44
33 46 40
33 47 41
32 47 41
32 45 41
33 46 43
32 45 42
32 45 44
32 45 45
31 46 46
30 46 44
30 45 46
30 45 50
30 45 50
32 46 50
34 52 53
33 56 53
34 46 49
32 47 48
32 46 45
32 49 45
32 50 45
31 48 45
33 46 45
33 48 44
35 48 46
35 49 44
34 49 45
33 48 44
33 50 45
33 49 44
33 49 45
33 48 44
32 49 44
33 49 44
32 49 45
32 49 44
32 48 46
34 49 45
32 48 44
32 50 45
33 49 44
33 48 44
33 49 45
33 48 45
33 48 44
33 48 44
33 49 44
32 50 45
34 49 44
31 50 44
32 49 44
33 48 45
33 49 45
33 49 44
33 49 44
32 50 45
33 49 45
32 49 44
32 48 44
32 50 45
32 49 45
31 50 44
32 48 44
32 49 44
33 48 44
33 50 45
31 49 44
32 48 45
33 48 44
33 49 44
33 47 44
33 50 45
34 49 45
32 48 44
34 49 44
32 49 45
32 49 45
33 49 44
33 50 44
32 49 44
33 49 45
33 49 45
32 50 44
33 48 44
33 48 44
32 50 44
32 49 43
32 50 45
31 49 45
33 49 45
32 48 45
34 50 45
33 50 45
32 48 44
34 50 44
32 49 44
33 48 44
33 49 44
34 49 44
33 48 45
33 48 45
32 48 44
33 49 44
33 51 44
33 50 44
34 48 45
33 49 45
32 49 45
32 50 45
32 49 45
33 49 45
32 49 44
32 49 45
32 49 45
34 48 44
32 49 44
33 49 45
33 49 44
33 48 45
32 49 45
32 49 44
31 49 45
33 49 44
32 49 44
32 49 45
33 48 44
33 49 45
31 51 44
33 49 45
33 48 46
33 49 46
32 49 44
33 49 45
33 49 44
33 49 45
32 49 45
32 49 46
34 47 45
