31 37 52
31 33 52
31 37 52
45 31 37
33 37 53
32 37 52
33 37 51
31 39 53
30 39 52
30 38 52
29 37 52
32 36 52
32 36 53
32 33 53
33 34 54
32 31 54
30 32 54
30 35 53
30 37 52
32 37 53
31 37 52
32 36 52
30 35 52
31 35 54
31 33 54
30 35 53
31 33 53
29 35 53
31 33 54
31 34 53
32 35 53
31 33 52
31 35 53
31 36 52
32 35 53
31 34 52
31 33 52
30 35 53
31 35 53
32 35 53
31 34 52
31 34 52
30 34 53
30 36 53
31 34 53
32 34 53
30 34 52
31 34 52
31 33 53
31 32 53
32 35 52
32 34 53
31 35 52
30 35 52
32 34 52
30 34 54
30 34 53
31 35 53
32 35 53
30 35 53
30 35 53
30 34 53
32 35 52
31 35 53
31 35 53
32 35 53
29 34 53
31 35 53
31 35 53
31 35 53
31 35 53
32 36 53
30 35 53
30 35 52
31 34 53
31 34 53
32 35 53
31 34 53
30 34 52
31 35 52
31 35 52
33 35 54
33 33 56
35 38 56
35 39 54
36 41 55
35 42 52
34 41 55
35 40 56
34 40 54
33 37 55
32 34 56
30 32 54
29 32 53
29 31 52
30 33 52
30 31 48
33 31 47
31 32 48
32 31 49
32 33 49
31 34 48
30 33 48
29 34 50
28 35 50
27 38 50
28 41 51
28 39 51
27 40 53
25 41 52
25 41 51
24 40 50
24 39 49
25 41 49
25 43 48
24 43 48
23 45 47
23 47 47
26 47 46
25 48 48
26 49 47
26 50 48
28 47 45
26 43 48
28 47 47
26 48 46
27 46 47
26 48 49
28 48 48
28 50 47
27 48 45
26 48 44
26 48 46
27 48 47
28 51 48
28 50 46
27 50 46
27 48 46
28 49 47
27 49 46
29 49 46
28 49 47
30 50 47
31 48 47
33 48 47
33 49 46
34 48 47
36 45 45
35 46 48
37 45 46
38 45 47
36 45 47
38 43 46
38 43 48
38 43 47
39 42 49
39 41 49
39 40 49
40 41 49
39 43 49
38 40 49
38 40 49
39 40 51
40 38 50
39 39 51
39 39 51
40 40 50
40 40 50
39 38 52
39 38 51
39 39 51
39 38 51
39 37 51
39 37 51
39 37 50
40 37 51
39 37 52
40 36 51
39 37 53
39 37 51
39 37 51
40 37 52
39 36 50
40 37 50
39 38 51
40 36 51
41 36 52
40 35 52
40 35 51
40 35 52
39 36 53
40 37 52
40 36 52
39 35 51
39 36 51
38 35 52
40 35 51
39 35 52
40 35 51
40 35 52
40 34 52
39 33 52
39 35 51
39 33 52
40 35 52
40 34 52
39 35 52
39 33 51
39 33 52
40 32 52
39 33 52
40 34 51
40 33 51
39 34 53
39 33 51
39 31 52
39 33 52
40 33 51
40 32 52
39 32 53
39 31 51
39 32 53
39 32 52
40 31 51
39 32 52
39 33 52
39 31 52
40 33 52
39 33 51
40 32 51
40 32 52
39 31 52
39 32 52
38 33 52
39 32 52
40 33 52
39 32 52
40 32 52
40 32 51
39 32 52
39 33 52
40 33 53
41 33 52
39 32 51
40 32 52
38 31 53
41 31 52
40 32 51
40 33 52
40 31 53
40 32 52
37 31 51
39 31 52
38 30 51
39 31 52
39 32 52
38 32 52
40 31 52
39 32 51
40 31 51
40 31 52
39 31 51
39 31 52
40 32 51
39 30 51
38 31 51
39 31 51
39 31 52
40 31 52
39 32 51
39 30 52
40 32 51
39 32 52
40 31 52
38 30 52
38 31 52
39 32 52
39 30 52
39 30 52
39 28 52
38 31 52
39 29 52
39 30 51
40 30 51
39 30 51
39 32 51
40 30 52
39 30 52
38 31 52
39 32 51
39 32 52
39 32 53
40 31 52
40 32 50
39 32 50
40 31 50
40 33 52
40 34 50
40 33 51
41 34 50
42 35 51
40 33 52
40 35 50
39 36 52
40 37 51
40 37 50
40 38 52
39 38 51
39 39 50
38 40 51
40 38 50
40 41 49
40 41 50
37 44 48
36 43 48
37 46 47
37 46 48
35 46 46
35 46 45
35 48 46
34 48 47
34 47 47
32 49 44
31 48 46
30 48 47
30 49 46
31 50 46
28 49 44
28 50 45
29 50 45
27 49 45
29 49 44
28 49 45
28 48 44
27 47 45
25 48 46
27 49 46
26 47 46
26 49 47
27 47 46
27 48 46
27 47 46
27 47 45
28 47 45
27 48 46
28 48 45
26 49 48
27 50 46
27 50 46
28 49 44
26 48 45
25 48 46
25 47 46
26 48 46
24 47 46
21 46 47
22 49 47
21 48 47
21 47 46
22 48 47
24 48 47
25 49 45
27 48 46
29 48 46
30 47 46
31 48 45
33 46 45
33 44 47
34 45 47
33 43 46
32 40 47
33 40 49
35 39 49
34 37 48
36 37 49
37 37 47
39 39 48
39 38 48
39 38 48
38 35 49
39 36 54
35 35 52
34 33 55
32 31 53
28 39 62
25 32 63
29 34 52
32 40 46
31 39 47
29 42 52
31 40 54
31 39 54
32 35 51
32 38 52
32 39 53
33 38 52
31 38 52
30 36 52
30 36 52
31 37 52
31 39 52
31 38 52
31 37 52
31 38 52
32 37 52
32 38 52
31 37 53
31 39 52
32 37 52
31 38 52
32 37 51
30 39 52
31 38 53
32 37 52
32 39 53
31 39 53
31 38 52
32 37 51
31 39 52
30 38 52
30 37 52
31 38 53
30 38 52
31 38 53
30 38 52
32 38 52
30 38 52
31 39 53
31 39 52
31 39 53
31 39 52
31 39 52
31 38 53
31 38 52
31 39 52
31 38 52
33 39 53
32 39 53
32 38 52
30 38 52
31 39 53
31 39 52
31 38 52
32 39 52
31 37 52
31 39 52
32 39 52
32 38 52
30 38 52
31 37 52
31 37 52
32 38 52
33 39 52
31 38 52
30 37 53
32 38 52
31 37 52
30 38 53
30 38 52
