30 45 49
49 37 33
32 43 48
31 46 51
32 40 48
31 41 47
32 46 49
31 45 49
30 44 49
31 44 49
31 43 49
32 44 50
30 44 49
32 43 49
31 45 48
32 43 50
32 44 49
31 43 49
31 44 48
31 43 49
32 44 49
31 44 49
31 44 50
32 44 50
32 44 49
32 44 49
32 45 50
32 45 49
32 45 50
32 46 50
31 45 50
31 46 50
32 47 51
33 49 50
32 50 51
33 50 50
33 47 49
34 48 48
34 47 49
37 44 46
39 41 47
42 37 45
41 37 44
43 37 45
42 36 45
42 38 44
41 41 46
39 42 47
37 45 47
35 46 48
33 47 46
32 47 46
30 50 46
30 48 47
28 48 46
29 48 47
27 48 47
25 47 47
25 47 46
25 46 47
26 45 47
24 45 46
23 47 46
24 45 46
25 45 48
23 43 49
24 46 49
25 45 48
25 46 46
25 47 45
23 45 47
24 45 47
23 45 47
24 45 48
23 48 47
24 46 46
25 45 47
25 45 47
23 44 48
26 45 48
26 47 47
28 45 46
29 45 48
29 45 46
29 46 46
29 46 46
31 44 46
32 43 45
31 43 47
33 43 47
34 45 49
35 42 49
36 43 49
37 44 51
37 42 50
38 43 50
39 43 50
38 43 50
38 41 51
39 41 52
39 41 51
40 40 51
39 41 50
39 40 51
39 40 51
40 40 50
38 39 51
37 38 51
41 41 50
38 38 51
38 40 51
39 38 50
38 40 52
39 37 51
38 39 52
39 37 51
38 39 51
39 38 50
39 37 50
39 36 52
39 37 50
40 37 52
39 36 52
38 35 51
39 35 52
39 35 52
40 36 52
39 35 52
40 34 51
40 36 52
38 34 51
39 35 51
39 36 51
40 34 52
41 35 51
39 35 51
41 34 52
40 35 52
40 34 51
40 35 51
40 33 52
40 34 51
40 33 51
39 33 52
41 33 51
39 33 52
42 34 50
40 34 50
40 34 51
40 33 51
40 34 52
40 33 51
40 33 51
40 34 51
40 33 51
41 34 52
40 34 51
40 33 51
41 33 51
41 32 52
41 34 50
41 33 51
41 33 51
40 32 50
41 33 52
41 32 51
40 34 51
41 33 51
41 34 52
40 34 52
40 34 51
41 34 51
41 33 51
41 33 50
40 34 52
41 33 51
41 33 50
40 32 51
41 34 51
41 33 52
40 31 51
41 33 51
42 34 51
41 34 51
41 33 52
42 32 51
41 32 52
41 32 51
40 33 51
41 32 51
40 32 52
40 33 51
42 32 51
41 33 51
41 34 52
42 32 51
41 33 50
42 34 51
41 31 50
42 31 50
41 31 51
40 31 51
42 32 50
42 31 51
42 32 52
40 32 52
42 33 51
41 32 51
42 31 51
40 32 51
39 32 51
41 32 51
41 31 51
41 32 52
41 32 51
41 32 51
41 31 50
42 30 50
41 31 50
42 31 51
42 30 52
41 32 51
41 31 51
41 32 50
41 31 50
41 31 51
40 31 50
41 30 51
41 29 51
41 31 52
41 31 51
40 32 52
42 30 51
42 31 51
42 31 51
40 31 51
42 31 51
42 31 52
41 31 50
41 29 50
42 30 51
41 29 50
42 32 51
40 30 51
42 31 51
41 30 51
41 30 51
43 30 50
40 29 50
40 31 50
41 30 51
41 29 50
42 29 50
42 30 51
40 30 49
42 29 50
41 30 50
41 29 50
42 29 51
42 30 52
41 29 50
41 29 51
42 28 50
42 29 51
41 28 50
41 30 51
42 30 50
42 28 51
43 30 51
41 30 50
40 29 50
41 29 51
42 28 50
41 27 50
42 28 50
42 28 50
42 28 50
43 28 49
42 28 50
42 28 50
44 29 50
42 28 50
41 27 49
43 28 50
42 27 51
41 27 52
42 28 50
41 27 50
44 25 51
43 27 50
42 25 50
42 26 50
42 24 50
42 25 49
43 25 49
42 25 48
42 24 48
42 24 48
41 22 47
43 23 47
43 22 47
43 23 48
42 22 47
42 23 47
42 23 48
42 21 47
42 22 47
41 23 47
42 21 46
42 22 45
42 21 44
42 21 44
41 21 44
41 20 45
41 21 46
44 20 46
42 22 44
42 21 46
44 22 47
43 22 45
42 21 47
43 22 48
44 22 46
42 23 48
41 26 51
42 25 49
42 27 48
41 31 52
42 30 51
42 29 47
42 33 50
41 35 51
42 37 51
40 38 49
38 38 50
39 38 50
37 42 49
37 42 51
35 41 50
34 44 50
33 44 50
33 44 49
33 45 49
31 45 51
31 44 49
30 45 49
30 45 49
28 45 51
27 44 49
27 45 48
26 45 48
27 43 48
26 44 50
24 46 48
24 47 47
24 45 47
26 46 47
26 45 46
26 45 47
26 44 48
25 45 47
24 45 49
25 45 50
25 46 48
24 45 49
21 44 51
22 45 51
23 43 49
23 43 48
24 43 46
25 43 46
26 42 47
26 41 46
28 42 45
28 44 47
30 45 45
32 46 44
32 46 45
34 47 44
36 45 43
37 47 44
38 49 45
37 46 44
37 49 46
34 50 46
34 50 45
32 48 45
31 53 45
27 60 52
31 41 42
26 52 47
25 45 45
28 47 44
28 50 45
28 51 44
30 47 46
29 48 46
28 46 45
27 48 46
28 47 46
29 47 46
27 48 46
28 49 46
28 49 47
28 48 46
28 48 46
28 47 46
28 46 46
28 48 47
29 47 47
27 46 46
29 46 47
27 47 46
29 48 46
28 49 47
30 47 46
29 48 46
27 46 45
28 49 47
29 47 46
29 48 46
28 46 46
28 47 45
28 48 46
26 48 45
29 47 46
28 48 45
28 47 45
29 48 46
28 47 46
28 48 46
27 47 46
28 46 46
29 48 45
28 46 46
28 48 45
28 48 45
28 48 47
29 47 46
27 47 46
28 46 45
28 48 45
28 48 46
27 48 45
28 47 45
28 48 47
29 47 46
29 47 45
28 48 46
28 47 46
28 47 46
28 47 45
29 47 45
28 48 46
27 48 47
28 46 47
26 47 45
28 47 47
28 48 46
28 47 46
29 48 45
29 47 46
29 47 46
29 48 46
29 47 46
28 48 46
27 48 45
29 47 45
28 48 47
29 48 47
29 48 46
28 48 45
29 47 44
27 47 46
29 47 45
28 47 46
29 48 45
28 47 46
28 47 46
27 47 45
29 47 46
28 46 46
27 48 46
29 47 46
27 47 46
28 48 46
28 48 46
28 48 45
28 47 46
29 47 45
29 48 46
27 48 46
28 48 46
28 48 45
27 47 46
