29 39 51
29 39 51
28 38 52
29 37 51
30 38 52
29 39 52
30 39 51
29 39 52
29 38 51
30 39 52
29 38 52
28 38 52
29 39 52
29 38 52
29 39 52
30 38 53
29 39 52
29 38 52
28 38 52
29 38 52
29 39 52
29 39 51
29 39 51
31 40 51
30 39 52
29 38 51
29 38 51
30 39 52
29 39 52
30 38 51
30 39 53
28 40 51
28 38 52
29 37 51
29 40 52
30 39 52
29 40 52
29 38 50
31 40 52
31 39 53
29 39 54
28 39 52
29 40 53
32 41 52
31 39 51
36 44 51
33 41 52
32 43 50
33 43 50
33 43 50
32 44 51
33 42 51
32 43 48
30 44 50
29 43 46
28 43 48
29 45 47
29 46 48
29 44 47
29 46 47
30 46 46
29 48 48
30 47 46
31 46 47
30 48 47
30 47 48
29 48 47
31 49 47
29 49 47
30 48 48
30 48 47
30 48 44
29 51 46
29 50 46
28 52 47
27 50 49
28 50 48
29 51 47
30 51 48
31 49 47
32 48 47
33 46 47
34 47 47
34 44 46
37 44 47
36 46 46
36 46 47
38 42 47
38 43 48
39 44 49
40 42 49
39 42 49
40 41 50
40 40 50
40 41 49
40 40 50
41 40 50
41 39 50
40 38 49
41 39 50
41 39 50
42 38 49
42 37 49
41 38 50
41 37 50
42 36 50
42 37 51
42 36 51
43 36 50
42 37 50
42 35 51
42 36 49
41 36 51
42 36 51
41 36 50
41 36 52
41 36 51
40 35 51
42 35 51
42 34 51
42 34 50
43 34 50
42 34 50
41 34 50
42 34 51
41 34 50
42 33 51
42 34 50
41 33 50
42 32 51
42 34 52
42 33 50
42 35 52
42 33 51
42 32 51
42 32 50
43 32 51
42 32 51
42 32 51
42 32 50
42 33 51
43 32 50
41 32 51
43 32 51
43 32 50
42 34 51
43 32 50
42 32 51
42 32 51
42 32 51
41 32 51
42 32 51
42 33 51
42 30 51
41 31 51
42 30 51
42 31 50
42 32 50
42 30 51
41 30 50
42 32 50
43 31 50
42 30 50
42 32 51
42 31 51
41 31 51
41 30 51
43 29 50
43 31 52
41 30 51
42 30 50
42 30 50
42 32 51
41 31 51
41 30 50
41 31 51
41 30 51
43 30 50
41 31 51
43 30 51
42 31 50
41 30 51
43 29 50
42 31 50
42 29 51
42 30 50
42 30 49
43 31 49
41 29 51
43 30 50
42 31 50
42 30 49
42 31 51
41 30 50
43 32 50
42 31 50
42 30 50
42 31 49
42 32 50
43 32 50
43 33 50
42 33 51
42 31 49
43 33 51
42 30 49
44 34 49
44 34 50
43 34 48
42 38 51
43 38 49
42 39 51
42 39 51
42 39 49
41 40 50
41 41 49
41 42 49
40 43 50
40 43 48
39 44 50
38 45 48
37 44 47
37 45 48
37 45 47
36 46 47
36 47 47
34 46 47
35 47 47
34 46 47
34 47 46
32 48 47
32 47 46
32 49 46
32 49 45
32 48 45
30 48 45
30 50 45
29 50 45
29 50 45
29 50 45
29 50 46
29 50 46
30 49 45
29 50 45
29 49 45
31 50 45
31 49 45
29 49 45
30 48 45
30 49 44
30 51 45
31 51 45
31 50 46
29 50 46
30 49 45
28 48 45
29 46 44
28 48 45
26 48 45
24 48 44
28 45 47
26 45 47
27 45 48
28 47 48
29 44 48
29 45 49
28 46 50
28 44 49
29 46 48
31 43 49
32 42 51
32 39 52
33 38 51
31 39 50
31 39 49
32 43 54
30 44 57
29 37 53
28 35 49
30 38 52
28 38 53
30 40 52
29 40 51
30 39 51
31 38 51
30 38 52
29 37 53
30 38 52
31 39 53
30 40 52
29 38 52
29 38 52
29 39 52
30 40 51
30 39 51
29 38 51
30 40 53
29 38 53
30 38 52
29 39 52
29 40 51
30 39 52
29 39 51
29 40 52
29 39 51
29 38 52
29 38 53
29 40 52
29 40 52
29 39 52
30 40 52
28 39 52
30 40 51
29 38 51
30 39 52
29 38 51
30 38 52
30 39 52
29 40 52
29 39 52
31 39 52
29 39 51
28 39 51
30 40 52
29 39 52
30 39 52
29 38 52
29 39 51
30 38 52
30 39 53
29 40 51
30 38 52
29 39 53
30 38 52
30 39 52
29 39 53
29 38 52
30 38 52
29 39 51
29 38 51
29 38 52
29 39 52
28 40 52
29 39 52
