34 41 52
33 39 51
33 40 52
33 40 52
33 39 52
32 39 52
32 38 52
33 37 53
33 39 52
33 38 52
33 40 52
34 40 52
33 39 51
34 39 52
33 40 52
34 38 53
35 39 52
34 40 50
34 38 51
34 39 52
33 39 53
35 38 54
35 39 56
36 39 55
37 37 52
38 42 55
37 43 54
37 46 53
37 43 52
36 43 52
37 42 52
38 41 50
36 41 52
35 42 49
38 40 52
37 41 49
36 39 50
37 38 51
33 38 50
34 38 51
33 38 49
34 40 49
32 40 48
33 42 48
33 43 49
32 43 47
32 44 49
30 47 48
30 44 49
31 43 48
31 45 48
31 45 48
32 47 49
32 47 49
32 45 47
33 45 47
32 46 48
32 48 49
32 48 49
32 46 48
33 44 48
34 46 49
33 47 49
33 46 48
33 46 48
33 46 47
34 46 48
33 47 47
33 48 46
32 45 47
31 46 46
31 47 46
31 47 47
31 47 47
30 49 45
30 49 49
31 50 48
30 50 49
31 50 49
31 49 48
33 50 48
35 49 47
34 50 47
34 47 47
36 47 47
37 46 46
38 44 46
38 45 47
39 43 45
41 43 47
40 42 47
41 42 47
41 41 48
40 41 48
42 40 48
42 40 50
42 41 48
44 39 49
42 38 49
43 37 49
43 38 49
42 37 50
42 38 50
42 38 49
43 39 49
43 38 50
42 37 50
41 37 50
41 37 50
42 37 50
42 37 51
42 37 50
42 37 51
42 36 51
41 37 51
42 37 50
41 37 51
42 36 51
42 37 50
41 36 51
42 36 50
41 36 50
42 37 51
42 35 50
41 35 51
41 37 50
41 36 51
41 36 50
42 36 50
41 34 51
42 36 51
41 36 52
41 35 52
42 34 51
41 34 50
42 35 50
42 35 51
41 36 51
41 34 51
41 34 52
41 34 51
40 35 52
41 36 51
42 34 52
41 34 52
42 34 51
41 34 51
41 35 51
40 35 52
40 34 52
40 34 52
41 34 51
42 34 52
41 35 52
40 35 51
41 34 51
40 34 51
42 34 51
40 33 51
40 34 51
40 35 51
41 33 51
40 34 51
41 34 51
40 32 53
41 34 52
40 33 51
41 35 51
41 33 51
40 33 52
41 34 51
40 34 53
41 33 51
41 34 51
41 34 51
40 34 52
41 35 51
40 33 52
41 34 52
42 33 51
41 33 52
40 33 51
40 34 52
40 34 51
40 33 52
42 34 51
43 33 52
41 33 51
41 33 52
42 33 52
40 32 53
41 32 51
41 33 52
40 33 51
42 34 52
40 33 51
41 34 51
41 33 51
39 33 50
42 33 51
40 33 52
40 33 51
40 34 51
41 35 52
41 32 52
42 35 52
41 34 50
40 34 52
41 35 51
41 33 52
41 34 51
41 35 52
44 34 51
42 34 51
41 35 52
40 35 51
40 35 50
42 35 51
42 37 51
40 37 50
40 37 49
40 39 50
39 39 49
40 39 49
39 42 50
38 40 49
38 40 48
37 43 49
37 42 49
37 45 48
36 44 49
33 46 49
33 45 48
33 47 49
33 46 49
32 47 48
32 45 49
32 45 48
32 48 47
31 47 49
29 45 49
29 48 48
29 47 49
29 44 46
30 47 49
29 46 47
30 45 48
30 46 48
29 45 48
30 46 47
30 45 49
30 46 48
30 45 49
30 45 47
29 45 49
29 45 48
30 46 49
29 46 49
30 44 48
28 43 49
30 49 49
28 42 49
30 44 49
29 44 48
28 44 48
25 42 48
22 44 46
24 44 47
23 43 47
24 42 47