22 42 47
22 42 47
22 42 48
23 42 48
22 43 46
22 43 48
21 43 47
22 41 47
22 43 47
21 41 47
22 42 47
21 42 47
22 43 46
22 43 47
22 42 47
23 42 48
23 42 46
22 43 47
22 42 47
23 42 47
22 41 48
22 44 48
22 42 46
23 42 46
22 42 47
21 42 47
23 43 48
23 43 46
21 42 47
23 43 47
23 43 48
22 43 48
21 42 47
21 43 47
22 43 47
22 43 48
23 42 48
22 43 48
22 43 48
23 41 48
23 42 47
22 42 47
22 42 47
22 42 47
23 42 48
22 42 47
23 42 47
23 43 47
21 41 48
22 43 46
22 42 47
23 43 47
22 43 48
22 41 48
22 41 47
22 44 47
21 42 47
23 41 47
23 42 46
21 42 47
22 41 47
21 42 47
22 42 46
22 41 48
22 43 47
23 42 47
22 41 48
23 41 48
21 41 50
20 42 50
21 45 48
22 45 49
22 46 47
21 49 48
21 51 49
23 48 51
25 48 49
29 50 48
31 52 47
31 51 46
32 49 45
33 47 43
35 47 44
34 48 43
33 46 41
31 48 40
30 48 41
32 47 40
31 50 40
31 51 42
32 49 42
32 49 42
34 49 44
31 51 43
31 50 43
33 49 44
31 48 45
31 48 44
30 50 43
30 49 44
29 49 45
29 48 44
30 50 44
31 50 44
32 47 44
31 50 46
32 50 46
31 49 46
31 50 44
30 48 45
30 49 45
30 50 44
29 52 44
27 52 45
28 51 44
30 53 43
30 52 43
32 52 44
32 51 45
33 51 45
33 49 44
34 49 44
35 47 44
36 49 46
36 48 46
37 48 46
38 48 47
39 46 46
38 44 47
41 45 47
40 44 47
41 44 47
39 44 47
42 42 47
41 43 47
41 42 47
41 40 48
42 43 49
41 41 49
43 39 49
43 40 49
41 41 49
42 41 50
41 41 50
42 39 50
42 40 49
42 39 49
41 39 50
42 37 49
41 38 51
42 39 50
42 38 49
42 36 50
41 36 50
42 38 51
43 36 50
42 39 50
42 36 50
42 36 52
41 35 51
42 35 51
41 36 51
42 34 50
41 34 51
42 33 51
41 33 51
41 32 49
42 33 51
43 32 50
41 32 50
42 32 51
42 30 51
42 33 51
41 31 51
42 33 50
42 32 50
42 31 50
41 30 51
42 31 51
42 32 52
41 30 51
40 29 51
41 30 51
42 30 51
43 31 51
42 30 51
42 29 51
41 29 51
43 28 50
42 27 50
41 29 50
41 28 51
42 27 51
42 29 51
43 29 50
42 28 51
42 28 51
43 27 50
42 28 51
43 27 50
41 29 51
42 27 51
42 28 50
42 28 50
43 28 50
41 28 50
43 26 50
43 26 50
42 28 49
43 27 50
43 26 50
44 26 50
43 26 50
44 27 49
43 26 50
43 25 49
43 25 48
42 23 49
43 25 48
43 26 48
44 24 49
44 25 48
44 24 47
43 24 46
42 25 48
43 24 47
43 25 48
44 25 48
44 26 48
44 24 49
44 23 48
44 23 47
44 24 48
43 24 48
42 25 48
42 24 48
44 25 46
43 25 46
42 24 47
44 23 47
44 24 48
44 25 48
44 26 48
42 27 49
43 27 48
43 29 49
42 26 49
43 26 50
43 28 50
43 28 51
44 28 51
45 30 50
45 31 50
45 31 49
44 33 47
45 34 48
44 35 49
44 36 48
43 36 48
43 38 48
41 40 47
40 39 48
40 41 48
39 40 48
38 42 47
35 44 46
34 45 48
35 45 49
35 46 49
34 46 50
35 47 49
34 47 50
34 48 49
33 48 49
31 50 48
31 50 48
30 49 47
31 49 48
30 48 46
29 49 47
29 50 47
28 47 46
26 49 47
27 48 46
27 47 46
28 47 47
28 48 47
28 47 47
28 47 46
26 46 47
28 46 48
27 49 48
27 49 47
27 46 48
27 45 47
24 46 46
24 45 48
25 45 45
26 46 45
27 45 45
29 44 48
29 44 48
31 47 48
32 46 48
34 42 51
37 45 51
37 42 53
36 43 52
33 46 48
30 45 50
29 45 49
28 47 46
24 46 45
25 46 46
26 47 45
26 46 45
27 47 43
27 49 44
29 50 44
31 47 44
29 49 46
29 50 46
31 47 46
29 46 47
29 44 47
30 44 46
31 42 48
31 40 50
31 40 48
30 39 46
28 43 46
26 44 45
28 46 46
28 45 50
28 46 51
29 47 50
27 49 52
25 48 50
25 48 50
25 46 51
24 47 50
24 44 50
23 46 48
21 47 47
20 45 44
21 47 46
20 47 46
21 42 46
23 41 47
21 44 46
22 45 47
23 45 46
23 44 46
22 45 47
22 44 46
22 45 46
22 44 45
23 44 45
22 44 45
21 45 46
22 45 46
22 45 46
23 45 46
23 45 45
22 44 45
23 45 46
21 45 46
22 44 47
22 44 46
22 45 46
21 43 46
21 44 46
21 44 45
22 42 45
22 44 46
22 45 45
22 44 46
21 44 47
22 44 47
23 45 46
21 45 45
23 44 47
22 43 46
22 44 46
22 43 46
22 44 47
21 44 46
21 43 46
21 43 46
23 43 47
20 44 46
21 43 46
22 43 46
22 44 46
22 43 47
22 44 45
22 42 46
23 43 46
22 42 46
22 43 45
22 43 46
22 44 46
22 44 47
22 43 46
21 44 46
22 45 46
23 45 46
23 44 47
22 44 45
21 43 46
22 45 46
22 45 47
21 43 46
22 44 46
21 44 46
22 44 46
22 45 46
23 44 45
22 44 46
22 44 46
22 44 46
21 44 47
23 44 46
21 45 46
21 44 46
21 45 46
21 44 46
21 44 47
21 44 46
22 45 46
21 42 46
23 43 46
21 43 46
22 43 47
23 44 46
21 43 46
21 44 46
23 43 45
22 43 45
21 43 45
21 44 46
22 44 45
22 45 46
22 44 46
21 44 46
22 43 45
