31 45 47
31 45 47
37 33 32
32 47 47
31 48 48
30 47 48
31 46 47
31 47 47
32 47 48
32 48 46
32 48 46
31 49 46
32 49 45
31 48 45
32 47 45
32 47 46
32 48 45
31 48 47
32 49 47
32 49 46
32 49 46
32 50 45
32 48 45
32 48 47
32 48 45
33 48 46
32 49 45
32 48 45
31 49 45
31 49 46
32 48 47
33 49 46
32 47 46
32 47 47
32 47 46
31 48 46
32 48 47
33 47 46
31 48 47
32 48 46
33 48 45
32 49 47
32 49 47
31 47 47
30 47 47
32 47 47
31 48 46
32 48 46
32 48 47
32 48 47
33 47 48
32 47 46
32 48 47
32 48 47
32 49 47
31 48 47
32 47 46
32 49 45
31 49 46
31 48 47
31 48 47
32 47 46
32 47 47
32 49 46
31 49 46
32 47 47
31 49 46
33 47 45
32 48 46
32 48 46
31 50 46
30 50 47
32 50 47
32 50 46
31 50 47
32 50 48
34 48 47
35 47 48
35 48 48
36 49 47
36 45 46
38 46 48
39 46 48
39 45 48
40 43 48
39 44 47
41 43 48
42 40 49
42 40 50
44 40 50
43 40 49
43 37 48
44 38 49
45 37 48
45 37 49
45 36 47
45 35 48
46 36 48
46 35 48
46 36 49
47 36 47
47 34 48
47 34 49
47 35 49
48 34 48
47 35 49
47 34 48
47 34 48
46 34 48
47 35 48
46 34 48
46 34 48
46 34 48
47 32 48
46 32 47
47 32 47
47 32 48
47 32 48
48 33 48
48 32 48
47 33 48
46 32 48
48 33 48
47 33 48
47 32 48
48 32 48
46 31 46
46 32 47
47 32 48
47 31 48
46 31 47
47 31 47
46 32 47
47 31 46
47 31 47
49 33 47
48 32 48
48 32 46
48 32 47
47 31 47
47 32 47
48 32 47
47 31 47
47 32 47
47 32 47
48 31 47
47 31 48
47 31 48
47 30 47
48 31 47
46 31 48
47 32 47
46 30 47
48 31 47
47 31 46
48 31 48
48 31 48
47 31 47
47 31 47
46 30 48
47 31 47
47 30 47
48 33 47
46 31 46
47 30 46
48 30 47
48 31 47
46 32 47
47 31 47
48 32 46
47 31 46
47 32 47
47 34 47
47 34 46
46 35 47
46 35 47
46 35 47
46 36 48
45 36 48
43 37 49
44 37 49
44 39 48
44 39 47
42 41 47
43 42 47
41 42 47
40 46 48
40 44 47
39 44 46
38 47 48
34 48 47
35 49 46
31 51 45
32 51 46
31 50 46
30 50 46
30 50 47
29 50 48
29 50 48
29 50 48
29 50 49
29 48 44
29 47 45
29 48 45
30 48 47
31 47 46
31 47 47
32 48 47
30 48 46
30 48 45
31 49 45
30 50 45
32 48 45
30 48 46
31 49 46
31 50 45
31 49 45
30 49 46
32 50 45
31 48 45
30 48 45
31 49 46
30 49 45
30 49 45
31 50 46
31 49 45
31 46 46
30 49 46
31 48 46
31 50 46
30 48 45
30 49 46
28 48 46
30 48 45
30 49 45
31 48 46
31 48 45
31 49 46
31 48 45
31 48 45
31 49 45
31 48 45
31 49 46
31 50 45
30 48 45
32 49 46
31 48 45
31 48 46
30 50 46
30 48 46
31 49 47
31 49 46
31 50 45
30 49 45
31 48 46
31 49 45
32 49 45
30 50 46
30 49 45
31 48 45
31 49 45
30 49 45
30 49 46
32 49 45
31 49 45
32 49 46
32 49 46
32 49 46
31 48 45
32 49 46
31 50 45
31 49 45
31 50 45
31 48 45
30 49 45
31 49 46
31 49 45
32 48 45
32 49 46
31 49 45
31 49 45
31 48 45
32 48 45
31 49 45
32 50 46
31 49 45
30 49 44
30 48 46
30 48 46
30 49 45
32 48 46
31 49 45
31 49 45
31 48 46
32 48 45
31 49 46
30 48 45
31 49 45
31 49 46
31 50 44
31 49 45
31 49 45
31 48 45
32 49 44
30 49 45
32 49 45
31 49 45
31 49 45
30 50 44
31 49 45
31 49 44
