34 39 51
34 39 51
33 39 52
33 39 52
34 39 52
34 40 52
35 38 52
35 39 52
34 39 53
34 40 53
35 37 51
35 39 52
34 39 52
36 39 51
34 38 53
33 39 51
34 39 52
33 39 53
34 39 52
34 39 53
33 40 52
35 39 53
35 40 52
34 40 52
35 39 51
35 39 51
35 39 52
34 39 52
34 39 52
34 38 52
34 41 51
36 40 53
34 41 54
34 40 52
35 39 53
35 40 52
35 39 53
36 41 52
36 42 52
37 44 52
36 42 52
38 41 51
37 41 51
39 40 52
38 42 50
40 40 51
39 40 49
40 39 49
41 41 48
41 41 49
39 41 49
38 39 48
38 39 47
37 40 48
38 44 50
35 44 50
35 41 50
35 42 53
36 42 52
36 45 50
36 45 49
36 43 49
36 43 48
37 44 48
37 45 47
38 47 47
39 47 48
37 46 47
38 46 49
39 48 50
38 47 48
36 45 48
38 44 47
36 46 46
36 47 46
36 47 46
35 48 48
36 47 47
36 47 46
37 48 47
37 47 48
36 47 47
37 48 45
37 48 47
36 48 46
35 47 47
36 47 46
37 50 48
38 46 47
37 47 46
36 47 46
37 46 48
39 49 47
38 48 47
37 48 47
39 49 47
40 48 48
38 48 47
39 47 46
38 45 47
39 47 46
39 46 46
40 47 47
41 47 46
40 47 47
40 45 46
41 46 46
40 45 47
41 44 47
42 44 47
43 44 46
42 43 45
43 44 45
41 44 46
42 44 47
42 43 46
41 43 48
43 41 46
42 43 47
44 41 47
43 42 47
45 41 47
43 41 47
44 41 47
45 41 48
44 40 48
43 41 48
44 40 48
45 40 49
44 39 48
44 40 48
44 41 49
44 40 48
44 38 49
45 40 48
45 40 48
44 39 50
44 39 48
44 38 48
44 37 48
45 40 48
44 39 48
43 38 48
46 38 48
45 40 49
44 38 49
45 38 49
46 38 48
45 37 49
45 36 49
44 37 49
44 38 50
45 38 49
46 36 49
45 37 49
45 36 49
45 36 48
46 37 49
45 35 49
44 35 50
45 38 50
45 36 49
46 36 48
45 35 49
46 34 50
44 36 49
46 35 49
45 36 48
45 34 50
46 32 50
45 34 50
46 35 50
45 34 49
45 34 49
45 34 50
46 34 50
45 33 48
45 34 49
44 33 50
44 33 49
44 32 49
45 33 50
45 33 50
44 32 49
45 33 50
44 32 50
45 34 50
44 33 50
46 33 49
45 33 49
44 32 50
45 32 49
45 32 50
45 33 49
45 33 49
45 33 49
46 32 49
45 31 50
45 32 49
46 33 48
46 33 50
46 32 50
45 31 48
47 33 50
46 32 49
46 31 50
46 33 49
45 32 49
46 32 49
46 32 49
46 32 49
45 31 50
44 32 50
45 32 48
44 32 49
45 31 49
46 31 50
46 31 50
45 33 49
45 31 50
46 31 49
45 30 49
46 32 49
45 32 50
46 31 49
46 31 50
47 31 50
45 32 49
46 32 51
46 33 50
44 31 49
45 32 49
46 32 50
45 31 49
46 33 49
46 32 48
46 32 49
45 32 50
45 30 49
46 31 49
46 32 50
45 31 49
45 31 48
46 32 49
45 31 49
46 31 48
45 32 50
45 32 49
46 32 49
45 32 50
47 32 49
46 32 49
46 32 50
46 32 49
45 32 48
45 31 49
46 32 49
46 32 49
44 30 49
46 32 49
46 32 49
45 32 49
46 32 49
46 31 49
45 33 50
45 30 50
45 31 49
45 32 48
46 32 50
44 30 50
45 31 49
47 32 48
46 31 49
45 31 49
46 31 50
46 32 49
46 30 49
46 30 49
46 30 49
45 31 50
45 30 49
46 31 49
44 31 49
45 30 50
46 32 50
45 31 49
46 31 50
44 30 49
45 30 51
44 31 48
45 30 49
45 30 49
44 30 50
45 31 50
46 32 48
45 31 49
45 32 49
45 30 50
46 31 49
44 33 49
46 33 49
45 31 49
46 34 48
45 33 49
46 32 48
46 34 49
47 33 49
45 36 48
46 36 48
45 36 49
45 37 48
46 35 49
45 38 48
46 38 48
44 37 47
45 40 49
45 40 47
43 40 47
45 39 48
43 42 47
43 41 47
43 40 48
43 42 49
42 43 46
42 44 46
42 45 46
42 46 47
41 47 48
39 46 45
41 46 46
40 47 46
40 47 46
40 48 46
40 47 46
41 48 46
39 48 45
40 49 46
39 49 46
39 47 46
38 46 46
38 46 46
39 48 46
38 49 46
38 50 45
38 48 45
36 48 45
35 49 46
38 48 45
36 52 45
38 47 44
36 49 44
37 50 45
37 50 45
37 49 44
37 48 44
38 47 45
37 52 44
36 49 43
36 48 43
37 48 44
35 49 45
37 50 46
34 49 44
35 44 44
35 47 46
37 49 46
36 48 44
38 48 43
37 48 48
38 50 50
37 48 49
37 45 45
37 48 48
38 47 50
37 41 48
35 40 48
37 43 54
36 43 53
34 37 52
34 34 53
35 40 53
35 33 51
35 29 52
35 34 51
35 36 51
34 31 51
32 33 52
33 34 53
33 37 58
31 35 52
33 34 52
33 35 54
33 36 53
34 36 53
33 37 53
33 38 52
33 37 53
33 38 52
33 38 52
33 38 53
34 37 53
34 37 52
34 39 54
34 38 52
34 36 52
33 38 53
33 38 53
34 38 52
33 38 53
35 38 53
33 37 52
33 38 54
34 38 54
34 39 52
34 38 53
34 39 53
34 37 52
33 38 52
33 38 52
34 38 53
34 38 51
34 39 53
35 38 52
33 37 53
34 37 54
33 38 53
34 38 52
33 38 52
34 39 52
33 38 51
34 38 53
34 39 52
35 38 52
34 39 52
33 38 53
33 37 52
33 38 52
33 38 53
34 38 51
33 38 52
32 37 52
33 39 52
34 39 53
33 39 52
33 38 52
34 39 53
33 38 52
34 39 52
34 38 53
34 38 53
34 38 52
33 38 52
33 39 52
33 39 53
35 38 52
32 38 52
34 37 53
33 38 52
33 39 52
34 38 52
33 38 52
33 38 52
34 39 53
33 37 53
33 39 52
33 39 53
33 38 52
33 38 52
34 37 52
34 38 53
34 39 52
34 37 52
33 38 52
34 38 52
34 38 52
34 38 53
33 38 53
33 39 52
34 38 52
33 38 52
32 38 53
33 38 53
35 38 52
34 38 52
34 38 53
32 38 53
33 37 53
32 38 53
33 38 53
34 37 51
34 39 52
33 38 52
33 39 52
34 37 52
33 40 53
33 38 52
34 39 54
33 38 52
34 38 52
33 37 53
34 38 52
33 38 53
34 38 53
34 39 51
35 38 51
34 38 52
32 38 53
33 37 53
34 38 53
33 39 52
34 38 52
35 38 52
33 38 52
33 37 53
33 38 52
34 38 52
34 38 53
33 38 52
34 38 53
34 40 52
34 37 51
33 38 52
33 38 53
33 37 53
33 38 51
33 38 53
35 38 53
34 38 53
33 39 53
34 39 53
34 39 53
34 38 52
34 39 54
35 39 52
34 38 52
34 39 53
34 38 52
34 39 53
33 38 52
33 38 51
33 37 53
33 38 52
33 38 52
33 39 52
33 38 53
34 40 53
