22 41 48
21 41 47
21 40 49
22 40 49
21 40 48
22 39 49
22 40 48
21 40 48
22 39 48
21 39 48
22 41 47
22 40 49
22 39 49
22 40 47
21 40 48
21 39 48
21 40 49
22 40 48
21 40 49
21 40 49
22 40 48
21 41 48
20 39 48
20 40 48
22 39 48
20 40 48
20 38 48
22 40 49
22 40 49
20 40 50
21 39 50
21 41 51
21 42 52
21 45 51
21 47 51
25 44 51
27 42 50
30 43 52
29 41 51
35 40 54
27 30 50
35 45 50
34 39 50
34 39 49
33 35 50
33 36 48
32 37 49
31 40 50
33 39 49
32 38 48
30 38 49
31 40 50
31 40 51
31 40 50
30 42 50
30 42 51
29 43 52
28 42 52
30 43 52
30 43 53
31 43 52
32 42 51
31 44 49
31 43 50
32 44 50
31 44 50
32 44 48
32 45 49
31 45 49
32 45 48
32 45 49
30 46 48
32 45 49
33 45 49
31 45 49
30 45 49
32 46 49
30 46 49
30 45 49
31 46 48
30 45 48
30 46 48
32 47 48
31 45 48
30 45 47
31 47 47
31 45 48
32 47 47
31 47 50
31 46 47
33 46 48
30 46 48
31 44 49
32 48 48
29 47 47
29 47 48
29 49 49
31 49 49
30 50 47
31 50 48
32 50 48
31 48 48
33 48 47
32 48 47
33 47 47
32 46 47
34 47 47
34 46 46
35 46 46
33 45 46
36 45 48
37 44 47
37 44 48
37 43 48
38 45 48
38 43 48
39 43 48
39 44 47
40 42 48
41 42 46
41 43 47
42 42 47
41 42 46
41 43 48
43 42 48
42 45 47
44 43 47
44 41 48
42 42 47
44 41 46
43 42 47
43 43 47
43 42 47
43 41 48
43 40 47
43 40 48
44 40 47
43 41 48
45 40 48
44 39 48
45 40 48
44 39 48
43 38 48
46 38 49
44 39 48
44 38 49
45 39 48
44 39 49
45 38 49
44 39 47
45 37 48
46 37 49
44 39 49
44 37 49
45 38 49
45 38 49
46 36 50
45 36 49
44 38 49
45 36 49
45 36 48
44 36 50
45 36 48
43 36 49
44 36 48
43 35 50
45 34 50
45 35 50
44 35 49
44 36 49
43 34 50
45 34 50
44 34 51
44 32 50
44 32 49
44 34 50
44 33 49
44 33 50
43 32 51
44 32 50
43 32 50
45 32 50
43 33 50
44 32 49
44 32 50
44 32 49
45 31 50
44 32 50
43 32 50
43 32 50
44 31 50
43 31 50
42 32 49
44 31 49
43 31 50
45 30 49
43 31 50
43 32 49
44 30 50
44 30 50
42 30 49
44 32 50
43 31 49
43 31 51
43 32 49
44 31 50
44 31 49
45 31 51
42 29 50
44 30 49
43 31 50
42 30 50
43 30 49
43 31 49
43 31 50
43 32 50
44 30 51
45 34 50
43 33 49
43 33 49
45 33 50
44 35 50
45 35 50
44 36 50
45 35 50
45 35 49
44 36 48
44 39 48
44 38 48
43 39 48
45 39 48
44 37 49
43 38 46
44 39 47
41 41 47
40 41 48
43 41 46
41 44 46
41 44 48
40 45 48
39 46 46
39 45 47
39 45 48
38 46 48
37 48 47
35 48 48
34 48 48
33 46 47
34 47 47
33 48 48
32 48 47
33 47 48
32 46 48
32 46 48
32 47 46
30 46 47
29 48 47
28 47 46
28 48 47
28 47 48
28 47 47
29 46 47
29 48 48
29 47 48
29 47 48
29 46 48
30 46 49
30 47 47
30 47 48
29 46 47
29 46 46
28 46 47
27 45 46
29 47 47
30 47 48
28 46 48
28 46 47
28 45 48
27 46 48
28 46 48
26 48 49
26 45 49
27 44 49
27 43 47
28 43 46
30 42 45
31 43 47
30 43 49
30 41 48
29 43 48
29 45 48
30 41 48
29 44 48
29 42 46
29 44 48
29 42 49
27 41 51
25 46 50
26 49 48
24 46 47
26 44 50
25 43 50
23 44 49
22 42 49
22 42 50
23 42 50
23 38 50
23 37 51
24 37 50
23 40 49
23 38 50
23 40 49
24 39 49
24 37 50
24 39 48
24 39 49
26 40 48
26 43 49
26 42 50
25 43 49
26 43 49
26 43 49
25 42 48
26 43 48
26 45 49
26 43 49
26 42 51
26 44 49
25 43 49
26 43 49
26 43 49
27 43 50
26 43 49
26 43 48
26 42 49
26 43 50
26 43 48
25 43 48
25 43 49
25 42 49
24 42 50
26 44 48
26 41 49
25 42 49
24 42 49
26 42 49
26 42 48
25 42 49
25 42 48
26 43 48
24 43 48
26 42 49
25 41 50
24 43 49
26 43 49
24 43 48
25 43 49
25 41 48
25 42 48
26 42 49
26 41 50
26 43 48
25 43 49
25 42 49
25 42 49
25 42 48
25 42 48
25 42 49
24 43 49
26 42 49
25 42 48
26 42 49
25 42 49
25 43 49
26 42 49
24 43 48
25 41 50
26 43 48
26 41 49
24 42 49
25 43 49
26 41 48
25 43 48
26 42 49
24 43 49
24 43 49
25 43 49
26 42 49
25 42 48
25 44 48
25 42 49
25 43 48
