29 40 51
29 40 50
31 41 50
30 42 51
29 41 50
28 39 51
29 41 49
29 41 51
31 41 49
31 40 51
32 40 51
31 41 51
29 42 52
31 41 51
31 41 50
31 41 50
30 41 51
32 41 51
31 40 51
31 42 51
31 41 52
32 42 52
31 42 51
32 42 52
32 42 50
32 42 50
32 41 50
33 42 51
33 41 50
32 40 50
33 40 51
34 40 51
34 39 50
33 40 50
34 43 50
33 40 50
33 38 52
34 40 51
34 40 51
34 40 50
34 40 51
33 41 50
34 41 51
35 40 51
35 41 51
33 41 52
34 40 52
34 40 52
35 40 52
35 40 53
36 37 51
36 38 52
37 38 51
36 36 51
36 38 52
36 36 53
36 37 52
37 37 52
37 38 52
37 36 51
38 37 53
38 37 51
37 36 51
38 37 52
37 37 51
38 35 51
38 35 52
36 35 51
37 36 52
38 35 52
38 35 51
39 35 53
38 34 53
37 36 52
38 35 52
38 34 52
38 34 52
38 34 52
40 34 52
39 33 52
39 33 51
39 34 51
38 35 52
39 34 53
38 34 52
39 35 52
38 33 52
39 35 53
39 33 51
39 33 51
39 35 52
38 35 52
39 33 52
39 34 52
38 35 53
39 34 52
39 34 53
40 35 52
39 32 52
39 34 52
39 34 52
40 33 51
39 34 51
39 34 51
39 34 52
41 34 51
40 34 51
40 34 52
39 33 51
41 33 51
39 34 52
39 35 52
40 34 51
40 33 52
39 33 51
40 34 51
40 35 52
39 36 52
38 37 51
37 36 51
37 37 52
36 39 52
36 39 52
36 38 52
35 40 52
35 39 51
36 39 52
37 39 52
37 39 52
36 40 52
37 40 52
36 39 52
36 40 51
36 39 52
37 39 52
36 40 52
36 38 52
36 39 52
35 39 52
36 39 51
36 39 52
37 41 52
36 39 52
36 39 51
36 39 51
35 40 50
37 40 51
36 39 52
37 40 52
37 39 50
36 39 51
36 39 52
36 40 52
36 39 51
36 40 51
37 40 52
37 39 51
37 38 51
36 39 52
36 39 52
35 40 51
37 39 52
37 41 51
37 38 51
37 40 51
37 39 51
36 38 51
37 36 51
36 40 52
36 40 52
37 39 52
36 37 52
38 39 52
36 38 52
36 39 51
35 39 51
37 38 52
39 37 52
37 39 52
37 38 53
38 37 52
37 37 52
37 37 52
37 36 52
36 38 51
37 37 51
37 38 53
38 37 52
37 38 53
38 36 52
38 35 52
39 36 52
38 36 52
38 35 51
39 36 52
40 35 50
38 36 52
39 36 51
38 36 52
40 34 51
39 35 52
39 34 52
39 34 51
40 34 51
39 34 51
38 34 52
40 34 51
39 34 52
41 34 52
39 33 51
40 35 52
41 34 51
41 33 53
41 33 51
39 33 52
41 34 51
40 33 51
41 32 52
41 33 52
41 33 52
40 32 52
41 32 52
41 33 51
40 33 51
40 32 51
42 32 51
41 33 51
40 33 52
40 33 52
40 34 52
40 31 51
40 33 51
41 33 51
41 31 52
41 32 51
41 32 51
41 32 51
41 30 51
40 30 51
42 31 50
41 30 50
41 32 51
41 32 51
42 30 50
40 30 51
41 32 51
41 31 50
42 31 51
41 31 50
41 33 50
40 33 50
39 32 51
40 32 51
39 32 52
39 34 52
39 36 53
38 37 52
38 37 52
37 37 51
37 38 52
36 39 50
36 40 50
36 40 51
37 40 51
36 40 52
35 42 52
35 43 52
36 41 52
36 42 52
34 42 52
33 42 52
35 42 52
37 41 51
36 41 51
35 40 51
35 40 52
35 41 50
35 41 51
35 39 51
37 40 50
35 41 51
35 42 51
36 40 51
35 40 50
35 39 50
35 41 51
36 40 51
37 40 50
36 40 50
35 40 51
35 41 51
33 40 51
35 42 51
36 41 51
35 41 51
37 40 51
36 41 51
36 40 52
36 39 51
36 39 51
35 41 52
36 40 52
36 41 52
35 41 52
36 39 53
36 39 51
36 38 52
36 38 51
36 38 52
36 39 52
37 39 52
36 38 53
37 38 52
37 37 53
38 37 52
38 36 52
37 38 51
37 37 52
37 37 53
37 38 52
37 37 51
38 36 51
37 38 51
37 37 51
37 36 50
38 36 51
39 36 51
38 36 52
37 37 51
38 36 52
37 36 52
37 37 52
37 37 52
38 37 51
38 37 52
38 37 53
39 37 53
39 35 52
40 37 51
38 35 51
38 37 51
38 36 52
40 36 52
39 36 52
41 36 51
40 34 51
40 35 51
40 35 52
41 34 52
41 36 52
39 36 52
41 33 52
40 34 51
41 33 50
40 35 50
42 34 52
41 33 51
41 33 51
40 34 51
40 32 51
42 32 52
42 32 52
42 32 51
41 31 50
42 32 51
42 31 50
41 32 51
41 33 51
41 31 51
42 32 51
41 32 51
40 31 51
42 31 50
41 32 50
41 32 50
41 32 51
43 31 51
43 31 50
42 33 51
42 31 51
43 31 51
42 31 51
41 31 51
43 32 50
42 31 51
42 31 50
43 31 51
42 31 52
42 31 51
42 30 51
41 30 50
41 31 50
42 31 51
42 29 50
42 30 50
43 29 50
43 30 49
42 30 49
41 29 50
42 31 50
42 29 50
44 30 50
42 30 49
42 30 50
41 30 49
41 32 49
41 31 49
41 32 50
42 33 51
41 30 50
40 32 50
42 35 51
40 35 51
39 37 52
40 37 52
38 38 52
39 39 51
39 38 51
37 40 51
37 40 50
39 40 50
37 40 50
37 40 51
38 41 51
37 41 50
37 42 51
35 42 51
37 42 51
38 41 52
38 42 51
36 44 52
37 41 51
36 42 52
37 42 51
35 42 52
36 41 52
37 41 52
37 42 51
35 43 50
37 41 51
36 41 50
36 41 51
37 41 51
38 42 52
37 40 51
36 42 50
37 41 50
35 41 50
36 41 50
37 42 50
36 42 50
36 41 51
36 42 50
36 41 50
36 40 51
36 43 50
35 42 51
35 39 51
36 39 51
35 39 52
36 38 51
37 40 53
36 42 52
36 39 53
37 41 52
38 38 52
36 39 53
37 39 51
36 39 52
38 39 53
37 39 51
37 39 51
38 38 51
37 38 51
39 37 52
38 36 51
39 36 52
38 36 51
38 37 50
39 37 51
39 37 51
40 36 51
39 35 51
40 34 50
40 33 52
40 34 50
39 35 52
40 34 51
41 34 51
42 33 51
41 33 52
41 34 52
41 34 51
42 32 50
42 32 50
43 33 51
42 32 50
42 31 50
41 32 50
41 32 50
42 31 51
42 31 50
42 29 51
43 32 50
43 30 50
42 32 50
42 30 51
42 32 51
42 31 50
43 31 51
42 31 50
42 31 50
42 31 50
43 30 50
43 30 50
43 30 50
43 30 50
42 31 49
44 30 50
43 30 50
43 29 50
42 30 50
42 30 49
43 30 50
43 30 50
44 30 51
44 29 49
43 31 50
42 30 49
43 29 49
43 30 50
43 30 49
44 30 50
43 30 49
43 30 50
44 29 50
42 30 50
43 29 50
43 30 50
43 30 49
43 29 49
43 30 49
44 28 49
42 29 49
42 28 49
42 30 48
43 31 48
42 30 49
42 33 51
41 33 50
41 31 50
41 34 50
40 34 52
39 36 51
40 34 53
38 37 51
36 38 50
37 39 50
37 37 50
37 39 50
36 40 49
37 40 49
35 40 50
35 41 51
34 42 53
34 42 53
32 44 53
33 43 53
30 45 53
31 47 53
32 42 52
32 40 51
30 39 52
30 42 51
29 42 50
29 40 51
28 40 51
28 42 51
29 42 52
27 40 51
28 42 51
27 41 51
28 40 51
26 42 50
27 42 50
27 41 50
26 42 50
27 41 49
27 41 50
27 38 51
26 42 51
26 41 50
27 40 50
25 40 51
27 40 50
26 41 50
27 39 50
25 41 50
27 39 51
25 41 51
26 40 51
26 40 51
25 40 50
25 40 51
25 39 49
26 39 50
24 37 49
23 40 52
24 39 49
25 39 51
26 36 51
26 39 50
27 39 51
29 40 50
28 39 50
30 40 51
32 38 53
29 40 52
30 39 52
27 40 53
28 34 54
30 34 53
31 33 52
30 32 52
29 34 53
30 36 53
30 35 53
30 35 53
30 34 53
31 35 53
31 35 53
31 34 53
31 33 53
31 33 52
30 36 53
31 36 53
31 35 53
31 36 52
31 36 52
32 36 52
31 36 53
30 36 53
32 37 53
30 36 53
30 37 53
31 36 52
31 37 53
32 36 52
30 37 51
32 36 52
31 37 52
30 36 52
30 36 53
31 37 53
32 36 52
30 38 53
31 36 52
32 37 52
31 37 53
31 36 52
31 37 52
30 36 52
32 36 53
32 39 52
32 37 53
33 36 52
32 37 52
32 37 53
31 37 53
31 37 52
32 37 53
32 38 53
32 36 52
32 38 52
32 37 52
31 37 53
32 37 52
31 37 52
31 36 52
32 37 52
31 37 52
31 36 53
31 38 51
32 36 53
32 38 52
31 37 52
31 37 52
32 36 52
31 37 53
31 37 52
30 37 53
32 36 53
31 38 52
32 36 53
31 37 53
32 36 52
32 38 53
31 37 52
30 36 53
30 35 53
32 35 52
32 36 53
31 37 52
31 37 52
31 36 52
31 37 52
30 37 52
30 35 53
32 36 53
32 35 52
31 35 53
31 35 53
31 36 52
31 37 53
32 36 52
30 38 53
31 35 52
31 36 53
31 36 53
31 36 52
31 37 52
31 37 52
31 37 52
32 36 53
