29 34 52
29 34 52
29 35 52
29 37 52
29 33 52
29 34 53
30 34 53
30 34 53
30 36 53
30 36 52
29 35 53
30 35 52
29 35 53
29 34 52
28 34 53
30 35 53
29 34 51
30 34 53
30 34 53
29 35 53
30 34 53
29 36 53
29 35 52
30 35 52
29 35 52
29 36 51
29 34 52
30 35 53
30 35 53
30 34 51
30 35 53
29 35 53
29 35 52
30 34 53
29 34 52
29 36 52
29 35 54
29 35 52
31 42 54
30 39 53
31 39 52
31 38 52
31 38 52
32 39 50
32 39 50
31 38 52
32 39 51
32 41 51
31 42 51
31 42 50
32 42 50
30 41 51
31 41 51
30 42 51
29 41 50
30 42 51
31 43 50
29 42 50
30 43 50
30 43 50
32 46 48
31 44 49
30 45 50
31 44 48
31 45 47
30 45 49
32 46 49
32 46 48
32 46 47
32 46 48
33 45 48
31 45 48
32 46 48
32 45 49
32 47 48
31 46 48
32 46 48
34 46 48
32 46 48
32 46 48
32 47 48
32 47 48
33 48 48
34 47 47
34 46 47
34 45 49
32 45 49
34 44 49
34 44 48
34 42 47
34 45 46
34 44 47
35 45 47
34 45 48
35 45 48
35 47 48
35 46 47
35 47 48
35 47 48
36 42 47
35 45 47
36 45 47
35 46 47
35 44 48
36 44 48
35 46 48
37 46 47
37 45 47
37 46 47
37 46 46
37 46 46
38 47 47
38 44 48
37 43 48
38 44 49
37 44 48
37 45 49
37 44 49
38 44 49
38 45 48
37 43 49
38 44 50
38 44 48
38 42 48
39 42 49
38 42 50
40 42 49
39 42 49
39 41 48
39 41 49
39 41 49
38 39 49
38 40 50
38 41 50
39 41 50
39 41 49
38 40 49
39 40 51
37 40 50
40 39 51
38 38 50
39 38 50
39 38 50
39 38 51
39 39 52
39 39 51
39 38 50
39 38 50
39 39 51
40 39 51
38 37 52
39 39 50
39 37 51
40 38 50
39 38 51
41 37 51
38 37 52
40 37 51
39 37 52
41 37 52
40 37 51
39 36 51
40 37 51
40 37 51
39 36 51
40 36 51
40 37 50
41 36 50
40 36 51
40 35 51
40 36 50
40 35 52
40 35 51
42 35 51
40 35 51
41 35 51
41 36 50
40 36 51
42 36 51
39 35 51
42 36 51
41 35 51
41 34 50
41 35 52
41 34 50
41 34 51
42 34 50
41 33 51
42 34 51
41 34 51
42 35 51
40 36 51
41 35 50
41 32 50
41 34 51
41 34 51
41 33 51
41 35 51
41 33 51
41 34 50
42 34 50
42 33 51
42 35 51
42 34 51
40 35 51
42 34 51
41 36 51
42 35 51
42 34 51
43 34 51
41 34 51
42 33 51
41 33 50
43 33 51
42 33 51
41 33 51
42 33 51
42 33 51
42 33 51
42 33 51
41 34 50
42 33 51
42 33 51
42 34 50
41 33 51
41 34 50
42 34 51
42 36 51
42 36 50
41 37 50
40 39 50
41 39 50
41 39 50
40 39 50
40 41 50
40 41 49
41 42 48
40 42 48
40 43 47
39 44 48
40 42 47
40 42 47
39 43 47
39 42 47
40 43 47
39 44 48
39 46 49
39 43 49
37 44 49
38 45 49
36 44 49
37 45 47
35 46 48
36 45 48
36 45 46
36 46 48
35 45 49
36 44 48
36 46 48
35 45 49
34 46 49
35 46 47
35 46 47
35 45 48
35 45 48
34 46 47
34 45 49
35 46 49
36 45 48
34 45 47
35 45 48
33 45 48
35 46 49
33 46 49
35 46 48
34 45 47
34 45 48
35 46 48
35 45 49
35 45 48
35 47 48
34 45 48
35 46 48
34 46 48
34 45 48
34 46 47
34 45 48
34 45 47
33 47 47
34 46 48
33 46 48
33 47 47
33 46 48
35 45 52
35 47 48
33 45 47
33 45 48
32 47 48
34 45 48
33 46 47
34 47 47
32 46 46
32 47 46
32 46 48
32 46 47
33 46 48
33 46 47
33 46 47
32 45 48
31 46 48
33 46 48
33 46 48
32 45 48
33 47 48
32 47 48
32 44 47
31 46 47
32 45 47
32 46 47
31 46 47
32 47 48
32 46 49
32 47 48
32 45 48
32 46 48
32 45 47
32 47 48
32 46 48
31 46 47
32 46 48
31 47 48
33 47 47
32 47 48
32 46 48
32 45 47
32 46 48
31 45 47
32 46 48
32 47 48
32 46 48
32 47 49
33 46 48
31 46 48
31 44 47
32 46 47
33 46 48
32 45 47
32 47 48
