32 37 51
32 37 51
30 38 51
31 38 52
31 37 51
32 37 52
31 38 53
31 38 52
30 38 52
30 37 52
31 38 52
31 36 52
30 38 53
30 37 53
31 38 52
31 38 52
32 38 52
31 38 52
31 37 51
30 38 52
31 37 53
30 38 52
30 37 53
30 39 52
31 38 52
31 38 52
30 38 53
31 38 52
30 38 52
30 37 52
31 37 52
31 39 52
30 38 52
32 38 53
31 37 52
31 38 52
33 39 52
31 39 53
32 38 54
32 39 57
31 36 52
34 37 55
36 37 57
37 37 56
36 37 56
37 38 54
37 37 52
38 40 53
37 38 53
34 39 50
33 39 51
32 40 49
29 40 47
31 40 47
29 40 46
29 39 45
26 42 46
26 43 47
24 44 46
23 43 48
24 44 48
24 44 48
24 45 47
24 46 47
26 46 47
24 48 47
24 48 46
25 48 46
24 48 45
26 49 46
27 48 45
27 49 45
27 47 45
27 47 47
28 49 46
28 49 46
28 48 44
27 48 45
26 48 44
27 49 45
28 50 45
26 49 44
26 49 46
24 49 44
23 50 46
24 50 45
23 51 47
23 51 46
25 49 45
26 49 45
26 49 44
27 49 43
28 49 43
30 49 43
31 50 43
29 49 43
31 48 44
33 48 45
33 48 45
34 46 46
36 47 46
36 46 46
37 46 47
36 46 47
37 46 47
37 45 48
37 46 48
38 44 49
40 43 49
38 44 49
39 42 49
41 40 49
40 39 49
41 40 49
41 40 49
41 38 51
41 37 50
42 38 50
41 38 51
41 38 51
41 36 50
41 37 51
41 36 51
42 36 51
41 35 51
41 34 50
41 36 53
41 37 50
40 35 51
40 35 52
40 35 51
40 36 53
41 34 51
40 35 51
41 35 52
40 33 53
40 34 52
40 33 52
39 33 52
41 34 52
40 32 51
40 34 51
40 33 51
40 33 51
40 32 52
40 31 52
40 32 52
41 32 51
41 32 53
41 31 52
38 33 51
39 30 51
40 31 52
40 31 51
40 30 51
40 33 51
40 31 51
41 30 52
40 30 51
39 30 52
39 29 53
39 29 52
40 30 50
39 31 52
40 30 51
40 30 52
39 29 52
39 29 51
39 30 51
40 31 51
39 30 51
40 30 52
40 29 51
41 30 51
40 28 53
40 28 51
40 29 52
39 30 52
39 29 52
40 28 52
39 29 52
40 28 51
40 29 52
39 28 51
38 28 52
40 29 52
39 28 51
38 27 50
38 28 51
40 27 52
39 28 51
39 26 51
39 27 51
38 26 51
39 27 51
40 27 51
38 27 50
39 27 51
39 27 51
39 26 51
38 27 52
39 27 51
39 27 51
39 26 52
39 26 51
38 25 52
39 25 51
38 26 52
40 27 50
39 26 51
39 25 52
40 25 51
39 25 52
39 24 52
38 26 53
38 24 52
39 24 51
38 24 51
39 24 51
38 22 50
38 24 50
39 22 49
39 22 48
38 21 48
37 22 48
38 22 47
38 20 47
37 20 47
35 20 46
38 20 44
37 20 45
37 21 45
37 21 44
37 20 45
38 20 47
38 21 47
37 20 47
37 19 46
37 22 49
38 22 46
38 23 48
39 24 48
41 22 39
39 29 51
38 26 49
40 28 42
40 35 51
40 34 48
39 41 54
40 39 54
41 41 50
40 45 53
40 42 53
40 45 53
38 45 53
38 44 49
38 45 50
38 44 49
37 47 50
36 46 48
35 45 47
35 45 47
33 46 46
32 49 46
31 48 47
30 46 47
31 48 47
30 48 46
28 48 45
28 49 46
28 48 45
29 47 46
28 49 46
28 48 45
29 48 45
27 49 45
27 49 47
25 49 46
27 49 45
27 49 45
26 49 44
25 50 45
26 48 45
25 49 44
26 47 44
26 48 44
26 49 45
23 47 47
25 48 45
25 48 46
26 47 45
25 47 45
24 48 47
23 45 47
23 47 47
23 48 48
21 46 48
21 45 47
21 45 45
22 42 48
23 42 47
23 44 48
24 44 48
25 44 48
23 46 48
24 46 47
27 47 47
26 45 47
28 43 47
28 44 47
29 42 46
27 43 46
28 43 46
29 45 47
29 46 46
29 46 47
30 44 48
30 40 48
32 39 50
32 38 49
34 37 50
35 34 51
35 37 53
35 34 51
34 34 53
33 35 52
34 36 52
34 36 51
31 40 51
33 43 63
32 23 62
30 27 45
28 35 45
28 41 55
30 41 56
31 39 52
31 35 51
30 35 52
31 35 53
31 36 53
31 36 52
30 37 53
31 37 53
30 37 52
32 37 53
30 39 53
31 38 52
30 38 52
30 38 53
30 36 53
30 37 52
31 37 52
31 36 52
30 37 51
30 37 52
31 36 51
31 38 52
30 37 52
31 36 52
31 37 52
30 38 53
30 38 51
31 38 52
31 37 52
30 38 52
32 37 53
30 38 52
30 36 53
31 38 53
31 38 53
30 37 52
30 36 52
31 36 52
31 37 52
30 37 52
30 36 52
31 36 53
31 37 53
30 37 52
31 38 51
30 38 53
30 38 53
30 38 52
31 38 52
30 37 52
30 37 53
30 37 52
30 37 52
31 36 51
30 36 52
31 37 53
31 37 53
30 38 52
30 36 53
31 38 53
31 37 52
30 36 52
30 37 52
30 37 52
31 37 52
30 38 53
30 36 52
32 37 51
31 37 52
32 38 51
31 37 53
