35 40 51
35 38 51
35 38 52
35 39 52
35 39 52
35 39 51
36 38 51
35 37 53
34 38 53
36 38 51
35 38 50
34 38 52
33 38 52
33 37 52
34 37 52
33 38 52
34 38 52
36 37 52
34 37 51
33 35 51
32 37 52
30 41 53
32 39 52
37 38 53
31 43 52
35 44 52
34 43 52
35 44 52
33 44 52
38 46 54
34 37 50
35 39 52
33 39 51
32 40 51
32 40 51
32 37 50
30 37 51
30 36 52
31 38 51
29 38 51
28 40 50
29 42 51
28 41 50
27 42 49
28 45 50
29 42 50
29 41 49
29 44 49
28 41 49
29 41 50
29 41 51
29 42 50
28 41 52
29 41 51
30 43 50
30 42 49
30 42 49
30 43 49
29 44 49
30 43 50
28 45 50
29 45 48
28 43 50
29 46 49
29 45 49
29 44 49
29 44 49
29 43 49
29 47 48
28 45 48
28 44 49
28 48 48
27 46 47
27 48 49
26 49 48
26 48 49
26 47 50
27 48 48
28 47 47
29 46 47
30 47 48
30 46 48
30 47 45
33 46 47
31 46 48
34 46 48
34 44 47
35 45 48
35 44 47
38 43 47
37 44 47
38 43 49
38 42 49
39 42 48
39 42 49
38 41 50
40 42 49
40 41 49
41 41 51
42 41 48
41 40 49
41 39 49
42 39 48
41 40 49
42 37 49
42 39 49
41 38 50
42 38 49
43 38 50
43 38 49
41 39 50
42 40 51
42 38 50
43 38 50
42 37 50
43 35 50
41 35 50
42 36 50
43 37 51
41 38 50
42 37 50
42 36 52
41 36 50
42 36 51
42 36 51
43 35 52
43 34 51
43 34 51
43 34 51
42 35 51
41 35 50
41 34 51
41 33 51
41 33 50
42 32 50
40 33 51
41 32 50
40 33 51
42 32 52
41 31 50
41 32 52
41 33 51
42 31 51
42 31 51
41 31 50
43 31 51
41 30 51
42 30 50
42 30 50
42 29 51
42 29 51
42 30 52
41 29 50
41 29 50
42 28 52
42 30 51
42 30 50
42 29 51
42 28 50
41 29 50
41 29 51
41 28 51
41 30 51
42 27 50
41 29 50
41 28 50
42 29 50
41 28 49
42 29 49
42 29 51
41 28 50
42 29 50
42 29 51
41 28 51
43 27 51
40 29 50
42 29 50
42 31 51
42 33 51
41 32 51
41 32 50
42 32 51
43 33 50
43 34 49
42 32 51
43 34 51
42 34 53
43 35 51
44 35 50
43 37 51
44 36 50
43 38 49
43 40 50
43 41 48
43 40 47
42 42 47
40 41 46
40 43 46
40 41 47
39 42 46
38 45 45
37 46 46
35 45 47
35 47 46
33 48 45
31 48 46
32 49 48
31 50 46
29 50 46
29 50 46
29 46 47
28 47 47
27 50 47
26 49 47
27 48 48
27 47 49
25 48 47
27 47 48
26 46 48
29 48 49
28 48 48
27 49 48
26 49 49
24 41 47
19 45 49
19 45 48
21 44 47
23 42 46
24 41 48
28 42 48
31 43 48
32 41 50
33 42 51
32 43 51
32 44 47
34 47 52
34 51 49
35 51 48
35 49 46
35 44 50
35 39 49
35 36 48
32 37 48
32 39 47
30 45 51
29 50 52
32 44 49
33 43 47
33 47 49
32 51 48
33 47 48
30 49 47
31 47 49
29 41 51
32 42 51
31 43 51
31 43 50
31 42 50
30 45 49
30 43 50
33 45 49
35 44 49
34 44 49
34 45 48
34 44 49
33 45 50
33 45 50
33 45 48
32 43 50
32 45 49