33 40 52
33 33 52
33 39 52
31 40 52
32 39 52
32 39 51
30 38 52
31 40 52
31 39 52
31 39 52
32 39 52
32 40 52
32 38 51
32 39 52
32 39 53
31 38 52
32 39 51
32 40 52
30 39 53
31 41 52
32 39 52
31 39 53
33 39 52
32 39 51
32 39 51
31 39 52
32 39 51
32 38 52
31 38 52
33 40 52
32 39 52
31 39 52
32 38 52
31 38 52
31 39 51
32 39 52
32 38 51
32 41 53
33 41 51
32 41 52
33 40 52
33 41 51
32 40 53
32 39 52
33 39 52
33 39 52
34 38 51
34 38 52
33 38 53
32 39 53
32 38 53
32 37 53
32 38 53
33 38 52
31 38 53
31 38 52
31 39 52
31 37 53
32 38 52
31 37 52
31 37 53
33 38 52
31 39 51
31 39 52
32 40 51
31 39 52
30 39 52
31 40 51
30 38 52
31 40 52
31 39 52
31 39 52
31 41 51
30 41 51
30 41 51
30 41 52
31 41 51
30 40 52
30 41 51
32 42 51
31 41 51
30 42 52
31 42 51
31 42 50
32 42 51
33 41 50
33 42 51
33 42 51
32 42 50
31 41 51
32 42 50
32 41 50
31 41 50
32 42 50
33 41 50
31 43 50
31 43 51
32 43 51
33 43 52
31 44 51
33 44 51
33 43 51
34 43 52
34 45 50
35 44 51
35 43 49
36 43 50
38 41 49
37 39 47
38 39 48
38 40 49
38 39 49
37 41 49
38 40 50
38 40 51
36 41 50
37 42 51
38 41 52
37 42 52
38 43 52
37 42 51
38 41 52
36 41 51
36 42 51
34 42 50
34 42 49
36 42 48
35 43 49
36 43 49
36 44 50
35 45 50
35 44 50
36 44 49
35 43 50
35 45 50
35 44 50
35 44 49
34 43 51
34 44 50
34 44 49
35 44 50
33 45 50
35 44 50
34 44 51
32 43 51
33 44 50
34 44 50
35 45 50
34 45 51
34 45 52
33 43 50
35 44 49
34 43 50
34 44 50
34 44 50
34 44 49
32 43 50
34 43 50
34 44 50
34 43 50
34 44 50
34 42 50
33 42 50
34 43 50
33 44 49
33 43 50
33 44 51
33 43 50
33 44 50
34 44 49
33 44 50
33 44 50
34 44 50
34 44 50
34 44 50
33 43 49
33 43 50
33 43 50
33 44 49
34 43 50
33 42 51
34 43 50
33 44 50
33 43 50
34 44 50
33 43 50
34 43 50
34 43 50
33 43 51
33 42 50
34 41 50
33 43 50
33 42 50
33 41 50
33 42 51
33 42 51
33 44 50
34 43 50
32 42 51
34 43 50
34 42 50
34 42 51
32 42 51
33 42 50
34 42 50
34 43 51
34 43 51
33 41 50
33 43 50
34 42 50
33 43 51
35 42 51
34 42 51
33 43 51
33 43 50
34 43 50
35 43 51
33 43 50
34 42 51
33 42 50
33 42 51
33 42 51
34 43 50
34 42 51
35 43 50
33 43 51
34 43 51
35 42 50
33 43 51
32 43 51
33 44 51
33 44 50
33 43 50
33 44 50
33 45 50
35 44 51
34 44 51
35 45 50
34 44 50
35 44 49
36 44 51
35 44 50
36 44 51
36 44 51
37 45 51
37 45 51
37 45 52
38 43 50
38 42 50
39 42 50
39 41 49
39 41 50
39 38 50
39 39 50
39 40 51
39 38 52
39 36 52
39 38 51
41 36 51
40 36 52
41 36 51
40 36 52
40 36 52
40 34 52
42 34 52
43 34 51
41 33 51
40 33 51
41 32 51
41 31 52
42 32 52
41 32 51
41 31 52
40 31 52
40 31 52
40 32 51
40 32 52
39 30 51
40 30 51
40 29 52
40 29 52
40 30 51
39 29 51
41 29 52
41 28 50
40 29 52
42 28 52
40 28 52
40 28 51
39 28 51
42 28 52
40 28 51
41 27 51
40 27 51
40 26 51
40 26 51
39 25 51
39 27 51
40 26 51
40 26 51
40 25 51
41 25 51
40 25 51
40 24 50
39 25 50
39 24 49
40 25 51
40 24 51
40 25 50
41 25 51
40 25 50
40 24 50
40 25 51
39 25 51
40 25 50
40 25 50
39 24 50
38 25 51
39 24 50
39 25 51
40 25 50
40 24 50
39 24 50
40 24 50
39 24 49
40 26 50
39 24 51
40 23 51
38 25 50
40 24 50
38 24 50
39 23 51
40 24 50
38 23 50
40 23 50
40 22 49
40 22 51
39 22 50
40 23 50
40 23 50
40 23 50
40 23 50
39 24 50
39 23 49
40 24 49
39 24 50
39 23 50
40 22 50
40 23 49
40 23 50
40 23 48
40 23 49
40 23 50
39 22 50
40 22 50
40 23 50
40 23 49
39 23 49
40 23 50
40 24 50
40 23 50
41 24 49
41 23 50
40 24 49
40 24 49
39 23 50
39 24 49
39 23 50
40 22 49
40 22 50
39 23 49
40 23 49
39 23 49
38 22 50
40 22 49
39 22 49
40 22 49
41 22 49
40 22 49
40 24 49
39 22 49
39 22 49
40 24 49
40 23 50
39 22 49
39 22 49
39 21 49
39 22 50
40 22 48
41 22 49
39 22 49
40 22 49
39 22 50
40 22 49
40 21 49
39 22 48
39 22 49
39 23 50
39 21 50
39 22 49
39 22 49
39 22 49
40 20 49
39 22 50
39 22 49
39 23 49
40 22 49
40 22 49
40 21 49
41 22 49
40 22 49
39 23 51
40 22 49
40 22 49
39 22 50
39 21 49
40 22 49
39 21 49
40 21 50
40 22 49
39 22 49
40 23 48
40 21 49
39 22 48
39 22 48
38 21 48
40 21 50
40 21 49
38 21 49
39 21 48
40 21 48
39 22 49
40 22 49
40 23 49
39 22 48
40 21 49
40 22 49
39 22 48
39 21 48
40 22 49
39 22 48
40 23 49
41 23 50
40 25 51
40 26 50
40 26 52
41 26 52
40 29 53
41 28 52
41 27 53
41 27 52
41 31 52
41 30 51
41 30 52
41 30 51
43 33 51
42 32 53
41 33 51
42 33 52
41 34 53
41 35 53
42 36 52
41 35 52
40 36 53
40 36 53
40 35 53
41 37 52
39 35 53
40 35 51
39 35 51
39 33 50
39 32 48
40 34 47
39 34 47
40 33 49
40 33 49
39 35 50
39 37 51
39 39 52
39 40 52
38 43 52
38 43 53
37 44 54
37 45 51
36 46 52
36 46 51
34 45 52
35 46 50
34 47 49
33 45 50
33 44 50
35 46 49
33 45 50
34 46 48
34 45 50
34 44 50
32 45 49
35 46 50
34 44 50
33 45 49
32 45 50
34 46 49
33 46 49
33 45 49
34 44 48
32 44 49
32 45 49
33 45 49
33 45 50
32 45 50
33 46 50
31 43 50
33 43 49
32 43 49
30 44 52
30 43 50
29 41 51
31 40 52
30 42 51
32 40 51
32 42 51
31 41 50
33 42 51
33 40 51
33 39 51
34 42 51
34 41 53
33 41 52
32 41 51
31 42 50
32 42 51
32 42 51
32 41 51
32 41 52
32 40 51
32 40 52
31 42 51
32 41 51
32 39 51
31 41 52
32 42 51
32 40 50
33 41 50
33 42 51
33 43 51
33 41 51
32 41 52
33 41 51
33 41 50
32 41 51
32 41 51
34 41 52
31 41 50
32 41 52
34 40 51
32 43 51
32 41 51
32 41 51
32 40 51
32 42 51
33 41 51
32 42 52
32 41 51
33 42 51
32 42 52
33 41 51
32 41 51
33 42 51
31 41 51
32 42 51
33 40 51
32 42 51
32 42 52
32 42 51
32 42 51
33 42 51
34 41 52
32 41 51
32 42 52
31 42 52
31 42 51
33 40 51
31 41 51
32 41 52
33 42 51
32 41 51
34 42 51
32 41 52
33 40 50
31 41 50
32 41 52
32 41 51
32 41 52
32 39 51
32 41 51
33 41 51
32 41 51
32 41 51
33 42 52
31 41 51
31 41 52
32 41 52
33 42 51
32 41 51
32 41 51
33 41 51
32 41 50
33 42 51
31 41 51
33 41 51
32 42 51
32 41 52
32 42 51
32 41 51
32 41 52
31 40 51
33 42 51
32 41 50
32 42 52
31 42 50
31 41 51
32 42 50
33 41 51
33 41 52
33 42 51
33 41 51
33 42 51
31 42 51
33 41 51
31 41 52
32 40 52
33 41 52
31 41 51
31 42 51
32 41 51
31 42 51
32 42 51
30 41 52
33 41 51
32 42 52
32 41 52
33 42 50
32 42 51
32 43 52
33 40 52
31 42 50
31 41 51
32 42 51
32 41 52
31 40 51
33 40 52
30 40 51
32 41 51
32 41 52
32 40 51
31 42 52
31 41 52
32 40 51
32 40 51
32 40 52
32 40 51
32 40 51
32 41 52
32 40 51
33 40 51
32 39 52
32 40 52
31 40 52
31 39 52
32 40 52
31 39 52
31 40 52
31 39 52
32 39 53
32 40 52
32 40 52
32 41 51
32 39 51
32 41 51
32 40 52
32 42 51
31 41 51
32 41 51
32 41 52
32 41 52
32 40 52
33 40 51
