37 46 47
37 46 47
35 46 48
35 45 47
37 45 47
36 46 48
38 45 48
36 46 48
36 45 48
36 45 48
36 45 49
36 44 48
37 46 48
36 45 47
36 45 48
36 45 48
36 44 47
37 45 47
36 46 47
36 46 48
36 46 48
35 45 47
36 45 48
36 45 47
37 44 47
36 46 47
37 45 48
37 46 47
36 45 47
35 45 47
37 45 47
36 46 48
37 44 47
37 45 48
36 45 48
36 45 47
37 45 47
37 45 48
37 44 48
37 44 47
36 45 48
37 45 48
36 46 47
36 45 48
36 45 49
36 46 48
36 46 47
36 45 48
36 46 48
35 45 48
36 45 47
36 46 47
37 44 47
36 45 47
36 46 48
37 46 48
36 46 48
37 46 47
37 44 48
35 44 49
36 44 48
37 46 48
37 45 49
36 43 49
36 42 49
37 44 47
38 50 49
39 47 47
37 46 46
37 45 45
36 43 46
36 46 44
35 48 45
35 47 43
35 49 43
33 52 42
32 51 43
31 50 42
30 50 43
28 51 40
27 50 42
28 52 41
27 50 41
27 50 43
27 49 43
28 48 44
27 49 43
28 49 43
28 50 43
26 50 44
27 50 43
26 50 43
25 51 43
24 48 44
25 48 43
25 49 44
25 50 44
25 49 43
25 53 43
23 53 44
22 51 44
24 52 44
24 54 45
28 52 45
29 51 45
29 50 45
31 49 46
32 50 45
35 48 45
35 45 45
35 46 46
36 46 45
37 43 44
38 42 44
39 43 45
38 42 45
40 41 44
39 44 44
39 44 45
41 45 47
38 45 46
39 45 46
37 44 46
36 44 46
37 45 46
37 46 46
38 46 47
38 47 47
37 47 47
37 48 47
38 48 49
39 47 49
41 46 49
40 47 49
39 45 50
40 48 49
40 46 50
39 44 49
40 44 49
39 42 49
40 42 48
40 43 47
40 42 48
40 41 48
40 42 48
39 42 48
40 43 48
40 41 49
41 40 48
41 41 49
40 39 49
40 40 49
41 39 49
41 38 50
41 39 50
40 39 49
41 38 50
43 39 50
42 38 48
41 37 49
43 37 50
41 37 50
41 36 49
42 36 50
41 36 49
43 36 50
42 36 50
42 38 49
42 35 50
42 37 49
41 35 50
44 35 51
42 35 49
42 35 50
43 35 50
43 36 49
43 35 51
43 35 51
42 35 51
42 35 51
43 33 50
42 34 51
43 35 50
43 35 50
43 34 50
42 35 51
43 33 50
41 34 50
41 34 50
42 34 50
42 35 50
42 33 51
42 35 50
42 34 50
42 34 51
42 34 51
42 34 51
42 33 51
42 34 49
41 33 51
41 34 51
42 34 51
42 34 50
41 33 50
41 33 50
43 34 50
42 33 51
41 34 50
42 33 51
43 34 50
42 33 51
41 33 51
42 32 52
42 32 50
41 34 51
43 32 51
41 32 51
42 32 51
41 32 51
42 32 51
42 31 50
41 32 51
42 32 50
42 33 50
42 32 51
42 30 51
41 31 50
41 32 51
41 33 52
42 32 51
42 32 52
41 32 51
43 32 50
41 31 50
42 31 50
43 33 50
42 32 51
42 32 51
42 32 50
41 31 51
42 32 51
41 32 50
42 33 51
42 32 51
42 33 50
42 33 51
42 33 50
42 33 50
42 33 51
41 33 51
41 33 51
42 33 51
41 34 51
41 33 51
41 35 51
42 35 51
42 35 51
41 35 51
41 36 51
42 34 50
43 35 51
41 36 51
42 35 51
42 35 50
41 36 51
41 35 50
43 36 49
42 35 51
41 35 51
41 35 51
42 35 51
42 35 52
43 36 51
42 34 50
42 35 51
41 36 51
41 35 50
43 35 50
41 35 50
42 35 50
42 37 50
41 35 50
42 35 50
42 35 50
43 34 50
42 34 51
41 35 50
42 36 50
41 35 52
41 34 51
42 36 50
41 35 50
42 35 51
41 35 49
41 36 50
42 35 50
42 36 50
42 36 50
42 35 51
41 35 51
41 35 51
41 34 51
42 35 51
41 35 50
42 36 50
41 36 51
42 36 51
41 36 50
42 37 50
42 35 50
41 35 50
43 36 50
41 34 50
42 35 50
42 34 51
41 35 50
41 35 51
42 35 51
42 36 51
41 36 49
42 34 51
41 35 50
42 35 51
42 35 51
42 36 50
42 35 52
42 35 50
41 34 51
42 36 50
41 35 50
42 35 51
41 36 50
43 35 50
43 35 50
41 36 51
42 35 51
42 34 50
41 35 51
42 36 50
42 34 51
43 35 50
40 35 51
42 36 51
42 36 50
42 34 51
42 34 51
42 36 51
42 34 50
42 35 50
41 36 51
40 35 51
42 35 49
43 34 51
41 35 49
43 33 49
42 34 50
43 35 51
42 35 50
41 34 51
41 34 51
42 33 51
42 35 51
41 35 51
43 34 51
42 35 50
41 34 51
42 35 50
42 34 51
42 35 51
42 35 51
42 35 50
42 34 51
42 34 50
41 35 51
41 34 51
43 34 49
41 34 50
41 34 50
41 34 51
43 34 50
42 33 50
41 34 51
42 35 51
43 34 51
42 35 51
41 35 51
41 33 51
42 34 52
41 34 51
41 34 51
41 33 51
42 34 50
42 34 51
42 33 50
43 33 51
41 34 51
41 34 51
42 33 51
43 33 49
42 33 51
41 33 51
41 33 50
41 34 52
43 32 51
42 32 51
41 32 51
41 33 51
42 33 50
41 33 51
41 32 51
41 32 51
43 32 51
41 32 51
41 31 51
41 31 50
42 33 50
41 33 51
41 32 50
42 31 50
40 32 50
43 32 51
42 32 51
42 32 50
41 31 51
41 32 51
41 31 50
42 32 50
43 31 50
42 31 51
42 31 51
41 31 51
42 32 50
42 32 51
41 32 50
42 32 50
41 32 51
42 32 50
42 31 50
41 31 50
41 32 51
42 32 50
42 33 50
42 32 50
41 31 50
42 32 51
43 32 51
43 34 50
41 33 50
42 31 50
42 33 51
41 34 50
42 35 50
42 34 50
41 35 49
41 34 50
42 34 50
42 34 50
41 36 49
41 35 49
41 36 50
42 37 50
41 38 49
41 39 49
42 40 49
41 39 48
40 39 47
39 41 47
40 41 48
39 43 48
37 45 48
38 44 47
36 46 46
35 46 45
34 48 47
31 49 47
31 48 46
31 48 47
29 49 46
29 50 44
29 48 44
29 50 45
28 51 45
27 49 44
27 50 45
28 49 44
27 51 43
26 50 43
26 51 43
26 51 43
26 50 43
26 50 43
25 49 43
25 50 43
26 49 42
26 49 43
25 49 42
24 49 42
24 49 42
22 49 43
24 48 42
23 49 42
23 49 43
23 48 43
25 48 42
23 49 43
23 48 42
24 49 42
24 49 42
24 49 42
24 50 42
24 49 42
25 50 43
24 48 42
23 48 42
24 49 42
24 48 42
23 49 43
24 49 42
23 50 42
24 48 42
24 50 41
23 48 42
24 48 42
23 50 42
23 48 42
24 49 42
23 49 43
24 49 43
22 49 42
23 49 41
23 48 42
24 48 42
23 49 41
24 48 41
23 47 40
23 47 44
24 51 43
23 50 42
23 49 43
22 49 42
22 48 44
22 46 43
19 46 42
21 46 42
20 47 42
20 47 42
20 47 41
21 48 42
21 48 43
24 47 43
26 49 42
27 51 42
27 51 42
28 52 40
29 53 40
29 55 39
31 52 39
32 51 39
31 50 37
32 49 39
32 48 37
32 49 38
34 49 41
34 50 41
38 52 42
38 50 44
40 52 44
41 50 46
39 49 45
38 43 44
36 42 42
35 46 42
34 44 40
36 63 53
34 43 39
34 46 42
35 51 44
36 55 42
36 50 41
36 51 42
37 51 42
37 50 42
38 51 41
37 50 40
37 52 40
37 50 41
36 50 41
35 50 40
36 51 41
36 51 41
35 52 41
37 52 41
37 51 40
36 51 41
36 50 40
36 50 40
37 51 40
36 52 41
37 51 41
37 50 41
35 51 41
36 51 39
38 51 40
37 51 40
36 50 40
36 52 40
37 52 39
36 52 40
37 50 41
36 52 39
36 51 41
37 51 40
36 51 40
37 51 41
36 51 40
36 51 41
38 50 41
36 51 41
36 51 40
37 50 41
36 51 39
36 51 40
36 51 40
36 51 40
36 51 40
37 51 41
35 49 40
36 51 40
36 52 40
37 51 41
36 52 40
37 52 41
36 51 41
36 50 40
37 52 40
36 51 40
36 50 40
36 51 41
36 51 41
36 51 41
38 50 40
36 51 40
36 50 40
35 51 41
36 50 40
35 52 41
37 51 40
35 52 40
36 51 40
36 50 40
36 51 41
37 51 40
36 51 40
36 51 40
36 52 41
36 52 40
