34 38 52
34 38 52
34 38 52
35 41 52
34 41 51
34 40 52
36 40 52
36 40 51
35 41 52
35 39 51
34 39 51
35 40 51
35 40 52
34 40 51
35 41 53
34 41 52
34 39 51
35 39 51
33 40 51
33 39 52
33 40 51
34 39 52
33 40 52
33 39 52
32 39 51
33 39 51
33 40 53
32 41 52
33 39 51
31 38 51
32 39 51
32 40 52
33 39 52
34 39 52
33 39 51
32 40 53
32 38 51
33 39 51
32 40 52
32 39 51
33 38 52
32 40 52
33 40 51
33 39 51
32 38 51
33 41 51
34 39 52
34 40 52
32 38 52
32 39 52
32 39 52
33 40 52
32 38 52
32 39 50
33 39 52
32 38 54
33 41 52
33 41 52
30 38 52
34 41 51
32 41 50
31 40 51
32 41 51
33 41 51
33 40 52
34 40 52
35 41 53
36 41 52
37 41 51
36 42 53
36 45 50
34 45 50
34 44 48
35 45 48
34 44 49
34 45 48
33 47 46
31 46 48
31 47 47
31 48 47
30 46 46
30 46 47
30 46 47
29 48 49
30 46 47
30 46 48
32 45 47
32 47 48
31 47 50
31 48 47
31 47 47
30 45 47
30 48 47
29 45 47
30 47 46
29 47 46
29 46 47
30 49 48
29 49 47
30 48 49
29 48 49
32 48 48
30 49 48
32 48 48
34 47 48
34 48 47
33 47 48
35 44 47
35 43 48
36 44 49
36 43 49
37 43 50
40 40 49
37 41 50
41 41 51
41 38 49
41 38 50
41 38 51
41 39 51
41 37 50
40 38 51
41 37 51
41 36 51
39 35 52
41 36 51
42 35 50
41 35 50
41 36 51
40 34 50
41 35 50
41 34 51
42 35 50
41 36 51
42 34 51
40 34 51
40 33 51
39 33 52
40 34 51
40 35 52
40 33 51
39 33 52
40 34 51
40 34 51
40 32 52
39 33 51
40 33 51
39 33 52
38 33 51
39 33 52
40 32 51
39 32 51
39 32 51
39 33 53
39 32 52
38 32 52
39 31 52
40 34 53
39 31 52
40 33 52
38 31 52
40 33 52
38 32 51
39 31 52
38 31 51
39 32 53
38 32 53
39 32 52
37 31 52
39 31 52
39 31 52
40 32 52
39 32 52
38 32 53
39 32 52
39 32 52
39 31 52
38 31 52
39 32 51
39 32 52
39 31 52
39 30 52
40 32 51
38 31 53
39 31 52
39 31 52
38 31 52
38 32 52
40 31 52
39 32 52
38 31 53
39 32 53
38 31 52
39 32 52
38 31 53
39 31 52
38 32 52
38 32 52
40 32 53
38 32 52
38 32 52
39 31 53
38 31 52
38 31 51
39 32 52
39 32 52
39 31 51
38 32 52
39 32 52
39 32 52
38 32 52
40 31 51
40 31 52
39 32 52
39 32 53
38 31 52
39 32 52
40 30 52
39 31 52
39 31 52
38 31 52
39 31 52
38 31 52
40 30 52
39 32 51
39 30 53
38 32 53
36 30 53
39 31 52
39 31 53
38 30 52
38 31 52
39 31 52
38 29 52
38 30 51
39 31 52
38 30 52
39 31 51
37 30 52
39 31 52
38 30 52
39 30 53
39 31 52
37 31 52
38 30 51
38 30 52
38 30 51
38 30 52
38 30 52
38 31 52
38 30 52
39 31 52
38 30 53
38 30 52
39 32 52
37 29 53
39 31 52
39 30 52
40 33 52
38 32 53
38 31 52
39 31 52
40 31 52
38 32 53
39 32 52
40 32 51
38 31 52
40 32 52
38 33 52
39 31 52
39 32 52
39 32 51
39 31 51
38 32 53
39 34 52
40 35 51
41 34 51
39 35 53
40 35 51
40 35 52
40 37 51
39 38 50
39 38 52
38 39 52
38 38 50
38 39 51
38 40 50
38 41 50
38 41 51
38 42 49
38 43 50
36 45 48
36 45 48
35 44 48
34 47 47
33 47 46
32 45 46
32 48 47
31 46 46
29 48 45
29 48 46
29 49 47
30 48 47
30 48 47
29 48 47
30 48 47
30 48 48
30 49 46
31 48 48
31 49 46
30 48 46
31 47 47
31 47 46
30 47 46
30 49 47
31 48 48
30 47 47
31 46 47
30 46 45
30 48 47
29 47 47
30 47 46
29 46 47
29 46 46
30 47 46
29 48 48
30 48 46
30 49 46
30 48 46
32 48 46
32 46 46
32 49 46
32 47 48
34 47 47
33 49 48
32 47 47
31 49 46
32 49 46
32 48 47
31 48 47
30 48 46
30 47 46
31 46 47
31 46 48
31 46 47
30 46 49
32 46 48
31 46 49
30 46 47
32 46 49
32 45 48
31 44 48
31 47 49
32 45 49
31 45 49
33 46 48
32 45 49
32 44 48
33 46 48
34 46 49
33 46 47
32 48 48
33 46 48
33 46 48
34 47 48
33 46 47
31 46 48
33 47 47
33 46 48
34 46 48
31 45 47
32 47 47
33 46 47
33 47 48
33 47 47
32 47 48
34 45 47
33 47 48
33 45 48
31 48 48
33 46 47
33 47 48
33 46 47
32 45 48
32 46 47
32 46 48
32 46 48
32 46 48
33 46 49
31 47 48
32 46 46
32 44 49
33 45 48
32 46 48
33 46 47
33 46 48
32 46 49
33 46 48
32 46 49
32 46 48
32 47 48
32 46 47
33 46 48
33 45 48
33 46 49
32 46 48
33 45 47
32 46 49
32 46 49
33 46 48
32 45 48
