38 29 52
38 29 52
36 30 52
36 30 52
36 30 51
37 30 53
37 30 52
36 30 53
37 30 53
37 29 52
36 28 52
37 30 53
34 29 53
36 30 52
34 30 55
34 31 55
37 30 52
37 30 53
36 28 52
37 31 51
37 30 50
36 30 50
36 31 51
36 28 51
35 30 52
38 30 56
38 28 58
36 25 56
36 29 56
36 32 54
37 34 51
38 37 49
39 36 48
40 36 47
41 35 47
41 36 48
40 35 48
39 36 49
38 34 51
38 33 52
37 33 53
38 34 52
39 34 52
39 33 54
39 32 54
36 33 53
36 33 53
37 32 53
38 34 53
37 34 54
36 37 53
35 38 53
34 38 53
34 38 52
34 37 52
33 38 52
32 40 50
32 40 51
31 40 51
30 40 50
31 38 51
30 39 51
30 37 51
29 39 50
29 37 52
29 36 52
32 36 53
31 36 53
30 39 53
31 37 52
29 38 53
31 40 51
29 41 53
27 43 54
27 42 54
28 43 53
28 44 54
30 43 53
32 43 53
32 39 53
34 40 52
35 41 51
35 40 51
36 41 51
37 40 51
37 38 49
36 39 50
37 38 50
38 38 50
39 38 51
38 36 50
39 36 50
39 35 50
40 36 52
41 38 49
40 37 49
41 35 51
42 35 51
41 36 51
42 34 50
43 34 51
43 34 50
43 35 51
42 34 51
43 33 51
43 33 49
43 32 50
42 35 51
43 33 50
43 32 52
42 34 50
42 33 49
43 32 50
43 32 50
42 33 50
43 32 50
42 32 51
43 31 52
43 31 50
41 31 51
41 32 51
43 32 50
42 32 51
44 31 50
42 30 49
42 32 50
43 31 50
43 31 49
43 30 50
42 30 49
42 31 50
43 30 49
43 29 50
42 30 50
41 29 50
43 30 50
42 29 49
42 29 49
42 29 50
42 29 50
44 29 50
44 28 50
44 28 49
44 29 49
43 29 49
43 30 50
43 29 50
43 29 49
43 29 49
42 30 49
42 29 50
43 29 50
42 29 49
43 29 49
43 29 49
42 28 50
43 28 49
43 28 49
43 29 49
43 28 49
44 28 48
43 28 48
42 29 48
43 28 50
43 29 49
41 29 50
43 28 51
42 28 49
43 28 50
42 28 49
42 29 50
42 28 50
43 28 49
42 29 49
43 29 49
43 28 49
43 29 50
43 28 49
43 29 50
42 29 49
43 29 49
43 29 49
42 28 50
43 28 50
43 27 50
42 29 50
43 28 50
42 28 50
42 27 49
43 31 50
44 29 50
42 28 49
43 27 50
43 28 49
42 28 51
43 29 52
42 28 49
43 29 50
42 28 50
42 28 50
43 29 49
42 29 49
43 28 50
43 28 50
43 29 49
43 28 50
42 29 50
42 29 50
43 29 50
43 28 50
43 28 50
43 28 50
43 29 50
43 28 50
42 28 49
43 28 50
43 28 50
44 29 51
43 29 50
42 28 50
44 29 49
43 29 50
43 29 50
43 28 50
42 28 49
44 26 50
43 28 50
44 28 50
42 30 49
44 28 50
43 27 49
42 29 50
43 29 49
42 29 50
42 29 50
42 27 49
42 28 49
43 27 50
43 29 49
42 28 50
43 27 49
42 29 49
43 29 50
42 29 49
44 29 49
43 28 50
43 28 50
42 28 49
43 28 49
43 28 49
43 28 49
43 29 50
42 28 50
42 27 49
44 29 49
44 28 50
42 29 49
42 29 50
43 28 49
44 28 49
43 28 49
44 28 50
43 28 51
42 28 49
42 28 50
42 28 49
42 27 50
44 28 49
42 28 49
41 29 50