35 44 50
36 45 50
34 43 50
37 44 50
36 42 49
36 42 50
36 43 49
35 44 49
35 43 49
34 44 50
34 43 50
35 42 49
35 44 50
36 43 49
35 44 49
35 43 49
36 43 50
35 43 50
35 44 50
36 43 50
35 43 50
36 44 50
34 43 50
36 43 49
36 44 49
35 44 51
36 43 50
36 43 50
34 44 50
36 44 49
35 43 50
35 42 50
35 43 49
35 43 50
34 43 49
36 41 49
34 43 50
34 42 50
35 43 50
35 43 50
35 43 50
35 43 50
35 42 50
35 43 50
36 43 50
35 43 49
36 43 50
35 44 49
35 43 49
35 44 50
35 43 49
35 43 51
36 44 50
34 45 50
34 43 49
34 43 49
35 43 50
35 43 51
36 43 50
35 44 51
35 43 50
35 43 49
35 44 49
34 45 49
35 43 50
34 45 49
35 45 50
36 46 48
37 45 49
36 46 48
35 44 49
37 46 49
37 45 49
35 45 47
35 45 48
34 45 49
34 41 50
36 44 49
34 46 49
34 47 50
34 44 49
35 44 49
35 46 48
34 42 47
34 44 48
33 44 48
35 45 47
33 45 47
34 45 47
36 49 48
35 47 48
35 47 46
34 48 46
34 47 48
35 45 46
33 46 45
33 46 46
34 50 48
34 48 46
35 46 46
33 46 44
33 50 47
35 49 47
34 47 47
34 47 47
33 49 48
33 47 46
35 46 46
34 47 46
33 48 44
33 49 46
32 48 48
32 49 44
32 49 48
33 47 46
32 48 46
32 49 46
33 49 47
34 51 47
35 51 48
35 49 47
36 47 46
37 46 47
36 45 45
37 46 46
36 45 46
37 44 45
38 47 46
39 44 46
39 44 46
41 43 47
40 43 47
40 45 46
42 43 48
41 42 48
41 44 48
41 43 48
40 44 49
41 42 48
41 42 49
41 43 48
41 43 48
40 42 48
40 42 49
42 41 48
41 42 48
42 43 49
40 41 50
41 41 48
43 41 49
42 42 49
41 41 48
41 41 49
42 40 49
43 40 49
43 40 49
43 40 49
42 39 49
43 40 49
43 39 49
43 39 48
43 40 50
44 39 48
42 38 49
43 39 49
43 40 49
43 39 49
43 38 49
44 39 48
44 39 48
43 38 48
43 39 49
43 38 49
44 39 49
43 37 48
43 38 48
45 40 48
44 39 49
43 38 49
42 39 48
42 40 50
43 40 49
44 40 49
43 40 49
43 40 48
43 40 48
44 40 48
43 40 48
44 41 48
43 40 49
43 40 48
44 40 49
43 40 49
43 40 49
42 41 49
43 40 48
42 41 49
43 41 49
43 41 49
43 40 48
43 39 49
44 40 49
44 39 49
43 40 49
43 41 49
44 40 48
43 40 48
43 37 48
44 39 49
44 40 49
43 40 49
44 38 49
45 39 49
44 39 48
45 39 49
43 39 48
43 38 49
43 38 49
44 37 49
43 39 50
42 37 49
42 37 48
44 38 49
43 38 49
44 38 48
44 37 49
46 38 49
45 37 50
44 36 49
44 35 49
44 37 49
44 37 50
42 36 49
45 34 49
44 35 50
44 35 49
45 35 50
44 36 50
45 34 49
45 32 49
45 35 50
45 35 49
44 33 49
44 33 49
46 32 48
45 34 49
45 34 50
45 32 49
44 32 49
46 33 49
44 33 49
44 33 49
46 32 49
45 33 50
45 32 49
45 32 50
45 31 48
46 33 49
44 32 50
45 32 49
43 31 49
45 32 49
46 32 49
44 32 48
45 31 49
46 31 49
45 31 48
46 31 49
45 32 49
45 32 48
45 32 50
43 30 49
46 31 49
46 31 49
46 31 48
46 31 48
45 31 49
45 31 48
45 31 48
45 31 48
45 31 48
44 30 49
45 30 49
44 30 48
46 30 49
46 30 50
45 30 49
45 30 50
46 30 49
45 31 48
44 30 48
45 31 50
45 30 49
46 30 48
45 30 49
46 30 49
46 30 48
46 30 49
45 28 48
45 31 49
46 31 49
46 30 48
46 30 48
45 30 49
44 29 49
46 30 49
44 31 48
44 31 49
44 29 49
45 30 48
45 31 50
47 30 49
46 30 49
45 30 48
45 30 48
45 30 48
45 29 49
46 31 48
46 30 49
45 31 48
45 30 48
46 29 48
44 30 48
45 30 48
46 31 48
45 30 49
46 31 48
44 30 47
45 29 48
46 31 49
45 30 49
45 30 49
46 30 49
45 31 49
45 31 48
45 34 49
45 36 47
46 34 49
45 35 47
44 36 49
44 37 49
45 38 50
45 38 48
45 39 49
46 36 48
45 38 49
44 38 49
44 38 49
44 38 49
45 37 49
45 38 48
43 39 49
45 38 49
45 36 48
44 39 49
45 38 49
45 38 48
45 36 48
45 38 49
44 37 49
44 38 49
44 37 49
44 36 50
44 36 49
45 37 48
45 36 49
45 37 49
45 36 50
45 36 48
45 37 50
46 36 49
44 37 48
45 36 49
45 35 49
46 34 49
44 35 49
45 37 49
45 36 48
45 35 50
45 35 49
45 36 50
45 35 49
46 34 50
46 34 49
45 35 49
45 35 49
44 35 49
45 34 49
45 34 49
46 34 49
45 33 49
46 33 49
46 32 49
46 32 49
46 30 49
46 32 49
45 32 48
45 32 49
45 31 49
45 30 48
45 33 48
45 32 48
46 32 48
47 31 48
46 30 50
46 30 49
46 30 47
46 30 49
44 29 48
45 28 49
46 31 49
44 30 48
45 29 48
44 28 49
46 29 49
44 28 48
44 28 48
44 29 49
44 28 48
46 29 48
45 29 49
45 29 48
44 29 48
45 29 48
45 28 49
45 28 48
45 29 49
44 29 47
44 28 48
45 28 48
44 27 48
45 29 47
46 27 48
45 30 47
46 28 48
45 27 48
45 28 49
45 29 48
46 28 48
46 28 49
46 29 48
44 30 49
45 31 49
46 30 48
45 30 48
46 32 49
45 30 49
46 30 49
46 31 49
45 33 48
46 33 48
48 31 49
45 32 49
45 31 49
46 32 48
45 32 49
45 32 49
46 32 49
46 33 49
46 35 48
45 33 49
47 32 48
46 34 49
45 32 48
46 34 50
46 34 48
46 33 49
46 33 49
44 33 50
45 34 49
46 34 50
45 33 49
46 33 49
45 33 50
45 33 48
46 32 49
46 32 48
46 32 49
45 33 49
46 32 49
46 32 50
45 34 50
45 33 49
44 32 49
46 33 49
45 32 50
45 32 50
46 32 48
45 32 48
45 33 50
45 31 48
45 31 48
45 32 48
46 32 50
46 32 49
46 30 49
45 31 49
46 31 49
45 31 48
45 31 48
47 31 49
46 32 49
45 30 48
47 27 49
45 30 49
45 28 49
45 30 48
46 30 48
45 28 49
46 30 49
46 28 49
45 29 48
46 28 48
44 29 48
45 28 47
45 29 48
45 27 49
45 27 48
44 27 49
46 28 48
45 27 48
44 26 48
45 25 47
44 26 48
45 27 47
45 27 47
46 27 48
45 26 48
46 25 49
44 25 46
45 25 46
45 24 46
44 27 47
44 26 46
45 24 46
43 24 48
44 26 48
45 26 46
45 24 45
46 24 47
45 25 47
46 24 47
45 25 47
45 25 47
44 24 47
44 25 46
45 26 47
45 25 46
45 24 46
45 24 47
45 25 47
46 26 47
46 26 47
46 27 48
45 28 46
44 27 47
46 26 47
45 28 48
45 29 47
45 28 46
47 28 49
45 32 48
45 32 46
44 29 46
44 33 50
42 38 48
43 40 49
43 37 48
42 40 48
41 44 47
41 42 48
41 45 50
39 45 46
38 45 46
40 46 48
38 49 50
36 48 48
38 46 47
36 45 48
37 48 48
36 48 48
35 49 48
36 48 47
35 48 47
35 49 45
36 50 47
34 51 48
35 51 47
36 49 45
35 49 45
35 49 45
34 49 44
35 48 43
36 49 44
34 50 43
36 48 44
34 50 44
34 50 44
33 50 43
34 50 43
33 48 42
33 50 45
34 51 44
34 50 45
33 49 43
34 48 45
34 48 44
32 49 47
32 47 46
32 46 46
32 49 47
32 48 47
33 48 45
34 49 44
33 48 47
33 48 45
34 48 44
35 48 45
34 50 44
35 50 46
33 49 44
33 49 46
35 48 45
36 48 46
35 50 44
35 53 44
36 53 44
37 50 41
35 53 44
36 54 46
38 47 45
38 51 44
37 49 43
35 48 44
34 49 45
31 48 44
28 37 38
34 46 44
34 53 49
35 36 48
37 36 55
35 43 59
34 43 53
35 40 46
36 43 48
36 42 51
35 45 50
37 47 50
37 44 49
38 44 49
35 44 48
37 42 49
36 45 48
36 45 49
35 44 49
35 44 50
36 43 49
35 45 50
35 43 49
37 41 50
34 42 50
37 42 51
36 44 50
35 43 53
34 41 54
34 36 53
35 38 54
34 45 56
34 35 51
35 37 50
37 47 50
39 46 48
41 37 47
41 40 44
41 39 47
42 36 50
38 36 52
36 35 51
36 38 53
36 35 54
35 35 51
34 36 56
35 41 56
34 34 52
34 34 52
35 42 53
35 40 52
36 40 51
35 40 52
37 37 52
36 40 51
36 45 51
36 42 51
36 41 51
36 39 51
35 42 52
35 44 51
35 42 50
35 42 51
36 41 51
35 42 50
35 42 51
35 43 51
35 41 51
35 42 50
36 41 50
35 41 50
35 42 50
35 41 52
35 41 50
36 42 50
36 42 51
35 41 51
36 41 51
36 42 51
35 42 51
36 40 51
36 41 50
34 41 50
36 42 50
35 40 51
35 42 51
35 42 51
34 42 51
35 40 52
35 42 51
34 42 51
35 42 50
34 40 51
