32 40 51
30 41 51
30 41 51
32 41 51
30 41 52
31 39 51
32 40 51
31 40 53
31 40 51
32 41 52
32 39 52
30 39 51
32 40 52
31 40 50
31 40 53
31 38 52
29 40 51
32 40 52
31 41 52
32 40 52
32 38 53
34 38 55
33 38 55
37 38 53
37 41 53
36 38 50
37 41 49
36 44 50
35 42 50
35 44 49
34 42 49
33 41 50
34 42 50
32 42 49
31 43 48
29 44 47
30 45 48
28 48 46
29 48 47
28 47 47
28 46 46
27 47 46
27 47 45
26 47 44
25 48 43
25 48 43
23 48 44
25 49 43
24 50 42
25 49 42
25 49 43
25 49 42
25 49 42
26 49 44
26 49 44
24 52 45
26 50 43
26 50 39
25 50 43
26 52 44
27 51 41
26 51 42
24 50 43
23 50 44
24 51 44
25 53 44
24 53 45
27 52 44
26 52 43
26 51 43
28 49 44
29 51 43
29 49 44
31 48 44
31 48 44
32 49 45
33 46 45
34 45 45
34 46 47
37 44 47
37 44 47
38 43 48
39 43 48
38 44 49
41 43 49
40 42 49
41 42 49
40 39 48
41 41 50
41 40 50
41 39 48
40 41 49
42 40 49
40 40 50
41 40 50
41 38 49
41 39 50
41 39 51
39 39 51
39 39 51
38 38 49
40 40 51
40 37 50
40 38 52
40 39 52
40 39 51
39 38 53
39 37 51
40 36 51
39 37 52
40 38 51
39 36 50
38 39 51
39 36 50
39 36 52
39 37 52
39 35 51
38 37 52
38 37 51
39 37 51
39 37 52
39 37 51
39 37 50
38 36 52
39 37 52
38 35 51
39 34 51
39 35 51
39 35 51
38 35 52
38 34 51
39 34 51
38 33 53
39 34 52
39 33 51
38 35 52
39 33 53
38 34 52
38 33 52
39 34 51
39 34 52
39 33 52
39 32 52
40 34 52
39 34 51
37 33 53
38 33 52
38 33 51
38 32 52
38 32 51
40 34 53
38 33 51
37 34 51
38 33 52
38 32 52
38 33 52
38 32 53
38 33 53
38 32 52
38 32 52
37 34 52
38 32 53
38 33 53
38 32 53
38 34 53
38 32 51
39 33 52
38 32 52
38 33 52
38 33 52
39 31 52
38 33 53
39 33 52
39 33 52
38 33 51
37 33 53
39 32 53
39 33 52
39 34 53
38 33 52
37 33 53
38 33 52
38 34 52
38 33 52
38 32 52
38 32 52
38 33 52
39 34 53
38 33 52
39 31 52
39 31 51
38 31 52
39 32 52
37 33 51
39 32 53
38 31 51
38 31 52
38 32 52
39 33 52
39 33 51
38 32 52
39 32 51
39 33 52
38 33 52
38 32 52
39 33 52
39 33 52
40 35 52
39 34 52
40 32 51
40 33 50
41 33 50
41 35 51
41 35 51
41 36 50
40 37 51
41 37 51
39 38 50
39 40 51
39 39 50
38 40 51
38 39 49
37 41 49
38 42 49
36 43 50
36 45 48
36 44 48
37 45 49
37 46 47
36 47 47
35 47 46
35 47 46
35 46 45
34 48 45
33 48 45
33 48 44
34 48 45
32 48 44
30 50 45
30 48 43
31 49 44
30 49 45
29 48 45
28 50 44
27 50 44
27 49 44
27 49 43
26 49 44
24 51 44
25 51 44
25 51 44
25 50 44
25 51 42
26 50 43
27 51 42
27 50 42
28 55 46
27 50 43
27 51 42
27 49 42
27 50 42
27 49 43
26 49 44
26 50 42
27 50 43
26 51 43
24 50 44
23 48 43
22 49 44
23 50 43
21 49 42
23 48 42
24 48 44
24 48 43
26 51 42
27 50 43
29 49 42
30 51 42
31 51 43
31 49 44
33 47 44
34 47 46
33 44 47
33 43 48
34 41 48
33 43 49
33 44 52
34 43 53
34 39 51
34 38 46
34 35 49
26 30 49
37 22 63
30 41 55
29 40 49
30 43 49
30 37 51
30 38 53
29 38 53
30 37 53
31 37 53
31 38 52
30 38 51
30 38 52
30 38 50
29 38 51
30 38 53
30 37 53
29 40 53
29 39 52
29 37 52
30 38 52
30 39 51
32 38 52
30 39 52
30 38 51
30 38 51
30 37 51
30 39 52
31 37 51
30 38 52
31 38 52
29 40 51
31 38 52
30 40 51
30 38 52
30 39 52
29 40 51
31 39 52
29 39 51
29 39 52
31 39 52
31 39 52
30 40 52
30 40 52
30 39 52
30 39 51
29 38 52
30 38 52
31 40 51
30 39 51
31 39 52
30 39 53
30 39 51
