32 35 53
31 34 53
31 36 52
30 36 53
31 36 53
30 35 52
31 35 52
31 35 52
31 36 53
31 35 53
31 35 51
32 36 53
31 35 54
31 35 52
31 35 52
31 35 52
30 36 53
31 35 53
30 35 53
31 34 54
31 33 55
33 34 54
32 33 55
32 33 54
32 34 54
31 35 54
31 35 54
31 36 54
31 36 54
32 36 54
34 36 53
32 35 54
33 34 52
33 34 50
33 33 52
34 33 50
35 32 51
36 32 52
37 33 53
38 35 53
35 35 53
34 37 52
33 39 52
30 39 50
30 40 49
27 42 50
27 42 47
26 44 47
26 46 48
27 46 48
25 45 48
25 46 48
25 47 46
26 44 47
26 44 47
29 46 48
29 46 47
28 45 47
28 47 47
27 49 48
28 49 47
26 48 46
27 48 46
29 50 46
28 48 46
30 48 48
28 49 46
28 49 45
27 49 46
29 48 45
27 49 44
27 47 46
28 49 45
26 48 48
27 49 47
26 49 47
28 48 47
29 48 47
28 48 46
30 47 45
30 48 45
29 48 44
30 47 47
31 48 47
31 49 45
32 47 46
33 48 47
33 47 47
34 47 47
34 47 48
34 47 47
34 48 49
34 45 48
36 45 49
35 45 49
38 45 48
40 44 49
39 42 49
41 43 49
39 43 50
41 43 49
41 41 49
41 42 49
41 40 48
41 41 47
40 41 48
41 40 48
41 39 49
42 40 50
42 38 50
44 38 51
42 36 50
43 36 51
42 36 49
43 37 49
41 37 48
42 34 49
43 34 50
44 35 50
43 33 51
44 33 50
44 34 51
43 34 50
44 33 50
44 34 51
44 33 50
44 33 49
44 33 49
44 32 50
43 32 49
43 32 50
44 32 50
44 32 50
44 32 50
44 32 50
43 31 50
43 30 50
43 30 51
42 32 51
42 32 50
42 31 51
43 32 52
42 32 50
42 30 52
43 31 50
44 30 50
42 30 50
42 32 50
42 30 50
43 30 50
43 29 51
43 30 50
41 29 51
41 29 50
42 29 50
42 29 50
42 30 50
42 29 51
42 28 51
41 29 49
41 28 50
42 28 50
41 28 51
41 29 51
41 27 51
43 27 50
41 28 50
42 27 50
41 27 49
42 28 50
41 26 51
42 27 48
40 27 50
41 28 49
41 27 50
42 27 50
42 27 50
41 27 51
41 27 50
41 27 51
41 27 50
43 27 49
42 26 51
41 26 49
41 26 50
41 26 51
42 26 50
42 26 49
42 27 49
42 26 50
41 25 49
41 26 50
41 27 51
41 27 50
41 27 50
41 26 50
41 27 50
42 28 50
41 28 50
41 27 50
41 27 50
40 28 51
41 26 50
41 26 50
41 27 49
41 27 50
41 28 50
41 26 50
41 28 49
42 28 50
43 28 49
43 29 51
42 29 51
42 29 50
42 29 51
41 30 51
43 30 51
44 30 53
42 31 51
43 32 52
43 31 52
44 31 52
44 32 52
44 31 50
43 31 50
42 33 50
43 33 49
42 34 49
42 36 48
41 35 49
41 36 48
40 37 49
40 38 48
41 36 49
40 38 50
38 40 49
39 39 49
38 40 50
38 42 49
37 42 49
35 43 49
34 44 49
35 46 48
33 44 49
34 45 48
32 44 47
30 48 48
30 51 48
29 48 48
29 47 48
28 47 48
27 48 48
26 48 49
27 46 48
28 48 47
27 49 48
27 47 47
27 47 48
27 47 47
26 48 47
28 46 48
28 47 47
28 47 47
27 47 44
27 48 49
28 48 47
28 47 46
27 46 46
28 49 49
27 47 46