22 40 47
22 40 47
22 40 48
21 41 48
21 41 48
22 41 48
22 40 48
21 40 48
22 40 48
21 41 47
22 39 49
22 40 48
22 40 48
20 39 48
22 40 47
21 41 48
22 39 48
20 41 48
21 40 49
20 39 47
22 40 48
21 40 49
21 39 48
21 41 47
22 40 48
21 41 48
21 39 49
23 40 47
23 40 49
22 39 49
22 40 49
20 39 50
20 40 50
21 42 52
22 43 51
24 44 52
24 44 51
23 44 49
25 42 49
24 45 50
27 49 49
27 50 48
28 50 47
29 50 46
29 50 44
32 50 44
32 48 43
33 48 44
33 46 44
32 47 44
30 49 44
31 45 43
30 47 44
29 47 45
31 46 46
32 44 46
32 46 47
34 48 48
33 45 46
33 48 46
30 49 46
31 46 47
31 47 46
29 49 44
30 49 44
30 48 45
30 47 45
30 47 45
31 50 45
31 50 47
31 48 47
31 49 47
29 49 45
28 49 45
28 47 45
29 50 45
28 50 46
29 51 46
30 52 45
30 52 45
31 51 45
31 50 45
33 50 45
34 50 45
34 49 44
34 48 45
34 48 46
35 47 46
37 47 46
37 47 47
37 47 46
36 47 46
38 47 48
38 45 47
39 45 48
38 45 48
38 44 47
40 43 48
40 44 48
40 45 48
40 42 48
40 43 48
40 43 48
41 42 49
41 41 48
41 41 49
42 41 50
41 41 50
41 39 50
41 39 49
41 40 50
43 39 50
41 39 50
40 39 51
41 39 50
41 38 50
42 38 51
41 37 51
41 38 50
42 37 51
43 37 49
40 37 51
42 36 50
42 37 51
41 36 50
41 35 50
42 36 51
41 35 51
42 35 52
41 34 51
43 34 51
42 35 51
42 34 50
41 32 51
42 34 51
42 34 52
41 33 51
41 33 50
41 32 52
42 32 51
42 33 50
41 33 51
41 33 52
43 34 51
42 32 51
42 33 50
41 32 51
42 32 50
41 33 51
41 33 50
40 33 52
41 35 51
42 34 51
43 34 50
42 34 51
42 33 51
42 33 50
43 34 51
41 35 50
43 36 51
42 36 50
42 38 50
41 38 50
41 38 50
41 40 50
41 39 50
41 39 49
41 40 50
41 40 49
41 43 48
41 42 47
41 44 47
41 44 48
41 44 48
40 44 46
40 44 46
39 45 45
40 45 46
39 45 46
39 46 45
39 46 47
38 47 46
40 47 47
39 47 47
40 48 47
39 49 48
40 49 48
40 49 47
40 49 48
39 48 47
38 49 47
38 48 47
38 48 47
38 47 45
38 48 45
38 48 45
39 47 46
39 47 45
38 48 45
39 47 44
40 48 45
39 49 46
38 48 45
39 48 46
38 46 46
38 47 46
38 47 46
38 48 45
39 46 45
38 47 46
38 48 45
37 48 45
38 48 46
37 47 46
38 47 46
38 48 46
39 47 46
39 48 47
38 47 47
38 47 46
38 48 45
39 46 45
39 47 45
38 47 45
38 47 46
39 47 46
38 48 46
38 48 45
39 47 45
39 48 46
39 48 45
38 48 45
38 48 46
38 47 46
39 48 47
39 47 45
39 49 45
38 47 46
39 48 46
40 48 45
40 47 47
40 47 46
40 45 48
40 45 48
39 45 47
40 47 49
38 45 49
39 45 49
39 46 48
39 44 47
39 46 46
39 47 46
38 45 45
37 49 47
35 47 45
33 50 45
32 50 46
31 49 45
29 50 45
29 50 46
28 51 45
29 49 45
28 49 45
28 48 45
29 47 45
28 47 45
29 48 45
29 48 45
30 47 46
28 48 45
27 48 46
29 47 46
27 47 47
29 46 47
28 50 45
29 49 47
28 49 47
24 49 47
22 45 45
23 46 45
24 49 43
27 46 41
30 45 42
33 48 41
35 48 43
37 48 45
38 48 46
39 50 42
36 50 49
36 51 46
34 52 45
34 49 48
31 49 46
33 48 45
33 48 43
32 46 43
31 46 44
30 48 42
29 49 44
27 49 45
27 50 43
26 50 44
25 50 43
25 49 43
24 55 45
23 52 50
21 52 49
22 46 47
23 43 46
22 46 45
22 44 45
23 46 45
22 46 45
22 45 45
22 46 47
22 45 46
22 43 46
23 43 46
23 44 46
22 43 46
22 43 46
23 43 46
22 45 47
22 43 47
23 43 47
22 46 47
22 44 46
22 44 47
22 44 45
23 43 47
22 44 46
21 46 47
21 43 47
21 45 47
22 43 46
22 44 45
23 43 47
22 43 47
22 43 46
22 44 46
22 44 46
22 43 46
22 44 46
22 43 47
23 44 46
23 42 46
22 42 47
23 43 47
23 44 47
22 43 46
23 43 48
21 44 46
23 44 47
23 43 48
23 42 46
23 44 47
22 42 47
24 43 48
22 43 46
23 43 46
22 44 47
23 42 47
22 44 47
22 43 47
23 43 47
23 43 46
23 42 48
23 44 47
23 42 47
22 44 48
22 44 47
22 43 47
24 44 48
23 44 49
22 43 47
22 43 47
22 43 47
22 43 46
22 44 47
23 43 46
22 43 48
23 44 47
23 43 47
23 41 47
23 43 48
23 43 47
22 43 48
23 43 46
23 43 46
