34 39 52
34 39 52
34 39 52
34 40 52
33 37 51
34 38 53
34 37 52
34 36 52
33 37 53
34 37 53
34 37 52
34 39 52
34 37 51
34 37 53
34 37 52
33 37 52
35 36 53
35 38 54
34 37 53
33 37 52
34 37 53
34 38 52
34 38 53
33 37 53
33 37 53
35 37 52
34 38 52
34 38 52
33 36 53
33 37 52
32 38 52
34 39 53
33 38 53
33 36 52
34 37 52
32 36 52
33 37 53
34 37 52
34 37 53
33 36 52
33 37 53
34 36 52
32 38 53
33 39 52
32 38 52
34 37 53
34 37 52
34 37 52
33 36 53
33 37 52
34 37 52
33 37 52
33 38 52
33 36 53
33 36 53
33 37 53
31 37 53
31 37 53
32 37 53
33 36 53
34 37 52
34 37 53
32 38 53
33 37 52
33 36 53
33 36 52
34 37 53
33 37 53
33 36 53
34 36 53
33 37 53
32 38 52
34 38 52
34 36 52
34 36 53
34 35 53
33 37 54
33 37 53
33 38 52
33 37 53
34 38 54
33 37 52
33 37 52
34 37 53
33 37 53
32 38 52
33 37 55
32 37 53
33 36 54
32 36 54
33 37 53
32 36 52
30 38 53
30 37 52
31 39 54
30 39 53
29 39 53
30 40 53
29 38 51
33 39 52
31 38 51
31 39 50
32 40 51
32 42 51
36 43 48
35 45 48
36 49 49
36 42 53
37 41 51
36 40 51
34 41 52
33 36 52
32 39 51
33 37 51
31 41 51
31 40 51
30 43 51
31 42 50
32 43 50
30 43 51
33 45 49
32 44 49
32 49 49
30 48 49
30 49 49
29 48 51
27 44 51
31 45 51
30 45 49
31 44 50
33 45 50
33 44 50
34 45 49
33 44 49
32 42 48
33 42 48
33 43 50
34 42 49
34 40 51
34 41 52
32 41 52
33 41 51
33 40 51
32 41 51
32 40 52
30 39 51
31 40 50
31 41 50
31 39 50
33 38 49
33 39 50
33 39 50
34 38 51
35 37 52
35 37 52
35 38 53
35 37 53
36 37 54
36 36 53
36 35 53
35 36 53
37 36 53
36 34 52
37 33 52
37 34 53
38 32 52
37 33 53
37 33 54
36 34 53
37 34 51
37 34 53
36 31 52
38 32 53
37 31 52
37 31 53
38 32 53
37 32 53
37 31 53
36 33 52
37 32 53
35 31 53
36 29 53
36 31 53
37 32 53
37 30 52
36 30 52
36 31 53
36 30 52
36 31 52
37 30 52
36 31 52
37 29 52
35 30 53
36 29 52
35 30 52
36 30 53
36 28 51
37 30 53
36 29 52
35 28 53
36 27 51
36 30 53
36 29 52
37 27 52
36 28 51
36 28 52
36 27 53
38 27 53
37 29 53
36 30 52
35 28 52
38 26 51
36 27 51
35 27 52
36 27 52
35 27 51
37 26 51
37 27 53
36 25 51
36 27 51
36 27 51
37 27 51
35 27 53
36 26 52
36 27 51
36 26 52
37 27 51
36 25 53
36 27 52
35 28 52
36 26 52
36 27 52
35 27 51
36 25 52
37 25 51
37 26 51
34 26 52
35 26 52
36 26 52
36 25 53
36 26 52
36 26 52
35 26 51
37 26 52
36 26 52
34 26 51
35 25 52
35 26 51
34 25 50
37 26 52
35 25 52
35 24 52
35 26 53
35 26 51
36 26 51
35 26 52
36 25 51
36 25 52
35 25 51
37 25 51
36 25 52
35 27 52
36 25 50
36 25 52
35 24 53
36 24 50
35 26 50
36 25 51
34 25 50
35 24 51
36 26 51
37 25 51
35 24 51
35 25 51
35 23 52
36 25 51
35 24 50
35 24 50
37 26 52
37 24 51
37 25 51
35 25 51
37 25 51
36 26 52
36 26 51
35 25 52
35 28 52
36 28 51
35 25 51
36 26 51
35 27 52
36 28 51
35 30 51
35 28 51
34 28 51
34 30 52
35 31 51
35 31 52
35 32 51
36 33 52
35 33 53
38 34 52
38 36 53
37 35 53
38 37 51
37 38 52
36 38 52
35 40 51
37 41 51
36 43 51
35 42 50
35 43 50
35 44 49
35 46 49
35 45 49
34 47 49
33 46 48
33 46 48
32 46 48
31 46 49
31 46 48
32 48 48
32 48 49
31 48 48
31 47 48
30 46 49
31 46 47
30 45 48
29 46 48
28 46 48
29 47 47
28 46 48
29 46 47
28 46 47
27 45 49
29 47 46
27 47 49
27 45 51
28 47 48
28 47 49
27 45 47
25 47 49
24 45 47
25 43 49
24 43 48
24 44 49
24 42 46
25 45 47
29 42 48
32 43 48
34 43 48
34 42 48
36 45 50
37 41 50
36 44 49
34 42 51
31 42 51
31 45 56
31 44 52
32 40 50
31 42 50
31 41 52
32 42 52
29 39 52
31 38 52
32 39 51
33 42 53
33 41 51
35 41 52
33 40 51
34 39 52
33 40 52
34 39 52
35 41 51
34 41 52
34 39 52
32 39 50
34 40 51
33 39 52
35 40 52
35 40 51
35 39 51
34 40 51
33 41 51
34 40 51
34 38 52
34 41 51
33 40 51
34 38 51
33 40 52
34 40 51
34 40 52
33 41 52
35 39 51
33 40 52
35 40 52
33 39 51
34 40 52
34 41 51
34 41 51
34 40 51
34 40 51
35 39 51
34 40 51
35 41 51
35 40 52
34 41 52
35 42 51
35 40 51
34 40 52
35 41 51
34 42 51
35 41 52
35 42 51
34 41 51
35 41 51
35 40 51
35 40 51
34 41 51
34 41 51
35 40 52
34 40 51
33 41 52
35 40 51
34 40 52
34 40 51
34 41 51
34 41 51
34 40 51
34 39 51
34 40 52
35 41 51
34 39 51
35 41 51
34 40 51
34 40 52
33 40 50
34 41 52
34 41 51
34 41 51
35 40 50
34 39 51
34 41 51
33 40 51
35 41 51
34 40 51
34 40 51
34 40 51
34 41 51
35 41 51
34 40 51
34 41 51
33 40 51
34 40 52
35 40 51
34 40 52
35 40 51
35 41 51
35 41 51
34 42 51
34 41 52
34 40 51
34 40 52
35 41 51
34 41 50
34 41 51
35 40 50
35 39 51
35 40 52
34 41 51
35 40 51
34 41 52
34 40 51
