32 48 47
32 48 46
32 49 46
32 47 46
31 47 47
31 46 46
32 47 46
32 47 47
30 46 46
31 48 46
31 47 47
31 47 47
31 48 47
31 48 47
31 48 46
32 46 46
32 46 46
32 47 47
32 47 47
32 48 46
32 47 46
32 47 47
32 47 47
31 47 46
32 47 47
31 47 47
31 47 47
30 46 47
33 48 47
32 48 47
32 52 47
32 50 48
32 53 50
33 52 48
35 51 49
34 48 48
36 48 47
36 47 46
36 47 45
37 47 45
38 46 45
38 45 45
38 45 45
41 43 45
40 43 46
41 41 47
41 42 47
41 39 47
42 41 47
40 40 48
41 39 47
40 37 46
42 37 47
40 36 46
41 35 47
42 38 48
43 37 48
43 39 50
43 41 51
44 41 51
44 42 53
43 40 51
43 41 51
42 39 49
42 40 49
42 39 48
42 39 48
42 36 49
42 37 49
42 37 49
43 37 49
43 37 49
43 38 49
42 37 49
41 37 50
42 37 51
43 36 51
43 37 50
41 37 50
43 36 50
42 34 51
42 34 50
43 34 51
43 35 50
42 33 50
41 32 50
43 32 49
43 33 50
42 32 51
43 32 50
43 33 51
42 33 50
44 33 51
41 33 51
42 32 51
41 32 50
42 30 50
42 32 50
42 31 50
42 30 50
42 31 50
43 32 50
42 31 50
42 32 51
42 32 50
43 31 50
42 30 49
42 31 50
42 30 50
42 31 51
42 31 50
41 31 50
42 31 50
43 31 51
41 31 50
42 32 51
42 30 51
42 31 51
42 31 50
42 30 50
42 31 51
43 31 49
43 30 51
42 30 50
42 30 51
42 31 50
41 29 51
41 30 51
42 31 50
42 30 50
43 30 50
43 31 50
42 30 50
42 30 51
42 32 51
42 31 51
43 29 51
42 30 50
42 30 50
42 30 50
42 29 50
42 31 50
42 29 50
43 30 50
42 30 49
43 29 50
41 29 51
43 29 50
43 30 50
41 29 51
43 29 50
42 29 49
43 29 51
44 29 50
43 30 50
43 30 50
42 29 50
41 30 49
42 29 50
42 29 50
42 30 50
41 29 51
43 30 50
42 29 49
43 30 50
42 30 50
42 30 51
42 30 51
42 29 51
44 28 50
42 30 50
42 31 50
42 30 50
43 30 50
41 30 50
42 30 50
42 30 50
42 30 51
43 32 50
42 31 51
42 31 51
41 34 50
43 33 51
41 34 51
42 35 51
42 34 51
40 35 50
42 37 50
43 38 50
42 37 49
41 39 48
43 39 49
42 39 48
42 39 47
41 38 47
41 40 47
41 43 46
40 43 46
41 41 47
39 41 47
41 43 48
40 43 47
39 42 48
38 45 47
38 47 47
38 45 48
37 46 48
37 46 47
36 47 48
35 44 48
35 47 49
34 47 48
33 47 49
35 46 48
33 46 50
33 46 49
32 45 50
34 45 49
34 47 49
33 46 49
32 45 49
33 46 48
32 46 48
32 45 47
32 46 48
33 46 48
32 46 49
33 45 49
30 46 47
30 47 47
32 46 48
32 46 47
31 47 49
33 46 49
32 47 47
30 47 46
31 48 47
31 46 48
32 47 48
31 47 47
30 46 47
31 45 49
31 45 47
31 47 49
31 45 47
31 43 48
30 46 48
29 45 48
30 44 48
30 44 48
28 44 48
30 43 49
29 45 49
30 44 48
31 44 48
30 45 48
30 45 50
31 42 48
31 46 49
29 45 50
30 42 50
30 42 49
30 42 50
31 42 49
30 42 51
30 43 49
29 41 50
30 42 51
31 41 50
30 40 50