27 39 52
29 38 52
29 38 52
29 38 51
30 39 52
29 38 52
28 38 52
28 37 52
29 37 52
30 36 51
29 36 53
29 37 52
28 38 52
29 37 51
28 38 52
28 38 52
29 36 51
29 37 52
28 37 51
29 36 52
29 37 52
28 39 51
28 38 52
29 38 53
28 37 52
29 38 53
28 37 51
28 36 52
28 37 53
29 38 53
29 38 53
29 38 53
29 39 52
28 38 55
31 38 52
31 42 51
31 36 52
33 39 51
31 39 50
29 40 53
30 39 51
31 41 51
31 41 51
29 40 49
29 44 48
30 44 49
29 43 48
28 43 48
30 44 49
29 44 48
27 46 51
27 45 50
28 45 49
28 45 50
29 43 51
29 45 50
29 46 49
28 46 48
26 47 49
25 46 48
25 46 49
25 46 51
26 47 50
25 45 51
30 45 50
29 46 52
30 44 50
32 44 50
33 45 52
34 43 50
33 42 50
36 41 51
35 39 51
36 39 50
37 40 50
37 39 51
38 38 49
38 40 50
39 37 50
39 36 51
39 36 50
40 36 51
39 36 52
41 37 49
38 35 51
40 36 51
40 34 51
38 33 50
41 34 52
40 33 51
41 32 51
40 32 51
40 32 51
40 31 51
40 31 51
40 30 51
40 29 52
40 31 52
40 31 52
40 30 52
40 30 52
40 31 51
40 29 51
39 31 52
39 29 50
39 28 51
39 30 51
39 29 52
39 29 50
39 29 52
38 30 51
39 28 52
39 27 50
40 29 51
38 28 51
40 28 50
38 28 52
40 28 51
39 27 51
40 28 51
40 29 50
39 27 51
39 27 51
39 27 52
40 28 52
39 29 51
39 27 52
39 27 50
39 27 51
39 28 51
39 27 51
39 28 52
39 28 51
39 28 51
39 27 51
40 28 51
40 27 51
39 26 51
39 27 51
40 28 50
39 25 51
39 27 50
41 26 51
39 26 52
39 26 50
40 27 50
39 25 52
39 27 51
39 26 51
39 26 51
39 27 51
39 28 52
39 27 50
39 27 51
40 25 51
39 28 51
39 27 50
40 27 51
39 27 51
40 27 51
40 27 51
39 25 50
38 25 51
40 26 51
39 26 50
38 25 51
40 26 51
39 26 51
38 28 51
38 27 50
39 26 50
39 26 51
39 27 51
40 25 50
40 26 50
39 26 50
40 26 51
39 25 51
39 24 51
38 27 50
40 25 52
39 27 50
40 26 51
39 25 50
39 27 50
39 25 50
39 25 51
39 25 50
40 25 49
40 25 50
39 25 51
39 26 50
38 26 50
39 26 51
39 24 51
40 25 51
40 26 50
39 25 51
39 27 51
39 26 50
39 26 50
39 26 51
40 28 51
40 26 51
40 29 51
40 27 51
41 27 50
39 28 52
40 28 50
41 29 49
40 30 52
40 30 49
40 31 50
41 33 53
39 32 51
42 33 49
40 35 53
41 35 52
40 35 52
38 37 52
40 37 50
39 38 50
38 38 49
38 40 49
38 39 49
37 41 48
37 42 49
37 41 50
36 43 49
35 46 49
34 45 50
33 45 48
32 49 47
30 48 49
32 47 49
30 48 47
31 49 48
29 50 47
30 47 48
29 47 46
30 47 47
29 47 48
29 48 46
28 47 46
28 47 47
28 48 47
28 47 46
27 47 48
27 48 47
29 47 46
29 48 47
30 46 47
28 48 47
27 47 46
29 47 44
27 46 47
29 49 48
27 47 47
28 46 48
26 47 46
25 46 47
25 44 46
24 45 47
25 43 46
26 44 48
25 44 48
27 43 50
27 42 50
28 44 50
28 42 49
28 44 48
29 43 51
28 42 49
28 40 49
27 41 50
30 40 50
32 42 54
31 41 55
32 37 56
30 37 55
30 35 51
28 35 51
29 36 51
29 40 53
31 39 52
30 38 51
30 38 52
29 40 52
31 39 51
29 39 53
28 37 53
28 38 52
29 38 51
30 38 52
29 38 52
30 39 52
28 38 51
29 38 51
30 37 52
28 38 53
29 38 53
29 39 53
30 38 52
29 36 50
29 37 52
30 37 52
29 38 51
28 38 52
29 39 53
29 37 52
30 37 52
28 37 52
29 38 51
29 38 51
29 38 52
30 38 52
28 38 53
29 38 52
29 37 52
29 37 52
30 36 53
28 37 52
29 38 52
29 38 52
28 37 52
29 37 52
28 37 53
28 38 53
28 36 52
29 36 53
30 37 51
28 38 52
29 38 53
30 36 52
29 37 52
27 37 52
29 36 52
29 38 52
28 37 52
29 38 51
28 38 52
29 37 52
29 36 52
29 36 52
29 37 52
29 38 52
29 38 52
29 38 52
30 38 52
28 37 51
29 38 52
27 36 52
