28 46 48
28 46 48
28 46 49
28 45 48
30 47 48
29 48 46
31 49 46
30 48 46
31 46 47
32 42 46
31 43 46
29 42 47
27 45 48
27 44 49
26 44 49
26 45 50
26 45 50
25 46 49
26 45 48
27 44 49
26 43 48
26 43 49
26 42 49
28 43 48
28 44 48
28 45 49
28 44 49
28 44 50
28 44 48
27 44 49
28 43 49
27 44 48
28 45 48
27 44 47
28 46 47
28 45 48
28 44 48
26 47 49
26 49 48
27 52 47
28 53 45
28 57 43
30 57 42
31 55 42
32 54 41
33 52 41
34 51 41
33 50 42
32 50 42
34 49 41
33 46 43
33 47 43
32 46 44
32 44 44
32 44 46
31 46 45
30 45 45
30 44 48
29 45 47
28 44 47
26 45 48
29 47 48
30 47 48
30 45 48
30 48 47
31 48 48
31 46 47
32 45 47
30 46 48
31 45 48
30 47 49
31 46 48
30 44 48
31 47 48
30 47 47
29 48 47
32 45 47
31 44 47
30 46 47
31 46 48
30 48 46
31 46 46
29 48 47
30 46 46
28 48 47
29 50 47
30 49 47
28 50 47
30 50 47
30 49 48
32 50 47
30 49 47
30 49 47
30 48 47
31 48 47
31 48 45
33 48 46
35 48 46
35 47 47
36 43 47
38 45 47
37 44 48
38 45 48
39 44 48
39 42 48
40 43 48
40 42 49
40 43 49
40 41 48
39 42 49
40 41 48
40 41 50
41 41 49
41 42 49
40 40 51
41 40 49
41 39 50
40 39 51
40 40 50
39 40 50
40 40 49
40 41 50
39 40 51
40 40 49
40 40 50
40 39 51
40 39 51
40 40 51
41 38 51
40 38 51
39 37 50
40 37 50
40 38 50
39 37 51
38 38 52
40 37 51
40 37 51
41 37 52
39 35 51
41 36 52
42 36 51
40 35 51
40 35 52
40 35 52
40 35 52
41 34 51
42 35 52
41 35 52
40 34 51
39 34 51
41 34 51
40 34 52
42 33 52
40 33 52
40 33 52
41 33 53
39 35 52
41 33 51
41 33 52
41 34 51
40 33 52
42 33 52
40 33 51
41 33 52
41 31 51
42 33 51
41 31 51
41 33 51
42 32 52
42 32 51
41 31 50
42 33 52
42 32 52
41 31 51
42 32 51
41 32 51
41 33 51
42 32 51
41 32 50
41 31 51
40 32 51
40 32 51
41 32 51
41 31 52
41 31 51
41 32 51
41 32 52
41 32 51
41 31 51
41 32 49
42 32 51
42 32 51
41 31 50
43 31 51
42 32 50
41 32 51
43 31 51
41 32 50
42 32 51
41 32 50
42 33 51
40 34 51
41 33 51
43 34 50
41 34 50
41 35 51
41 36 50
42 36 51
43 36 51
41 37 50
43 38 48
42 38 49
41 40 50
41 40 49
40 41 48
39 43 48
40 42 48
39 43 46
37 44 47
38 43 47
37 45 47
37 46 47
35 47 48
34 47 48
33 47 48
32 49 47
32 48 47
30 48 47
30 49 46
30 50 46
29 48 46
29 48 47
29 47 46
28 48 47
27 48 47
27 48 46
27 48 46
27 48 46
28 48 46
28 48 46
28 48 46
28 48 47
28 48 47
29 47 46
28 49 46
28 47 46
30 47 47
27 48 46
25 49 47
23 50 46
23 47 44
21 47 44
24 45 44
26 43 45
27 44 45
30 45 46
30 42 47
30 43 49
32 42 47
32 43 47
31 44 45
33 46 44
32 48 44
29 51 45
31 53 44
30 50 43
29 53 43
28 53 44
27 52 44
28 52 46
28 52 45
28 56 46
28 51 43
26 50 42
25 51 42
27 49 42
27 48 43
28 49 43
28 48 44
28 48 43
28 50 46
27 50 45
28 48 44
28 47 45
26 50 44
27 49 43
27 49 44
24 48 44
25 47 45
25 49 46
27 45 46
25 46 45
26 47 46
26 46 46
24 47 46
26 47 45
26 46 46
25 48 45
25 48 46
26 45 46
25 46 45
26 47 46
25 46 46
25 46 46
25 47 46
25 47 45
24 47 46
25 46 46
25 47 46
25 47 46
24 46 46
25 47 45
26 46 45
25 47 45
26 46 46
25 48 46
25 47 45
25 45 45
24 45 45
25 46 45
24 46 46
26 46 45
26 47 45
25 46 45
26 47 45
25 47 45
24 46 45
25 47 45
25 46 46
25 47 45
25 47 46
25 47 45
25 48 44
25 46 46
24 46 45
25 47 46
25 46 44
25 48 44
24 47 46
25 46 46
25 47 45
25 47 45
