33 47 45
33 47 33
33 47 45
34 47 48
34 47 48
33 47 46
32 47 46
33 47 47
33 45 46
32 46 47
33 47 47
33 47 47
33 47 47
33 47 46
33 47 47
32 46 47
34 48 46
32 48 47
32 47 47
33 48 47
33 47 47
32 48 46
33 47 48
32 48 48
33 47 47
33 47 47
32 48 47
33 48 47
33 49 46
34 48 48
34 46 47
32 48 47
33 48 45
31 48 47
32 47 47
35 49 45
34 50 43
34 51 43
32 50 42
35 53 40
34 51 38
32 52 40
33 52 40
34 51 42
33 52 43
32 51 43
31 52 43
30 52 43
31 50 42
32 51 42
32 52 44
31 52 44
32 54 44
31 52 43
32 51 44
30 51 43
32 53 43
31 52 42
33 50 43
33 49 44
34 47 44
36 48 44
36 47 45
36 46 46
36 46 47
37 44 46
40 44 48
39 43 48
41 44 48
41 43 48
41 43 48
42 42 49
42 42 48
42 40 48
42 40 47
42 40 48
43 41 48
43 40 48
43 39 48
43 38 48
43 40 49
44 39 47
43 39 49
44 38 50
44 37 49
43 39 48
44 38 48
44 39 49
44 38 48
44 37 49
43 38 49
43 37 49
45 37 48
45 38 49
44 37 49
44 38 48
45 37 48
45 38 50
44 36 49
44 37 50
45 37 49
44 36 50
45 37 50
44 36 50
44 35 49
43 34 49
44 35 51
45 35 49
45 33 49
44 33 49
44 33 50
46 34 49
44 33 50
45 34 49
45 33 49
44 32 50
44 32 51
44 32 50
43 33 50
44 32 49
45 31 50
44 32 50
44 32 49
43 31 50
44 31 51
44 31 50
44 31 50
44 31 50
44 30 49
44 31 50
45 30 50
43 30 50
44 31 50
44 31 50
43 31 50
44 30 49
44 32 49
44 31 50
43 31 50
43 31 49
42 30 51
45 30 50
44 31 49
44 32 50
43 32 49
41 32 49
43 32 49
45 33 49
44 35 49
45 36 50
44 36 49
44 37 50
44 38 50
44 38 50
44 38 50
44 39 50
43 40 50
43 40 49
43 40 49
42 39 48
43 39 48
43 39 48
42 39 48
43 41 46
42 41 46
43 41 47
42 42 47
41 42 46
40 44 46
40 43 45
41 46 45
39 46 46
38 47 46
37 46 44
37 48 45
36 49 45
35 50 45
35 51 43
34 51 43
32 51 45
31 51 44
32 53 44
32 52 44
32 53 42
31 52 43
31 52 42
31 51 43
32 51 42
31 52 42
32 51 42
31 52 42
32 54 41
32 50 41
32 51 41
32 51 42
32 51 42
33 53 42
34 51 43
32 48 42
33 46 41
32 47 48
34 49 51
34 44 49
32 46 48
33 47 50
33 45 47
32 46 49
34 47 47
31 44 47
33 46 48
33 46 48
34 45 48
32 43 48
33 47 49
32 45 48
32 44 49
33 45 48
33 47 48
32 45 49
33 45 49
33 45 49
34 45 49
32 45 48
33 44 47
32 46 48
32 45 49
34 47 49
34 45 49
33 44 49
32 45 49
33 46 49
31 45 48
32 46 48
33 45 49
33 46 49
33 46 49
32 45 49
32 46 48
33 46 48
33 47 47
33 45 48
32 47 49
33 45 49
32 46 49
34 45 49
33 45 49
33 46 49
33 46 49
33 46 48
31 44 49
33 47 49
32 45 48
33 46 49
33 47 49
32 44 49
