29 45 48
29 45 48
28 46 48
28 46 48
29 45 49
30 46 49
29 47 49
30 47 49
28 47 49
30 45 49
27 43 50
27 44 49
27 44 49
26 44 48
23 43 47
25 43 48
26 44 47
27 45 47
26 45 48
26 45 48
26 45 48
27 44 49
26 45 48
27 44 48
26 44 50
24 43 49
26 43 50
25 43 49
25 43 47
24 42 48
23 42 49
24 43 48
25 43 47
23 43 48
26 43 49
24 43 48
25 44 48
25 44 47
26 44 48
26 44 49
27 44 48
27 44 48
28 45 50
29 45 52
29 46 52
32 45 53
34 41 53
32 45 53
31 51 53
31 49 53
32 52 52
32 51 51
33 48 49
33 51 47
33 50 45
33 49 43
32 49 42
32 49 40
31 48 40
30 46 41
30 47 39
29 46 40
29 45 41
27 46 41
27 47 43
28 48 44
26 50 43
29 49 45
30 49 44
30 48 47
29 49 46
29 50 46
28 50 45
28 49 45
28 50 44
28 50 44
28 51 43
27 51 45
27 52 44
27 52 45
29 51 44
29 52 44
31 50 43
32 50 43
33 51 43
34 50 43
39 49 46
37 48 46
38 46 46
39 43 48
39 45 49
38 46 48
41 44 48
41 43 49
40 44 50
40 43 49
40 41 49
40 44 49
41 42 48
40 42 48
42 43 48
42 42 49
42 42 49
40 41 49
43 41 48
41 41 49
41 40 49
42 41 49
41 40 49
42 40 50
42 39 48
41 39 50
42 38 51
42 39 49
42 38 50
42 38 51
43 37 51
42 37 50
41 38 50
42 36 51
41 37 50
42 35 51
42 35 50
40 37 50
43 35 51
43 35 50
42 35 50
44 35 51
43 36 51
42 35 50
42 35 51
42 34 51
42 34 50
44 34 50
42 34 50
44 33 52
43 33 51
43 33 51
43 34 51
43 32 50
43 34 50
42 33 50
43 32 50
43 33 50
43 32 50
41 33 50
43 33 51
44 33 51
43 33 50
42 32 51
43 33 50
42 34 51
41 33 50
42 33 51
42 33 50
43 35 50
43 35 50
42 35 51
42 37 50
42 38 50
42 39 51
43 38 49
43 36 51
44 38 51
42 38 50
43 37 48
44 37 49
43 38 49
43 38 49
42 40 49
42 39 49
42 41 47
41 42 47
41 43 46
40 45 46
38 45 47
37 47 48
36 47 46
34 46 46
33 49 48
33 50 46
31 49 47
28 49 47
27 49 47
27 48 47
25 49 47
26 49 47
26 49 45
27 47 46
27 46 45
27 45 46
27 46 46
26 46 47
26 46 47
27 43 51
27 47 48
29 45 48
27 46 48
26 43 46
24 45 47
25 44 46
23 45 43
23 45 44
23 44 44
24 45 44
26 47 45
28 40 44
29 49 45
30 45 43
28 43 42
29 44 42
28 43 47
29 42 45
26 43 45
27 41 49
27 46 45
29 55 63
28 22 48
27 46 43
24 45 51
26 37 55
27 39 49
28 45 50
29 43 49
30 41 52
30 42 52
28 44 49
28 45 49
29 45 50
28 44 50
28 42 50
28 45 50
28 44 48
28 45 49
28 45 48
28 44 49
29 44 48
28 45 49
28 45 49
27 46 49
29 45 48
28 44 48
28 44 48
28 44 48
28 45 49
27 44 49
28 44 48
28 44 48
26 45 49
29 44 50
28 45 48
28 45 49
28 45 49
28 45 49
27 44 48
28 46 48
28 45 49
28 46 49
27 43 49
27 45 50
27 43 49
26 44 49
26 43 49
27 43 49
27 43 48
27 42 48
27 44 49
26 44 49
27 43 48
28 44 49
28 44 50
26 44 49
27 44 49
27 43 50
27 44 49
27 44 49
28 44 50
28 44 49
26 44 49
26 43 49
27 43 49
26 43 49
26 43 49
27 45 50
28 43 49
28 42 49
27 45 49
27 44 50
26 44 49
26 43 49
27 44 49
26 45 49
27 44 49
26 43 49
28 44 49
26 43 49
26 43 49
