31 35 52
31 35 52
30 36 53
29 38 52
31 38 52
30 37 52
30 38 54
30 35 53
30 36 52
30 36 53
30 36 52
30 37 52
30 37 52
31 36 53
30 37 53
30 35 53
31 37 52
31 36 52
30 37 52
30 37 51
30 36 53
30 37 52
30 37 53
30 36 53
31 36 53
31 36 53
31 35 52
30 37 54
30 35 53
31 36 53
30 36 52
29 37 53
30 36 53
31 36 53
30 35 52
31 36 53
32 36 54
33 36 56
34 37 56
35 33 56
36 36 55
35 36 52
35 38 53
36 37 53
35 39 51
34 40 51
35 40 50
33 38 47
32 39 47
32 41 49
32 41 48
31 41 48
29 41 49
29 45 47
27 46 49
28 47 47
27 46 50
28 46 49
28 46 48
26 46 48
29 46 49
29 48 48
29 47 47
29 47 47
30 46 46
29 46 47
30 48 47
29 47 48
31 48 47
31 48 45
31 49 47
29 48 47
28 48 46
27 48 46
28 50 49
28 51 47
29 49 48
30 50 47
31 50 46
34 48 48
33 48 48
33 48 47
33 46 47
35 46 48
36 45 47
37 44 47
38 44 48
38 42 47
39 42 48
39 41 49
39 42 49
40 40 49
39 41 50
40 41 49
40 40 48
41 39 49
40 40 50
39 40 50
41 39 50
41 38 51
40 40 49
40 39 50
42 39 51
41 39 50
42 39 51
41 38 51
42 38 50
41 39 50
41 36 50
41 37 50
42 36 50
42 36 50
41 35 50
43 37 50
41 35 50
41 37 50
41 37 50
41 39 51
42 37 51
41 36 51
41 35 51
42 36 51
43 36 51
42 36 50
42 36 50
42 37 50
41 34 51
42 35 51
42 36 51
42 35 50
42 35 50
42 34 50
42 34 50
43 35 50
41 34 50
43 35 50
42 36 51
41 35 50
42 34 50
43 36 51
42 34 49
40 35 51
42 35 50
42 35 51
43 34 51
43 34 50
42 35 50
44 35 51
41 34 50
42 35 51
41 36 51
42 34 51
42 35 50
42 34 51
42 34 50
42 33 51
43 34 51
43 34 51
42 36 51
41 34 50
42 35 50
42 35 51
42 34 51
41 35 51
43 34 50
42 35 50
43 35 50
43 34 50
42 34 51
42 34 51
43 36 50
41 36 50
42 34 51
42 35 50
42 34 50
42 35 51
43 35 50
42 36 51
43 35 50
42 35 51
43 34 50
41 34 51
41 35 51
42 35 50
42 37 50
43 36 50
42 34 50
42 35 50
43 35 50
42 34 49
42 35 49
43 34 49
42 35 50
41 35 49
43 37 48
42 38 50
43 38 49
42 40 50
40 40 49
40 41 50
40 42 50
40 41 48
40 42 49
39 43 48
39 44 48
37 44 49
37 44 47
38 45 48
37 45 48
37 46 48
36 47 48
34 48 48
36 46 47
34 48 47
34 49 47
33 48 46
31 49 47
33 49 46
33 50 46
31 50 46
31 49 45
31 49 46
31 49 46
31 48 46
31 49 46
31 47 44
30 50 45
31 47 46
30 47 45
32 48 45
30 49 46
30 50 46
31 48 46
30 49 46
29 48 46
32 50 45
30 49 47
30 47 45
30 47 44
30 49 46
29 49 47
28 46 46
30 48 46
30 49 46
28 49 46
28 48 47
27 49 48
26 47 46
25 47 46
24 47 47
24 49 46
25 48 44
26 49 47
26 50 47
27 48 46
29 47 47
29 49 46
29 47 48
30 45 47
30 45 47
29 42 48
29 42 50
28 41 49
29 39 49
30 39 50
32 36 51
29 34 51
30 36 51
30 40 52
31 41 53