22 48 45
22 48 33
23 47 45
23 45 45
23 49 44
23 46 45
23 47 44
23 48 44
23 48 45
24 47 44
23 47 44
23 47 43
23 46 45
24 47 44
22 47 44
23 47 45
24 47 44
24 46 44
23 46 43
22 47 44
23 48 44
22 46 45
23 46 45
23 46 44
24 46 44
23 46 44
23 46 44
22 48 45
24 46 44
22 46 44
23 46 44
23 48 44
22 48 45
22 47 45
23 46 45
24 45 44
23 46 44
23 47 44
23 46 43
22 47 44
23 48 44
23 46 44
23 46 44
24 47 44
23 46 45
23 46 45
22 47 44
23 46 45
23 47 45
22 47 45
23 47 45
22 47 44
24 46 45
22 47 44
22 46 45
23 47 44
23 47 44
23 46 44
25 46 44
23 47 44
23 46 44
22 46 44
22 46 44
21 46 45
22 46 46
22 45 45
21 46 44
22 47 45
23 46 47
25 46 47
25 48 46
25 47 46
24 46 46
24 46 46
26 48 46
26 48 46
27 46 46
26 47 45
27 46 45
28 46 44
27 45 44
28 46 44
28 46 44
28 51 45
29 51 46
27 47 45
28 43 46
25 43 46
27 44 48
25 45 50
24 43 51
25 42 51
27 42 49
27 43 49
26 45 48
25 46 48
26 45 48
26 44 48
25 44 49
26 43 47
27 45 49
28 44 48
27 44 49
27 43 48
27 43 49
26 44 48
25 43 49
25 45 48
25 45 48
27 43 47
26 44 48
26 43 49
25 42 49
26 43 49
24 42 49
26 42 50
25 40 52
25 44 53
30 55 55
31 49 55
32 51 53
31 50 52
30 52 50
31 53 48
33 48 47
33 47 47
34 45 45
33 44 43
35 45 41
34 45 41
33 45 40
29 45 39
27 47 42
27 47 42
27 45 44
26 46 46
27 48 45
29 46 46
28 45 45
28 46 48
29 47 47
29 47 49
30 47 48
30 49 47
27 50 48
27 49 47
27 52 46
27 52 48
28 52 47
30 51 47
30 50 46
32 49 46
33 49 47
35 48 46
36 45 45
36 46 44
38 45 47
37 44 47
39 44 46
40 43 47
41 43 48
41 42 49
41 40 49
40 39 48
41 40 50
41 40 50
42 40 50
41 38 50
43 39 50
42 39 50
43 37 51
42 37 49
42 36 51
43 35 51
42 35 50
43 35 50
43 36 50
41 35 50
42 35 51
42 34 51
42 35 51
43 35 51
41 35 50
43 33 50
41 32 52
42 33 51
41 33 50
42 33 51
42 32 50
42 31 51
42 31 50
43 31 50
44 31 51
41 30 50
42 29 50
42 30 51
42 30 50
43 29 50
43 29 49
43 28 51
42 29 50
42 28 50
43 29 50
43 29 50
42 28 49
43 29 50
42 29 51
42 27 50
43 27 50
43 28 49
42 27 49
43 27 50
42 28 49
42 28 51
43 27 49
44 28 50
44 27 49
43 27 50
43 26 50
43 28 50
43 27 50
44 26 51
43 27 50
44 27 49
43 27 50
42 26 49
42 25 50
42 27 49
43 27 49
42 26 49
41 27 50
43 28 50
43 29 51
43 30 51
43 30 50
43 28 51
43 28 51
43 28 50
42 27 50
43 27 50
43 27 51
42 26 50
43 28 50
43 26 50
43 26 50
43 27 50
41 26 49
43 27 49
43 27 50
43 25 49
43 25 49
43 27 49
43 26 50
42 25 49
42 26 49
42 25 48
42 26 49
43 26 48
43 25 48
42 24 47
42 25 48
43 26 48
42 25 49
42 25 49
42 28 49
42 27 50
42 26 49
43 28 51
43 27 50
43 26 49
43 26 50
44 26 49
44 29 49
43 28 48
44 30 48
43 32 48
42 32 47
41 35 47
41 38 47
40 39 49
39 40 46
37 43 48
37 46 49
34 46 49
34 50 50
32 47 48
32 49 50
29 49 49
29 51 49
28 48 48
27 47 48
26 48 48
26 47 49
26 47 48
26 48 48
27 48 48
26 47 48
28 46 47
28 46 47
28 46 48
28 46 49
25 46 45
28 47 48
27 46 48
29 44 49
26 45 49
26 45 49
25 44 47
23 45 44
23 44 44
24 46 43
28 44 46
26 41 47
32 44 44
34 44 45
36 39 48
37 39 46
36 42 44
33 40 48
32 39 44
31 45 46
28 42 53
30 43 52
27 44 54
27 43 56
26 43 54
27 43 52
28 52 58
29 39 55
19 45 61
22 42 50
22 43 47
22 43 48
24 41 48
25 41 48
24 44 49
24 44 47
24 43 48
25 44 47
25 43 49
25 44 48
25 44 49
26 44 48
24 43 47
25 43 48
26 43 50
23 43 47
25 44 47
24 44 47
25 44 48
24 44 47
24 43 48
25 43 48
25 44 48
25 44 48
23 45 47
24 44 48
25 45 47
26 44 48
25 44 47
25 45 47
25 46 48
26 45 47
25 46 48
25 45 48
23 45 49
25 44 48
24 43 48
25 43 47
23 43 49
25 43 48
24 44 49
24 44 46
22 43 47
23 43 47
22 42 49
23 42 48
23 41 49
23 42 49
23 43 47
23 43 49
22 43 48
23 43 48
24 44 48
22 42 47
23 43 47
23 43 48
23 44 48
23 43 47
22 43 48
23 42 48
23 43 48
22 43 47
24 43 48
22 43 47
23 43 48
23 43 47
22 44 46
23 43 47
22 43 48
22 42 47
23 42 48
24 43 47
24 41 48
22 42 47
22 42 48
24 43 49
22 42 47
22 42 47
23 42 48
22 43 47
23 42 48
23 42 48
22 43 47
24 43 48
23 43 48
23 42 47
23 42 48
23 42 47
24 43 47
22 43 48
22 43 48
23 42 48
23 42 48
24 43 47
23 42 47
24 43 47
23 42 46
23 43 49
22 44 47
23 43 48
22 43 47
23 43 47
23 43 48
22 43 48
23 44 47
23 43 48
23 42 48
22 43 48
23 43 48
23 43 48
23 43 48
22 42 48
23 43 48
23 42 47
23 43 48
23 43 48
24 43 47
23 43 48
23 43 47
