33 36 53
02 33 36
33 35 52
37 33 32
32 35 53
34 36 53
33 36 54
34 35 53
33 35 53
34 36 52
33 35 53
33 35 53
34 35 53
34 37 53
33 36 54
35 35 54
33 35 53
34 36 54
32 37 53
33 36 53
34 36 53
34 36 53
34 36 52
33 35 53
34 35 52
34 36 53
33 37 54
33 37 53
33 35 53
33 35 53
34 36 53
34 34 53
33 35 53
34 36 52
34 37 52
33 38 52
35 40 52
35 41 52
34 43 51
34 42 50
35 40 50
36 42 50
35 44 50
35 43 52
34 46 51
34 43 49
36 43 49
36 45 50
35 47 49
34 45 51
35 43 49
34 44 50
35 45 49
35 44 50
37 44 51
37 45 48
36 44 48
36 45 48
37 44 48
37 45 49
35 46 48
35 42 46
36 46 51
36 48 48
34 45 47
33 44 47
35 46 47
36 51 51
34 45 46
34 46 45
35 45 46
35 48 49
34 49 49
33 49 47
36 43 46
34 45 44
34 49 46
32 48 46
34 52 48
33 49 49
34 47 47
33 47 47
34 47 48
34 47 48
32 46 47
33 48 48
33 49 48
35 47 47
35 44 48
36 46 48
36 48 48
36 47 49
37 45 48
38 45 49
38 45 49
37 46 49
37 45 48
39 43 49
38 43 48
39 44 50
37 44 49
40 43 49
39 43 49
39 41 50
38 44 49
40 42 50
40 40 51
40 41 50
40 41 50
41 40 49
40 41 50
40 38 50
41 39 50
41 41 49
41 42 49
41 41 51
42 41 50
41 39 50
42 39 50
43 41 49
43 39 49
41 38 50
42 39 50
42 39 49
41 41 49
42 39 50
42 38 50
42 40 50
42 43 50
43 39 51
41 37 50
42 39 50
41 40 50
42 37 51
42 36 51
42 38 50
42 39 51
42 38 51
42 35 51
43 37 50
43 38 50
42 37 50
43 35 48
43 36 48
43 38 50
43 39 51
43 36 50
43 35 50
42 35 50
41 37 51
42 36 50
45 35 51
43 36 51
42 36 51
44 36 50
42 33 51
44 34 50
43 36 50
42 35 50
43 35 50
43 36 51
44 34 51
43 35 50
44 34 51
43 32 50
43 33 50
44 34 50
42 34 50
43 32 51
44 34 51
43 35 51
42 34 50
42 34 49
44 35 51
44 34 50
44 34 51
43 33 50
44 34 50
43 35 49
44 33 50
43 32 50
43 33 50
44 35 50
44 33 51
43 32 50
44 32 50
44 34 49
43 34 51
43 33 51
43 33 51
44 35 50
44 34 50
44 35 51
44 33 50
43 35 51
44 33 51
43 32 51
43 34 50
44 33 50
44 33 51
45 34 49
44 33 50
44 32 51
46 32 51
44 33 50
45 33 50
44 32 50
45 33 51
44 34 50
45 33 50
44 33 50
43 32 50
43 32 50
44 34 50
44 34 50
45 32 50
44 33 50
43 33 51
44 33 50
44 32 49
45 31 50
42 32 51
44 34 51
43 32 49
44 33 49
45 32 50
45 32 49
44 32 50
43 33 50
44 33 50
45 31 50
44 31 49
44 33 49
44 34 50
44 32 49
43 31 50
44 33 51
44 33 50
43 32 50
44 32 51
45 32 50
45 33 50
46 31 49
45 32 51
45 31 49
45 33 50
44 32 50
45 31 50
44 31 51
43 32 51
45 32 49
45 33 50
43 32 50
44 32 52
44 32 50
43 33 51
45 32 49
44 34 50
44 34 50
45 32 50
43 32 49
45 32 51
44 33 50
44 33 49
43 32 50
44 32 50
46 32 50
44 33 49
45 32 50
44 33 49
45 32 50
44 32 50
44 31 50
45 32 50
44 33 50
45 33 49
46 34 50
44 32 49
44 32 50
44 32 50
44 33 50
45 32 50
44 31 50
44 32 50
44 31 50
44 33 50
44 34 51
43 32 49
44 33 48
45 33 49
44 33 50
44 34 50
45 35 49
44 35 49
44 35 50
44 34 49
45 35 50
44 34 50
44 35 50
44 37 49
44 36 50
42 40 49
43 39 49
43 37 49
42 39 50
43 39 49
43 38 49
41 41 50
43 40 50
41 41 50
41 40 50
41 39 50
42 42 50
41 42 49
41 42 48
41 41 49
41 42 48
40 43 50
41 41 50
40 42 49
39 43 51
40 42 49
40 43 50
40 42 49
40 43 49
40 44 49
40 44 49
39 43 49
39 42 49
39 44 50
39 42 49
40 44 49
39 45 51
39 44 50
39 43 49
39 43 49
40 44 49
39 44 49
39 43 49
39 44 49
39 44 50
40 44 49
39 43 49
40 43 49
40 43 50
39 43 49
41 42 50
39 42 50
40 42 49
40 43 48
40 42 49
40 40 49
40 41 50
40 42 50
40 43 49
41 41 49
41 40 50
40 41 49
40 41 49
42 42 49
39 40 49
41 39 50
42 42 50
40 42 49
41 39 50
41 39 50
42 40 50
41 41 50
42 41 50
40 41 50
41 40 50
42 41 51
41 42 50
40 40 51
42 41 51
42 40 50
41 41 49
41 40 49
41 41 51
41 41 50
41 40 50
42 41 49
42 41 49
41 41 50
42 40 51
42 38 49
42 39 50
42 41 50
42 40 49
42 37 50
42 39 50
42 39 50
42 39 49
40 39 51
41 38 50
42 40 50
43 40 49
41 40 50
42 37 50
43 37 50
43 38 50
43 38 50
43 37 50
43 36 50
44 37 50
42 38 49
42 37 50
42 37 50
43 38 49
43 39 49
43 38 50
44 37 51
43 38 50
43 38 50
43 37 49
42 35 49
43 38 51
44 37 49
43 36 50
44 36 51
43 36 51
42 35 51
44 37 50
43 35 50
43 34 51
45 33 50
44 35 50
45 35 50
45 34 50
45 31 51
44 32 52
44 35 50
44 35 49
43 31 50
44 32 49
45 32 50
45 32 50
44 33 50
43 32 50
44 32 51
44 32 49
44 31 50
44 32 50
44 32 50
45 32 49
44 32 49
44 32 49
45 29 50
43 32 49
43 31 50
45 30 49
45 31 49
44 30 51
45 31 50
45 30 50
44 29 49
44 32 48
45 30 50
45 30 49
45 31 49
45 31 48
44 29 50
44 32 49
45 29 49
44 29 49
44 29 50
44 30 49
45 31 50
44 31 50
45 30 49
45 30 49
44 31 50
44 29 49
45 30 48
44 31 50
45 29 50
45 29 49
44 30 49
45 30 49
44 29 48
44 29 49
45 30 49
45 29 50
46 28 49
46 28 49
45 30 49
45 31 49
45 30 48
44 27 49
44 29 50
45 30 49
46 30 49
45 31 48
45 29 49
44 28 49
45 30 49
45 30 48
46 29 49
46 27 49
45 29 49
45 29 48
45 29 49
45 29 49
45 28 50
45 28 49
46 29 49
44 28 49
45 29 50
45 29 50
45 30 50
45 28 49
45 29 49
45 29 49
46 29 49
45 30 50
45 28 49
45 29 49
45 29 49
46 30 49
46 28 48
46 30 49
44 30 48
46 29 48
46 28 48
45 29 49
45 28 49
45 28 49
46 29 49
46 29 49
45 28 48
46 29 49
44 28 49
45 28 48
44 29 49
45 26 48
45 29 48
46 29 48
46 30 50
45 29 49
45 29 49
45 29 49
44 28 49
45 27 48
45 28 48
46 28 48
45 29 48
44 27 47
45 27 48
46 26 50
45 28 48
45 29 48
44 27 48
46 28 48
47 27 48
45 29 48
44 28 47
45 27 49
45 27 48
44 29 48
46 28 48
47 28 49
45 28 49
46 29 49
46 28 48
46 27 48
45 28 48
45 27 48
46 28 47
45 27 48
46 29 48
45 27 47
45 28 48
45 28 47
45 27 48
45 27 47
45 28 48
46 27 49
46 27 48
45 28 48
45 27 48
45 27 48
45 27 48
46 27 48
46 27 47
45 27 48
46 28 49
46 26 48
45 28 49
44 27 48
45 27 48
45 25 48
46 29 48
46 29 47
45 29 49
45 29 49
46 30 48
45 30 47
45 30 48
44 29 48
43 30 48
43 34 49
43 36 50
43 35 48
44 36 50
43 36 50
43 37 50
42 38 51
40 42 51
41 40 48
41 39 51
38 43 47
39 46 51
38 45 51
39 43 51
38 42 50
37 44 51
36 45 52
36 46 53
36 41 50
37 44 50
36 44 50
35 44 49
35 42 49
35 44 49
35 45 49
35 46 50
36 44 49
36 45 48
35 46 48
34 46 49
35 46 49
35 45 48
36 45 48
35 44 48
35 47 49
33 47 48
33 47 47
34 46 48
32 47 46
34 47 46
33 46 47
32 44 47
33 48 49
32 53 49
33 49 48
34 46 47
34 47 46
33 49 51
32 49 50
32 45 47
33 48 45
34 48 48
33 49 46
35 49 45
35 46 46
35 47 48
35 45 48
35 45 48
35 46 46
34 48 48
35 45 48
35 45 47
32 49 47
33 47 46
32 48 45
35 46 48
34 45 49
34 49 50
32 46 49
34 45 47
36 43 52
34 42 50
35 46 48
34 49 48
37 48 47
35 43 48
34 45 49
36 44 51
35 44 48
35 48 49
35 46 49
34 45 49
36 45 49
35 46 48
36 44 49
35 42 49
34 46 49
36 46 49
36 43 49
35 43 50
37 43 50
36 43 50
35 45 50
35 42 50
35 43 50
34 46 51
36 43 50
35 41 51
35 42 50
36 44 51
34 43 51
35 44 50
34 42 50
36 43 51
35 43 50
36 44 49
35 42 49
35 43 50
36 43 49
36 44 50
36 45 49
35 42 50
36 43 50
36 44 50
35 44 50
35 44 51
34 44 51
35 45 50
36 43 50
35 43 49
35 43 50
34 44 50
35 43 50
36 42 51
35 44 50
35 43 50
35 43 51
34 43 51
35 44 50
36 43 50
35 44 50
35 43 50
35 42 51
37 42 51
36 41 50
34 43 51
35 41 51
35 42 51
34 43 51
35 41 51
35 42 51
35 41 52
35 40 53
36 39 50
35 41 52
36 40 53
