28 37 50
26 36 51
26 38 51
27 36 53
27 36 51
26 36 52
27 36 52
26 36 52
26 34 53
26 35 53
26 36 50
27 36 51
27 36 52
27 35 52
27 36 52
27 34 51
25 36 53
26 34 52
27 35 51
27 36 51
28 36 51
26 36 52
26 35 52
27 36 51
26 35 52
26 36 51
25 35 52
27 35 53
27 35 53
26 36 52
27 35 52
27 34 51
27 34 52
27 34 51
27 35 52
28 36 52
27 34 53
28 35 52
27 34 52
27 36 51
27 36 52
29 34 52
29 35 51
28 36 52
26 35 53
26 35 52
27 36 53
28 36 53
29 37 55
29 34 54
29 36 54
30 37 55
30 39 54
35 39 53
35 40 50
36 41 51
36 44 50
34 43 49
34 45 48
34 45 46
32 46 46
31 47 45
29 47 44
28 46 44
28 47 43
28 49 44
28 48 44
27 49 44
30 49 44
29 51 43
31 49 46
31 50 45
32 49 44
30 49 45
30 47 45
29 47 45
30 51 45
30 49 45
31 48 46
30 50 46
28 51 44
28 52 43
28 49 43
28 49 42
29 51 42
28 50 44
29 51 44
28 51 43
29 50 43
28 49 42
27 52 44
26 52 44
27 51 45
28 52 44
29 52 43
28 52 43
31 52 43
32 51 42
32 50 43
33 51 42
32 49 43
34 49 43
33 50 44
35 48 43
35 49 44
36 49 44
36 50 44
34 47 45
37 49 44
35 47 44
36 46 45
38 47 46
37 46 47
37 47 47
38 46 47
37 47 47
40 47 48
38 45 48
38 44 47
39 45 47
40 44 49
40 45 48
40 45 49
41 44 48
41 43 49
41 43 48
41 43 48
41 42 49
41 41 49
41 43 48
41 42 48
39 42 47
40 43 50
41 40 49
41 39 49
40 40 50
40 40 50
39 39 49
41 39 50
41 39 50
41 40 51
41 38 50
41 38 52
40 37 50
41 39 51
41 38 50
40 39 51
41 38 51
40 38 50
40 37 51
41 37 51
41 38 50
41 35 51
41 37 51
40 36 52
42 36 51
41 37 51
41 35 51
40 36 50
40 34 52
40 35 51
40 36 51
39 36 51
40 35 50
41 36 51
42 37 52
41 35 52
40 34 52
41 36 52
40 35 51
40 35 52
40 34 52
40 36 53
39 34 51
41 35 52
41 36 51
40 35 52
41 34 51
40 35 52
41 35 51
40 35 51
41 35 52
40 36 51
40 34 53
40 36 52
40 34 51
41 35 51
40 34 51
40 34 51
40 36 50
40 35 51
40 36 50
40 34 51
39 36 51
40 37 51
40 36 50
40 35 51
39 37 50
41 37 51
40 38 51
42 39 52
40 39 52
41 39 50
41 42 51
40 40 51
42 41 50
41 41 50
39 41 49
40 42 49
40 42 48
38 42 49
39 43 49
39 44 47
38 46 47
38 44 48
37 45 46
37 45 48
37 46 48
36 46 46
34 47 46
35 48 47
33 47 46
34 48 47
33 49 45
33 49 44
31 49 45
29 49 46
29 48 45
31 49 45
30 50 45
29 49 46
29 49 44
28 48 46
27 50 45
28 51 46
29 49 44
28 50 45
28 48 44
29 49 45
28 48 45
29 47 45
29 47 46
29 49 45
28 47 44
27 48 46
26 48 46
27 49 45
28 50 45
29 49 45
28 49 43
29 49 44
28 49 45
28 48 45
28 49 47
25 47 44
24 47 46
25 49 45
24 49 45
23 49 44
24 49 44
26 48 44
26 48 44
28 48 45
28 47 44
30 45 45
31 44 46
30 44 47
33 44 49
32 43 49
33 42 50
32 42 50
34 39 51
34 38 52
33 40 51
32 39 50
28 41 52
25 45 59
26 30 55
26 27 51
27 37 52
26 38 54
26 38 55
26 37 53
27 36 53
27 37 51
27 36 50
29 35 50
27 35 52
28 34 51
27 35 51
27 36 53
26 37 51
26 36 52
25 37 53
26 35 52
26 34 51
26 34 52
26 36 52
27 36 51
27 35 52
26 36 52
28 38 52
28 36 52
27 36 52
27 36 52
26 36 51
27 36 53
27 36 52
26 36 51
26 36 52
26 35 51
26 36 52
27 36 52
25 37 53
26 36 53
25 36 52
25 36 51
27 35 51
25 36 52
25 36 51
27 35 52
27 34 51
25 35 52
26 36 51
27 35 51
26 36 52
26 36 52
27 38 51
27 37 52
26 37 51
25 36 51
26 35 51
27 36 52
27 37 52
27 35 52
26 36 52
27 37 51
27 37 51
26 36 52
26 36 52
26 37 52
27 36 51
27 36 51
26 36 51
26 36 51
26 37 51
26 36 52
26 37 51
26 37 52
27 36 51
27 37 52
25 35 52
26 37 52
26 36 52
25 36 51
27 35 52
26 36 51
26 35 52
27 36 52
26 36 52
26 35 51
26 36 51
26 36 51
26 36 51
25 36 52
26 35 51
26 34 51
25 37 52
