31 45 48
31 45 48
31 45 48
32 32 46
32 46 49
30 45 48
31 45 49
31 46 48
30 44 47
30 46 49
32 45 47
31 46 48
31 45 48
32 46 49
32 46 48
32 46 48
31 45 49
31 46 48
30 46 48
32 45 49
31 46 48
32 46 48
31 46 48
31 46 49
30 47 48
31 47 48
31 45 48
31 46 48
31 46 47
31 46 48
31 46 48
30 45 48
32 46 49
29 47 48
30 45 50
29 46 49
30 45 49
31 46 51
31 46 50
33 46 50
33 46 49
33 46 49
35 44 47
35 48 47
37 45 47
40 46 45
41 45 46
39 44 44
39 45 45
38 49 46
35 46 44
35 48 44
35 49 44
33 49 43
32 50 43
32 52 42
32 50 43
32 48 43
33 49 44
34 48 45
35 49 45
34 51 44
33 50 44
32 50 45
32 50 44
33 49 45
33 50 44
32 49 45
32 49 45
33 48 46
33 48 44
31 51 44
31 50 44
32 49 46
32 50 45
33 50 45
33 52 45
32 50 45
33 51 46
34 52 46
35 50 45
36 50 44
35 50 44
36 51 44
38 50 44
38 48 45
40 47 46
41 47 44
41 45 43
43 44 43
44 44 43
42 42 44
45 43 44
44 44 43
46 42 43
47 42 42
47 43 42
48 43 41
48 43 42
48 42 42
48 43 41
48 42 42
49 41 42
50 41 43
49 41 43
50 39 43
50 39 44
49 39 44
49 39 43
48 38 44
49 37 44
50 37 43
49 37 45
49 37 44
50 36 45
48 37 45
49 35 46
49 36 44
48 35 45
49 36 45
49 37 46
49 35 44
49 35 45
48 35 45
49 35 45
47 36 46
48 33 46
49 35 46
48 34 47
48 34 47
48 33 46
48 34 46
48 33 46
47 33 47
48 33 47
47 33 46
47 33 46
48 33 46
48 33 47
48 33 47
48 34 46
48 32 47
48 33 46
48 33 47
47 32 46
49 32 47
48 33 46
48 32 47
48 31 47
46 33 47
47 31 46
48 31 47
48 31 47
47 32 46
48 31 46
47 31 46
47 31 47
47 32 47
48 30 46
47 32 48
48 31 46
47 31 48
48 31 48
47 30 47
47 32 46
48 29 47
47 32 46
46 30 46
47 31 46
47 31 46
48 30 47
48 30 47
47 29 47
48 31 47
48 29 47
47 32 46
46 30 47
47 29 47
47 30 45
47 31 47
47 31 47
48 32 46
47 30 48
48 30 47
47 30 47
47 29 46
47 31 47
47 31 47
48 30 46
48 31 47
47 29 47
46 30 47
46 30 47
47 30 47
47 31 46
47 31 46
47 31 47
47 30 47
47 30 47
48 30 46
46 30 46
47 32 47
48 31 45
48 33 45
48 31 46
48 31 47
48 32 46
49 32 46
49 33 45
48 35 45
48 33 46
50 34 46
49 35 44
48 36 45
49 37 44
47 36 44
50 38 44
50 38 43
51 38 44
51 39 43
52 39 46
52 41 43
50 39 44
48 39 42
48 39 43
50 40 44
50 41 43
50 39 43
51 40 43
49 38 43
49 39 42
48 40 43
49 40 44
50 39 43
50 40 43
50 40 44
49 39 44
49 40 42
49 40 44
50 40 42
50 38 43
49 40 42
50 38 44
50 40 42
49 40 42
49 39 43
49 40 43
50 39 43
50 39 43
50 39 43
50 39 43
50 38 43
49 39 42
50 40 42
49 40 42
50 39 43
50 38 42
50 38 44
49 38 43
51 39 42
49 39 42
50 39 43
50 37 41
50 39 44
50 37 42
51 38 42
51 38 43
50 38 42
50 38 43
49 36 42
49 37 42
51 37 42
50 38 43
49 37 42
50 37 42
50 36 43
50 37 43
50 38 43
51 38 43
50 38 42
48 39 43
50 38 44
48 38 43
46 39 44
48 41 45
47 38 44
47 41 43
47 42 43
47 42 42
46 42 42
47 41 42
46 42 42
46 42 44
46 44 42
45 45 43
44 45 42
44 46 42
43 48 43
42 49 42
40 50 41
39 51 43
39 52 43
40 51 42
39 51 42
38 53 41
38 52 42
38 50 42
37 50 41
37 49 42
38 50 42
36 50 43
36 50 42
37 51 43
36 51 42
36 51 43
35 51 42
36 50 42
37 50 42
35 50 43
36 51 42
34 51 42
35 50 42
35 51 42
34 50 42
35 52 42
35 53 42
34 52 42
33 50 42
35 50 42
35 50 43
34 51 42
34 51 42
35 52 42
34 51 43
34 51 42
34 48 44
34 54 43
33 53 42
35 52 41
36 56 40
37 53 39
39 53 39
39 52 41
40 48 43
42 45 44
42 45 42
42 43 41
42 41 42
43 42 42
41 42 43
38 42 48
38 45 51
37 41 48
35 39 49
35 42 52
33 43 52
32 45 52
25 43 56
31 37 61
31 38 51
32 39 48
32 43 49
32 42 50
31 44 51
31 44 51
32 42 52
32 42 51
32 42 50
33 41 50
32 42 51
33 43 52
32 41 50
32 42 51
32 42 50
32 42 50
31 41 50
32 43 51
31 43 50
32 41 50
32 42 50
31 42 50
31 41 51
32 41 51
32 43 51
33 43 51
33 43 51
32 42 50
33 42 52
31 42 50
31 42 50
33 43 50
32 41 50
31 41 50
30 42 51
32 41 50
33 42 51
32 42 51
33 41 50
31 42 51
32 41 51
32 42 51
32 42 49
31 42 50
32 40 50
31 42 50
30 42 51
