32 35 53
32 35 53
32 34 53
32 35 53
32 35 54
31 35 53
32 36 53
32 35 52
31 34 53
32 36 53
31 34 53
32 35 53
31 36 53
32 35 52
32 35 53
32 35 53
32 36 53
32 35 53
32 33 53
32 35 53
32 36 54
32 35 53
31 35 53
32 34 53
32 36 52
32 35 52
32 35 53
31 34 53
32 34 53
32 35 52
32 34 53
32 34 53
31 34 53
31 34 52
32 34 52
31 36 53
30 36 52
32 34 52
31 36 53
31 36 52
31 34 53
31 35 53
32 36 53
31 36 53
31 35 53
30 35 53
32 35 53
31 34 52
32 34 53
31 35 53
30 35 53
31 34 54
32 34 53
31 35 53
28 36 52
27 35 53
27 36 54
27 35 51
28 34 52
29 36 51
32 35 50
35 39 53
35 37 52
33 35 54
33 38 54
32 36 51
31 38 53
32 38 50
34 40 53
32 41 51
33 39 52
34 38 51
33 41 53
32 40 50
33 40 51
31 40 51
31 42 52
33 43 51
31 43 51
32 42 52
33 43 51
31 44 48
32 48 50
32 45 50
29 49 51
32 45 48
32 47 50
34 49 51
32 45 50
34 48 51
34 45 51
36 44 50
35 43 51
35 44 50
38 42 50
37 40 51
37 41 52
38 39 50
37 39 51
39 38 51
39 39 50
40 37 50
40 36 52
40 36 50
40 36 50
40 36 51
41 36 50
41 34 51
42 35 51
41 35 52
41 33 51
42 34 51
41 32 51
41 35 51
42 33 51
42 33 51
42 33 50
41 34 51
41 31 52
40 31 51
42 32 52
41 32 51
40 31 51
41 31 52
42 32 51
41 31 51
41 31 52
42 30 51
42 30 51
42 31 51
41 29 52
41 30 51
42 31 50
41 29 50
40 30 52
40 31 52
41 31 51
40 30 51
41 30 51
42 28 51
41 29 51
40 29 51
41 29 50
41 28 50
40 30 51
41 29 50
41 28 51
41 30 51
41 28 51
41 29 51
41 29 51
41 30 52
42 28 51
41 28 51
42 29 51
43 29 50
40 28 51
41 29 50
41 29 51
41 29 50
40 28 51
41 28 51
41 28 51
41 27 50
41 29 51
40 28 50
42 27 50
41 27 49
41 27 51
41 27 51
40 27 51
40 28 50
42 28 50
42 26 51
41 28 51
41 28 50
40 28 49
40 27 51
41 27 51
41 29 50
41 28 51
41 27 52
41 28 51
41 27 51
41 27 50
41 27 51
42 29 51
42 28 50
41 26 50
41 29 50
40 27 50
42 27 50
41 28 51
42 27 50
41 27 51
41 28 50
41 26 50
40 27 50
42 27 50
40 27 50
40 27 49
41 27 51
41 27 50
43 27 50
41 28 50
41 26 51
42 26 50
40 27 51
40 27 50
40 28 50
41 27 49
41 27 50
41 27 51
42 27 49
41 28 51
42 27 50
41 28 49
41 27 50
41 29 50
41 28 50
41 27 50
41 27 51
41 27 50
40 28 51
40 28 51
41 29 51
41 28 51
41 28 51
41 30 51
41 30 51
40 30 50
42 31 50
43 32 49
42 33 51
42 33 49
41 35 50
41 36 50
41 36 49
41 37 50
42 39 50
39 39 49
40 40 49
39 40 48
40 43 49
38 43 48
36 43 49
37 44 49
37 44 48
35 46 48
36 47 48
35 48 48
34 48 50
33 47 49
35 48 49
33 48 49
33 47 48
33 47 50
33 47 49
34 47 49
33 47 48
32 46 49
33 47 49
32 46 48
32 47 48
32 46 47
31 46 48
33 47 48
33 47 49
32 48 50
31 46 47
32 46 49
31 47 50
31 45 48
30 45 50
30 46 48
31 43 47
31 43 48
33 42 50
33 43 50
33 40 51
33 42 51
30 42 52
32 39 51
30 40 52
32 39 52
32 39 53
32 38 54
34 40 52
33 37 52
33 38 52
31 39 50
30 39 51
31 38 51
29 37 51
29 39 52
28 38 53
29 36 52
28 34 53
28 34 52
29 35 53
31 37 52
32 35 54
30 36 53
32 35 53
30 35 53
31 36 53
31 36 53
31 36 54
31 36 53
32 35 54
32 35 53
33 35 53
32 36 53
33 36 52
31 37 52
32 36 54
32 36 53
31 36 52
32 37 52
33 36 53
33 37 53
33 35 53
33 36 53
32 36 53
32 36 53
32 35 53
32 35 53
31 36 53
32 35 53
31 35 53
32 36 53
32 35 53
32 35 53
33 35 53
32 35 53
32 35 52
30 35 52
32 36 53
32 35 52
32 36 52
32 37 53
32 34 53
32 36 53
32 35 52
33 34 52
32 36 53
33 36 53
32 36 53
33 35 53
32 36 52
32 37 53
32 37 53
32 36 53
32 37 53
33 37 51
32 37 52
31 36 53
32 36 53
32 36 52
32 37 53
32 35 52
33 36 52
31 36 53
33 36 53
33 37 53
33 36 54
33 35 53
32 35 53
32 37 53
32 36 52
31 36 53
32 36 53
33 35 52
32 37 52
33 36 53
31 36 52
32 36 53
33 38 53
33 35 52
32 36 53
32 38 53
32 37 53
32 36 52
32 37 52
32 36 53
32 37 53
32 36 53
33 36 53
31 35 53
32 37 52
31 36 53
33 36 52
32 37 52
32 36 52
32 37 53
33 36 53
32 37 52
31 36 53
32 37 52
33 37 53
32 36 52
