38 32 52
38 32 52
40 33 52
40 33 52
40 33 52
40 32 53
41 34 51
40 33 52
41 33 52
39 32 52
40 33 52
41 32 51
40 33 52
40 34 51
41 33 52
39 34 52
40 32 51
39 32 51
39 33 52
39 33 52
38 33 52
38 34 52
40 34 51
39 33 53
40 31 52
39 32 52
38 32 53
38 34 52
38 36 53
38 38 55
38 38 55
38 40 53
39 39 52
39 39 50
39 38 48
38 39 48
38 40 47
37 37 48
37 40 48
35 41 49
33 45 50
33 44 49
32 45 49
32 44 49
32 44 47
32 43 49
31 43 49
31 44 48
29 45 50
30 43 50
31 44 49
31 44 49
31 42 49
31 42 49
29 44 50
31 45 50
30 43 50
30 45 51
29 44 51
31 45 50
31 46 49
29 46 48
30 43 48
31 45 50
31 45 50
31 46 49
31 46 50
31 47 50
31 45 51
32 46 50
33 45 50
34 44 50
34 43 51
35 43 50
37 42 50
36 42 49
38 41 50
38 40 50
39 39 49
39 39 50
39 38 51
39 38 50
40 37 50
40 37 50
41 36 51
41 36 51
41 35 50
43 36 50
41 34 51
42 34 50
42 33 50
40 33 50
42 33 51
42 34 50
43 34 50
44 34 51
44 35 53
42 34 52
42 36 51
42 34 52
42 34 52
42 34 50
42 35 48
42 33 49
41 34 49
41 33 50
41 36 50
43 35 49
42 36 51
44 33 49
43 33 51
42 33 51
42 33 50
42 33 50
42 32 51
42 31 50
43 32 50
43 30 50
42 31 51
41 31 50
42 30 51
42 30 50
41 29 50
43 30 50
42 31 51
43 31 50
42 31 51
43 29 51
43 30 50
43 29 50
42 29 49
42 30 48
44 28 50
42 28 49
43 28 49
43 28 50
44 27 49
43 28 49
44 27 49
43 28 49
43 27 49
44 25 50
43 26 49
44 25 50
43 25 48
43 24 49
42 25 49
43 25 48
43 24 48
43 24 47
43 24 48
44 25 48
43 25 48
43 24 47
44 24 47
44 23 48
43 23 48
43 23 48
44 24 46
43 23 47
43 23 46
43 24 47
44 22 46
42 23 48
42 23 48
44 23 46
43 22 47
43 23 46
43 22 46
43 23 46
43 22 47
42 23 46
44 22 45
43 22 46
44 21 46
43 21 47
42 22 45
43 23 45
43 20 46
44 21 46
44 22 47
45 20 45
43 20 46
43 22 45
44 21 46
44 20 45
44 21 45
44 19 46
44 20 46
43 20 45
43 21 45
43 21 45
43 22 45
44 21 45
44 22 45
44 20 45
44 20 45
44 20 45
44 20 44
44 20 45
44 21 45
45 20 45
44 20 44
43 19 44
45 20 44
45 20 44
43 21 44
45 20 45
44 21 44
43 20 45
44 20 46
43 20 45
44 20 43
44 19 44
44 20 44
44 20 44
44 19 44
44 18 44
43 19 44
44 20 43
44 21 43
44 19 44
44 19 44
45 19 43
44 19 43
44 19 43
44 19 43
44 19 44
44 19 44
44 20 43
45 20 43
45 20 44
44 20 44
44 20 44
45 22 44
43 20 45
44 20 46
43 21 46
44 20 46
44 22 45
44 21 45
44 22 46
44 23 47
43 23 46
44 24 47
43 25 48
43 25 48
44 25 50
45 25 48
42 27 50
41 27 50
42 27 50
42 28 50
43 27 49
42 27 49
42 27 49
42 27 49
43 28 50
42 27 52
42 28 50
42 28 51
43 28 50
42 28 49
41 28 50
42 29 50
41 29 49
42 28 49
42 28 50
43 28 50
42 27 50
42 28 50
41 28 51
42 28 50
42 28 50
43 27 49
41 28 50
41 28 50
42 29 50
41 28 50
43 27 49
42 28 50
44 28 49
42 28 50
42 28 50
42 27 50
43 28 49
42 27 49
42 28 49
42 28 50
42 28 50
43 27 50
41 28 50
43 29 50
41 26 50
42 28 50
43 28 50
44 29 50
41 27 50
43 27 50
43 27 50
44 29 49
42 28 50
42 27 50
42 26 49
42 26 49
43 28 49
42 27 49
44 27 48
42 26 50
42 28 50
43 27 50
43 26 50
43 26 49
42 27 49
43 25 49
43 26 50
43 27 49
43 26 49
43 25 49
43 25 48
43 26 50
44 26 49
42 25 49
44 26 48
44 26 49
41 25 48
43 25 49
44 24 48
43 22 48
44 22 48
43 23 47
44 23 47
43 23 47
44 22 47
44 23 47
43 21 47
43 22 46
43 22 46
44 22 46
43 21 45
43 20 46
44 21 46
44 21 46
44 20 46
43 21 45
44 21 45
44 22 45
43 21 46
43 21 45
43 21 46
43 21 45
44 21 45
44 20 46
42 21 46
44 21 44
44 23 45
43 21 45
44 20 44
44 20 45
45 20 45
44 19 44
43 21 45
44 20 44
43 20 45
44 20 45
44 19 44
44 19 44
43 19 44
43 19 45
43 19 44
45 20 43
42 21 44
45 20 44
44 19 45
44 18 44
45 20 44
43 20 45
43 19 44
44 19 44
43 20 45
44 18 44
45 20 43
44 19 44
43 21 43
45 20 44
44 20 44
44 20 44
44 19 44
44 20 44
43 19 44
42 21 44
42 21 45
42 20 44
43 21 45
43 22 45
43 22 45
43 21 47
43 23 48
42 24 47
45 25 48
44 25 49
44 26 49
42 25 48
43 28 49
44 26 50
43 28 49
44 29 51
42 30 50
43 29 50
42 32 51
42 31 50
43 30 50
43 31 50
43 29 51
41 30 50
42 29 50
41 30 51
41 30 49
41 29 50
42 30 50
43 29 51
41 30 50
42 31 52
41 30 51
41 30 51
40 31 51
41 29 51
41 30 51
41 29 50
41 30 50
42 31 51
42 31 50
41 30 50
41 30 50
43 30 51
42 30 49
42 30 50
42 30 51
41 31 51
42 31 51
43 31 51
42 31 50
41 30 50
42 30 51
42 31 50
42 30 50
42 30 49
41 29 50
41 30 50
42 30 50
41 30 50
42 31 51
41 30 50
41 30 52
41 32 50
42 30 50
43 30 51
42 31 51
42 31 51
43 30 50
42 30 50
43 30 51
41 31 51
43 30 49
42 29 50
42 32 49
41 30 50
43 30 51
41 30 50
42 31 51
42 30 51
42 30 51
42 30 51
42 31 50
42 30 51
41 30 50
42 30 50
42 30 50
41 28 51
42 30 51
42 29 50
43 30 49
42 31 50
42 31 51
42 29 50
42 28 50
41 29 50
41 29 51
43 29 50
42 29 50
42 29 51
42 28 50
42 29 50
42 29 50
42 30 50
41 28 51
42 29 50
43 30 49
41 27 49
43 28 50
42 28 49
43 28 50
42 28 49
42 27 49
43 28 49
42 29 50
43 27 50
42 28 50
42 28 50
42 27 50
42 28 50
44 27 49
42 27 49
44 28 50
42 26 50
42 29 50
42 28 49
42 29 50
42 27 50
43 27 50
43 29 49
43 28 49
42 28 49
43 26 49
42 27 50
42 27 50
41 27 49
42 27 49
42 27 51
42 26 49
43 26 48
42 26 50
42 26 49
43 25 49
41 26 48
43 26 49
43 26 50
43 25 49
42 24 48
43 25 49
44 24 48
43 25 50
41 24 48
42 25 47
42 25 48
43 24 48
43 23 49
43 24 47
42 21 47
42 22 47
43 22 48
43 23 47
42 22 48
44 23 47
43 22 47
43 21 46
43 22 46
44 21 46
43 21 47
43 21 46
43 21 46
43 21 46
43 22 45
43 20 46
42 21 45
42 21 46
44 21 46
44 21 45
43 21 45
44 21 46
43 22 45
44 20 45
42 20 44
44 20 46
44 20 46
43 21 45
44 21 45
44 20 44
43 20 45
43 19 44
43 20 45
43 21 45
43 20 45
43 20 44
43 19 46
43 20 45
44 19 45
42 20 44
44 19 44
43 20 44
43 19 44
42 20 44
44 20 44
43 20 44
44 20 46
44 19 44
43 19 44
43 19 44
44 19 45
44 20 44
44 20 43
43 20 44
44 20 43
43 19 43
43 19 44
43 19 44
44 20 43
43 19 44
44 18 45
45 19 44
44 19 45
43 19 43
44 20 44
44 19 44
44 20 44
43 19 45
43 20 44
45 19 44
43 19 44
44 19 44
44 20 45
44 19 44
42 19 44
43 19 42
43 19 44
44 19 43
44 18 43
44 20 43
44 19 43
44 19 44
44 19 43
43 18 44
44 19 44
44 19 44
45 19 44
43 18 43
44 19 43
43 18 43
44 19 43
44 18 44
43 20 42
44 18 44
44 19 44
44 20 44
43 18 43
43 18 43
44 19 44
44 18 44
45 19 43
44 19 44
44 20 44
44 19 44
44 19 45
44 20 44
44 20 44
42 19 44
42 19 45
43 21 45
43 22 45
43 21 45
43 21 45
43 21 45
44 21 45
44 21 45
43 24 47
43 22 47
44 22 47
42 24 48
43 23 48
43 25 48
41 25 49
43 25 49
42 25 49
42 26 49
43 25 49
42 24 49
42 25 49
42 26 49
42 24 48
43 25 49
42 26 49
43 25 49
41 26 49
42 25 48
41 26 49
42 25 49
41 27 49
42 25 48
42 26 50
42 25 49
42 26 49
43 26 48
42 26 48
44 26 49
42 25 49
42 26 49
42 25 49
42 27 48
43 25 49
42 25 50
42 25 49
40 26 50
43 26 49
41 26 48
41 26 49
43 26 48
42 25 48
43 24 49
42 25 49
40 25 49
42 26 49
42 25 50
42 25 49
43 24 49
42 26 50
42 25 50
43 25 49
43 25 48
42 25 50
42 25 49
44 25 49
41 26 49
42 25 49
42 25 49
42 25 50
42 25 49
42 25 49
43 26 50
43 26 49
42 26 49
42 25 49
43 25 50
44 26 49
44 26 49
42 25 50
42 26 49
42 26 49
41 26 48
42 25 49
42 26 49
42 26 49
42 26 49
41 25 49
43 25 50
42 24 49
43 25 50
42 26 48
43 25 49
43 25 49
43 25 48
43 24 48
42 25 49
42 24 49
42 25 49
41 25 49
42 26 49
43 25 48
43 25 49
42 24 49
43 24 49
42 24 50
43 25 49
43 25 49
42 25 49
42 24 48
42 25 49
41 24 48
42 24 49
42 24 48
41 25 48
43 25 48
42 25 49
43 24 48
43 24 48
43 23 49
43 25 49
42 23 49
43 23 47
42 22 48
42 23 49
43 25 47
43 22 48
41 22 48
43 23 48
41 23 47
42 22 47
43 23 48
42 21 47
42 22 46
43 23 47
42 21 47
42 22 47
42 21 47
46 21 46
42 21 45
42 21 46
43 21 45
42 21 45
43 20 46
43 21 45
42 20 44
42 21 45
43 20 45
44 20 45
43 20 45
43 18 46
44 20 44
43 21 45
43 20 45
43 20 44
42 19 45
43 18 46
43 19 45
44 20 45
44 20 45
44 20 44
44 19 43
43 20 43
44 19 44
43 19 44
44 20 43
44 20 44
42 18 43
43 19 43
44 18 43
45 18 43
43 20 42
44 19 42
44 19 42
43 19 41
43 18 42
44 18 42
45 19 41
43 18 42
43 18 41
44 18 42
44 16 41
43 18 42
43 18 41
44 18 43
43 18 43
44 18 43
43 19 43
44 20 43
44 17 44
44 19 44
43 20 45
43 19 44
43 20 45
43 21 45
43 21 45
42 22 46
43 22 46
42 23 47
42 24 47
41 25 49
43 24 49
43 26 50
42 26 50
42 25 51
43 26 50
42 26 50
42 26 50
42 26 50
42 26 49
42 26 50
41 26 49
42 27 49
42 27 50
42 26 50
41 26 49
41 25 50
42 26 49
42 26 49
42 25 50
42 27 49
42 25 48
41 26 49
43 26 49
42 27 49
41 25 49
41 26 49
42 26 50
42 26 49
43 25 49
41 25 49
42 26 50
41 26 50
41 24 50
42 26 49
42 25 49
41 25 49
42 26 49
42 26 50
42 27 49
42 26 49
41 26 51
43 26 49
41 26 49
41 26 49
41 25 50
41 25 49
42 26 50
42 26 49
41 26 49
42 26 50
42 26 49
42 26 50
41 25 50
42 27 49
43 26 49
41 26 49
41 26 49
40 26 50
42 25 50
41 26 49
42 25 50
42 26 50
42 26 49
41 25 50
41 25 50
43 27 50
42 25 50
42 24 50
42 26 49
41 25 50
43 27 50
42 25 50
42 26 49
41 25 49
41 26 51
43 26 50
41 26 50
42 26 50
42 26 50
42 26 49
41 26 50
42 25 49
42 26 49
41 26 49
42 27 50
42 25 50
42 25 50
42 26 49
41 26 50
42 25 49
42 27 49
41 26 50
42 25 50
42 25 50
43 25 49
42 25 49
42 25 49
41 26 50
41 25 48
42 26 50
42 26 50
42 26 49
42 24 50
41 26 50
41 26 49
41 25 50
43 25 50
42 26 49
42 25 50
41 26 50
42 26 49
42 25 49
42 26 50
42 25 50
41 25 49
41 26 49
41 26 50
42 27 50
41 26 49
42 26 49
41 25 49
42 26 49
43 26 48
42 25 51
43 25 50
42 26 49
42 26 49
43 25 50
42 24 49
42 26 49
42 24 48
41 25 49
41 26 49
41 25 49
42 26 50
42 27 49
42 25 49
43 25 48
42 25 49
42 24 49
42 25 49
42 26 49
42 24 49
41 25 49
43 24 48
41 25 49
41 24 48
43 24 48
44 24 49
42 24 48
43 23 49
43 24 49
43 26 48
42 25 49
42 24 49
42 26 49
42 25 49
42 24 48
41 24 48
42 25 49
43 24 49
42 23 48
42 25 48
43 24 49
43 25 48
42 24 48
43 24 47
42 23 48
41 24 49
42 25 48
43 23 49
42 23 48
44 24 48
43 24 48
43 25 48
41 23 48
41 24 49
42 23 49
42 25 48
42 23 48
42 24 48
42 24 48
43 23 48
43 24 49
43 24 48
43 24 50
41 24 49
42 24 48
41 24 49
43 24 48
43 23 48
42 23 47
42 23 48
40 24 48
43 25 49
42 24 47
41 25 49
42 25 49
43 25 49
42 24 49
42 26 48
42 25 48
42 25 49
41 24 48
43 23 49
42 24 48
42 24 48
43 24 50
42 23 49
42 23 49
42 24 48
43 24 48
42 24 49
42 24 48
43 25 48
41 24 47
43 24 49
42 24 49
42 24 48
43 24 49
43 25 49
43 23 49
41 24 48
42 25 48
41 23 49
42 25 49
42 25 48
43 24 48
43 24 49
43 23 49
43 24 50
41 25 50
44 25 48
43 24 49
43 24 48
42 24 49
42 25 50
41 22 48
41 24 48
42 24 48
43 23 48
43 24 48
43 23 48
43 25 47
43 24 48
43 22 49
42 22 47
42 22 48
42 23 48
43 23 48
42 23 48
43 22 49
43 22 48
42 22 48
43 22 48
43 23 48
42 21 48
43 21 47
42 22 47
42 22 46
43 22 46
43 21 46
43 23 47
41 21 47
42 21 45
43 20 46
44 19 46
43 21 46
45 20 45
43 19 45
43 22 46
44 18 44
45 19 44
45 20 46
44 18 45
43 18 45
42 20 45
42 17 45
43 18 44
43 17 44
43 18 44
43 19 43
43 18 42
43 16 42
43 17 41
43 18 42
43 18 41
43 16 40
42 16 41
43 16 41
44 16 40
43 16 40
42 16 40
44 16 38
45 17 38
44 16 38
43 16 38
43 15 37
43 15 38
45 16 36
43 15 35
43 15 36
45 16 36
44 16 35
44 16 35
44 16 36
45 16 34
43 14 34
43 16 35
44 16 35
44 17 36
44 18 39
43 19 40
44 17 40
42 19 42
43 20 46
43 21 45
43 22 45
42 22 45
43 24 46
45 25 47
45 27 48
46 26 48
46 28 48
45 28 49
44 28 50
43 29 50
43 28 49
41 30 51
41 30 51
41 30 51
41 31 51
41 31 51
41 33 51
40 34 52
40 34 51
38 36 52
37 36 52
35 36 52
33 36 53
33 37 53
33 36 53
33 36 53
31 37 52
32 37 53
32 37 52
31 38 52
30 40 52
29 39 52
28 40 51
30 41 52
28 42 52
28 41 51
28 41 52
26 41 51
27 40 51
28 41 50
28 40 52
29 40 51
28 39 52
28 39 50
26 39 51
29 41 52
27 38 51
27 40 54
25 40 54
24 40 51
24 42 52
26 38 49
25 38 49
28 36 48
27 39 49
30 39 48
31 40 50
32 40 50
34 42 49
36 41 49
35 42 50
36 43 51
36 51 50
31 46 52
31 44 50
31 41 49
33 41 53
29 41 53
30 39 53
34 41 52
33 40 50
33 41 50
33 43 50
33 43 53
33 43 52
34 42 51
33 41 51
32 41 50
32 42 51
32 42 51
32 41 50
34 41 51
33 41 50
32 42 51
33 41 51
33 42 51
33 42 50
34 41 51
33 42 50
33 41 52
33 40 51
33 40 50
32 40 50
33 42 51
33 40 50
32 41 51
33 40 51
33 41 51
33 42 51
33 41 52
34 41 50
32 40 51
33 42 51
33 41 51
33 42 51
34 41 51
34 42 50
33 42 50
33 42 51
32 41 51
33 41 51
34 42 51
33 41 52
33 41 51
35 41 51
32 41 51
34 41 49
33 42 51
33 42 50
32 40 51
34 43 51
33 42 51
33 42 52
34 41 50
33 42 51
33 42 51
33 43 51
34 41 51
34 42 50
34 41 51
32 41 50
33 42 51
31 42 51
34 42 50
33 42 49
32 41 51
33 41 51
33 42 50
33 43 51
33 43 51
31 42 51
33 42 50
34 41 51
33 43 51
32 42 52
34 41 50
34 41 50
34 43 51
34 42 50
