29 47 46
29 47 46
27 46 47
27 47 47
27 47 46
28 46 47
28 47 46
28 47 46
27 47 47
28 47 46
28 48 47
28 47 47
29 47 47
28 47 46
27 45 46
27 47 46
27 47 46
27 47 46
27 47 47
26 47 46
27 47 46
26 48 45
27 48 45
28 47 47
27 46 47
28 46 47
27 46 46
26 46 47
28 47 46
27 46 47
27 47 46
29 46 47
27 45 47
27 45 46
28 46 46
27 47 47
27 47 46
28 47 46
27 46 46
28 47 46
26 47 46
26 47 46
27 46 47
27 46 46
28 47 46
28 47 46
26 47 46
28 47 46
28 47 45
26 47 46
28 46 46
27 47 46
27 46 47
28 46 47
27 48 47
28 46 46
27 46 46
28 48 46
27 47 47
27 46 46
27 46 46
28 46 47
28 46 46
28 47 46
28 46 47
27 48 46
28 46 47
28 47 45
28 47 45
28 45 46
28 47 46
26 46 46
28 47 46
28 46 46
29 47 47
26 46 46
27 48 45
27 47 47
28 47 46
27 46 47
28 46 46
28 48 46
27 46 47
27 47 46
27 45 46
27 48 46
27 47 46
28 45 46
28 47 46
28 48 47
27 46 46
27 46 47
27 46 46
27 46 46
29 45 47
28 47 47
27 46 46
27 47 47
28 48 45
27 46 46
27 47 46
26 46 46
26 44 46
27 46 47
23 46 46
25 47 47
25 46 46
24 45 46
23 47 46
23 45 45
24 46 44
24 46 45
25 46 44
24 48 43
24 46 44
24 47 44
22 47 43
21 46 45
23 47 44
22 47 42
21 47 44
21 48 44
22 45 43
22 46 43
21 47 43
20 47 42
21 48 43
21 47 44
21 49 42
21 49 43
21 49 43
21 49 43
21 48 44
22 49 44
23 50 45
24 49 45
25 48 44
24 48 46
27 51 46
26 49 44
27 49 46
28 50 47
30 49 48
30 50 47
33 46 47
34 44 48
35 44 48
36 42 48
37 44 49
36 43 48
38 43 50
38 43 49
39 40 49
39 41 50
40 40 49
39 39 49
41 39 49
40 40 49
40 37 49
40 38 50
40 37 50
40 37 51
40 36 50
41 36 50
40 36 51
41 35 50
41 34 51
41 36 50
41 34 50
40 33 50
41 34 51
41 34 50
41 35 51
42 35 51
43 34 50
41 35 51
40 34 52
41 33 51
41 34 51
41 35 50
40 34 51
42 33 51
41 35 51
42 34 51
42 33 51
40 32 51
42 33 52
42 33 52
40 33 50
41 33 51
41 31 50
40 33 51
40 32 52
41 33 51
41 32 51
41 33 51
41 31 51
41 32 51
42 32 50
41 32 52
41 32 50
40 33 50
42 33 51
41 33 50
41 32 51
41 31 51
42 32 51
41 31 52
41 31 51
42 32 51
40 31 51
41 31 51
42 32 51
40 32 51
41 32 51
40 31 51
42 32 51
40 31 52
41 31 51
41 32 52
41 32 51
42 31 50
40 32 52
42 31 50
40 32 51
42 30 50
41 31 50
41 31 50
41 30 50
40 30 51
41 31 51
41 30 52
40 30 50
42 30 50
41 31 51
42 31 52
41 31 51
41 31 50
40 30 50
42 31 51
42 30 51
41 29 50
42 30 50
41 30 51
41 30 51
40 30 51
40 31 50
42 30 51
41 30 51
41 30 51
42 31 50
42 30 50
41 30 50
42 30 52
41 30 51
42 32 51
41 31 51
42 30 51
41 30 50
42 30 50
41 30 50
42 30 50
42 31 50
41 31 50
41 29 50
41 30 50
41 30 50
42 31 50
41 30 51
41 30 51
41 31 50
41 30 52
41 30 50
41 31 51
42 29 51
41 31 51
41 31 50
41 31 50
41 31 50
42 31 50
42 31 51
42 29 51
42 30 51
42 31 51
41 30 50
40 31 50
42 29 50
42 29 51
41 30 51
40 32 51
42 29 51
42 30 51
41 31 51
41 30 50
41 30 51
41 30 50
42 29 51
42 29 51
41 30 51
40 29 50
42 31 51
41 30 50
41 30 51
40 31 50
40 30 50
42 29 51
41 29 51
42 30 50
41 29 50
41 29 50
41 29 50
40 30 51
43 30 50
42 29 50
40 30 50
41 29 50
42 29 50
41 29 50
41 29 50
42 29 50
41 29 50
40 29 50
40 30 51
41 30 51
42 29 52
41 29 52
40 30 50
40 29 50
42 31 50
43 30 51
42 30 50
41 30 51
41 30 51
40 31 51
42 31 50
41 31 51
42 31 51
43 31 51
41 31 51
41 31 51
42 31 50
40 30 50
40 31 50
40 32 51
40 32 50
40 34 50
40 34 50
41 33 48
41 35 50
40 36 49
40 36 48
40 38 49
41 37 50
40 39 48
39 41 51
40 42 49
39 43 49
37 44 49
38 45 47
37 45 48
36 44 47
35 48 47
35 46 47
33 47 45
31 49 45
31 49 46
28 49 44
27 51 43
26 52 43
25 52 43
24 50 42
24 50 41
22 51 41
21 51 41
19 50 42
21 48 44
20 48 42
21 49 43
21 47 43
21 47 43
21 48 41
21 47 42
22 46 42
21 46 41
21 47 40
21 46 40
22 48 40
21 48 41
22 48 41
21 47 41
21 47 41
21 47 41
19 47 40
21 48 40
20 49 41
20 47 42
20 47 42
19 48 42
20 44 42
20 46 43
18 45 42
19 46 43
18 46 44
18 46 43
18 46 44
18 46 43
19 47 42
21 46 43
24 47 41
24 48 40
28 50 41
29 50 41
30 49 42
32 48 42
32 49 43
31 47 43
31 47 44
32 45 45
29 43 48
30 43 49
29 41 50
28 41 52
28 40 50
29 38 49
27 38 47
28 35 46
27 37 45
27 41 55
28 42 63
27 45 58
29 38 48
32 38 53
32 35 51
30 41 49
30 43 50
29 42 50
30 43 51
28 41 52
29 38 50
28 39 50
30 39 51
28 39 50
30 40 51
28 40 51
29 40 53
29 40 51
29 40 51
30 41 51
29 41 50
30 41 51
29 41 51
29 40 51
29 40 52
28 41 51
30 41 51
29 40 50
30 40 50
30 39 51
29 39 50
30 39 51
30 42 51
31 40 52
29 40 50
30 40 51
30 40 52
30 40 52
29 39 50
30 39 51
29 40 50
29 41 51
30 40 52
30 40 52
30 40 52
30 40 52
30 41 51
31 40 51
30 41 52
30 40 52
30 40 52
30 40 51
31 40 51
30 40 51
29 40 52
29 40 51
29 38 51
30 40 51
29 39 51
29 40 50
30 39 51
30 39 51
31 41 52
29 40 52
29 39 51
29 39 51
31 40 51
29 40 51
29 41 51
29 39 51
29 40 51
29 40 51
29 40 51
29 40 50
31 40 50
29 40 51
31 40 52
30 40 52
30 40 51
30 40 51
30 40 50
31 40 52
29 40 51
31 41 51
31 39 52
30 40 52
29 40 50
29 40 51
29 41 51
30 41 51
30 40 51
29 40 51
30 40 51
29 40 51
30 39 52
29 41 52
29 39 51
30 42 52
29 40 51
30 40 51
30 40 51
30 39 51
31 41 51
30 41 52
29 40 51
30 40 51
29 41 51
31 39 52
31 41 50
30 40 51
30 39 50
30 40 51
30 41 50
31 41 51
31 40 52
30 39 50
30 40 51
29 40 52
30 40 50
31 40 50
29 41 51
30 40 51
30 41 52
29 40 51
30 39 52
31 40 51
30 40 51
29 41 51
30 41 51
30 40 51
30 41 52
30 42 51
29 40 51
30 40 50
