30 41 51
29 42 50
29 41 51
29 40 51
27 39 52
28 41 51
27 41 52
30 42 51
29 42 51
29 41 50
28 41 50
27 41 51
28 41 50
30 41 51
27 41 50
28 40 51
29 42 51
29 41 51
28 41 50
28 41 51
28 41 50
27 42 50
29 41 51
28 40 50
28 41 50
29 41 52
28 41 51
28 40 50
28 41 51
29 41 51
28 42 51
29 41 51
28 40 52
30 41 50
28 41 49
28 41 51
28 41 50
30 41 51
28 41 51
29 40 51
30 41 51
28 41 51
28 41 51
29 42 50
28 41 49
29 41 51
28 41 51
29 40 51
29 41 52
29 41 51
29 41 50
29 40 51
29 40 51
28 41 52
29 42 50
29 41 51
28 40 51
29 41 50
29 41 50
29 40 51
27 40 51
28 40 52
29 40 51
30 41 50
29 41 50
28 41 50
29 42 51
29 41 51
30 41 51
28 40 51
28 41 51
29 42 51
30 41 51
29 40 50
27 41 50
29 40 50
28 41 50
29 40 50
29 41 50
28 40 52
29 42 50
28 41 51
28 41 51
28 40 50
29 41 51
30 42 50
29 41 50
27 42 50
28 41 51
28 40 51
28 40 50
29 40 50
28 40 51
28 41 51
29 40 51
29 41 51
28 41 50
28 41 51
30 41 52
29 40 50
29 40 51
28 41 50
28 40 50
28 41 51
29 41 51
29 41 52
29 40 52
30 41 54
30 40 53
30 39 55
30 38 54
32 37 55
32 37 55
32 36 53
33 34 52
34 37 51
33 39 51
34 39 51
33 38 50
34 40 50
33 38 49
33 38 48
33 41 50
32 39 49
33 42 49
32 42 51
32 43 50
31 41 51
31 41 51
30 44 50
29 44 50
30 45 48
30 45 49
30 45 50
31 45 48
32 46 46
31 47 45
29 47 46
30 46 47
29 47 47
28 47 47
28 47 48
28 48 45
31 48 44
28 49 47
28 49 45
28 49 46
28 49 46
28 52 46
28 49 44
25 49 45
27 51 46
25 50 45
26 51 47
28 50 48
28 48 47
28 49 46
30 49 48
29 49 47
31 50 46
33 51 47
31 46 47
32 48 47
34 46 46
34 46 47
35 47 47
36 46 48
37 44 48
38 44 49
38 45 50
37 44 49
39 41 49
38 43 50
38 40 49
38 40 50
40 41 51
39 39 51
39 38 50
39 38 49
39 37 50
39 36 50
40 36 51
40 35 51
41 35 50
41 34 50
43 34 50
41 35 50
42 34 51
42 33 51
41 33 50
41 32 51
40 32 52
41 33 51
41 32 52
41 32 52
40 31 50
41 32 51
40 31 52
41 31 52
41 29 52
41 32 50
41 28 50
42 29 51
40 30 50
41 29 51
40 29 51
43 29 51
41 29 51
42 29 52
42 29 52
40 28 51
41 29 50
41 29 50
39 29 51
39 28 50
40 28 50
40 29 52
40 28 51
41 29 52
40 28 51
42 29 51
41 29 50
41 27 51
40 28 50
40 28 51
39 29 51
40 29 50
40 28 52
41 28 50
40 27 51
40 27 51
40 26 51
39 27 51
40 27 51
40 28 50
40 27 51
40 28 51
39 28 50
41 28 51
38 27 50
42 27 50
41 27 51
40 27 51
40 27 51
41 26 52
41 27 52
40 27 53
40 25 50
40 27 51
39 26 50
39 26 51
39 26 51
40 26 50
40 26 50
39 24 51
41 25 50
40 25 50
40 24 50
39 24 50
39 24 50
39 24 50
40 24 49
41 23 50
39 22 51
39 22 48
38 23 48
41 21 48
39 21 49
38 22 48
38 21 47
38 21 48
38 21 47
38 22 46
38 23 46
39 21 46
37 21 46
39 20 44
38 21 45
38 21 46
40 21 46
40 23 47
40 22 47
41 21 46
40 23 49
38 23 49
40 23 42
40 26 49
39 27 51
40 28 46
40 30 54
40 31 50
39 34 52
39 37 52
39 39 52
40 40 53
40 41 51
41 42 50
40 41 50
40 43 48
39 42 50
39 41 48
38 44 49
37 44 48
36 45 45
35 48 46
34 50 47
34 49 48
34 49 46
34 50 48
34 51 47
34 51 46
33 52 45
32 51 46
33 51 45
30 52 46
29 50 44
30 49 44
30 50 45
30 50 44
29 50 43
29 49 44
31 51 44
31 51 44
30 50 43
29 51 44
30 51 43
30 50 44
32 53 48
30 51 45
30 50 44
30 50 44
30 48 44
30 49 44
29 49 44
30 49 46
29 47 44
28 49 45
27 49 45
27 47 45
27 49 45
26 47 46
26 48 47
27 46 47
26 46 47
28 45 47
28 46 47
28 46 47
29 45 47
28 46 47
28 44 48
29 45 47
28 45 48
27 43 51
28 43 48
29 40 50
30 39 50
28 37 51
30 36 51
30 37 52
30 35 53
29 35 53
27 36 55
28 36 53
27 32 52
27 32 53
27 34 53
27 33 54
29 34 53
28 34 53
28 35 52
28 34 52
28 34 52
28 36 52
27 36 52
28 35 53
27 36 51
28 33 53
28 35 53
28 34 52
27 36 53
28 34 52
28 34 51
28 34 52
28 35 52
28 35 53
29 34 53
27 34 52
28 35 51
28 35 53
27 35 53
28 35 53
28 35 52
28 34 52
28 35 52
28 34 53
29 35 53
28 35 52
27 34 53
28 35 52
28 34 51
29 36 53
29 35 53
27 34 52
28 34 51
28 36 52
28 36 52
27 35 53
28 35 52
28 36 52
27 35 53
29 34 53
27 34 52
28 35 52
28 35 52
28 35 51
29 35 52
28 34 53
28 36 52
28 34 53
27 35 53
27 35 52
29 36 52
28 35 52
28 35 52
28 35 53
27 35 53
28 35 52
27 35 52
28 35 53
27 37 51
28 35 52
28 35 52
27 35 53
28 34 51
29 35 52
28 35 53
28 35 53
28 35 53
