34 42 51
34 41 51
34 43 51
35 44 52
35 40 51
35 41 51
34 43 50
34 41 50
36 40 51
34 41 51
35 40 52
35 40 51
35 41 52
36 41 52
34 44 51
36 42 52
36 40 50
34 45 50
34 43 49
33 46 48
33 45 48
33 47 49
35 46 49
33 45 48
33 47 49
31 45 48
32 45 49
31 45 48
32 46 49
33 47 47
32 46 48
33 47 47
33 47 48
31 47 47
32 48 47
32 49 46
31 49 48
33 48 48
33 49 48
32 49 48
34 47 48
35 48 48
36 46 48
35 46 48
38 46 49
38 44 48
39 43 48
37 43 49
39 42 49
39 42 49
39 42 48
40 41 49
40 40 49
40 41 49
42 40 49
41 40 50
41 39 50
42 39 51
40 39 50
41 40 50
42 39 50
43 38 50
42 38 50
42 38 49
41 37 51
42 36 49
43 36 49
42 36 50
42 37 50
42 36 50
42 36 49
43 36 51
44 36 50
43 36 50
43 37 51
42 37 50
42 35 50
43 36 51
43 35 50
43 36 51
42 34 50
43 35 51
42 34 51
42 35 51
42 35 50
42 35 50
43 34 50
43 35 51
44 35 51
44 35 51
42 33 51
43 34 50
42 34 50
43 33 51
43 34 50
43 33 50
43 34 50
43 34 50
43 33 50
43 33 51
44 34 50
43 32 50
43 32 50
43 32 50
43 31 50
42 33 50
43 33 50
43 32 50
43 32 50
42 32 50
42 33 50
45 33 49
43 32 51
43 32 50
43 33 51
43 32 50
43 32 50
42 31 50
43 32 50
43 33 50
43 32 50
43 31 50
44 32 50
43 32 50
43 32 51
43 31 50
42 32 51
43 32 50
43 31 50
43 32 51
43 31 51
43 32 50
43 32 50
43 32 50
43 32 50
43 32 51
43 32 50
43 32 51
43 31 51
42 32 51
42 31 50
43 30 50
43 31 50
42 32 51
43 31 49
43 31 50
43 32 51
43 31 50
43 31 50
43 32 50
42 31 49
42 31 49
44 32 50
43 31 50
44 32 50
42 32 51
43 31 50
43 31 51
43 32 50
43 32 50
43 31 50
43 33 49
42 30 50
42 32 51
43 32 50
44 33 50
42 32 49
43 31 50
43 31 50
42 33 49
42 33 50
42 35 50
42 36 51
42 36 50
42 38 51
43 38 49
41 39 50
42 40 49
42 39 49
40 40 49
40 41 49
40 42 50
40 42 48
38 43 48
38 43 48
38 45 47
37 44 48
37 47 46
35 48 47
36 48 47
34 47 46
34 48 46
35 48 47
34 49 46
32 48 47
32 49 47
32 49 47
32 47 46
32 49 47
31 47 47
31 48 47
31 47 46
31 48 45
31 48 47
31 48 47
31 49 47
31 48 46
30 48 47
30 48 47
31 49 46
31 47 46
31 47 46
32 47 46
31 48 47
32 48 46
31 47 48
31 50 48
31 47 48
29 45 47
31 46 47
30 45 48
31 45 47
30 46 46
32 48 46
33 46 46
32 47 46
34 47 47
33 47 47
34 48 48
34 47 48
34 46 47
33 48 47
33 47 48
33 46 48
33 45 50
32 43 51
34 41 51
33 41 52
34 41 51
33 39 52
33 40 50
33 40 53
32 40 52
32 41 51
32 40 51
33 40 51
32 40 52
33 40 52
33 40 51
32 41 52
34 39 52
33 40 52
32 39 51
33 39 52
33 40 51
32 38 52
32 39 51
32 40 51
32 39 52
32 40 52
33 39 51
34 39 53
33 39 52
32 40 52
32 39 53
32 40 51
32 38 53
32 40 51
33 39 53
32 40 52
33 39 53
32 38 52
34 40 52
32 38 52
33 39 51
33 40 52
32 40 52
33 39 52
32 39 53
32 38 52
33 39 52
33 39 52
32 38 52
