18 34 39
34 45 49
34 45 50
34 44 49
33 44 49
33 43 49
33 42 51
34 39 50
35 39 51
33 39 51
32 43 50
33 43 50
36 41 51
34 42 50
33 41 52
32 41 50
33 40 50
33 41 51
34 41 50
35 43 52
33 41 51
33 41 51
34 42 51
33 43 51
33 40 50
34 42 51
34 41 51
34 42 50
33 41 51
34 42 51
34 43 51
34 42 51
34 42 51
34 42 51
34 42 50
34 41 50
34 43 51
33 40 51
35 42 51
34 42 50
35 41 50
34 42 50
34 41 51
33 41 50
33 41 51
34 42 50
35 42 49
33 41 52
34 42 50
34 46 49
34 44 50
34 42 50
35 44 49
34 46 49
35 44 51
35 41 49
34 46 49
35 45 50
34 43 49
35 46 47
35 44 49
34 46 49
36 45 47
36 45 49
36 43 49
36 46 49
36 44 48
35 44 48
34 45 49
34 45 50
35 42 49
36 45 49
33 42 50
33 39 48
33 42 50
32 40 51
33 41 52
32 42 52
33 43 50
34 42 50
32 38 52
34 38 49
33 42 51
34 42 51
33 42 51
33 40 51
33 42 52
32 42 51
33 42 54
33 42 52
34 43 54
35 43 54
35 42 51
35 42 52
35 42 50
36 40 50
36 40 49
37 40 51
38 39 51
37 39 50
38 39 51
38 39 50
38 38 52
39 38 50
39 38 51
39 36 51
40 38 51
39 38 50
38 37 51
40 38 51
39 36 51
41 37 51
40 35 51
40 36 51
40 35 51
39 34 52
40 36 52
40 35 52
39 34 51
41 33 51
41 34 51
42 32 51
41 33 52
41 33 52
40 32 50
42 34 52
42 33 51
41 32 51
42 33 51
40 33 52
41 31 50
41 32 51
42 31 51
41 32 51
42 32 51
42 32 51
42 30 50
42 31 49
42 31 50
42 32 50
42 30 50
42 31 50
42 31 50
41 31 50
42 30 50
42 31 50
42 28 50
44 29 51
42 31 51
44 28 51
43 30 49
42 30 50
42 30 51
44 30 48
42 30 50
42 29 51
42 29 51
44 29 50
44 29 51
42 29 50
41 31 50
43 30 49
42 29 51
44 29 50
45 28 50
43 28 50
43 30 50
42 30 49
43 28 50
43 29 49
43 29 49
43 29 49
43 29 50
43 27 50
44 28 50
43 28 50
44 29 50
43 29 50
43 29 50
43 29 50
42 28 50
43 29 49
42 28 51
43 28 48
43 29 49
43 29 49
43 29 49
43 30 50
42 30 50
43 30 50
43 29 50
43 30 50
43 30 50
42 31 51
43 31 50
43 31 50
42 31 51
42 31 50
43 32 51
44 32 51
42 32 51
42 33 50
42 30 51
41 31 50
43 33 48
42 33 49
42 33 50
43 34 50
41 33 50
42 34 51
43 35 49
42 35 50
41 37 52
41 37 49
42 36 50
41 38 51
42 38 50
40 38 51
41 39 50
40 39 51
40 38 51
39 41 51
39 39 48
37 41 51
38 42 50
37 41 51
38 42 52
38 41 50
38 42 52
35 42 51
37 43 51
35 44 52
37 42 51
35 42 50
37 41 52
37 43 51
35 42 51
35 42 50
36 42 52
36 43 51
35 43 49
35 42 51
35 42 50
36 43 50
35 43 49
36 43 50
35 43 50
34 43 49
35 43 50
35 44 51
35 43 49
36 43 49
34 44 49
35 44 50
37 43 49
35 43 50
35 42 50
34 44 49
36 43 50
36 44 50
34 43 50
36 44 49
36 44 49
36 44 49
35 44 50
35 45 49
36 43 50
35 43 50
36 44 48
35 44 48
35 44 51
35 43 50
35 43 50
36 44 49
34 43 49
36 44 49
34 44 50
35 44 49
34 45 51
33 44 50
33 45 50
33 44 49
34 43 48
35 44 50
33 43 49
33 43 49
34 44 48
35 44 49
34 44 48
36 42 49
35 42 50
36 41 48
37 42 48
35 43 50
34 43 49
36 46 51
35 45 52
35 43 49
34 46 49
35 45 49
34 45 47
35 46 49
36 46 48
36 44 48
35 44 48
34 46 48
34 46 48
35 46 48
34 44 49
33 45 49
34 45 49
34 44 48
33 46 48
34 45 49
34 46 48
33 45 48
33 43 48
35 44 48
34 46 49
33 43 48
34 45 47
33 45 48
34 44 49
34 44 48
34 46 48
34 44 49
35 45 48
35 45 49
34 46 49
34 46 49
34 46 48
35 44 49
34 45 49
34 45 49
34 45 49
34 45 49
34 45 48
34 43 48
34 45 48
33 46 48
34 46 49
33 46 49
34 45 48
34 45 49
34 45 48
34 44 49
35 45 48
35 44 49
34 46 48
34 45 49
35 45 49
33 45 48
35 45 48
33 46 49
34 44 48
