29 39 52
29 39 52
30 38 52
30 38 51
30 39 51
31 39 52
30 39 53
30 39 52
30 39 52
30 39 52
31 40 52
30 39 51
30 39 52
30 39 51
30 39 52
31 38 52
30 39 51
30 40 51
32 41 52
31 40 51
29 39 52
31 40 52
32 40 52
30 40 52
31 40 51
30 39 52
31 38 52
30 40 51
29 41 51
30 41 51
30 38 52
30 40 51
32 38 51
30 39 51
30 39 51
32 41 51
31 38 52
30 39 51
30 39 51
31 39 51
29 39 52
31 38 52
29 39 53
30 40 51
31 40 51
31 40 52
32 40 52
31 40 52
30 39 52
30 40 52
31 40 51
31 38 52
31 40 52
29 41 53
31 40 55
34 40 55
36 38 55
38 39 54
36 37 53
35 40 53
35 44 54
34 41 49
32 40 45
32 43 48
34 43 51
32 42 48
30 43 49
31 43 49
31 45 51
31 41 51
30 41 47
29 39 49
28 40 47
28 42 46
26 44 48
26 46 48
23 47 47
23 47 48
23 47 46
28 48 47
28 47 47
28 48 47
27 49 46
28 49 46
27 47 44
27 51 46
29 48 45
27 49 43
25 50 45
24 50 45
24 49 45
26 50 45
25 51 47
27 49 45
28 51 48
28 50 46
30 49 47
31 49 49
33 47 48
34 45 48
34 44 49
34 45 48
36 42 49
34 42 48
36 43 48
38 42 49
38 43 49
39 41 49
40 41 50
40 39 49
40 40 50
41 39 49
41 37 50
40 37 49
41 38 50
42 36 50
41 36 50
41 36 51
41 35 51
41 34 51
40 33 50
40 34 50
40 35 51
40 32 51
41 32 51
41 31 51
41 32 51
41 32 51
40 31 52
40 32 52
39 32 52
42 30 51
39 30 51
41 32 52
40 31 52
41 30 52
40 31 52
40 30 51
40 30 50
41 29 51
40 31 52
40 29 50
39 30 50
42 30 51
40 28 51
41 30 51
40 29 51
40 29 51
40 29 51
40 28 52
40 29 51
39 28 50
40 29 51
40 30 51
40 29 51
40 30 51
40 28 51
39 28 52
40 27 52
39 27 51
40 28 51
38 28 51
41 28 52
41 29 50
40 28 50
41 29 50
40 28 50
40 28 50
40 28 51
40 27 51
41 28 52
41 27 51
40 26 51
39 27 50
39 26 51
40 28 52
39 28 50
39 27 51
40 27 50
40 27 50
42 27 51
41 28 51
41 27 51
40 28 50
41 28 51
41 29 51
40 28 51
41 28 51
41 27 51
40 27 51
40 28 51
40 28 51
40 27 51
39 27 51
40 27 51
41 28 51
40 27 51
40 27 49
40 26 50
40 27 50
40 27 50
41 27 50
40 27 51
39 26 50
39 27 51
40 27 51
40 26 50
41 28 50
41 26 51
41 26 50
40 26 51
41 26 50
41 27 50
40 26 51
40 26 50
41 27 51
39 26 51
40 26 51
40 26 51
41 27 50
41 26 51
40 27 52
41 26 51
40 26 50
40 25 51
41 25 50
41 26 50
40 26 50
40 26 50
41 26 50
38 26 49
40 26 50
39 26 50
41 28 50
39 27 50
40 25 51
41 27 52
40 26 51
40 25 51
40 26 51
40 27 51
41 26 50
40 27 51
40 25 52
40 26 50
39 26 50
40 26 50
40 26 50
40 26 50
40 26 50
41 26 51
39 26 51
39 26 50
41 25 52
40 25 51
42 25 51
41 26 51
41 26 51
40 25 51
40 25 51
41 26 51
41 25 51
40 27 50
41 26 50
40 24 51
40 25 50
40 26 50
39 25 51
40 25 49
40 24 50
40 26 51
40 25 51
40 25 50
40 25 51
39 24 50
40 25 50
40 26 51
40 25 50
40 25 50
39 24 50
40 25 50
39 25 50
40 24 49
40 24 50
40 25 48
41 24 50
40 26 50
40 26 49
39 25 51
41 25 51
40 26 50
39 25 49
41 25 50
39 26 50
39 27 49
41 27 50
41 27 49
42 27 51
41 26 51
41 26 50
42 27 48
41 29 52
42 27 50
43 30 47
43 33 52
43 33 48
42 34 49
42 35 52
41 37 48
41 39 52
41 38 48
40 41 50
40 40 49
39 43 48
38 43 48
38 44 48
35 46 49
35 45 47
34 48 47
33 47 48
33 46 47
32 48 45
29 48 45
29 48 45
28 49 45
27 48 45
28 50 44
26 50 46
27 50 45
26 50 44
27 50 45
26 50 44
27 50 45
27 50 45
27 51 44
26 50 45
27 50 44
27 50 45
26 50 45
27 49 44
28 47 43
27 49 44
26 49 44
27 50 43
26 49 44
26 49 47
24 50 46
22 47 44
21 48 46
21 49 47
19 48 45
21 49 46
21 48 45
21 47 46
23 47 45
24 46 45
26 46 45
28 45 47
28 46 45
30 43 47
32 43 48
30 42 47
31 42 47
33 44 48
32 42 46
32 43 49
31 45 49
32 38 48
31 37 54
31 39 54
33 40 53
34 40 55
34 37 53
33 36 50
32 38 51
31 42 51
31 43 54
27 41 53
27 44 56
27 41 56
29 40 50
31 43 47
30 44 51
28 44 52
30 41 51
30 42 49
31 44 50
31 43 50
30 42 49
30 42 50
30 43 51
30 43 50
30 43 49
30 42 50
29 44 50
30 42 49
31 42 50
30 41 51
30 43 51
29 42 50
31 42 51
31 42 50
29 43 50
30 43 50
30 42 50
30 42 51
30 43 50
31 42 50
31 43 50
31 44 51
30 43 50
30 44 51
31 42 50
31 43 49
30 42 50
30 43 50
30 42 49
30 42 50
31 42 50
30 43 50
30 42 49
30 42 50
30 43 51
30 43 51
30 43 50
30 43 50
30 42 51
30 42 50
30 43 49
31 43 51
32 43 50
30 42 50
29 43 50
29 42 51
30 42 49
31 43 50
30 43 51
30 43 50
31 43 50
31 44 50
31 43 50
32 43 50
30 41 49
30 43 50
31 42 50
30 42 50
30 43 50
30 43 50
30 42 50
30 44 50
31 42 50
31 42 50
31 42 50
30 43 51
30 43 50
30 42 49
30 42 50
31 44 50
30 43 51
29 42 50
29 44 49
30 43 51
30 43 50
30 43 51
31 42 50
30 41 50
30 42 50
31 43 51
30 44 50
31 42 51
31 43 52
