30 53 38
30 53 38
30 52 37
31 54 38
32 53 38
31 53 37
31 53 37
30 52 38
31 52 38
31 53 38
31 52 38
30 54 38
31 54 39
30 52 37
30 52 38
30 53 38
31 53 37
30 52 37
30 52 38
29 52 38
30 52 38
31 52 37
31 52 38
29 53 37
30 52 39
31 52 38
30 53 38
31 52 38
30 53 38
29 53 38
30 53 38
31 54 38
31 54 38
29 52 37
30 53 37
31 52 39
31 52 38
30 52 38
31 52 37
30 52 38
30 53 39
31 55 39
31 56 40
31 57 41
33 53 40
33 49 40
35 52 40
35 53 41
35 51 41
35 51 41
34 51 42
34 50 43
33 50 43
32 50 42
32 48 43
31 49 44
29 48 43
29 47 43
30 49 42
30 51 43
32 49 45
31 50 45
30 49 44
31 48 45
31 49 44
32 49 45
33 49 44
30 50 45
30 52 47
31 49 44
31 49 44
32 48 45
30 49 44
31 50 45
30 50 44
30 51 47
30 48 47
32 50 43
31 49 43
29 50 45
30 51 43
30 49 43
28 51 44
29 50 45
29 51 44
30 51 44
32 52 45
32 53 45
31 51 45
33 51 46
33 49 46
35 49 46
35 49 45
35 47 46
36 47 47
37 47 45
36 46 45
38 46 44
39 48 46
39 46 46
40 46 47
39 47 45
40 48 44
40 47 44
48 51 50
36 41 42
42 44 45
42 44 43
43 45 43
43 43 44
43 45 42
45 46 44
44 45 43
45 45 44
45 45 44
45 45 45
43 46 44
42 45 45
44 45 44
44 45 44
44 46 45
44 45 44
45 46 44
44 44 45
45 43 45
44 45 44
44 43 46
43 43 46
44 44 45
45 43 45
45 44 45
45 45 46
43 38 46
46 40 46
44 41 46
46 41 47
46 40 48
47 41 49
46 41 48
45 41 48
44 39 47
45 40 47
45 40 48
46 38 47
45 41 47
45 39 48
45 40 47
45 39 47
44 40 47
46 40 49
46 40 47
47 41 47
45 38 48
45 39 47
46 39 48
45 40 48
46 39 49
46 40 48
46 39 47
45 40 48
46 39 48
47 38 47
46 40 48
46 39 47
45 39 48
46 40 48
46 40 48
46 39 48
46 40 48
44 40 47
46 39 48
46 39 47
46 39 49
47 37 48
47 39 47
46 39 47
45 38 48
46 38 48
45 38 48
46 40 48
46 38 48
46 38 49
45 38 48
45 39 48
46 38 48
47 38 48
45 39 48
45 37 48
45 39 47
45 39 48
47 39 47
46 38 47
46 37 47
46 38 48
46 38 48
45 38 47
46 37 47
46 38 47
45 39 47
46 38 47
45 38 48
46 38 48
46 38 47
46 38 47
46 38 48
46 39 47
45 39 47
46 39 46
46 39 47
44 40 47
46 40 47
46 39 46
45 40 46
45 39 45
44 40 45
44 42 47
44 42 42
44 43 45
43 44 45
41 46 45
41 47 45
42 47 44
41 46 45
37 48 45
37 49 45
36 50 45
34 50 46
34 51 45
32 50 45
33 50 46
31 50 45
31 50 45
31 51 46
32 51 45
30 49 44
30 51 44
31 51 45
31 50 44
30 52 44
30 50 44
31 51 45
29 50 44
29 47 42
30 51 44
31 50 44
30 50 43
31 51 43
30 51 43
30 50 45
30 51 43
29 49 44
30 50 45
31 50 43
30 49 45
29 50 44
29 51 44
29 50 44
29 52 43
28 49 43
28 50 44
27 50 44
26 50 43
27 49 42
28 50 43
28 52 42
32 48 46
35 49 45
35 49 46
33 49 47
28 51 45
25 50 43
26 50 43
26 49 43
27 51 45
29 51 44
30 51 43
32 51 41
30 50 42
32 49 42
31 47 44
32 47 45
32 48 46
24 50 51
27 47 51
27 49 48
27 49 46
30 50 44
32 50 43
32 46 43
27 46 47
28 50 46
31 50 45
30 50 44
29 49 44
30 47 44
27 47 48
28 48 48
30 46 46
29 46 45
30 49 45
29 50 45
31 50 45
31 49 44
30 49 44
29 49 45
31 48 45
29 50 45
29 49 44
30 47 45
28 47 45
29 49 46
29 49 45
29 47 45
30 48 45
31 48 44
30 49 45
29 48 46
29 50 46
28 49 44
29 49 44
29 49 45
28 49 45
28 49 46
30 49 45
28 48 44
30 48 45
29 49 44
29 48 45
29 49 45
29 49 44
29 49 46
29 49 46
30 49 43
30 48 45
29 49 44
29 49 45
29 49 45
28 49 45
29 50 45
29 47 44
30 49 45
29 49 45
28 48 44
29 49 44
30 49 46
30 50 45
30 49 45
30 49 44
27 49 45
28 50 44
30 50 45
29 48 45
29 49 46
28 49 44
30 49 44
30 50 45
30 49 45
30 49 46
29 49 44
29 48 45
29 49 44
29 50 45
29 49 45
29 48 45
