27 39 51
27 39 51
27 38 52
27 39 51
25 41 52
27 39 51
26 41 51
27 40 50
27 40 51
26 40 52
27 39 51
27 39 52
27 39 52
27 40 51
27 39 50
27 39 51
27 39 51
27 39 51
28 38 51
26 38 51
27 40 51
27 40 52
27 38 50
26 39 52
27 39 52
27 39 52
27 39 51
25 39 51
25 39 51
26 39 52
29 38 51
26 38 51
27 39 51
27 40 51
27 39 51
27 39 51
27 40 51
28 39 51
27 40 51
27 39 51
28 41 51
27 39 51
27 39 51
28 39 50
27 39 51
27 39 52
27 39 51
27 40 51
27 40 50
28 41 51
27 39 51
29 39 52
27 40 51
27 40 51
26 41 50
25 38 53
24 39 53
23 42 53
22 34 50
27 34 49
29 35 51
30 36 47
32 36 45
33 40 46
31 47 53
27 45 57
25 41 53
26 40 50
28 44 50
27 44 50
28 44 48
26 44 48
26 45 49
25 46 47
27 48 49
28 45 48
29 47 47
30 50 48
32 47 48
32 46 46
33 45 46
33 44 46
33 50 45
30 52 45
31 50 44
30 49 43
30 44 45
31 44 46
29 45 47
31 47 47
29 48 45
27 51 45
28 54 46
28 55 46
29 50 44
28 46 46
27 47 46
29 47 46
28 48 48
30 49 46
31 49 46
30 48 44
30 49 44
29 49 45
29 48 44
29 51 44
29 50 43
29 49 44
30 51 44
31 49 45
31 49 44
30 51 44
30 51 44
28 50 42
27 50 44
29 50 44
28 50 43
28 51 43
27 53 44
26 52 41
27 52 42
26 54 44
27 52 44
28 51 44
29 51 45
30 52 43
31 51 43
31 49 44
33 49 44
34 50 44
34 49 45
34 51 45
34 51 44
36 48 45
39 48 45
39 47 46
39 46 45
41 46 45
41 47 46
42 45 48
41 46 48
40 45 47
42 46 47
41 42 47
42 43 47
42 40 47
42 41 48
41 42 47
43 40 47
43 41 48
45 38 47
44 37 48
44 37 48
44 36 50
44 36 48
44 36 48
43 37 48
45 36 50
45 36 50
45 36 50
45 36 49
44 34 49
45 33 50
44 33 49
44 33 50
45 32 50
45 32 49
44 31 50
45 32 49
45 30 49
44 31 51
44 32 50
44 31 49
44 30 49
45 31 50
43 31 49
44 29 50
45 29 50
44 30 50
45 31 50
45 31 51
45 28 50
43 29 50
45 30 50
44 30 50
43 30 50
44 30 49
46 30 49
44 29 49
44 30 50
45 28 50
45 31 50
44 30 49
44 30 49
44 30 49
45 31 50
43 30 50
44 30 49
44 29 50
45 31 50
46 32 50
45 32 50
44 32 50
45 32 49
43 33 47
45 35 49
45 34 47
44 35 46
43 37 46
44 36 46
43 39 45
43 39 47
42 41 45
39 44 47
38 46 47
37 47 47
35 50 46
35 52 46
33 54 46
33 55 45
31 54 45
32 51 46
30 52 44
30 54 45
31 52 45
31 53 44
30 50 44
32 50 44
31 51 44
31 51 43
31 51 43
30 50 44
31 50 42
30 49 43
29 50 43
28 51 43
29 50 45
29 50 43
30 50 42
30 50 43
30 51 43
30 50 43
29 52 45
30 50 43
28 51 44
28 48 44
28 51 42
26 52 41
25 51 41
26 51 44
27 51 43
27 50 44
26 51 45
27 50 44
27 51 44
29 50 43
27 49 43
30 49 40
34 50 40
34 50 41
33 48 42
34 49 44
33 49 46
32 48 48
27 46 49
30 46 51
33 48 47
32 46 47
33 49 47
32 48 46
32 50 45
32 50 46
31 46 44
31 48 45
33 48 47
32 49 46
31 48 47
32 48 47
31 49 46
31 49 46
33 50 45
32 49 44
31 48 44
32 50 45
32 49 45
31 49 45
30 49 44
31 48 46
29 49 46
30 47 46
30 50 44
30 50 43
31 51 44
32 50 44
31 50 45
30 49 46
32 50 44
31 49 44
31 50 44
29 51 44
31 50 44
31 49 45
30 49 44
30 50 44
31 51 45
30 48 45
32 50 45
31 49 43
31 50 45
31 49 44
31 49 45
32 50 45
31 49 45
31 50 45
32 50 44
31 50 44
33 50 44
31 49 46
31 48 45
30 48 45
31 50 46
31 50 45
31 50 44
32 48 46
32 49 44
32 51 44
31 49 43
33 49 46
32 48 45
32 49 44
29 49 45
31 49 45
31 49 45
32 48 45
30 49 45
31 49 45
31 48 46
31 48 46
31 49 45
33 50 46
31 48 44
31 49 46
32 49 44
32 48 45
32 48 45
31 49 46
32 48 45
32 48 46
32 49 45
31 48 45
