31 37 52
31 38 52
37 33 32
33 38 53
31 38 52
32 37 53
32 37 53
32 36 53
32 37 52
31 38 53
31 37 53
31 37 52
32 37 53
31 39 53
31 36 52
30 37 53
31 36 53
32 33 53
31 37 53
32 37 54
31 35 52
32 36 53
30 34 53
31 35 52
32 36 52
31 37 52
31 38 53
31 38 53
32 37 52
31 38 52
31 36 53
33 36 54
31 37 53
30 36 52
32 38 53
31 37 53
30 37 52
31 37 52
31 37 52
31 37 53
31 37 52
31 37 52
31 37 53
30 36 53
32 37 53
31 38 52
32 36 53
31 38 52
32 38 53
31 37 52
32 38 51
32 37 53
31 38 52
30 37 52
32 38 53
31 38 53
32 36 52
31 36 53
32 36 54
33 36 57
32 35 53
36 36 53
37 37 55
38 42 54
37 42 52
37 39 53
37 38 51
36 37 51
37 39 52
36 39 50
34 37 50
34 40 51
31 39 49
31 42 50
30 43 48
28 43 47
28 43 48
25 42 46
26 48 47
25 47 46
25 50 45
23 48 47
25 48 46
25 48 45
26 47 46
27 48 45
26 47 46
25 49 47
26 46 45
26 48 46
25 48 45
25 48 46
26 48 44
25 49 46
27 48 46
27 50 44
25 48 44
26 51 47
24 51 46
24 50 48
24 49 47
25 49 47
25 48 48
25 48 46
26 48 45
26 49 46
28 49 46
29 48 45
29 47 46
31 46 46
34 46 47
33 46 47
35 46 47
37 45 49
36 43 48
37 42 48
38 42 50
38 39 50
40 39 49
41 39 49
41 38 50
42 36 51
42 36 50
42 36 51
44 37 50
43 35 51
42 36 51
43 36 49
43 35 50
43 35 50
41 37 50
42 34 51
41 33 50
41 34 50
42 34 51
41 33 51
40 33 52
40 32 51
40 33 51
40 31 51
41 32 51
42 31 52
42 32 52
42 32 52
41 32 52
41 32 51
40 31 50
40 30 51
40 30 51
40 31 51
39 30 50
39 30 51
41 30 50
40 29 52
40 30 52
40 29 51
40 29 51
41 29 51
41 29 51
41 29 51
40 30 51
40 28 50
40 30 51
40 28 51
40 30 51
39 28 52
39 28 52
39 29 52
40 29 51
40 29 51
40 28 50
40 29 52
40 29 52
40 29 51
39 28 51
39 29 51
40 27 51
41 27 51
40 28 50
40 27 51
40 28 50
40 28 50
40 27 51
41 27 50
39 26 51
39 27 50
41 26 53
40 27 50
40 26 51
40 27 51
39 27 52
39 28 50
40 27 51
40 28 51
40 27 51
39 26 51
41 26 52
40 28 51
40 27 51
40 28 51
40 27 51
40 28 51
39 28 52
40 28 51
39 28 51
39 27 52
38 28 51
40 26 51
40 27 50
39 27 51
40 26 51
39 26 51
41 27 51
41 27 51
40 27 50
39 26 51
39 26 50
39 27 50
40 25 50
40 25 51
40 26 50
38 25 50
40 27 51
39 26 51
38 26 50
39 26 50
41 26 50
40 26 49
40 26 51
40 26 49
39 26 49
40 26 50
41 26 50
39 26 51
39 25 50
39 26 51
39 25 51
41 27 51
39 27 50
39 27 50
39 26 51
40 26 51
41 26 50
40 28 50
39 28 50
40 26 50
40 27 51
40 28 50
40 28 50
41 27 49
40 29 51
40 30 51
41 29 49
42 29 52
41 29 49
42 32 48
42 33 51
41 32 47
42 36 53
42 37 51
40 39 51
38 38 52
38 39 51
37 42 51
38 41 50
38 42 50
40 43 51
38 42 49
39 45 48
38 46 48
37 45 48
35 45 47
35 46 46
33 45 46
34 47 47
33 48 46
33 48 46
31 49 46
31 46 46
30 49 46
30 48 47
30 48 46
29 49 46
28 48 46
28 49 46
29 49 48
26 49 46
27 47 46
26 47 47
27 48 46
26 48 46
26 49 46
27 49 45
27 49 46
26 47 46
27 48 46
27 48 47
26 49 46
27 48 46
27 49 46
26 49 47
23 48 48
24 47 48
23 46 48
23 45 48
21 45 47
22 44 47
23 46 47
23 45 46
23 45 47
22 46 47
23 45 47
24 43 47
25 43 46
25 42 46
27 42 49
29 43 49
29 39 49
29 36 49
31 34 51
32 32 50
35 33 51
35 34 53
34 30 52
34 32 52
36 34 50
35 36 50
35 36 53
34 35 52
33 36 53
33 37 52
32 39 55
32 35 54
31 35 58
28 35 60
35 36 54
35 38 52
32 41 54
29 39 51
31 39 53
30 38 54
31 37 53
32 35 53
32 39 52
33 39 52
32 39 53
32 37 53
32 38 52
32 37 52
31 38 52
31 37 52
32 38 52
32 39 52
31 38 53
32 38 52
31 40 53
31 39 52
32 38 51
31 38 53
31 37 52
33 38 53
33 39 52
33 38 52
31 39 52
32 38 52
32 38 52
31 38 52
32 38 53
31 38 51
31 38 52
31 38 52
32 37 52
32 38 52
31 38 52
32 39 52
31 39 52
31 37 52
32 39 52
31 39 52
32 38 52
32 39 52
32 39 51
32 37 52
31 38 53
32 39 53
30 38 53
33 38 52
31 38 52
31 38 52
33 37 52
32 38 53
32 38 52
32 41 52
33 37 53
31 38 53
33 38 54
32 39 52
32 39 52
32 39 52
31 38 52
32 38 51
31 38 53
31 39 53
31 39 52
32 38 52
31 38 53
31 37 52
31 39 52
32 37 52
32 38 52
32 38 53
31 39 52
31 40 52
31 38 52
