28 50 39
37 33 32
28 52 39
28 51 39
28 51 39
27 52 39
27 52 40
27 52 38
28 50 40
27 52 39
28 53 39
28 51 39
28 51 39
28 52 39
28 51 39
28 52 39
28 52 40
28 52 39
28 52 39
28 51 40
28 52 39
27 52 39
29 51 39
27 51 39
28 51 39
27 51 40
28 51 40
28 52 39
28 52 39
28 51 40
28 50 39
27 51 39
29 51 39
28 51 39
28 52 40
28 52 42
28 53 40
28 50 41
28 52 40
28 54 42
31 51 42
31 50 44
31 54 46
32 53 44
32 53 44
32 51 42
39 52 41
33 49 40
36 47 42
36 49 42
35 46 40
33 48 40
32 47 43
31 46 43
29 44 44
29 46 46
29 43 49
28 42 50
27 44 49
28 45 49
29 44 49
31 44 48
29 46 49
27 47 50
29 45 48
28 45 48
28 46 49
29 46 50
30 46 47
30 45 48
31 47 47
30 46 47
30 49 45
30 49 47
30 48 47
30 48 46
29 49 47
28 51 46
28 51 46
29 50 47
29 52 48
31 51 47
33 50 47
32 51 48
33 49 47
34 49 48
34 49 47
34 49 46
35 46 47
35 47 47
36 47 46
37 46 47
36 46 45
38 43 47
38 44 46
38 43 46
39 44 45
40 43 46
39 42 47
40 43 48
40 40 48
42 41 49
41 40 49
40 42 48
42 42 48
42 42 50
41 39 48
41 39 49
41 39 48
41 39 49
41 40 49
42 40 50
41 41 49
41 40 50
41 38 50
41 38 49
42 40 50
42 39 50
42 39 50
42 38 50
41 38 49
42 38 50
42 39 50
40 38 51
41 37 51
41 37 50
42 37 50
42 36 50
41 36 50
42 37 50
42 35 50
42 35 50
42 36 51
41 37 50
40 36 50
42 35 51
42 35 51
40 35 51
41 37 51
41 34 51
42 34 51
42 36 51
42 35 51
41 34 51
42 32 52
41 34 51
42 34 51
42 33 52
42 34 50
42 34 51
41 34 51
41 34 51
41 33 51
42 33 51
42 33 52
41 34 51
42 34 52
41 34 50
42 32 51
41 33 50
42 32 51
42 33 50
41 32 51
43 33 50
41 33 51
42 33 50
42 33 52
43 33 50
42 34 51
43 34 51
42 33 51
41 33 51
43 35 51
41 35 51
43 37 50
42 37 50
41 37 50
41 37 50
41 39 50
41 39 49
41 39 48
41 39 49
41 41 48
41 41 49
39 41 49
40 41 48
40 42 49
39 44 48
39 44 48
38 43 47
38 45 48
37 45 48
36 46 47
34 48 47
35 47 48
36 47 48
33 49 47
33 47 47
32 48 48
32 48 47
31 49 47
30 49 46
30 48 47
31 48 48
31 48 47
30 48 47
30 47 48
30 48 48
31 47 48
31 48 48
31 47 48
29 47 47
31 47 47
29 48 45
28 45 50
29 47 48
29 49 47
30 48 47
28 48 47
31 48 45
30 48 46
29 47 47
29 48 46
27 47 45
26 47 47
25 48 46
26 49 47
26 48 46
25 47 47
25 47 45
26 46 45
27 45 42
30 45 43
32 45 43
33 45 45
33 46 44
34 46 44
33 47 43
34 51 43
33 52 49
32 49 50
31 52 48
31 52 47
31 51 46
31 53 45
30 50 44
28 48 44
26 48 44
26 48 42
26 50 44
26 48 46
26 48 46
24 48 49
25 47 50
26 45 48
27 43 49
29 43 49
29 44 51
30 45 50
30 46 49
31 44 48
30 44 48
31 46 48
30 45 48
30 45 48
31 44 49
30 44 46
31 43 48
30 44 49
31 43 49
29 45 50
30 46 50
31 44 51
32 45 50
31 46 49
30 45 50
28 45 50
30 45 49
30 43 50
31 45 50
32 43 49
32 45 49
32 45 49
31 45 49
31 45 48
31 46 48
31 46 50
30 45 50
32 44 49
31 44 49
30 44 50
31 44 49
29 43 49
31 44 48
32 45 49
31 45 49
31 45 49
31 44 49
32 46 49
30 45 48
31 46 49
31 45 49
31 45 48
30 45 49
32 45 49
32 45 49
32 44 49
33 44 49
31 45 48
30 46 49
30 46 49
29 46 49
31 45 48
30 45 48
31 45 48
31 46 49
30 45 49
31 45 49
32 45 49
30 44 49
30 45 49
31 47 48
32 45 48
30 45 48
29 44 48
30 45 48
29 45 49
30 45 49
29 45 50
31 44 48
31 45 49
30 45 49
30 45 48
30 45 49
30 46 48
30 45 48
31 46 48
30 45 48
