30 45 49
30 33 45
38 30 45
29 46 49
29 46 49
30 44 49
29 44 49
29 43 49
29 44 50
29 44 49
30 45 49
29 44 48
28 45 49
29 45 48
29 44 49
30 45 49
30 44 48
29 43 49
30 44 49
30 44 49
29 45 49
29 45 49
28 45 50
30 43 48
29 43 49
29 44 49
30 45 50
29 44 49
29 43 50
28 44 50
28 44 50
29 44 50
28 44 49
28 44 49
29 44 49
28 44 49
30 44 49
29 44 50
30 44 51
29 43 51
31 43 52
33 41 54
33 42 55
31 49 58
32 51 56
34 50 55
34 50 53
34 49 49
34 48 47
32 47 46
32 46 45
30 46 43
29 44 42
28 45 41
29 45 41
29 45 41
28 45 41
26 44 42
28 43 44
27 46 47
27 49 45
28 48 45
28 47 46
29 48 45
29 48 47
29 48 46
30 47 47
27 47 47
27 45 47
30 45 46
31 49 45
28 50 45
28 50 46
27 52 46
29 51 45
29 50 44
27 51 45
28 52 47
30 51 46
32 52 45
32 52 46
32 51 46
33 51 46
35 49 46
34 49 46
35 48 45
37 47 46
37 45 47
38 45 46
38 44 46
38 44 46
39 45 46
39 44 47
40 43 48
41 43 48
40 43 49
41 43 50
40 41 49
41 42 49
41 42 50
41 41 50
42 39 49
42 39 50
43 39 49
42 39 50
43 37 50
43 38 49
43 36 50
43 36 51
43 36 50
44 34 51
43 35 51
43 34 51
43 36 50
43 34 51
43 33 51
43 34 51
41 34 50
43 33 51
43 33 49
42 33 51
43 32 51
43 33 50
42 30 50
43 30 50
43 31 51
43 29 50
43 30 51
42 29 50
45 30 50
43 30 50
43 28 50
44 28 50
43 28 51
43 27 49
43 29 50
43 27 50
43 29 50
43 29 50
43 27 49
44 27 50
42 27 49
43 26 50
43 25 49
43 26 49
44 26 49
43 26 48
42 27 50
43 25 50
44 26 49
43 25 49
44 26 48
43 25 49
42 27 48
43 25 50
44 24 48
42 24 49
44 24 49
45 25 49
44 25 47
44 25 48
43 24 47
44 24 47
44 22 47
43 25 46
44 24 46
43 24 47
43 25 47
44 23 47
43 25 47
45 23 46
46 23 46
44 25 48
43 24 46
43 26 47
45 25 49
43 26 49
43 25 46
44 26 48
45 25 50
43 25 49
43 29 47
44 30 48
43 32 47
44 33 49
43 36 48
41 36 48
41 39 47
38 42 47
37 43 48
35 47 48
34 46 49
33 52 48
32 49 47
30 51 48
30 52 46
27 52 45
28 52 44
27 53 45
28 52 46
26 51 46
27 50 47
27 47 45
26 48 45
26 47 46
26 47 45
26 47 48
25 49 47
27 48 45
25 46 44
25 47 42
24 48 42
22 45 41
25 44 43
25 46 45
26 46 42
30 41 43
28 52 45
30 42 46
28 45 50
28 42 48
28 48 47
25 50 52
26 46 53
25 47 51
28 44 47
29 49 45
29 43 62
32 39 57
32 39 51
31 45 49
34 39 51
29 46 50
28 46 51
28 47 51
29 46 51
28 46 49
31 45 50
29 45 50
30 46 48
29 44 48
28 45 48
30 44 48
27 44 48
28 46 48
28 46 48
29 45 47
29 45 49
29 44 48
31 45 49
30 46 49
30 45 49
29 46 48
28 46 48
29 46 48
30 46 48
28 46 48
29 45 49
29 47 49
29 44 48
28 45 48
29 46 48
29 45 48
30 46 48
30 45 49
31 45 49
29 45 48
29 46 48
28 46 48
30 46 48
29 44 48
29 45 48
29 45 50
30 46 48
29 45 48
29 45 48
28 46 49
30 47 48
29 46 48
31 46 49
29 45 48
30 45 48
28 45 48
30 46 48
30 45 48
30 45 48
29 47 49
30 45 48
30 45 48
28 46 48
28 46 48
29 46 49
30 46 48
29 47 48
28 45 48
28 45 48
29 46 49
29 46 48
29 45 49
28 45 49
29 46 48
28 45 49
29 46 48
28 45 49
29 44 48
29 45 49
28 45 49
26 45 47
28 44 48
27 44 48
28 45 48
28 45 49
29 45 48
28 44 48
29 46 49
27 45 48
27 45 48
27 45 48
28 45 47
27 44 48
28 46 48
27 44 49
27 43 48
28 45 48
27 46 47
28 45 48
27 44 49
26 46 48
27 44 48
28 45 48
27 44 48
28 44 48
27 45 48
28 44 48
