35 40 52
35 40 52
34 41 52
33 40 51
34 40 52
34 39 52
34 39 51
34 40 51
34 39 51
34 40 51
33 40 52
34 40 52
35 41 53
33 40 52
34 39 51
35 40 52
34 38 52
34 41 53
33 40 52
34 40 52
34 40 52
34 40 52
34 40 51
33 39 52
34 40 52
33 40 53
34 40 52
33 39 51
34 41 52
34 40 52
34 40 52
32 40 51
35 39 51
33 39 52
35 40 52
34 40 52
34 40 52
35 40 52
33 40 52
34 39 52
34 39 52
33 39 52
34 39 52
34 40 51
35 40 52
35 38 52
34 40 53
35 41 52
35 40 51
35 41 52
35 41 51
34 42 52
36 42 51
34 42 53
35 41 51
36 42 52
34 42 51
35 41 52
35 40 52
36 41 51
37 41 52
36 39 51
36 38 52
35 38 51
36 39 52
35 39 51
37 40 51
37 40 52
37 40 52
35 39 52
36 40 52
38 38 52
37 39 52
38 39 52
37 38 51
37 38 52
36 39 51
37 39 51
37 40 52
37 39 51
37 39 51
37 40 51
38 39 51
39 40 51
38 41 50
38 41 50
39 41 50
38 41 52
38 41 50
39 40 50
38 40 50
39 41 51
39 38 51
38 40 52
38 40 50
37 39 50
37 39 51
38 40 52
39 40 51
39 40 50
37 41 51
38 40 50
39 41 51
37 41 50
38 40 51
38 41 51
37 42 50
38 41 51
38 41 50
38 43 51
37 41 51
39 41 51
39 42 51
39 41 50
38 42 51
38 40 51
38 41 50
39 41 51
38 43 50
38 41 50
38 41 50
38 42 50
39 43 48
40 43 50
40 44 50
39 43 48
40 46 49
39 46 48
39 47 50
38 45 47
39 47 47
39 47 48
38 47 47
39 47 46
37 46 47
37 46 48
37 48 46
37 47 46
37 45 46
37 48 45
39 48 46
37 46 48
38 48 46
36 46 46
37 46 45
35 47 46
37 48 46
38 47 47
36 47 45
36 49 45
37 46 45
36 46 47
36 47 44
37 50 45
38 50 46
36 49 46
36 51 45
37 50 47
36 48 47
38 48 46
37 47 47
37 47 46
39 49 46
39 50 47
40 49 44
40 48 45
39 49 44
41 48 44
39 48 43
40 47 46
41 47 44
40 46 45
41 46 44
40 46 45
41 47 45
41 45 44
42 46 46
42 45 45
43 47 47
43 44 47
42 44 46
43 44 46
44 44 48
43 43 47
43 42 47
43 42 47
44 42 46
44 43 47
43 43 47
44 41 48
44 41 46
45 40 47
45 42 47
45 43 48
44 42 48
45 42 49
44 42 48
44 41 48
45 40 47
45 40 48
45 40 47
45 43 47
44 40 48
44 41 47
44 41 48
45 41 48
43 41 47
43 39 48
45 40 48
45 40 48
45 40 47
45 41 48
45 39 48
45 40 48
45 40 48
44 40 47
46 39 49
44 39 49
45 39 48
45 38 48
44 39 47
46 35 49
47 38 49
45 38 48
46 39 49
44 37 48
45 38 48
46 37 49
47 38 49
44 36 48
44 37 49
46 37 49
46 37 48
45 36 49
45 36 49
45 37 48
45 37 48
46 36 50
46 37 48
45 35 48
47 36 50
46 36 49
46 36 48
46 36 49
46 35 50
46 36 48
45 35 49
46 35 49
45 37 49
46 36 49
46 37 48
45 35 49
45 34 49
45 35 49
46 36 48
45 35 50
44 34 48
46 35 49
45 35 49
46 34 49
46 35 48
45 35 47
46 34 48
46 34 49
45 34 49
46 35 49
47 34 49
46 34 49
46 34 48
47 35 49
46 34 49
45 33 48
46 34 49
46 33 48
45 34 48
46 36 49
47 33 49
47 33 48
45 35 48
46 33 49
46 33 49
47 34 49
47 36 48
46 35 49
46 33 49
45 35 49
46 36 49
47 34 48
45 35 49
46 35 49
46 33 48
47 35 48
47 34 49
47 34 48
47 34 48
46 33 49
46 35 50
47 34 49
47 34 49
47 35 50
45 33 48
46 34 47
46 35 48
47 34 48
46 35 49
45 34 48
46 34 50
46 35 49
45 34 49
46 35 48
45 34 49
46 34 48
45 34 49
46 34 49
46 34 49
46 34 49
45 34 48
46 34 49
46 35 48
45 35 49
46 33 49
45 35 49
47 35 49
46 35 48
46 34 49
46 33 49
46 32 49
47 35 49
46 35 49
46 34 48
47 34 49
46 34 49
47 34 50
46 35 49
46 34 48
46 34 49
46 34 50
47 35 49
45 35 49
46 35 49
46 34 48
48 33 49
46 33 48
46 34 49
47 35 49
45 34 49
45 34 48
46 34 49
45 33 49
46 34 49
46 33 49
47 32 49
46 33 49
46 35 50
46 34 49
46 33 49
47 34 49
46 33 48
46 33 49
46 34 49
46 35 49
47 34 49
46 34 48
46 33 48
46 33 49
46 34 49
45 34 49
45 35 49
46 34 48
46 34 49
46 33 49
46 33 49
46 34 49
45 34 48
45 33 48
47 34 49
46 34 50
46 35 49
47 34 48
47 33 48
47 34 49
46 34 48
47 33 48
45 34 49
46 34 48
46 34 48
45 34 49
46 33 48
46 33 49
47 34 48
46 33 49
46 33 49
46 33 48
46 34 48
47 34 49
45 33 49
45 33 49
46 34 49
46 34 48
46 33 49
46 32 49
46 34 49
47 33 48
45 34 48
46 33 48
47 33 49
47 34 49
47 34 50
47 33 48
47 33 48
47 33 49
47 33 49
45 33 50
46 33 49
45 31 48
46 34 48
46 34 48
45 34 48
47 34 48
46 33 50
45 33 49
45 34 49
46 35 48
47 35 49
46 33 49
45 34 48
46 35 49
47 34 49
46 33 49
46 33 48
47 34 49
46 35 49
45 34 48
46 35 48
45 35 47
46 33 48
46 35 48
46 36 48
46 37 49
46 38 47
47 39 47
47 40 47
48 40 47
46 39 46
46 41 47
46 39 46
47 39 46
45 40 47
46 39 45
46 40 46
45 41 46
45 41 46
44 42 46
43 42 45
43 45 45
43 42 45
44 44 47
43 45 46
43 42 46
43 44 47
44 47 48
43 43 46
43 41 49
43 46 47
44 48 48
44 44 46
42 43 46
42 42 46
44 44 46
44 45 46
44 44 46
43 44 45
43 43 46
45 44 46
45 44 44
44 43 46
43 44 45
44 43 45
44 42 46
43 44 45
41 44 46
43 43 46
43 44 45
42 44 47
42 45 45
41 44 46
41 45 46
41 47 46
41 47 47
39 47 47
38 46 45
39 48 45
38 50 45
37 48 45
39 48 44
38 49 44
38 50 45
38 48 45
38 48 44
38 50 43
38 50 44
37 49 43
37 49 43
36 50 43
37 48 44
37 48 43
38 52 45
38 51 45
35 50 45
36 49 44
38 48 45
38 48 46
38 47 46
36 48 46
37 46 44
36 48 47
37 49 48
37 47 47
37 49 48
37 45 47
37 40 48
37 42 50
36 43 48
37 43 50
36 41 50
37 42 48
36 43 51
36 45 52
37 42 51
36 38 52
36 42 54
35 44 51
37 41 52
35 42 52
33 41 51
35 41 51
35 40 51
34 39 51
34 40 51
34 40 51
35 41 52
35 42 52
35 40 51
34 41 52
34 40 52
34 40 51
35 41 51
33 39 53
34 39 50
35 41 51
35 41 52
34 40 52
35 40 51
36 40 52
35 40 52
34 40 52
34 41 51
35 40 51
35 40 52
35 40 51
34 40 52
35 41 51
34 41 52
36 40 52
35 40 53
35 39 52
33 42 51
35 41 52
35 40 52
34 40 51
34 41 52
34 40 52
35 40 51
34 39 52
35 39 52
34 40 52
34 41 51
35 40 52
35 40 52
35 39 51
36 42 52
34 40 51
35 41 52
35 40 52
35 40 51
34 39 51
35 40 52
34 40 52
35 41 52
33 40 52
34 40 52
34 41 52
35 40 51
35 40 51
34 40 51
34 41 51
33 40 51
34 41 52
34 40 52
35 40 52
35 39 52
34 40 51
35 39 52
34 40 52
34 41 52
35 40 51
34 41 53
34 41 50
34 40 51
33 40 51
33 41 52
35 40 51
34 40 52
35 41 52
34 40 52
34 42 51
35 41 50
33 42 52
35 40 52
35 41 52
35 40 51
34 41 52
34 40 51
35 41 51
34 41 51
35 41 52
33 41 52
35 41 51
34 40 51
34 41 52
35 40 51
34 41 51
35 41 51
35 40 51
35 39 52
34 41 51
34 41 51
34 40 51
35 41 52
35 40 51
34 41 51
34 40 51
35 39 51
34 41 52
34 40 52
35 41 52
34 40 51
35 41 52
34 41 52
34 41 51
34 40 52
35 40 51
34 40 51
33 41 51
34 41 52
34 41 52
34 40 52
34 40 51
34 40 51
34 42 51
34 41 51
35 40 52
34 40 52
34 40 51
34 41 51
