34 35 53
32 34 53
32 35 53
33 35 53
33 35 52
34 35 53
33 37 53
33 36 53
33 36 52
33 36 52
33 35 53
33 37 53
33 36 52
33 35 53
33 34 52
32 34 53
33 35 52
33 36 53
33 35 53
32 34 53
33 33 53
33 35 53
33 36 52
34 35 53
33 34 53
33 35 53
33 35 52
33 34 53
33 36 52
33 36 53
32 35 54
32 33 52
33 35 54
32 35 54
35 36 53
34 37 53
34 38 53
34 40 51
33 40 51
33 43 51
33 42 49
32 44 50
32 43 50
31 44 49
31 44 50
31 44 48
31 42 49
30 45 48
30 47 49
30 43 49
30 47 50
30 49 47
29 48 49
30 48 50
31 50 49
32 51 50
33 49 51
33 46 49
33 45 49
35 45 49
37 42 50
37 42 48
38 40 49
38 39 50
38 38 50
38 38 50
38 37 50
40 37 51
40 36 50
40 37 50
40 36 52
39 36 52
40 35 52
40 36 50
40 36 53
40 33 52
40 36 51
41 34 51
40 33 51
41 34 50
40 34 51
41 34 52
40 34 51
41 33 51
41 33 52
39 32 51
41 33 51
41 33 51
41 32 52
40 32 51
41 32 51
40 32 52
40 33 51
42 31 51
41 32 51
41 31 52
40 31 51
41 32 52
41 31 51
41 30 51
40 30 52
42 31 51
40 32 51
40 31 51
41 29 51
41 29 50
41 29 51
40 31 51
41 31 52
40 31 50
42 29 53
41 30 51
41 31 50
41 30 52
41 30 52
40 30 51
40 29 51
40 29 52
40 30 50
39 29 51
40 30 51
41 29 51
40 29 50
41 29 51
41 28 51
41 29 50
42 29 51
41 28 51
41 30 51
40 28 51
41 30 51
40 29 50
41 30 50
41 29 51
41 28 51
41 29 51
41 28 51
41 29 51
41 29 50
42 29 52
40 29 51
41 29 51
41 28 50
41 29 50
40 29 51
42 28 50
41 28 50
40 29 50
40 28 50
41 28 50
42 28 50
41 28 51
41 28 50
40 28 50
40 30 51
40 29 50
42 29 51
41 28 50
40 29 50
41 31 50
41 30 51
41 31 50
41 31 51
39 32 51
41 33 50
41 31 50
42 32 51
41 33 50
41 32 51
40 34 53
40 33 51
40 35 51
40 35 52
40 36 50
40 37 50
40 38 51
38 38 51
39 40 50
38 40 50
39 42 50
38 42 51
36 43 50
36 44 49
36 43 50
35 44 49
34 46 50
33 46 50
34 46 49
35 46 48
34 45 48
32 46 49
34 46 49
33 47 48
32 46 49
33 46 47
32 48 48
32 47 49
32 46 48
32 46 48
30 47 48
31 47 48
31 47 47
31 46 49
31 46 48
32 46 48
31 47 49
32 46 49
31 48 48
31 47 48
30 46 49
31 46 48
31 45 49
31 46 49
31 45 48
30 50 47
30 46 47
30 45 47
28 46 48
31 45 48
29 44 47
29 47 48
30 46 50
30 46 48
30 46 48
32 46 48
33 45 47
32 45 48
32 46 47
31 47 47
32 46 49
32 44 48
31 45 48
30 46 49
32 45 50
33 44 50
33 42 50
33 42 51
33 40 51
32 38 52
32 35 54
31 36 54
33 37 52
31 39 52
31 38 53
32 38 52
32 37 51
31 39 53
31 39 52
33 38 52
32 39 53
32 38 52
32 38 52
33 38 52
32 40 52
31 39 53
32 38 52
34 38 52
34 38 51
33 37 51
32 39 54
32 37 52
31 37 52
32 38 52
32 38 52
32 38 52
31 37 52
33 38 52
31 38 52
32 38 52
31 37 52
32 38 52
32 38 54
31 39 52
30 39 52
33 38 52
31 37 53
33 38 52
32 37 53
32 38 53
32 37 53
32 38 52
32 37 52
32 36 53
32 38 53
32 36 53
32 36 53
32 37 53
31 37 52
31 37 52
