25 41 49
25 41 49
23 40 49
24 41 50
23 40 50
23 41 49
23 40 49
23 41 50
23 39 49
24 41 50
24 40 49
25 41 49
25 41 50
24 41 49
24 39 50
24 40 50
23 40 50
24 40 49
24 40 49
24 40 50
22 40 49
23 39 49
24 41 50
23 41 49
24 40 51
23 39 50
24 40 49
23 39 50
25 40 50
24 40 49
24 39 49
24 41 50
25 40 49
25 40 50
24 40 50
25 39 50
26 43 50
27 42 51
26 43 51
26 41 51
25 42 51
26 42 50
26 42 52
26 43 51
46 51 52
26 42 49
29 44 49
29 41 49
28 40 50
28 41 50
30 40 49
29 41 49
29 39 48
29 40 49
29 40 48
28 41 49
28 39 49
28 39 50
28 40 50
27 41 51
28 41 51
28 41 51
29 41 51
30 42 50
29 43 50
30 44 50
29 44 50
29 45 50
30 44 50
30 45 50
30 45 49
32 44 48
31 45 51
29 43 51
27 44 49
29 46 49
29 44 48
30 46 48
28 44 49
30 46 48
31 44 50
29 45 50
30 46 50
29 45 49
30 44 49
29 43 48
31 42 49
29 44 48
30 45 47
29 45 48
29 45 49
27 45 48
28 46 48
28 45 48
27 46 48
30 46 48
30 47 48
30 47 48
29 48 47
29 45 47
29 47 48
29 47 48
31 46 49
30 46 48
29 45 48
29 46 46
30 45 47
30 45 48
30 46 47
30 44 45
29 47 46
28 49 47
26 46 48
28 47 48
28 48 49
29 49 48
28 48 48
28 49 49
29 48 49
29 49 49
30 47 49
30 47 47
32 48 47
32 49 48
32 46 49
32 46 48
31 46 47
35 44 48
34 44 48
34 45 47
35 44 49
34 42 49
35 41 48
37 41 49
37 41 49
37 41 49
37 40 49
38 40 49
38 40 49
37 40 51
38 39 51
39 40 50
38 40 50
39 39 50
40 38 50
38 39 50
39 40 50
39 39 50
37 37 53
40 37 51
39 38 51
38 36 53
38 37 51
39 37 51
39 37 52
39 36 52
38 36 52
39 36 51
39 36 53
39 37 52
39 35 52
39 35 51
40 35 52
38 33 53
39 34 52
39 33 51
40 33 51
38 33 52
38 33 53
38 32 52
38 32 53
37 34 52
38 32 51
38 32 52
38 32 52
38 31 52
39 32 52
38 32 52
39 31 53
38 32 52
37 29 53
39 30 53
40 31 52
38 29 52
38 28 52
39 29 51
38 28 53
40 29 52
38 29 52
38 30 52
38 30 52
38 28 52
38 29 51
39 29 52
39 27 51
38 27 51
38 28 52
38 28 51
38 27 51
39 28 51
39 28 51
40 26 51
39 28 51
39 26 52
39 28 52
38 27 51
38 28 51
39 28 51
40 27 50
37 28 51
40 28 51
40 30 51
40 28 51
40 30 51
39 30 52
39 30 51
40 31 51
40 31 51
40 32 52
40 33 51
40 34 50
40 35 50
40 36 50
41 36 51
40 37 50
39 37 50
38 37 51
39 38 50
39 39 49
38 42 51
37 40 50
38 42 50
36 43 49
36 45 50
36 44 50
34 45 48
32 44 49
33 46 49
31 45 49
33 45 49
31 46 48
31 46 49
28 46 49
30 45 48
28 46 47
28 46 49
28 47 49
28 47 49
27 46 47
28 47 48
28 47 49
29 46 48
29 46 47
29 47 47
28 45 46
29 47 48
30 46 47
28 48 46
28 46 48
29 46 48
28 46 49
27 49 48
27 46 48
25 47 47
24 46 47
24 47 49
24 44 47
24 43 46
27 41 47
27 43 48
28 42 48
28 40 47
27 42 47
27 43 48
28 43 48
27 40 48
28 42 48
27 43 47
30 41 50
27 41 50
23 43 53
24 44 53
23 44 49
22 42 48
23 41 49
22 40 48
20 40 47
22 41 49
21 40 50
21 39 50
22 39 49
21 36 49
20 36 48
16 35 50
19 36 49
18 36 49
20 37 49
19 38 48
19 38 48
21 37 48
19 39 48
21 39 47
21 39 48
23 38 48
21 38 48
23 38 48
23 40 48
22 39 48
21 41 49
22 41 48
23 40 48
21 41 48
21 41 48
21 40 48
22 39 48
21 41 48
22 40 47
22 41 48
24 42 49
24 40 48
22 40 49
22 40 49
24 41 48
22 41 48
22 40 48
22 40 47
22 40 49
22 41 49
22 38 48
22 40 49
22 40 48
23 41 49
22 40 48
23 39 47
24 40 48
22 40 48
22 41 48
23 40 48
22 41 48
23 40 49
22 40 48
22 41 48
21 40 49
22 40 49
22 40 48
22 39 48
22 40 49
22 40 49
21 40 48
20 40 48
20 40 48
