34 31 52
34 32 52
34 32 53
36 33 53
35 33 52
34 34 53
34 32 52
34 32 53
34 32 53
34 32 53
32 30 53
33 33 53
33 33 53
34 32 53
35 33 52
34 31 54
34 32 53
34 32 52
34 31 53
34 34 53
34 32 53
34 32 52
35 31 53
34 32 53
34 32 52
35 31 52
34 32 53
34 32 53
35 32 52
34 31 52
33 32 53
34 32 53
35 32 53
34 31 54
34 32 54
35 34 56
33 34 55
32 36 54
34 36 54
34 38 53
33 37 52
33 36 52
34 37 52
33 38 53
34 38 51
35 38 52
35 40 51
35 40 50
33 41 49
34 41 49
33 42 48
31 43 47
30 45 47
29 45 46
30 44 45
29 46 47
28 46 47
27 45 47
27 47 49
27 46 50
27 45 48
25 45 48
26 46 45
28 45 45
25 46 45
26 45 45
26 46 45
27 44 48
25 45 46
26 48 48
25 49 49
24 50 49
26 46 44
24 46 46
24 47 48
23 47 46
24 47 47
23 48 46
25 48 46
25 48 46
26 48 45
27 47 45
28 47 45
29 46 45
31 45 44
31 46 45
32 46 44
34 45 44
34 48 46
35 47 45
35 47 44
36 46 47
37 45 46
37 46 46
38 45 45
38 45 46
39 46 47
39 44 46
39 44 48
39 44 47
40 44 47
41 45 48
39 44 48
40 43 48
39 44 50
38 43 50
40 45 49
39 43 50
40 42 49
39 42 50
39 42 50
39 42 49
40 42 50
39 41 50
38 41 50
39 41 50
38 40 51
39 41 51
39 40 51
40 39 50
37 39 50
40 39 51
39 40 51
39 37 50
38 38 51
39 39 51
39 37 51
39 38 50
40 37 50
39 38 51
40 38 51
40 37 51
39 39 51
40 37 51
40 37 51
39 38 52
41 37 51
39 37 51
40 36 50
39 38 51
41 35 52
39 36 51
40 36 51
39 36 52
41 37 51
39 36 51
39 35 52
39 35 51
39 36 51
39 35 51
41 34 52
39 35 50
40 34 52
40 34 51
40 34 52
40 34 51
40 34 52
40 33 51
39 32 51
40 33 51
40 33 52
41 33 51
40 34 52
40 32 52
41 31 52
41 33 52
40 32 52
40 32 51
40 33 51
41 32 52
40 32 51
40 31 51
40 32 50
40 32 50
40 31 51
41 32 51
41 32 50
39 32 51
41 31 52
41 30 51
41 31 50
41 32 50
40 32 50
40 32 52
40 31 52
40 31 51
40 30 51
41 31 52
41 31 51
40 32 51
41 31 53
39 31 51
41 32 51
40 33 52
41 31 51
41 32 51
42 31 50
41 31 51
41 30 52
40 29 51
41 31 51
41 31 51
41 30 51
41 31 50
41 30 52
41 31 51
41 31 50
40 31 51
40 30 51
40 30 50
41 29 51
40 30 52
42 30 51
40 29 51
41 30 51
42 29 50
40 28 50
40 29 50
41 30 51
41 29 51
41 30 51
42 30 51
40 29 52
40 29 51
42 29 51
41 29 52
41 29 50
42 28 50
41 29 51
41 28 51
41 28 51
41 28 51
41 28 50
42 27 51
41 26 51
41 28 51
42 26 51
42 25 51
43 25 50
42 26 48
42 27 50
41 26 49
41 25 48
42 24 48
41 25 48
41 24 47
41 23 47
41 24 48
42 24 48
42 23 48
42 23 47
42 24 47
42 24 48
42 23 48
41 23 48
42 24 48
42 24 48
41 24 48
42 24 48
41 24 48
42 25 44
41 26 47
41 26 50
41 27 51
39 30 53
39 31 54
39 31 52
39 34 53
39 36 55
40 35 52