23 43 48
23 43 48
23 43 47
23 43 47
22 43 48
22 42 48
23 43 47
22 43 47
21 42 48
23 43 47
23 43 48
22 42 48
23 42 47
24 42 48
22 44 48
23 43 48
22 43 47
23 42 47
23 43 47
23 42 48
24 42 47
24 42 48
23 44 48
23 42 47
23 42 48
24 43 48
23 43 48
23 42 48
23 42 47
23 43 48
23 43 48
23 41 47
23 43 47
23 43 47
25 42 47
23 42 47
23 44 47
24 43 46
22 43 48
23 44 48
23 44 47
23 43 47
23 43 48
23 43 48
23 42 48
23 43 48
23 42 47
22 43 48
22 40 50
20 39 51
21 43 49
22 48 45
27 52 45
28 53 47
27 54 45
28 49 46
29 51 44
29 54 44
30 54 43
31 53 44
33 51 43
32 52 43
32 51 43
32 50 43
32 49 41
32 52 39
33 52 39
34 51 38
33 49 38
31 48 36
33 50 39
31 52 38
31 49 38
32 49 39
30 49 41
30 50 41
31 49 41
30 50 42
28 50 43
28 49 44
28 50 45
29 50 46
29 51 43
29 50 44
29 50 43
30 49 46
28 50 43
25 51 43
27 52 43
27 52 43
27 52 43
27 53 44
29 53 44
30 54 44
32 52 43
34 51 44
34 49 44
37 50 45
36 49 45
39 48 45
39 47 45
39 47 46
39 44 46
38 44 46
41 44 47
42 43 48
40 42 48
41 42 49
42 44 49
43 41 48
43 41 49
43 42 48
43 40 49
42 39 48
43 40 48
43 39 48
43 40 49
44 38 50
42 39 48
43 39 50
42 39 50
43 38 50
42 38 51
42 36 50
43 37 51
43 37 50
43 36 50
42 36 51
42 36 50
42 35 50
42 34 50
42 33 50
42 34 51
43 34 50
43 34 51
42 34 50
42 33 50
42 33 51
42 34 51
44 32 51
43 31 51
44 33 51
42 32 51
42 31 52
43 33 50
43 32 51
43 33 52
43 33 51
43 33 53
44 33 51
43 33 52
43 32 51
44 30 51
43 33 50
43 32 50
42 31 53
44 32 51
43 32 51
41 30 51
42 31 50
42 31 50
44 31 51
43 30 50
43 30 50
43 30 50
42 30 50
43 30 51
43 29 49
43 29 51
42 30 50
43 28 49
43 28 50
43 28 49
43 29 49
42 29 49
43 28 50
44 28 50
45 28 49
43 28 50
44 29 49
43 27 49
44 28 49
44 27 49
43 28 48
43 27 48
44 25 48
44 26 47
44 26 47
44 28 47
45 25 49
44 26 48
44 27 48
44 28 49
43 28 48
42 28 48
45 31 48
44 31 50
44 31 49
44 31 49
45 31 49
45 30 50
45 31 49
46 31 48
45 31 47
45 34 48
44 35 46
41 37 46
41 39 47
42 40 46
38 43 45
38 47 46
38 46 47
35 49 46
33 51 46
32 53 49
30 52 48
28 52 47
28 53 48
27 51 46
26 51 47
27 50 47
26 48 45
26 53 47
26 52 45
26 49 45
26 48 44
27 47 45
27 47 45
25 48 45
26 46 45
24 45 43
24 47 42
25 48 42
24 49 43
24 48 40
25 49 41
28 45 40
30 52 42
32 49 41
32 50 43
34 51 43
34 52 41
33 51 43
32 50 42
29 48 41
28 47 44
24 43 41
21 49 46
23 47 50
22 44 51
22 45 50
22 47 48
22 46 48
25 49 49
24 51 51
20 51 56
23 47 48
22 45 43
23 45 43
22 44 43
22 46 44
20 47 45
20 47 45
21 44 44
20 44 44
22 47 43
22 46 44
21 45 44
21 45 44
22 45 44
21 44 44
20 44 44
21 44 44
21 46 45
23 44 45
20 46 44
21 46 44
22 46 44
22 46 44
21 46 45
23 46 44
22 45 44
21 45 44
22 45 44
22 45 44
22 46 45
21 44 44
20 45 44
22 45 44
21 45 44
19 45 44
22 46 44
21 46 44
22 46 44
21 44 45
23 46 44
20 45 46
20 44 45
20 46 45
21 45 45
21 45 44
21 45 45
20 44 45
21 44 45
21 45 46
21 44 44
21 45 45
20 45 44
22 44 44
21 44 44
21 44 45
22 45 45
21 45 45
21 45 45
22 45 44
21 45 45
21 44 44
20 45 44
20 45 45
21 46 45
21 44 45
21 44 46
22 45 45
20 45 44
20 45 44
21 44 44
21 45 46
21 45 45
21 44 44
20 45 45
21 45 44
20 43 44
20 44 45
20 45 45
21 43 44
21 44 45
20 44 45
21 45 46
21 44 44
20 44 45
20 44 44
19 44 44
20 44 45
20 44 45
20 45 45
20 45 44
