31 49 46
31 49 46
32 48 45
31 49 47
30 48 45
31 48 45
30 49 46
32 49 45
30 49 45
30 49 45
32 49 46
30 47 46
30 49 45
31 48 45
32 48 46
31 49 45
30 49 46
32 48 46
30 48 45
31 47 46
30 49 46
31 47 45
32 49 46
30 49 46
33 49 45
31 48 47
30 48 45
31 47 46
31 49 46
30 49 45
30 49 46
30 48 46
31 49 46
31 48 46
29 50 46
31 48 46
30 49 46
33 48 45
31 48 46
31 49 47
32 48 46
32 49 46
30 49 46
31 47 45
31 48 46
31 49 46
32 47 45
31 49 46
29 48 45
32 48 46
31 48 46
31 49 46
30 50 46
30 49 47
31 48 46
30 48 46
31 49 46
30 49 47
31 48 46
31 49 46
30 49 45
30 48 46
30 48 46
32 48 47
31 48 46
30 49 46
32 48 48
32 47 47
30 48 47
31 48 48
32 48 49
29 46 48
31 47 48
30 47 48
29 47 47
27 47 46
27 48 47
28 48 45
29 48 47
27 46 45
28 48 46
28 48 47
28 48 45
28 47 45
30 46 45
31 49 46
32 46 46
33 48 46
35 49 46
36 46 47
38 47 48
38 47 49
37 47 49
39 45 49
41 45 49
42 44 48
43 42 48
43 44 48
43 41 50
43 42 49
44 40 48
44 39 49
46 39 49
46 38 46
46 38 48
45 37 47
45 36 47
46 36 47
46 35 47
46 35 47
46 36 47
47 35 47
46 34 48
45 35 47
45 36 47
46 34 48
47 34 48
47 35 48
47 33 48
47 34 49
46 34 48
46 33 47
46 34 48
47 33 48
47 34 49
47 33 49
46 32 48
47 31 47
47 33 48
47 33 49
46 32 48
47 33 48
44 32 48
46 32 49
46 31 48
47 32 48
46 31 48
47 31 48
46 32 48
47 31 47
46 31 49
46 30 48
46 30 48
46 31 48
46 31 49
47 30 48
46 31 48
46 32 48
46 30 48
47 31 48
46 31 48
47 31 47
47 29 48
46 32 48
46 30 48
45 30 49
47 30 49
46 30 47
46 31 49
46 31 48
47 31 49
46 31 49
45 33 48
47 32 48
47 32 47
47 34 49
46 35 49
45 35 48
46 34 49
45 36 50
46 37 50
44 37 51
44 37 50
43 39 51
43 39 50
44 39 49
43 39 48
43 39 49
45 38 48
44 40 48
44 40 47
44 39 49
43 40 47
43 40 47
42 42 46
40 42 46
39 43 46
36 44 46
35 45 45
35 46 45
34 46 45
33 48 46
30 49 46
31 49 46
30 51 47
28 51 46
29 52 46
28 52 46
27 50 46
28 50 47
28 49 45
28 49 46
26 51 49
28 49 46
28 48 45
29 45 45
30 47 45
29 49 45
30 48 47
30 49 46
31 47 47
31 47 46
30 49 44
30 49 45
30 50 44
30 49 45
29 48 45
31 48 45
30 49 45
31 48 45
30 47 46
31 47 46
30 48 46
30 49 46
31 48 46
30 48 45
30 49 46
30 49 45
29 46 46
30 50 47
31 48 47
30 48 46
30 48 46
30 48 46
30 48 46
31 48 46
31 49 46
30 49 45
30 48 46
31 47 46
29 48 46
29 48 46
30 48 47
30 47 45
30 48 46
29 48 46
31 48 45
30 49 46
31 49 46
31 48 46
31 47 45
31 47 45
30 48 45
30 47 46
30 47 46
30 48 46
31 48 46
31 49 46
30 48 46
31 48 46
31 48 46
30 48 45
31 47 46
29 50 46
30 48 45
30 48 45
31 48 46
30 47 46
30 48 46
31 47 46
30 48 46
30 48 45
29 48 46
31 49 45
31 48 46
30 48 45
29 48 45
30 48 45
30 49 46
31 48 46
30 49 45
31 49 46
30 50 45
30 47 46
29 48 46
30 47 45
31 48 46
30 47 46
30 48 45
31 47 46
30 49 47
30 49 46
31 47 46
30 48 46
30 48 46
31 48 46
31 48 46
31 48 46
31 49 46
31 48 47
30 48 46
30 49 46
30 47 45
31 48 47
30 48 46
29 48 46
30 49 46
31 48 47
31 48 46
30 48 46
32 47 46
30 48 46
31 48 46
31 49 46
30 48 46
29 48 46
30 47 46
30 49 46
30 47 46
31 48 46
30 48 46
31 48 46
29 48 46
31 48 46
29 49 46
30 48 46
30 48 46
30 48 46
29 49 46
30 47 45
31 48 46
31 49 46
30 49 47
29 49 46
30 48 46
31 47 47
31 47 46
30 49 46
31 49 46
30 49 45
30 49 46
31 48 47
29 48 45
31 49 46
30 48 46
30 48 45
31 49 47
30 48 47
31 48 46
31 48 45
30 49 46
29 48 46
30 48 46
30 48 46
31 50 45
29 49 46
30 48 45
31 48 46
30 49 45
31 48 45
30 49 47
30 49 46
30 48 46
30 47 45
30 48 45
30 48 46
30 47 46
30 47 46
30 49 47
30 49 46
30 48 46
30 48 45
31 49 47
30 49 45
30 47 45
31 48 46
30 48 46
32 50 47
30 48 45
31 48 46
30 49 46
30 48 46
31 48 46
30 48 46
31 49 46
30 49 46
30 48 46
30 48 46
30 48 45
30 49 45
30 48 46
30 48 45
30 48 46
31 48 46
30 49 46
31 49 46
31 49 45
30 49 45
30 48 46
31 48 47
30 48 46
31 49 47
29 47 46
31 49 46
31 48 46
30 49 46
30 47 45
32 48 46
32 48 46
30 49 46
30 49 46
31 48 47
31 49 46
29 48 46
31 47 45
