33 38 52
33 38 52
34 38 53
34 38 52
34 39 53
33 39 53
35 39 53
33 38 52
34 39 52
33 38 52
34 39 53
34 38 53
34 37 52
34 40 53
33 38 51
34 38 53
34 39 52
34 38 53
34 38 52
34 40 52
34 39 52
34 38 53
33 37 53
34 38 52
34 38 52
33 38 53
33 39 52
33 38 53
33 38 53
34 39 52
34 39 53
34 38 52
34 39 52
33 38 52
34 38 52
34 37 53
34 39 52
33 37 52
33 38 54
32 36 53
32 39 55
31 36 55
35 39 52
36 38 55
37 39 54
35 39 54
37 39 52
39 39 49
39 38 49
39 40 47
42 42 48
42 41 47
42 43 47
40 42 49
39 43 50
38 40 50
37 41 50
37 42 50
36 44 50
36 43 50
35 42 50
35 43 50
36 40 51
37 40 49
36 43 50
35 43 49
37 44 51
37 46 49
36 47 48
37 45 49
36 44 49
37 44 49
37 46 47
38 45 47
37 48 49
38 49 49
37 47 47
35 47 46
36 48 45
37 47 47
37 45 46
37 49 47
37 52 48
36 48 47
36 49 45
37 48 46
37 47 46
38 47 47
39 48 47
39 48 47
40 47 47
39 47 47
39 47 47
39 46 47
39 45 47
40 48 47
41 44 48
41 44 48
41 43 48
42 44 48
41 44 48
42 43 49
42 44 47
42 42 47
43 43 48
43 42 48
43 41 48
42 39 48
44 42 48
45 41 49
44 40 48
43 39 47
44 39 47
44 40 48
44 40 49
44 39 46
44 37 47
43 37 49
45 39 48
45 38 48
46 36 48
46 35 48
45 37 49
46 36 49
45 35 50
45 33 49
46 35 49
46 36 49
46 36 49
45 35 48
45 35 48
46 34 49
45 35 48
46 35 48
46 34 49
46 34 49
45 34 48
46 35 48
46 33 49
46 33 49
45 33 48
45 34 48
46 34 48
46 31 49
46 33 49
46 32 50
46 34 50
45 33 49
45 34 50
46 32 49
48 31 50
48 33 49
45 31 48
47 30 49
46 31 49
46 31 48
47 31 49
47 32 48
45 31 48
46 30 49
46 29 48
47 30 48
46 30 50
46 31 49
46 30 49
47 31 48
47 30 48
47 30 48
46 30 49
45 30 47
46 29 48
47 30 49
46 30 49
46 30 49
46 30 49
47 31 49
45 29 49
47 31 49
47 32 49
46 29 48
47 30 48
46 29 49
47 30 48
45 30 48
46 31 48
47 31 47
46 29 49
47 31 49
47 31 47
47 30 48
46 31 49
46 30 48
46 29 48
47 29 48
45 29 48
46 30 48
46 30 48
46 30 49
46 31 48
47 30 48
47 29 48
47 30 49
46 31 48
46 31 48
47 29 48
46 31 48
49 30 49
47 30 48
46 30 48
46 30 48
46 29 48
46 29 48
47 30 48
46 29 47
46 30 48
46 30 49
46 30 47
46 28 48
47 29 48
45 30 48
46 31 47
46 28 48
47 30 48
46 29 48
46 28 49
45 28 50
47 30 48
45 28 49
45 30 48
47 29 49
47 29 47
45 30 48
45 30 48
47 30 48
46 29 49
46 29 48
47 29 48
45 30 48
46 29 48
45 31 49
47 29 48
47 30 49
47 30 48
46 28 47
46 28 48
46 29 49
47 30 48
45 29 47
47 30 47
45 29 48
46 29 48
47 29 47
47 29 47
46 28 47
48 28 48
47 28 47
45 28 47
46 27 48
47 27 48
46 29 48
47 29 47
47 28 47
46 29 48
46 28 47
46 29 48
46 28 48
47 29 48
46 29 48
47 29 48
46 28 48
47 29 48
46 28 48
46 30 47
45 29 47
46 29 49
47 29 48
47 29 47
46 28 46
46 28 47
47 28 48
46 27 48
47 29 47
46 29 48
47 28 47
45 29 47
46 28 48
47 28 47
46 30 48
46 28 47
47 28 47
47 28 48
46 29 47
46 28 49
47 28 49
47 29 47
48 27 48
46 27 48
45 28 47
47 28 47
46 28 48
46 28 47
46 28 47
45 29 48
46 29 47
47 28 48
45 27 48
46 28 48
47 28 48
46 27 47
46 28 47
47 28 47
47 27 47
46 29 47
48 29 47
48 28 47
45 27 48
46 29 47
47 28 48
47 29 47
46 28 48
46 28 48
48 29 47
47 28 48
47 27 48
46 28 48
47 28 48
46 28 49
48 28 47
46 28 48
46 29 47
47 29 48
48 28 47
46 26 48
46 28 47
47 28 47
46 27 48
47 27 47
46 28 48
46 28 48
46 27 47
47 28 46
46 26 48
46 26 48
47 26 47
47 25 48
47 26 47
45 25 47
45 25 47
45 26 47
46 26 47
46 26 47
46 25 48
46 25 48
46 28 47
47 26 45
47 27 47
46 26 48
45 25 47
47 25 47
46 27 47
45 27 47
45 25 46
45 24 47
46 24 47
45 26 46
46 25 47
45 24 47
46 26 48
46 26 46
45 26 46
45 25 47
45 25 47
46 25 48
45 24 47
45 26 47
46 25 46
45 24 47
45 24 47
45 24 45
45 24 46
44 23 46
45 23 47
44 24 45
44 25 47
45 27 47
46 27 46
45 27 48
46 29 47
46 28 47
47 29 47
47 29 47
48 31 48
47 33 47
45 33 48
47 35 48
47 35 49
48 35 50
46 36 51
46 36 50
47 35 51
47 36 50
45 36 50
46 36 50
45 35 49
45 36 47
44 35 47
45 35 46
44 37 45
44 37 46
44 36 46
45 38 48
45 36 47
45 39 47
45 39 48
44 38 48
45 39 49
44 42 49
43 41 48
42 43 49
41 43 50
43 43 50
40 44 49
41 45 49
39 45 49
41 45 48
39 46 48
40 47 48
39 47 48
38 46 45
38 50 48
37 46 45
37 46 46
37 48 44
38 50 43
37 49 43
37 49 44
37 50 42
38 54 43
37 48 44
36 47 44
37 49 45
38 49 47
38 47 46
37 46 46
38 47 47
39 48 47
39 49 49
38 49 49
35 46 47
37 46 48
37 49 49
37 45 49
36 42 49
36 47 51
34 41 52
33 29 50
35 36 53
37 37 50
37 30 48
37 34 47
38 34 49
36 32 53
32 30 52
30 29 57
34 37 59
33 33 52
32 38 54
34 38 54
32 40 54
33 39 53
32 38 53
33 38 52
33 38 53
34 38 52
34 36 53
34 38 51
34 39 52
33 37 52
33 37 52
33 39 53
34 38 52
33 37 52
33 40 52
33 39 52
34 39 52
34 39 52
33 39 53
33 39 52
33 38 53
33 40 52
35 37 53
34 39 52
33 38 52
34 39 52
34 39 53
33 38 52
33 39 52
34 38 53
33 38 52
34 40 52
33 40 52
34 39 53
33 40 53
34 39 52
34 40 53
34 40 51
33 38 52
34 40 52
34 38 52
34 39 52
34 38 51
34 40 53
33 39 53
33 39 52
33 39 52
34 38 52
35 39 52
34 38 52
33 39 52
34 38 52
34 38 53
32 39 52
34 40 53
33 38 53
34 39 52
34 40 53
34 39 52
32 39 51
33 39 51
34 39 52
34 40 53
33 38 52
32 39 52
33 38 52
35 38 53
32 39 52
32 39 52
33 39 53
35 39 53
32 39 52
35 38 53
32 38 53
33 39 52
34 39 52
33 39 52
32 39 53
33 39 52
34 38 52
34 39 52
34 39 52
33 39 52
32 39 52
35 39 52
34 38 52
34 38 52
33 39 52
33 39 52
33 38 52
33 39 52
33 41 52
34 38 52
33 39 52
33 38 52
34 38 52
33 38 52
34 40 52
34 39 52
34 40 52
33 38 52
33 38 52
34 39 52
31 39 52
34 39 53
33 39 53
33 39 52
34 38 52
33 39 52
33 38 52
33 38 53
34 37 53
34 38 52
34 38 53
34 40 51
34 39 53
33 39 53
34 40 52
34 38 52
33 39 52
34 40 52
35 40 52
