28 40 50
27 40 51
27 40 51
27 41 50
28 42 50
27 41 50
27 41 50
28 40 50
27 41 51
28 38 50
28 41 50
27 39 50
27 40 51
26 40 50
27 42 50
28 42 51
26 42 52
28 41 51
28 41 51
28 41 51
30 43 51
29 42 51
30 42 51
32 42 52
31 42 53
30 41 53
29 41 51
30 41 49
43 50 52
30 33 51
30 41 52
29 42 52
30 41 50
30 39 50
28 37 49
29 37 49
28 40 50
28 39 49
28 38 49
27 38 50
28 38 51
27 40 50
28 41 51
27 40 50
28 39 50
26 40 50
28 42 49
27 43 50
26 44 49
27 41 52
28 42 52
29 42 50
29 42 51
29 44 49
29 44 49
28 43 49
28 45 49
28 44 48
28 45 47
28 45 47
30 45 49
28 45 49
30 46 48
29 45 49
29 44 49
31 45 49
29 46 49
29 43 49
29 45 49
28 46 47
28 43 49
28 46 48
26 47 47
27 46 49
27 45 50
27 47 48
27 47 49
28 46 49
29 45 49
30 45 48
30 47 48
30 47 48
31 46 48
32 47 48
33 46 49
34 44 49
33 45 47
35 44 48
35 45 48
37 43 48
38 44 49
38 43 49
38 42 49
39 42 49
39 41 49
40 42 49
40 42 50
41 42 50
40 42 49
40 43 48
42 40 49
40 42 49
41 40 50
40 40 49
40 41 49
41 39 51
40 39 50
40 39 50
40 37 51
40 39 52
41 37 51
41 38 51
41 37 51
40 37 51
40 38 51
39 36 50
40 35 50
40 37 51
41 37 51
39 36 51
41 36 51
41 35 51
40 35 51
40 33 51
40 35 51
42 34 51
41 33 51
41 36 51
41 33 52
41 34 51
41 33 51
41 33 51
41 33 51
41 32 52
41 32 52
40 33 51
40 31 51
40 31 51
41 32 51
40 30 51
41 32 51
40 32 51
40 30 52
40 30 51
40 29 52
41 29 51
42 29 51
40 28 51
38 29 50
41 28 52
41 27 52
41 30 52
40 29 51
41 30 51
39 28 51
40 30 51
41 28 52
40 28 51
40 28 50
40 29 51
40 27 50
40 28 51
40 28 51
41 28 51
41 28 51
41 28 51
41 27 51
40 27 49
41 28 50
40 28 51
41 29 50
41 29 52
40 28 50
41 31 52
41 31 51
40 31 51
42 31 50
40 31 51
42 32 52
42 34 52
41 35 51
42 31 52
41 33 52
41 32 52
41 33 51
41 33 51
40 34 51
42 35 51
40 36 50
40 37 49
39 37 50
39 37 49
38 38 50
37 40 51
38 40 50
36 39 50
34 42 50
34 41 50
34 44 49
33 43 49
33 44 51
31 44 49
32 45 50
31 45 51
31 45 50
31 45 50
30 46 51
30 44 50
29 43 49
28 45 49
27 44 49
29 44 50
28 42 50
27 43 50
28 43 50
27 43 50
27 43 51
28 42 49
28 43 50
27 43 49
27 43 50
28 43 50
26 44 50
28 43 50
28 45 50
27 44 48
27 43 49
28 44 48
28 44 48
28 44 49
27 43 49
27 44 50
26 42 50
25 42 49
24 42 50
24 42 50
24 41 50
25 40 49
24 40 50
26 40 49
28 40 50
28 40 50
29 40 51
29 38 50
30 42 46
30 41 44
31 37 47
29 39 50
25 45 51
25 44 52
25 41 52
28 45 53
25 44 52
24 45 52
25 47 50
25 45 48
25 44 51
22 42 50
23 40 51
22 37 49
24 37 49
25 38 48
26 39 50
24 40 48
25 41 49
25 40 49
24 42 49
22 43 48
23 42 49
23 42 50