31 50 44
31 50 33
31 50 45
18 31 50
30 49 44
32 49 44
29 49 43
32 51 43
30 49 42
28 50 43
30 48 44
30 51 45
29 52 45
32 49 44
32 49 45
34 51 44
33 49 46
34 50 45
36 49 46
35 48 46
36 49 45
38 47 46
41 48 46
38 48 46
40 47 45
40 46 46
41 46 46
41 47 45
43 46 45
43 44 45
43 44 44
43 44 45
44 45 45
43 44 44
44 44 45
45 42 45
45 42 45
44 41 45
46 41 45
45 42 47
47 41 45
45 41 45
45 41 45
45 42 44
46 41 45
45 41 44
46 41 45
46 40 45
46 40 46
45 39 46
46 41 46
46 39 45
45 40 45
46 39 46
46 38 46
46 37 45
45 40 46
46 39 47
47 38 46
45 38 47
47 39 47
48 36 47
47 38 48
48 37 47
48 38 47
46 37 48
46 37 47
46 36 47
48 36 47
47 36 48
45 34 47
47 37 47
47 35 47
46 35 47
48 35 47
46 35 48
46 34 47
47 35 47
47 34 47
46 33 47
47 33 47
47 34 47
46 33 47
46 31 48
46 32 48
47 32 47
48 32 48
47 32 48
47 33 47
46 32 48
46 32 47
46 31 48
46 30 48
46 31 47
47 30 47
47 29 47
47 30 47
47 29 47
46 29 47
47 29 47
46 30 47
47 28 47
46 29 46
46 30 46
47 27 48
46 28 47
47 28 47
46 28 46
47 28 46
46 27 47
46 27 46
47 27 46
47 27 48
46 27 47
46 27 47
45 27 47
47 28 46
45 27 46
47 27 46
45 27 46
47 26 45
46 27 46
46 27 46
45 26 47
47 26 46
46 26 46
47 27 46
45 27 46
47 27 47
46 26 45
46 28 46
46 26 47
45 26 46
45 27 45
46 27 47
47 27 46
46 29 46
46 28 46
47 28 47
46 31 47
47 32 46
47 31 47
46 31 48
47 35 48
45 34 46
47 36 47
45 37 45
45 36 45
46 39 44
46 41 44
46 41 43
45 43 44
45 43 44
44 44 44
45 45 45
46 44 45
44 47 44
44 45 45
42 46 46
42 47 46
40 48 45
40 48 45
40 48 46
38 49 45
35 51 44
35 50 45
34 53 44
33 53 44
33 53 44
32 52 44
32 52 44
31 51 44
32 50 44
32 50 43
32 50 44
32 50 45
33 49 43
31 49 44
33 47 44
31 48 44
32 49 44
31 49 45
31 47 43
31 53 45
33 50 44
33 49 43
32 49 43
30 50 44
29 49 44
30 50 45
29 48 45
28 48 45
28 48 46
26 49 43
28 49 44
31 48 43
31 48 42
32 48 41
33 46 43
35 46 41
36 46 40
35 46 44
36 44 48
38 44 46
34 43 47
32 40 42
30 44 41
30 49 44
29 50 46
30 52 45
30 55 42
29 53 40
29 53 44
29 54 47
27 56 45
25 57 45
25 53 43
23 50 42
25 52 41
22 51 39
24 49 39
24 50 39
24 52 40
25 51 39
25 50 39
25 48 40
25 48 41
25 50 41
25 49 40
24 50 40
24 52 41
24 51 43
24 47 43
25 47 43
24 47 44
23 46 45
23 46 44
22 47 45
23 47 44
23 46 45
24 48 44
23 48 43
23 46 44
24 45 44
22 48 44
23 46 45
25 46 44
24 45 45
24 46 45
25 47 45
25 46 44
24 45 45
24 48 45
25 46 45
26 45 45
24 46 45
25 44 45
25 48 44
22 48 45
23 48 45
23 45 46
23 43 46
24 46 45
25 45 45
23 45 45
23 46 47
25 46 45
23 47 45
25 47 44
22 48 43
22 47 45
22 47 45
22 45 44
24 46 44
23 47 43
25 47 43
23 47 44
22 47 44
22 46 45
22 46 42
23 50 43
25 48 43
24 47 45
23 46 45
23 45 45
22 45 45
22 45 44
20 45 44
22 45 45
21 45 43
23 46 44
23 46 45
22 45 44
23 46 44
23 47 44
23 46 44
22 48 44
22 47 44
22 45 44
22 45 44
23 47 44
