32 45 49
32 45 49
32 46 48
32 45 47
32 46 48
32 45 49
31 45 50
32 45 48
33 45 48
32 46 48
33 45 49
32 45 49
32 46 47
32 45 48
33 44 49
32 45 48
32 46 48
31 46 48
33 46 48
32 46 49
32 45 49
33 45 48
33 45 48
32 46 48
34 45 48
33 45 48
33 45 48
32 45 48
33 47 49
33 44 48
32 45 48
33 45 48
32 46 48
33 46 48
33 46 50
32 46 48
33 46 49
32 45 47
32 45 49
32 45 49
32 46 47
32 46 49
33 46 49
33 45 48
33 45 48
34 44 49
33 45 48
32 45 49
32 46 49
33 46 49
32 46 48
33 45 48
32 45 48
33 46 49
32 45 49
31 46 49
32 44 49
32 46 48
33 46 48
33 48 49
32 48 47
34 46 47
34 47 46
33 50 43
34 51 44
32 49 46
33 52 41
34 53 41
32 53 41
33 50 40
32 51 41
33 52 43
32 50 43
31 49 43
31 52 41
31 51 42
31 50 42
31 51 43
31 51 44
31 52 44
31 53 44
32 52 44
33 54 43
31 52 45
32 50 45
31 51 46
34 49 44
34 50 45
37 48 45
36 46 45
38 46 47
38 47 46
39 45 46
39 46 46
41 43 47
40 44 48
42 44 48
41 42 47
41 43 47
42 42 48
42 40 47
43 42 48
42 40 47
42 41 47
42 42 48
44 40 47
42 40 48
42 41 49
44 40 49
45 39 49
44 40 47
43 40 48
44 39 49
43 38 49
44 37 48
44 37 50
44 37 48
44 37 49
45 38 48
43 36 48
43 36 49
44 37 48
44 38 49
44 38 49
44 36 49
44 37 50
44 36 49
44 36 49
44 35 50
43 36 50
44 36 49
45 35 50
45 37 50
44 35 49
43 36 50
44 34 50
44 34 50
44 33 49
44 33 49
44 33 49
42 34 49
44 34 50
45 34 50
45 33 49
44 33 50
44 32 49
44 31 51
44 31 49
44 32 49
43 32 50
43 31 50
44 30 49
43 30 50
43 30 51
44 30 49
43 29 49
44 31 50
43 29 50
44 29 50
43 29 50
43 29 48
43 30 49
44 30 50
44 28 49
44 29 50
44 29 50
44 30 49
44 30 49
44 29 49
44 29 50
43 28 50
43 29 49
42 28 49
43 30 50
43 28 50
43 30 50
43 29 50
43 27 50
43 28 50
43 27 50
43 27 49
42 29 50
44 27 50
44 27 49
43 28 50
43 28 50
43 29 49
43 27 48
43 27 49
43 29 50
43 28 49
43 28 50
44 28 49
43 28 49
43 28 49
43 28 49
43 27 50
44 26 50
43 27 49
43 28 49
43 26 49
43 27 49
43 27 49
44 26 49
44 27 49
44 27 49
43 27 50
43 27 49
43 27 49
43 27 49
43 27 50
44 26 49
43 29 50
44 26 49
43 27 49
44 26 49
43 26 50
43 26 49
42 25 48
43 25 50
43 26 50
42 25 49
44 24 49
43 26 49
44 25 49
43 24 48
42 25 49
43 25 48
43 24 49
44 25 48
43 25 48
43 25 49
43 24 48
42 25 47
42 24 48
42 25 48
42 24 48
42 25 47
42 25 48
43 25 48
43 26 49
42 27 48
42 27 48
42 29 49
43 30 49
45 31 49
45 31 50
43 33 51
44 34 51
43 33 53
42 35 53
44 37 51
42 37 51
42 35 50
43 37 50
44 37 47
42 40 47
42 38 46
42 38 45
41 40 45
40 42 44
40 43 42
40 44 43
38 46 44
37 49 43
35 48 44
37 49 45
34 51 44
34 53 44
32 52 44
33 54 45
30 55 44
29 54 43
30 54 43
29 54 43
30 53 43
30 53 41
31 53 40
30 52 40
31 52 41
30 51 42
31 51 41
29 50 40
30 52 40
28 52 41
29 54 40
30 50 42
30 52 41
30 49 41
30 50 40
29 54 42
30 51 40
31 50 41
30 50 41
30 51 42
30 50 44
30 48 43
29 51 43
28 55 41
29 51 43
27 49 43
30 52 42
31 51 42
33 51 44
35 50 45
35 48 48
37 45 47
37 45 46
35 45 44
33 41 46
33 37 47
32 33 48
25 39 62
21 16 54
33 40 44
31 36 48
30 34 57
31 35 52
31 40 52
30 39 51
31 39 53
31 39 53
32 39 53
30 37 51
30 37 53
31 38 52
32 38 52
30 39 52
31 38 52
31 39 52
31 37 52
31 37 52
32 38 52
30 38 52
30 38 52
31 36 53
32 38 53
30 38 51
32 36 52
32 38 52
31 41 51
30 36 52
31 37 53
32 38 53
30 37 53
31 39 52
32 37 51
30 37 52
32 38 53
31 37 52
29 37 52
31 38 52
31 38 52
30 38 52
31 37 52
31 37 53
30 38 53
31 37 52
30 37 52
31 39 52
31 37 53
31 38 52
31 36 53
32 38 54
31 38 53
31 37 52
31 38 52
31 38 53
30 37 53
32 36 52
31 38 52
31 39 53
30 38 53
