34 32 52
34 32 52
35 32 52
34 32 53
35 33 53
34 32 53
34 32 53
35 32 52
36 33 53
36 33 52
35 32 52
34 32 53
34 31 53
34 32 53
35 33 52
33 32 53
35 33 52
34 33 53
35 30 52
35 32 53
35 32 52
34 33 53
34 32 53
34 32 54
36 31 52
35 31 51
34 32 53
35 32 53
35 31 53
34 32 54
34 32 53
35 32 53
35 31 54
35 32 53
35 33 53
34 32 52
35 32 53
36 32 53
35 33 53
35 33 53
34 32 53
34 32 53
35 32 52
35 32 53
35 32 53
35 32 53
35 32 52
36 33 53
35 33 51
35 32 53
34 32 53
36 31 51
36 33 52
34 32 52
35 32 53
35 32 52
35 32 52
34 31 53
35 31 52
35 33 53
36 32 54
34 32 52
34 33 53
33 32 54
34 33 53
35 32 53
35 32 52
35 32 53
35 32 54
35 34 52
34 32 53
34 32 53
35 31 53
35 31 52
34 32 52
34 32 53
34 32 53
35 32 53
34 32 52
35 32 53
34 31 53
34 32 53
35 31 53
35 31 53
35 32 53
35 32 53
34 32 52
33 32 53
33 32 52
35 32 52
35 32 52
35 30 53
35 32 53
34 32 53
34 32 53
34 32 53
34 30 52
34 32 53
34 33 54
33 32 52
34 33 53
34 31 52
35 33 53
34 32 55
34 31 55
35 33 54
36 35 54
37 34 53
37 41 53
35 41 51
34 41 50
34 43 49
34 42 48
32 42 49
33 40 48
31 43 48
29 44 47
28 45 49
28 45 48
28 44 48
26 45 47
26 45 47
26 46 46
26 44 46
25 45 47
26 45 46
26 45 46
26 47 45
25 47 47
27 47 46
27 48 46
28 48 47
27 49 45
26 48 45
25 46 45
24 48 47
25 48 47
24 49 48
25 50 48
26 47 48
25 48 47
28 48 46
28 49 47
28 48 45
31 47 45
30 46 46
32 47 46
33 46 45
34 45 47
36 45 47
37 44 47
36 44 48
38 43 47
40 43 48
38 43 48
40 42 48
40 43 48
40 42 48
39 41 50
39 42 50
39 41 50
38 40 50
39 41 51
38 40 50
39 41 50
40 40 51
38 41 51
39 39 50
40 39 51
40 40 51
38 39 51
39 38 50
39 38 51
39 39 51
39 37 50
39 37 50
40 37 50
40 37 51
39 37 50
40 37 51
40 37 52
40 37 51
40 38 51
40 37 51
39 37 52
39 37 51
39 36 51
39 39 52
40 37 51
40 38 51
39 36 51
39 37 51
39 36 51
39 35 51
39 38 50
40 35 52
39 35 51
38 34 51
41 35 51
40 34 51
40 35 51
41 34 51
41 35 51
40 35 52
41 35 51
40 34 51
41 35 52
40 34 51
40 34 51
40 34 50
39 34 50
40 34 52
40 34 51
41 34 52
42 33 50
41 33 51
40 33 51
40 35 51
41 34 52
40 33 51
39 32 52
40 32 52
41 34 51
41 34 51
40 33 52
40 33 51
42 34 51
40 31 51
40 33 51
40 33 51
40 33 50
40 33 51
41 33 52
41 34 51
40 32 51
42 33 50
41 34 51
41 32 53
41 32 52
40 33 52
40 32 52
40 33 52
42 32 51
42 34 52
40 34 51
41 32 51
41 32 51
40 32 52
39 33 51
40 33 53
41 32 52
40 32 51
41 33 52
40 31 51
39 33 52
41 32 52
40 31 52
41 32 52
40 32 51
40 31 51
41 32 52
41 32 52
40 32 52
41 32 51
40 31 52
41 32 51
41 33 51
41 32 51
41 31 52
39 31 51
40 32 51
40 31 51
41 32 51
41 31 51
41 32 52
40 32 51
40 32 51
41 32 51
42 31 51
40 32 50
40 31 51
41 31 51
41 32 51
40 31 50
41 32 51
40 31 50
41 31 51
40 31 50
41 32 51
41 31 50
41 32 51
40 31 51
40 32 51
41 32 51
41 32 51
41 32 51
40 32 51
41 33 51
40 32 51
41 32 51
40 32 52
41 33 52
40 33 51
41 33 51
39 32 51
40 34 51
39 30 52
41 32 50
41 34 51
40 33 52
41 33 51
41 32 51
41 33 52
40 35 51
40 35 51
40 35 51
39 36 51
39 37 50
39 37 50
39 38 50
39 38 49
38 39 50
38 40 49
37 41 50
37 43 48
35 44 47
36 45 46
35 45 48
35 45 46
34 48 48
34 48 47
32 47 46
32 48 47
32 48 47
32 48 47
29 46 47
30 49 46
30 48 48
29 46 46
28 47 48
29 47 49
27 47 47
28 46 47
25 45 47
26 44 47
27 46 47
27 45 46
27 46 47
27 46 47
28 47 47
28 46 47
28 47 46
27 46 47
27 47 47
27 46 49
27 48 49
26 47 48
27 47 49
26 47 47
24 45 48
24 47 48
24 47 48
26 47 48
25 45 47
27 46 47
27 45 45
28 46 46
29 43 46
32 42 46
33 42 46
35 42 45
35 42 44
35 43 45
37 43 46
36 43 48
36 43 48
35 46 49
35 47 49
34 51 48
35 52 49
36 54 50
33 51 48
34 48 45
34 46 47
34 46 49
34 45 48
33 45 47
34 46 48
32 47 47
34 46 47
33 47 46
33 47 47
34 46 47
33 46 47
34 47 48
33 46 46
35 46 47
33 46 47
33 47 48
33 47 48
33 46 47
33 47 47
33 47 48
32 46 48
32 46 47
32 46 47
33 46 46
33 46 47
33 47 48
32 48 48
33 47 47
32 46 48
34 47 48
34 46 47
33 47 47
33 47 46
33 48 48
33 47 47
34 47 47
34 47 47
32 47 48
34 47 48
33 47 47
34 47 47
33 47 47
33 47 47
33 45 47
