35 42 52
35 42 52
36 41 52
35 41 51
35 41 51
34 41 51
36 41 51
36 41 51
34 42 52
35 41 51
35 41 52
35 40 52
35 40 52
36 41 52
36 41 51
35 41 51
35 41 51
35 40 51
36 42 52
36 39 51
36 42 52
35 42 50
38 41 52
38 41 51
38 42 51
38 42 50
37 42 51
37 44 52
37 44 50
36 43 50
35 42 50
36 41 50
36 43 50
36 41 49
36 41 50
35 42 48
36 41 50
36 44 50
36 44 49
37 46 51
36 45 50
37 44 48
37 46 48
37 44 49
38 46 50
38 45 47
37 48 49
37 46 47
36 45 48
35 46 46
37 46 46
36 47 47
37 47 46
36 51 48
37 49 47
38 49 47
37 47 46
38 47 47
38 48 47
37 50 46
38 49 48
40 49 47
40 47 47
39 47 47
39 48 47
40 46 46
40 47 46
39 46 46
41 46 47
41 45 46
42 44 47
41 46 46
43 43 46
43 43 47
43 42 45
43 42 47
43 41 47
43 41 46
45 39 48
46 40 48
44 40 46
45 37 47
44 38 47
46 37 46
45 39 48
45 35 48
47 38 48
45 38 47
46 36 48
45 37 48
46 35 48
46 36 48
45 37 49
45 35 49
45 36 49
46 35 49
46 36 49
46 35 50
46 34 48
46 35 49
45 36 48
45 35 49
46 32 49
46 34 49
45 34 49
46 34 48
47 33 49
46 34 49
46 34 48
45 33 50
44 33 49
47 32 48
47 33 49
45 33 49
47 33 49
46 32 49
46 31 49
46 32 50
46 32 49
46 32 49
46 32 49
45 32 49
46 30 49
46 30 49
45 31 49
46 29 49
47 31 49
46 31 49
45 29 48
45 30 49
46 29 48
45 30 48
46 30 48
45 30 48
45 30 48
46 27 49
46 30 49
46 29 49
45 30 49
46 30 49
45 28 49
46 30 50
45 30 49
45 29 50
45 29 48
45 28 50
44 29 48
45 28 48
45 28 49
46 28 50
45 28 49
44 27 48
44 28 48
44 27 49
45 26 49
46 26 49
45 27 48
44 27 48
45 29 49
45 28 48
44 28 49
46 28 48
45 28 48
45 27 48
45 27 50
45 27 48
44 26 48
45 28 49
43 28 48
44 27 48
44 28 49
45 28 49
45 26 48
44 28 48
44 27 49
44 28 49
45 26 48
45 28 49
45 28 49
45 27 48
45 28 49
45 26 48
44 26 49
44 27 50
45 25 49
45 27 48
43 27 48
44 26 48
45 25 49
45 26 48
44 26 48
43 28 49
44 26 48
45 27 48
44 26 49
45 26 50
45 26 49
45 27 48
44 26 49
45 27 48
43 26 48
45 26 49
44 28 49
45 26 48
46 27 48
44 25 49
45 25 49
45 26 48
45 25 49
45 26 48
45 25 48
44 24 48
44 26 48
46 27 48
46 26 49
45 25 49
44 24 49
45 25 50
45 26 49
45 26 48
44 27 48
44 26 49
45 24 49
44 26 48
43 25 48
43 26 48
44 23 48
45 24 49
44 25 48
45 25 48
45 25 48
44 25 48
44 23 47
43 24 47
45 24 47
44 24 47
43 24 47
44 24 48
44 24 47
43 24 47
45 23 47
44 23 48
44 23 46
44 23 46
43 22 47
43 23 47
43 24 47
45 24 47
44 23 48
44 25 47
43 23 46
44 23 47
44 23 48
44 24 48
44 25 47
45 27 48
44 29 47
45 27 48
45 27 49
46 28 50
46 27 49
45 27 49
44 27 50
44 29 50
43 27 48
43 26 47
42 26 48
42 31 49
41 30 47
41 29 48
42 30 51
42 33 50
41 33 51
42 36 54
41 36 51
41 37 53
41 39 50
40 39 52
40 42 52
39 44 52
38 44 51
38 42 50
38 44 52
39 46 51
38 46 50
37 45 48
38 45 47
36 47 49
39 46 48
37 47 47
36 46 46
37 46 46
36 46 45
37 47 46
38 49 46
37 50 47
35 49 46
37 49 45
36 49 45
37 48 44
37 47 45
37 51 46
36 50 46
36 45 46
36 46 47
37 45 46
38 46 49
37 46 49
36 48 51
37 47 54
35 43 52
36 41 56
35 43 60
36 39 49
35 38 46
36 38 48
37 38 48
37 35 45
38 38 45
38 37 51
37 34 55
34 30 50
24 28 56
34 38 61
33 39 50
35 35 53
34 37 52
34 36 56
34 43 54
32 36 53
31 38 53
33 36 53
32 39 53
33 37 53
34 37 53
33 38 53
34 40 52
33 39 52
34 38 52
33 38 52
33 39 53
34 40 52
34 38 52
34 40 52
33 39 52
34 40 52
34 38 52
34 38 52
34 38 52
33 37 53
33 38 53
33 39 52
34 38 53
34 38 52
33 37 52
33 38 52
33 38 53
34 37 53
33 38 52
34 38 52
33 38 52
33 38 52
34 38 52
33 38 52
34 38 53
34 39 51
34 39 53
34 38 53
34 38 52
34 39 52
33 38 53
34 38 52
34 40 52
34 39 53
33 39 52
33 38 53
34 37 52
33 37 53
32 38 52
32 38 52
35 39 52
34 38 53
34 39 52
34 38 51
33 38 52
33 40 53
34 38 52
34 39 52
35 38 52
35 38 52
33 38 53
34 38 53
34 37 53
33 39 52
34 39 52
34 37 52
33 38 52
34 38 52
33 37 53
33 39 53
34 38 52
33 38 53
34 38 53
35 38 52
33 37 53
33 37 53
33 38 52
32 39 53
34 37 53
34 39 52
33 38 52
34 37 52
34 38 51
33 38 52
33 37 53
33 39 52
34 38 53
33 39 52
34 38 53
33 37 53
33 38 52
33 38 52
33 38 52
34 38 52
34 40 52
33 39 52
33 38 53
34 39 53
35 39 52
35 39 52
33 38 52
33 39 53
33 38 54
33 38 52
34 38 53
34 38 53
33 38 52
33 37 53
34 38 52
32 39 52
32 37 53
34 38 53
33 39 52
34 38 52
33 38 52
34 38 52
33 38 52
34 40 51
34 37 52
32 38 51
33 39 53
34 38 53
33 39 53
34 39 52
34 38 53
34 38 52
33 39 53
33 38 53
33 38 52
32 39 52
34 38 52
34 38 53
33 39 53
33 37 52
33 39 52
34 39 52
33 39 53
33 39 52
34 39 53
34 39 52
34 38 52
33 38 52
34 39 51
33 38 52
34 38 52
34 38 53
35 38 53
35 38 52
