28 43 49
28 44 49
27 44 50
29 43 49
28 43 50
27 43 50
28 43 50
28 42 50
28 43 51
28 44 50
28 43 49
28 44 49
27 42 49
27 43 50
27 44 49
28 42 49
28 43 50
29 43 50
27 43 49
28 42 50
27 44 49
28 43 50
28 42 51
28 43 49
27 43 50
28 44 51
27 42 50
29 44 50
28 43 51
28 43 50
27 44 50
29 42 50
28 42 51
28 43 50
28 43 49
29 43 50
29 43 50
29 42 50
28 43 50
28 43 50
29 43 49
29 43 49
29 44 49
27 43 49
29 43 49
29 42 50
28 44 49
27 44 50
28 43 49
28 43 49
29 43 50
28 42 51
28 43 50
28 43 49
28 43 49
28 43 49
29 43 50
29 43 49
28 43 50
25 44 52
27 44 49
33 45 50
28 50 49
32 46 49
31 45 47
32 45 46
31 45 45
30 47 46
30 48 45
29 49 46
29 51 43
27 51 43
27 53 44
27 53 43
28 51 44
28 48 44
28 48 44
30 49 45
30 48 43
29 50 43
30 52 42
30 51 42
30 49 43
28 48 44
28 50 45
28 50 44
28 48 44
30 48 44
30 51 43
30 50 44
30 50 44
29 50 44
29 50 44
29 50 43
29 52 44
29 51 44
29 52 43
28 51 44
28 50 43
29 51 43
28 50 42
28 50 43
27 52 44
27 52 43
27 52 44
27 51 42
29 50 44
30 54 45
31 50 44
30 49 44
31 48 46
30 49 46
32 48 45
34 50 46
33 48 47
34 48 46
34 48 46
36 49 47
36 48 47
36 49 46
37 48 47
36 48 47
37 46 45
37 48 45
39 46 46
40 47 46
41 45 47
41 47 47
41 45 49
42 46 48
42 44 47
42 43 46
43 43 48
43 43 46
43 42 47
45 42 47
45 39 47
45 41 48
45 39 47
46 40 47
44 39 48
45 38 48
45 37 47
45 36 48
44 36 49
46 37 49
45 34 49
46 35 49
46 35 49
46 35 50
45 33 49
45 33 48
45 35 49
45 34 50
45 32 49
45 32 49
44 32 49
45 32 49
45 31 49
45 30 49
45 32 50
43 30 49
44 31 50
44 30 48
45 30 49
45 31 50
45 30 49
45 30 49
45 30 50
45 30 50
44 31 50
44 30 49
45 31 49
45 31 50
45 29 49
45 29 50
44 30 50
45 29 50
45 29 50
44 29 51
44 31 49
45 28 49
44 28 50
44 29 50
44 28 50
45 29 50
44 29 49
44 28 49
44 29 49
45 26 49
44 29 48
45 30 49
44 28 50
44 29 49
44 28 49
44 28 49
43 29 49
44 28 49
44 29 50
44 28 49
43 28 49
44 29 48
45 27 48
44 28 50
45 29 49
44 29 50
44 28 50
45 27 50
44 28 49
44 28 50
44 28 49
44 29 49
44 28 49
43 29 49
44 29 49
45 30 49
44 31 49
45 29 49
44 30 49
45 30 50
44 31 50
45 31 49
45 33 48
45 33 50
44 32 49
44 34 48
43 34 48
44 36 47
45 36 46
43 37 47
43 39 48
43 40 46
41 42 47
39 45 48
39 44 47
39 47 47
36 48 46
36 51 44
35 50 46
34 49 47
33 49 45
32 51 45
31 51 46
31 50 46
30 52 45
29 52 47
30 51 46
28 51 46
28 51 46
28 51 45
29 51 45
29 51 45
29 50 45
29 49 46
28 50 45
29 49 44
30 54 47
29 49 44
28 49 45
28 49 45
29 49 44
28 50 45
27 48 44
28 49 44
25 49 43
26 49 43
26 49 43
25 48 43
26 50 44
27 50 43
29 50 44
27 51 43
27 52 43
29 52 43
29 51 43
30 51 43
31 50 43
33 49 44
34 49 44
36 48 44
35 47 47
34 47 49
34 45 48
33 43 49
31 42 51
30 40 50
30 42 48
24 33 54
24 35 56
30 43 52
29 44 49
29 43 50
27 43 52
27 43 52
29 42 50
29 43 49
30 41 51
30 39 51
31 42 53
29 38 52
29 37 52
29 39 52
29 41 52
29 42 51
31 43 50
29 42 50
30 41 50
29 40 52
28 39 51
28 40 52
28 38 53
29 39 52
30 36 51
30 38 51
30 37 52
30 39 54
27 37 53
27 36 54
29 35 55
31 36 52
32 36 49
33 38 50
32 33 52
30 30 55
30 34 54
31 35 54
31 37 53
30 37 53
31 37 53
30 36 53
31 36 52
30 37 52
31 36 52
32 37 52
30 37 54
30 35 53
29 35 53
31 35 54
31 35 53
30 36 53
30 37 53
30 35 52
31 37 53
30 37 53
30 37 53
29 37 53
31 37 53
32 38 53
29 38 52
31 38 53
29 38 53
29 38 52
30 39 52
29 36 52
31 37 53
30 37 52
29 38 52
31 36 52
30 37 52
31 38 52
30 37 53
30 37 53
30 37 52
30 39 53
30 36 53
31 37 52
30 38 52
31 38 52
31 37 53
