30 39 51
30 39 51
31 39 52
31 39 52
57 31 39
31 39 52
31 38 52
31 39 52
31 39 52
31 38 52
31 39 52
32 38 52
29 38 52
30 40 53
31 39 52
31 40 52
31 38 52
31 39 52
31 38 53
31 40 52
30 39 52
31 39 52
30 38 52
30 39 52
31 39 52
31 38 51
31 39 52
30 38 53
31 39 52
32 39 51
30 39 53
31 39 51
31 38 53
31 40 52
32 38 53
32 38 51
30 39 52
30 40 53
31 38 52
29 38 52
31 38 52
31 39 53
30 39 52
30 39 53
31 39 53
29 38 52
30 39 52
32 39 53
32 39 52
31 37 52
31 38 53
30 38 52
31 38 52
31 38 52
29 38 52
31 39 52
32 38 52
31 39 53
31 40 52
30 38 52
30 38 52
31 38 53
31 39 53
31 40 51
31 39 51
31 38 53
30 38 53
31 39 52
30 38 52
31 40 53
33 38 51
31 39 54
31 37 54
31 42 54
31 41 53
35 43 55
32 39 53
34 37 54
33 36 55
34 36 53
34 38 49
34 39 49
32 38 50
32 37 51
32 37 52
31 36 51
29 36 50
30 38 51
30 39 51
30 37 50
31 37 49
30 40 50
29 41 50
28 42 52
29 44 52
29 43 51
30 43 50
30 42 50
29 42 51
30 44 50
29 44 48
30 44 50
30 43 49
31 43 49
31 44 49
30 44 49
32 47 49
32 46 51
31 44 51
31 44 49
30 44 50
32 44 50
32 45 49
31 44 49
31 44 50
31 45 49
30 44 51
29 45 50
29 44 51
29 45 50
31 46 50
31 46 48
31 46 48
31 48 48
31 47 49
31 48 49
30 47 50
31 47 48
33 47 48
34 46 49
36 44 47
35 44 46
36 43 47
37 44 47
40 43 48
41 43 48
40 44 47
39 43 48
40 42 49
42 42 50
42 43 50
42 42 50
42 42 50
41 39 51
42 39 51
43 40 49
40 41 52
41 40 50
42 39 49
43 40 50
41 40 51
42 40 50
42 39 51
44 39 51
42 38 51
43 39 51
43 39 51
43 37 50
43 37 50
43 37 49
42 36 48
43 38 48
43 36 48
43 38 48
44 37 48
44 38 50
47 39 52
43 39 48
43 36 49
44 37 50
45 36 50
44 35 50
44 35 49
44 35 49
45 34 49
44 37 50
44 36 50
45 38 49
45 37 50
44 37 50
44 37 50
43 37 49
44 38 50
45 38 49
45 36 49
45 36 49
44 36 49
45 36 49
45 35 49
45 36 49
45 38 50
45 37 49
45 37 49
45 36 48
45 36 49
45 34 51
46 34 50
45 36 50
45 35 50
45 36 49
45 35 49
45 35 47
45 35 49
45 35 49
45 35 49
46 34 49
45 36 49
46 34 49
45 34 50
45 36 49
45 36 49
45 37 49
45 36 49
45 36 48
46 36 50
46 34 49
48 36 50
45 36 48
46 35 48
45 36 48
45 36 49
46 36 50
47 36 49
44 36 49
46 35 49
45 36 49
46 37 49
45 36 49
45 36 50
45 36 49
45 36 50
46 36 49
46 35 49
45 37 48
45 36 48
46 34 49
45 36 50
45 35 49
47 36 49
45 35 49
45 34 49
46 34 49
46 35 50
46 35 49
45 35 50
45 35 50
43 35 49
45 35 49
45 34 50
45 34 50
45 32 50
46 33 49
45 34 50
44 34 49
45 34 50
45 34 49
46 34 50
46 35 50
45 33 49
47 35 50
46 34 49
45 33 49
45 34 49
45 32 49
45 35 49
45 33 49
46 33 50
45 35 49
47 34 49
45 32 48
46 32 49
46 33 49
45 34 49
45 34 48
46 33 49
45 34 49
46 34 50
45 34 49
46 34 49
45 35 49
46 34 49
45 33 49
46 33 49
46 33 49
46 32 49
45 33 49
46 32 49
46 32 48
46 32 49
45 31 50
46 33 50
46 33 49
45 33 48
46 31 49
46 33 48
46 32 49
46 32 50
46 31 49
45 32 48
46 32 49
46 33 49
46 31 48
47 29 49
46 31 48
45 32 48
46 29 48
45 29 48
46 29 48
47 29 48
47 31 48
46 29 47
47 30 48
46 31 48
46 30 49
47 30 49
47 28 49
45 29 49
47 29 48
46 30 48
46 29 48
46 29 48
47 28 49
45 27 48
46 28 48
47 27 48
46 29 48
46 27 48
46 28 48
46 28 49
46 28 48
47 28 47
46 28 48
47 28 48
46 28 48
45 27 48
45 28 47
46 28 47
46 27 48
46 28 48
45 26 47
46 26 47
46 27 47
47 27 47
47 27 47
47 27 48
46 28 47
48 26 47
47 26 48
46 27 48
45 26 47
46 26 47
46 26 48
47 27 47
45 26 47
46 26 47
46 26 47
47 26 47
46 27 46
45 27 47
47 27 47
46 26 47
46 28 47
46 27 47
46 27 48
46 26 46
47 26 47
47 27 47
47 27 48
47 27 47
47 28 48
46 26 47
47 27 47
46 26 46
46 26 47
47 27 46
47 27 48
46 27 47
46 26 47
46 26 47
47 26 46
47 25 47
46 24 48
46 27 47
47 26 46
48 26 47
47 25 46
46 26 46
46 25 47
46 26 46
46 27 47
47 27 48
46 27 47
47 27 47
46 27 47
48 26 47
47 27 46
46 28 46
47 27 47
47 28 47
44 27 47
46 28 49
46 29 47
47 29 47
45 28 47
47 27 48
46 28 47
45 27 47
47 28 50
45 27 47
46 29 48
46 29 47
46 33 48
45 32 47
45 33 49
45 34 49
45 34 47
45 33 48
44 33 49
44 34 49
44 35 49
44 37 49
43 37 50
44 37 51
43 36 49
42 35 50
42 36 51
43 36 51
43 37 50
42 38 51
42 40 51
41 40 51
40 41 49
39 43 48
38 46 47
37 47 47
36 45 49
36 46 49
35 46 47
34 47 47
34 46 49
33 47 48
33 47 50
34 47 49
33 47 48
33 46 48
34 46 47
32 47 48
33 48 47
33 47 48
32 47 47
34 45 49
33 45 48
32 46 48
31 46 48
33 48 48
33 47 49
33 47 49
31 44 54
33 46 48
32 46 48
32 45 48
31 45 47
33 45 49
32 47 49
30 47 48
32 47 49
32 46 49
30 46 48
31 45 47
30 47 48
32 45 49
31 46 48
31 46 49
29 46 49
30 46 50
30 47 50
30 46 49
32 46 50
31 45 50
30 46 49
30 46 47
30 45 47
31 47 47
32 45 46
33 45 45
34 44 47
34 41 48
35 40 49
36 40 50
35 39 51
32 38 52
35 36 52
33 36 55
32 37 55
32 36 54
32 36 56
34 36 56
33 33 56
32 35 55
29 33 52
29 35 51
32 36 54
30 35 53
31 38 54
31 37 51
30 38 52
31 38 52
29 39 52
28 41 51
30 41 52
31 35 53
31 34 53
31 36 53
30 36 53
31 36 53
31 35 53
30 35 52
31 38 52
30 36 54
31 33 52
30 36 53
31 34 53
30 35 53
31 35 53
30 36 53
30 37 53
30 35 53
30 36 53
29 35 53
31 36 53
30 35 53
29 34 51
31 36 53
31 35 53
30 35 53
30 35 53
31 36 52
30 36 53
31 35 53
30 36 53
30 35 53
30 35 54
32 37 53
31 36 53
30 37 52
31 36 53
31 35 53
30 36 53
30 36 53
30 35 53
31 35 52
30 36 53
31 36 52
30 36 53
31 35 54
30 35 53
30 36 52
30 36 52
31 37 53
30 37 53
31 37 52
32 36 53
30 36 52
31 35 53
30 35 52
31 36 52
31 36 52
31 36 53
30 36 53
30 36 54
30 36 53
31 36 53
30 36 53
30 37 53
30 36 53
31 37 52
31 37 53
31 36 53
32 37 52
29 36 53
30 36 53
30 36 53
31 36 52
29 37 53
30 37 52
30 36 52
29 36 52
32 36 53
29 37 52
29 36 54
30 36 53
30 37 52
31 37 53
30 37 52
31 37 53
32 37 53
30 36 53
30 38 52
30 35 52
31 37 53
31 36 53
30 37 52
31 37 54
31 37 53
30 37 53
30 35 53
31 38 54
30 38 53
31 38 53
30 36 53
30 37 53
30 36 53
31 36 52
31 37 52
33 36 52
31 37 52
30 37 53
32 37 52
30 37 53
31 37 52
30 37 53
31 36 52
31 37 52
29 37 54
30 37 52
31 36 52
30 38 53
31 36 52
30 37 53
32 37 52
31 37 53
31 37 53
30 36 53
29 37 52
30 38 52
30 37 52
31 37 52
31 37 52
31 37 53
30 37 52
30 37 52
31 36 53
30 37 52
31 37 53
31 37 53
31 37 53
30 38 53
30 36 52
31 36 53
31 38 53
31 37 53
31 36 53
31 36 53
31 37 53
31 36 52
30 37 52
30 37 52
31 37 53
30 36 52
30 38 53
32 37 54
30 37 52
30 38 53
30 36 53
30 37 53
30 37 53
31 36 52
29 37 54
31 37 54
30 37 53
29 37 53
31 37 52
30 37 52
