28 48 46
28 49 45
30 48 44
28 49 45
29 51 45
27 49 45
27 48 45
28 49 45
27 49 47
28 47 45
26 46 47
27 47 50
26 50 48
28 50 49
29 50 46
31 54 44
32 53 45
31 50 44
31 50 43
32 46 45
33 50 48
33 44 45
31 45 46
30 43 48
31 48 47
30 47 49
30 36 50
30 42 51
28 37 47
31 47 49
29 47 49
30 45 47
29 45 49
31 42 48
31 42 48
29 44 48
30 42 47
30 43 46
31 46 49
31 46 47
28 46 47
29 48 50
29 46 50
29 46 50
30 46 50
31 46 49
29 44 49
30 46 48
31 46 49
31 47 49
30 47 48
30 46 47
29 46 48
30 48 48
30 47 47
29 45 48
28 48 46
29 47 47
29 47 47
29 47 47
27 48 47
29 46 46
29 46 47
29 48 46
31 48 48
29 46 47
28 45 47
29 46 47
29 48 47
28 46 47
29 46 47
28 48 48
27 49 46
26 52 48
27 50 49
28 50 48
30 49 49
30 49 47
31 48 46
32 48 48
31 46 46
32 48 47
33 46 46
35 46 48
35 46 47
36 44 47
37 45 48
37 43 47
38 44 46
38 43 47
40 42 46
38 40 47
41 42 47
41 42 48
41 41 48
41 41 48
41 43 49
41 41 49
41 42 48
41 42 48
41 40 49
41 39 49
40 40 49
41 40 50
42 38 50
42 39 49
41 39 51
39 38 51
41 39 49
40 39 50
42 37 51
41 37 51
42 36 51
41 37 50
41 37 51
40 36 51
41 36 51
41 36 52
41 33 51
42 35 52
41 34 51
41 33 52
40 33 51
42 34 52
41 34 51
42 34 51
41 32 51
41 34 52
41 34 52
40 32 52
42 33 52
42 32 51
42 32 51
42 32 51
42 31 51
42 33 52
42 33 49
41 32 51
41 31 51
42 32 50
41 33 51
42 31 51
42 31 51
42 31 51
42 32 51
42 31 50
42 30 51
42 32 50
43 30 51
41 32 51
42 32 50
42 33 51
41 32 51
41 30 52
42 32 51
42 31 50
41 32 50
42 31 51
43 32 50
41 32 51
42 32 51
42 33 51
42 33 51
43 34 51
42 32 52
42 33 51
42 33 51
42 34 50
42 31 51
42 32 51
41 33 51
42 32 51
42 31 51
42 33 50
42 32 50
43 34 52
42 32 51
42 32 51
42 32 51
42 32 51
42 32 51
43 33 51
41 31 51
42 32 51
42 31 51
43 33 51
42 31 50
41 31 51
41 33 51
41 32 50
42 32 52
42 32 50
42 31 51
42 31 50
42 31 51
42 33 50
42 32 50
41 33 50
42 33 49
42 34 51
42 35 50
43 35 51
42 35 50
41 35 51
42 34 50
42 36 50
41 36 48
43 38 49
42 40 48
41 39 49
41 41 47
40 44 49
39 43 49
40 42 48
36 43 48
37 45 48
36 44 49
37 46 47
36 46 46
34 46 47
34 47 48
32 47 47
31 47 48
31 46 47
30 47 50
30 48 47
28 47 48
28 48 48
28 49 48
29 47 47
28 48 47
28 50 46
27 48 45
28 49 46
27 50 46
27 47 46
27 46 47
27 47 47
27 49 47
28 49 46
27 46 46
29 45 46
27 47 47
27 48 47
27 47 47
27 47 46
26 49 48
26 47 48
26 46 48
26 46 48
26 46 47
26 45 47
27 44 44
25 44 46
27 44 48
26 44 46
27 42 47
29 42 48
29 42 48
30 42 48
31 42 46
33 43 47
31 44 46
32 49 45
32 48 44
33 48 44
33 48 40
33 50 39
32 50 41
33 58 44