33 43 51
33 43 51
32 44 50
32 42 50
31 44 51
31 43 50
32 43 50
33 43 51
31 44 50
31 42 51
32 42 50
31 42 50
32 43 51
32 41 49
32 43 50
32 43 50
30 43 50
32 43 50
32 43 50
31 43 51
32 43 49
32 43 51
31 42 51
32 42 50
31 43 51
32 43 49
32 42 51
32 44 50
32 43 50
32 43 52
32 42 50
32 42 50
32 43 51
32 43 50
32 42 50
31 43 50
31 43 50
31 42 50
32 42 51
32 42 50
31 41 50
33 44 50
31 43 50
30 42 50
30 42 51
31 43 49
31 42 50
32 43 50
31 42 51
31 43 51
32 43 51
32 43 50
32 42 51
31 42 50
32 43 50
32 42 50
31 42 50
32 42 51
32 42 50
32 42 49
31 43 50
32 43 50
32 44 50
31 42 50
31 42 50
32 43 51
32 43 51
33 42 50
31 43 49
31 42 50
31 42 52
31 42 50
32 43 46
30 43 49
31 43 51
33 45 50
30 46 51
31 47 51
33 48 52
33 46 51
34 46 50
35 44 50
36 43 50
36 41 50
37 43 51
37 44 50
38 45 51
38 43 50
38 41 52
38 40 50
38 39 48
40 38 49
40 37 48
40 38 49
41 36 50
42 35 51
43 37 50
43 36 51
42 35 48
44 33 48
44 33 49
44 34 49
44 34 49
45 33 49
45 34 49
44 33 49
44 33 49
44 33 50
44 35 50
44 34 49
45 35 50
44 33 50
43 34 50
44 34 50
45 34 49
43 32 51
46 32 50
45 33 50
45 32 49
44 33 50
43 33 50
43 31 50
44 31 48
45 31 49
44 31 49
44 31 50
45 32 49
45 32 49
44 32 50
45 31 49
45 31 49
45 31 49
46 32 49
46 31 49
45 30 50
46 32 49
45 31 49
44 30 49
46 29 49
46 30 48
44 31 49
45 29 49
46 29 50
44 30 48
47 30 48
46 31 49
46 30 48
46 30 49
45 29 49
46 30 48
45 29 49
45 30 48
45 30 49
46 30 48
45 31 48
46 30 48
46 29 48
47 29 47
46 30 49
47 31 47
45 30 48
45 29 49
45 29 48
46 29 49
45 30 48
46 29 48
45 29 49
45 28 49
45 29 48
46 29 48
46 28 49
45 29 48
45 29 48
45 29 47
45 29 48
46 29 48
45 28 48
46 30 48
47 30 48
46 28 48
46 29 48
46 28 48
46 29 49
45 30 48
45 29 48
46 30 48
45 29 48
46 29 49
47 28 49
45 28 48
46 28 47
46 29 49
45 29 48
46 28 48
45 28 48
46 29 47
46 29 47
45 29 47
45 29 49
45 28 48
45 29 48
46 28 49
45 27 48
45 28 48
45 28 48
45 29 49
46 30 47
45 28 48
45 29 48
44 28 48
46 28 48
45 28 48
46 28 48
46 28 47
45 29 48
46 28 48
47 28 48
46 26 48
46 27 47
45 29 47
45 28 48
46 29 47
46 28 47
45 28 47
45 29 47
46 29 48
45 27 48
46 28 48
46 28 48
46 28 48
45 28 49
46 28 47
46 28 48
46 29 48
45 26 47
46 28 48
45 27 49
47 27 48
46 27 48
44 27 48
47 27 47
46 28 47
46 27 47
46 28 48
45 29 47
45 27 47
45 27 48
46 29 47
46 29 48
45 28 48
46 28 48
46 27 48
46 28 48
45 29 47
46 28 48
46 28 48
45 27 48
46 28 47
46 28 47
45 29 48
46 27 47
46 27 47
46 27 47
46 28 47
46 28 48
46 28 47
47 26 48
46 27 48
46 28 48
45 28 46
46 28 48
46 28 48
46 27 47
46 28 48
45 26 48
46 27 49
46 28 47
46 27 48
46 27 47
47 28 47
47 27 47
46 28 47
46 26 47
45 27 48
45 28 48
45 27 48
47 28 48
46 27 47
45 28 48
47 26 48
46 27 47
46 27 47
44 27 47
46 27 47
45 26 48
46 27 47
46 26 48
47 27 48
46 27 48
46 27 47
46 26 47
46 28 47
46 27 47
46 27 48
45 28 47
45 27 48
46 27 48
46 27 48
46 27 47
46 27 48
45 26 47
47 27 46
46 27 47
46 27 48
46 27 47
47 27 48
46 26 47
47 28 48
46 27 46
47 27 48
46 27 47
46 26 47
47 27 46
46 27 47
46 27 48
46 26 48
46 27 48
46 26 47
47 28 49
47 27 46
47 27 47
46 27 46
46 29 47
45 26 47
47 27 47
46 26 46
47 27 47
46 27 47
47 27 47
47 28 48
46 27 47
47 27 46
46 28 47
46 27 47
47 27 47
46 26 46
47 27 47
46 27 47
47 27 48
46 27 47
46 28 47
46 27 47
46 27 47
46 27 46
46 27 47
46 27 47
46 27 47
46 25 47
47 27 46
47 26 47
47 27 46
46 27 46
47 27 46
47 27 47
46 26 46
46 27 46
47 28 47
47 27 47
46 27 48
46 26 47
47 27 46
47 26 48
46 26 47
45 26 47
45 27 48
46 27 47
46 28 47
47 27 47
47 28 48
47 28 48
47 28 47
46 28 47
46 26 47
46 28 47
47 26 47
47 28 47
47 26 48
47 26 47
47 27 47
47 27 46
46 26 47
46 26 47
46 26 47
46 25 45
46 24 46
45 25 46
46 24 46
45 25 46
45 24 46
45 23 46
44 24 46
46 23 46
44 23 47
44 22 45
45 23 46
46 24 47
44 23 47
45 24 46
46 22 46
44 23 46
45 22 46
44 23 46
43 22 45
44 21 46
46 22 46
45 21 46
45 20 46
43 22 46
45 23 47
45 23 46
43 22 45
44 22 45
45 21 46
42 22 46
43 23 45
44 22 46
43 23 45
43 23 46
44 24 47
43 23 46
44 24 47
45 23 49
44 23 49
46 25 47
43 26 47
45 28 47
45 27 47
45 30 46
44 32 45
43 34 46
44 35 47
42 37 47
43 38 48
44 39 49
43 41 49
43 41 49
42 41 50
42 42 49
40 42 49
41 42 48
40 42 49
39 42 50
38 43 51
38 45 51
36 45 51
36 46 51
35 47 52
35 49 52
36 47 51
38 46 51
37 44 50
37 45 48
38 43 48
37 43 47
38 42 48
38 41 47
38 41 47
39 42 48
37 42 47
38 41 49
38 42 47
38 43 49
39 43 48
38 43 49
38 44 49
38 45 49
39 44 50
38 45 49
38 45 49
37 44 48
38 45 48
36 45 48
37 45 48
38 45 48
36 45 48
36 47 48
37 46 47
35 45 48
36 45 48
37 46 49
37 47 49
35 47 49
36 46 49
36 46 48
36 46 49
36 45 48
35 45 47
35 46 46
35 46 47
34 47 47
34 46 48
36 46 48
36 47 48
34 46 48
35 47 47
33 47 47
34 48 48
34 47 48
35 46 48
33 48 48
33 46 47
33 47 48
35 45 48
32 46 48
34 46 48
32 46 48
30 45 49
33 45 49
32 45 49
32 46 47
31 46 48
33 46 48
32 46 49
33 44 49
31 45 49
32 45 49
31 45 50
31 44 49
31 45 50
30 43 49
30 44 49
30 45 49
30 44 48
28 41 50
29 43 50
30 44 50
29 43 50
29 44 51
31 43 52
31 42 52
31 43 51
30 43 51
31 41 50
31 42 50
31 41 49
31 38 49
31 39 50
31 39 50
31 38 51
31 39 50
29 38 51
32 37 53
31 39 52
30 38 51
29 38 52
29 45 62
31 36 51
31 37 52
29 38 53
29 38 54
28 37 53
29 37 53
30 34 52
29 34 52
31 34 52
30 36 53
30 36 52
31 36 54
30 34 54
29 35 52
29 35 53
31 36 52
30 36 53
29 35 52
30 35 53
30 35 53
29 35 52
29 35 52
30 36 51
30 34 54
30 34 52
30 36 53
30 35 52
29 35 53
29 35 52
29 35 53
29 36 53
30 35 53
30 34 53
30 35 53
30 34 53
29 36 52
31 35 52
30 35 52
30 35 53
31 35 53
32 35 52
30 36 53
31 36 52
29 34 52
30 34 52
31 35 53
