29 37 53
28 37 52
29 35 52
29 36 52
30 39 52
29 37 52
30 38 53
30 36 53
31 38 53
30 38 52
30 35 52
29 37 52
28 36 52
29 38 52
31 36 52
30 37 52
31 38 51
29 37 52
29 37 52
30 38 52
30 37 53
31 37 51
28 38 53
29 37 52
29 37 53
30 37 52
30 38 53
29 37 51
29 36 52
30 37 53
30 36 52
31 37 52
31 38 54
31 37 55
34 35 55
34 36 56
33 39 54
33 40 52
32 43 50
33 44 52
35 45 50
34 46 49
36 44 49
35 45 48
33 45 47
34 45 45
34 46 45
33 44 45
30 45 44
30 46 45
28 45 42
27 45 47
27 47 44
23 50 44
23 50 42
23 51 42
25 49 40
25 48 42
26 49 42
25 48 42
24 49 41
25 50 42
24 52 43
25 53 41
25 50 41
25 51 42
25 51 42
25 52 39
28 52 42
28 51 42
27 49 41
25 50 43
27 51 43
25 50 40
24 51 41
24 50 42
24 51 42
25 54 42
26 56 41
25 53 42
26 52 42
27 53 42
29 51 43
29 54 41
32 51 42
32 51 44
32 49 44
33 49 44
35 49 44
34 48 45
36 48 46
35 46 46
37 45 46
38 45 45
38 44 47
39 46 46
39 43 46
40 44 47
40 44 47
40 43 47
40 43 48
41 43 48
40 42 49
41 42 49
42 42 49
41 40 49
40 42 49
40 40 49
41 40 49
40 41 49
41 41 48
41 41 50
41 40 49
40 40 49
41 40 50
41 40 50
41 40 50
40 40 50
42 41 50
42 41 50
42 39 51
41 40 50
40 39 50
40 38 50
40 39 51
40 38 50
40 39 50
42 39 50
41 39 50
40 39 50
40 38 51
40 38 50
40 37 51
41 39 51
42 39 51
40 37 51
41 37 50
40 36 51
41 39 52
40 39 51
40 38 52
40 37 51
40 38 50
41 38 51
42 36 51
42 36 50
41 37 51
41 37 52
41 36 51
40 38 51
40 37 51
40 36 51
41 38 50
40 36 51
40 36 51
40 36 51
40 36 51
41 36 51
41 36 51
41 36 52
41 36 50
40 37 52
40 36 52
41 35 50
41 36 50
41 37 50
41 37 50
41 37 50
39 36 50
41 38 51
41 38 51
42 38 51
40 38 50
41 38 51
41 39 50
41 38 50
42 38 49
42 39 49
41 39 50
40 40 49
41 40 50
40 42 49
40 42 47
40 42 48
40 43 47
39 44 45
39 46 46
39 46 46
37 45 46
38 46 45
37 47 45
35 49 44
34 48 45
35 48 45
32 47 43
32 51 42
32 51 43
32 51 43
32 50 46
29 52 44
29 53 42
29 52 43
27 52 44
28 51 43
26 51 42
27 52 42
28 50 43
27 51 42
26 51 42
26 50 41
28 51 41
25 48 42
27 50 42
27 51 41
26 50 40
27 51 40
28 53 41
27 53 41
29 51 41
27 51 41
26 51 42
27 50 41
26 49 42
24 50 42
23 49 40
22 51 42
22 50 43
23 51 43
23 50 43
25 50 42
26 52 44
25 49 43
25 50 43
28 48 42
27 49 43
27 51 41
28 50 42
30 46 43
31 48 43
33 46 43
32 49 44
32 49 43
35 48 42
36 47 44
35 47 44
37 45 44
38 43 46
38 42 46
36 43 47
37 44 47
36 45 47
35 47 45
33 63 61
32 44 62
32 32 50
29 42 44
27 46 47
29 46 49
30 44 49
32 45 49
29 47 48
30 45 49
31 45 49
32 45 48
32 44 49
31 45 48
31 45 49
31 45 49
31 46 49
31 44 50
31 44 49
30 45 49
30 46 48
30 45 48
30 45 49
31 45 49
31 45 49
31 43 50
30 45 49
30 44 49
29 43 49
31 44 49
30 43 50
29 44 50
30 45 49
30 45 49
30 44 49
30 45 49
30 44 49
31 44 49
30 45 49
31 43 49
29 44 48
30 44 50
31 43 49
31 45 49
31 43 49
30 44 49
31 44 49
29 45 50
31 45 49
30 45 49
31 43 49
31 44 49
30 44 49
31 44 49
30 43 48
30 44 50
32 44 49
30 45 49
30 44 50
30 44 50
31 45 49
30 44 49
30 44 50
30 44 50
30 45 49
31 45 51
30 44 48
33 44 49
