30 43 50
29 43 50
29 43 49
30 44 51
30 43 50
29 42 50
29 44 50
29 42 51
29 43 50
27 42 50
28 43 50
30 42 50
29 43 50
30 43 50
29 41 50
29 44 49
29 42 50
28 43 50
29 42 50
29 43 50
29 43 50
28 44 50
28 42 50
29 43 51
28 43 51
29 42 50
30 43 50
29 43 50
29 44 50
30 44 50
29 43 50
29 43 50
29 43 50
29 43 49
29 43 50
29 43 50
29 43 50
31 42 49
30 44 50
29 43 49
29 42 49
29 44 51
29 43 50
28 42 50
29 43 51
30 43 51
28 43 51
28 43 51
29 44 51
28 43 50
29 42 50
29 43 50
30 43 50
30 44 50
29 43 50
29 43 51
28 42 50
28 43 50
28 43 50
30 44 50
29 43 50
29 43 50
29 43 50
28 43 49
29 43 50
28 43 50
29 43 50
28 42 50
29 43 50
28 43 50
29 42 49
30 41 50
30 43 50
30 44 49
31 45 50
31 45 49
28 44 48
33 45 49
31 45 50
31 48 48
32 49 48
31 47 47
30 49 45
31 50 46
30 49 46
29 50 44
29 49 44
29 50 43
29 47 43
29 49 43
29 48 43
28 50 44
28 48 44
26 49 43
28 51 42
29 50 45
29 50 45
28 50 44
29 49 46
29 50 45
30 49 46
29 50 45
30 50 44
29 49 44
29 48 45
29 50 45
28 50 45
28 50 45
30 49 45
29 49 45
28 50 45
27 54 45
28 54 46
28 54 45
29 51 44
29 51 46
29 50 46
31 50 47
33 49 45
32 49 47
32 50 48
31 49 48
33 49 47
35 49 48
35 48 47
37 47 47
36 46 46
37 47 48
38 45 45
39 44 45
40 44 46
42 43 47
41 43 46
45 44 46
44 45 47
43 42 46
44 43 46
45 43 46
45 44 45
46 43 46
45 41 45
46 41 46
47 41 46
48 39 45
48 40 46
48 38 46
49 38 46
49 39 46
49 37 46
47 36 45
48 36 45
47 36 45
48 34 45
49 36 45
48 35 46
49 36 47
50 37 46
49 34 47
49 35 46
48 35 45
49 34 47
49 35 47
48 34 47
48 34 46
48 34 47
48 34 47
48 33 48
47 32 46
48 33 47
47 34 47
48 32 46
48 33 47
48 33 48
47 32 48
47 32 47
47 32 46
46 31 48
47 31 48
48 31 47
48 30 48
48 30 48
47 30 48
48 30 47
47 30 47
48 30 48
46 31 48
47 30 47
47 30 47
47 30 47
46 29 47
47 30 47
47 29 47
47 29 48
47 28 48
46 31 47
46 29 48
46 28 47
46 29 48
45 29 47
46 30 48
45 28 47
46 28 48
47 29 49
46 29 47
47 29 48
47 29 48
46 28 48
46 30 48
46 29 48
45 28 48
47 28 47
46 29 48
47 29 48
46 28 48
47 30 48
46 28 47
46 30 48
47 28 47
48 27 48
46 28 47
47 29 47
46 30 48
46 29 48
46 30 47
47 30 47
47 30 48
46 32 48
47 32 48
46 31 47
46 33 46
47 31 45
46 33 46
46 33 46
45 35 46
46 35 45
46 38 45
45 39 45
45 40 44
43 41 45
43 45 46
41 44 46
40 45 47
38 46 48
37 47 48
37 48 47
36 50 48
36 50 47
35 51 46
33 51 45
33 51 46
34 50 46
32 52 45
32 52 45
32 51 45
33 51 44
32 50 45
31 50 45
32 50 45
32 50 45
32 48 44
31 50 44
30 49 45
30 52 44
32 51 44
31 49 44
32 49 43
31 51 44
32 50 44
31 50 43
32 50 44
32 49 44
32 50 45
32 50 44
32 49 45
31 50 44
31 50 44
31 51 44
32 49 44
31 50 44
29 49 44
29 50 44
28 50 44
28 51 45
29 50 45
27 50 45
28 50 43
28 48 45
28 49 44
29 50 44
29 51 44
30 49 44
30 49 44
31 49 45
32 47 46
32 48 46
31 46 47
32 45 48
32 42 47
32 43 48
33 43 48
30 44 48
29 44 51
28 46 51
24 43 51
22 37 53
30 46 50
30 43 48
30 47 47
30 49 48
28 49 47
26 46 47
28 46 48
28 48 48
29 45 48
29 48 46
28 48 46
29 47 47
29 46 47
28 47 48
28 47 47
28 47 47
28 46 47
29 47 47
28 48 47
27 47 47
29 48 46
29 47 45
29 47 46
29 47 46
30 48 47
29 47 45
29 47 46
29 47 46
29 48 46
29 48 46
29 48 47
28 48 47
29 48 46
30 47 47
29 47 47
29 48 47
30 47 47
29 47 46
29 47 46
30 46 47
28 47 46
28 47 46
29 47 46
28 48 47
28 47 46
28 47 47
28 47 46
29 47 46
30 48 46
28 47 46
28 48 46
30 48 47
29 47 47
28 47 47
29 45 47
29 47 46
29 47 47
29 49 48
29 47 47
29 47 47
28 48 47
29 48 47
30 47 47
29 47 47
30 46 47
29 47 47
30 48 47
29 46 47
27 46 47
29 47 46
30 48 46
29 47 47
29 47 47
28 47 46
29 47 47
30 47 47
29 47 47
30 48 46
29 48 46
29 49 47
30 46 47
28 46 47
29 47 47
29 46 47
29 47 48
28 46 46
28 47 47
29 48 46
28 46 47
28 47 47
29 47 47
29 47 46
30 47 47
30 48 47
29 46 47
29 48 47
28 47 47
30 47 47
