30 37 53
30 37 53
30 34 53
30 37 53
30 36 53
30 36 53
30 36 52
31 36 52
30 36 53
31 36 53
31 36 52
30 36 53
30 36 53
31 37 52
30 36 53
31 35 53
31 35 52
32 36 53
30 35 53
30 35 53
31 35 52
31 36 53
31 36 53
31 36 54
30 35 53
30 37 52
29 36 52
28 36 53
29 34 52
29 36 53
31 37 53
31 38 53
32 38 54
32 38 52
33 39 53
32 37 52
32 36 53
32 36 52
33 35 52
31 34 53
32 34 51
30 34 53
31 34 53
32 36 54
31 34 53
33 37 52
33 35 52
32 34 54
31 36 53
31 34 52
32 35 53
33 35 53
34 35 51
33 35 52
33 38 54
33 37 53
33 35 53
33 37 54
32 37 54
34 36 53
30 36 52
31 37 52
31 38 52
30 38 53
31 38 53
31 38 53
31 38 52
31 39 52
31 40 52
31 39 53
30 39 51
32 39 53
32 40 51
30 40 53
31 40 53
33 40 53
31 41 51
31 42 52
33 41 52
31 42 52
31 41 51
31 42 51
32 43 50
32 43 51
31 43 52
30 43 52
31 43 52
31 44 53
33 43 54
33 43 52
35 41 53
35 41 51
37 41 50
37 40 51
37 39 50
38 39 49
38 39 49
38 39 49
39 40 50
40 38 51
41 40 51
42 40 51
42 38 51
42 37 50
42 37 50
43 36 52
40 35 51
41 35 52
41 34 52
41 34 50
42 31 51
42 33 51
42 32 50
41 31 52
40 31 51
42 33 51
43 31 52
41 31 51
43 31 52
40 30 52
40 31 52
41 31 51
41 32 52
41 31 51
41 30 51
39 29 50
40 29 50
40 28 51
42 26 52
42 28 51
41 28 51
40 27 52
41 27 51
40 26 52
40 26 52
41 26 50
42 25 49
41 25 50
40 25 50
41 25 51
40 25 50
42 25 50
40 24 50
41 25 51
40 24 50
41 23 49
39 23 50
40 22 49
40 21 49
41 24 49
39 23 48
41 21 49
41 21 50
40 22 48
41 23 48
40 22 49
40 22 48
42 23 49
40 21 48
40 22 49
39 21 50
40 22 49
40 22 49
41 21 49
40 21 48
39 22 48
40 23 48
40 22 48
40 21 49
40 21 47
40 21 49
41 20 49
40 21 48
40 20 48
40 20 48
40 22 48
39 21 48
39 21 48
41 22 48
40 19 47
39 19 47
40 20 47
41 21 48
40 20 48
41 20 47
40 19 47
39 20 47
39 21 47
40 19 48
40 19 48
39 20 47
40 19 46
39 19 47
40 18 46
39 20 46
40 19 47
39 18 46
40 18 46
40 17 47
39 18 46
40 19 46
38 18 46
39 19 46
40 19 47
38 17 46
39 18 46
39 18 46
40 20 46
40 17 45
41 19 46
39 18 45
41 15 45
41 18 45
40 17 45
39 15 45
38 17 45
40 17 45
40 19 45
40 18 45
39 17 44
39 19 44
40 18 44
39 18 44
39 16 45
38 18 45
39 18 45
40 18 46
40 18 47
39 19 46
39 17 46
40 16 46
40 18 45
40 17 45
40 18 45
39 18 44
39 17 45
39 17 45
40 18 44
38 18 45
39 19 45
41 17 45
41 17 47
40 19 47
42 20 49
41 19 49
41 20 49
41 23 49
40 25 49
40 27 48
40 29 47
40 31 45
43 32 47
42 36 44
42 37 47
42 38 46
41 40 48
41 40 50
40 39 51
41 40 49
41 41 51
38 41 51
38 42 53
37 42 54
36 42 53
35 44 54
34 44 53
34 43 53
33 44 54
34 45 53
33 44 52
33 44 51
32 43 51
32 43 52
32 44 50
32 44 50
33 43 50
32 43 50
33 43 49
31 43 50
31 41 49
31 43 49
32 43 49
31 42 51
30 43 51
30 43 52
29 41 51
29 41 50
30 41 50
30 39 50
30 38 53
31 38 52
31 39 52
32 37 52
32 37 51
32 39 52
31 39 52
31 38 51
31 40 51
32 42 52
31 42 52
30 42 52
31 42 52
30 40 51
32 41 52
31 40 51
32 40 52
31 37 52
31 38 52
32 40 52
32 41 52
32 40 51
32 40 52
32 39 52
33 40 51
33 39 52
31 39 52
31 39 52
31 39 52
32 40 52
32 40 53
31 39 52
32 39 52
32 40 52
31 39 51
32 39 51
30 39 52
32 39 52
31 39 52
31 39 52
30 39 52
31 41 51
32 39 52
33 40 52
31 40 53
32 40 51
32 39 51
31 39 52
31 39 52
32 40 52
32 40 52
31 39 52
31 39 51
30 39 51
32 40 50
32 40 52
30 38 52
30 38 52
30 39 51
32 39 51
32 39 52
31 39 53
32 40 51
32 39 52
31 39 52
30 39 52
32 38 52
32 39 52
32 40 52
32 39 52
31 39 52
31 37 52
30 39 52
32 39 52
32 40 53
32 39 52
31 39 52
31 39 53
33 38 52
32 39 53
31 39 53
31 39 52
32 38 52
31 39 53
32 38 51
32 39 52
31 40 51
32 39 52
31 39 52
32 37 51
32 38 52
32 39 52
32 38 52
31 40 52
31 39 52
32 40 51
32 39 52
30 39 53
31 40 52
32 38 52
31 39 52
32 40 53
32 39 52
32 41 51
32 39 51
31 38 52
33 39 52
32 41 51
32 39 51
32 38 52
32 40 52
30 40 51
31 38 53
30 39 52
32 40 52
31 41 52
33 39 51
31 39 52
31 40 53
32 40 52
31 39 52
31 40 52
32 40 52
31 39 53
32 39 52
33 39 52
32 39 52
32 39 53
31 39 51
31 39 52
32 38 52
32 39 53
32 39 53
31 39 52
32 39 53
31 39 52
32 39 51
32 39 51
30 39 52
31 39 52
33 38 52
32 39 52
31 39 52
31 40 51
31 40 52
32 40 52
32 40 52
32 39 53
31 39 52
32 40 51
32 39 53
32 38 52
31 39 52
31 40 53
31 39 52
32 40 52
32 39 51
31 39 53
33 38 52
32 39 51
32 40 52
