31 38 52
30 39 52
31 39 52
31 38 52
31 39 53
31 38 53
32 39 53
32 38 52
31 38 52
31 39 52
31 38 52
31 38 53
31 39 52
31 40 52
32 38 52
31 38 51
31 39 52
31 39 53
30 38 52
31 38 52
31 37 52
32 38 51
31 37 53
31 39 52
30 37 51
31 38 54
31 37 53
31 38 52
31 38 54
31 37 54
34 36 54
32 38 52
33 36 52
32 39 53
32 38 53
33 38 51
33 37 52
34 38 52
35 38 50
34 37 51
33 38 51
33 37 50
34 36 51
33 37 51
32 39 52
31 37 52
33 38 52
32 38 54
32 39 52
30 39 53
29 41 51
27 43 49
29 43 49
26 45 48
26 46 47
28 46 46
28 46 47
28 47 47
29 48 47
28 47 47
28 45 49
29 46 49
29 49 49
30 50 48
28 49 45
26 50 46
25 49 48
26 49 49
27 50 49
29 51 49
28 50 47
29 50 48
32 49 48
33 47 48
33 47 47
35 46 48
35 43 48
37 44 48
37 42 49
38 42 48
38 39 50
39 42 49
39 38 49
41 38 50
40 37 50
41 38 50
41 36 50
41 37 51
41 35 50
41 36 51
41 35 51
40 35 49
41 35 50
41 35 51
41 34 51
40 34 50
42 33 51
41 33 51
40 33 51
42 33 52
41 33 51
42 33 51
40 33 51
41 33 50
41 33 52
42 32 51
40 33 51
41 32 52
42 33 51
41 33 50
41 32 52
40 32 51
41 32 51
40 32 51
40 31 51
41 33 52
41 32 51
40 32 50
40 31 50
41 31 52
40 32 51
41 31 51
41 31 51
42 31 52
40 31 51
41 32 51
41 32 51
40 32 52
42 31 51
42 32 52
41 30 51
41 32 52
41 32 51
40 32 52
41 31 51
42 30 51
42 31 51
41 31 51
41 32 52
42 32 51
42 31 50
42 32 51
42 31 52
41 32 51
40 31 50
40 32 51
41 31 51
43 32 52
40 31 51
41 31 52
42 31 51
42 32 51
41 32 49
41 31 51
40 30 51
41 31 51
41 31 50
41 32 51
42 31 50
41 31 52
42 31 51
42 32 50
42 32 52
42 31 50
42 32 50
42 31 50
43 31 50
43 34 52
42 35 49
42 34 49
40 35 52
40 35 49
41 37 50
41 38 50
39 40 50
39 40 50
38 41 49
38 41 50
37 41 49
37 44 50
36 46 49
33 47 48
34 48 47
34 46 48
33 48 48
31 48 49
31 48 48
30 48 48
30 48 49
30 48 48
31 49 48
28 47 46
29 48 46
29 47 47
29 48 46
28 48 46
29 49 46
29 48 47
30 48 47
29 49 46
29 49 46
30 48 46
29 48 47
26 46 49
28 49 48
29 49 47
28 48 47
28 48 47
28 49 48
28 48 48
28 46 45
26 47 46
27 46 46
27 44 46
26 43 46
28 43 46
30 43 47
29 44 49
30 43 50
30 45 50
30 41 53
33 42 54
34 43 57
33 43 56
30 38 49
29 38 48
29 40 51
29 38 53
29 39 53
29 38 51
28 39 52
29 39 52
29 38 52
30 37 52
27 38 52
29 39 52
29 38 52
28 38 51
29 38 52
29 38 51
29 37 52
28 36 52
28 37 52
29 38 52
29 38 52
29 39 52
29 37 52
28 37 51
30 38 52
30 38 51
29 37 52
29 37 51
28 36 51
28 37 53
28 37 52
27 36 52
30 36 52
28 38 52
28 38 52
27 36 52
29 37 52
28 38 52
28 36 52
28 37 51
28 37 53
29 36 52
29 36 52
29 37 52
28 37 52
28 36 52
28 37 51
28 37 52
28 37 52
28 37 52
28 36 52
28 37 52
27 37 52
29 37 52
29 38 51
28 38 52
29 37 52
28 37 52
28 38 51
28 37 52
28 37 51
28 37 52
28 37 52
28 37 52
27 38 51
29 37 52
28 38 52
28 37 53
27 38 52
26 37 54
