38 42 48
38 44 49
38 43 50
39 42 49
37 43 50
37 42 50
36 42 51
37 43 50
36 42 51
36 42 51
35 42 50
38 41 50
37 41 51
37 42 50
36 43 51
37 43 50
36 43 51
36 42 51
36 41 51
36 40 52
36 39 52
37 39 51
37 39 52
36 39 52
37 40 52
37 38 52
36 37 52
35 40 52
35 37 52
36 38 52
35 37 52
35 38 53
35 37 52
36 38 51
35 39 53
36 37 53
37 38 56
39 36 54
40 36 53
40 40 53
38 42 53
37 43 51
36 41 50
37 40 52
38 40 50
38 41 48
38 42 49
38 40 48
38 41 48
38 40 49
36 41 48
35 44 48
34 42 48
31 47 48
32 48 48
31 46 46
32 49 45
31 49 43
31 47 44
31 50 43
31 49 45
30 49 44
29 49 46
32 49 44
29 48 46
31 50 45
30 49 45
29 50 45
31 53 47
30 53 45
30 50 43
28 51 45
26 52 44
28 52 46
29 50 46
30 53 47
31 51 46
33 52 46
33 49 45
36 49 46
35 48 45
37 45 46
36 45 45
39 44 46
37 44 47
38 44 47
39 43 45
41 43 48
42 41 48
42 40 48
42 40 49
42 40 48
42 39 50
42 37 50
43 38 50
42 38 49
42 39 50
43 37 49
42 37 50
42 36 51
42 36 50
42 37 50
42 36 50
43 35 51
41 35 50
42 34 51
41 33 50
42 35 51
41 34 50
43 33 51
42 33 51
42 34 51
41 33 51
41 33 52
41 33 51
41 33 51
41 33 52
41 33 50
41 31 50
40 31 50
42 32 51
41 32 50
41 32 52
41 31 51
41 32 52
41 32 51
42 32 50
40 32 51
41 31 51
42 31 52
41 31 51
40 31 51
41 30 51
41 31 51
40 31 51
41 31 52
40 30 52
41 32 51
41 31 52
41 32 51
41 29 52
41 31 50
41 30 51
42 30 51
41 31 51
41 30 52
42 31 51
42 30 51
40 30 51
42 30 51
41 31 51
41 30 50
41 30 52
40 30 51
42 31 51
42 31 51
41 29 50
41 30 52
42 30 51
41 30 52
42 30 50
41 30 51
42 31 51
40 29 50
41 31 49
40 32 51
41 31 50
42 31 50
42 31 50
41 31 51
42 31 51
42 32 50
40 31 50
41 33 51
43 32 50
43 31 48
42 33 50
43 35 50
41 34 48
42 36 51
41 37 52
41 38 49
39 40 50
41 40 50
38 42 49
40 40 49
39 41 50
39 42 51
40 43 48
39 44 49
39 44 48
37 44 48
38 46 48
37 44 49
36 45 48
35 44 46
36 44 47
33 48 47
33 48 47
33 49 49
30 49 48
30 48 48
30 50 48
30 48 47
29 49 47
29 49 46
31 49 46
31 50 47
31 48 46
32 49 46
31 48 46
32 49 45
31 48 44
31 48 47
32 48 47
31 48 46
30 48 45
31 49 46
29 48 46
31 47 46
31 49 47
31 48 46
31 48 47
30 47 45
28 47 45
30 48 45
31 48 45
31 48 46
30 48 45
29 49 45
31 50 45
29 49 46
29 49 46
28 47 45
30 50 46
28 51 46
29 49 48
28 48 46
27 46 44
25 47 47
24 47 46
23 45 48
24 48 48
26 47 48
24 47 47
26 48 47
26 48 48
25 49 46
26 46 46
28 47 46
28 46 45
30 44 45
31 45 47
31 45 46
33 44 46
34 43 46
34 42 48
33 43 46
35 43 48
34 43 50
34 43 50
35 41 50
35 40 51
34 38 53
36 38 51
33 38 51
35 39 56
34 40 55
33 38 53
32 38 49