32 37 52
32 37 52
33 37 52
31 38 52
32 38 52
33 38 51
32 38 53
33 38 53
32 37 53
33 38 53
33 38 52
32 37 52
34 37 52
33 38 53
34 38 51
34 38 52
33 38 52
33 39 52
32 38 53
34 38 53
33 39 53
33 38 52
33 38 52
34 38 52
33 37 52
33 37 52
33 38 52
33 37 52
32 38 52
33 38 53
32 39 52
33 37 52
34 38 52
33 38 53
32 38 52
34 38 52
33 38 52
32 39 53
33 38 52
32 37 53
33 37 53
33 38 52
34 38 53
33 38 52
34 39 52
32 38 51
33 37 52
32 38 51
32 39 52
33 37 51
33 38 53
32 38 53
32 37 52
33 38 53
33 39 53
32 38 53
33 37 54
33 38 53
33 37 53
33 37 53
34 37 52
33 37 52
34 40 52
35 38 51
35 38 51
34 40 54
34 38 50
34 38 53
35 41 51
35 40 51
36 42 50
35 42 52
37 41 50
37 41 51
36 40 51
35 41 50
35 43 50
36 42 51
35 40 50
35 41 50
35 41 50
35 41 50
36 42 51
34 43 51
35 40 50
35 42 52
34 41 51
33 42 50
32 42 51
34 42 51
33 42 51
34 43 51
34 42 50
34 41 49
35 42 52
35 41 49
35 41 51
35 43 51
34 43 49
34 44 49
35 43 50
34 42 50
34 41 49
34 43 50
34 42 50
34 42 50
35 43 50
35 43 50
35 42 51
35 42 50
35 42 50
34 42 51
33 42 50
34 42 50
34 40 51
35 43 51
36 42 50
35 42 50
34 43 51
33 43 50
34 42 51
34 42 50
34 43 50
34 42 51
34 43 50
33 44 51
34 43 50
34 45 51
34 42 50
34 42 50
34 43 52
34 44 51
35 45 51
35 44 51
36 43 51
35 42 49
36 43 51
36 41 51
36 39 50
37 41 51
37 39 51
38 39 49
38 38 51
38 38 51
39 36 52
38 37 51
39 38 51
40 37 50
39 36 51
39 36 50
40 35 52
40 35 51
41 35 51
40 34 51
42 34 51
41 35 50
41 34 52
41 33 52
42 33 50
41 34 51
41 32 52
43 34 53
41 33 51
43 33 51
42 32 51
42 33 52
40 32 52
42 33 50
43 32 50
42 32 51
42 31 51
42 32 50
42 32 49
42 31 51
43 31 49
42 31 50
43 30 50
45 31 51
42 32 49
43 31 49
43 30 48
43 30 50
44 30 49
45 30 50
43 30 49
43 29 51
45 29 50
44 30 50
45 29 50
43 29 49
44 28 49
45 31 49
45 30 48
45 30 49
45 29 48
45 31 49
45 29 48
45 29 48
45 29 49
44 30 48
45 31 48
45 29 49
44 29 48
43 30 48
45 30 48
44 30 49
45 29 48
45 29 48
44 30 48
46 29 49
46 30 49
45 30 49
45 29 48
46 30 49
47 31 49
44 30 48
45 29 50
45 31 49
44 30 49
44 31 49
45 30 50
45 30 49
45 30 50
43 29 49
44 30 50
44 30 49
44 31 47
44 31 49
45 31 48
45 32 47
44 34 48
44 35 48
44 36 48
44 36 48
44 39 48
43 39 49
42 39 48
41 42 49
42 41 50
41 42 50
39 41 50
41 42 50
40 40 51
41 42 50
39 42 50
38 43 50
39 42 50
39 42 49
39 41 50
38 41 49
39 42 50
38 41 50
38 43 49
39 43 50
39 42 50
38 42 50
37 44 49
36 42 51
36 42 50
37 42 51
38 41 50
37 42 49
36 41 49
38 44 52
36 41 50
35 42 49
36 44 50
37 43 50
35 42 51
36 41 51
36 43 49
36 44 50
35 43 50
35 43 51
34 46 54
35 47 51
34 40 53
33 41 53
34 40 51
34 36 49
38 35 49
38 33 49
39 32 51
40 31 53
41 31 50
41 39 49
38 35 50
38 34 53
37 37 50
38 31 52
36 30 51
34 37 54
35 40 54
35 34 51
33 34 54
34 36 53
33 34 52
34 35 53
32 38 54
33 39 62
34 35 50
32 40 53
32 37 53
32 37 52
33 38 51
34 38 52
32 39 52
33 40 52
33 40 52
31 38 52
33 38 52
34 38 52
33 38 53
33 38 53
34 39 52
33 38 52
33 38 51
33 39 51
33 38 51
35 38 52
32 39 52
33 38 52
34 39 52
32 39 52
33 39 52
33 40 52
34 39 53
34 36 52
33 37 52
33 38 52
33 40 52
33 40 52
32 39 52
32 38 52
33 39 51
34 39 52
34 38 52
34 40 52
33 38 52
32 38 52
33 38 52
33 38 52
33 38 53
33 38 52
34 39 52
33 38 52
34 38 53
33 39 51
33 38 52
33 39 52
33 40 53
32 39 52
32 40 52
34 38 52
