30 53 37
31 53 36
31 53 37
31 53 37
29 52 36
29 53 37
29 53 37
30 52 37
30 53 37
30 52 37
30 53 36
30 54 36
30 53 37
29 53 37
30 54 37
31 54 37
29 53 37
31 52 36
30 53 37
31 53 37
31 54 37
29 53 37
30 53 37
30 54 38
30 54 37
31 52 37
30 53 36
30 52 37
31 53 37
30 53 37
31 52 36
30 53 37
30 52 37
31 53 37
31 52 37
31 54 36
31 52 37
31 53 37
31 53 37
29 53 37
30 53 37
31 52 38
31 52 36
30 53 37
30 52 37
30 53 37
30 52 36
30 53 36
31 53 37
30 52 37
30 53 37
31 53 37
29 53 37
30 52 37
31 52 37
30 53 36
30 52 37
32 53 35
31 54 38
32 54 39
32 54 38
30 54 38
33 55 38
35 55 39
34 54 40
34 53 40
34 53 40
35 53 41
35 50 43
33 50 43
35 47 43
33 44 42
34 47 43
35 46 40
34 47 43
33 50 41
34 50 41
33 51 42
32 48 43
30 48 44
29 49 43
30 51 44
29 51 43
30 49 44
30 50 44
29 48 45
30 50 45
29 48 44
31 50 43
30 50 45
30 49 44
30 50 44
31 50 45
31 50 45
31 51 45
31 51 45
32 50 44
32 49 45
31 50 46
32 49 45
32 48 44
32 50 44
32 50 45
31 50 44
31 51 43
31 51 44
30 51 44
29 51 42
31 51 43
30 51 44
28 51 44
29 52 43
29 51 43
33 50 44
31 51 44
32 49 45
33 49 46
33 48 46
34 49 46
35 49 47
35 49 47
36 49 46
36 47 47
36 48 47
38 48 47
37 46 47
38 47 46
36 47 47
37 47 46
38 47 47
38 46 46
38 45 46
38 46 46
37 44 45
38 45 45
38 46 43
38 45 45
37 45 45
37 45 44
37 45 45
38 46 46
39 48 47
38 49 46
38 49 46
37 47 46
37 48 46
38 47 47
38 48 47
37 48 46
39 46 47
38 47 47
39 47 46
38 48 46
39 50 46
39 44 46
38 45 46
38 46 47
38 46 47
41 49 49
39 45 48
38 45 48
40 48 49
40 46 49
38 44 49
39 44 48
39 45 49
41 43 49
40 44 48
40 43 49
40 43 50
41 43 49
40 43 48
41 42 49
41 42 48
41 43 48
41 42 49
42 42 49
42 39 48
41 41 47
42 39 49
41 40 48
42 41 48
42 40 50
43 39 49
43 40 50
43 39 49
42 39 50
42 39 50
42 38 50
43 39 50
44 38 49
42 38 50
43 37 50
43 40 49
43 38 50
43 37 51
43 38 51
43 37 50
44 37 51
43 36 50
44 38 50
43 37 51
44 37 50
44 38 49
43 37 51
44 36 50
42 37 51
43 36 51
43 36 51
42 37 49
42 37 50
45 37 50
41 38 51
42 36 51
42 35 51
42 35 50
43 36 51
42 36 51
42 35 51
41 34 51
42 34 50
43 36 51
42 35 51
43 34 51
43 35 50
42 34 51
42 34 51
43 33 50
42 34 50
43 34 51
42 33 51
42 33 51
42 34 52
43 33 52
42 34 50
42 34 51
42 32 51
43 33 52
42 34 52
43 33 52
43 31 51
41 33 51
42 32 51
40 33 51
43 32 51
42 32 51
43 31 51
41 32 52
44 33 51
43 32 52
42 31 52
43 32 50
43 33 51
41 32 50
42 32 51
42 33 50
41 31 50
43 31 51
43 32 51
41 32 51
42 32 52
42 31 50
42 30 51
43 31 50
42 30 50
42 31 51
42 30 51
43 30 51
44 30 50
42 30 50
43 31 50
42 31 50
42 30 51
43 31 51
42 30 51
41 30 51
41 30 50
42 30 51
41 31 52
43 29 51
43 30 51
43 30 50
43 30 51
41 31 51
42 31 51
42 30 52
42 30 51
42 30 52
41 30 50
42 30 50
42 29 51
43 30 50
42 30 51
41 30 51
42 30 50
42 29 51
43 29 50
43 30 51
42 30 51
43 30 51
41 30 51
41 30 51
43 29 50
43 29 49
42 29 51
42 29 50
41 30 51
42 30 51
43 30 51
42 30 50
43 30 50
43 31 50
42 30 49
43 32 51
42 30 51
43 32 51
44 33 50
43 32 51
44 33 51
43 32 50
44 33 50
42 35 50
43 33 49
42 36 50
44 37 49
42 38 49
42 36 47
42 38 49
42 41 48
43 40 47
42 41 50
42 42 49
41 42 48
42 43 48
41 43 47
41 43 48
41 43 47
39 42 48
41 44 47
42 44 46
41 43 47
39 47 47
37 46 47
38 47 47
36 47 49
34 48 47
34 49 47
33 50 47
32 51 47
32 51 47
33 50 46
32 51 46
32 50 45
32 50 45
31 50 46
32 49 44
31 50 45
31 49 45
31 50 44
29 51 45
31 48 44
32 50 44
31 50 44
31 48 46
31 50 45
30 49 45
31 49 44
30 50 44
29 49 45
32 50 45
30 50 44
31 50 44
31 49 44
32 52 47
32 50 45
30 49 44
30 50 45
31 48 45
29 49 44
30 50 45
31 48 45
30 50 43
31 49 43
30 50 44
30 49 45
30 50 44
31 51 45
31 49 45
30 49 45
30 49 46
29 48 46
29 50 44
26 48 43
26 49 45
26 50 45
27 49 46
27 49 45
29 50 45
28 49 45
30 46 45
29 50 45
31 48 45
30 48 44
31 47 45
31 48 45
30 48 46
31 49 46
31 49 45
30 49 46
28 49 46
30 48 45
29 48 46
32 47 48
28 45 47
29 44 47
28 45 48
29 44 50
27 44 51
25 43 52
25 40 51
27 37 50
27 39 51
26 41 51
26 40 51
28 42 49
28 41 50
28 40 52
28 41 50
28 41 51
28 41 51
29 42 50
28 42 50
28 42 50
29 42 50
29 42 50
28 42 50
29 42 51
27 41 50
28 41 50
27 42 50
28 41 51
28 42 51
28 43 52
29 43 51
28 42 51
29 41 49
29 41 51
28 41 50
29 41 51
29 41 51
28 42 50
29 43 50
28 42 50
29 42 51
28 42 51
29 43 50
28 41 50
29 42 51
29 42 50
29 43 50
28 43 51
28 42 50
28 40 50
29 42 50
27 42 50
28 41 51
28 43 51
29 42 50
29 41 50
28 41 51
29 43 50
28 43 50
28 41 50
28 43 50
28 41 51
28 42 50
30 42 51
28 43 50
29 42 50
29 43 49
29 42 50
29 42 50
29 42 50
29 43 50
29 43 50
28 42 50
29 42 50
28 43 49
29 43 50
30 43 50
29 42 50
29 43 51
29 43 50
29 43 50
29 44 49
29 43 50
29 44 50
28 42 50
28 43 50
29 42 50
30 43 50
29 42 49
29 44 50
30 43 50
29 44 50
29 42 50
30 43 50
29 43 51
29 43 50
30 43 50
30 44 50
29 45 51
29 43 49
29 43 51
30 43 49
29 43 49
29 42 48
30 44 50
29 43 50
29 43 51
29 42 50
30 44 50
30 43 51
28 43 50
30 43 51
30 43 50
