33 39 52
33 39 52
32 38 52
33 38 52
33 39 53
33 38 52
33 38 52
33 41 51
33 40 52
32 38 52
33 39 52
32 38 53
31 39 52
32 38 53
32 37 52
32 38 53
31 37 52
34 38 52
33 38 52
32 38 53
32 39 52
33 39 52
31 38 52
33 38 52
33 36 53
34 35 54
33 37 52
33 36 52
32 39 53
32 41 51
32 42 49
31 40 51
32 42 50
32 41 52
33 42 50
31 44 49
31 42 50
30 43 49
30 41 51
31 44 50
28 45 49
28 42 48
29 44 50
29 47 47
28 47 48
29 46 49
28 46 47
28 48 49
29 48 50
28 47 49
30 47 49
31 47 50
33 47 49
34 45 51
35 43 51
34 42 49
35 42 49
36 43 50
37 40 50
37 40 50
37 39 51
38 38 51
39 38 51
37 38 51
39 37 52
39 34 50
40 35 52
39 35 50
40 34 50
39 33 51
41 33 51
39 33 51
40 34 52
40 32 52
40 32 51
41 32 50
40 31 51
41 32 50
39 31 50
39 31 51
40 31 52
40 31 51
39 31 51
40 30 51
41 30 51
40 30 51
39 29 51
40 31 51
40 29 51
40 28 51
41 29 51
39 28 51
40 29 51
40 29 51
40 28 50
39 30 51
40 28 51
42 29 51
40 29 51
41 27 51
41 28 51
42 28 51
40 27 50
40 27 50
40 26 51
41 27 50
40 27 50
40 27 51
41 26 49
40 27 50
40 28 50
42 27 50
41 26 51
40 26 51
40 27 49
41 25 51
39 26 50
40 25 50
41 26 50
41 26 50
41 26 50
40 26 51
40 27 50
40 26 50
41 26 50
42 24 51
42 26 50
41 25 50
40 25 50
41 26 50
41 26 50
40 26 50
41 26 49
40 25 50
41 25 49
41 25 50
42 26 50
41 24 50
40 27 51
41 24 48
42 26 50
41 26 49
41 24 51
40 26 49
41 26 50
42 24 49
39 25 49
41 26 49
41 25 49
42 26 49
41 25 49
40 26 49
41 26 50
41 25 50
41 26 50
41 27 50
41 26 51
41 26 50
41 26 51
41 27 50
40 28 50
42 28 51
40 29 50
40 29 51
41 29 52
41 30 50
40 29 49
40 33 52
42 32 50
40 33 50
41 34 52
40 35 50
42 37 50
40 37 51
39 38 50
40 40 50
38 42 49
39 42 48
38 42 51
37 43 50
37 42 48
36 43 50
35 45 49
34 43 49
34 45 50
33 48 48
33 46 49
32 47 49
32 47 50
31 47 49
31 47 48
30 46 50
30 47 48
29 49 48
31 47 48
30 46 48
30 47 48
31 47 47
30 47 48
32 48 49
30 46 47
31 45 49
30 45 48
31 46 48
30 46 49
31 45 48
31 47 47
30 46 48
31 46 48
32 45 47
29 46 50
29 48 48
32 47 48
30 46 47
30 46 49
28 44 47
30 47 46
29 45 47
30 47 47
27 45 47
28 46 46
28 47 48
30 45 49
31 47 48
31 46 49
31 45 48
31 45 48
32 45 49
31 44 48
31 46 47
30 46 49
31 43 48
29 45 50
29 43 52
31 40 51
31 39 53
30 37 52
30 39 53
31 39 51
32 39 52
31 39 52
31 38 52
31 37 52
31 38 52
31 37 52
31 38 52
31 39 52
31 39 52
32 39 52
32 39 52
31 38 53
31 38 53
32 39 53
30 37 52
32 38 52
32 39 52
31 38 52
32 37 51
31 37 52
32 38 53
31 38 53
31 39 52
31 38 52
31 37 53
30 38 52
31 38 51
32 38 53
31 36 53
32 38 53
31 39 52
31 38 53
31 38 52
30 38 53
31 38 52
31 37 52
32 38 52
30 37 52
32 38 53
31 37 52
31 38 52
31 37 53
31 37 51
32 37 53
31 37 53
30 36 52
32 36 52
30 38 53
31 37 52
31 37 52
31 38 52
31 37 52
30 37 52
30 37 52
