32 38 52
32 37 51
33 37 52
32 39 52
33 38 52
33 39 51
34 40 51
33 40 52
33 38 52
32 39 51
31 38 52
30 36 52
31 37 53
31 36 52
32 37 52
30 37 52
31 38 52
32 37 53
31 38 52
31 38 53
31 38 53
32 37 52
32 39 52
31 38 52
31 36 53
32 38 53
34 38 53
34 41 55
35 41 56
35 43 55
34 44 55
34 41 54
34 38 52
34 38 52
32 39 51
32 37 51
32 38 50
32 40 50
31 39 50
31 40 50
29 40 49
29 42 48
27 43 47
28 43 48
26 43 45
25 44 46
24 46 47
25 45 47
23 49 46
24 48 45
25 48 45
26 47 45
28 45 44
26 48 46
25 46 45
25 49 47
26 56 44
27 50 46
25 48 46
24 51 46
23 50 47
25 51 47
26 49 48
25 50 49
25 50 46
27 48 47
28 47 47
30 47 48
30 46 45
31 45 47
33 44 46
34 43 46
35 43 47
36 42 48
36 40 50
37 40 49
37 39 50
38 38 52
38 36 51
38 37 52
39 36 52
40 36 53
40 37 52
42 37 50
41 36 50
40 35 50
42 35 50
40 36 49
41 33 51
42 35 49
40 34 50
42 34 51
42 33 51
40 33 50
42 36 52
41 35 51
40 34 52
41 33 51
40 34 51
41 33 51
40 33 51
41 32 51
41 32 52
41 34 51
41 33 51
41 33 51
41 31 52
41 32 52
41 32 51
40 32 51
39 33 51
41 31 52
42 32 51
40 33 51
39 31 50
41 32 51
41 32 52
42 32 51
41 31 50
41 31 51
41 32 50
40 31 50
40 32 52
41 31 51
42 30 51
41 31 51
42 30 51
41 30 50
40 30 52
41 30 51
41 30 51
41 30 51
40 29 51
41 30 50
42 30 51
42 29 51
41 29 51
40 30 51
41 29 52
40 29 51
42 29 50
41 30 50
41 30 51
41 30 50
41 29 50
41 30 51
41 30 51
41 31 51
41 30 51
42 30 50
41 30 51
41 31 50
42 29 50
41 30 50
41 29 50
41 30 51
42 30 51
41 31 50
42 30 51
42 30 52
40 28 51
42 30 51
42 30 51
40 29 50
41 30 52
42 29 50
41 30 50
42 30 49
42 30 52
41 29 50
41 30 51
42 30 51
42 31 50
42 30 49
42 31 50
42 30 50
42 30 51
42 30 50
41 31 52
42 31 50
42 31 48
42 31 49
42 34 50
43 32 49
42 32 51
42 33 52
43 33 50
43 36 50
43 36 50
42 37 51
43 39 50
42 41 50
42 41 49
41 42 49
43 42 50
41 42 49
41 44 46
40 46 46
39 44 46
39 45 46
38 47 46
38 45 45
37 47 45
36 48 45
35 46 44
33 48 45
31 48 45
31 49 45
31 48 46
30 50 44
28 51 44
28 51 44
28 52 43
28 50 44
28 51 44
26 49 43
29 51 44
27 51 44
26 50 44
27 50 44
27 50 43
26 51 41
27 51 44
27 50 43
27 50 43
26 48 43
26 49 44
26 48 44
28 51 44
24 48 44
21 47 43
21 47 44
19 48 44
20 49 43
20 49 44
22 48 43
23 47 44
27 50 45
29 48 44
29 46 42
31 49 43
31 49 44
30 48 44
34 50 45
34 49 45
33 47 44
35 46 45
36 46 46
34 43 46
38 45 45
36 44 46
37 40 46
38 42 48
36 45 48
36 47 49
36 49 52
36 54 59
36 41 55
36 38 49
32 39 48
28 40 50
30 40 56
29 39 56
29 39 53
30 39 52
31 40 51
30 40 52
31 40 52
30 38 50
30 40 51
30 39 52
29 39 52
30 39 51
30 39 52
29 39 51
31 38 52
30 39 51
31 39 52
31 40 52
29 39 51
31 40 51
29 39 52
30 39 52
29 39 52
30 39 52
30 39 52
31 38 52
30 39 52
31 38 52
30 39 51
31 39 53
31 38 51
30 40 52
29 39 52
29 39 51
31 39 52
30 39 52
30 39 52
30 38 52
30 39 52
30 40 51
30 40 52
31 40 52
30 37 51
