20 40 47
21 40 46
22 40 47
23 41 48
22 43 47
21 42 47
22 41 48
23 41 47
21 41 46
23 41 48
23 42 47
23 42 47
22 42 48
22 41 47
22 41 46
20 42 48
22 42 47
23 40 47
23 40 48
21 39 49
21 39 52
20 39 54
19 42 54
21 43 51
22 43 52
24 42 52
24 42 52
31 44 50
26 46 50
31 45 48
31 44 48
31 42 51
31 40 48
31 41 47
32 42 48
31 44 47
30 45 48
31 43 47
29 42 47
27 42 49
27 42 49
27 43 48
28 43 48
27 43 49
27 43 47
28 43 48
25 43 49
25 43 49
27 42 51
28 43 50
29 42 49
28 43 49
28 44 49
28 42 49
28 43 49
30 44 49
29 44 48
29 44 49
29 43 49
27 42 49
28 42 50
26 41 51
26 45 48
26 45 50
27 45 49
28 46 49
28 46 49
27 45 49
29 44 48
28 46 48
28 44 49
26 40 50
27 46 49
27 46 48
26 48 49
26 48 49
25 47 49
24 49 49
25 51 51
27 49 51
27 49 50
28 48 49
28 47 47
28 47 46
30 46 45
32 45 46
33 45 46
35 45 46
35 44 47
35 43 46
37 41 46
39 43 45
37 43 49
37 42 50
39 42 49
38 42 51
39 42 51
39 42 50
39 40 50
39 40 50
40 39 50
40 39 50
40 40 50
39 40 50
41 38 51
40 39 51
41 37 50
40 38 52
41 38 51
40 37 51
38 38 52
39 37 52
40 36 52
39 36 52
40 35 53
39 35 52
39 35 51
40 35 52
39 35 52
40 35 52
39 35 52
39 34 52
40 35 51
39 34 53
40 34 51
39 32 51
39 32 51
39 32 50
39 32 51
39 31 51
40 31 51
40 31 52
40 33 52
39 32 51
40 31 52
40 31 52
39 31 51
38 32 51
39 31 51
40 32 51
40 30 52
40 31 53
39 29 51
39 31 52
40 29 51
38 31 51
39 29 51
40 30 52
40 31 51
40 30 51
38 31 52
40 30 51
38 30 50
39 29 51
41 32 50
39 29 51
40 31 51
40 32 51
39 31 52
39 35 52
39 34 52
39 34 52
40 36 52
40 36 51
41 36 52
41 35 52
40 36 51
41 36 51
41 39 50
41 38 49
40 40 50
39 38 50
39 39 50
40 39 50
40 40 50
38 40 49
39 41 49
39 39 48
39 43 49
38 42 47
36 43 47
36 45 48
36 43 48
34 43 49
35 44 49
34 45 47
33 46 47
33 48 48
32 47 47
30 48 47
31 48 48
28 49 47
27 50 48
27 48 47
28 48 48
27 46 48
26 46 48
26 47 49
25 47 49
26 46 47
26 46 48
25 46 48
26 45 47
26 44 47
24 42 51
24 47 48
24 47 49
22 46 48
21 44 50
21 43 48
19 45 47
20 43 45
22 41 45
23 41 44
25 41 45
26 42 44
27 43 45
28 44 45
29 46 45
29 45 44
31 47 46
30 48 46
31 49 44
31 50 44
30 51 45
30 51 46
32 55 45
31 56 46
30 57 44
29 53 43
26 49 37
25 47 35
26 54 35
27 56 38
27 57 41
27 54 40
23 54 37
24 45 37
26 52 35
27 54 32
24 53 35
25 54 36
27 52 35
27 53 35
26 51 37
24 51 37
25 50 38
23 51 38
23 51 38
24 52 38
22 52 38
22 52 38
22 51 38
23 51 38
23 51 37
24 50 38
23 50 39
23 50 38
24 51 38
23 50 39
24 50 39
23 51 39
23 50 39
25 50 39
24 50 39
25 50 38
25 51 38
25 52 37
25 50 39
24 51 40