37 35 52
37 35 51
37 37 33
36 37 53
37 36 52
36 36 52
37 36 53
37 36 52
36 37 52
38 36 52
37 35 52
37 36 52
37 36 53
37 37 51
37 37 52
36 36 52
36 36 53
36 37 52
37 35 53
36 36 52
36 36 52
36 36 53
36 36 52
37 36 53
35 36 52
36 36 53
36 36 52
37 36 52
35 35 52
36 36 52
36 36 53
35 34 52
37 37 52
36 36 52
36 35 54
35 36 53
35 35 52
35 35 53
37 35 52
36 36 53
35 35 52
36 35 52
36 33 52
36 34 53
36 35 54
35 34 52
32 34 53
36 41 52
34 41 53
38 40 52
39 41 52
38 41 51
36 41 49
37 39 51
37 39 50
36 38 50
35 39 50
36 41 50
34 42 50
34 43 49
34 46 48
35 45 48
35 47 49
35 44 50
34 46 50
35 47 49
35 44 49
35 44 49
34 44 49
34 47 47
34 45 47
36 47 47
33 47 48
33 46 47
34 48 47
34 50 48
34 50 48
34 50 50
35 49 50
35 49 48
36 46 49
38 45 49
38 46 49
38 43 47
38 44 48
40 42 48
39 41 46
40 42 47
41 39 48
41 39 48
40 39 49
40 40 51
41 38 49
41 38 48
42 39 50
42 36 49
41 38 50
42 36 50
43 38 51
41 36 50
43 36 50
41 36 50
41 36 50
42 36 51
43 35 52
42 35 50
42 34 52
42 34 52
43 35 51
42 36 51
42 34 50
42 35 51
43 35 51
42 34 51
41 35 51
42 33 51
42 35 51
42 35 51
42 34 51
42 35 51
42 34 51
42 32 50
42 32 50
42 33 51
41 32 52
41 32 50
42 33 51
41 31 51
41 31 50
42 31 51
42 32 51
41 30 51
40 31 51
42 30 50
41 30 51
41 30 51
41 30 51
42 31 51
41 30 52
40 30 52
42 30 51
41 30 50
41 29 50
42 28 50
41 29 51
41 29 52
40 29 51
40 30 51
41 29 51
42 28 50
42 29 51
41 28 51
41 28 51
40 29 50
42 29 51
41 29 51
40 29 50
42 29 50
41 28 51
42 29 51
42 29 50
42 29 52
40 28 52
41 29 50
42 28 51
41 29 51
41 30 51
42 29 49
42 28 50
41 28 52
41 29 51
41 29 50
40 28 50
41 29 50
41 29 51
41 27 52
40 28 51
41 29 50
42 29 51
41 29 51
41 28 52
40 28 51
42 28 50
41 29 51
41 27 51
41 28 51
42 27 52
40 28 52
41 28 50
41 29 50
41 28 51
41 28 51
41 29 51
41 29 50
41 27 50
41 28 50
41 27 50
43 29 51
41 27 51
42 28 51
41 26 51
40 28 51
41 27 51
40 28 50
42 27 50
42 26 50
42 29 50
40 27 50
41 28 49
41 27 49
41 28 50
41 28 51
40 28 51
41 29 51
41 30 52
42 30 52
41 30 51
41 29 51
42 30 50
41 30 52
40 31 51
40 29 51
40 30 50
40 31 51
41 32 51
42 32 50
41 33 50
42 31 51
43 33 51
42 34 51
43 35 51
42 34 51
42 36 51
42 36 50
41 37 51
43 39 50
41 39 49
41 40 49
39 40 49
40 40 49
39 42 48
38 43 48
38 44 49
36 44 48
37 46 47
35 46 48
38 46 48
36 48 48
35 46 47
35 47 50
35 46 48
35 47 48
33 46 49
34 46 48
34 47 49
35 46 48
34 46 49
34 46 48
33 45 48
34 47 48
35 46 48
34 46 47
35 46 48
34 47 48
32 46 48
33 46 49
33 47 49
33 46 48
32 45 48
32 46 49
33 46 52
31 44 50
31 44 49
32 45 49
31 45 49
33 44 47
33 42 49
34 44 49
35 45 47
36 47 46
36 45 48
35 45 49
34 48 50
34 45 50
34 44 50
33 45 51
32 40 51
31 38 53
31 37 52
31 34 53
30 35 52
28 36 52
28 34 52
31 35 52
32 37 52
33 37 53
31 37 52
33 36 53
32 38 53
32 37 53
32 38 53
32 36 51
33 37 53
32 37 52
33 36 52
32 37 53
33 36 52
33 38 53
33 38 53
32 37 53
32 36 53
32 37 52
34 37 53
33 37 53
32 37 52
33 38 52
34 36 53
33 37 52
33 38 52
32 38 52
32 36 52
33 38 53
32 37 52
32 37 52
32 37 53
33 38 53
31 37 52
32 36 53
32 37 52
34 37 53
32 37 53
33 37 53
33 37 54
32 37 52
32 37 53
33 37 53
32 37 53
33 39 51
31 37 52
32 36 54
32 37 52
32 36 53
32 37 53
32 37 53
33 37 53
33 37 52
32 36 52
33 38 53
32 36 52
32 37 53
33 36 52
33 37 53
32 37 53
33 37 52
33 38 52
32 38 52
32 36 52
34 36 53
32 36 53
32 38 53
32 37 53
33 37 53
33 37 53
32 38 51
32 38 53
33 37 53
31 38 53
32 37 52
31 36 53
33 37 52
33 36 52
32 36 53
31 37 53
32 37 54
