34 30 51
35 30 52
35 30 52
34 30 52
35 30 52
36 30 52
35 31 53
36 30 52
36 30 53
36 31 53
37 30 55
36 31 54
36 30 54
36 30 52
38 31 53
35 31 53
36 31 53
37 31 52
39 33 52
39 33 52
39 34 51
36 35 52
36 36 52
34 35 52
34 36 53
34 37 52
33 36 50
32 38 51
31 37 51
32 37 52
30 36 53
31 38 52
30 40 52
31 38 53
31 36 53
31 39 53
33 37 53
33 41 53
33 40 51
34 38 51
34 37 51
34 37 51
33 40 51
31 39 52
31 41 52
31 40 52
31 41 52
30 38 52
32 40 51
29 42 51
28 41 52
28 41 52
27 42 49
25 40 52
27 43 54
26 43 53
27 39 54
28 41 54
30 44 53
32 44 53
34 42 52
35 40 51
36 39 52
36 37 51
38 36 49
38 36 49
38 38 50
40 38 51
39 37 50
40 34 52
42 35 51
42 33 50
41 33 50
42 33 51
42 32 49
42 34 49
41 33 48
42 33 50
42 34 49
42 33 50
43 32 50
42 32 49
44 33 49
43 33 50
42 32 49
43 32 51
42 34 50
42 34 50
43 33 51
42 31 50
42 32 50
43 33 51
44 32 51
43 31 51
44 33 50
44 32 50
44 29 50
43 30 50
43 33 50
43 31 49
44 31 50
42 29 50
43 31 49
44 31 50
43 31 49
43 29 50
43 29 50
44 31 50
43 32 50
44 30 50
43 30 50
44 30 50
42 29 49
43 31 50
43 30 50
44 28 50
44 30 49
44 29 49
43 29 49
44 30 49
44 28 49
44 28 49
44 29 50
44 29 51
44 29 49
44 29 50
43 29 50
43 30 48
43 29 49
43 29 50
44 29 49
43 29 49
43 29 49
43 30 49
43 30 49
44 28 49
45 28 50
43 28 49
44 29 49
43 29 50
43 28 49
43 30 48
44 28 48
44 28 49
44 29 49
44 29 49
44 29 49
43 27 49
44 28 50
44 28 49
43 28 50
44 29 49
43 29 49
43 29 49
45 29 49
43 28 49
45 28 49
45 28 49
44 29 49
44 28 49
44 28 49
44 29 49
43 30 49
44 28 50
43 27 50
44 29 49
44 29 49
43 29 49
44 30 50
44 29 49
44 29 50
44 28 49
45 29 49
44 29 49
43 28 49
43 27 49
43 27 49
45 29 49
43 28 50
43 29 49
43 29 49
44 27 49
44 29 49
44 28 49
43 29 49
44 29 49
44 28 49
44 29 49
43 29 49
43 28 48
45 29 48
44 29 49
44 29 49
44 29 50
44 29 48
45 29 50
44 29 48
45 28 48
44 28 48
45 30 50
44 28 49
44 29 48
45 29 49
45 29 48
44 30 50
44 29 49
44 28 50
43 28 49
44 29 49
43 29 50
44 28 49
44 28 48
43 29 49
45 30 49
45 28 49
45 28 49
44 29 49
44 28 49
43 29 48
43 30 49
43 28 49
44 29 50
44 29 50
43 30 49
42 30 49
42 31 50
43 31 49
43 31 50
43 33 51
42 31 51
42 33 50
41 34 51
42 33 50
41 32 50
41 34 50
40 35 49
41 34 50
41 35 51
40 35 50
39 36 50
41 34 51
41 36 51
40 36 52
40 36 52
40 37 51
41 37 52
42 36 51
41 36 51
40 36 51
40 34 52
40 35 51
41 34 52
40 36 52
40 37 51
41 37 51
41 37 51
40 36 51
40 36 51
41 36 51
39 37 51
41 36 51
41 35 51
41 35 51
40 36 52
41 36 51
41 36 51
40 36 52
41 36 51
41 37 51
42 37 51
40 36 51
40 37 52
39 37 51
39 36 51
39 37 52
40 36 51
40 37 51
39 37 52
40 37 51
40 36 51
39 35 51
40 37 51
38 35 51
39 36 51
39 37 52
41 36 52
41 36 51
40 38 51
40 35 51
40 36 52
39 37 51
39 36 52
38 37 52
39 37 52
40 36 51
40 37 52
39 35 50
40 37 51
39 36 51
40 36 51
40 36 51
41 36 50
40 36 51
41 37 51
40 36 51
40 37 51
40 36 51
42 36 51
39 36 51
40 37 51
39 36 52
40 35 50
40 36 51
40 35 51
40 36 51
40 36 51
41 37 51
39 36 51
40 36 52
41 36 51
38 36 52
40 37 50
40 38 51
40 37 51
40 37 51
39 38 51
39 36 51
40 36 51
38 38 51
39 37 52
38 36 52
40 37 51
40 37 51
38 37 52
39 36 51
39 36 51
41 37 51
39 38 50
40 36 51
39 36 52
39 36 52
39 36 52
38 37 50
39 37 51
40 37 51
39 37 52
39 37 51
41 38 51
38 36 51
39 37 51
39 38 51
39 36 51
39 38 52
39 37 52
40 37 51
41 36 52
39 37 52
40 37 52
39 36 52
40 36 52
39 36 52
40 36 51
39 37 51
41 36 52
40 37 51
40 37 51
40 36 52
39 36 52
38 36 51
40 36 51
39 37 51
39 36 51
39 36 51
40 37 52
40 37 51
39 36 50
40 37 51
39 36 52
39 36 52
41 36 52
40 35 52
40 37 51
39 35 51
39 37 51
39 37 53
39 38 52
39 35 52
39 36 53
40 37 51
40 36 52
40 37 51
39 35 51
40 35 51
41 36 51
40 36 51
39 36 52
40 35 51
40 36 51
40 36 51
41 34 50
42 35 51
41 35 51
42 35 51
41 33 51
42 33 51
42 34 50
41 33 51
42 33 50
41 34 51
42 33 51
42 33 50
43 32 50
43 32 50
43 32 51
43 32 51
42 34 50
43 33 51
42 32 50
43 31 50
43 31 50
43 31 49
44 32 49
42 33 50
43 31 50
43 32 50
43 31 50
43 31 50
42 31 50
43 29 50
43 32 50
43 30 49
43 31 50
43 30 50
44 30 50
42 30 50
43 31 50
43 30 50
44 30 50
44 32 50
44 30 50
44 29 49
43 29 49
42 30 50
43 29 49
43 29 50
44 29 49
43 30 49
44 31 50
43 29 48
44 29 50
44 29 50
43 30 49
43 31 49
43 29 49
43 29 50
44 29 49
45 30 48
44 29 49
45 28 49
44 30 50
44 29 50
43 28 50
44 29 49
44 29 49
44 28 48
44 27 49
43 29 49
42 30 49
43 29 49
45 28 49
44 29 48
43 29 49
42 27 49
44 29 49
45 29 49
43 29 50
43 27 49
44 28 49
45 29 49
43 28 49
44 27 49
44 28 49
44 29 50
44 29 48
44 28 49
44 29 49
44 29 49
44 28 50
43 30 48
44 28 49
43 28 48
43 29 50
43 29 50
45 28 49
44 29 49
44 28 49
43 29 49
44 29 48
44 29 48
43 28 49
43 29 48
44 28 48
44 29 48
45 28 48
45 28 49
43 28 49
42 29 48
45 28 49
45 28 49
43 29 50
45 29 49
44 28 50
45 28 49
44 29 48
44 29 49
45 30 49
43 28 49
44 29 50
45 28 50
43 29 49
44 27 49
44 30 49
45 28 50
45 29 49
44 28 49
45 29 49
44 28 48
43 29 49
45 28 47
45 28 48
44 28 48
44 28 48
44 28 49
44 29 49
43 28 49
44 29 48
46 27 49
43 28 49
44 29 49
43 28 48
44 28 49
43 28 48
45 30 49
44 31 50
44 30 50
42 29 49
42 31 51
43 31 49
43 32 51
41 33 51
41 33 51
41 33 50
40 35 50
41 35 50
42 33 51
41 33 50
40 36 51
40 36 50
40 35 52
40 35 52
39 36 52
39 35 52
40 34 51
40 35 52
39 35 52
40 35 51
41 37 52
40 36 51
40 36 52
39 35 52
40 35 52
39 35 52
39 35 52
39 35 52
40 35 51
40 34 52
40 34 51
40 33 51
39 34 51
39 35 53
41 35 52
41 34 52
41 33 52
40 35 51
39 35 51
40 34 52
40 34 52
42 34 51
40 34 51
40 34 52
40 33 51
40 33 52
40 33 51
41 32 51
39 34 51
41 32 52
41 32 52
41 34 51
40 32 52
41 33 52
43 32 52
42 32 51
42 31 50
41 32 50
43 33 50
42 31 50
43 32 49
43 32 50
43 31 50
43 29 50
44 29 49
44 30 49
44 31 50
43 30 50
43 29 50
43 30 49
43 29 49
43 29 49
42 30 49
44 30 50
44 30 49
44 30 50
45 29 50
45 29 49
44 29 49
44 30 49
45 29 49
45 29 49
44 29 48
44 29 49
44 29 49
43 29 49
45 29 48
45 29 47
44 28 48
45 28 49
43 27 48
46 27 48
44 29 48
45 28 48
44 29 48
44 28 49
46 28 48
44 29 48
44 29 48
45 28 49
44 27 48
44 28 48
45 29 49
45 27 49
45 30 48
44 27 49
46 28 48
44 28 49
45 28 49
44 28 48
44 28 48
44 27 48
45 28 49
45 28 48
45 27 48
44 28 48
46 28 49
45 29 47
45 29 48
45 28 49
45 29 47
45 29 48
45 28 48
45 28 48
45 28 48
45 26 48
46 29 48
46 29 47
44 28 48
45 29 48
46 29 49
46 29 47
45 29 48
44 29 47
45 28 48
45 27 48
45 28 48
45 27 48
45 28 47
45 29 48
46 28 48
45 28 48
46 28 49
46 27 49
45 28 48
45 27 47
46 28 47
45 29 48
46 28 48
45 28 48
44 28 49
46 28 48
45 27 48
47 27 49
46 27 47
46 27 48
46 27 47
45 29 47
44 28 47
45 27 47
46 28 47
46 27 48
46 28 48
45 29 47
45 26 48
44 29 49
45 30 48
45 29 48
45 29 48
44 30 48
44 29 49
42 30 48
42 30 48
42 33 46
43 31 47
43 32 49
41 33 49
40 34 51
40 34 50
38 36 52
38 35 53
39 34 53
37 36 53
35 39 53
34 39 54
32 40 55
32 39 54
32 38 53
32 38 52
32 40 52
31 39 53
30 40 52
30 40 51
30 40 52
28 38 54
29 39 52
29 39 53
27 40 52
29 38 50
26 41 52
27 39 52
27 39 52
29 40 50
28 40 50
27 41 53
28 40 53
27 40 52
26 40 51
25 39 51
24 42 51
24 36 49
23 40 50
24 39 51
27 40 52
25 40 52
27 37 51
28 38 52
26 39 52
28 37 52
28 38 52
29 38 50
30 37 50
30 34 51
30 36 52
30 31 50
32 33 52
32 31 50
33 26 51
33 30 50
33 29 52
31 29 54
31 29 56
33 30 58
35 28 50
32 31 51
32 30 51
33 30 52
36 30 53
37 29 55
36 26 53
37 30 54
36 31 53
36 29 53
36 28 52
37 30 52
37 32 52
37 32 52
37 31 52
36 30 52
36 31 52
38 30 53
38 32 52
38 32 52
38 31 53
38 30 52
36 31 53
38 31 52
38 31 53
37 31 52
38 31 52
38 30 53
37 30 52
37 32 52
38 31 53
37 30 51
38 30 52
39 32 52
37 32 53
37 32 52
38 32 52
39 31 53
38 31 52
39 31 53
38 32 52
37 32 51
37 32 53
38 32 52
38 31 52
38 32 52
38 31 52
39 31 51
38 30 53
38 29 53
37 32 53
39 31 53
39 32 52
38 32 52
37 32 52
38 32 52
38 30 52
37 31 52
38 31 52
38 31 52
38 32 51
38 32 52
38 30 52
39 33 52
38 30 52
39 31 53
38 32 52
38 32 53
38 31 52
39 31 52
38 32 51
37 31 53
38 32 52
38 31 51
38 31 53
39 32 52
37 32 52
38 32 52
40 32 53
37 31 53
38 32 52
39 32 52
38 32 52
38 32 52
39 32 52
38 32 52
38 31 52
39 33 52
38 32 52
37 31 52
38 31 52
38 32 53
38 31 53
38 32 52
37 31 52
38 32 51
37 32 52
38 31 52
39 31 52
37 32 52
37 31 52
37 31 52
38 32 52
38 31 53
36 31 52
38 32 53
