33 43 50
34 43 50
33 42 51
34 44 50
34 42 50
33 43 50
34 43 49
32 43 50
32 42 50
34 42 51
33 42 50
34 43 50
34 43 51
32 43 50
33 43 50
32 43 50
35 42 51
33 42 50
34 42 50
33 43 50
34 44 50
33 43 51
34 43 50
33 42 50
33 43 50
33 42 51
32 42 50
34 44 50
33 42 50
33 43 50
34 44 51
34 42 50
33 43 50
34 43 50
33 42 51
34 43 50
33 43 50
34 42 50
34 41 50
33 42 50
34 43 49
33 42 50
33 42 51
31 43 50
33 42 50
33 42 51
34 43 51
33 44 52
32 43 50
35 41 51
34 42 52
36 40 50
36 42 52
35 41 51
34 39 50
35 41 51
34 39 51
34 39 52
35 39 51
37 41 52
39 42 50
37 42 51
36 39 51
36 42 51
35 41 51
34 39 52
36 44 50
35 42 49
33 43 50
32 41 51
33 40 53
34 40 50
32 43 52
31 39 54
31 45 52
32 40 51
32 44 52
33 41 53
32 44 53
32 43 53
34 43 52
35 41 51
35 41 50
36 41 51
36 39 49
37 38 50
36 38 50
37 37 50
38 40 51
38 37 49
37 39 51
38 38 50
38 37 51
39 38 52
38 38 52
40 38 53
39 37 51
39 37 53
38 35 52
39 36 51
39 38 53
40 35 53
40 36 52
39 35 52
39 34 52
39 34 52
41 33 52
39 32 52
39 34 52
40 33 51
39 34 52
39 32 52
39 31 51
40 32 50
40 33 50
39 32 51
39 32 52
40 32 50
40 31 50
40 31 51
41 31 52
42 31 50
40 31 51
41 29 51
40 32 51
41 31 52
41 31 51
40 29 52
41 31 53
39 31 52
41 31 50
41 31 51
41 30 51
42 31 51
41 30 51
40 30 52
40 29 51
42 31 50
41 30 51
41 29 51
41 29 51
43 29 51
43 30 50
41 29 50
41 29 51
42 30 49
40 29 50
42 29 49
43 29 50
42 28 51
41 29 51
41 29 50
41 29 50
41 30 49
41 29 49
41 29 51
41 29 50
42 29 50
41 28 51
42 28 49
42 28 51
41 28 50
41 29 49
41 29 49
42 30 48
41 29 51
43 31 49
42 30 50
43 28 50
42 31 49
43 32 50
42 31 50
42 32 52
42 32 50
43 31 50
42 33 50
41 32 50
41 30 50
41 31 50
42 32 49
42 33 49
42 33 50
40 34 48
41 35 51
41 37 50
41 37 50
42 39 52
42 41 50
40 40 53
39 41 51
40 41 51
39 41 50
38 41 51
38 42 51
38 41 51
36 41 51
38 41 51
36 43 51
35 42 50
36 43 50
37 43 50
37 42 50
36 42 50
35 42 51
34 43 50
35 43 50
35 43 50
35 42 50
36 42 50
36 41 50
35 43 51
36 43 50
34 42 50
34 44 51
35 43 50
36 42 49
36 43 50
35 42 51
35 43 50
35 41 50
34 42 51
35 43 50
35 43 51
36 43 49
36 42 50
36 42 50
35 41 50
34 42 49
35 42 50
34 43 51
35 44 50
35 42 50
35 43 50
35 42 50
34 42 51
34 43 51
34 43 50
33 44 52
32 43 52
31 40 50
32 41 49
33 41 49
34 41 50
36 42 50
34 42 51
35 41 49
35 43 50
35 41 51
34 41 52
36 41 51
36 44 48
35 40 51
35 41 51
34 44 47
35 41 50
33 45 53
34 43 50
34 44 52
35 41 50
33 41 51
34 44 50
34 43 51
34 42 51
33 41 51
34 42 51
35 42 51
33 42 50
34 41 51
32 43 50
34 43 51
33 41 50
34 41 51
35 43 51
33 42 50
33 41 51
33 42 51
34 42 50
34 41 51
33 43 51
34 42 51
34 43 51
34 41 51
33 39 52
34 41 51
33 41 51
34 41 51
34 40 51
33 42 51
34 42 51
34 41 52
32 42 51
32 41 51
34 41 51
34 41 51
33 42 51
33 42 51
34 41 51
