23 43 47
23 43 47
23 43 47
24 44 47
23 43 48
23 42 47
24 44 46
23 44 47
22 44 47
24 45 48
21 42 47
22 42 49
22 44 50
23 47 49
26 47 50
26 49 49
26 49 48
26 49 47
29 49 46
30 53 46
31 55 44
33 54 43
35 51 43
36 51 40
37 51 39
37 49 39
38 47 38
36 46 38
38 44 39
37 46 41
35 44 39
33 44 41
29 45 45
29 48 44
29 46 46
28 49 48
30 48 47
30 46 47
31 48 47
32 48 45
31 45 45
31 47 46
30 47 47
31 48 47
30 49 44
31 50 46
33 49 47
32 48 47
32 48 47
33 48 46
33 49 45
33 47 46
33 49 44
30 49 45
31 50 46
30 50 46
32 49 45
32 50 47
31 51 46
32 50 46
30 50 45
33 49 45
33 49 45
35 49 44
36 49 46
36 49 46
37 48 45
37 48 44
38 46 44
39 45 44
40 46 46
39 47 44
40 48 45
41 48 47
41 46 46
42 45 46
42 44 47
43 45 47
41 44 45
42 44 46
43 45 47
43 44 46
42 44 45
43 44 46
44 43 45
44 43 45
45 43 45
45 42 44
45 42 45
45 41 46
44 43 45
44 43 46
45 41 46
44 40 45
45 41 46
44 41 46
45 41 46
45 41 45
45 41 47
45 41 46
46 42 46
44 41 46
46 40 48
46 40 47
47 39 47
45 40 46
46 40 46
46 40 48
46 39 47
45 39 47
45 39 47
46 38 46
46 38 48
46 37 48
45 35 48
46 37 47
46 37 47
47 36 48
46 36 48
45 36 48
46 36 48
46 35 48
47 35 48
47 35 48
46 34 47
46 34 48
47 34 47
47 33 47
46 34 48
46 33 48
46 33 48
47 33 48
46 32 48
44 33 48
46 33 48
46 32 48
46 32 48
47 31 49
46 31 48
46 31 48
46 33 48
46 31 48
46 32 48
46 31 49
46 32 48
45 32 48
46 32 48
46 30 48
46 31 49
46 31 48
45 32 49
45 31 49
45 31 48
44 31 48
46 29 47
45 30 48
45 29 48
47 31 48
46 31 47
45 30 48
46 30 47
46 31 48
46 30 47
46 30 48
46 30 47
46 30 47
47 31 47
46 31 46
46 31 47
46 33 48
46 32 48
46 32 48
47 33 47
46 33 48
47 35 46
46 35 46
45 36 47
45 38 46
47 37 47
46 38 47
46 41 47
45 41 46
47 39 46
46 39 46
46 40 46
46 40 46
46 39 46
45 41 46
46 41 45
45 43 44
46 43 44
45 43 43
44 42 43
44 43 43
44 45 43
44 46 44
44 47 44
43 46 44
43 45 42
43 47 45
41 49 44
41 50 44
39 50 44
39 49 44
38 49 43
38 49 43
37 49 43
37 50 44
36 52 42
36 51 43
34 51 43
34 51 42
34 52 43
34 51 43
33 51 42
32 50 43
32 51 42
31 50 43
33 51 42
31 50 43
32 51 43
30 52 44
30 50 43
32 50 42
32 50 42
31 50 43
32 51 43
31 49 42
31 50 44
32 49 43
31 50 43
30 50 43
31 49 43
32 54 43
31 51 43
31 50 43
31 49 43
31 51 43
31 50 44
29 49 44
30 51 45
29 49 44
28 48 46
28 50 45
28 49 44
27 49 44
29 48 44
29 46 42
28 46 41
31 44 40
33 46 40
34 45 40
34 44 43
34 45 43
37 45 43
37 44 47
30 44 42
30 48 42
27 50 45
26 53 47
26 60 55
24 62 56
25 58 52
22 55 42
22 45 40
23 41 41
23 44 43
24 45 46
23 47 45
22 48 44
22 47 45
20 43 46
20 43 44
23 44 45
22 47 44
24 46 44
24 45 43
23 43 44
22 44 45
22 44 45
22 47 48
20 44 47
19 43 44
19 42 45
21 44 45
21 43 45
21 44 45
21 44 45
19 44 47
20 42 45
20 43 44
21 42 46
20 43 45
20 44 46
20 44 46
21 44 45
21 42 46
21 42 46
21 41 47
21 41 46
20 40 47
21 43 47
21 43 46
21 43 46
22 44 46
22 44 46
21 43 47
21 43 47
21 43 46
20 43 46
22 42 47
20 41 46
20 42 46
20 42 46
21 42 46
21 41 46
21 42 46
22 42 46
23 44 45
22 44 45
20 44 46
20 43 46
20 42 47
20 43 46
20 42 47
20 43 47
21 43 45
20 41 46
21 43 46
20 41 46
21 42 46
20 42 46
21 43 46
21 42 46
22 44 46
20 43 46
21 43 45
21 42 47
22 43 46
20 42 46
21 42 46
21 41 47
21 42 46
20 43 45
20 42 46
