32 38 52
32 38 52
31 37 52
32 38 52
31 39 51
31 37 52
31 38 52
30 38 53
31 38 52
33 39 53
31 38 52
31 37 53
32 39 52
31 38 52
32 38 52
30 39 52
31 39 52
31 39 51
32 39 52
33 38 51
32 39 52
31 38 52
31 37 52
31 37 52
32 38 51
32 39 52
30 39 52
31 39 52
31 38 52
33 38 52
30 39 52
31 38 52
31 38 52
30 39 52
32 38 52
31 38 52
32 38 53
31 40 54
31 42 52
32 40 51
34 40 53
32 40 53
36 40 52
35 43 51
37 45 52
36 44 49
37 41 50
37 43 49
36 44 50
35 44 50
37 44 49
34 42 48
35 44 47
33 43 47
31 43 46
30 45 46
29 46 46
27 47 46
27 46 46
27 47 45
24 48 46
26 49 43
27 49 43
27 50 42
26 51 44
29 49 41
27 49 42
27 51 44
28 50 45
29 50 47
29 52 43
29 51 45
28 52 41
28 49 40
28 51 43
28 53 43
27 54 43
28 54 44
31 52 45
32 52 44
32 50 45
34 51 45
35 50 44
35 48 44
38 46 44
38 46 45
38 45 44
39 45 45
40 44 47
40 43 47
41 43 47
41 43 47
41 43 47
42 41 47
42 41 48
42 42 47
42 43 47
40 40 48
41 41 48
42 40 48
41 41 48
42 40 49
43 40 48
42 40 48
42 41 48
42 39 49
43 40 48
42 40 47
42 39 50
42 39 49
43 41 49
43 39 50
42 38 48
42 38 49
43 40 50
43 39 50
43 39 49
42 39 50
43 39 49
42 39 49
43 39 50
42 38 50
44 38 50
42 38 50
42 37 49
42 38 50
43 39 50
43 37 50
43 38 51
42 37 50
42 38 49
43 37 51
43 36 50
43 36 49
44 36 49
44 37 49
43 36 49
43 35 49
44 37 49
42 36 50
42 36 50
43 36 49
42 36 51
42 37 49
42 36 50
42 36 50
43 35 49
44 35 50
43 36 49
44 36 50
43 36 49
43 36 51
43 35 50
43 34 51
42 36 49
44 37 50
42 35 49
45 37 50
43 36 51
43 36 50
43 36 50
43 36 49
43 35 51
43 35 49
43 36 50
43 35 49
43 37 50
44 34 50
43 36 50
43 35 50
42 36 50
43 35 50
42 36 49
42 36 50
43 35 51
44 36 49
43 36 50
43 35 49
44 35 50
43 36 49
44 35 50
44 35 49
42 36 50
43 37 50
43 36 50
44 36 50
43 35 50
43 35 50
43 37 49
43 37 50
44 36 49
42 36 50
41 37 49
43 36 49
43 37 50
43 37 51
43 36 51
43 38 50
41 37 50
43 38 49
41 38 50
43 37 49
42 37 49
43 38 49
43 38 49
42 39 50
43 40 49
40 41 49
40 41 50
39 43 50
39 43 50
39 42 49
39 45 49
40 43 49
39 45 49
39 44 48
39 43 48
39 44 48
40 41 47
39 43 47
40 43 47
37 44 46
38 44 47
39 43 47
39 45 47
38 46 46
38 46 47
37 47 47
37 47 47
36 47 48
34 48 46
36 49 47
35 48 47
33 50 45
34 50 46
31 49 46
32 49 46
30 50 46
31 49 47
31 49 46
29 50 45
29 49 45
30 48 45
30 48 45
30 49 45
29 49 46
29 48 45
29 49 45
27 49 46
29 49 45
30 49 46
30 48 46
31 49 45
30 48 46
31 50 45
30 50 46
29 49 44
27 48 44
28 49 47
28 49 47
27 47 46
26 47 47
25 46 47
25 46 47
26 47 47
26 46 46
27 47 46
29 47 48
28 46 47
29 46 46
30 46 47
30 48 47
30 45 45
29 46 46
27 46 46
28 45 46
29 45 47
29 47 47
28 45 45
30 48 47
29 50 48
29 53 48
30 50 47
31 46 49
32 45 48
30 42 47
30 40 49
32 39 51
31 37 49
31 37 53
31 38 52
30 37 53
30 38 50
33 37 50
33 37 51
35 44 60
36 38 54
33 37 49
32 43 51
30 43 53
31 39 52
31 39 51
31 38 53
30 37 52
30 37 51
30 39 52
31 41 52
32 41 51
30 39 51
30 40 52
31 40 52
32 38 51
32 39 51
32 38 52
30 40 53
31 40 51
31 40 51
31 39 52
32 40 52
33 40 52
31 39 51
30 39 53
32 39 52
32 39 51
32 39 52
30 39 52
31 39 52
31 39 52
31 39 52
31 40 52
31 38 52
32 39 52
31 38 51
31 39 52
30 39 52
31 40 52
31 39 52
30 39 52
31 39 51
31 38 52
30 39 52
30 38 51
31 39 53
31 39 52
31 38 52
30 39 53
31 38 52
31 40 52
31 38 52
30 39 52
31 37 52
30 39 52
29 38 52
32 40 52
32 38 52
30 38 51
31 38 52
30 38 52
31 38 52
30 37 53
31 37 52
30 38 52
30 40 53
30 36 52
31 37 52
32 38 53
31 38 53
30 37 52
32 38 53
30 38 52
31 38 53
31 37 53
30 38 52
31 37 52
31 37 52
31 38 52
32 39 52
31 36 53
