46 18 48
19 49 34
19 49 34
19 48 34
19 48 34
16 48 33
16 48 34
15 49 33
17 49 32
16 46 30
16 45 31
17 45 29
15 43 30
15 44 30
15 43 29
16 43 32
15 46 30
14 42 32
15 41 33
15 43 34
15 41 36
16 41 35
14 41 35
16 41 34
15 42 34
15 45 30
14 41 32
13 38 35
16 39 36
15 42 37
15 43 35
15 44 34
14 43 33
12 39 38
12 40 37
13 42 36
13 42 34
13 40 35
14 42 33
14 42 34
15 41 34
14 41 35
16 40 36
13 39 36
13 38 35
13 39 36
14 38 34
14 39 33
15 37 32
15 38 33
15 36 33
15 36 32
16 39 32
16 34 30
14 34 30
12 36 30
10 34 28
10 33 27
13 35 29
14 30 27
12 32 27
12 31 25
13 33 23
11 35 25
11 31 28
11 37 27
12 31 24
11 30 24
08 25 24
09 32 24
10 33 25
14 35 25
17 37 27
14 37 27
13 39 26
08 32 27
11 31 26
12 33 25
14 35 28
12 35 27
13 33 26
13 32 27
11 31 27
13 34 29
13 35 29
14 34 29
13 36 32
12 38 32
13 34 30
15 37 31
14 39 32
14 39 36
10 40 37
12 36 33
13 42 39
13 40 40
17 39 42
14 42 41
12 42 43
15 41 43
14 37 44
13 36 46
15 28 45
17 32 48
19 37 48
20 32 47
22 39 47
25 45 48
24 42 50
25 46 50
23 44 47
25 45 46
24 41 46
24 36 46
24 35 47
21 33 49
22 32 52
22 33 52
26 39 54
27 39 53
28 40 54
29 43 51
34 42 52
28 40 51
27 38 43
24 41 43
30 48 44
29 46 49
31 38 50
31 43 49
29 48 51
23 48 49
21 44 43
20 51 52
22 41 63
13 30 58
26 40 57
36 47 54
29 54 45
29 42 44
29 40 43
25 34 46
26 32 46
29 35 52
29 39 56
31 41 57
32 41 53
32 37 54
32 38 51
31 34 50
32 32 51
33 28 51
33 27 49
36 30 51
35 35 52
33 32 55
34 33 54
34 29 50
34 35 51
34 40 52
35 39 56
35 38 54
32 27 53
31 24 53
32 38 52
34 32 55
32 32 53
32 35 52
32 28 52
31 32 53
33 31 54
33 30 54
34 32 54
35 34 53
35 36 52
34 35 53
34 33 54
32 30 55
30 29 52
31 30 50
32 31 51
29 28 53
27 23 53
30 23 52
31 25 53
32 29 53
33 28 53
32 29 54
33 29 53
33 30 52
34 29 52
34 28 53
33 28 53
34 29 52
32 28 52
34 29 52
34 28 52
34 28 51
35 28 52
33 28 50
34 29 52
34 28 52
33 29 52
34 28 52
34 29 53
34 29 51
30 27 53
29 29 54
33 28 57
32 27 55
33 29 50
32 29 47
32 30 47
35 24 47
32 24 49
33 32 53
33 41 55
33 50 53
35 41 53
36 44 53
37 41 51
35 37 55
38 48 50
32 45 47
30 39 53
33 43 55
34 45 50
31 45 51
31 42 54
31 40 50
34 37 51
38 38 52
38 33 50
36 33 52
33 36 51
33 33 50
34 35 53
36 34 52
36 34 53
35 31 52
34 32 52
33 33 53
36 31 51
34 35 52
33 34 55
32 38 55
34 34 55
34 34 52
37 37 50
37 42 51
34 36 54
34 39 52
34 40 54
35 39 52
34 38 52
35 38 52
36 34 52
36 35 52
36 35 53
36 36 52
35 38 51
35 37 52
36 37 52
35 37 53
36 37 52
37 37 53
35 37 53
34 38 53
34 38 52
36 37 52
35 37 53
35 37 52
35 38 53
35 38 53
35 37 52
35 36 52
35 36 52
35 36 53
35 37 52
35 37 53
35 36 52
34 36 52
34 36 52
35 36 52
35 37 52
36 36 53
35 37 53
35 37 53
35 37 52
35 37 52
35 37 53
36 37 52
35 37 53
36 37 53
35 36 53
35 38 53
35 37 52
35 35 53
34 37 53
35 37 52
35 36 52
35 37 51
34 36 53
36 36 52
35 36 53
35 37 53
35 36 53
35 38 53
35 35 52
35 36 53
34 37 53
34 37 53
34 35 53
35 35 53
35 35 51
35 35 53
35 35 53
34 36 52
35 34 53
34 35 53
35 37 53
35 35 52
33 36 53
35 35 52
35 37 53
35 35 53
34 36 53
34 34 52
34 36 52
33 35 53
34 36 53
34 35 52
34 35 53
34 36 53
34 37 52
36 35 52
35 34 52
35 35 53
34 35 53
35 36 53
34 35 52
34 37 53
33 36 52
34 36 51
34 36 53
35 36 53
34 34 53
35 36 52
35 36 53
33 35 53
33 36 53
35 36 52
36 35 53
34 35 53
35 36 52
34 36 53
34 35 52
34 35 53
35 36 53
35 35 54
35 35 53
34 36 52
35 36 53
35 36 52
34 36 52
35 35 53
34 34 52
36 35 52
33 36 53
35 37 52
36 36 53
34 37 53
34 36 53
34 35 53
35 34 53
35 36 54
32 35 53
34 36 52
35 35 53
35 37 53
34 36 53
33 36 53
35 34 53
35 35 52
35 34 53
34 35 53
35 35 52
34 33 52
35 36 53
35 34 52
34 36 54
35 35 53
35 34 53
35 36 52
34 35 53
35 36 53
34 35 52
36 36 53
35 35 53
34 35 52
35 35 54
37 34 53
35 36 52
35 34 52
33 35 53
34 35 54
34 35 54
34 36 52
34 35 51
34 36 53
35 35 53
35 35 53
34 35 53
35 36 53
35 34 52
35 36 52
34 35 53
35 35 53
33 36 53
34 35 52
34 35 52
34 35 53
34 35 53
35 36 52
35 36 52
35 34 53
36 34 53
35 36 53
