12 36 29
12 36 30
12 35 29
13 35 30
11 34 29
13 33 29
14 34 29
12 35 29
12 36 30
13 35 32
13 36 30
12 37 30
12 37 29
12 37 29
14 38 30
13 38 30
12 36 31
14 38 31
12 38 31
12 38 30
13 39 29
13 38 31
12 39 31
12 39 31
13 39 31
14 38 32
13 40 31
14 40 32
12 42 33
12 39 32
12 39 30
14 41 33
13 41 33
13 40 33
13 40 34
13 39 33
13 39 33
13 39 32
13 39 33
13 40 33
13 40 34
13 40 32
12 39 34
12 38 33
14 38 34
14 37 34
14 37 33
12 36 33
13 37 33
11 38 34
12 38 34
11 38 33
13 39 33
13 37 34
13 39 33
12 40 33
12 40 32
12 39 33
11 41 33
13 40 32
13 40 32
14 41 32
13 41 32
13 41 32
13 42 32
13 41 32
13 44 33
13 43 32
13 43 32
13 42 34
13 42 32
14 43 33
14 42 32
15 42 32
14 41 32
14 42 32
14 43 31
15 44 32
14 42 32
13 41 31
13 42 33
13 41 32
13 41 33
13 41 33
14 42 31
14 42 34
14 41 35
12 42 34
14 42 33
16 42 32
18 41 31
16 41 31
15 40 32
13 39 30
13 41 31
14 40 31
14 38 32
14 38 33
12 36 33
12 37 32
11 37 30
10 35 31
10 35 30
09 35 29
10 36 32
11 40 34
11 38 37
10 40 38
09 43 42
10 45 47
13 49 49
13 49 46
14 47 38
16 46 35
18 46 38
17 44 38
19 45 35
20 45 33
22 43 33
21 41 31
22 42 26
21 42 30
13 40 31
11 37 30
11 36 32
11 38 36
09 36 39
10 32 44
09 33 44
11 43 48
12 40 51
08 31 48
09 36 53
10 40 55
09 42 51
11 39 52
12 37 52
13 40 53
13 47 45
17 40 39
19 33 36
23 36 37
24 43 38
24 42 31
23 41 26
21 38 30
19 35 37
15 33 41
13 33 45
11 30 46
12 42 50
12 41 51
09 30 53
10 35 50
13 37 48
14 35 44
16 38 44
16 40 45
17 36 44
18 40 43
18 40 44
17 37 45
17 38 46
15 39 46
16 38 46
15 39 47
17 38 46
17 38 46
19 39 46
18 38 45
16 38 44
15 38 45
17 38 44
16 38 42
16 38 40
17 41 42
16 38 42
16 39 41
15 39 42
16 43 41
18 41 41
16 42 39
15 39 38
13 44 37
13 44 35
10 41 36
13 42 37
15 41 35
13 39 34
11 41 34
13 42 35
14 42 35
14 40 31
13 39 31
15 39 32
15 41 32
14 40 30
13 39 32
12 36 32
12 40 30
14 38 30
12 37 30
11 40 33
12 40 31
12 40 31
14 39 30
12 37 30
15 38 31
14 41 33
13 36 31
12 40 32
14 40 31
14 41 31
11 44 31
14 38 31
15 39 33
13 45 32
16 41 31
15 40 33
12 47 32
17 39 28
16 45 28
15 49 27
15 50 27
16 52 30
18 52 32
19 49 33
19 46 33
21 47 29
17 46 28
18 48 31
17 48 34
17 48 30
19 47 31
17 48 32
16 46 32
18 46 30
18 43 32
21 43 35
22 49 35
17 50 41
16 48 39
14 50 42
20 43 44
24 47 43
21 46 39
19 48 40
17 48 42
18 44 43
21 44 43
20 44 43
20 42 43
19 44 39
19 44 41
18 45 41
16 44 40
17 39 42
16 41 44
16 45 43
17 41 44
09 47 44
15 46 41
14 40 44
08 36 44
11 38 38
15 36 37
12 27 39
15 25 40
17 28 39
23 35 49
24 33 55
22 31 47
20 28 47
19 26 47
21 27 45
22 31 42
20 31 43
23 34 44
21 39 46
19 39 43
15 42 46
12 50 50
11 49 49
15 48 46
22 42 49
26 42 51
28 37 53
29 38 50
27 47 50
24 43 51
24 43 49
25 43 50
25 43 48
26 43 47
26 40 49
26 41 48
25 42 49
25 41 50
25 41 50
24 41 49
24 41 49
24 40 52
24 41 49
25 41 50
25 40 49
25 40 50
26 40 50
24 41 49
24 42 49
25 42 49
25 41 50
24 42 50
25 40 49
26 40 50
25 41 50
24 41 49
24 41 49
25 40 49
25 41 50
25 41 50
24 40 50
24 41 50
25 41 49
25 40 50
25 40 49
25 39 49
25 41 50
25 41 50
25 41 50
25 40 49
24 42 48
24 41 50
25 42 49
25 41 48
24 41 50
24 42 51
25 41 49
25 41 50
24 41 49
25 40 49
25 42 50
25 42 50
23 42 49
25 40 50
24 41 49
24 39 49
25 41 49
25 41 49
25 40 50
24 38 49
23 41 50
24 40 50
22 40 50
23 41 48
24 40 48
26 42 49
25 41 49
25 40 47
25 41 48
23 43 50
24 41 49
26 41 51
26 44 51
23 42 49
24 43 48
22 39 48
22 43 50
20 46 49
20 45 47
19 40 45
20 41 44
20 42 44
17 38 49
13 37 56
16 37 35
18 37 30
20 35 39
17 40 43
20 55 25
12 26 30
03 28 48
10 38 48
16 42 42
15 40 40
15 38 42
18 40 43
21 34 43
23 36 48
18 34 48
17 34 48
17 37 48
19 36 46
21 37 46
22 38 47
23 40 47
22 40 47
24 39 50
23 41 51
23 42 51
24 42 50
24 42 50
24 41 50
24 41 49
24 41 49
25 42 49
24 42 50
24 40 50
26 40 50
25 41 50
25 40 50
25 41 49
25 40 49
26 43 49
24 42 49
24 41 49
25 40 48
25 41 50
25 40 49
25 40 50
25 41 50
25 41 50
24 42 49
24 42 49
26 41 49
24 41 50
26 41 49
25 40 50
24 40 50
25 41 50
25 40 49
25 41 49
24 40 50
24 41 50
24 41 50
24 41 51
24 41 49
23 41 49
24 41 50
24 41 49
25 42 50
24 41 50
25 41 49
24 41 49
24 42 50
24 41 49
24 41 49
24 40 49
25 41 50
25 41 49
23 42 49
24 41 49
24 41 49
26 42 50
24 42 50
24 39 49
26 42 50
25 41 49
25 40 50
24 40 49
23 40 49
24 41 49
25 40 49
24 41 50
25 40 49
24 41 49
24 40 49
25 40 49
25 40 49
25 39 49
24 40 50
25 42 50
25 41 49
25 42 49
25 40 50
24 41 50
25 40 51
24 41 49
25 40 50
24 41 51
24 41 50
24 41 49
24 40 49
25 40 49
25 41 49
25 42 49
25 41 50
24 39 49
26 41 50
25 42 49
26 41 49
25 41 52
25 41 50
25 41 50
27 40 49
25 41 50
26 41 50
25 41 50
26 40 50
24 41 50
25 39 51
25 41 50
25 40 50
24 40 50
25 40 50
25 41 50
25 42 49
25 41 50
26 41 51
25 40 50
25 41 49
26 39 49
26 41 49
24 41 50
25 41 51
25 40 49
25 40 50
25 41 49
25 41 50
25 41 50
25 41 50
25 41 50
25 42 50
25 40 50
25 40 50
25 39 50
26 40 51
26 41 50
25 40 50
26 41 51
26 41 50
25 42 51
25 41 50
24 40 50
25 40 50
25 40 51
25 40 50
25 41 51
26 42 50
25 42 51
26 41 50
25 40 50
25 41 50
26 41 51
25 42 49
27 41 50
25 40 50
25 41 49
26 41 49
25 40 50
25 41 50
24 40 51
25 40 50
26 41 50
25 41 51
26 40 50
24 41 49
25 41 50
27 40 50
25 40 50
25 41 50
25 42 50
25 39 50
25 40 49
26 40 50
25 40 51
26 42 49
25 40 49
27 41 50
25 42 49
25 40 50
25 40 50
26 40 50
26 40 50
25 40 49
25 42 51
25 41 50
25 41 50
25 42 51
25 42 50
26 40 50
27 40 50
26 41 50
25 41 50
26 41 50
25 40 50
25 41 50
25 40 50
24 41 50
25 40 50
26 41 51
26 41 50
25 40 50
25 40 49
24 43 48
24 40 50
26 41 50
25 42 50
26 40 50
25 41 50
25 40 50
24 42 50
25 41 49
27 41 50
24 41 50
25 40 50
25 41 50
26 41 51
