14 40 36
14 40 36
14 42 34
14 38 33
14 40 34
13 39 33
13 40 34
13 39 34
13 40 34
13 41 34
12 41 33
12 40 32
13 39 32
12 39 32
12 40 33
13 40 33
13 39 33
14 40 33
11 41 34
11 41 33
11 41 34
12 43 36
11 40 35
12 39 34
12 39 34
14 40 34
17 41 35
17 41 36
15 40 37
15 40 37
13 42 37
15 41 36
16 40 36
16 41 37
17 39 35
19 38 34
21 41 34
19 39 34
19 40 35
20 41 34
19 38 33
18 38 32
12 41 35
08 41 39
08 44 36
09 44 31
10 45 28
14 38 32
15 42 28
17 46 29
19 47 30
01 57 46
17 40 47
19 46 31
15 46 46
16 44 40
28 45 48
32 50 53
34 50 57
35 54 57
36 55 53
35 55 52
30 47 53
31 40 54
32 34 55
31 32 54
30 38 52
29 40 47
33 40 43
30 43 44
29 45 50
25 49 54
22 46 51
26 44 49
29 42 50
30 40 50
31 41 51
31 42 51
30 44 49
29 44 46
28 45 48
27 44 45
26 47 44
27 50 45
28 54 47
29 50 47
32 42 54
31 37 52
27 27 49
23 26 52
20 24 57
15 24 59
16 26 56
17 25 56
18 26 55
18 25 52
20 24 49
24 22 51
25 20 51
30 20 50
31 17 51
31 21 49
33 20 44
33 19 43
33 22 43
34 23 41
37 27 40
34 29 35
34 32 39
36 36 46
36 30 50
31 24 53
29 16 55
28 19 55
22 26 55
23 16 55
25 11 47
28 30 44
26 22 40
31 10 41
33 13 43
36 11 42
39 14 44
41 13 44
39 16 44
33 16 45
32 15 45
28 14 45
29 13 45
31 14 44
30 14 43
32 14 43
30 17 43
27 18 44
27 14 44
31 10 44
34 08 45
36 19 45
35 20 42
37 18 41
36 19 42
37 19 44
39 16 41
41 14 39
42 16 37
42 13 36
41 15 37
41 10 38
40 09 37
41 11 38
37 17 46
31 18 48
30 24 47
30 23 48
31 22 47
31 24 50
34 19 49
35 21 49
32 21 49
30 20 48
28 20 46
27 21 47
24 20 50
26 17 48
25 17 47
24 16 48
23 14 50
26 17 51
25 17 53
24 17 55
25 19 57
25 21 57
24 19 52
24 18 49
25 17 46
24 14 45
24 15 43
25 18 40
26 16 38
26 16 37
24 18 35
24 17 37
24 16 37
24 17 37
26 18 39
26 16 39
26 17 42
28 15 41
31 15 42
31 16 45
32 17 47
30 19 46
30 22 46
27 21 47
26 23 46
27 27 45
23 25 48
21 26 47
21 29 49
19 31 48
19 25 51
20 26 53
22 14 55
21 36 53
25 30 55
22 28 53
20 38 53
20 37 52
21 34 52
20 32 45
22 37 46
22 34 49
19 34 51
20 33 50
19 26 52
19 26 56
20 28 54
23 33 51
25 33 56
24 37 63
24 32 58
24 32 56
24 35 54
27 35 55
29 35 55
29 32 52
32 36 51
31 31 53
32 29 53
31 29 53
34 35 52
34 28 51
32 28 51
34 28 48
36 26 47
35 23 48
33 21 51
33 22 50
36 23 52
38 22 50
43 22 42
42 21 44
37 20 47
38 25 40
38 27 38
42 22 33
41 20 36
41 18 34
40 18 33
39 16 32
34 14 34
32 15 35
35 14 36
36 17 38
34 16 42
31 11 44
28 10 44
18 05 41
11 13 44
12 07 40
18 03 37
20 08 38
20 15 40
23 14 42
26 18 45
32 19 46
37 21 48
35 26 52
31 25 50
26 25 53
13 26 56
11 24 62
14 45 59
16 43 49
17 42 49
25 46 46
27 49 44
31 45 42
33 45 36
34 33 42
37 34 43
35 45 50
31 36 61
31 31 55
28 27 51
28 21 54
28 30 52
28 27 58
28 31 61
27 28 55
28 32 51
30 31 48
30 29 48
28 27 61
19 27 63
17 30 62
21 35 60
26 30 62
37 33 57
43 38 51
42 28 45
40 17 47
47 15 38
54 26 25
53 22 20
50 13 23
42 21 28
39 25 43
40 27 49
35 27 53
35 28 58
34 26 61
35 25 57
35 30 54
36 30 52
33 31 49
32 33 48
34 21 46
35 17 44
33 08 51
36 17 57
32 17 55
36 23 63
31 25 63
28 22 63
28 31 63
24 32 50
33 33 46
39 27 45
41 26 44
42 29 43
41 24 40
45 27 36
47 20 38
50 18 33
50 21 30
45 18 38
42 23 51
40 29 58
42 24 56
44 29 59
46 26 58
48 27 54
52 31 54
52 31 50
54 33 49
54 29 47
55 27 46
62 25 46
57 28 44
46 27 43
44 11 51
41 18 57
36 22 54
31 27 52
27 26 51
22 31 48
17 27 45
16 28 45
17 26 40
18 32 33
12 38 44
04 21 52
03 18 51
04 12 54
12 14 61
21 13 61
28 10 63
34 09 63
34 15 57
31 25 51
42 36 48
61 42 38
62 33 42
61 39 37
49 27 49
46 05 44
54 33 54
47 31 59
57 33 53
57 27 50
54 30 50
54 33 50
55 31 46
55 29 41
52 32 38
52 31 31
48 31 28
48 27 29
50 24 27
49 22 31
48 17 33
46 16 34
40 17 35
33 14 38
30 13 39
32 14 42
28 15 44
27 15 42
25 15 37
25 17 33
24 17 30
26 17 29
26 18 29
25 16 30
25 16 31
24 18 32
28 20 35
24 24 36
24 19 38
23 18 50
25 11 50
30 07 57
35 10 55
40 10 52
43 08 50
42 08 47
38 13 46
35 17 44
33 19 42
31 27 39
28 33 37
25 31 35
25 31 34
25 31 32
30 30 32
27 13 33
22 07 48
14 01 63
10 00 55
05 07 61
12 12 56
17 18 60
23 29 61
24 26 57
31 25 50
32 26 42
28 33 45
22 28 46
19 22 41
10 27 45
11 28 49
09 31 50
14 32 53
13 31 51
19 37 43
18 31 47
23 27 51
23 28 51
27 27 51
23 28 52
22 33 48
23 35 48
21 35 43
22 33 44
25 38 46
29 33 46
28 35 47
43 48 40
27 50 48
08 31 54
09 21 56
05 29 59
05 33 58
09 31 55
17 32 51
25 37 49
26 34 50
27 31 47
25 33 47
20 38 48
20 28 50
23 28 44
21 27 45
24 21 51
21 18 50
16 22 49
18 24 46
19 24 43
21 27 31
33 27 09
39 22 08
04 63 63
10 53 31
59 03 62
41 46 63
40 40 62
38 45 62
43 48 63
40 44 55
38 34 48
39 49 42
25 38 45
16 44 52
29 37 47
30 36 50
32 36 35
39 37 31
36 38 37
40 44 48
33 41 61
19 43 63
32 39 60
50 28 41
34 37 52
26 43 53
35 47 55
43 51 50
41 51 52
31 34 56
38 48 53
40 39 51
35 36 49
30 37 45
31 41 50
28 43 46
29 46 38
33 31 52
37 49 61
41 43 55
50 33 53
45 29 59
35 29 54
39 45 47
36 41 38
36 49 35
39 50 32
34 54 43
34 58 36
39 52 25
38 47 31
40 51 37
45 56 35
47 60 34
46 60 36
45 59 44
42 62 56
39 62 61
44 57 62
51 54 27
39 27 09
28 20 18
22 20 18
24 40 25
26 45 46
37 63 57
48 62 63
45 56 61
32 39 29
37 51 37
40 49 47
43 53 54
40 50 46
38 48 42
37 47 45
36 43 47
37 44 46
35 43 45
37 46 44
38 43 47
39 43 51
38 54 49
35 49 48
37 53 47
38 46 48
37 43 46
35 44 50
36 43 47
35 39 50
36 40 53
36 39 53
38 44 52
37 41 49
38 44 51
38 43 50
38 44 50
39 45 50
37 44 49
37 46 49
37 46 48
36 45 47
35 45 47
34 41 50
35 43 49
35 37 57
34 35 57
38 40 57
32 32 56
33 35 45
34 28 43
35 29 50
34 29 55
33 30 58
32 29 51
33 36 51
36 39 54
35 35 54
34 35 54
34 34 53
33 33 54
33 34 53
33 34 55
33 34 54
35 34 52
35 36 52
35 36 53
34 34 52
33 35 53
33 36 52
35 35 53
35 35 54
34 34 52
35 36 52
34 35 53
34 36 52
35 37 53
36 37 52
34 35 53
35 36 52
35 37 52
35 34 52
34 35 53
33 36 52
34 36 53
33 36 53
33 37 53
34 37 53
35 38 52
34 38 53
34 37 53
34 36 53
33 35 53
35 37 52
35 37 52
34 36 52
35 36 53
35 37 52
35 36 52
34 36 52
34 37 53
34 35 52
34 37 53
35 35 53
35 37 52
35 37 53
34 37 53
34 37 52
34 36 53
35 36 53
34 37 51
35 37 53
35 36 52
35 38 53
35 36 54
35 37 52
34 37 52
35 37 53
36 36 52
35 36 52
33 37 53
34 37 52
35 37 52
35 37 52
34 37 52
34 37 53
35 36 53
35 37 53
34 36 52
35 36 53
34 36 53
34 37 53
35 37 53
35 38 52
35 37 52
35 39 52
36 37 53
34 39 52
36 39 53
36 36 54
