11 38 34
11 38 34
14 39 35
12 39 34
12 40 34
12 39 34
11 41 34
13 39 33
13 39 33
13 40 33
13 40 33
13 40 33
11 40 33
12 40 33
13 39 34
12 41 33
12 40 33
13 41 34
13 40 34
12 39 34
13 40 33
13 40 33
14 39 33
12 39 34
12 40 33
12 39 34
13 39 34
13 39 34
14 38 33
13 39 33
12 39 34
14 37 33
13 39 33
13 40 32
13 40 34
13 40 33
14 38 33
13 40 32
13 40 31
13 41 31
12 39 31
11 39 30
10 39 30
12 38 30
11 38 31
13 39 29
12 40 30
11 38 30
11 37 30
12 38 30
13 38 30
13 38 30
13 38 29
12 38 28
13 36 31
15 37 31
16 34 31
15 36 31
15 33 31
13 31 32
12 31 31
13 32 31
13 34 33
13 32 33
13 33 32
13 33 30
14 33 31
13 32 30
14 32 29
14 31 30
15 30 28
10 29 28
09 30 29
13 27 27
11 26 27
12 27 28
14 26 26
12 25 26
12 26 25
13 26 25
12 28 24
11 28 24
10 27 23
11 27 22
12 29 21
13 30 22
13 27 23
11 28 27
10 27 30
12 27 30
10 23 30
09 30 28
10 33 25
11 35 25
14 32 24
13 30 25
14 33 26
14 33 27
13 36 29
10 38 31
07 41 35
03 43 36
07 44 34
08 45 35
14 42 35
19 40 34
21 40 36
22 39 37
20 37 41
18 42 39
16 46 38
15 45 37
13 43 38
14 43 38
12 52 39
16 46 37
16 45 37
16 44 40
18 41 38
18 45 35
16 47 37
15 43 38
16 45 39
15 44 39
16 45 39
16 46 40
16 46 40
14 45 39
15 43 40
17 43 38
16 42 35
15 42 35
14 38 36
13 35 36
10 37 36
11 39 35
12 38 35
11 38 35
10 33 35
11 32 31
09 32 31
08 34 33
11 34 35
13 36 35
14 34 35
15 34 36
14 33 35
15 34 35
13 41 37
08 43 36
11 35 38
11 40 37
14 44 38
14 44 40
17 44 40
18 40 38
20 42 40
21 44 40
22 46 41
24 50 40
27 55 40
28 59 39
28 56 38
28 54 36
30 56 36
30 54 35
31 51 35
33 54 35
34 54 36
34 54 37
34 51 37
36 52 38
35 52 37
37 52 39
36 51 39
35 49 39
33 47 40
32 46 40
30 47 39
27 46 39
30 44 41
33 41 35
46 45 41
63 54 52
63 62 55
51 59 46
36 46 39
36 47 44
43 48 47
46 46 44
46 44 45
45 40 45
47 39 43
48 41 44
49 39 42
48 36 42
48 35 41
49 37 40
46 38 41
47 38 41
48 39 42
48 40 45
47 41 45
47 40 45
47 40 44
47 40 46
47 40 45
48 38 43
46 39 44
45 40 47
43 38 48
44 40 53
44 40 55
45 35 61
49 30 61
38 33 57
41 38 53
34 40 51
32 39 49
28 37 44
26 33 44
18 32 43
14 36 46
18 44 46
29 42 52
34 38 60
46 33 62
44 41 51
38 54 49
37 53 53
42 40 61
46 28 56
38 26 59
33 40 54
27 44 49
27 47 44
26 37 42
27 35 45
28 35 53
30 20 57
33 29 57
36 36 54
37 42 53
39 42 51
35 43 49
34 44 49
34 45 48
34 48 49
36 46 50
36 43 50
34 41 51
33 38 49
37 39 48
39 42 51
34 41 55
33 40 55
32 37 53
32 35 51
32 36 52
35 35 53
36 37 52
34 38 51
34 41 50
34 42 50
34 43 50
35 42 53
36 41 53
35 40 53
34 39 51
35 40 51
35 40 51
35 40 51
34 41 51
34 40 52
35 40 52
34 39 52
34 40 53
34 39 51
34 40 51
35 41 51
34 40 51
35 41 52
34 39 51
34 40 51
34 41 51
34 41 52
35 40 53
34 40 51
36 40 51
34 41 51
35 39 52
34 40 50
34 39 51
35 39 52
36 40 52
35 40 51
35 40 51
35 39 51
35 40 51
34 41 51
35 40 51
36 40 51
34 39 51
35 41 51
35 40 52
33 40 52
34 40 51
35 39 52
35 39 52
34 39 51
35 39 51
34 40 52
35 41 52
35 41 51
34 41 50
35 41 51
34 40 52
34 40 52
35 41 51
35 40 52
34 40 52
