13 39 35
13 39 35
12 38 35
13 39 35
13 38 35
12 39 35
12 38 35
13 38 34
12 38 36
13 38 34
13 38 33
11 37 35
12 39 36
12 38 35
12 38 34
12 38 35
13 39 35
13 39 34
12 37 35
12 38 35
12 38 34
11 37 34
12 39 35
12 38 36
12 39 35
13 38 35
14 39 35
12 39 35
12 39 35
12 39 35
13 38 35
13 39 35
12 39 34
12 38 36
12 39 35
12 39 36
12 38 34
13 38 34
14 39 34
12 37 35
11 38 34
11 39 34
11 38 34
13 36 35
13 36 35
12 35 36
13 36 36
12 35 34
12 34 34
12 36 36
11 37 33
11 36 34
12 36 34
12 36 34
12 36 33
13 36 33
13 35 34
12 36 34
12 35 34
13 35 33
11 36 34
12 36 34
11 37 34
12 37 35
12 37 34
13 37 35
14 38 35
14 39 34
15 38 32
13 39 33
14 39 33
12 39 33
13 40 33
12 38 31
14 39 32
13 38 32
14 37 32
13 37 32
14 37 31
15 37 32
14 36 31
15 36 32
15 36 31
13 37 31
13 37 31
13 37 32
13 36 32
13 37 31
10 37 33
10 38 32
08 39 36
09 38 36
09 39 34
11 38 35
13 39 38
13 40 38
14 42 37
15 42 37
14 41 38
12 42 39
11 43 39
10 43 41
11 42 43
12 42 44
13 41 44
14 43 46
16 43 47
16 43 48
16 42 46
19 41 46
19 41 46
20 41 46
20 38 45
23 39 45
24 40 45
24 41 45
24 43 45
23 42 48
25 42 48
23 42 49
24 41 49
24 42 49
26 43 50
26 43 49
26 43 50
27 43 48
26 44 49
26 44 48
27 44 49
26 43 50
24 43 49
22 43 50
21 42 50
20 41 49
21 40 50
21 38 50
22 38 49
23 39 48
22 39 48
22 40 48
22 40 47
20 41 47
20 40 48
20 39 48
21 37 47
23 39 48
23 38 48
23 39 48
23 39 48
23 37 48
24 39 48
25 39 48
23 38 49
21 39 50
21 36 48
20 34 47
19 33 50
20 32 52
19 35 51
19 34 49
17 37 48
18 35 46
18 34 44
19 34 46
19 33 47
18 35 47
18 32 48
19 34 49
20 35 49
20 36 48
18 36 49
19 35 47
18 35 44
19 33 46
18 33 47
18 33 47
20 33 46
19 34 47
20 35 48
20 34 47
21 34 49
22 34 49
21 34 50
21 35 50
21 35 51
21 35 50
21 35 51
20 33 48
20 35 49
18 34 49
18 34 47
19 35 48
17 34 49
16 32 47
16 33 46
15 33 47
17 30 46
16 28 45
16 26 44
15 27 44
13 25 44
14 26 43
11 27 43
08 27 43
08 23 43
08 25 42
20 26 39
17 29 41
18 23 37
17 27 36
15 27 37
18 22 36
18 28 36
19 27 36
16 25 37
16 24 39
16 25 41
16 26 42
15 26 41
18 24 41
17 26 40
18 27 41
19 28 40
18 28 38
18 29 39
18 29 41
17 30 43
15 31 43
13 29 42
12 29 42
12 29 42
12 29 41
11 30 43
08 27 43
10 30 40
10 33 42
12 34 42
12 30 39
11 31 40
10 33 39
11 32 39
12 32 40
13 33 41
13 32 41
14 33 42
13 34 44
12 34 46
16 35 46
15 34 46
14 34 46
16 33 46
16 34 45
15 34 45
18 34 44
18 36 45
17 35 45
16 33 45
14 35 49
13 33 50
13 31 50
16 26 49
14 26 48
17 25 48
19 22 49
20 23 50
20 24 47
20 23 49
22 22 49
23 22 51
24 24 50
24 24 48
24 22 46
26 24 48
31 21 44
35 21 42
36 20 44
41 20 43
45 21 43
47 20 45
48 22 44
47 19 42
42 22 43
36 24 43
33 21 42
33 19 42
35 20 41
36 20 43
36 16 42
39 14 43
36 13 37
36 14 40
34 13 44
29 08 44
27 07 44
26 12 46
26 09 46
28 07 48
29 09 50
32 15 52
31 16 50
33 19 47
37 21 47
35 23 44
36 22 41
36 22 41
38 22 40
37 22 38
38 23 39
38 22 39
36 20 41
35 21 40
35 18 40
34 21 40
33 18 43
35 22 43
28 21 46
27 19 46
24 19 47
24 20 49
21 19 51
16 20 52
17 20 55
15 20 51
13 19 48
08 24 46
13 21 42
12 21 39
12 24 44
16 22 42
19 16 47
22 26 53
20 30 52
20 29 49
21 33 46
20 33 48
18 31 47
16 29 48
17 29 48
17 28 47
18 30 45
18 30 45
18 31 44
17 29 46
15 30 45
15 30 45
15 30 45
15 30 44
15 31 44
14 30 43
15 29 43
16 29 45
16 28 45
17 30 45
17 29 45
18 29 45
18 29 45
17 28 45
16 28 45
17 28 45
16 29 45
16 29 45
16 30 44
16 28 45
16 30 46
16 29 45
16 30 46
17 28 45
17 29 45
17 29 45
16 30 45
16 30 45
16 29 45
17 29 45
17 30 46
16 30 45
15 30 45
16 30 46
16 30 46
17 30 45
17 30 46
16 29 46
16 30 46
16 29 45
16 29 45
16 29 45
16 29 46
17 30 45
17 30 45
16 30 45
17 29 46
16 29 45
17 29 46
17 30 45
18 31 45
18 29 46
15 29 46
17 30 45
17 29 46
16 28 45
17 30 47
17 30 45
17 29 45
17 29 45
17 29 46
16 29 45
17 29 45
17 29 46
16 29 45
17 29 45
16 28 46
17 28 45
15 29 46
17 29 44
17 29 45
17 30 45
16 30 45
16 28 45
