13 30 32
13 30 32
10 31 32
11 30 31
12 30 30
12 31 30
11 32 30
11 33 32
11 33 31
12 32 31
13 32 32
11 32 30
11 33 30
13 33 30
12 34 31
12 36 32
10 36 31
10 35 30
11 36 30
10 37 30
12 36 30
11 36 31
13 36 30
13 36 32
13 37 31
13 38 32
12 37 33
13 39 32
13 41 32
14 40 34
12 40 33
11 38 32
11 38 33
11 40 33
12 39 32
12 40 34
13 39 32
12 39 33
13 38 33
13 39 32
12 40 33
13 38 33
14 40 32
13 40 33
13 40 33
12 39 33
11 41 32
12 41 32
12 40 32
11 40 32
11 40 32
11 41 32
11 40 32
11 39 32
14 39 31
13 40 32
13 40 33
15 42 32
14 41 33
14 40 33
14 41 33
13 39 33
15 41 33
15 41 34
15 41 34
15 42 34
15 43 35
16 41 36
15 40 35
13 43 37
15 42 37
15 43 38
14 43 44
11 46 46
08 44 44
07 41 41
09 38 38
12 40 36
14 39 34
17 36 31
20 34 30
18 33 34
17 35 34
13 28 36
10 33 37
12 33 38
14 34 36
10 29 40
10 30 40
11 31 40
09 31 42
12 30 43
14 35 41
13 34 45
11 33 43
14 33 40
12 32 46
13 31 43
15 32 45
15 31 45
16 33 42
12 32 45
14 31 43
15 31 42
21 31 45
18 33 45
14 31 45
13 30 43
10 36 46
09 32 48
10 35 47
10 33 45
11 33 44
10 30 44
10 29 45
16 28 44
15 28 42
16 30 45
22 30 48
25 32 48
24 31 45
24 35 41
27 38 46
26 40 45
21 43 48
22 41 48
22 46 48
21 48 48
22 50 50
24 47 49
33 41 42
44 35 48
44 30 57
46 34 51
40 23 50
37 28 52
32 40 59
29 42 60
28 45 58
30 46 56
29 41 53
26 40 48
21 35 47
19 40 49
20 38 39
19 46 38
24 48 45
26 49 61
29 32 63
40 39 60
42 40 49
36 36 46
32 37 46
28 43 52
22 39 46
14 40 44
16 46 46
21 50 49
20 53 46
21 46 51
26 39 54
31 43 50
26 40 51
27 40 47
27 42 50
28 45 54
28 40 49
31 39 54
28 49 47
30 43 50
29 42 51
29 43 48
29 44 49
32 43 49
32 37 48
32 45 51
33 47 49
33 51 46
35 53 46
33 50 45
33 51 47
32 49 48
32 51 47
32 53 46
32 51 46
33 48 46
38 45 49
38 39 51
38 42 51
37 48 49
37 42 45
37 44 45
35 41 46
33 40 49
33 36 54
34 37 51
33 26 53
28 30 56
31 30 54
35 35 55
36 38 54
35 42 49
38 43 54
39 36 54
39 38 50
38 35 51
38 36 51
37 39 54
40 39 50
40 39 51
39 40 51
39 37 55
32 31 57
31 30 48
34 30 55
35 26 50
41 27 53
41 26 56
39 24 53
33 28 48
27 39 56
21 31 46
22 32 43
28 43 47
28 35 51
33 42 56
37 48 55
46 29 53
44 48 53
42 34 52
41 35 53
38 35 55
39 38 53
37 37 48
40 36 49
37 30 52
34 35 53
36 35 52
35 37 58
37 41 52
42 37 54
39 39 56
40 41 51
40 40 51
36 37 53
43 38 50
41 34 48
39 35 49
40 36 48
39 39 49
39 39 51
38 39 51
37 39 52
37 43 52
37 41 50
38 39 51
36 38 52
36 39 51
34 39 53
33 37 53
38 39 53
36 38 51
38 40 51
40 38 52
37 41 52
36 41 50
37 41 45
36 44 46
37 50 47
37 56 44
37 59 45
40 61 46
43 60 46
44 55 44
45 53 42
47 48 44
45 44 44
47 38 44
46 36 48
43 31 45
42 25 43
42 27 44
44 20 43
47 15 42
45 19 41
44 13 38
44 11 40
43 10 37
44 07 28
46 11 31
43 17 29
39 09 22
37 13 17
34 17 17
31 12 14
31 15 11
28 20 15
23 23 17
25 24 21
27 29 25
33 33 30
39 36 38
43 30 40
40 33 42
38 50 55
36 47 62
32 39 63
33 35 63
27 32 63
27 23 63
24 21 62
26 22 58
28 23 52
27 21 44
23 21 51
25 22 47
26 23 48
27 24 48
27 27 48
26 27 51
26 29 47
27 28 50
27 31 52
28 33 52
23 32 57
24 32 56
23 26 53
22 23 49
18 22 47
20 23 46
20 21 43
22 24 43
23 25 46
21 28 52
20 29 53
20 27 49
20 26 48
20 24 47
20 29 48
24 29 47
22 27 50
22 28 50
22 27 51
23 28 50
23 30 50
25 30 51
23 30 50
21 30 50
22 29 48
20 27 48
21 28 49
21 27 49
20 27 49
21 28 50
22 30 51
22 28 49
22 29 49
21 29 49
21 29 49
20 28 50
21 28 49
22 28 48
22 27 50
22 27 49
21 28 49
22 27 49
21 28 49
22 28 48
21 27 49
22 27 49
21 27 49
22 27 49
22 27 50
22 29 49
21 29 49
21 27 49
21 30 50
21 28 49
22 28 50
22 28 49
22 28 50
21 28 48
21 28 49
20 25 50
21 28 49
22 27 50
22 27 49
21 28 44
23 26 48
21 25 48
20 24 52
18 23 49
20 24 49
21 25 49
22 25 49
21 26 50
21 25 49
22 27 47
22 28 50
22 28 48
22 27 47
24 30 50
22 29 49
22 27 50
23 27 50
23 28 51
23 28 50
23 28 49
23 27 49
21 28 49
23 27 50
23 28 50
22 28 50
23 27 50
23 27 50
23 28 50
22 28 50
21 29 50
22 27 50
22 25 50
22 26 50
23 29 48
24 26 47
23 27 50
23 26 49
21 27 49
22 26 50
23 25 49
