12 39 34
12 40 35
11 38 34
11 39 34
12 38 34
12 38 34
12 40 35
13 39 34
12 38 35
11 39 35
13 38 35
13 39 34
12 39 34
12 39 34
12 38 34
12 39 34
12 38 34
12 39 34
13 39 34
12 38 33
13 39 34
12 38 35
12 39 33
12 37 33
13 38 34
13 37 34
14 38 34
13 39 34
12 39 34
13 38 34
13 38 34
13 40 35
13 41 35
13 39 36
14 40 37
12 41 35
14 41 37
14 39 38
15 39 37
15 41 37
14 42 38
14 42 37
15 43 37
14 43 35
13 43 34
16 43 36
15 42 33
14 40 36
13 38 31
15 39 30
15 41 32
17 37 26
16 38 30
13 35 28
11 36 29
08 34 36
08 36 38
08 43 36
10 42 32
09 40 30
10 41 30
12 44 30
11 42 29
11 40 32
09 39 31
10 41 34
13 40 29
13 42 33
14 44 31
13 39 30
15 41 33
14 43 32
14 42 31
14 42 35
13 42 33
12 42 31
12 45 31
14 44 37
13 41 34
22 46 39
17 40 40
12 43 34
12 48 38
16 47 40
18 54 42
18 52 42
22 55 47
26 50 47
19 45 39
23 45 36
24 43 39
23 40 40
23 43 38
24 46 38
22 48 42
17 45 45
17 49 45
19 49 44
19 48 45
21 45 44
23 46 43
28 46 43
26 44 44
23 41 44
22 43 45
21 43 44
20 44 44
21 47 45
20 43 44
19 44 43
20 42 46
19 43 50
18 43 49
15 41 48
15 43 49
16 47 47
16 52 44
17 49 41
24 46 39
30 44 37
35 39 39
36 44 38
33 39 43
28 40 51
21 40 51
17 37 52
11 31 60
16 36 55
18 37 49
15 36 48
16 36 46
20 36 51
21 32 51
24 39 51
23 33 51
25 32 49
31 38 51
27 34 50
25 33 49
24 36 47
25 38 51
20 41 50
22 43 49
25 41 48
28 37 52
29 33 55
30 35 55
29 40 51
26 40 49
27 38 51
27 38 51
26 42 50
27 40 51
29 39 51
30 42 54
32 34 55
32 42 54
30 42 52
30 41 53
31 39 53
29 37 54
37 38 56
37 33 52
37 33 48
38 30 50
33 30 52
34 32 53
35 33 52
36 32 52
36 36 52
35 38 52
38 36 53
40 40 51
48 43 53
48 39 56
33 41 44
25 43 43
31 35 49
32 35 57
25 22 63
22 36 56
18 31 48
27 42 46
38 47 53
38 51 59
36 43 51
36 33 51
33 32 54
33 37 53
38 43 52
35 43 49
32 44 49
35 43 46
34 48 49
35 46 50
35 44 52
35 41 52
37 39 48
38 39 49
38 39 48
36 39 48
38 40 49
36 44 52
33 43 55
34 42 55
34 41 51
34 40 50
35 40 49
36 43 51
35 43 51
35 41 48
36 41 49
35 41 49
36 43 52
36 43 52
36 40 51
35 41 50
36 43 51
35 42 51
35 41 51
37 41 50
37 44 48
37 43 50
37 44 49
36 43 50
36 44 50
36 44 50
37 43 50
37 43 48
37 43 49
38 45 50
36 43 49
36 43 50
37 43 48
37 46 49
37 46 47
37 46 47
37 44 48
35 45 47
37 45 49
37 44 48
37 45 48
37 45 47
36 45 49
37 45 49
38 45 48
37 45 47
36 45 48
36 44 47
37 45 49
37 46 48
37 47 48
37 46 48
37 46 47
36 45 48
36 46 47
36 45 48
36 45 47
36 46 48
37 46 48
37 46 47
36 45 48
36 45 48
36 45 48
37 46 48
36 44 48
37 46 48
36 46 47
37 46 47
37 46 46
36 46 47
36 45 47
36 45 48
36 45 48
38 45 48
36 46 48
38 45 48
36 46 48
37 45 47
36 46 48
38 46 48
