12 33 26
12 28 26
13 29 27
11 28 33
11 33 32
30 11 33
30 10 29
10 29 27
12 28 27
12 27 27
12 29 28
13 28 28
14 29 28
13 31 28
12 31 29
13 30 28
13 33 28
11 32 27
11 33 28
12 32 28
12 32 29
12 32 29
11 33 29
11 35 28
12 34 28
12 35 30
12 36 30
12 34 30
12 35 29
11 35 30
12 36 30
13 36 29
12 38 30
12 36 30
13 35 32
12 36 31
13 35 31
12 36 32
10 37 31
11 39 32
12 38 31
11 39 31
12 37 32
12 38 32
12 38 30
12 38 31
12 37 30
12 38 31
12 39 31
12 37 32
11 38 32
11 38 31
13 38 32
13 38 34
12 39 32
11 39 36
10 36 35
11 38 33
10 38 37
10 36 37
12 38 37
10 36 40
09 36 38
11 40 41
11 36 44
15 36 44
11 37 45
11 36 47
12 36 46
10 37 47
11 35 45
13 38 41
12 38 41
14 38 41
15 38 38
18 38 40
18 38 39
19 35 40
21 36 40
21 36 43
22 34 44
22 38 44
22 38 45
22 39 43
22 38 44
21 38 43
20 39 44
20 37 43
17 38 43
18 37 44
17 37 44
18 39 47
17 37 47
16 35 47
15 35 46
16 38 50
16 35 47
18 39 49
20 38 50
19 37 45
19 38 49
20 35 46
18 35 43
18 36 44
17 34 43
17 34 42
17 34 44
14 31 41
12 31 41
11 34 41
11 33 40
10 32 37
12 33 35
14 30 34
09 26 32
04 27 32
02 33 38
02 36 36
08 38 40
14 36 38
13 34 35
13 31 35
14 32 34
11 31 34
14 33 33
12 31 31
11 30 31
09 32 31
10 31 32
09 31 30
11 31 31
11 31 31
11 31 30
11 31 32
10 31 31
11 29 32
12 31 31
12 31 30
12 32 31
12 32 30
12 31 32
12 32 30
12 33 31
11 33 31
12 34 32
12 32 33
13 34 33
14 36 32
16 37 33
12 37 30
10 38 28
09 43 34
08 42 34
07 46 35
10 46 36
13 45 39
17 38 44
13 43 44
10 46 45
07 45 45
06 32 48
14 40 53
09 36 43
07 44 39
09 45 40
15 36 46
19 31 44
25 36 41
27 37 36
28 35 36
27 35 30
25 35 35
24 33 39
25 33 35
23 31 36
22 34 39
18 38 37
20 37 52
21 39 57
23 39 61
22 37 59
20 36 57
16 39 59
14 36 55
13 43 58
21 43 62
21 37 57
25 38 53
23 42 48
17 43 45
18 41 46
17 37 47
19 35 45
19 36 42
19 35 42
17 35 40
16 36 41
15 32 44
13 31 46
11 33 45
11 33 43
13 36 45
16 38 48
19 38 49
19 34 49
21 28 54
27 19 57
26 19 51
23 21 45
22 22 48
22 25 44
23 27 43
24 28 41
23 27 43
20 31 44
20 29 45
14 32 52
11 29 54
14 30 52
14 28 50
19 32 50
22 30 48
25 33 48
24 33 47
21 33 49
19 32 48
19 33 47
18 32 46
17 32 47
18 32 48
19 33 49
21 32 49
21 34 50
21 32 50
19 31 49
19 33 50
20 33 48
19 33 47
19 32 49
20 31 49
21 33 48
20 32 49
19 32 47
19 32 49
20 31 48
20 32 49
19 31 48
19 33 48
20 32 48
20 31 48
21 31 49
20 31 49
20 32 48
20 32 48
19 33 49
20 32 48
19 31 49
19 32 49
19 32 49
18 31 49
20 32 49
20 32 49
20 32 48
19 32 48
19 32 48
21 32 50
20 32 49
20 32 49
21 31 49
19 31 48
20 31 49
20 32 49
20 32 49
19 32 48
20 32 48
20 32 48
19 32 49
19 31 48
20 31 48
20 31 48
19 32 48
21 32 49
19 31 49
20 31 49
19 32 48
21 32 50
21 31 48
19 31 49
21 31 48
21 31 49
20 31 49
20 31 48
20 31 48
20 31 49
20 31 49
20 32 48
21 31 49
20 31 48
19 32 48
20 31 49
21 32 49
20 31 48
19 33 49
20 32 49
19 31 49
20 31 48
20 30 48
19 32 49
20 31 48
19 32 49
19 31 49
21 32 49
20 32 49
20 32 49
20 31 48
20 32 49
19 30 48
20 31 49
21 32 48
20 31 48
19 32 49
20 31 48
20 31 48
20 32 49
20 32 49
20 32 48
21 33 50
20 31 49
20 31 49
19 31 48
17 31 49
18 30 51
18 32 49
20 32 49
