13 33 34
13 36 34
13 38 34
12 39 34
12 38 34
12 38 34
12 39 34
11 38 34
13 38 34
13 38 35
11 37 35
13 38 35
13 39 34
13 39 34
13 38 34
12 39 34
12 39 35
13 39 34
12 39 34
12 39 34
12 38 34
13 39 35
13 39 34
13 38 34
12 38 34
13 38 34
12 38 34
13 39 34
12 38 32
13 39 34
13 39 35
13 37 34
13 37 34
12 39 35
12 37 33
12 38 34
11 38 34
12 37 34
12 38 35
12 36 35
12 37 34
13 38 35
12 36 35
13 38 33
12 38 33
13 39 34
11 36 33
12 36 32
13 37 32
14 38 31
15 36 30
16 37 32
16 38 31
15 39 33
14 39 31
14 38 32
13 38 30
11 37 29
10 38 28
09 36 27
12 36 26
12 36 28
13 40 28
14 38 30
15 38 31
15 40 32
16 41 32
15 39 32
14 39 33
15 42 32
13 42 33
14 43 33
15 43 32
13 45 33
11 47 37
13 44 36
13 45 34
14 47 36
15 48 33
15 50 34
17 50 35
17 51 35
17 51 34
20 49 37
22 48 41
24 49 42
27 50 43
28 51 44
30 48 47
31 47 48
33 48 49
33 51 50
33 50 50
32 48 52
31 46 54
33 41 54
33 40 53
32 44 53
32 44 52
33 42 51
34 39 50
31 38 51
32 33 51
31 32 51
31 33 51
29 31 51
28 31 51
28 30 50
30 31 52
30 28 51
30 29 52
30 29 49
30 30 51
30 31 53
28 30 52
28 31 52
29 30 52
28 29 53
28 28 53
28 29 54
27 29 54
28 30 54
28 30 52
31 31 52
29 32 53
30 33 53
31 33 52
30 33 53
30 32 53
29 32 55
29 33 56
29 33 54
30 32 54
29 32 56
28 30 55
27 30 55
27 28 55
27 28 55
28 27 54
27 26 53
28 28 53
29 28 53
30 29 51
31 28 52
31 29 51
31 28 52
32 27 51
33 26 51
33 28 51
34 29 52
34 29 52
36 29 51
37 31 51
38 32 51
41 31 50
46 30 49
45 30 47
46 30 46
43 30 46
43 31 44
45 30 47
45 30 48
44 29 49
44 28 49
43 29 52
42 30 52
41 30 51
40 31 51
40 30 51
42 31 51
43 31 51
44 31 50
43 30 50
42 33 49
40 33 49
41 33 51
40 32 51
40 33 51
40 33 51
41 34 52
42 32 52
40 34 52
41 35 52
41 35 52
43 35 52
41 34 52
42 34 52
42 36 51
41 34 50
44 33 50
43 33 50
44 32 48
45 32 48
47 32 47
48 33 47
47 32 47
47 32 46
45 31 45
45 32 46
43 31 47
44 33 48
43 35 49
42 34 50
40 35 52
41 34 52
39 34 52
39 33 53
38 32 51
37 30 49
37 31 50
37 29 49
35 28 50
36 28 51
33 28 51
33 27 52
32 26 52
32 25 55
31 25 55
28 26 55
28 25 55
27 28 55
25 28 56
23 27 57
23 28 57
24 25 57
24 26 56
25 24 54
25 21 51
28 20 50
27 19 47
28 19 46
28 20 44
30 21 44
30 23 45
31 25 45
32 24 45
34 26 47
35 28 47
36 29 50
34 31 51
35 31 55
32 30 55
29 32 56
27 31 58
30 29 54
29 29 52
29 26 50
30 28 50
29 28 50
27 26 51
24 28 52
22 26 62
25 23 56
28 29 52
28 33 51
28 34 51
30 32 52
29 30 52
30 33 53
30 33 53
30 32 52
29 31 52
29 31 54
29 30 53
27 28 52
28 29 52
29 28 53
30 30 53
28 30 53
28 30 52
29 30 52
29 30 53
28 29 53
30 30 52
28 30 52
30 30 52
29 29 53
29 29 51
28 30 52
28 28 52
30 29 51
29 30 52
29 30 52
28 29 53
28 29 53
28 30 53
29 29 53
27 28 52
29 29 52
27 28 52
29 30 52
28 29 51
28 29 52
29 29 53
28 29 52
29 30 52
28 31 52
29 28 52
29 30 52
28 29 51
29 30 52
28 29 52
29 28 52
28 29 53
28 28 52
29 29 53
28 29 53
28 29 52
29 28 53
28 28 52
28 28 51
27 29 52
29 28 52
28 29 52
27 30 52
28 29 52
28 29 53
28 27 53
28 29 52
29 29 51
27 28 52
29 29 53
28 29 52
29 28 53
28 29 52
28 28 51
28 28 52
28 30 52
29 30 53
27 29 54
29 28 52
