12 38 35
12 38 35
14 38 35
14 38 35
11 37 35
11 39 35
11 38 35
12 40 35
11 40 35
12 39 35
12 38 35
14 39 35
13 38 35
13 39 35
14 39 35
13 38 35
14 39 34
11 39 34
13 38 34
13 39 35
16 40 34
12 39 35
11 40 35
13 40 34
12 39 35
13 40 35
14 41 35
15 40 35
13 40 35
13 40 34
12 42 34
11 39 34
13 39 33
14 37 33
14 39 33
17 39 33
18 39 33
19 39 32
20 40 34
20 40 35
20 43 35
18 42 34
17 47 35
17 48 32
18 50 32
17 49 33
12 51 37
09 49 38
12 48 36
13 48 37
15 46 39
16 45 39
17 47 41
17 44 40
20 43 37
22 44 33
22 49 37
24 55 43
28 60 51
28 62 54
27 52 50
29 51 47
32 47 47
34 47 48
33 49 47
35 48 48
34 48 50
31 49 48
31 46 47
30 44 48
29 45 47
29 45 46
29 43 46
30 44 47
29 45 47
29 43 46
31 44 46
32 44 46
32 45 47
32 45 47
30 47 48
30 47 48
30 46 50
29 45 52
30 46 51
30 46 49
31 45 50
30 46 50
31 46 50
30 46 49
30 44 50
29 45 49
27 44 51
28 43 53
25 44 52
26 43 50
25 41 51
24 40 49
21 42 45
19 42 44
21 42 44
27 42 50
28 41 53
28 41 52
26 41 52
26 38 58
20 36 58
23 32 53
29 34 54
32 33 51
33 34 53
32 34 53
31 34 53
28 35 52
28 35 55
23 35 55
21 35 52
23 32 50
30 27 52
33 24 52
36 26 52
37 27 53
33 28 51
33 27 50
35 28 51
38 26 52
34 30 51
29 28 49
34 28 50
32 23 47
32 22 48
29 22 48
29 24 49
30 19 50
30 21 49
28 23 50
29 24 52
30 24 55
28 25 53
29 22 51
27 23 49
27 25 50
29 26 50
28 24 48
29 25 48
28 27 46
28 25 46
28 25 47
27 23 47
28 20 48
30 21 48
30 20 50
31 20 50
33 20 51
31 20 51
34 19 52
35 21 53
35 21 54
35 19 53
36 20 51
36 21 50
34 23 49
33 21 50
32 21 52
30 20 52
30 20 51
31 21 52
34 23 51
34 23 51
34 25 52
33 27 48
33 28 49
33 28 49
34 27 50
32 28 48
32 27 51
32 29 51
33 31 51
33 28 51
33 29 50
34 27 51
33 30 53
32 31 52
31 29 52
28 30 52
26 31 54
26 30 54
27 32 53
27 32 51
26 31 49
24 32 53
24 31 56
21 32 55
21 30 55
21 29 52
23 29 52
26 27 52
27 26 52
27 28 53
26 28 53
26 29 51
25 27 52
25 27 51
26 28 49
25 27 48
26 26 47
28 24 48
29 23 50
29 23 51
31 24 52
31 26 51
29 26 51
32 24 50
30 25 48
28 26 49
28 23 49
27 25 50
25 27 55
26 24 53
27 24 51
27 25 51
27 23 51
28 23 55
26 32 56
25 38 56
24 32 53
26 34 53
26 33 52
24 32 52
25 29 53
26 30 50
27 29 48
27 28 49
24 29 53
27 26 54
31 27 53
33 31 50
34 33 46
34 28 46
32 22 48
31 21 50
27 25 51
26 27 52
26 29 53
25 27 54
26 28 57
25 31 56
24 31 56
25 29 55
25 27 52
26 34 54
27 33 53
25 29 52
28 30 50
26 28 47
27 23 47
27 21 50
27 24 50
27 23 50
26 21 49
26 22 47
25 24 49
24 23 48
24 24 50
24 25 50
25 27 50
25 26 51
29 23 51
28 25 52
29 25 51
28 24 52
29 24 51
28 24 52
27 23 50
27 25 50
27 26 51
26 27 51
26 27 50
27 26 50
24 28 50
25 32 49
23 30 50
23 27 50
22 29 53
23 31 55
20 28 53
21 33 54
22 32 54
25 31 53
20 30 51
22 31 52
23 30 51
25 29 50
26 31 51
25 29 50
27 32 54
26 35 53
26 31 53
26 34 54
24 35 56
24 33 55
22 34 54
21 30 50
27 21 50
27 20 47
29 22 43
33 17 41
32 18 42
31 20 43
31 20 44
28 20 43
30 14 41
28 17 42
30 13 43
29 12 43
27 11 42
26 13 42
27 17 45
25 19 44
25 20 46
26 17 46
27 17 49
25 21 49
24 11 44
24 18 46
24 19 47
24 17 45
24 30 46
25 28 52
23 32 52
24 32 50
23 22 50
19 19 48
19 18 47
22 19 48
23 21 50
20 21 48
20 18 50
21 17 50
22 23 50
24 32 50
26 29 54
27 26 53
28 24 51
26 28 48
28 32 46
31 33 50
13 29 47
37 27 53
34 32 53
34 28 53
33 31 52
32 31 52
32 27 52
32 27 51
33 26 49
33 26 49
33 27 52
31 26 53
32 26 52
32 28 53
31 27 55
34 27 54
35 28 53
37 29 51
38 26 50
40 26 46
43 20 45
45 18 45
48 23 47
52 26 49
50 27 48
48 22 47
48 19 46
48 21 44
45 22 41
42 21 38
42 18 36
44 18 34
45 23 32
48 21 32
44 16 33
47 14 34
47 16 35
48 13 35
50 12 37
49 16 37
48 14 36
47 11 41
41 14 41
37 16 43
39 16 43
40 25 41
43 23 39
46 23 39
49 21 40
45 24 40
45 19 41
48 16 41
44 24 40
47 27 42
49 16 42
47 17 39
48 22 37
48 17 35
46 16 34
46 16 35
45 10 35
46 07 29
49 17 30
48 12 34
49 13 33
49 13 32
48 12 33
46 16 35
48 16 34
47 20 37
48 23 40
42 22 37
50 17 40
51 26 45
54 24 51
58 22 51
60 22 47
56 25 40
53 21 35
48 21 33
46 23 31
46 18 29
44 15 26
46 17 25
41 20 27
38 14 28
35 12 26
25 20 25
20 26 29
18 04 24
16 11 27
11 16 33
12 12 33
20 22 41
25 24 58
33 05 55
35 23 60
39 23 60
41 16 55
41 11 57
39 14 47
35 20 42
29 26 46
26 30 42
25 31 42
26 36 46
31 33 49
31 27 51
28 22 53
26 19 62
24 13 62
23 33 62
22 42 62
27 37 60
29 38 54
23 51 49
22 36 49
29 33 45
31 45 44
34 48 41
30 44 42
26 37 43
22 43 44
17 45 48
11 43 51
12 36 46
19 45 44
20 32 54
30 36 52
31 40 45
27 43 45
24 48 47
29 46 45
26 39 44
25 42 46
30 43 57
30 48 54
28 50 58
37 45 63
34 57 63
27 51 59
33 39 62
36 46 49
36 34 40
34 24 38
31 29 39
29 22 46
26 21 49
26 16 54
22 24 43
23 12 52
26 18 52
25 22 44
25 17 43
28 16 47
29 16 46
25 25 47
23 21 49
21 21 49
26 30 40
27 20 37
26 21 42
26 19 41
28 25 41
30 17 45
25 16 41
28 15 39
25 15 46
26 23 47
24 19 53
17 33 61
17 27 58
19 22 54
31 13 38
36 15 30
28 26 29
37 34 41
44 41 55
51 50 55
47 50 56
46 41 61
42 47 62
30 49 61
19 44 63
27 45 55
30 36 48
36 34 41
39 41 46
36 35 62
34 43 59
38 45 52
48 29 56
42 38 58
42 43 57
37 38 52
32 37 50
34 37 53
38 36 53
40 36 46
38 39 45
41 41 45
46 40 51
38 38 61
35 41 62
38 31 60
39 31 58
35 36 52
33 38 46
34 37 44
35 38 46
33 37 48
34 36 49
34 33 52
38 35 56
39 35 54
39 38 58
41 40 55
38 39 54
36 40 51
35 38 49
35 35 48
38 39 52
39 45 53
33 39 53
36 36 55
37 36 54
37 35 52
34 35 52
34 35 50
34 33 54
37 33 53
35 30 53
35 32 53
33 31 55
36 35 50
37 39 56
35 21 55
34 19 54
34 29 51
33 34 50
33 32 52
34 33 54
35 30 53
35 34 52
36 39 52
34 39 53
33 37 53
36 38 54
35 39 52
35 36 53
36 38 53
36 38 54
35 38 55
36 36 52
34 35 51
33 32 50
33 32 50
33 31 53
33 31 54
34 33 54
34 35 54
34 34 50
35 34 50
35 36 49
33 34 55
34 32 53
37 39 55
38 40 55
40 36 53
40 36 53
41 40 50
37 37 51
37 37 52
38 36 52
36 35 51
35 31 57
39 33 56
38 33 54
38 38 52
37 38 48
38 37 50
36 37 51
36 37 52
35 37 52
35 35 51
36 35 51
36 37 53
37 38 54
36 38 52
37 36 51
36 36 51
35 38 50
36 39 52
37 36 53
37 39 53
36 38 54
36 39 53
36 38 52
36 37 52
37 40 51
36 38 52
36 37 52
37 38 52
38 36 51
37 37 52
36 39 51
36 39 52
36 39 51
37 38 52
36 38 52
36 39 51
37 38 52
36 38 52
37 39 53
37 39 52
37 39 52
36 38 52
35 39 51
36 37 52
36 40 51
37 38 51
38 38 51
37 39 53
36 38 52
37 39 52
36 38 51
36 39 51
37 37 51
36 39 51
36 39 53
36 41 52
38 38 52
37 38 52
37 39 52
36 38 52
36 40 50
37 38 51
35 40 52
38 38 52
36 39 52
36 39 51
36 39 51
36 39 52
36 40 51
36 38 52
36 39 51
38 39 52
36 39 52
36 38 51
38 40 51
36 39 51
37 38 51
35 39 52
38 38 52
36 39 51
37 38 52
37 40 52
37 38 52
37 39 52
37 39 51
37 39 51
37 37 51
37 39 52
36 40 52
36 40 51
37 39 51
36 40 52
37 40 50
37 39 52
36 39 52
37 39 51
