11 38 33
11 38 33
12 36 34
12 36 35
13 37 33
14 36 34
12 36 33
12 36 33
12 37 35
11 36 34
12 37 34
14 37 34
12 36 35
10 37 35
13 36 34
12 38 34
13 37 35
13 38 35
12 38 35
12 38 35
12 37 35
12 38 36
12 38 34
12 38 35
13 38 35
13 39 34
12 39 34
13 38 34
12 39 35
13 38 34
12 39 35
13 38 35
12 38 35
13 39 35
13 39 35
12 38 34
12 38 34
12 39 35
11 38 34
12 37 34
13 36 34
11 37 34
13 35 34
13 34 34
12 34 35
12 35 33
09 36 32
08 36 33
09 35 33
11 35 34
12 36 35
12 38 36
13 37 35
13 36 36
15 35 35
16 37 34
14 39 35
12 38 34
12 38 33
10 39 35
12 39 36
16 39 35
15 40 36
15 41 36
16 40 36
13 39 35
12 38 34
13 37 34
17 36 34
12 38 33
01 41 31
02 34 28
10 38 29
17 37 32
17 40 34
11 40 33
10 40 31
10 38 31
11 36 32
15 39 34
14 41 35
15 44 35
16 42 34
13 41 33
12 39 33
11 39 32
11 38 30
14 36 31
15 38 31
12 38 30
10 38 29
10 39 30
10 37 31
10 38 32
11 39 31
14 40 31
20 41 33
21 41 32
21 40 32
18 41 33
18 40 32
16 35 32
14 34 33
10 30 30
10 28 30
12 33 31
17 34 33
15 34 34
13 36 34
12 40 35
08 43 34
09 44 31
08 44 30
04 47 30
00 50 29
04 45 27
06 50 31
09 52 34
11 43 36
14 41 37
15 45 41
13 48 43
16 44 46
16 42 46
16 38 42
18 39 40
22 39 43
29 38 56
33 31 58
32 34 57
35 40 56
39 34 60
34 31 62
27 30 59
22 30 52
22 27 47
25 27 44
25 30 44
22 27 48
23 30 52
23 30 51
24 31 54
25 28 54
26 29 52
26 24 48
26 23 45
26 25 41
28 23 35
28 25 36
31 24 42
21 29 48
24 22 55
18 25 56
24 24 56
24 23 57
27 15 51
22 20 52
20 21 49
20 17 48
21 18 48
22 24 47
24 25 48
24 24 48
23 29 47
22 27 46
21 30 48
22 28 52
23 15 52
17 26 53
22 22 57
27 16 56
26 22 53
25 23 45
27 29 41
22 27 43
17 25 51
18 28 57
21 24 57
25 29 52
27 39 38
29 34 30
32 27 27
31 25 35
25 25 46
20 19 55
11 18 58
17 05 62
17 10 63
19 18 61
22 16 58
22 20 51
22 16 48
20 19 48
23 24 47
24 18 46
23 22 44
26 22 45
29 22 45
30 21 45
30 22 48
31 27 46
33 27 48
36 27 48
35 30 44
33 32 43
35 25 43
35 24 45
36 23 46
36 20 45
34 22 46
36 19 45
36 19 49
36 15 48
40 15 49
40 14 49
39 19 48
42 17 46
40 18 46
39 19 47
37 16 47
38 16 46
39 18 45
39 15 43
38 17 42
39 19 43
37 18 42
37 16 43
37 18 43
38 18 44
36 19 42
39 18 42
39 13 44
39 18 44
38 16 46
39 16 47
38 20 47
40 18 49
38 17 49
38 19 48
38 13 50
35 15 47
37 15 43
38 13 39
41 15 41
44 17 40
41 19 41
40 19 43
38 17 45
37 20 45
38 15 47
38 18 48
36 13 49
36 17 46
36 16 46
39 13 45
39 13 42
36 17 44
40 12 37
37 17 40
38 17 41
38 14 42
38 13 40
37 12 40
38 12 36
35 12 40
36 13 41
37 08 40
35 14 43
35 20 44
38 17 47
37 24 49
39 16 45
38 21 47
39 19 45
37 18 46
39 15 43
36 14 42
38 18 41
37 17 43
39 15 46
36 23 42
38 18 42
38 16 43
37 17 43
35 18 46
33 23 46
32 22 48
31 22 52
31 23 53
31 22 52
32 23 52
32 23 53
35 20 51
32 21 52
32 21 52
33 17 55
31 19 54
27 34 61
25 32 61
27 39 59
28 35 58
30 38 53
29 39 55
29 38 57
34 33 56
35 28 56
36 36 52
36 34 51
36 29 52
37 31 47
36 33 44
39 27 46
34 38 51
36 27 41
43 25 39
42 29 43
44 22 41
46 16 43
44 18 46
42 20 46
43 16 45
43 16 45
40 18 45
41 18 44
41 21 45
42 23 49
40 27 49
41 28 52
42 30 49
42 26 52
38 33 52
39 28 55
41 19 51
41 15 51
33 20 48
27 16 53
30 20 47
36 23 57
35 18 55
34 28 51
39 28 52
38 28 54
38 31 52
39 28 53
39 32 52
41 31 51
40 31 52
40 35 50
39 31 50
40 32 49
41 27 50
40 25 52
41 25 52
40 24 50
42 25 48
41 25 50
38 26 51
38 29 51
39 30 50
43 31 50
45 35 48
49 33 46
49 31 49
48 30 49
46 28 49
44 24 48
43 23 49
41 21 48
42 21 48
40 23 47
42 25 45
42 27 46
43 27 45
45 22 46
45 21 47
45 24 48
42 25 47
42 25 49
44 23 49
43 19 50
41 19 47
40 18 47
38 22 47
38 19 51
39 20 52
42 20 52
44 22 51
44 23 49
44 25 46
45 25 47
46 21 47
42 19 46
40 19 47
40 13 46
41 17 45
44 20 44
44 19 47
44 18 45
45 19 45
43 21 48
41 20 47
42 24 47
40 34 49
47 26 39
47 25 37
49 34 36
53 22 29
51 24 32
49 24 37
48 22 34
48 20 35
46 19 39
45 15 42
42 13 43
41 08 46
40 11 48
39 12 46
42 14 43
42 19 42
42 18 41
45 16 41
44 17 41
42 17 40
42 15 39
41 15 42
40 12 42
43 14 41
42 14 40
41 16 41
43 16 38
44 17 40
45 18 39
44 17 38
43 20 39
45 20 40
46 21 39
50 19 35
51 19 36
52 19 34
49 18 35
48 17 34
46 20 32
45 16 34
47 17 34
45 21 35
46 17 37
47 17 37
46 14 39
49 13 37
52 13 33
50 19 30
48 20 30
45 16 34
45 20 35
42 18 36
45 16 33
49 19 31
49 21 27
49 19 28
46 21 29
47 16 29
46 15 35
47 13 37
46 13 40
44 14 39
45 11 40
45 13 38
45 14 36
44 17 35
44 15 33
46 18 32
47 18 31
46 17 28
46 20 34
48 16 34
47 15 35
46 16 36
48 18 36
47 21 35
50 23 31
50 18 31
50 18 31
49 17 34
48 14 33
48 16 34
48 17 33
48 18 31
46 21 30
45 19 30
39 23 30
45 19 34
48 17 35
52 18 39
49 18 42
44 17 41
39 17 42
39 20 44
45 18 44
43 21 44
43 21 45
43 21 47
44 21 48
43 19 51
38 17 44
37 14 53
36 16 51
37 15 50
41 12 47
41 18 49
41 17 53
40 24 49
41 31 48
44 16 47
41 21 38
47 26 35
51 20 44
51 23 45
48 23 49
55 20 49
57 23 49
54 24 40
41 06 17
34 30 22
41 19 36
51 20 44
51 18 47
50 22 45
47 25 40
45 28 40
42 22 38
41 21 35
44 21 40
50 16 42
50 20 41
43 35 51
49 25 50
42 22 46
48 23 49
52 26 50
55 22 57
55 20 54
52 29 52
51 33 47
51 30 45
48 42 36
49 43 36
53 23 43
47 27 45
51 30 49
49 30 46
46 37 38
46 39 36
49 38 37
46 35 37
45 30 28
45 24 28
48 32 35
55 33 37
53 28 34
56 18 31
54 26 25
53 27 21
50 22 25
56 31 21
52 31 22
50 30 23
51 28 25
50 29 27
49 31 30
48 30 30
46 24 32
49 21 33
51 20 32
53 15 33
52 19 32
57 11 34
56 18 32
57 27 31
61 18 32
59 14 32
56 18 36
52 18 38
51 18 39
47 22 40
44 22 38
42 24 41
42 22 42
42 22 42
38 22 42
38 19 42
36 24 46
35 19 46
31 24 44
30 31 50
30 18 48
28 17 47
29 17 48
29 14 46
28 16 46
26 17 48
25 14 43
22 18 42
19 24 44
18 16 42
17 14 35
17 20 30
18 20 30
19 20 30
17 20 26
13 21 22
15 32 28
15 29 35
13 28 39
08 27 44
15 25 46
21 25 56
25 26 61
22 31 59
31 48 63
19 36 54
33 49 57
32 41 58
34 31 53
34 36 50
31 34 46
32 37 49
35 37 54
32 39 53
28 41 52
29 36 53
27 33 52
23 33 49
21 29 45
18 26 51
18 21 58
22 22 53
20 22 47
22 23 46
24 23 48
25 24 47
26 26 43
30 25 39
32 23 39
34 26 39
33 29 43
34 26 43
35 29 45
35 29 51
33 33 53
32 34 56
30 41 61
24 47 63
28 29 63
33 26 59
36 30 50
36 42 48
35 38 48
33 37 54
31 34 56
30 31 54
31 30 53
29 30 52
30 30 52
30 31 53
32 32 54
32 32 54
31 34 53
32 34 52
30 36 52
29 37 52
28 36 53
30 35 52
31 34 52
31 34 53
30 34 54
30 32 54
31 33 52
31 33 52
31 33 54
31 33 53
30 33 52
30 34 53
31 34 52
31 33 53
31 33 52
29 35 53
30 35 54
29 34 53
30 34 52
30 33 53
31 33 52
30 33 53
31 33 53
30 33 53
30 33 53
30 33 52
30 34 52
30 34 54
31 34 54
29 34 52
29 32 52
31 33 53
31 34 54
30 33 53
30 33 53
31 34 52
30 34 53
30 33 53
30 33 53
30 33 53
31 34 53
30 33 52
30 32 52
30 33 53
31 35 53
30 35 53
31 33 53
31 34 53
31 34 52
30 35 53
31 34 53
29 34 52
31 34 52
31 34 53
30 34 53
30 33 54
31 33 54
30 34 53
30 34 52
30 34 52
31 34 52
31 34 52
30 33 53
30 33 53
31 33 53
31 34 54
