11 34 33
11 34 33
10 36 33
11 36 32
09 34 32
10 32 30
13 34 33
12 35 34
12 35 34
12 36 33
12 37 36
12 38 36
13 38 38
14 37 36
13 39 36
13 39 34
11 38 35
13 37 37
15 38 37
11 36 35
09 39 37
09 34 34
11 39 33
14 46 35
14 38 32
13 44 32
12 41 30
12 41 30
13 38 29
12 40 28
14 38 27
14 37 27
14 40 29
14 42 30
14 41 27
13 43 30
14 43 31
12 42 34
12 41 32
12 43 30
13 44 29
14 42 29
13 40 28
13 41 27
12 40 29
13 41 29
14 40 29
14 42 30
15 41 29
13 41 30
12 40 30
12 40 31
14 42 31
15 42 30
13 45 30
13 45 31
12 38 32
15 43 34
14 35 32
14 37 31
14 40 31
13 43 32
11 39 31
13 41 35
14 43 36
13 43 36
12 41 40
10 38 38
11 40 40
13 40 40
12 42 37
11 45 41
13 44 36
14 46 35
12 49 36
11 45 34
14 43 33
15 46 27
20 50 26
24 48 28
24 52 31
25 45 35
29 44 27
32 46 28
31 49 31
29 44 31
28 45 35
28 47 35
26 47 40
26 43 42
25 41 38
21 40 41
20 37 40
17 37 40
12 40 38
12 43 39
11 42 41
10 42 37
07 39 38
07 35 36
06 42 35
06 37 36
09 33 39
13 43 35
12 39 30
10 42 27
10 41 27
07 38 29
07 37 30
08 38 28
08 37 27
04 40 22
04 41 26
05 43 25
13 47 25
18 46 33
20 44 35
19 41 36
24 52 41
22 44 38
25 40 33
22 38 39
26 38 34
21 38 31
16 41 30
12 45 26
06 47 22
01 38 12
03 43 19
15 48 35
16 43 35
13 42 32
13 43 34
13 43 33
12 43 29
12 43 29
15 43 30
15 42 32
17 44 34
16 44 35
15 44 33
13 44 33
12 44 34
12 45 30
15 44 32
15 44 35
16 48 32
14 48 35
12 49 34
15 46 36
15 44 36
16 44 34
16 43 33
17 44 35
15 42 36
12 42 33
12 42 32
13 44 35
14 44 36
15 44 37
20 47 38
20 46 37
19 41 36
19 41 36
16 44 34
17 45 36
13 42 38
16 41 39
13 45 42
10 44 40
17 41 41
24 51 46
20 46 49
16 42 43
18 45 42
14 44 37
14 42 41
19 43 43
17 42 44
18 36 42
17 45 37
12 35 45
18 48 42
12 44 41
13 34 43
20 44 40
19 44 40
21 35 35
12 45 37
10 45 38
13 41 38
14 42 42
18 45 34
14 44 41
09 36 45
13 44 48
11 35 46
16 30 48
22 29 51
24 28 47
26 36 45
29 36 41
29 38 41
29 41 38
26 42 36
22 43 39
14 45 42
05 33 62
08 49 62
17 45 53
23 40 50
26 42 50
27 41 49
24 42 45
22 45 47
22 43 47
21 44 45
22 43 46
21 45 47
19 42 48
22 41 49
22 41 47
21 41 48
22 40 46
22 40 46
21 41 47
21 41 47
21 41 47
22 41 47
22 43 48
20 41 47
21 40 48
20 41 46
19 42 48
21 42 48
20 42 46
21 42 47
20 43 47
22 41 46
20 41 47
22 41 47
22 40 47
21 41 48
21 41 47
21 41 47
22 42 47
21 41 46
22 42 47
21 41 46
21 41 48
21 42 47
20 42 47
20 41 47
22 42 47
21 41 47
21 42 48
21 41 46
20 41 47
21 42 47
21 41 48
20 42 46
21 41 46
21 43 47
22 41 47
21 42 46
20 41 46
21 41 47
21 41 48
21 41 47
22 42 48
21 41 48
21 42 47
20 41 47
19 42 47
21 42 47
21 43 46
21 40 47
20 41 48
21 40 48
22 42 47
22 42 47
21 41 47
21 41 47
20 41 47
21 41 47
21 41 47
21 41 47
20 42 47
20 42 47
21 42 46
21 41 48
22 41 47
22 42 47
20 41 47
20 42 47
21 42 47
21 43 47
21 41 47
21 41 47
21 42 47
21 42 47
21 40 47
21 42 47
21 41 48
20 42 45
22 41 47
21 42 46
21 41 48
21 41 47
21 43 48
20 43 46
20 41 46
21 40 47
22 40 47
21 41 46
21 41 47
21 40 48
21 42 48
21 41 47
22 41 47
22 42 46
21 41 47
21 42 47
20 42 47
21 41 47
22 41 48
22 43 46
21 41 47
21 42 48
21 41 47
22 41 47
22 41 47
20 41 47
21 43 47
19 41 47
22 40 47
22 41 48
21 41 48
22 41 48
22 42 46
21 41 47
21 42 47
23 44 47
21 41 46
21 41 46
20 43 48
21 42 47
21 42 47
20 41 47
21 42 48
21 41 46
21 41 47
22 42 48
21 40 48
21 42 47
20 40 47
21 42 47
22 40 47
22 41 46
22 43 48
21 41 47
21 41 47
20 41 47
22 41 47
21 41 46
21 42 48
20 42 48
20 43 47
21 42 47
20 41 47
22 41 48
21 41 47
21 42 47
21 41 47
22 41 48
23 42 47
21 42 47
21 42 47
23 42 47
21 42 47
23 40 46
20 41 48
21 42 47
21 43 48
21 42 46
21 41 47
22 41 47
22 42 46
22 40 47
22 42 47
20 42 47
21 42 47
21 41 47
22 41 47
21 41 47
22 41 48
21 42 47
22 41 48
21 43 47
21 41 46
23 42 47
22 42 46
22 43 47
22 42 47
21 42 47
21 41 47
22 41 47
20 41 47
21 42 47
22 42 47
21 41 47
21 42 46
22 41 47
21 41 46
22 41 47
22 42 47
21 41 47
22 42 46
21 42 47
20 41 47
20 41 48
22 43 47
22 41 46
20 42 48
22 42 47
21 42 48
21 42 46
22 42 48
21 42 47
22 42 47
21 42 48
20 42 47
20 41 47
22 42 48
22 42 47
22 41 47
22 41 47
21 41 47
21 41 47
