13 39 36
13 38 36
13 39 36
13 39 36
12 39 35
13 37 37
14 39 36
13 38 36
14 38 35
13 38 36
12 39 36
13 38 36
13 38 35
13 37 36
13 39 35
12 38 36
12 39 35
14 38 35
13 38 35
11 38 37
12 38 35
13 38 36
13 38 35
14 39 36
12 37 36
13 38 36
13 39 35
12 38 36
13 38 36
13 39 36
13 39 35
13 40 36
13 38 36
13 37 35
13 39 35
13 39 36
13 38 34
13 37 36
13 38 34
14 38 34
14 39 35
14 38 34
14 39 35
13 38 34
14 36 34
13 38 33
15 38 32
16 37 29
17 37 29
12 38 29
13 38 28
13 38 29
14 39 29
13 39 29
11 39 33
11 38 33
11 38 34
12 39 32
13 41 31
13 40 30
13 38 29
15 39 30
13 39 29
16 39 30
14 40 30
14 37 29
14 38 28
12 37 27
12 38 26
14 36 28
13 37 28
12 37 27
13 39 28
13 36 28
12 39 29
12 38 29
12 38 30
11 40 30
12 39 29
13 39 27
07 39 27
08 37 26
06 39 26
04 39 26
03 38 25
08 37 25
12 38 27
16 40 28
19 39 32
20 36 37
20 42 36
19 43 37
16 45 39
14 42 36
12 42 35
13 41 34
12 42 36
12 42 36
14 44 36
15 44 37
17 42 37
16 43 38
14 43 40
15 42 40
15 42 41
16 42 42
17 43 40
17 43 42
17 43 42
17 42 41
17 41 42
17 43 43
16 41 42
18 43 43
17 42 43
19 43 43
19 43 42
18 42 43
18 43 43
18 43 43
18 43 42
17 41 44
17 43 46
17 41 46
18 42 42
18 43 42
19 40 43
21 43 42
18 45 40
19 45 38
19 46 39
18 46 41
20 46 41
18 45 41
18 43 42
19 47 44
22 47 41
25 47 42
23 52 44
21 52 46
20 49 46
21 48 45
21 44 44
22 48 46
26 47 45
25 44 47
23 45 46
20 48 48
22 47 47
23 45 47
23 41 46
25 39 47
26 40 48
25 35 50
24 35 50
25 36 48
25 34 51
23 34 50
26 35 50
24 36 50
23 39 50
24 37 51
25 38 50
25 39 50
24 41 51
25 45 52
25 43 50
27 45 50
25 49 51
27 46 50
28 43 48
28 41 49
27 40 50
28 35 51
30 33 51
30 34 50
28 32 52
29 35 53
27 38 51
28 35 50
27 36 50
27 37 53
27 37 52
27 36 53
27 38 53
28 38 53
29 36 54
33 35 54
30 36 53
31 35 53
29 36 53
31 36 53
29 36 52
28 35 49
28 36 50
26 35 52
25 34 51
26 32 51
29 34 53
32 31 52
33 28 49
33 31 49
34 32 51
32 33 51
30 33 52
28 33 52
29 35 53
27 34 54
27 34 55
28 31 55
29 30 55
28 30 54
29 32 53
31 32 51
31 30 52
28 30 52
29 30 52
29 30 52
29 30 50
27 31 51
27 30 53
29 30 54
26 30 53
27 31 53
29 31 53
29 30 51
29 30 53
28 31 52
29 31 52
29 31 51
29 29 53
27 30 53
28 30 52
28 31 52
30 31 52
29 30 52
27 30 52
28 31 52
28 32 53
28 30 52
28 31 53
28 30 52
28 30 52
27 31 52
28 31 53
28 31 53
28 31 53
28 30 52
27 30 51
28 30 52
29 31 51
28 31 52
29 30 52
29 31 53
29 31 52
29 31 53
30 31 53
28 31 52
28 30 52
28 31 52
27 31 53
28 32 52
28 32 52
28 31 52
28 32 53
29 31 52
27 31 52
28 30 52
28 30 52
29 30 52
28 31 52
29 31 52
28 31 52
29 31 53
28 31 52
27 32 52
29 33 53
28 31 52
29 32 52
28 32 52
28 31 52
28 32 53
28 30 53
28 31 53
28 31 53
27 31 53
28 31 53
27 32 52
28 32 52
28 30 52
29 31 52
27 31 52
29 31 52
28 32 53
29 32 52
27 30 53
29 31 52
29 32 53
28 31 53
28 31 52
28 30 52
