02 11 34
11 33 32
12 35 28
12 36 29
12 34 28
11 34 29
12 36 30
12 35 31
11 35 30
12 37 31
12 37 32
12 35 30
13 37 29
12 37 30
14 39 29
10 39 28
13 38 29
14 40 29
13 41 30
13 40 29
13 41 30
12 39 30
13 39 29
14 40 29
13 40 27
13 39 29
13 40 30
14 39 29
15 40 29
13 41 30
14 41 31
14 41 30
13 41 30
13 42 29
14 41 30
16 43 31
17 42 31
14 43 29
11 42 26
14 41 27
14 40 29
13 41 30
14 42 29
13 42 30
15 42 31
14 41 30
14 43 31
14 43 31
15 43 31
16 45 33
15 46 36
16 47 37
17 47 39
15 53 38
12 54 37
14 47 37
11 42 36
13 48 34
14 46 33
16 41 30
16 41 36
19 39 27
20 36 24
21 40 29
24 44 36
25 44 36
25 46 38
18 47 39
18 49 40
13 46 41
09 46 40
10 41 41
09 41 39
09 40 45
11 35 41
10 34 35
10 35 35
12 42 31
13 43 31
12 39 31
08 37 33
12 40 34
14 43 33
12 39 31
14 38 32
12 37 31
09 37 33
11 40 31
10 37 31
10 39 30
11 39 29
12 38 29
13 37 29
11 40 29
11 39 28
19 32 29
16 38 32
14 43 27
11 38 24
14 39 26
16 47 28
16 37 26
19 40 27
17 44 26
15 42 24
14 44 24
15 43 21
15 46 22
15 46 22
20 39 27
21 44 27
26 39 27
18 46 29
14 52 20
11 42 16
16 37 23
18 46 23
16 42 21
12 37 26
17 44 24
15 44 21
13 42 20
14 43 20
18 42 21
17 41 22
11 39 19
16 43 30
12 36 29
16 33 19
21 37 29
17 32 22
15 33 19
19 35 22
16 36 29
13 37 23
20 39 30
19 53 33
13 44 31
13 55 27
10 62 41
13 56 37
19 51 28
20 52 40
23 58 53
27 62 63
27 50 63
28 45 54
31 44 45
32 45 31
39 46 20
41 45 16
38 44 18
30 42 33
27 35 33
15 38 40
12 40 54
10 37 48
06 45 53
08 47 56
07 37 47
13 37 43
17 48 43
16 39 42
17 34 43
18 35 42
17 42 44
14 47 43
05 32 37
16 52 43
17 50 45
18 33 44
24 50 42
17 40 43
20 41 42
18 42 42
18 41 42
18 43 44
19 45 44
19 42 41
20 45 44
17 48 46
20 47 42
16 50 46
14 51 47
16 45 40
17 45 42
17 43 46
22 35 46
24 43 42
25 40 45
28 41 47
25 31 47
23 32 50
22 34 51
22 40 49
23 43 48
21 43 45
19 41 47
19 41 49
20 40 49
20 41 48
21 42 49
20 43 49
21 44 48
22 42 47
23 42 46
23 42 47
22 41 48
22 42 47
22 41 48
21 39 48
21 40 47
21 41 47
20 41 48
21 41 47
20 40 47
21 41 46
22 42 47
22 40 48
21 41 47
21 41 47
21 42 48
21 40 48
22 42 47
22 39 47
22 41 47
21 41 47
22 41 47
21 40 47
21 41 47
21 42 47
21 41 48
20 41 47
20 42 47
22 41 48
21 41 48
22 41 48
21 41 47
21 42 46
21 42 48
21 42 47
21 41 47
21 42 47
21 41 46
21 40 47
21 42 48
20 42 47
21 41 47
22 40 46
21 42 47
21 41 47
21 43 47
22 42 48
21 42 47
22 41 47
22 42 47
21 43 48
22 41 47
21 41 48
21 41 47
20 41 47
21 42 47
22 41 48
21 42 47
21 41 47
22 41 47
21 42 46
22 40 46
21 41 47
21 42 47
21 41 46
21 42 47
22 40 48
21 42 48
22 42 47
21 42 47
23 41 47
21 42 47
21 41 47
22 41 46
21 43 47
22 42 48
22 42 48
21 42 47
20 42 47
22 42 46
21 41 48
21 41 46
20 42 46
22 42 46
21 42 47
22 42 47
22 43 47
20 41 48
21 42 47
21 42 47
21 43 48
