21 46 42
21 46 33
21 46 42
21 45 41
22 47 42
20 47 42
19 44 41
23 44 41
25 37 41
25 37 40
23 35 39
20 39 38
18 42 36
15 43 38
14 46 38
13 45 37
13 43 38
12 41 37
13 42 35
11 41 36
11 42 35
09 43 36
12 43 37
08 43 39
09 41 39
11 40 36
13 38 34
15 37 33
15 35 33
12 36 31
08 35 31
07 36 30
07 36 28
09 34 29
08 33 28
07 33 27
07 32 27
10 33 28
11 33 28
13 34 28
13 34 28
15 33 27
13 34 27
13 34 28
13 33 27
12 32 27
12 33 28
11 34 29
13 33 29
14 35 32
11 34 34
12 33 33
11 32 33
13 32 33
11 30 33
13 29 32
13 29 32
12 29 31
13 28 32
11 30 32
11 28 31
11 30 30
09 30 30
09 30 30
09 31 30
11 29 30
11 28 30
10 31 30
10 31 31
13 31 31
13 31 31
13 32 31
13 33 31
11 33 31
11 34 33
09 33 33
11 34 34
12 33 34
12 34 33
14 33 34
13 34 34
13 35 34
12 35 34
10 35 33
11 36 33
12 37 34
12 36 34
13 36 34
14 37 33
13 39 34
14 38 35
12 38 34
14 38 34
14 33 36
11 32 35
07 37 32
11 38 32
13 38 31
14 35 29
15 36 28
13 37 26
12 37 27
13 36 27
12 38 27
14 38 27
12 39 28
11 38 29
13 38 28
15 36 29
14 38 28
13 37 28
13 37 29
14 35 30
16 36 28
16 36 29
14 37 29
14 38 30
16 35 32
15 38 32
17 39 31
16 34 33
14 33 32
14 33 30
12 37 31
02 38 37
04 32 39
08 38 35
13 39 35
13 39 36
15 40 33
15 40 31
12 39 27
11 42 25
09 37 22
11 35 24
12 36 26
13 35 25
13 38 26
13 40 28
14 41 30
16 42 33
14 44 33
13 47 36
10 53 41
13 51 46
15 63 63
24 55 61
26 32 41
30 31 40
29 37 43
25 42 46
19 42 51
17 41 50
14 46 49
15 46 46
17 44 46
21 43 47
21 41 45
20 41 44
22 43 43
22 43 44
22 43 45
22 43 45
21 44 45
19 43 47
20 41 48
21 44 47
21 43 46
23 44 46
22 43 47
21 42 46
22 43 45
23 44 45
20 44 44
20 45 44
20 45 44
21 45 44
20 46 44
22 45 44
21 45 43
21 46 44
20 44 44
23 48 45
21 46 45
21 47 44
21 46 44
21 47 42
21 48 42
22 46 41
22 46 44
21 47 43
21 47 43
21 46 43
21 46 43
23 47 43
22 48 42
22 48 40
22 49 38
24 50 38
24 50 40
23 49 39
24 50 40
23 50 40
24 52 40
25 51 40
25 51 40
27 49 39
26 50 42
27 49 42
24 52 42
26 52 43
29 51 48
31 49 50
32 46 51
30 44 50
32 44 49
32 43 48
33 42 50
31 42 49
31 43 49
33 46 49
34 47 49
34 45 51
35 43 50
36 42 51
35 40 51
35 41 50
33 42 49
35 45 53
35 43 54
34 41 52
36 47 50
38 47 53
46 38 58
56 45 58
47 47 57
42 45 50
36 39 47
32 41 48
25 43 48
25 40 50
26 39 53
28 42 48
30 43 44
32 44 40
31 40 38
29 41 36
27 38 36
27 35 39
26 36 41
25 38 48
22 56 63
15 19 63
31 41 63
29 39 51
40 36 43
41 34 39
40 34 43
39 37 51
36 42 56
36 40 56
39 38 49
38 42 46
37 40 43
39 39 52
42 38 58
37 41 60
40 43 55
40 43 50
40 40 49
36 40 50
37 42 48
41 44 50
41 43 50
38 38 47
37 36 44
38 39 44
37 42 45
37 43 47
37 46 53
34 43 59
31 33 61
28 30 59
31 36 52
34 39 48
37 42 46
41 42 44
39 40 43
39 46 46
36 48 54
35 44 57
34 37 58
34 37 54
33 39 50
34 38 49
34 38 48
36 40 51
35 42 52
36 42 52
35 41 50
37 41 49
37 40 50
37 40 52
36 42 53
35 45 52
35 40 47
35 38 45
34 37 51
33 43 56
34 42 53
35 44 51
36 44 50
37 42 52
36 39 50
35 40 49
36 37 49
35 40 51
35 41 55
35 42 53
37 42 50
36 43 50
36 41 50
35 42 50
35 36 50
34 40 51
35 41 53
35 41 52
36 40 50
34 40 51
35 40 50
35 41 51
35 41 51
36 41 51
35 40 51
35 40 50
35 41 51
34 41 51
36 41 51
34 41 51
35 41 51
35 41 52
35 42 52
35 42 51
35 40 50
35 41 51
35 42 51
36 40 51
35 41 52
34 41 51
35 42 50
36 42 51
36 40 51
34 42 51
34 41 52
36 41 51
37 42 51
35 41 50
35 41 51
35 41 51
35 42 52
34 40 51
35 42 51
35 41 52
35 41 51
35 41 51
35 41 50
35 42 51
35 41 52
35 41 51
35 41 51
35 41 51
35 41 51
35 41 52
36 41 51
35 41 51
36 40 52
35 40 51
35 41 51
34 41 51
36 41 51
35 41 51
34 41 50
35 40 51
34 42 51
35 41 51
34 40 52
36 42 51
35 41 51
36 42 50
35 42 50
34 41 50
35 40 51
34 40 52
35 41 51
35 41 51
35 42 51
34 40 50
36 40 52
34 41 51
36 41 50
36 40 51
36 42 51
35 41 51
35 42 51
35 40 51
35 42 52
34 41 50
34 41 50
