13 39 33
13 39 33
13 33 39
12 39 32
13 38 33
12 37 34
11 39 33
13 39 32
13 39 33
11 39 33
11 39 33
12 37 33
14 38 33
12 38 33
13 38 33
13 39 34
13 38 33
13 39 34
13 38 34
13 38 33
12 40 33
12 39 34
11 38 33
12 40 33
13 38 33
12 39 34
12 41 33
12 40 32
12 40 34
14 41 32
13 41 33
14 40 33
14 41 33
14 40 32
14 40 33
15 40 33
15 42 32
14 43 33
14 41 34
16 46 32
16 44 33
15 45 34
16 43 34
15 41 35
17 41 32
17 43 34
19 41 33
17 42 33
17 40 31
18 40 32
16 41 29
11 49 28
13 41 31
09 43 24
08 49 27
11 35 28
11 45 36
17 49 43
15 46 39
15 45 31
16 44 27
12 45 25
09 45 25
07 43 29
09 43 30
13 42 32
14 42 32
16 44 28
16 43 28
15 42 30
14 41 28
13 43 30
13 42 29
13 43 29
14 43 29
15 43 31
13 42 30
14 41 29
15 42 28
13 42 28
15 40 28
16 42 29
15 41 28
11 42 28
14 41 28
16 40 28
13 43 26
12 43 26
14 40 29
13 41 30
13 38 29
13 38 30
12 40 32
11 35 27
10 34 30
09 37 31
10 37 28
10 32 31
10 35 28
12 30 24
17 35 30
14 39 37
13 32 31
10 34 28
10 32 29
12 34 32
11 33 31
11 31 30
10 34 31
09 34 32
12 30 27
12 34 31
10 31 31
11 31 31
10 32 34
09 28 31
13 31 32
13 34 36
13 33 34
14 32 25
14 33 34
13 34 33
11 30 31
11 31 34
10 32 35
10 34 32
12 32 32
11 33 34
11 35 33
11 33 36
09 32 37
10 33 36
08 34 36
10 33 38
12 34 37
12 33 41
12 30 42
08 32 45
08 38 37
10 31 37
17 32 34
23 35 33
28 31 35
31 32 47
31 49 55
31 37 55
26 31 53
25 36 56
17 51 61
23 43 52
25 37 48
26 40 47
25 35 45
20 31 42
18 35 44
14 38 46
11 34 45
10 35 40
14 36 44
14 39 47
14 35 43
13 39 42
13 36 41
19 37 42
13 47 40
12 40 46
13 41 45
18 39 41
15 46 44
17 36 43
16 45 46
15 41 45
17 34 38
14 38 38
09 35 46
15 33 39
13 33 43
13 29 44
16 31 37
15 32 44
16 32 37
14 32 41
12 33 40
13 37 39
12 36 41
10 34 42
15 37 41
16 30 44
14 31 44
14 29 39
15 28 34
13 27 34
09 31 39
11 25 37
13 26 33
14 33 49
19 29 43
21 29 41
21 28 49
19 33 56
19 32 55
15 32 51
15 29 47
16 29 43
17 28 41
20 26 40
22 24 41
20 25 44
20 24 48
20 25 49
20 27 51
20 28 50
20 26 46
19 27 44
17 27 45
17 30 47
18 31 50
16 31 48
18 31 44
20 32 44
21 33 45
21 35 51
19 35 53
18 35 50
16 33 48
17 32 45
19 35 46
19 32 47
20 33 46
19 32 47
19 32 49
18 31 49
19 31 50
21 31 49
19 31 47
19 30 48
18 30 48
19 32 48
19 31 47
19 31 49
20 31 49
18 31 48
19 31 47
19 32 47
20 31 48
20 30 48
19 30 48
18 31 47
19 32 48
19 31 47
20 31 48
17 30 48
19 31 48
19 31 48
19 31 48
19 31 48
18 31 47
20 30 47
20 31 48
18 32 48
19 30 48
19 32 48
19 31 48
19 31 49
19 31 48
19 30 47
19 32 48
19 31 47
19 31 47
19 30 47
20 31 49
19 31 49
20 31 48
19 31 48
19 31 47
18 31 48
17 32 48
19 30 47
17 29 47
19 31 48
18 31 47
19 31 48
20 31 48
20 30 48
19 32 48
20 32 47
19 30 48
18 31 49
19 31 48
19 31 48
19 30 47
18 30 47
19 31 48
19 31 47
19 31 48
20 30 48
19 30 48
20 31 49
19 31 49
19 30 48
19 31 48
19 30 48
