12 30 28
11 32 26
12 32 28
11 31 28
11 32 27
12 33 27
12 32 27
12 30 27
11 32 27
12 33 28
12 34 28
12 34 29
12 32 28
12 33 27
13 32 28
11 34 28
11 34 29
13 35 29
13 34 31
13 33 31
11 34 31
13 35 31
12 36 31
13 34 31
13 35 33
11 34 32
11 35 31
12 35 33
12 34 31
12 34 33
12 34 34
11 34 32
12 34 32
13 35 33
11 35 32
12 35 33
12 35 33
11 36 33
12 36 33
12 35 33
12 36 33
11 35 33
12 37 32
12 35 32
11 36 32
12 37 33
12 34 33
12 35 32
12 35 33
12 35 32
10 37 32
12 35 32
11 35 33
11 35 33
11 36 33
13 34 32
11 36 32
11 36 33
10 35 32
12 36 32
12 35 32
12 35 33
13 36 33
13 38 33
12 43 36
13 41 35
11 43 37
10 44 37
10 44 36
11 43 36
12 42 37
13 43 35
16 43 37
15 45 39
15 45 40
17 43 39
17 43 38
16 42 38
17 43 36
17 42 35
17 40 34
20 38 34
21 40 35
19 38 34
19 38 36
18 39 37
18 37 38
16 37 39
13 37 39
13 37 41
12 36 38
10 36 41
12 36 39
13 37 38
11 37 38
13 35 33
14 37 35
13 36 32
11 36 36
09 33 38
07 34 39
05 34 38
08 38 37
08 36 35
09 39 33
13 32 33
12 36 34
10 40 34
10 37 31
10 40 32
08 37 31
09 37 31
11 38 35
11 38 30
14 39 30
13 39 31
12 39 29
12 42 32
12 40 32
14 38 32
14 39 30
14 40 29
15 41 29
14 40 32
13 37 35
11 38 31
12 42 31
14 41 33
15 43 31
14 44 31
13 42 31
13 44 30
12 45 34
13 46 36
11 46 36
13 44 34
15 42 36
16 41 35
14 42 33
12 41 33
09 39 34
08 37 36
08 40 34
09 42 36
09 41 42
12 38 39
16 33 42
16 33 46
20 29 44
17 35 43
11 36 51
14 42 55
13 34 50
14 42 41
14 38 41
15 36 41
17 34 41
14 29 38
17 35 44
20 35 42
19 34 44
19 34 41
14 31 46
14 26 39
13 32 38
13 28 35
14 41 31
15 29 27
14 13 27
14 28 36
12 28 40
13 26 39
11 20 36
12 23 35
11 25 36
11 25 37
12 28 37
13 24 37
14 26 38
13 29 39
14 27 38
15 26 37
15 29 40
12 27 41
12 29 38
12 27 38
09 27 40
09 29 40
09 28 37
07 31 35
06 31 35
06 40 35
08 42 33
14 39 33
22 49 33
33 49 34
29 38 41
29 39 44
24 42 45
20 49 57
22 46 57
25 63 51
16 57 34
13 51 32
09 50 32
10 48 38
15 51 40
17 47 40
16 45 39
17 45 37
17 43 38
15 45 38
16 42 41
17 43 39
15 40 38
15 40 38
16 39 38
16 40 38
17 42 41
18 43 40
20 42 43
19 40 44
19 44 45
16 42 42
17 49 41
16 44 44
18 47 43
22 46 41
22 45 39
17 48 40
14 41 41
15 46 43
16 43 45
16 43 42
15 41 42
19 37 39
16 42 41
13 25 38
21 55 44
08 45 44
22 32 39
26 54 41
22 48 42
24 38 39
22 55 46
11 45 51
20 47 44
19 53 46
19 45 48
18 43 43
16 43 40
18 43 47
15 39 48
15 31 50
17 25 48
15 30 47
16 32 47
17 33 44
18 30 43
19 31 41
21 32 41
22 34 41
24 34 43
24 31 46
25 34 50
28 36 54
28 35 56
23 35 54
16 36 51
16 37 52
14 38 48
15 38 47
19 37 46
19 35 47
18 34 46
19 33 47
19 34 47
19 34 47
19 34 48
17 36 49
17 33 48
19 34 48
19 35 46
19 34 47
19 36 47
19 33 47
19 34 48
19 34 48
19 34 48
19 34 48
19 34 47
18 34 47
18 33 49
19 34 48
19 33 47
18 34 47
19 32 48
18 34 48
18 34 48
19 34 47
18 33 48
18 32 48
19 34 47
18 34 47
18 33 47
18 34 47
17 33 48
18 33 47
19 34 47
17 33 47
20 34 47
19 32 48
18 34 47
19 34 48
18 34 47
19 34 48
19 33 47
18 34 47
18 33 48
18 34 47
19 35 48
20 33 46
18 32 48
20 34 47
18 35 47
19 33 47
18 33 48
17 33 47
18 34 48
18 34 47
17 34 47
18 34 48
19 34 48
19 33 48
19 33 47
21 34 47
18 34 47
19 32 47
18 33 49
18 33 50
19 33 51
20 33 54
23 32 54
25 34 53
26 35 51
27 34 48
27 41 47
27 38 47
26 39 47
24 43 46
21 34 46
21 37 47
19 36 48
16 34 46
13 34 49
13 40 50
17 40 52
22 36 49
26 34 49
26 36 51
25 35 53
24 33 54
24 34 54
25 35 53
24 34 51
23 35 50
24 35 50
24 35 49
24 35 49
22 34 50
23 34 51
23 34 50
24 34 50
23 35 50
24 36 50
23 36 51
23 37 50
22 35 49
24 36 51
24 36 50
23 36 50
23 35 50
24 35 50
24 34 50
23 35 51
23 36 50
24 35 51
23 35 50
23 34 51
22 35 50
23 37 50
24 36 50
23 35 50
24 36 51
24 36 50
24 36 50
23 34 51
23 35 50
23 35 50
24 36 50
23 35 50
23 35 50
24 36 50
23 35 50
23 35 50
23 35 50
23 36 52
23 38 50
23 35 50
23 36 50
24 35 50
23 36 51
23 36 51
23 35 51
23 35 51
23 35 50
23 35 50
23 35 50
25 35 50
23 34 50
23 35 51
23 35 50
22 36 51
22 34 51
23 35 50
24 36 50
25 34 51
23 36 51
23 35 51
23 35 51
23 36 50
23 35 51
24 35 51
23 36 50
23 35 51
23 35 50
23 35 50
23 35 51
23 35 51
24 36 49
23 36 50
24 36 50
23 35 50
24 36 50
23 35 50
24 34 50
24 34 51
23 35 51
24 34 50
24 34 50
23 35 50
25 35 52
23 35 50
23 35 50
24 36 50
23 36 51
25 34 50
24 35 50
23 35 50
24 36 51
