11 34 34
11 34 34
12 35 34
12 36 33
11 35 34
11 35 33
11 35 33
11 36 33
12 36 34
11 35 34
11 35 33
12 37 32
12 35 33
11 34 33
11 35 33
11 36 33
12 34 34
13 35 32
12 35 33
12 35 33
11 36 33
11 36 33
11 36 32
13 35 33
12 35 33
11 38 33
11 37 33
11 38 32
10 37 31
10 36 31
09 37 31
09 36 31
08 36 31
09 36 32
09 36 32
12 34 32
12 36 32
12 36 32
12 35 32
14 36 32
11 35 32
13 35 33
13 35 33
12 36 32
13 34 32
13 35 33
12 35 32
14 34 32
14 33 31
13 34 31
14 33 32
14 33 31
14 33 32
14 30 31
15 31 31
14 31 31
13 30 30
13 30 31
11 30 31
12 28 30
13 26 30
13 29 30
13 30 29
12 28 30
12 30 25
13 29 25
09 27 20
07 26 20
07 27 17
06 24 21
04 27 27
09 28 25
13 36 25
14 36 27
15 36 28
14 32 27
12 31 27
10 31 26
08 32 27
09 33 28
10 32 29
12 33 31
12 34 29
12 33 29
12 34 30
11 32 29
13 32 31
11 32 31
12 33 30
13 34 33
14 35 34
13 31 35
14 36 34
13 38 36
12 37 41
12 31 43
14 34 42
16 34 44
19 31 44
17 34 52
18 35 57
18 35 52
20 34 48
19 34 48
17 35 51
14 37 49
16 37 44
19 41 45
21 40 46
23 37 45
23 38 47
23 37 49
26 43 48
25 44 52
24 45 51
21 47 49
21 49 48
22 42 50
25 38 48
25 44 46
23 42 48
28 40 48
29 45 50
30 45 50
29 46 47
29 47 47
26 46 48
25 46 43
25 43 44
24 40 46
27 43 47
29 42 51
28 43 50
28 44 51
28 42 52
28 42 51
27 46 49
26 45 50
28 43 51
26 44 48
24 45 46
25 44 46
27 43 47
29 40 50
28 39 55
31 41 61
36 43 56
38 46 51
37 44 45
39 44 45
39 46 43
38 47 47
41 45 48
40 45 46
41 42 44
39 43 44
39 41 43
39 41 46
40 44 48
39 43 49
38 39 50
36 41 53
36 45 55
38 48 52
40 47 51
38 45 47
36 41 52
32 44 48
40 43 47
39 41 49
35 44 47
39 47 43
38 49 42
38 50 44
38 51 44
35 54 42
35 51 44
33 48 49
33 46 51
34 43 52
33 42 50
33 42 48
28 43 46
25 42 49
32 40 56
26 39 52
25 47 54
28 38 51
35 36 49
37 38 48
39 38 52
33 37 51
37 40 52
38 38 51
35 38 51
34 37 51
35 37 51
35 38 50
34 37 55
34 34 58
34 37 54
36 39 51
35 39 51
35 38 51
33 38 51
35 39 51
34 40 51
33 38 52
34 38 53
35 38 52
35 37 52
34 38 51
34 38 52
34 39 52
34 38 52
34 38 51
34 39 51
35 38 52
34 38 52
35 38 52
35 38 51
34 39 51
33 38 51
34 38 51
34 38 52
33 38 52
34 38 52
34 38 52
34 38 52
34 37 52
34 38 53
33 38 52
34 38 53
34 37 52
34 38 53
33 38 52
34 37 52
33 38 52
34 37 51
35 38 52
34 38 52
34 38 51
35 39 52
34 38 52
35 38 52
32 39 52
35 36 51
36 38 51
34 39 52
33 39 52
34 38 51
34 38 52
35 38 52
34 38 52
34 39 52
33 38 52
35 39 52
35 38 53
34 38 51
35 38 52
33 39 53
34 39 52
35 38 52
34 39 51
34 39 52
33 37 53
33 39 53
34 39 52
35 39 52
34 38 51
35 39 52
34 38 53
34 38 52
34 38 52
34 37 52
34 39 52
36 40 52
34 39 53
34 39 52
34 39 52
34 38 53
34 38 52
34 38 52
34 38 52
35 38 52
35 38 52
34 39 52
33 38 52
34 39 52
35 39 52
34 38 53
35 40 51
35 39 51
34 37 51
34 38 51
35 39 52
35 38 51
33 39 52
35 38 52
34 38 52
