21 12 36
12 34 34
12 34 34
12 34 34
14 36 34
14 34 33
12 36 34
10 36 35
11 37 36
13 36 35
11 37 36
13 37 36
12 38 34
13 37 35
12 38 34
13 39 35
13 39 36
11 38 35
12 38 35
12 39 35
12 38 35
13 39 35
13 39 34
13 38 34
12 39 34
12 38 34
13 39 35
10 38 35
13 38 35
12 39 35
12 38 35
12 40 35
12 39 34
12 40 34
13 39 35
13 40 34
13 39 35
12 39 35
13 38 35
12 39 34
13 37 35
12 37 35
12 38 34
12 37 36
12 37 35
13 37 35
12 38 35
13 38 36
13 38 35
13 39 36
12 38 36
13 38 35
13 38 35
12 39 34
12 38 35
13 37 35
12 38 34
13 40 35
11 38 36
13 38 35
12 40 35
12 38 35
12 40 36
12 39 35
14 40 35
13 39 35
12 39 35
12 38 35
13 38 35
13 38 35
14 38 35
13 38 35
13 39 34
13 39 35
12 38 35
13 39 34
12 38 34
12 40 35
13 38 35
12 37 35
12 38 34
11 39 34
12 38 34
12 38 33
12 37 34
13 37 33
11 37 35
12 36 34
13 35 32
14 35 32
12 35 34
14 34 32
13 35 29
12 35 31
12 35 31
12 34 30
13 34 30
13 35 30
12 35 31
11 33 29
11 35 30
10 35 30
13 33 30
12 32 29
13 33 29
13 32 29
13 32 27
13 32 27
10 32 26
11 32 25
12 32 25
11 34 27
11 30 30
11 36 27
09 33 25
12 35 25
13 39 27
13 36 28
11 35 31
11 37 29
10 38 29
09 36 28
13 37 28
14 36 29
13 37 30
15 37 29
13 38 30
11 36 30
13 37 28
13 36 31
12 37 31
11 40 35
11 42 37
13 44 38
16 37 36
13 38 40
13 38 44
14 37 41
16 43 40
16 42 40
16 40 42
17 42 41
17 44 40
16 40 41
16 41 41
18 44 42
19 42 44
20 43 45
18 45 46
19 45 44
20 46 45
19 44 46
20 42 44
19 41 45
19 41 45
19 41 47
19 45 48
18 45 44
18 48 42
19 45 42
20 45 47
23 48 49
26 49 47
25 50 44
25 49 44
23 46 44
25 50 43
25 52 45
28 50 44
28 51 42
28 50 44
30 47 44
30 46 43
31 45 45
31 44 46
31 41 44
29 42 46
30 41 49
29 40 47
27 41 49
27 40 46
27 40 46
23 37 51
21 33 47
18 33 44
19 30 47
15 33 51
12 35 49
10 33 52
16 36 53
21 35 48
18 33 49
20 37 47
21 37 47
18 34 48
19 31 48
19 31 48
18 31 46
18 32 46
18 32 49
19 32 50
16 32 46
17 32 45
16 31 45
17 30 47
15 29 47
16 30 45
15 29 45
15 30 44
16 30 45
16 30 46
18 30 44
17 29 44
17 28 45
17 30 45
17 28 47
17 29 46
17 29 46
18 29 45
17 29 45
17 29 46
18 29 47
19 29 48
18 30 47
18 28 48
17 29 47
17 28 47
18 27 45
19 27 45
22 27 46
20 27 47
18 26 48
15 26 47
16 26 47
17 29 47
18 28 46
20 27 46
19 28 47
19 28 46
19 27 47
18 29 48
18 29 49
17 30 48
18 27 47
16 28 48
15 28 46
15 29 45
19 29 43
20 29 43
18 28 43
16 28 44
14 28 44
16 32 44
16 31 48
19 30 44
18 28 44
17 28 45
15 27 44
13 30 44
13 29 44
13 29 43
16 30 43
16 30 44
18 30 45
19 32 48
20 35 46
21 32 48
21 33 47
20 34 49
21 31 50
20 32 49
22 32 51
21 30 51
23 31 50
22 32 50
21 33 50
22 31 50
22 32 51
22 33 51
22 31 50
22 30 52
22 31 53
21 29 51
22 25 50
21 27 47
19 28 48
19 27 48
19 27 48
18 21 49
19 20 42
25 25 42
23 28 43
22 26 46
21 23 45
18 24 46
17 27 48
17 26 46
19 28 45
20 27 46
19 26 50
21 26 48
23 26 48
23 29 49
21 28 47
19 29 48
21 30 49
20 31 52
19 29 52
19 30 51
18 28 49
19 28 48
19 28 45
19 26 46
20 25 46
20 27 46
21 27 48
19 27 48
21 27 49
19 27 49
20 27 48
20 28 47
20 27 47
21 28 47
20 27 47
21 26 48
20 27 49
21 27 48
20 26 48
21 26 49
20 26 48
20 27 48
21 26 48
20 26 50
19 26 50
18 26 50
17 27 49
18 28 46
18 28 45
19 28 45
18 30 45
19 28 45
19 29 45
17 29 44
19 28 42
20 30 40
18 26 43
17 29 47
17 28 50
19 31 51
20 31 49
23 32 50
22 32 53
21 31 50
20 31 49
21 29 50
21 30 50
21 29 49
22 30 50
22 31 49
20 29 48
19 30 49
20 31 50
20 31 50
21 31 51
21 30 50
21 29 48
21 30 48
19 31 48
19 31 49
19 31 51
21 31 51
21 30 49
22 31 49
22 30 48
21 30 48
20 30 48
20 30 50
21 30 49
20 30 49
20 30 49
20 29 48
21 30 50
21 30 49
21 31 49
20 30 49
20 29 49
22 29 50
22 30 48
20 29 50
21 28 48
21 30 49
21 30 49
21 31 48
21 31 50
21 30 49
21 30 49
20 29 49
21 29 50
21 30 48
21 29 48
21 30 48
21 29 49
21 29 49
20 30 50
21 30 50
21 31 48
21 30 49
21 29 49
21 30 48
20 30 48
21 30 49
21 29 48
19 30 48
20 30 49
21 31 50
21 31 49
21 30 49
20 31 49
20 30 49
