12 39 35
12 33 35
12 39 35
13 38 36
12 38 35
12 39 35
13 39 35
13 38 35
13 39 35
13 39 35
13 39 35
12 38 35
12 39 35
13 38 34
12 38 34
13 39 35
13 39 35
12 39 35
14 37 34
12 37 35
13 39 35
13 39 36
13 39 34
13 40 35
12 39 35
12 38 35
13 40 34
12 38 35
14 39 34
12 39 34
14 41 35
14 40 34
13 43 35
14 40 33
14 39 33
15 41 33
15 41 32
13 39 32
15 39 31
15 39 31
16 40 30
15 39 31
14 39 32
12 38 32
11 40 32
13 41 32
14 42 30
15 40 30
15 43 31
15 43 32
13 45 34
13 48 35
14 47 35
16 45 34
16 43 33
16 44 34
15 45 35
16 46 34
16 46 34
16 46 35
16 46 36
18 45 35
18 46 35
18 46 37
17 46 36
17 46 36
18 47 35
17 47 36
17 47 38
19 48 37
19 47 38
19 48 38
19 47 39
22 47 37
22 48 38
22 49 39
23 49 39
22 51 39
25 52 39
24 51 40
23 50 40
23 48 41
25 49 42
26 50 44
26 49 42
27 50 44
29 49 44
32 50 45
33 49 48
35 46 50
34 44 50
39 45 52
42 42 54
43 42 55
43 39 53
42 37 52
41 38 51
37 41 52
35 40 52
36 39 49
35 43 50
34 42 48
34 43 47
34 44 50
34 41 50
35 40 49
36 39 50
37 38 52
38 37 51
38 40 50
39 40 49
38 41 50
36 41 52
34 42 52
34 42 53
33 44 53
32 42 53
31 43 53
30 40 51
30 39 51
30 39 50
29 40 49
32 41 51
31 43 51
33 45 50
35 44 50
34 43 51
34 41 51
35 40 52
35 41 52
33 41 51
32 42 52
31 46 51
31 45 54
30 39 54
30 39 54
30 39 53
31 37 51
30 37 49
31 37 51
32 36 49
31 34 48
30 34 50
28 37 51
26 33 52
23 28 53
21 28 53
19 28 52
17 26 53
18 24 52
18 24 52
19 25 51
19 23 49
19 24 49
20 24 50
20 23 50
19 21 49
22 23 50
21 27 50
22 27 51
22 26 51
23 29 51
26 33 51
29 33 50
30 35 51
30 35 48
30 36 49
32 42 49
34 41 50
33 41 50
34 40 51
34 41 52
34 42 53
36 41 53
37 42 52
39 39 50
43 38 48
42 37 46
42 37 46
43 38 46
42 37 46
43 34 45
45 36 46
47 35 47
48 35 47
46 33 47
47 34 46
48 35 47
45 33 46
46 32 45
48 36 46
48 34 47
50 33 46
51 36 47
49 36 46
47 37 44
46 37 44
46 37 44
45 36 44
45 36 46
41 36 45
42 36 47
44 35 49
41 32 51
40 31 51
40 29 51
37 30 51
39 30 51
36 29 53
36 29 55
35 29 56
33 31 56
34 31 57
30 29 58
28 27 58
29 22 56
25 20 52
26 15 47
27 13 45
31 11 43
33 17 42
32 19 43
33 20 42
32 22 44
31 24 46
32 23 46
35 25 41
38 30 47
38 34 46
40 36 52
37 37 55
31 34 56
28 30 57
23 28 56
23 25 53
24 29 56
21 29 56
18 28 55
20 28 54
20 25 50
20 25 48
19 24 45
16 25 48
15 23 48
16 22 46
15 23 46
18 24 45
18 26 44
19 25 43
18 25 44
18 25 45
18 28 47
18 27 46
16 27 47
18 29 47
18 28 46
19 27 46
18 26 45
18 27 45
16 26 45
18 25 44
16 25 44
15 24 43
17 25 44
16 25 47
19 26 48
20 27 49
18 27 46
20 26 46
18 26 46
20 25 48
20 26 48
20 27 47
21 25 46
22 28 46
21 28 47
20 26 46
20 27 46
17 26 49
19 25 49
19 26 50
21 27 47
22 27 49
23 28 47
23 27 48
22 28 47
20 29 47
20 30 47
19 27 48
16 24 50
17 25 48
18 25 46
19 26 45
19 26 46
18 28 45
18 26 46
19 25 47
17 27 47
18 26 47
18 27 46
19 27 47
19 27 46
18 26 45
19 27 45
