12 28 33
12 28 31
11 28 32
11 28 32
12 27 31
12 27 31
10 28 31
11 29 31
12 29 31
12 30 31
11 29 31
10 29 30
11 30 30
12 32 32
13 32 33
13 35 31
13 37 31
13 38 31
13 36 31
13 36 31
12 36 31
10 36 28
11 36 31
10 33 32
10 32 30
11 34 31
13 34 33
12 36 33
12 38 32
12 40 32
13 38 32
11 38 32
12 38 33
12 39 33
12 38 33
12 38 33
11 36 33
12 37 32
12 36 33
12 36 32
13 37 32
13 36 33
13 36 33
13 36 34
11 37 34
12 36 33
11 38 34
13 37 34
13 38 34
14 38 33
12 38 34
12 36 34
13 38 34
13 36 34
12 38 34
12 37 33
13 38 32
13 38 33
11 39 32
11 37 33
12 37 32
12 37 31
12 38 32
12 39 33
12 39 32
12 39 33
11 39 32
13 40 32
11 42 32
12 44 33
12 44 32
11 45 34
12 48 32
10 50 35
12 48 37
11 47 40
09 49 47
08 51 43
10 49 45
15 45 42
18 40 37
21 33 30
25 36 29
25 32 27
23 37 28
22 44 32
25 43 34
23 45 36
22 47 35
19 47 41
15 44 42
12 46 42
12 40 40
11 39 37
07 39 35
09 29 39
11 32 33
06 33 34
09 31 34
13 30 34
13 28 30
10 41 34
08 38 31
08 34 29
08 34 31
12 34 36
09 37 39
11 34 35
07 36 31
07 34 27
08 34 30
12 34 36
13 36 35
10 32 33
12 32 34
11 32 34
10 31 35
13 30 38
12 37 34
15 33 39
14 36 41
12 40 42
10 38 45
09 38 46
09 35 45
12 37 46
14 38 46
16 36 44
19 37 43
21 36 40
22 34 42
22 35 43
22 34 47
21 35 48
22 39 49
21 38 49
22 38 48
22 39 48
23 39 49
25 35 51
23 33 51
23 33 51
21 34 51
21 33 49
22 33 50
23 36 51
25 40 51
26 40 50
25 40 49
23 36 50
22 35 50
21 33 50
20 40 48
20 36 44
22 36 47
21 41 50
24 46 52
28 43 52
27 38 53
22 35 54
18 36 53
17 35 50
17 35 44
18 38 45
19 44 43
25 40 42
26 50 45
35 49 47
41 50 52
44 47 56
34 24 55
29 32 55
26 40 53
29 43 52
30 42 51
32 40 50
31 40 52
34 42 51
35 44 50
34 43 49
34 38 55
33 36 53
34 38 51
35 40 53
37 42 51
35 42 52
36 41 50
36 41 51
37 41 51
35 44 48
40 41 47
40 41 49
36 43 48
37 46 48
35 43 48
33 46 51
32 53 51
34 49 48
37 45 49
38 45 50
36 45 46
35 45 48
36 46 49
37 46 47
34 46 49
35 44 47
34 44 46
35 44 47
36 42 48
37 43 46
37 43 50
35 48 48
35 46 46
38 44 48
39 43 49
38 46 47
36 51 48
36 52 48
37 47 48
38 45 48
37 48 48
37 47 47
36 47 49
37 45 49
39 44 48
40 44 46
37 47 48
39 41 46
40 45 48
39 44 51
36 47 54
36 49 52
35 45 49
31 45 51
31 45 52
26 39 57
20 21 53
16 36 49
16 35 48
19 40 46
30 35 45
33 38 46
44 36 50
46 41 49
51 35 50
49 32 48
45 44 44
31 41 33
31 48 42
30 60 63
33 52 59
37 47 48
38 44 51
39 44 49
40 48 47
38 46 48
39 46 48
38 48 48
37 48 48
38 46 46
36 43 47
38 44 48
37 42 49
36 41 49
38 41 47
41 48 49
39 49 50
40 46 49
39 48 48
41 47 48
44 49 48
43 50 49
43 53 49
50 55 54
47 42 47
42 30 48
38 41 53
24 44 45
06 27 42
07 24 47
15 28 49
24 38 50
24 38 50
28 39 53
34 36 54
32 38 57
29 36 56
24 42 54
23 37 45
29 37 40
26 34 37
28 30 42
21 29 61
21 43 63
34 45 63
32 38 57
27 31 52
29 36 48
33 36 47
36 31 47
37 25 48
36 23 47
34 22 51
33 24 54
31 28 55
33 34 54
32 33 53
33 28 53
31 25 53
32 26 53
33 27 52
32 28 53
32 29 52
32 26 52
32 25 52
33 25 52
34 28 51
33 29 52
34 27 52
34 27 51
34 27 53
34 27 52
34 25 52
34 24 51
33 24 50
34 24 51
34 27 53
32 28 51
32 28 52
32 29 53
33 27 53
33 25 52
32 27 53
33 29 55
32 26 53
31 27 50
31 26 52
31 22 50
32 23 51
34 26 53
34 26 53
35 26 53
35 29 52
33 26 50
35 27 52
34 28 53
35 28 53
36 29 53
37 26 52
36 27 51
36 28 51
37 27 52
36 26 51
35 27 51
36 27 52
36 28 51
35 28 53
35 29 53
35 29 53
35 28 52
35 29 53
36 28 53
36 29 52
35 29 53
38 27 52
37 27 51
36 28 51
38 29 52
37 28 53
36 28 52
37 27 52
37 30 52
36 29 52
33 28 52
37 29 53
36 29 53
36 27 52
36 28 52
37 29 53
37 28 52
38 28 52
36 28 52
35 29 52
35 29 52
36 29 53
36 29 53
36 29 51
37 27 52
36 29 52
36 28 52
36 30 53
37 30 52
36 29 52
36 29 52
37 29 53
