10 32 28
10 32 28
11 31 29
11 31 33
11 32 30
11 32 30
11 32 27
11 32 29
11 31 28
11 32 29
10 29 28
11 32 28
11 32 28
12 31 28
11 32 30
13 33 29
13 33 28
14 32 29
13 34 30
12 34 29
13 35 30
13 34 30
12 34 31
12 33 31
11 34 33
12 35 30
12 37 31
12 36 30
13 37 32
12 36 31
11 36 32
12 37 32
13 37 31
12 35 32
12 36 31
12 35 31
13 36 32
12 37 31
12 36 32
12 36 32
13 37 33
13 36 31
12 36 32
12 37 31
12 38 32
12 38 33
13 39 32
13 39 32
13 39 33
12 40 32
12 40 32
12 41 31
13 44 31
12 46 35
15 45 35
13 46 37
12 46 34
13 45 33
11 42 36
13 41 37
17 44 41
14 40 45
12 36 42
13 38 44
12 37 45
13 41 41
15 41 36
19 42 33
23 41 28
23 39 26
21 36 29
22 32 32
17 34 33
14 35 38
12 33 38
14 30 38
10 31 38
08 33 46
08 28 39
05 37 39
02 34 42
04 30 37
06 43 38
09 40 40
08 36 35
13 40 33
11 37 37
11 39 37
12 39 36
09 37 36
11 37 34
11 37 35
13 37 35
12 38 37
13 37 36
10 39 35
12 38 34
12 37 33
14 38 33
12 37 33
13 38 33
13 38 32
12 39 34
10 38 33
13 40 35
13 41 37
14 39 36
14 39 35
14 41 34
13 44 34
16 42 35
15 41 37
16 41 38
15 40 35
14 42 35
13 41 35
14 42 37
14 40 35
13 42 37
14 43 35
15 41 35
15 41 36
13 41 35
17 39 38
11 39 33
12 42 34
14 41 35
12 39 34
12 37 30
09 41 33
13 45 37
11 42 34
06 45 33
00 37 26
00 44 31
06 45 46
24 46 50
33 40 58
36 36 54
35 43 56
30 45 45
23 43 38
21 49 36
18 48 30
15 36 20
11 43 25
11 38 29
14 40 35
12 43 33
12 41 40
11 38 38
10 43 37
10 38 38
10 39 37
13 38 38
14 38 37
13 39 36
14 40 37
12 39 37
13 40 40
13 40 39
14 40 37
14 41 38
15 43 37
15 41 38
14 40 39
13 41 38
17 42 38
15 41 37
16 45 34
16 44 39
14 46 46
17 46 46
19 39 46
16 44 43
17 42 41
20 43 42
17 43 43
17 45 43
16 45 44
15 51 43
15 49 40
16 42 41
09 34 47
08 34 48
07 36 41
09 42 32
13 47 27
23 43 29
30 39 34
35 45 42
36 39 52
37 39 50
32 43 52
28 42 52
21 44 48
12 37 55
10 36 48
08 46 46
14 43 49
16 45 49
16 41 48
15 38 43
17 42 41
21 41 42
18 39 42
19 42 45
18 43 49
14 43 47
17 38 44
20 44 44
16 39 42
18 42 42
15 39 41
15 33 41
17 41 40
13 38 40
21 38 38
14 45 40
15 32 40
16 42 44
09 40 47
22 35 40
17 42 41
18 43 44
15 37 44
13 32 48
13 32 50
15 31 49
14 32 50
15 30 48
19 29 45
22 29 42
21 33 42
23 31 44
25 32 42
23 32 46
23 35 50
20 37 51
16 36 57
16 37 53
18 38 50
18 32 49
19 33 45
19 33 46
20 34 49
20 34 45
20 43 51
20 43 52
25 39 48
24 39 50
25 37 49
23 37 48
22 37 46
20 34 46
22 34 45
22 35 45
20 37 49
20 38 51
17 38 52
16 34 51
17 34 50
19 35 49
21 34 48
21 36 47
20 35 46
19 34 48
18 35 47
17 32 50
19 35 48
18 33 48
18 34 47
19 33 47
17 34 47
17 32 48
19 32 48
19 33 47
18 33 47
18 33 48
19 34 47
19 34 48
20 35 48
19 35 47
19 35 48
19 35 48
19 33 48
20 35 48
20 34 47
19 36 47
18 35 47
20 34 47
19 34 48
20 35 47
19 35 48
20 35 48
19 34 48
20 35 48
19 35 47
19 35 47
19 34 47
18 35 47
19 35 48
19 34 48
20 34 48
18 36 49
19 36 48
19 34 48
