38 41 50
38 41 50
38 41 49
39 41 48
37 40 50
37 43 50
38 41 49
36 42 51
38 43 53
37 41 49
35 42 50
37 41 50
37 40 50
35 40 49
35 40 48
34 37 45
34 37 46
33 46 51
31 42 48
31 41 47
30 43 48
29 48 48
29 49 48
27 44 46
26 44 45
23 50 46
24 49 45
23 44 43
21 46 43
19 46 45
20 47 42
19 42 42
17 41 41
15 42 40
12 42 40
09 41 40
06 42 39
08 40 38
08 39 37
09 39 38
11 38 38
12 38 37
14 39 37
13 39 36
14 40 37
13 39 36
14 38 35
13 38 36
12 35 37
11 35 39
11 34 40
13 35 37
13 37 36
11 37 35
13 39 35
14 37 36
11 38 37
12 37 36
12 38 36
12 37 37
12 37 37
13 37 38
13 37 37
13 37 37
12 37 37
12 35 37
13 37 37
12 37 38
11 38 37
12 38 38
12 38 37
13 37 37
14 38 39
14 37 38
12 37 39
13 37 38
13 38 37
13 37 37
13 37 37
14 37 37
12 36 37
10 39 37
11 36 38
12 36 36
11 37 37
12 33 35
12 34 38
10 36 38
10 39 39
10 39 38
10 39 37
13 44 38
15 42 36
17 37 35
18 38 38
18 41 36
18 38 37
18 39 37
17 40 36
16 39 36
17 38 36
15 39 37
15 40 35
15 40 36
13 38 36
11 37 34
12 39 34
08 37 35
07 36 35
09 37 34
09 33 36
13 36 37
09 38 38
13 37 39
14 34 36
15 37 38
14 37 37
14 38 35
13 36 37
12 38 40
12 38 41
13 37 43
12 38 44
13 35 42
15 36 41
16 36 44
15 38 46
15 38 45
16 35 47
17 37 47
19 37 50
18 38 51
20 36 51
20 35 50
22 37 51
21 36 49
21 34 48
22 34 50
22 36 48
22 34 49
21 38 50
20 36 52
22 34 52
20 37 53
19 35 55
20 35 51
19 38 53
19 37 51
21 34 50
21 34 50
20 34 50
21 34 49
24 35 51
23 35 53
25 34 52
27 34 53
27 34 56
29 35 54
28 32 54
30 34 54
31 31 55
32 33 53
32 32 52
32 31 51
32 32 51
35 31 49
35 30 48
35 28 47
34 27 47
34 27 47
34 25 46
35 25 47
37 25 48
38 25 49
37 26 49
38 25 49
38 27 50
37 27 51
40 25 50
42 24 50
41 25 50
43 24 51
41 24 49
42 25 50
43 24 51
41 23 51
41 26 52
40 26 50
40 26 50
39 27 50
41 26 49
42 25 50
42 26 50
43 25 50
44 23 50
44 23 50
42 24 49
43 24 50
42 25 51
40 24 48
40 24 50
38 24 48
36 26 47
38 26 47
36 25 47
36 23 46
34 23 47
35 23 47
37 21 47
41 22 46
43 22 48
38 23 49
36 22 49
33 26 52
30 26 53
29 26 53
28 32 56
28 30 55
29 28 53
29 30 55
31 28 53
29 27 52
28 26 53
28 29 54
28 31 54
25 30 54
24 29 51
24 32 52
24 34 52
21 34 50
20 33 49
18 33 48
18 35 49
18 35 47
19 33 47
20 33 47
20 32 44
17 29 46
14 28 46
16 30 45
15 29 45
16 31 45
18 31 47
18 32 43
19 37 40
21 39 40
18 41 40
21 43 38
22 45 41
18 50 42
21 49 43
21 50 43
21 51 43
20 52 42
19 50 44
22 49 42
23 56 42
21 55 42
23 55 43
25 49 41
25 45 43
26 42 42
26 44 39
21 45 47
23 46 47
23 44 42
22 43 48
21 51 47
23 51 43
21 47 43
20 46 46
17 50 44
17 47 40
18 45 39
17 46 37
19 47 39
19 46 39
17 46 38
16 49 36
15 49 38
17 42 41
17 44 37
18 46 36
19 44 38
18 47 38
21 47 37
20 47 38
19 45 38
19 44 37
15 47 40
17 47 43
18 46 41
18 46 42
19 47 41
19 47 40
16 45 39
16 48 43
17 44 42
17 47 40
19 47 41
19 46 41
20 43 38
24 51 35
23 48 37
23 47 35
20 46 41
15 43 45
14 49 39
17 49 38
18 49 39
18 43 43
16 46 42
16 48 39
17 45 41
18 40 43
18 40 46
21 39 47
22 40 48
23 43 43
24 34 46
26 30 53
20 40 51
17 23 49
17 30 50
21 28 50
22 28 49
24 30 50
21 28 50
20 27 50
22 28 48
23 31 48
21 31 45
22 32 49
22 31 53
22 27 53
22 29 51
21 32 51
21 30 50
23 31 50
22 30 50
23 30 49
21 28 49
21 30 50
22 30 49
22 31 50
22 29 50
21 31 50
22 30 49
22 30 50
22 31 49
21 30 50
22 31 49
22 30 49
21 31 50
22 30 50
22 31 50
22 30 48
21 30 50
22 29 50
23 30 50
22 31 50
22 32 50
22 29 50
22 29 50
22 30 50
22 31 50
23 32 49
22 31 50
22 30 50
22 31 51
21 30 50
22 30 49
22 30 50
22 30 50
22 29 50
21 30 49
22 29 50
22 31 49
21 30 50
22 30 51
22 31 50
22 30 51
21 32 50
23 31 50
21 31 50
23 31 50
21 29 50
23 30 49
22 30 49
23 30 50
22 30 50
22 31 49
22 30 49
22 31 49
22 31 50
21 31 50
21 30 50
22 29 49
23 30 50
21 30 50
21 30 50
21 30 51
22 31 50
22 31 50
22 29 50
23 31 50
22 30 50
22 30 51
22 30 50
23 30 49
22 32 50
23 30 49
21 32 50
22 31 49
21 30 49
23 31 50
22 29 50
22 30 51
21 29 50
21 30 51
23 31 50
21 31 49
22 30 50
22 31 50
21 31 49
22 31 49
22 31 50
22 29 50
22 31 49
22 31 50
23 30 50
22 30 50
21 31 50
22 29 51
22 31 49
23 30 49
21 31 49
21 31 50
22 30 50
21 32 50
23 30 50
22 31 49
