12 30 31
12 30 31
12 30 31
12 30 30
11 29 29
11 30 29
12 29 31
11 31 31
10 30 30
12 31 31
12 32 31
12 32 29
12 33 30
11 32 30
11 32 30
10 32 30
12 31 30
12 32 30
11 31 31
12 33 30
12 33 30
13 33 31
13 34 30
10 33 30
11 34 31
13 35 32
11 32 32
12 32 32
10 34 33
11 33 32
11 35 33
11 36 32
12 35 30
12 35 32
12 34 32
12 34 32
10 33 32
13 33 32
11 33 31
12 33 33
12 33 32
11 34 32
11 35 31
11 34 31
11 34 33
10 34 33
11 34 32
11 34 33
11 34 33
11 33 31
11 35 33
11 34 32
11 36 31
11 35 32
11 33 32
12 35 32
12 34 31
13 34 34
13 34 33
11 35 32
11 34 31
12 34 31
11 33 33
11 35 32
12 34 32
13 33 30
14 34 32
12 33 32
11 33 33
12 35 33
10 35 31
12 33 31
12 34 32
12 32 32
10 33 32
12 35 31
13 35 33
12 36 34
12 36 33
12 35 31
11 36 32
11 36 32
12 37 30
13 38 32
12 36 33
13 38 32
13 38 32
15 38 31
13 38 31
12 37 29
13 36 28
12 36 29
12 36 29
13 36 29
13 36 29
14 40 29
13 43 29
13 41 29
12 43 31
12 41 29
10 43 30
09 44 30
11 44 31
11 45 31
11 44 30
14 43 27
13 43 29
14 42 27
16 41 27
17 42 27
20 44 27
24 40 30
24 39 32
24 42 35
22 41 37
19 39 42
19 37 39
16 35 41
12 34 43
07 40 40
09 37 40
08 35 37
09 35 34
10 36 37
12 36 34
13 38 33
12 36 34
16 35 32
15 37 28
16 37 27
14 34 25
13 37 23
13 35 20
10 36 22
08 34 26
07 31 30
14 37 33
09 37 30
11 33 28
11 35 27
12 35 27
12 30 27
12 35 28
11 35 29
10 32 30
09 34 31
08 34 30
11 34 30
10 37 31
14 36 28
11 36 34
09 33 35
10 34 33
14 36 33
14 38 33
14 39 38
13 34 35
08 32 35
06 32 36
09 32 33
11 35 36
11 36 40
11 33 40
13 34 42
14 36 42
16 36 42
16 34 42
16 37 41
19 30 39
19 30 41
19 36 43
22 35 47
22 37 48
19 41 52
20 41 50
21 41 49
21 41 48
24 41 48
24 42 49
24 42 48
22 40 48
22 39 47
21 40 48
20 41 46
21 43 47
22 41 49
23 42 49
23 42 48
23 41 49
22 42 50
24 42 49
24 45 49
24 42 49
24 41 48
25 44 47
24 44 46
23 44 46
23 45 45
23 44 46
23 46 47
23 45 47
26 44 46
26 44 47
28 43 51
32 41 53
33 48 50
34 48 53
32 45 52
31 42 48
28 40 51
30 38 50
30 42 49
32 45 44
36 47 42
36 52 46
38 52 47
34 46 47
30 42 48
28 40 49
28 40 48
29 42 46
30 45 42
35 55 45
41 54 48
41 51 46
39 48 46
36 51 44
38 50 42
39 52 45
42 53 44
40 50 40
41 49 41
42 47 42
42 48 42
43 50 41
42 49 42
43 48 41
44 45 42
45 47 39
45 47 39
46 44 42
44 46 42
46 48 42
46 44 42
46 41 43
46 42 43
45 41 43
47 42 42
43 41 39
43 44 40
40 51 45
41 51 47
39 49 52
36 51 51
31 43 55
36 35 53
35 41 48
37 40 48
36 40 52
35 39 51
33 40 51
37 43 51
36 43 52
37 41 52
35 38 51
36 40 49
35 40 51
35 42 51
36 42 51
35 41 50
34 42 49
34 43 49
35 43 50
34 42 51
36 42 50
36 41 51
35 43 51
35 45 49
35 44 51
38 43 49
36 38 52
33 41 52
33 38 54
32 36 53
32 37 51
32 38 51
32 39 51
34 40 49
33 39 52
34 38 54
34 40 51
34 39 51
33 39 53
34 40 51
34 41 52
33 39 52
35 38 53
34 39 52
33 38 52
34 40 52
34 39 51
34 40 51
33 38 53
33 39 53
34 39 52
33 39 53
34 39 53
33 38 51
34 39 51
35 39 52
34 38 53
34 38 52
35 37 52
34 36 52
33 38 52
34 38 52
34 39 52
35 38 52
35 38 54
34 40 53
35 38 51
33 39 51
34 40 51
34 40 52
35 39 52
35 38 53
35 37 52
35 37 52
34 38 52
35 39 52
34 38 52
34 37 53
35 38 53
35 39 51
34 37 53
34 37 52
35 38 52
36 38 53
35 37 52
34 37 53
34 38 52
35 38 53
35 38 53
34 38 52
34 38 52
35 37 53
35 38 52
35 39 52
35 38 52
35 38 52
34 38 53
34 37 53
35 38 52
35 37 53
34 37 52
34 38 53
35 36 52
34 38 52
33 38 52
35 38 53
34 38 52
34 38 52
35 37 52
34 38 53
34 38 52
