11 37 35
11 37 35
11 33 35
13 35 36
12 35 35
12 36 36
12 37 35
11 37 36
12 37 35
13 37 36
13 37 35
12 36 35
12 37 35
12 37 35
12 36 35
12 36 36
12 36 35
13 35 36
12 35 36
12 36 36
12 36 37
13 36 36
13 35 36
13 36 37
13 36 36
14 36 37
13 35 36
13 34 35
14 35 36
13 36 37
13 35 36
13 35 36
13 35 36
12 34 35
13 36 34
12 35 36
12 37 36
11 35 35
14 36 34
14 35 36
15 35 36
15 33 37
15 33 38
14 34 36
12 37 36
13 36 39
13 37 38
13 37 36
12 40 37
12 38 36
09 40 38
10 40 35
09 38 35
10 34 35
09 36 35
10 37 37
10 37 40
11 37 40
13 36 39
12 38 40
13 37 39
13 35 38
13 36 39
12 36 40
12 36 38
12 36 39
13 37 39
13 35 39
15 35 41
14 36 41
15 35 42
13 34 41
14 34 38
14 31 41
14 33 40
11 32 38
10 32 40
12 32 42
12 32 42
14 32 42
14 29 42
14 31 41
13 31 41
12 29 41
14 29 40
13 34 41
15 30 41
13 31 41
15 32 43
15 29 41
16 40 40
16 34 38
14 33 40
15 33 41
11 28 45
11 29 45
13 31 46
14 34 43
16 37 43
18 40 42
17 45 44
18 42 43
19 45 41
17 44 45
17 46 46
17 47 45
17 46 43
18 50 41
21 50 40
25 49 40
29 47 40
32 47 39
32 48 40
32 52 40
30 51 43
30 47 46
30 45 47
31 46 49
29 46 49
29 43 50
28 42 49
29 49 51
30 45 50
30 50 49
29 46 49
32 48 48
28 47 44
27 48 47
29 52 50
31 48 48
31 50 48
31 49 49
30 47 46
29 46 45
30 45 44
30 45 43
30 45 42
30 47 41
30 48 42
34 51 46
34 49 49
35 51 48
37 51 44
39 47 40
37 51 39
39 54 38
37 56 36
36 57 36
36 57 37
34 56 32
37 56 35
35 41 53
40 53 34
39 58 31
38 53 28
38 52 31
39 50 36
37 51 35
39 50 36
41 53 33
40 53 31
41 53 32
41 54 32
41 54 33
38 51 35
38 54 34
38 52 32
39 52 32
38 53 31
39 50 31
39 52 31
38 52 32
41 53 31
39 53 35
40 56 36
39 55 37
41 55 36
39 50 34
42 50 30
43 48 26
44 52 29
42 52 29
44 54 29
41 53 33
41 52 31
41 50 31
42 50 35
41 50 37
42 48 40
40 47 40
36 46 41
40 45 46
42 52 43
41 52 41
39 52 40
41 50 38
40 50 37
38 48 37
38 48 40
39 50 39
38 54 37
38 58 37
38 59 37
38 53 37
38 50 36
37 51 39
37 52 38
40 50 38
38 50 37
40 50 35
41 48 34
40 54 37
38 54 35
38 53 37
37 52 38
39 51 37
39 51 37
39 53 35
37 52 36
40 53 36
38 51 36
39 52 37
39 51 37
39 52 36
38 52 37
39 53 35
39 53 35
39 52 36
39 52 36
40 51 36
38 52 36
38 52 36
38 53 36
37 51 36
38 52 36
38 52 36
39 53 36
38 52 35
38 53 36
39 53 36
38 52 36
38 52 37
38 52 37
41 52 36
40 51 35
38 52 36
40 52 37
39 53 36
39 52 37
38 51 37
37 52 36
39 53 37
39 52 36
39 51 36
39 53 36
38 53 36
39 52 36
39 51 36
39 52 37
38 52 36
39 53 35
39 51 36
37 53 36
40 53 35
38 52 36
39 52 36
38 52 36
38 52 35
39 51 35
38 53 36
39 52 35
39 52 36
39 52 36
39 52 36
38 52 36
39 50 36
39 52 35
39 53 35
39 54 35
38 52 35
38 52 35
39 53 35
39 52 35
38 52 35
38 53 36
39 52 35
38 52 36
38 52 35
38 52 36
38 52 36
39 53 36
38 52 36
38 52 35
38 52 36
39 52 36
38 52 36
39 52 36
39 53 36
39 53 35
38 53 36
39 52 36
39 52 37
38 53 36
39 51 36
39 52 37
38 53 36
39 52 35
38 52 37
40 52 36
39 52 36
38 52 35
39 52 36
39 53 35
38 52 36
38 52 35
38 51 36
38 51 34
39 52 35
39 53 35
37 53 35
39 55 35
37 52 36
38 51 36
41 52 37
37 52 37
38 51 36
40 53 35
38 53 36
39 52 35
39 52 35
39 53 36
39 51 36
39 51 36
38 52 37
39 52 36
39 52 37
38 53 35
38 52 35
37 52 35
38 52 35
38 54 35
40 52 35
39 52 35
39 52 35
40 51 35
38 52 35
39 53 36
38 51 35
37 52 36
39 53 36
38 52 36
39 53 37
39 52 36
39 52 35
38 52 35
39 52 36
38 53 35
37 52 35
39 52 36
38 52 35
41 50 35
37 51 36
39 53 36
40 51 35
36 52 36
42 52 34
36 51 34
40 53 35
38 53 34
38 52 35
38 51 34
39 52 35
38 53 35
39 53 34
39 52 35
40 52 35
39 52 34
38 52 35
39 52 35
37 52 35
38 54 35
40 53 35
38 53 35
38 53 35
37 52 35
38 53 34
39 52 34
38 54 34
38 51 35
37 52 34
38 52 33
39 53 34
38 52 34
39 53 35
40 52 35
38 53 35
38 52 34
40 52 34
38 53 34
39 53 35
39 52 34
39 52 35
39 52 35
39 52 35
38 53 35
