11 35 34
11 35 34
11 36 36
10 36 35
12 34 36
12 35 36
13 34 35
11 34 35
12 35 35
11 35 35
11 35 34
12 35 35
12 35 35
11 35 35
13 33 35
12 35 36
13 34 35
11 35 36
12 36 37
12 36 35
12 36 36
12 36 36
11 35 35
12 36 37
14 36 35
12 35 35
15 35 35
13 37 35
14 35 36
13 34 37
16 35 37
17 35 39
17 35 39
15 35 37
14 38 36
10 39 34
08 38 36
08 38 34
09 37 31
09 38 28
11 37 32
08 39 33
08 40 34
08 38 36
09 37 36
11 36 38
13 36 39
15 40 40
14 41 38
12 41 39
12 42 39
15 41 40
14 39 40
14 40 39
13 41 40
14 39 40
15 39 39
17 41 40
17 41 41
15 41 42
15 42 43
16 40 43
19 39 45
19 38 43
20 42 44
18 44 45
18 41 45
18 43 46
16 47 46
17 47 45
19 48 44
20 44 46
20 46 45
24 55 41
35 39 54
39 34 55
37 33 53
34 32 54
24 38 53
20 34 51
24 33 49
29 36 50
30 41 53
29 47 49
27 41 49
30 42 47
32 38 50
34 41 45
31 44 49
29 46 48
26 44 47
23 45 42
22 46 43
22 48 44
23 44 42
49 41 62
25 51 54
33 53 43
34 60 54
32 59 51
33 59 50
34 53 45
31 50 43
28 46 42
31 40 42
32 40 40
39 35 40
46 34 40
44 35 46
41 37 45
34 35 52
34 46 63
18 41 63
28 37 58
37 40 46
35 41 45
32 41 47
32 44 50
34 47 54
34 46 52
36 42 50
36 42 51
36 42 50
37 41 50
36 45 50
36 46 49
34 45 48
33 45 48
32 46 48
36 45 49
35 43 48
34 42 49
35 44 49
36 45 50
34 45 47
36 45 49
36 44 47
34 46 48
35 47 48
36 47 48
37 45 49
34 45 47
35 48 49
33 47 48
35 47 47
36 45 46
33 46 47
35 45 48
34 46 47
35 46 47
34 45 48
34 44 48
35 45 48
35 45 48
35 46 48
34 47 48
35 46 48
35 46 48
35 47 49
35 47 48
34 46 48
35 46 48
36 45 48
35 47 48
35 45 47
35 46 48
34 45 47
35 46 47
36 46 47
35 47 47
35 46 48
37 46 48
35 47 48
35 46 47
35 46 48
37 46 48
34 46 49
36 46 48
35 46 47
35 46 48
35 45 48
35 44 48
36 46 47
36 45 47
35 46 47
35 46 48
35 46 48
36 47 48
35 45 48
34 45 48
34 46 48
35 46 48
35 45 47
35 45 48
35 46 49
35 45 47
35 45 47
35 45 48
35 46 48
35 46 48
34 44 47
35 46 48
36 45 48
35 46 48
36 45 48
35 46 48
35 46 48
36 46 48
34 46 48
35 46 48
34 46 48
36 46 48
