12 38 33
12 38 33
11 37 34
11 37 33
12 38 34
14 39 34
13 40 35
13 39 33
11 38 33
13 39 34
12 39 34
12 39 33
13 38 34
12 39 35
12 41 33
12 42 35
13 40 33
13 40 31
14 42 32
13 38 32
14 35 29
14 39 30
12 39 29
10 33 34
11 37 32
08 39 30
06 41 31
06 37 31
09 38 31
11 43 30
18 39 30
22 38 28
26 37 30
24 34 31
23 41 33
24 40 35
22 37 32
22 40 30
19 44 29
17 43 29
13 41 28
11 38 28
07 43 26
04 42 24
05 37 21
07 38 23
09 37 23
09 37 21
12 35 22
11 34 23
13 36 26
10 36 22
06 37 35
07 32 35
10 32 31
12 40 33
12 40 33
11 39 31
12 39 33
13 39 31
14 39 32
14 41 34
14 41 32
13 40 34
11 41 36
08 44 39
06 45 44
07 44 46
08 44 47
08 41 44
14 34 40
17 33 38
21 34 38
22 34 37
21 36 37
19 33 39
16 36 44
14 37 49
13 37 48
12 35 47
14 34 46
13 34 44
17 34 43
19 32 41
19 34 39
18 36 40
15 35 41
13 36 42
11 34 45
12 32 44
14 35 43
13 33 41
14 33 40
15 33 40
12 33 38
13 30 36
11 30 35
14 29 36
14 29 38
14 29 37
12 31 35
08 30 35
08 29 39
11 27 38
12 29 37
13 31 37
12 32 35
13 30 33
10 28 33
12 30 34
12 34 34
14 33 35
14 37 37
12 37 40
14 36 39
12 40 39
13 41 40
15 42 41
17 42 42
19 42 45
19 40 49
19 43 45
22 46 42
21 44 43
21 43 40
20 44 39
19 45 37
19 42 36
20 45 37
21 44 38
21 43 37
16 51 39
18 32 58
11 37 54
27 39 39
26 51 46
25 50 56
28 50 52
28 47 48
28 47 47
31 49 48
33 48 50
34 47 49
34 48 49
36 46 50
37 47 50
33 46 50
36 45 49
33 44 49
36 44 47
37 43 49
36 45 50
39 46 50
38 43 49
39 42 50
39 41 51
38 39 49
41 37 49
42 36 50
41 37 50
42 41 53
41 40 50
43 44 50
47 48 52
49 49 54
48 44 52
55 44 52
48 43 50
46 39 47
40 38 45
37 36 45
32 38 46
29 38 45
28 41 41
23 41 45
25 37 48
28 39 41
26 40 43
23 41 41
23 43 42
22 44 44
25 63 62
27 48 63
30 45 63
33 48 54
35 49 50
33 43 48
35 37 42
41 40 43
46 45 52
44 46 51
44 48 45
43 41 52
39 41 55
31 41 53
32 40 52
32 41 48
30 41 51
32 38 47
34 43 44
38 40 45
41 44 46
41 46 45
38 45 45
36 47 49
33 42 58
31 37 62
31 36 63
32 35 55
31 40 51
34 46 49
37 46 45
36 40 45
37 47 44
37 47 46
36 47 50
35 44 49
35 44 51
35 42 52
34 42 50
36 42 50
36 43 50
35 43 50
35 44 48
35 44 49
37 44 49
36 42 50
36 44 50
35 44 51
34 42 50
34 43 50
37 43 49
37 45 49
36 44 50
35 43 50
35 43 50
34 43 52
35 43 50
36 45 50
35 44 49
36 44 49
35 42 49
36 43 48
36 44 48
35 45 49
34 45 51
36 44 50
35 43 49
33 43 50
34 44 50
35 43 51
35 43 50
35 43 50
35 44 49
35 43 51
34 42 51
35 40 51
35 42 50
35 42 50
36 43 49
35 43 50
36 43 50
35 43 49
36 43 49
35 41 51
35 41 51
34 43 51
37 40 51
39 42 49
39 45 45
38 48 49
34 47 51
33 44 52
35 42 54
35 40 54
35 40 50
35 41 49
37 43 49
37 44 48
36 45 51
35 43 50
34 41 50
36 42 50
35 41 50
36 42 51
36 42 51
37 42 51
36 42 51
36 43 50
35 43 49
35 43 50
36 43 50
35 42 50
35 41 51
35 42 50
36 43 51
35 41 50
36 42 50
36 42 50
35 42 50
34 42 50
35 43 50
36 42 51
36 42 51
35 42 51
35 42 50
35 42 50
35 42 50
35 42 51
36 43 50
36 43 52
35 42 50
35 42 49
36 43 50
36 43 50
37 44 50
36 43 50
36 43 50
36 43 50
35 43 51
35 43 50
34 42 50
36 41 51
35 42 50
35 41 49
35 41 50
35 43 49
36 42 49
36 43 51
36 43 50
34 44 52
35 43 50
35 42 51
35 41 51
36 43 50
36 42 49
36 42 50
36 43 50
35 44 50
36 43 50
35 42 51
36 42 51
35 44 51
35 42 52
37 42 49
36 43 50
36 43 50
35 44 50
36 43 51
