14 39 35
13 39 36
12 38 36
13 38 35
13 38 35
13 40 36
14 39 36
13 38 34
13 39 34
14 37 34
13 39 34
13 39 34
15 37 34
14 37 34
15 42 35
14 39 33
13 37 33
10 39 31
10 40 30
09 36 28
11 36 30
09 44 33
10 38 32
12 39 32
13 38 29
14 37 28
13 38 25
13 39 30
17 41 33
18 46 38
14 42 34
12 39 33
08 39 32
10 43 33
12 41 32
15 42 32
15 43 34
16 46 32
15 45 32
14 42 33
14 43 32
14 43 35
15 42 35
15 41 37
17 42 38
17 41 32
15 49 33
13 48 32
16 46 32
18 48 36
18 47 36
18 45 35
18 47 34
18 46 36
20 46 38
19 48 40
20 47 38
19 48 39
18 48 39
20 50 40
21 50 41
23 51 43
23 49 43
24 48 45
22 47 45
22 47 47
22 48 49
22 44 47
23 47 45
24 48 44
26 50 44
27 50 46
29 55 46
30 54 44
30 52 44
30 50 41
30 50 42
32 46 47
32 42 49
33 41 49
34 42 47
33 41 43
30 44 45
27 41 43
23 39 42
19 43 41
13 42 46
12 40 49
14 35 44
11 52 47
15 36 50
14 30 53
16 37 54
19 40 47
22 41 45
21 40 47
21 41 46
21 39 47
17 39 44
16 38 47
16 40 47
18 42 44
17 44 44
17 43 43
18 42 42
18 41 43
17 41 42
15 41 42
13 41 45
15 39 43
14 38 43
15 38 43
15 37 42
14 39 42
15 38 43
13 38 43
13 36 43
15 37 43
16 35 43
15 34 43
15 35 43
15 34 42
14 34 42
15 35 42
15 34 42
16 33 45
15 32 44
15 32 43
15 31 43
13 32 42
15 31 43
16 33 43
14 32 43
13 31 43
14 32 43
16 31 43
16 30 44
15 32 44
16 31 45
16 33 47
18 32 46
19 29 47
20 29 49
19 30 46
18 29 47
18 28 46
18 30 47
19 28 47
20 27 46
18 30 45
16 28 45
15 28 46
17 29 47
18 29 47
18 28 46
19 29 49
20 30 48
19 29 47
18 30 46
16 30 44
16 32 46
14 33 48
15 32 47
18 30 45
19 31 43
17 33 41
17 30 39
11 29 41
10 28 38
12 31 39
10 36 40
15 32 42
13 30 42
16 31 39
18 34 40
17 36 42
14 36 41
13 41 40
13 39 41
13 40 41
12 42 41
11 40 39
14 40 38
15 40 39
14 41 39
13 42 38
15 41 39
13 42 40
14 43 40
16 42 40
17 41 43
16 42 42
18 41 42
16 42 43
17 39 43
19 40 42
19 38 45
21 36 47
19 36 49
19 39 45
18 40 45
18 41 46
18 40 48
19 37 49
21 38 47
18 41 47
16 39 48
18 32 46
21 31 47
20 38 46
22 37 44
25 35 45
19 41 48
14 38 51
11 31 49
17 29 43
20 37 43
17 33 46
15 32 44
15 33 45
15 35 46
15 35 48
17 32 48
18 32 45
16 28 46
15 29 43
15 29 42
15 28 42
15 28 43
15 31 44
15 32 44
17 30 42
17 31 43
19 31 47
20 33 49
22 37 49
22 37 47
22 37 48
20 35 51
18 38 54
19 39 51
20 37 49
20 37 47
19 37 46
20 37 46
20 36 48
18 37 49
19 37 48
20 37 47
20 38 47
21 37 47
19 39 47
19 37 47
20 39 48
20 37 49
21 37 48
21 39 48
20 36 48
20 38 48
19 37 47
18 38 46
18 42 49
17 41 50
16 40 51
15 39 50
14 38 50
16 36 48
16 36 47
17 37 47
18 37 47
19 34 46
20 38 47
20 37 46
21 37 46
23 37 48
24 36 49
27 35 45
28 34 44
33 33 41
36 35 44
32 40 60
22 38 62
17 31 48
15 29 45
15 28 49
17 30 50
17 32 51
19 32 49
20 31 47
21 32 48
19 33 49
20 32 49
19 32 48
18 32 49
18 31 48
19 33 49
21 31 48
21 31 48
20 32 49
20 30 49
21 31 48
20 31 49
20 31 50
19 30 48
20 31 48
21 31 49
20 31 49
20 30 48
20 31 49
22 32 49
20 31 49
21 32 48
19 31 48
21 31 49
19 31 48
20 33 48
20 32 49
19 32 48
18 32 49
19 31 48
20 32 49
21 32 48
20 32 48
19 30 49
20 32 49
20 31 48
19 32 48
20 32 49
20 31 49
20 31 48
20 31 48
19 32 49
19 31 48
20 30 49
20 32 48
20 30 48
19 31 49
21 31 49
20 31 48
20 31 48
20 32 50
21 31 49
19 31 48
21 31 48
20 31 49
21 31 49
20 32 48
21 32 48
21 31 49
20 32 49
20 30 48
20 31 48
20 32 49
20 31 49
21 32 49
21 32 49
19 31 48
21 32 48
20 31 48
21 31 49
20 31 48
20 31 49
20 31 49
20 30 49
19 32 49
20 31 49
20 32 48
20 30 49
19 32 48
20 31 49
19 30 49
20 31 48
20 29 49
21 32 49
19 32 48
20 33 48
21 32 49
19 31 49
21 31 48
21 30 49
21 32 48
20 31 49
20 30 49
20 31 47
21 32 49
20 32 49
20 31 48
20 30 49
20 31 48
20 30 48
19 32 49
19 30 49
19 31 49
21 30 49
20 32 49
21 31 49
20 30 48
19 30 50
20 32 48
20 32 48
20 31 48
20 31 49
20 31 48
20 31 48
20 31 49
19 32 48
21 32 49
21 31 48
21 31 49
19 32 48
20 31 49
19 31 49
20 31 48
20 32 49
21 31 49
20 31 49
21 31 48
20 30 49
21 31 49
21 32 49
19 32 49
19 31 49
21 32 48
20 31 49
20 30 49
20 32 49
20 31 48
19 31 48
20 31 49
21 32 49
21 31 48
21 31 49
19 31 48
21 30 49
19 31 49
20 31 49
18 31 49
21 31 49
19 30 48
20 30 49
21 31 48
21 31 49
20 31 48
20 31 49
20 31 49
20 32 49
21 31 48
21 32 49
21 31 49
20 33 49
20 30 49
20 31 49
20 32 49
20 31 49
20 31 48
20 31 48
18 31 48
19 31 49
18 31 49
21 31 49
21 32 48
