28 50 41
28 50 32
27 50 41
27 50 42
27 50 43
27 50 42
27 51 42
28 51 42
27 51 41
27 51 41
27 50 42
27 50 42
28 49 42
28 52 42
27 51 42
26 51 41
28 49 42
28 50 42
26 50 41
28 51 41
27 50 42
27 51 41
27 50 41
27 51 41
27 51 42
27 49 42
27 51 42
28 51 40
27 51 41
28 50 41
28 49 41
27 51 41
26 50 42
27 51 42
27 51 43
26 52 43
29 51 42
29 52 42
28 51 43
28 51 42
29 49 42
28 49 42
29 50 42
29 50 42
29 49 43
30 49 43
29 50 43
29 53 45
25 50 45
26 54 47
27 48 46
27 47 46
27 46 46
30 41 49
30 41 50
31 41 50
27 36 47
27 46 46
23 53 45
22 59 45
14 58 46
29 49 48
27 47 49
25 47 47
24 45 47
26 44 45
27 37 44
29 35 46
28 34 47
28 33 48
29 34 49
21 43 61
29 26 55
31 30 51
32 32 49
31 32 47
28 35 50
19 31 60
19 29 56
21 33 50
22 32 50
22 32 51
23 37 49
23 39 49
23 38 48
22 35 48
25 37 49
20 33 48
27 40 48
25 42 55
23 40 51
20 44 44
19 49 40
17 51 37
18 51 35
21 52 34
16 54 38
19 47 39
16 45 33
15 49 27
14 53 25
13 48 28
14 43 31
12 43 32
08 47 35
04 40 33
02 39 33
01 42 30
04 34 25
08 31 29
10 30 30
13 31 31
15 34 33
15 34 32
17 37 33
16 36 33
17 34 33
18 37 33
20 36 33
21 37 33
22 39 34
21 40 36
19 38 35
15 37 30
12 39 28
13 38 29
14 37 29
16 37 28
15 38 28
12 39 31
13 40 32
12 38 31
05 38 31
05 38 31
07 37 33
11 39 34
12 39 36
14 40 35
12 41 34
12 40 34
12 38 34
10 38 35
12 39 34
13 39 35
13 38 34
12 38 34
11 38 34
11 36 33
12 37 34
12 36 35
13 36 35
14 38 34
14 38 34
14 36 34
13 37 34
12 37 34
13 36 33
13 38 34
13 38 35
13 39 34
13 39 35
12 38 35
12 38 35
11 38 34
12 38 35
11 37 35
11 38 37
12 37 36
11 38 36
12 39 34
13 37 34
14 37 34
13 37 34
13 37 35
12 36 35
12 37 34
12 37 35
12 38 35
12 37 33
12 37 34
13 37 34
12 38 35
13 38 34
12 38 34
12 36 35
12 36 34
11 38 36
11 37 35
13 38 35
12 37 35
13 38 35
11 37 35
12 38 35
12 38 35
14 37 35
12 38 35
11 38 34
13 38 35
