36 42 51
34 41 51
36 42 51
35 43 50
35 42 50
34 42 50
37 42 50
37 42 49
35 41 51
36 42 51
35 41 49
36 42 51
35 43 50
36 42 51
35 42 50
36 43 51
35 42 51
36 40 50
35 43 50
34 42 49
33 43 50
37 42 50
36 42 52
36 42 51
35 42 51
36 41 51
35 41 50
36 42 50
35 41 49
35 42 51
35 42 50
35 42 50
36 43 50
35 42 50
35 42 51
34 42 50
34 41 51
36 40 52
36 39 52
36 38 52
33 38 53
34 39 52
35 41 52
35 39 52
34 36 50
34 38 52
35 42 52
34 43 52
34 41 52
33 40 52
34 39 52
34 41 52
33 40 52
34 36 51
35 39 52
34 42 52
34 40 52
34 38 52
34 40 51
33 40 51
34 39 52
35 38 52
34 39 52
34 39 52
32 38 53
30 38 52
34 40 52
34 41 53
33 40 52
32 40 53
28 41 52
28 42 52
28 43 54
28 43 52
24 41 50
24 40 47
24 43 47
23 43 48
23 43 48
24 43 46
24 44 45
22 43 45
21 45 47
20 45 45
19 45 43
22 42 43
21 42 44
21 40 43
21 42 45
22 48 48
24 46 46
22 46 45
21 44 47
21 45 44
19 44 41
19 45 43
21 44 42
20 47 45
19 43 44
19 45 43
21 45 44
20 43 45
20 44 44
19 46 44
19 44 44
21 43 45
20 44 43
20 44 43
18 43 44
19 43 44
18 44 43
19 43 44
19 42 43
19 43 45
18 44 44
18 45 43
20 42 45
18 44 44
19 44 44
19 45 45
19 43 44
21 44 45
20 42 44
18 42 44
19 43 44
20 43 45
19 43 44
18 43 44
19 43 45
17 43 44
19 43 44
19 42 44
19 44 43
19 45 44
19 42 44
19 44 43
20 42 44
19 43 45
19 42 44
20 43 44
19 43 44
18 43 45
18 43 43
18 44 45
19 43 45
18 44 44
18 43 44
20 42 43
19 42 44
19 43 44
19 42 43
19 43 45
18 43 44
19 43 44
18 42 44
19 44 44
19 43 44
19 42 44
19 42 44
18 43 44
19 42 44
19 43 44
20 43 45
19 43 44
18 42 44
17 43 44
19 43 43
18 43 44
18 44 45
18 43 44
19 44 43
20 42 45
20 43 44
21 42 43
19 42 44
20 42 44
19 42 45
19 44 45
18 43 44
18 44 44
18 43 44
20 43 45
20 43 44
19 43 45
19 42 44
18 43 44
19 44 44
20 43 44
18 42 44
19 42 44
19 43 45
19 44 44
18 43 44
19 43 44
20 43 44
19 43 45
19 42 44
19 43 45
18 42 44
18 43 44
19 42 44
20 43 44
