29 49 37
29 44 49
28 46 49
30 45 49
28 44 49
29 45 49
29 45 49
31 44 49
30 45 49
30 45 49
29 45 48
29 45 49
31 44 49
29 44 49
29 44 49
29 45 48
28 44 49
28 45 48
28 44 49
29 45 49
29 44 49
29 44 48
29 46 48
29 45 50
29 44 48
29 45 49
30 45 49
30 45 48
30 44 49
30 45 49
29 44 49
30 46 49
29 45 49
29 45 49
30 43 49
28 45 48
27 46 48
27 44 48
29 45 49
30 44 51
32 46 50
29 45 50
28 45 49
29 43 49
29 43 48
27 43 49
28 44 48
28 44 48
30 43 48
28 45 49
30 45 48
31 44 48
28 47 48
27 46 48
27 45 49
27 46 49
28 45 49
29 45 47
31 43 49
29 44 49
27 43 47
26 44 47
27 46 48
26 48 50
26 48 48
26 46 46
27 46 49
26 46 48
23 48 48
24 49 48
22 49 47
22 50 48
24 44 45
20 44 46
18 46 43
16 49 40
18 51 39
15 47 38
14 40 40
15 42 40
13 41 37
10 40 36
09 43 36
07 42 35
15 40 37
16 41 35
16 44 34
13 42 34
14 40 34
12 38 34
10 38 34
07 35 32
06 37 30
07 35 29
08 33 28
11 32 29
14 35 32
13 40 33
14 35 33
14 34 34
15 36 34
16 36 34
16 35 34
17 36 34
17 38 34
16 38 34
15 36 35
16 38 35
14 37 35
14 36 35
14 36 35
13 36 36
12 36 36
11 37 37
11 37 38
13 36 36
13 36 37
13 36 37
13 36 36
13 36 37
13 37 37
11 37 37
12 36 38
12 37 37
13 38 36
13 37 36
13 36 35
12 37 37
13 35 36
13 36 35
12 38 36
13 36 36
13 38 36
12 36 37
13 36 36
12 37 36
13 37 36
12 38 37
13 36 36
12 36 36
12 37 37
13 36 35
13 35 36
13 36 36
12 36 36
11 37 36
12 37 37
13 36 37
13 35 36
12 35 36
12 36 36
13 38 36
13 36 36
12 36 36
12 37 36
13 37 36
12 36 36
13 36 36
14 37 36
14 35 38
13 36 35
11 34 36
12 37 36
14 37 37
12 36 37
12 36 37
13 37 36
11 35 37
12 36 36
12 36 36
12 36 36
13 37 37
12 36 35
12 36 37
13 37 37
12 36 36
15 36 36
12 36 36
13 36 36
12 37 37
13 36 37
12 36 37
12 36 36
11 36 37
12 36 37
13 36 36
12 36 37
13 35 36
12 36 36
12 36 37
13 36 37
12 36 36
13 36 36
12 37 36
13 35 36
12 36 35
13 35 36
12 35 36
12 37 36
14 36 37
12 36 36
14 36 36
13 37 36
12 36 36
13 35 37
12 36 36
12 36 37
13 36 37
13 36 36
13 36 36
11 37 36
13 36 36
14 36 36
12 36 36
12 35 36
14 35 36
13 36 37
13 38 37
13 36 36
12 37 36
12 35 36
14 35 35
13 36 36
12 36 36
12 35 36
12 37 37
13 35 37
13 35 36
13 35 36
13 36 36
13 36 36
12 36 36
12 37 37
12 36 37
12 35 36
13 36 36
13 36 36
13 36 36
10 35 37
12 36 37
11 36 36
12 36 37
12 37 36
11 36 37
12 35 37
13 35 36
12 35 37
13 36 37
12 35 36
13 37 36
13 36 36
13 35 36
12 37 37
12 35 37
13 35 36
13 36 36
12 35 36
13 35 37
13 35 37
12 35 35
13 35 37
13 35 36
12 36 37
13 34 37
13 36 37
14 36 37
11 37 36
12 36 36
13 36 36
12 36 37
12 35 36
11 37 37
13 35 37
12 37 37
12 36 36
12 36 37
12 36 37
12 36 37
13 36 36
13 36 36
12 36 36
12 36 38
13 36 38
12 37 37
12 36 36
12 36 36
14 36 37
12 35 36
12 36 36
13 36 37
12 36 35
14 35 36
12 35 36
13 36 36
13 37 37
12 36 37
12 37 37
12 36 37
12 36 36
12 36 36
11 36 37
13 36 37
13 36 36
13 36 36
12 35 37
13 35 38
11 36 36
13 35 36
12 36 38
12 36 36
12 36 36
14 35 37
14 36 36
12 35 37
13 35 37
12 36 36
11 36 37
13 36 36
11 36 36
