28 45 48
28 45 48
29 46 48
29 47 47
29 46 48
30 46 48
29 46 48
28 48 48
28 46 47
29 44 47
28 46 48
28 46 47
29 47 48
29 47 48
28 46 46
28 46 48
28 46 48
29 46 47
28 47 48
29 46 47
29 45 49
29 46 47
30 47 48
29 46 47
30 47 47
29 47 48
29 46 47
28 47 48
30 46 48
29 46 47
29 46 48
30 45 47
28 46 48
29 47 48
29 46 47
28 46 48
29 46 47
28 45 47
29 45 48
29 47 48
30 46 48
28 46 48
30 46 49
29 46 47
28 45 48
29 46 47
30 47 47
30 46 48
29 46 48
29 45 47
28 45 48
29 45 47
29 46 48
30 47 47
30 46 47
29 46 47
29 46 47
29 46 47
29 44 48
28 46 48
29 47 48
29 47 47
29 46 49
28 46 48
28 46 48
30 46 47
28 46 49
29 46 48
29 46 47
29 47 47
29 45 47
29 46 48
29 46 47
29 46 48
29 47 48
30 46 48
28 46 48
29 46 47
30 46 48
28 46 47
28 47 47
28 47 48
28 46 48
24 47 47
25 45 47
26 44 48
29 45 49
31 46 49
29 45 49
29 44 48
31 45 50
32 44 48
32 46 49
32 47 49
29 44 48
27 43 48
28 44 48
27 44 48
27 46 49
27 44 47
24 45 47
23 47 49
26 45 48
27 47 48
27 49 47
23 50 47
20 49 45
19 44 44
20 45 45
18 45 41
18 46 40
15 47 40
14 44 38
15 43 38
15 44 37
15 42 38
13 41 39
08 39 37
01 43 33
03 40 30
07 36 26
10 32 28
15 31 30
16 32 32
15 33 33
18 36 33
20 39 31
20 39 31
20 39 31
20 37 32
19 37 31
18 39 31
16 39 32
16 42 32
15 42 33
15 41 31
14 41 31
15 41 33
13 40 33
10 41 34
10 38 35
11 38 35
11 39 38
12 38 38
12 37 38
12 38 36
11 37 36
11 36 36
11 38 35
13 37 36
13 39 35
14 38 35
13 37 35
12 37 34
11 37 35
13 37 34
13 37 35
12 37 35
12 38 34
11 38 34
12 37 35
10 37 34
13 37 34
13 37 34
13 36 35
13 37 35
14 38 34
12 36 34
12 36 35
12 35 36
13 37 35
12 37 35
11 36 35
13 37 35
12 37 34
12 37 35
13 38 35
11 37 36
12 35 35
12 38 36
12 38 35
12 37 35
12 37 35
13 37 35
12 36 35
13 36 35
12 36 35
13 37 35
12 36 34
13 37 35
12 37 34
12 36 35
11 36 35
12 36 35
12 35 35
12 36 36
14 36 35
13 36 34
12 37 35
12 37 35
13 36 34
11 36 35
11 37 34
11 35 35
13 36 35
12 35 35
13 35 34
13 37 35
12 36 35
12 36 35
12 37 34
12 34 35
13 37 35
12 36 36
13 35 34
13 35 35
12 35 36
12 34 34
13 36 35
11 35 35
12 36 35
13 36 34
13 37 34
12 36 36
12 36 35
12 37 35
12 35 35
13 35 35
14 35 35
12 37 34
12 36 35
13 36 35
12 37 35
12 36 34
12 36 35
12 36 35
11 36 36
12 35 35
13 36 36
12 37 35
12 37 35
13 36 34
12 35 36
13 36 36
13 37 35
12 35 36
11 36 35
12 38 36
12 36 35
12 37 35
12 36 35
12 36 35
12 36 35
13 37 35
12 37 35
12 36 36
12 36 35
12 37 36
12 37 35
13 37 35
13 38 36
13 37 35
12 37 35
12 37 36
11 37 35
13 37 35
13 37 35
13 37 35
12 37 36
13 37 36
12 36 35
11 37 35
13 37 35
12 37 35
12 38 35
12 36 36
12 36 36
12 37 35
