30 34 47
31 35 45
31 35 45
36 34 44
39 36 45
39 37 44
41 44 49
43 44 52
44 45 51
41 47 53
40 48 55
37 48 51
36 49 52
34 46 52
33 47 54
33 44 54
32 43 53
30 43 50
30 44 50
29 44 48
28 44 49
28 45 49
29 46 49
29 44 48
32 45 48
34 45 51
33 44 49
33 43 50
30 41 49
31 44 48
29 44 49
30 44 49
30 43 49
28 44 49
30 44 47
30 44 48
29 45 49
29 45 49
30 44 48
31 46 49
29 44 49
28 42 49
29 44 49
30 44 49
30 44 48
28 45 49
29 45 49
29 44 48
30 45 49
30 44 48
29 44 49
29 43 49
30 44 48
29 43 49
30 45 49
29 44 49
29 43 49
29 44 49
29 45 49
30 45 48
29 45 49
29 45 48
27 46 50
29 45 49
29 45 48
30 44 50
30 45 49
29 45 49
30 45 49
29 45 49
25 46 53
25 46 52
24 42 50
24 40 45
26 43 46
28 41 48
28 43 49
28 44 50
31 43 50
33 43 48
34 45 48
35 42 49
32 43 51
32 44 52
30 46 52
27 47 49
27 45 46
24 43 45
25 40 44
25 43 41
24 51 43
23 55 40
24 50 37
23 54 44
23 52 45
24 52 46
23 56 51
21 49 49
13 47 45
11 43 39
19 50 42
25 51 41
26 52 40
25 54 36
23 56 31
21 54 30
21 50 31
20 48 34
19 46 34
20 46 32
21 50 32
19 46 31
16 46 31
17 45 30
15 42 31
16 41 31
13 38 31
15 39 31
14 43 30
14 44 31
13 41 30
14 39 30
13 37 32
15 37 32
15 38 32
15 39 33
13 41 33
14 40 33
14 39 32
14 40 33
15 39 34
14 40 33
13 39 32
11 40 32
11 39 32
12 40 33
13 41 33
15 41 33
14 40 34
12 40 34
13 41 35
12 39 34
07 24 43
10 34 37
13 44 37
12 42 37
12 39 33
12 38 33
13 39 34
11 39 34
13 37 33
12 36 34
11 37 34
11 37 33
12 37 34
12 38 34
12 37 33
13 37 33
12 37 34
12 37 33
12 36 34
13 37 33
13 38 34
13 38 35
13 38 34
12 39 34
11 38 34
12 38 35
12 39 34
13 38 34
12 37 35
12 38 34
13 37 32
12 38 34
12 36 34
11 38 33
13 37 33
13 39 33
12 38 33
12 38 34
11 38 34
13 38 33
12 38 34
13 38 34
13 37 34
12 37 34
11 37 34
12 38 33
12 38 34
12 38 34
12 36 34
11 38 33
13 38 34
12 38 34
12 37 34
13 37 34
11 38 34
12 38 34
13 37 33
12 37 33
12 37 33
12 38 33
13 37 33
12 37 34
12 37 34
12 38 35
11 38 34
12 38 34
13 38 34
11 37 33
12 37 34
12 38 34
13 36 34
12 37 34
11 38 35
