32 44 50
32 44 50
32 43 50
33 44 50
32 43 51
33 43 49
33 42 51
32 43 51
32 43 50
31 43 50
32 44 51
33 44 50
33 43 51
32 44 49
34 44 50
34 44 50
33 44 50
35 44 49
33 43 50
33 43 51
33 42 50
33 43 50
33 43 50
33 42 48
32 41 48
30 45 50
26 53 51
25 46 53
26 35 55
19 28 52
22 34 55
23 36 54
26 36 54
26 40 53
29 39 52
30 34 53
31 30 52
29 32 53
33 33 57
32 28 54
30 28 48
30 30 46
26 30 45
24 31 49
20 31 51
19 30 50
18 29 48
20 30 48
22 30 51
19 34 51
21 33 48
21 31 50
22 33 51
21 33 49
20 36 50
19 36 50
19 37 48
19 33 45
20 38 46
20 40 47
19 48 48
15 43 39
15 35 40
14 47 40
17 52 36
19 49 35
19 48 36
19 51 35
15 51 34
16 51 36
15 46 39
15 38 41
12 42 41
10 40 40
07 46 42
01 45 41
08 41 39
07 36 39
06 28 39
05 29 35
05 32 32
14 33 34
13 32 36
16 35 37
16 36 36
17 36 35
18 36 35
20 39 35
18 39 33
20 38 35
19 38 35
17 38 35
17 39 34
15 40 36
14 39 35
12 38 35
12 38 35
11 38 35
11 36 35
12 37 36
12 36 35
13 36 34
12 39 35
11 38 34
11 38 34
12 38 34
15 40 34
14 40 38
14 40 37
15 41 37
12 41 37
09 39 35
10 37 35
11 35 35
13 35 34
10 35 35
11 36 35
13 38 36
12 38 36
12 37 36
13 36 37
12 36 35
12 38 35
13 38 34
12 38 34
14 39 35
13 37 35
13 35 36
12 38 35
13 36 34
13 38 35
12 38 36
12 38 35
13 38 34
13 37 35
13 38 35
12 37 36
12 39 36
12 37 36
12 37 36
12 38 37
12 39 35
13 37 35
12 38 37
13 38 35
