21 41 48
22 41 48
22 39 49
22 41 48
23 41 48
22 41 48
22 39 48
21 40 48
22 40 49
22 39 48
21 39 49
22 39 48
22 39 48
22 39 48
23 40 49
21 40 48
22 39 49
23 40 48
21 41 47
23 39 49
22 40 49
21 40 48
21 39 49
22 41 48
22 40 49
22 40 48
22 40 48
22 40 48
23 40 48
23 40 48
22 41 48
22 41 48
21 41 47
21 40 48
22 40 48
22 40 49
21 40 48
22 39 48
21 40 48
22 39 48
22 40 48
21 41 48
21 41 48
21 39 48
21 41 48
20 39 48
22 40 49
22 40 49
22 41 48
21 39 48
21 40 48
21 41 48
23 40 49
21 41 48
22 40 47
21 40 48
21 40 49
21 39 48
21 40 48
21 40 49
21 40 48
21 41 48
22 39 48
22 38 48
21 40 47
22 39 48
21 37 49
21 37 49
22 36 51
23 36 50
24 37 51
23 37 51
23 36 49
24 37 50
24 36 49
25 40 51
24 40 49
25 39 49
25 40 49
25 39 49
25 38 49
25 36 50
25 39 49
25 38 50
25 39 48
25 37 48
24 38 46
23 37 48
22 39 48
20 40 48
20 39 49
20 39 50
20 36 50
19 38 49
18 41 48
19 43 48
20 43 47
20 43 45
18 46 49
17 47 47
15 42 39
15 44 40
13 46 41
13 46 40
13 44 39
14 46 39
13 45 39
15 45 38
15 44 38
15 44 38
15 45 39
14 46 40
15 44 39
15 43 39
16 42 38
14 42 38
13 43 39
15 43 39
15 41 39
16 41 37
17 42 38
18 43 38
18 41 38
19 42 38
19 43 39
21 42 40
20 44 41
20 44 40
21 43 39
21 42 39
20 42 40
21 42 39
21 43 40
20 44 40
18 44 41
18 44 40
18 43 40
17 42 41
16 43 41
16 44 42
15 44 41
15 42 41
14 44 41
17 43 41
17 43 41
18 42 41
17 42 42
17 43 41
17 44 41
16 42 40
16 43 40
17 44 40
15 44 40
17 42 39
17 43 40
15 43 39
14 43 40
14 41 40
15 42 40
15 41 40
16 41 41
15 42 40
15 41 40
15 40 40
14 42 41
14 41 41
14 44 41
13 42 40
15 42 41
15 40 41
15 41 42
14 42 41
16 40 40
16 41 42
16 40 42
16 41 41
16 40 41
16 40 42
17 41 41
17 42 42
16 41 41
15 41 42
16 41 41
16 42 41
16 42 42
16 41 42
17 42 41
17 41 42
16 41 41
17 41 42
16 41 41
17 41 42
16 41 41
17 39 42
15 41 42
16 41 43
14 42 42
16 41 42
16 40 41
16 40 42
17 40 41
16 43 40
16 39 42
16 42 41
16 40 42
15 41 40
15 42 40
14 40 40
15 40 41
15 41 41
15 41 41
16 41 41
16 40 40
16 40 41
16 42 41
15 39 40
15 41 40
15 39 41
