27 43 49
27 43 49
27 43 50
27 43 49
28 44 49
27 44 49
27 43 49
28 43 49
26 43 50
27 43 50
28 43 50
28 42 50
27 42 50
27 41 50
28 43 50
26 42 50
27 42 50
28 41 51
28 43 49
29 42 49
28 42 50
28 42 50
26 40 51
26 43 53
22 41 54
23 38 55
26 37 55
27 36 54
17 36 51
22 40 53
24 38 54
25 36 52
26 35 51
28 38 51
29 37 52
29 36 50
30 33 50
30 34 49
33 33 47
31 31 46
29 35 49
28 31 45
26 30 41
17 31 49
13 31 54
13 32 52
16 38 47
15 40 43
18 36 48
19 33 50
18 34 47
17 35 43
19 43 40
13 39 42
16 36 44
15 39 41
15 43 40
14 43 39
14 43 38
14 44 33
15 48 30
16 50 35
15 48 35
13 49 36
10 45 38
10 45 38
09 43 36
11 42 35
06 40 37
00 40 34
00 35 28
00 31 30
07 35 32
16 34 35
19 35 36
21 36 37
21 40 38
22 39 36
22 38 35
20 37 34
19 38 31
17 38 31
17 39 31
17 40 31
15 38 31
15 39 30
15 38 31
15 38 32
13 38 32
12 37 32
07 40 32
08 40 34
10 39 35
12 39 34
13 38 33
14 39 32
13 35 34
13 35 35
13 33 35
11 37 34
10 38 36
12 36 35
13 37 34
13 38 35
13 39 34
13 39 35
12 37 35
13 38 36
12 37 35
13 37 35
13 38 35
14 39 34
11 37 36
14 38 36
12 39 37
12 39 36
11 38 36
13 37 36
14 37 35
13 37 35
12 38 35
14 36 35
13 38 34
12 37 34
13 37 35
12 37 35
12 38 36
13 38 37
14 38 36
12 38 36
13 37 35
12 38 36
13 38 34
12 38 35
13 38 35
11 38 35
13 38 35
12 38 35
12 39 36
12 37 35
13 38 35
13 38 35
11 38 36
12 38 36
12 38 36
11 38 35
12 38 34
12 38 35
13 38 36
13 37 35
11 38 36
12 38 36
11 38 34
12 38 35
12 38 35
11 37 34
11 38 35
12 37 36
11 39 34
12 37 35
13 37 35
12 37 34
12 39 34
11 36 35
13 37 35
13 38 34
12 38 35
12 39 34