38 46 49
36 47 49
36 45 48
38 43 49
39 43 49
38 44 51
37 45 50
39 44 49
35 44 51
34 43 50
34 43 49
32 41 48
34 43 49
36 43 50
37 43 49
38 43 51
40 43 50
39 42 49
40 46 52
39 45 49
39 44 48
37 42 49
38 43 51
38 46 49
37 43 49
37 44 50
36 43 50
37 43 49
37 43 49
36 43 49
36 44 51
38 43 49
37 44 49
37 44 49
37 44 49
37 43 49
39 44 48
37 44 48
37 44 48
36 46 48
37 45 49
38 45 49
37 43 49
37 44 49
37 45 49
36 43 49
37 44 49
38 44 49
38 44 49
38 45 48
37 44 49
37 45 49
38 44 49
37 45 49
36 44 49
38 45 48
37 44 49
39 45 49
37 44 48
38 44 48
37 44 49
37 44 49
38 45 49
37 43 48
37 45 49
38 43 49
38 45 49
37 43 48
39 44 49
38 43 49
37 46 48
37 43 49
37 45 47
37 45 48
37 44 49
36 44 48
37 43 48
39 44 48
37 44 48
38 44 48
38 46 49
37 44 49
39 45 48
38 44 49
38 44 49
37 44 48
37 44 50
38 45 50
38 44 49
38 45 49
36 43 48
37 45 48
37 45 48
37 45 48
37 45 49
38 44 49
37 44 49
38 44 48
37 45 49
38 44 49
38 45 48
37 44 47
36 46 48
38 44 48
37 45 48
37 46 49
38 45 49
37 45 49
37 44 49
37 44 48
37 44 49
38 44 48
37 44 49
38 44 48
37 44 49
37 45 48
38 44 48
39 44 48
37 45 48
38 45 49
37 45 49
37 44 49
37 45 49
37 45 49
38 43 48
38 43 49
36 45 48
38 45 49
37 43 48
38 43 48
38 44 48
38 44 49
38 44 49
37 45 49
38 43 49
37 44 48
38 44 49
38 45 48
36 44 49
37 45 48
37 45 49
38 45 49
37 45 48
37 45 49
37 44 49
37 45 49
37 45 49
38 45 49
38 45 49
37 45 49
38 45 49
37 45 49
38 44 50
37 45 48
39 45 48
38 45 49
37 45 49
37 44 49
36 44 49
38 45 49
37 45 48
38 45 49
37 44 49
37 44 48
38 45 49
37 44 49
39 44 48
37 45 49
37 43 50
36 46 49
38 43 50
36 44 48
34 43 48
35 44 48
35 45 49
34 43 49
36 47 47
35 46 48
34 47 48
34 46 49
32 48 50
32 45 50
31 47 48
31 46 49
32 46 49
30 47 50
30 45 47
30 46 49
29 48 49
31 45 47
31 46 48
32 47 49
31 48 48
27 44 42
25 47 45
22 43 47
21 45 45
23 47 44
22 47 43
24 48 44
21 47 43
22 48 40
20 50 38
21 50 34
19 50 35
20 52 35
18 51 35
20 50 34
21 53 32
19 51 36
19 47 36
20 50 32
20 49 32
22 48 30
21 51 30
20 50 30
21 46 28
20 50 28
21 49 31
20 48 30
20 48 31
21 49 28
20 50 27
19 50 28
19 47 30
16 46 29
15 46 28
15 46 28
15 46 29
16 42 30
16 42 29
14 44 31
13 42 32
15 42 31
16 41 31
14 41 32
14 40 32
13 39 31
15 40 32
14 39 31
14 39 30
15 39 28
15 40 30
14 41 30
13 40 31
14 41 31
13 41 31
12 41 31
13 38 32
14 40 32
13 42 32
13 39 32
13 40 31
12 41 31
11 42 30
13 40 32
14 40 33
15 40 33
16 40 33
14 38 32
14 40 34
13 39 33
13 40 34
13 41 33
14 39 33
13 41 34
13 40 35
12 34 41
08 20 50
14 38 40
15 46 41
12 43 36
11 39 31
12 38 32
12 40 34
13 37 33
12 38 33
13 39 32
13 40 32
14 41 33
14 41 33
13 39 33
12 37 34
11 37 34
11 38 35
13 38 35
13 40 34
13 40 34
13 39 34
14 40 34
13 39 34
12 40 34
12 40 33
12 39 34
14 40 34
14 40 34
13 39 33
13 39 34
12 40 35
13 41 35
13 39 35
14 40 35
13 40 34
13 40 34
13 40 33
13 41 34
13 40 35
12 39 36
12 39 35
13 40 35
12 40 35
12 40 34
12 38 34
12 39 35
12 40 36
13 40 35
13 41 35
13 39 35
12 38 34
12 41 34
14 39 35
13 40 34
13 38 34
12 39 35
13 42 36
12 38 35
13 39 35
14 41 35
13 40 35
13 39 33
14 40 33
13 39 35
12 39 34
13 40 35
13 39 35
12 39 35
13 40 34
12 39 35
13 39 34
13 40 35
14 40 34
12 39 34
12 39 34
13 39 35
13 39 35
13 40 34
12 38 34
14 38 34
14 38 35
14 40 35
13 40 34
13 39 34
14 39 35
13 41 34
12 40 35
13 40 34
13 39 34
12 40 34
12 39 34
13 39 35
13 39 34
14 40 34
11 40 35
12 38 34
13 40 35
14 40 34
13 39 34
13 41 34
13 39 35
13 40 34
13 39 35
11 39 35
13 40 34
13 40 34
12 41 34
13 39 34
13 39 34
13 41 35
13 40 33
13 40 34
13 39 34
13 40 35
14 39 34
13 39 33
13 39 34
13 39 34
13 39 35
13 40 35
12 39 34
13 39 34
12 40 34
13 40 34
13 39 34
12 41 34
12 40 34
12 40 34
13 40 34
13 40 33
13 40 34
13 40 34
11 40 35
13 39 33
13 40 33
14 39 34
14 39 34
13 39 35
13 39 34
12 40 34
14 40 34
13 40 33
13 39 34
13 39 34
13 40 34
12 40 34
12 39 33
13 39 34
13 39 33
12 40 35
13 39 34
12 39 34
12 39 34
13 40 34
13 39 33
13 40 34
13 39 35
13 40 34
12 41 33
13 40 33
13 39 34
12 39 34
13 40 34
12 39 34
13 39 34
12 40 34
13 39 34
13 39 34
13 40 34
13 39 34
12 40 34
12 39 34
13 39 34
13 39 34
13 39 34
12 39 35
13 40 34
13 41 34
13 39 35
13 41 34
13 39 33
13 39 33
13 39 35
15 39 34
13 40 34
12 39 34
12 40 35
13 39 34
13 40 34
12 38 34
13 38 35
14 39 33
12 39 34
13 39 34
13 39 33
12 39 34
12 40 33
13 40 34
12 38 34
13 38 34
13 37 33
12 38 32
12 38 34
12 37 33
13 36 34
13 36 34
12 37 33
11 37 33
12 36 32
12 36 33
13 35 33
11 35 32
13 35 32
13 34 32
12 34 31
11 35 33
11 35 33
12 37 33
13 37 32
11 36 32
11 35 32
11 36 33
12 35 32
13 35 32
12 35 34
13 36 33
12 35 32
12 33 31
11 32 31
12 32 31
12 33 32
12 33 32
12 33 32
12 33 31
12 34 32
13 35 31
12 33 32
12 34 32
11 34 32
11 33 32
12 33 32
12 33 32
13 33 31
12 33 32
11 32 31
11 33 30
12 33 31
12 32 31
12 32 31
12 33 31
12 33 32
11 32 31
12 33 31
12 34 32
12 34 31
12 33 31
12 34 32
12 34 31
