31 39 51
31 40 52
33 40 52
31 40 52
32 40 52
32 39 51
32 38 52
32 40 51
31 39 52
31 40 51
32 40 52
33 40 51
33 40 51
32 40 51
32 40 51
31 40 51
32 40 52
32 41 52
31 41 51
32 40 52
33 41 52
32 40 51
32 40 51
32 39 51
32 40 52
33 41 51
32 41 50
31 40 51
32 41 52
31 40 51
31 40 52
33 39 51
32 40 52
32 41 52
31 40 53
31 40 51
32 40 52
31 40 52
32 40 51
32 41 52
32 40 51
31 40 52
32 41 51
31 40 52
31 40 52
31 39 52
32 40 52
31 40 52
31 39 52
32 39 52
32 40 52
31 40 52
32 40 51
31 40 51
31 41 51
33 39 52
31 39 52
31 40 51
30 40 51
31 40 51
31 40 52
32 41 51
30 39 52
32 40 52
30 40 53
31 40 53
31 40 52
32 40 51
32 41 51
33 40 52
33 40 52
32 41 50
32 40 52
32 39 53
32 39 51
31 40 52
32 41 52
31 40 51
31 39 51
32 40 51
32 40 52
31 41 52
33 39 51
32 40 52
32 39 51
33 40 50
32 40 52
32 40 52
32 40 51
31 40 52
32 40 52
32 40 52
31 39 51
32 39 53
31 40 51
32 41 52
32 41 52
32 41 52
32 40 50
31 40 52
31 40 52
31 41 52
32 41 52
33 39 53
33 40 54
32 40 52
33 40 52
32 39 52
32 38 53
33 39 53
33 38 53
33 37 53
35 36 52
32 39 52
34 38 53
33 38 53
34 38 54
34 38 52
33 38 53
33 38 52
32 40 50
31 41 50
29 42 49
29 41 50
29 38 51
30 38 51
32 38 50
33 39 51
34 39 50
29 38 48
30 37 49
28 39 47
25 38 48
22 39 46
21 40 46
20 38 48
18 38 47
18 36 46
18 35 47
16 35 46
15 33 45
14 34 43
12 35 42
12 36 42
10 36 42
10 36 43
07 36 42
08 37 42
10 36 41
10 34 42
10 33 43
10 34 43
08 33 43
07 33 42
08 34 41
08 33 41
06 34 39
06 34 35
08 38 37
10 39 37
11 38 37
12 38 35
12 36 35
14 36 34
13 35 35
14 35 35
14 35 36
16 36 35
16 34 35
17 34 36
16 35 36
15 35 36
16 36 35
15 35 36
16 36 36
16 36 37
16 38 36
14 38 36
13 38 36
13 38 36
13 38 35
14 38 37
14 39 34
14 41 35
12 40 33
13 40 34
14 44 34
17 43 33
17 43 33
17 42 34
17 43 36
16 40 39
15 38 41
10 43 42
13 47 39
14 46 35
13 41 34
13 41 35
16 38 36
13 38 36
12 39 37
12 38 35
12 39 36
12 38 36
12 38 36
13 38 36
12 38 36
13 38 35
14 40 35
14 40 36
14 40 36
14 39 36
13 38 36
12 38 37
12 38 37
13 37 37
12 38 36
13 39 35
14 40 35
13 37 35
14 37 36
14 36 34
12 37 36
12 36 36
13 37 36
12 38 38
13 38 36
11 37 36
13 37 36
12 37 36
11 38 36
13 38 36
12 37 36
13 38 36
12 37 35
11 36 36
13 36 37
14 36 37
13 37 36
12 36 37
13 36 36
12 38 36
14 37 36
12 37 36
13 37 35
12 36 36
12 37 36
13 36 37
12 37 36
13 37 36
12 37 36
13 38 36
12 39 35
12 37 36
11 37 36
13 37 36
13 37 36
13 37 35
12 36 36
11 36 37
12 37 35
11 37 35
11 36 36
11 36 36
13 37 37
13 36 36
12 37 36
12 37 36
11 36 37
13 36 36
12 38 37
12 37 35
11 37 36
13 37 36
12 37 35
13 37 36
12 35 35
13 36 37
12 37 36
12 37 36
12 37 36
12 37 36
13 36 36
12 36 37
13 36 36
13 37 35
12 36 35
13 37 37
12 36 36
13 37 36
12 35 36
13 36 35
11 36 36
12 36 35
12 37 36
12 36 36
12 37 36
13 37 36
12 37 36
13 36 36
12 37 36
12 37 36
12 37 36
13 37 37
12 37 36
13 36 36
12 36 36
12 36 36
13 37 37
11 37 36
13 36 36
12 36 36
13 37 36
12 36 36
