33 31 53
33 31 53
55 33 30
33 30 53
32 31 54
32 31 53
33 31 54
32 30 53
32 31 53
32 30 52
33 30 53
33 31 52
31 32 53
33 31 54
33 31 53
33 30 54
32 32 53
32 33 52
32 31 52
32 30 52
31 31 52
31 32 52
32 31 50
33 30 52
32 30 53
32 30 53
33 30 54
34 30 54
33 30 54
34 31 54
33 29 53
34 30 54
35 30 54
33 30 55
35 30 53
34 30 52
35 31 52
35 30 53
34 32 53
36 30 54
34 31 53
36 29 53
35 29 51
34 30 51
33 29 52
36 31 50
36 33 51
35 32 50
32 33 53
32 35 53
32 33 52
31 28 54
31 29 55
32 30 53
32 30 52
33 31 53
30 29 52
32 31 53
31 32 51
32 28 51
32 26 52
31 29 48
30 27 47
26 34 62
35 36 46
28 36 53
29 26 56
26 34 51
24 36 53
26 39 54
26 38 51
26 37 50
25 38 50
24 37 50
24 39 50
22 40 49
21 39 49
20 38 47
19 40 49
20 41 47
19 42 48
18 42 47
18 41 46
17 39 45
16 40 46
15 41 41
13 39 42
13 40 46
11 41 45
10 41 44
13 39 42
14 40 41
15 40 40
16 38 40
17 40 38
18 39 40
19 39 40
16 40 39
16 41 38
15 39 39
14 40 38
13 39 38
12 40 38
13 38 38
14 38 38
14 38 37
15 37 38
15 36 38
16 37 38
16 35 38
16 37 38
15 36 39
17 35 40
15 34 39
16 35 40
17 36 41
17 36 41
16 36 40
14 35 41
11 37 41
13 37 41
14 38 41
14 38 41
13 38 40
14 38 41
15 37 40
16 39 39
14 38 39
14 38 39
14 37 39
15 39 40
15 39 40
14 38 39
15 38 39
14 38 40
14 37 40
15 38 40
14 38 41
15 37 40
14 37 40
14 38 40
13 38 40
14 39 40
13 39 40
14 39 39
14 40 40
14 39 40
15 38 39
14 38 39
15 39 39
14 38 40
13 39 40
14 41 39
14 38 39
14 39 40
14 38 39
14 38 40
14 39 40
14 39 38
14 39 40
13 40 40
13 39 39
14 39 38
13 39 39
14 37 38
14 38 39
13 38 38
13 39 38
14 40 39
13 39 38
14 37 39
13 38 39
14 38 38
14 39 39
14 39 40
13 39 39
15 39 39
14 39 39
13 40 39
14 40 39
13 40 39
14 38 39
13 39 39
14 38 39
13 38 39
12 38 39
14 38 40
14 38 39
15 39 39
15 38 40
14 38 39
13 39 39
14 37 39
13 38 39
13 38 38
15 38 39
15 37 38
14 38 38
13 38 39
13 38 39
14 38 40
14 37 39
14 39 40
13 38 39
14 38 40
13 38 40
14 38 39
13 38 39
15 38 39
13 38 39
15 39 39
14 38 39
14 39 38
14 38 40
13 38 39
14 37 39
14 39 38
14 38 39
14 39 39
14 38 39
14 36 39
14 38 39
14 37 39
14 38 39
14 39 40
14 38 38
14 40 38
14 38 40
13 39 40
13 39 39
15 39 40
13 37 39
14 39 39
14 38 39
15 37 39
14 38 39
14 36 40
14 39 39
14 38 40
15 38 40
14 39 39
15 39 38
15 39 40
14 38 39
15 39 39
14 39 40
14 38 39
14 38 38
12 39 39
15 38 38
14 38 39
13 38 40
13 37 39
14 39 39
14 37 40
13 37 39
15 38 39
14 37 39
12 39 40
14 38 39
13 38 40
15 38 39
14 38 39
13 39 39
14 38 39
14 39 39
13 39 39
14 38 40
13 38 40
13 38 39
13 38 39
14 38 39
14 39 39
14 39 39
15 37 39
14 39 38
15 39 39
14 38 39
14 37 39
14 38 39
14 38 38
14 37 38
14 40 40
14 38 39
13 38 38
13 38 40
14 38 40
