34 36 50
31 34 49
27 35 48
24 35 47
22 36 48
22 37 46
22 37 46
22 38 48
23 35 49
25 35 49
24 38 51
25 37 54
27 41 57
24 40 54
27 37 52
24 37 49
26 33 48
29 36 49
31 34 45
34 31 42
36 43 52
36 47 61
37 46 62
31 34 52
31 33 53
26 34 54
27 36 54
30 38 52
29 40 50
29 38 53
29 37 52
28 40 52
29 39 52
27 40 52
26 39 53
28 39 52
25 42 53
21 44 55
26 48 50
28 47 42
31 45 41
28 48 38
25 46 38
20 45 48
16 46 48
19 45 42
21 46 45
18 43 44
20 43 38
15 44 42
18 40 36
19 38 34
12 34 42
14 34 29
10 38 29
10 40 30
09 37 26
12 37 30
10 34 34
11 34 28
14 40 24
13 34 35
06 33 27
13 39 25
10 35 31
07 30 25
09 35 28
09 30 24
12 28 25
04 31 25
12 25 21
14 23 25
12 23 27
14 25 30
13 20 31
12 23 30
13 29 30
14 33 30
15 27 29
13 32 29
13 30 31
13 34 32
13 33 33
13 32 34
13 37 34
12 37 33
14 32 34
14 37 35
14 39 35
14 37 34
14 36 33
15 37 33
15 37 33
14 39 33
15 39 34
14 40 34
13 40 34
12 40 33
13 40 35
13 41 34
13 40 34
12 35 39
11 38 39
13 43 37
13 44 36
12 43 33
13 41 35
12 41 34
13 40 33
13 40 33
14 39 34
13 40 33
12 41 34
12 41 35
13 40 35
14 40 35
13 41 35
13 41 34
14 40 35
13 40 34
12 41 34
13 41 34
12 40 35
12 40 34
13 41 35
13 39 35
13 40 33
14 40 35
13 40 34
12 40 35
12 40 34
12 41 34
12 40 35
13 40 35
11 40 34
12 39 33
13 39 34
12 40 33
11 39 34
13 39 34
13 38 35
13 39 33
12 39 34
12 39 33
13 40 33
12 39 34
12 38 34
12 39 33
12 39 34
12 39 33
11 37 34
12 38 34
11 37 34
12 38 33
11 38 33
11 40 34
12 39 34
12 38 33
13 38 32
13 38 33
13 39 33
12 39 33
13 38 34
13 38 33
12 38 34
12 39 32
13 38 32
12 37 33