32 40 53
32 40 53
32 40 52
32 40 52
32 41 52
31 42 52
33 40 51
34 39 52
32 40 52
32 40 52
32 39 51
32 41 52
32 40 52
31 40 52
31 37 53
33 37 53
34 35 52
33 37 52
32 38 53
32 39 52
31 37 51
32 37 52
32 38 53
33 38 52
32 37 53
33 36 52
31 37 52
31 36 52
32 36 52
32 37 53
32 37 53
34 36 53
34 35 53
35 35 53
33 38 53
33 42 55
35 40 53
34 40 53
33 36 51
31 35 50
29 40 51
28 43 50
27 42 49
27 42 51
27 40 52
25 36 50
23 39 51
23 37 51
24 36 50
24 37 53
24 38 50
22 39 51
22 37 51
23 38 47
22 37 41
18 44 48
17 37 44
14 42 37
09 46 38
18 38 39
14 43 35
12 42 39
13 38 33
13 43 33
11 40 33
13 41 32
12 42 31
12 42 33
13 41 32
14 43 32
13 40 32
12 41 32
12 42 32
09 42 34
06 39 35
05 34 31
03 30 31
06 28 29
09 29 30
10 26 31
11 30 34
13 30 35
14 26 32
15 27 28
13 34 31
15 33 30
15 34 33
17 35 34
16 35 34
16 36 34
18 36 32
16 38 33
15 37 36
12 34 36
13 35 39
12 34 41
09 23 49
10 28 45
12 39 41
13 38 37
11 37 34
12 36 33
13 36 35
14 35 35
14 37 35
12 37 34
12 37 34
12 38 33
12 39 33
12 38 34
12 38 34
11 39 33
11 36 33
10 37 33
10 35 34
10 36 33
11 36 33
12 36 34
13 37 35
10 37 33
10 37 33
11 36 34
13 36 34
13 34 36
12 32 36
12 32 35
11 35 35
12 36 34
13 38 33
12 36 35
13 37 34
13 35 35
13 36 36
12 35 35
12 35 36
11 37 36
12 37 35
12 37 35
12 36 35
12 35 34
11 36 34
12 36 34
14 36 34
13 36 33
13 36 34
11 36 33
11 35 34
12 35 32
12 36 32
12 36 33
13 35 33
11 36 32
11 35 33
12 35 32
11 36 33
12 38 34
10 39 33
10 38 32
11 37 32
13 36 34
12 35 33
13 33 32
12 33 31
10 35 32
10 37 33
12 37 33
12 36 32
11 34 32
12 34 33
11 33 31
12 34 31
12 34 31
10 36 33
13 34 32
13 36 33
12 34 32
11 34 32
12 34 31
11 33 32
12 34 31
12 35 32
12 35 31
12 35 32
10 33 31
12 34 32
13 34 32
12 35 31
