34 37 52
34 38 52
32 37 53
34 37 53
31 36 53
32 37 53
31 38 52
30 37 52
29 38 52
29 37 52
30 37 51
29 38 51
29 38 52
29 36 52
29 37 52
29 36 52
27 37 52
27 38 52
27 38 52
29 38 52
27 36 52
29 34 52
29 34 53
28 34 54
28 34 53
30 32 52
28 33 51
27 32 52
25 36 52
25 33 53
24 31 55
28 29 52
27 28 51
25 29 51
25 32 51
25 33 48
23 35 48
21 37 47
25 37 48
25 30 48
23 31 47
08 45 52
22 49 45
16 46 39
15 34 38
20 45 45
24 48 48
25 51 55
20 42 50
18 43 44
20 49 41
20 50 38
20 48 38
20 49 37
20 48 37
19 50 39
20 52 33
18 52 34
17 49 36
17 48 35
12 47 35
11 47 40
09 47 37
05 45 33
01 40 32
04 36 32
07 34 32
11 35 36
13 37 37
13 38 33
16 38 32
18 39 31
20 37 31
24 37 31
23 37 33
22 39 33
19 40 35
16 40 34
11 40 34
07 42 35
06 40 34
09 39 33
11 36 32
11 35 34
12 38 34
13 39 34
16 41 35
19 40 35
17 41 34
17 40 36
16 39 36
16 38 36
13 40 36
13 38 37
11 39 37
11 38 37
11 37 37
12 36 36
12 37 37
13 37 38
13 37 37
13 39 37
13 37 38
12 37 39
12 36 39
13 38 40
12 38 37
13 37 37
14 38 36
14 39 36
14 38 37
13 39 37
11 38 36
11 38 37
12 38 37
13 38 37
13 39 37
14 38 37
13 38 37
13 38 37
14 38 37
13 38 36
13 39 37
15 38 37
13 36 37
13 39 37
13 38 36
13 38 35
14 37 36
13 37 36
12 37 36
14 38 36
13 38 37
13 39 36
13 39 37
13 39 37
13 39 36
12 39 37
11 39 36
12 38 37
13 38 36
12 39 37
12 38 37
12 38 36
12 38 36
13 38 37
12 39 37
12 38 37
13 37 37
12 38 37
13 38 35
13 37 36
12 39 35
13 38 37
13 39 37
13 37 36
11 39 36
13 38 36
14 37 36
13 39 36
12 38 37
14 38 36
12 39 36
13 39 36
14 39 36
14 37 35
13 38 36
13 39 36