32 35 53
32 35 53
33 35 53
33 35 53
31 36 53
33 37 53
32 35 52
33 37 52
32 36 52
32 36 53
32 36 52
33 37 52
31 36 52
33 35 52
32 35 52
31 37 53
30 36 53
33 35 53
32 35 53
33 35 53
34 36 53
32 35 53
34 35 52
34 36 50
34 34 55
35 37 53
32 41 53
34 44 51
34 43 53
34 36 54
33 38 53
31 42 52
29 40 50
26 40 51
24 41 50
23 37 50
23 39 50
23 37 52
25 32 51
29 39 52
29 42 51
28 39 53
30 36 53
30 38 51
29 39 51
28 38 50
26 37 51
22 41 52
24 38 52
23 37 49
23 38 50
23 37 50
19 38 46
16 41 46
19 39 47
20 43 45
18 40 44
16 42 40
17 44 40
17 44 37
17 46 37
14 43 37
14 40 34
14 43 36
14 42 34
14 40 34
12 39 35
16 46 29
16 46 28
14 42 34
12 40 34
13 42 32
13 40 33
11 38 32
11 40 34
08 40 35
11 32 32
12 33 30
12 39 26
13 35 27
12 35 28
13 34 29
11 36 30
08 32 29
10 31 26
09 28 27
10 28 26
12 29 28
11 27 29
10 33 30
10 32 28
10 32 29
09 32 28
11 29 27
11 29 26
13 31 24
12 29 25
10 30 28
11 34 31
13 37 31
13 39 32
13 38 32
15 39 32
14 38 34
13 37 33
14 37 34
12 37 33
15 35 33
16 36 32
16 36 33
14 35 35
12 36 36
07 27 46
10 28 48
14 35 42
14 41 37
13 40 33
13 36 31
13 34 31
13 32 32
11 35 33
11 35 33
13 35 34
11 32 35
11 32 35
12 35 35
11 36 34
10 35 33
12 32 33
12 31 31
11 34 31
12 34 31
13 32 32
12 33 31
13 35 32
12 34 32
11 33 33
11 33 32
10 35 31
12 35 31
12 32 32
11 32 33
13 32 33
11 33 32
11 32 30
12 32 30
12 31 30
13 30 30
10 31 31
11 31 31
13 30 31
11 30 31
11 30 31
12 32 30
12 33 30
11 33 31
11 33 32
12 33 31
12 32 30
10 32 31
12 31 30
11 30 31
12 31 30
12 32 32
12 32 31
12 31 31
12 32 31
12 32 31
11 32 31
12 30 30
12 31 30
11 32 31
11 32 30
12 32 30
