29 49 46
29 49 33
28 46 46
29 47 46
30 48 46
30 49 46
29 47 45
29 48 45
29 47 46
29 49 45
29 49 47
29 49 46
29 48 45
29 47 46
29 48 46
29 49 46
28 49 45
28 49 46
29 48 47
28 48 45
30 48 46
30 48 45
28 49 46
28 49 46
30 49 46
28 48 46
30 48 46
30 48 46
29 48 45
29 49 45
29 48 46
29 48 47
29 48 45
29 48 46
28 49 46
30 48 46
29 49 46
29 48 46
30 48 46
29 49 46
30 48 45
29 49 46
30 49 45
29 50 46
29 48 46
29 47 45
30 49 47
30 48 46
30 48 46
29 49 46
29 50 46
28 50 45
29 48 45
30 50 45
30 48 45
29 50 45
29 48 45
28 47 46
30 48 46
30 47 46
30 46 46
32 45 45
32 46 45
31 48 47
29 47 45
28 48 46
26 47 44
27 48 44
28 49 45
27 50 44
27 49 46
27 49 45
29 51 43
27 51 42
24 50 41
23 51 39
23 50 38
22 47 38
21 49 38
20 48 38
21 49 37
20 47 36
15 45 37
15 44 37
15 43 35
12 50 37
08 49 39
03 48 38
06 44 39
06 42 37
10 44 37
11 42 35
11 43 35
12 43 35
11 44 34
12 42 34
13 40 33
13 41 33
14 41 32
16 39 32
17 40 34
18 38 34
17 39 34
16 38 35
16 37 34
15 39 33
15 39 34
15 40 33
15 40 35
16 40 35
15 39 35
16 42 36
17 40 36
17 39 36
16 39 38
15 39 39
15 38 39
16 39 39
14 37 38
13 37 39
13 36 38
13 37 38
13 37 39
14 38 39
14 38 39
13 37 38
14 38 39
14 38 40
13 39 38
14 38 39
13 38 39
13 38 39
13 38 38
13 38 39
13 39 37
13 38 39
13 37 38
14 38 37
15 39 38
15 39 37
14 39 38
13 40 38
14 38 37
14 39 39
13 39 38
13 39 37
12 38 39
14 39 38
13 37 39
13 38 38
13 39 39
13 38 39
14 38 39
12 39 39
12 37 39
13 37 40
13 38 38
13 39 38
14 39 38
13 38 38
14 39 38
15 38 38
14 38 38
13 38 37
16 40 37
14 39 38
14 39 38
13 39 38
12 39 38
14 38 38
14 38 38
13 39 38
14 37 38
13 38 38
13 38 38
13 38 38
13 38 38
13 37 39
14 38 38
12 39 38
13 39 38
13 38 37
14 40 37
14 39 38
13 39 38
13 39 37
13 39 38
14 38 38
14 39 38
14 39 38
15 39 39
14 38 39
13 38 38
14 39 38
13 39 38
14 39 38
13 38 39
15 38 38
12 39 37
14 39 39
13 39 38
14 38 37
14 39 38
15 40 39
13 38 38
13 38 38
14 39 38
14 39 38
14 37 38
13 37 39
13 39 38
13 39 38
14 38 38
13 38 38
13 37 38
14 39 38
14 39 38
14 38 39
12 37 38
13 39 39
13 39 39
13 39 38
13 38 36
15 38 38
14 39 38
13 39 38
13 39 38
14 40 37
14 40 39
13 38 38
