24 47 44
24 47 44
22 47 44
22 47 44
23 47 45
23 47 44
24 47 44
22 47 44
24 47 44
23 46 45
24 46 44
23 46 45
23 46 43
23 48 45
24 47 45
24 47 45
24 48 44
23 47 45
23 47 44
24 46 44
24 47 45
24 46 44
24 47 44
23 47 45
24 46 44
23 47 44
25 47 45
23 47 45
24 48 44
24 46 45
24 47 45
24 49 45
24 47 44
24 47 44
24 47 45
23 47 45
23 46 45
23 47 45
24 47 44
24 46 44
25 48 44
24 47 44
24 46 44
24 46 44
23 48 45
23 47 43
24 46 45
23 47 45
24 46 44
23 47 45
25 48 44
23 47 45
23 47 44
23 46 44
23 47 45
23 47 44
23 46 44
24 47 44
24 46 44
22 47 44
24 47 45
23 46 44
24 47 45
23 47 45
24 46 45
23 47 45
24 46 45
23 47 44
23 47 45
24 47 44
24 46 44
24 48 44
23 46 45
23 46 45
24 47 44
24 48 45
23 47 45
24 47 44
24 47 45
24 48 45
24 47 46
23 46 44
23 48 44
24 46 45
23 47 45
23 47 45
23 46 45
23 47 45
23 47 45
24 47 45
23 48 45
24 48 45
24 47 45
23 46 45
23 47 44
23 47 45
23 47 43
23 46 44
23 46 44
23 45 44
23 46 43
24 46 43
23 45 44
22 47 44
23 46 43
22 46 43
23 45 44
23 47 44
23 47 44
23 47 46
22 48 46
21 47 46
20 48 46
21 47 46
21 49 44
18 48 42
18 48 43
19 46 44
18 48 44
21 49 43
20 48 39
18 50 38
19 46 38
19 45 39
18 46 40
22 47 44
21 49 47
24 46 48
26 40 49
30 35 48
30 36 48
30 37 47
28 35 45
25 33 46
22 37 48
16 37 49
13 35 47
13 33 48
15 31 47
16 25 46
18 27 48
18 26 45
19 26 45
20 26 44
17 28 42
14 34 41
12 36 40
08 36 43
14 32 36
14 33 33
15 32 31
11 36 30
13 38 30
13 35 30
13 35 33
09 37 33
12 38 33
11 34 28
08 38 25
13 39 26
08 36 27
12 35 24
14 39 25
10 37 27
11 37 27
11 35 26
12 35 23
12 36 24
11 35 26
11 34 26
08 33 25
07 31 24
09 29 24
10 28 23
12 26 21
12 28 19
12 31 18
13 28 18
13 27 19
13 31 21
14 33 25
14 31 25
16 31 27
15 33 29
14 35 28
15 33 29
14 31 26
15 32 27
15 32 27
13 33 28
13 33 27
13 36 28
13 34 28
13 35 30
13 34 30
12 35 30
13 35 30
15 37 31
14 36 32
14 37 34
14 36 34
12 37 35
11 35 36
12 35 36
10 33 35
09 33 33
10 34 33
09 35 34
12 36 33
12 36 33
14 36 32
13 37 33
15 41 34
13 43 32
15 42 31
15 42 30
14 45 30
15 43 31
17 42 29
18 42 30
18 41 30
16 38 31
14 42 30
09 40 28
08 38 32
08 35 31
11 38 31
12 44 30
14 43 30
15 43 32
14 43 31
14 42 30
15 43 31
15 43 33
16 42 32
15 43 32
15 45 32
16 42 31
14 44 32
12 44 31
16 45 32
16 41 33
18 43 30
18 47 28
21 49 29
15 44 28
14 42 36
14 44 36
14 45 31
12 37 35
12 41 35
14 48 34
16 48 32
20 45 31
16 50 30
16 44 31
17 44 37
15 44 36
15 44 34
18 44 34
19 42 35
17 43 35
11 47 39
11 47 39
13 43 36
14 47 37
17 45 35
18 44 33
19 47 32
19 43 30
16 45 31
16 45 32
15 46 32
14 46 31
16 44 30
16 44 30
16 46 30
16 45 29
16 45 29
16 47 30
17 46 28
17 44 27
17 45 30
15 45 31
16 45 30
16 45 29
15 44 30
15 44 29
16 43 29
15 44 29
16 45 30
17 46 29
17 44 28
17 45 28
17 45 28
18 45 28
17 46 28
17 46 28
18 46 28
17 45 29
20 46 30
19 44 30
18 44 29
18 44 30
16 43 29
15 43 30
13 42 30
13 43 30
15 45 29
16 47 31
16 45 31
16 45 30
16 45 31
15 45 33
16 45 31
16 44 30
16 45 29
16 45 30
15 45 30
14 45 31
15 44 31
17 46 31
16 46 30
17 45 30
17 45 32
16 46 31
16 46 30
16 45 32
17 44 32
16 45 32
16 46 31
15 47 30
17 46 32
16 45 33
16 46 34
16 45 34
15 46 32
17 46 31
16 46 32
17 46 31
16 47 31
17 46 31
17 46 33
15 46 31
17 44 32
17 46 32
17 45 31
16 45 30
17 47 31
16 46 31
16 45 32
16 45 32
17 46 32
18 46 31
17 45 31
16 47 32
18 47 31
16 48 30
15 47 31
17 45 31
16 46 31
17 45 30
17 46 31
17 47 31
17 46 31
17 47 31
17 45 31
15 46 31
17 45 30
17 46 31
18 46 31
