29 35 51
29 33 32
28 36 52
27 36 53
28 35 52
28 35 53
29 35 53
29 35 52
28 35 52
28 35 53
28 36 53
27 34 53
29 34 53
28 36 53
28 34 52
28 35 52
28 35 52
28 34 52
28 35 52
27 36 52
28 35 53
27 35 52
28 34 52
28 35 53
28 35 52
28 34 52
28 36 52
28 35 53
28 34 53
28 34 52
28 35 52
28 35 52
28 34 52
28 37 53
28 34 53
27 36 52
28 36 52
27 36 52
28 35 52
28 35 53
27 35 52
28 35 51
28 34 52
27 36 52
29 35 52
29 34 52
28 34 53
28 34 53
28 35 53
29 34 53
28 35 53
28 35 53
27 35 53
27 35 52
27 35 53
26 35 52
27 32 53
26 33 53
27 30 54
27 29 54
27 28 55
28 32 54
29 32 54
29 31 53
28 30 52
30 32 51
30 33 52
31 33 49
29 34 50
28 40 51
30 40 50
31 41 49
29 40 49
30 41 50
29 38 50
27 36 49
26 37 50
24 35 49
22 35 50
20 28 52
18 28 53
19 38 50
19 35 49
18 31 47
15 33 45
13 35 44
14 28 45
15 29 44
16 32 42
14 35 39
16 32 36
17 38 33
09 32 35
08 37 35
12 37 33
10 38 32
12 35 35
14 36 39
12 38 35
11 37 33
13 37 31
14 41 28
10 37 29
13 37 25
12 37 31
15 33 27
19 35 27
07 38 30
08 40 26
08 35 25
11 31 26
12 32 27
11 35 25
09 31 24
06 29 24
08 26 20
12 24 19
13 27 23
12 27 24
14 30 25
12 27 24
12 27 24
12 30 20
13 28 20
12 29 20
11 27 21
13 25 23
13 26 25
13 26 25
14 27 26
14 28 28
15 29 28
14 29 28
15 30 29
13 31 30
13 32 31
14 33 32
15 34 32
15 35 34
15 36 33
15 36 33
16 36 35
15 37 35
15 35 35
13 35 36
13 36 37
13 36 38
13 36 37
11 36 35
11 35 35
11 34 36
11 35 35
12 35 36
13 36 35
13 36 35
13 37 36
12 38 35
14 38 35
13 38 36
13 37 36
13 37 36
12 38 36
12 37 37
12 37 37
12 36 38
11 35 39
11 35 38
11 35 37
12 32 38
12 32 39
13 34 37
12 33 38
12 35 36
12 34 37
12 34 37
12 35 37
12 36 36
12 36 36
13 35 36
13 35 37
13 36 36
14 35 36
14 37 36
12 36 37
13 37 36
12 37 36
11 37 37
13 36 37
12 36 37
13 37 38
12 36 38
11 35 37
12 36 39
12 36 37
11 35 37
12 33 36
13 35 36
13 35 37
13 35 37
12 35 36
12 35 36
14 34 36
11 36 36
13 35 36
12 35 35
13 35 34
12 35 35
13 34 36
14 35 36
12 35 36
12 35 35
13 34 36
13 34 37
12 35 36
12 35 37
12 36 38
11 36 36
11 35 38
10 35 38
12 35 37
13 35 37
12 36 36
12 35 36
12 37 37
12 36 33
12 37 33
13 39 35
13 37 35
14 35 37
13 35 37
11 37 37
13 38 37
11 36 36
12 37 36
12 36 36
12 36 36
13 36 36
13 37 36
12 36 36
12 35 35
12 38 35
12 37 36
12 38 36
13 35 36
12 36 36
12 36 36
12 36 36
12 36 35
12 37 37
12 35 36
12 36 36
13 36 37
13 35 37
12 37 37
12 35 36
13 35 37
12 36 36
12 36 36
12 36 36
12 35 35
14 35 35
13 35 36
12 36 37
13 35 37
14 36 37
13 37 36
13 35 37
14 36 36
13 35 36
13 36 37
12 35 36
12 36 36
12 36 35
12 36 36
13 34 36
12 35 37
13 34 36
12 36 36
12 36 37
13 37 37
13 35 36
13 36 36
13 36 37
12 36 37
12 36 36
11 35 36
12 35 36
12 36 36
12 35 35
13 35 36
12 36 37
14 36 36
12 35 36
12 36 36
14 36 36
12 35 36
12 35 37
12 35 35
12 37 35
13 36 36
13 35 36
12 36 37
13 35 36
13 35 36
12 36 36
12 35 36
12 35 37
13 37 37
12 35 36
12 34 36
13 36 36
12 36 36
12 35 36
13 36 37
13 36 36
11 35 36
12 35 37
11 35 35
13 36 35
13 34 36
13 35 36
12 34 36
13 36 36
13 35 36
13 34 36
13 35 37
13 35 37
12 37 36
13 35 37
12 36 36
13 35 37
12 36 36
13 36 37
13 35 35
12 36 36
12 35 36
13 36 37
13 36 37
12 35 36
12 35 36
12 36 37
12 36 36
13 36 36
12 36 37
12 37 36
12 36 35
13 35 37
10 35 36
12 34 36
12 36 37
14 35 36
12 36 37
13 35 35
12 35 36
13 35 36
13 36 36
13 35 36
13 36 36
12 36 35
13 35 35
11 35 37
13 35 37
12 35 37
12 37 36
12 35 37
13 35 36
12 36 37
13 36 36
12 37 36
12 36 36
13 36 35
13 37 36
11 36 35
13 37 37
12 37 37
13 35 36
13 35 37
13 35 37
12 35 36
14 36 36
13 35 36
12 35 35
13 36 35
13 36 35
12 37 37
12 36 36
13 35 36
12 37 36
13 36 37
