27 41 50
26 40 50
27 39 50
27 38 51
26 42 51
27 38 52
26 39 51
26 39 51
26 39 51
26 38 51
27 39 51
28 38 50
27 39 51
26 39 51
26 36 50
27 39 51
27 40 51
27 39 51
26 39 51
26 39 51
27 38 51
26 39 50
27 40 51
27 39 50
27 39 52
26 39 51
26 41 51
26 39 51
27 39 51
26 39 52
27 39 52
27 41 51
26 39 51
27 40 50
28 38 51
26 40 52
26 39 52
27 40 52
28 38 51
27 39 51
26 40 52
27 39 52
26 39 51
26 38 51
27 39 51
27 39 51
27 39 50
26 38 50
27 39 51
25 39 50
27 39 51
27 40 51
26 39 51
25 39 52
27 39 51
26 39 51
26 39 51
27 38 51
25 38 51
28 38 51
27 41 51
26 39 51
26 40 51
27 39 51
26 39 51
26 39 51
27 39 51
27 40 51
26 38 51
26 40 51
26 39 50
25 39 51
27 38 51
27 39 51
27 40 50
26 40 52
26 38 51
27 40 51
27 39 51
26 39 51
27 39 51
25 40 52
28 39 51
26 38 50
26 40 52
26 39 51
26 39 52
28 39 50
27 40 51
27 40 50
27 39 51
28 39 51
25 38 51
27 40 51
27 39 50
26 40 51
28 39 51
27 39 51
27 39 50
27 39 50
27 40 51
26 40 50
26 39 50
27 40 50
27 39 51
27 40 50
26 40 51
27 39 51
25 39 51
25 38 50
25 38 52
25 37 51
24 38 50
24 38 50
21 39 50
22 38 49
19 37 47
18 36 49
17 35 48
17 34 49
17 34 47
18 34 48
18 31 46
19 30 46
20 30 46
23 32 48
24 33 48
24 33 50
25 34 52
26 37 54
24 33 52
22 32 50
18 32 49
18 34 46
16 33 44
17 34 42
11 34 41
12 32 38
16 31 40
11 35 39
14 38 38
11 36 35
09 36 33
11 39 34
12 35 34
10 36 32
10 40 33
13 38 35
13 35 31
12 34 35
12 34 35
12 37 32
11 36 35
12 31 32
14 33 30
12 38 37
10 39 34
11 39 35
10 38 36
08 36 37
07 30 30
01 34 30
05 34 27
04 33 26
04 26 25
07 30 24
07 28 22
09 30 25
09 32 26
12 31 26
13 28 26
17 29 28
20 34 29
21 35 32
21 33 30
17 35 29
13 35 30
12 38 29
13 37 32
16 36 34
18 36 34
16 38 35
17 38 35
15 37 35
14 36 34
11 35 36
09 36 37
09 34 37
12 35 37
12 33 37
11 35 35
12 36 34
12 38 33
14 38 33
13 39 32
13 39 31
13 39 32
12 39 33
13 40 32
11 39 32
13 39 32
13 38 32
13 38 31
12 38 32
13 38 32
13 39 32
12 39 32
12 39 31
13 39 31
12 39 30
12 38 30
13 39 29
14 39 30
13 39 30
12 38 30
12 39 31
12 40 31
15 40 31
14 41 32
13 40 33
13 38 33
13 39 33
12 37 34
12 36 34
12 38 33
12 39 34
12 37 34
12 37 34
13 38 33
13 39 32
14 39 34
13 40 33
12 40 34
13 42 34
12 41 35
14 40 33
12 42 35
12 41 35
13 41 34
12 41 33
13 40 35
12 40 32
13 38 32
12 37 32
12 37 32
12 38 32
13 38 32
12 37 32
12 38 32
12 38 33
12 38 33
13 39 31
12 40 32
13 39 32
13 39 32
13 39 32
13 38 32
13 39 31
13 40 32
12 39 31
12 39 32
13 39 31
13 38 31
14 39 32
13 38 31
12 38 31
12 39 31
13 40 32
13 40 32
12 38 31
13 40 32
11 40 33
12 41 33
12 40 33
11 40 33
12 40 32
13 40 32
12 39 33
12 40 32
12 39 32
12 38 33
14 38 32
13 38 32
12 37 32
14 38 32
13 38 31
13 40 32
14 39 33
12 40 33
12 40 34
12 40 33
12 39 33
12 39 34
13 37 34
13 37 34
14 38 34
13 39 34
12 39 34
12 39 34
12 40 33
12 39 33
13 38 34
13 38 33
13 38 32
13 38 33
14 38 32
13 38 33
14 38 33
13 39 32
13 39 34
11 38 33
12 38 34
12 40 35
12 39 34
12 39 35
11 39 35
12 39 35
12 38 35
13 38 34
12 39 34
14 39 34
13 38 34
13 39 35
14 39 34
12 38 34
13 38 34
11 38 35
13 38 34
11 39 35
13 38 35
13 38 35
13 39 35
13 39 35
13 38 35
12 37 35
14 38 34
11 37 34
13 38 36
13 38 35
13 38 34
13 37 34
12 39 34
12 37 34
13 39 35
13 37 34
12 38 34
13 39 34
12 38 35
13 38 35
12 38 35
13 38 34
12 39 34
13 39 35
11 37 35
10 38 35
12 39 34
13 39 34
12 39 35
11 38 34
13 38 34
12 39 34
13 38 36
13 39 34
13 39 35
13 39 34
11 39 35
13 39 34
13 36 35
13 39 35
13 39 34
12 38 34
13 38 34
12 39 35
13 39 34
12 39 35
11 39 35
13 39 34
13 39 34
13 39 35
12 38 34
14 39 35
13 38 35
13 37 34
13 38 34
13 39 35
12 37 34
12 38 35
13 40 34
12 40 34
13 38 35
12 38 34
12 39 35
13 39 35
13 39 35
12 39 34
12 37 34
14 38 34
13 39 34
13 39 35
12 39 34
12 40 33
13 38 35
12 38 34
12 39 34
12 38 35
