28 42 51
28 42 51
30 42 50
30 40 51
30 40 51
29 41 51
29 42 51
28 42 51
29 41 50
29 43 50
29 43 50
29 42 51
28 41 51
30 40 51
29 41 52
29 41 51
28 43 50
29 41 50
30 41 51
29 42 50
28 40 51
29 40 50
28 43 50
28 41 51
29 41 49
29 42 51
29 41 52
27 39 49
28 41 50
28 44 50
27 42 49
27 42 47
29 42 48
25 43 45
22 42 44
23 42 41
21 41 41
23 45 47
25 44 42
22 41 43
19 40 44
06 63 62
17 08 61
27 32 60
20 36 41
17 40 43
16 36 42
13 34 39
15 36 40
15 41 41
10 40 35
06 40 31
05 40 30
07 41 32
11 41 33
11 41 33
05 42 32
05 39 38
07 36 35
08 31 30
03 26 23
01 27 20
02 31 26
07 27 26
07 30 27
10 29 27
13 29 29
15 31 28
16 31 27
18 33 29
15 35 30
17 34 28
16 35 30
16 34 30
16 36 30
16 38 30
16 38 31
17 37 32
16 38 31
15 38 31
12 40 32
13 38 32
14 39 32
14 38 33
11 39 31
10 38 32
10 38 32
11 38 32
14 35 32
16 36 33
16 36 34
15 37 36
11 37 33
13 36 33
13 36 35
13 36 35
11 37 36
11 36 35
10 35 38
12 34 39
13 35 37
11 34 37
12 36 35
13 35 33
14 36 33
13 35 33
10 36 32
10 37 32
11 37 34
12 37 34
12 37 34
12 35 34
11 36 35
12 37 34
12 37 34
12 37 32
12 36 33
11 35 33
12 36 32
12 37 34
12 38 33
12 37 33
12 37 33
12 35 33
11 36 33
12 35 33
12 35 34
12 35 32
12 35 33
12 36 33
11 37 34
12 37 33
12 36 34
11 36 32
11 36 33
12 35 33
13 35 32
10 35 32
10 36 33
13 36 33
11 37 32
13 37 33
12 38 31
12 38 32
13 38 32
13 36 32
13 36 32
11 36 31
11 35 34
10 37 32
13 37 32
13 35 33
12 35 32
11 37 32
11 37 33
13 37 31
14 37 32
13 36 33
12 37 31
11 35 31
11 33 31
11 34 31
11 35 32
11 36 31
12 36 33
13 37 31
12 34 31
11 33 32