28 48 46
28 48 46
27 47 46
27 47 46
27 47 46
28 48 46
27 47 46
26 47 45
26 47 46
27 48 46
27 47 46
27 48 47
26 48 46
27 48 46
28 47 46
26 47 46
28 46 46
26 46 46
28 46 46
26 47 47
27 48 46
27 48 46
27 47 47
26 47 46
27 47 47
26 48 46
26 46 46
26 47 47
26 47 48
26 46 49
26 46 48
25 47 49
22 47 50
18 41 50
20 39 50
18 35 50
20 37 50
20 39 48
23 35 49
24 37 50
26 33 48
24 31 46
24 32 46
23 32 46
23 32 44
23 34 44
19 38 41
12 40 41
05 39 40
04 42 40
12 40 44
18 38 45
18 35 46
17 36 44
14 39 42
14 40 44
15 39 45
17 42 45
16 45 43
16 44 41
16 43 42
16 41 44
16 41 47
12 40 48
05 46 44
12 43 39
15 50 39
16 55 39
13 47 39
12 43 39
13 46 41
13 46 40
14 44 40
13 43 41
14 41 41
13 41 38
12 35 34
18 38 32
18 40 31
19 38 33
18 29 33
16 29 32
21 35 29
20 40 30
20 45 33
18 46 36
18 46 37
16 43 33
14 42 33
12 42 31
10 42 32
10 43 34
09 43 37
08 41 36
12 42 35
13 40 36
13 40 36
12 40 36
13 42 34
14 43 35
12 42 36
14 41 35
13 39 35
12 40 34
11 39 34
12 39 32
13 39 32
12 40 32
12 40 32
12 40 34
14 39 34
14 40 34
14 40 34
14 39 34
14 39 35
13 38 34
13 40 34
14 40 34
13 41 34
13 39 33
14 39 33
14 42 33
14 40 34
12 40 34
13 39 34
13 40 35
13 40 34
12 40 34
12 40 35
12 41 34
11 41 33
11 41 33
12 41 33
13 40 34
12 40 34
13 41 33
12 39 33
12 39 33
12 40 33
13 41 33
13 39 33
13 39 33
13 39 33
13 40 33
14 39 33
12 40 34
12 40 34
14 39 34
14 39 34
13 40 34
13 41 34
14 40 34
13 41 33
12 40 35
12 40 32
13 40 34
14 40 34
14 40 35
14 42 35
13 40 36
12 39 35
12 38 33
12 40 32
