29 36 52
29 36 52
31 36 52
30 36 52
30 36 52
31 37 52
31 37 52
31 36 53
30 37 52
31 37 52
32 35 52
31 36 53
29 36 52
30 36 53
29 36 53
30 37 53
31 35 53
31 36 53
31 37 52
30 38 53
31 37 52
30 37 52
31 38 52
30 37 53
31 36 52
31 37 52
31 39 52
30 38 53
31 38 52
31 35 53
31 35 53
32 35 54
33 37 53
31 40 53
31 38 55
30 38 52
25 40 50
23 39 53
23 38 48
22 38 47
19 38 44
19 41 50
17 37 43
16 39 43
15 40 40
15 38 36
14 42 37
14 39 34
12 40 34
12 35 32
12 39 34
12 42 33
14 40 28
13 43 31
13 44 28
13 40 32
11 39 34
14 39 32
10 39 37
08 39 37
08 39 37
07 42 41
02 39 38
00 31 17
03 21 19
09 21 21
12 23 25
12 24 32
14 26 33
16 25 31
15 29 33
15 31 33
18 31 33
17 31 33
17 33 34
17 34 34
15 36 34
12 37 34
14 36 34
12 35 35
14 36 34
13 36 37
11 34 40
11 26 46
12 33 41
14 36 39
13 37 36
14 37 33
14 36 35
13 36 35
12 35 36
12 35 37
11 33 37
11 34 36
11 35 35
13 36 33
14 35 34
13 38 33
12 37 32
11 37 32
10 36 32
10 38 33
12 38 33
12 37 33
12 37 33
11 37 33
11 37 32
11 37 32
10 38 32
10 38 33
11 38 33
12 38 33
13 38 33
14 37 33
12 36 32
11 37 33
10 39 34
10 33 38
13 23 48
16 31 45
16 38 41
14 40 37
13 40 34
09 38 32
09 34 35
13 34 35
13 37 34
12 38 34
12 37 32
11 38 33
12 36 34
13 36 34
12 36 32
11 36 33
11 34 32
11 36 32
11 40 33
12 36 33
13 35 34
12 36 35
11 38 32
11 37 33
13 36 33
11 36 34
11 36 33
10 37 31
14 37 36
14 36 35
13 36 33
10 36 35
10 33 32
11 34 32
11 34 35
10 36 33
11 36 32
12 36 34
12 38 32
13 34 34
13 34 31
11 33 33
10 34 33
10 35 32
11 35 33
11 34 32
13 35 31
12 34 33
11 35 33
11 35 33
11 34 34
11 34 33
12 35 32
13 34 32
13 36 32
12 36 33
12 35 33
11 35 33
12 34 34
12 35 33
11 35 33
10 35 33
