32 35 52
32 35 53
32 35 52
33 36 53
32 36 53
31 35 53
32 34 52
31 35 53
32 35 52
31 35 53
33 36 53
31 36 53
33 35 53
31 34 52
32 35 53
31 35 53
32 35 52
31 36 53
32 35 53
32 34 52
32 36 52
32 35 53
33 35 53
31 35 53
31 35 52
32 35 53
31 35 53
31 36 54
31 35 53
31 35 52
32 36 52
32 36 53
31 36 53
32 36 52
31 35 52
32 36 53
32 36 53
31 35 52
32 36 53
32 36 52
31 36 53
30 34 53
31 35 53
32 36 52
32 36 54
31 34 52
32 35 52
32 36 53
32 34 52
32 35 53
32 35 52
32 35 53
32 37 53
32 35 52
31 36 53
32 36 52
31 36 52
31 35 53
31 35 53
31 35 53
32 36 52
33 36 53
32 36 53
31 36 54
32 36 54
31 37 53
31 35 53
32 34 53
32 35 53
32 35 53
32 35 52
32 35 52
31 37 53
32 35 53
32 35 53
32 35 53
32 36 53
32 35 52
32 35 53
31 36 54
31 35 53
32 34 52
31 33 53
32 35 53
30 35 53
31 35 53
31 35 53
31 35 53
31 36 52
32 35 53
32 36 52
31 35 53
32 35 53
32 36 53
32 35 53
31 37 53
33 34 53
33 35 53
32 34 53
32 36 53
32 35 52
32 35 53
32 33 53
32 34 53
33 36 52
31 35 52
33 36 53
33 36 52
31 35 53
31 34 53
32 34 52
32 35 53
32 34 52
32 36 52
32 35 53
32 35 52
31 36 53
31 35 53
32 35 52
31 36 52
31 35 52
32 35 53
33 35 54
31 35 53
32 34 52
32 36 51
32 35 53
31 36 53
31 35 53
32 36 53
33 35 53
32 34 52
32 36 52
32 34 52
32 35 53
32 35 52
31 36 52
32 34 54
31 36 53
32 35 53
30 35 52
32 35 53
33 35 52
32 34 52
31 35 53
32 34 54
32 34 53
32 33 52
33 36 52
32 36 53
31 34 53
32 36 52
31 36 53
32 35 53
33 35 52
31 35 53
33 34 53
32 35 53
31 35 53
32 35 52
32 35 53
32 36 52
31 36 53
31 35 53
32 34 53
32 35 53
33 35 52
32 36 53
33 35 52
31 35 53
32 35 53
32 36 54
32 36 53
32 35 52
32 36 52
32 35 53
32 35 53
32 35 53
32 34 51
31 35 53
32 34 54
29 35 53
30 35 54
34 35 53
34 35 53
34 35 53
30 36 52
28 37 55
29 36 52
31 34 52
31 35 52
31 36 52
30 35 51
30 37 52
30 38 53
30 37 54
32 40 56
33 36 53
31 36 53
29 34 56
30 38 53
29 37 54
29 37 51
26 41 51
26 41 50
23 38 49
24 39 50
20 41 51
20 39 48
24 41 46
23 39 45
21 38 47
21 39 46
20 38 46
19 38 48
17 39 48
18 42 46
18 40 44
18 38 43
19 37 43
19 40 42
20 42 46
19 40 46
17 38 44
17 40 44
16 41 45
16 40 44
17 43 46
17 43 45
18 41 43
18 41 43
18 42 42
18 41 41
17 44 41
16 43 41
15 46 41
16 44 40
16 43 41
16 43 40
16 42 42
16 43 40
16 43 40
17 42 40
16 44 41
17 43 40
17 44 40
16 44 39
16 44 42
17 43 42
17 42 42
16 43 41
17 40 41
16 42 41
17 41 42
16 42 41
17 42 41
17 41 42
16 43 42
15 42 42
16 42 41
15 42 41
15 41 40
17 42 39
15 41 40
15 42 40
16 42 40
16 42 40
16 42 40
17 42 41
16 43 41
16 42 42
15 42 41
16 41 40
16 41 41
16 42 40
16 43 41
16 41 41
16 41 40
17 40 40
16 41 40
15 42 41
15 41 41
14 41 40
15 42 39
14 41 41
16 42 41
16 41 40
14 41 40
15 42 40
14 40 39
15 40 40
14 41 40
15 41 41
14 41 41
14 42 39
15 41 40
15 42 41
15 40 41
13 41 40
14 40 40
16 40 39
15 39 40
16 39 40
15 41 41
16 40 40
15 41 40
14 40 42
15 41 41
15 40 41
15 41 41
15 41 42
17 41 41
15 41 41
16 41 40
15 41 40
16 40 40
15 41 39
15 41 41
16 41 41
15 41 41
15 41 41
16 41 41
16 41 40
15 41 40
16 41 41
17 42 41
15 42 40
14 41 40
15 42 39
15 41 40
15 41 40
