39 35 51
39 35 32
38 36 52
40 35 52
40 36 52
38 36 51
38 35 53
39 36 51
38 36 52
40 35 52
39 34 52
38 36 51
39 35 52
40 35 50
39 35 52
38 36 52
39 36 52
38 35 53
39 37 51
39 37 51
40 36 52
39 35 53
39 35 51
39 38 52
39 37 52
39 38 52
38 38 51
37 36 51
37 37 52
37 37 50
38 37 51
37 38 52
38 36 51
38 39 52
37 37 53
37 38 52
36 38 52
36 38 53
36 40 52
35 38 54
32 41 53
34 41 52
30 42 52
30 40 54
28 40 51
26 40 49
24 41 48
25 42 49
23 41 48
22 42 49
22 42 48
21 41 46
20 40 45
21 40 46
20 41 46
17 40 45
17 41 45
18 37 45
20 37 42
18 38 42
18 38 42
17 39 42
17 39 43
16 39 43
17 41 45
18 41 46
19 41 47
18 42 48
19 41 48
20 39 49
19 40 48
18 40 48
17 40 48
16 39 47
14 38 43
14 36 40
14 37 40
16 37 41
16 39 41
17 41 42
17 41 44
17 42 41
17 42 42
17 40 40
18 40 39
17 36 40
17 37 42
15 41 41
13 40 39
14 40 39
13 36 36
15 41 36
11 38 35
09 40 32
12 35 32
12 38 33
15 41 34
18 38 34
21 37 34
17 40 36
13 38 32
11 39 31
06 39 31
03 37 32
02 38 33
05 34 34
09 28 32
10 24 32
10 27 29
10 29 31
10 30 31
11 28 35
11 27 35
11 27 36
11 28 36
12 31 35
14 36 34
12 36 33
13 34 33
11 34 33
11 34 34
11 32 34
12 33 34
09 30 35
11 30 36
12 30 35
12 32 34
11 32 34
11 32 34
11 32 34
13 31 33
10 32 34
10 31 35
11 30 35
12 30 34
12 29 34
13 29 35
12 30 34
12 30 33
10 30 33
11 30 33
10 30 35
11 28 34
12 27 35
12 28 35
11 29 33
11 26 34
11 28 33
10 27 33
12 26 33
11 26 32
11 27 33
13 27 33
12 27 34
12 27 34
11 27 34
13 26 33
11 27 33
13 26 33
12 27 33
12 27 33
11 27 34
11 27 33
12 28 33
11 27 34
12 27 33
11 27 34
10 28 34
12 27 33
12 27 34
11 26 34
11 26 34
12 28 34
12 27 35
12 28 33
12 27 34
12 27 33
12 26 33
12 27 34
12 28 33
12 25 33
12 28 34
11 27 34
13 27 34
12 28 34
12 28 33
12 28 33
12 27 34
11 28 34
11 26 34
10 26 34
11 26 34
13 25 33
13 27 33
13 27 34
13 27 33
