32 28 54
32 28 54
34 28 53
35 28 54
34 28 52
34 28 53
34 29 53
32 28 53
34 26 51
35 28 52
34 28 53
34 29 52
34 31 50
34 31 50
36 30 51
35 28 52
36 28 54
36 29 53
34 28 53
34 27 52
35 30 51
35 31 51
36 30 53
36 30 53
35 29 53
35 30 55
37 31 53
36 30 55
36 30 55
35 30 54
34 31 55
35 31 54
34 31 55
33 30 54
33 30 53
32 31 54
30 32 51
32 31 52
30 31 51
32 30 50
33 30 49
33 29 50
30 29 50
31 29 50
32 30 51
33 32 52
32 33 53
29 32 55
27 35 56
28 34 57
27 33 57
27 32 56
24 32 53
23 34 52
24 36 52
23 36 51
23 37 54
25 35 56
25 33 58
26 34 58
24 34 58
26 35 58
26 35 56
26 37 56
26 38 56
25 37 54
24 39 53
24 39 52
25 38 53
25 37 50
26 35 49
28 34 49
29 34 49
28 35 47
28 35 49
27 36 49
28 36 50
27 35 48
29 33 48
31 34 49
31 33 48
31 35 49
32 34 49
33 35 50
30 36 53
29 37 53
28 36 53
26 37 55
25 38 55
24 37 53
25 37 50
27 37 50
30 37 50
28 37 50
27 36 51
28 38 51
30 38 50
30 38 52
29 37 53
29 37 53
29 38 54
27 38 54
26 36 55
28 34 55
28 33 53
28 34 52
27 33 52
27 33 52
26 34 51
26 34 53
27 35 52
26 32 52
28 32 51
27 32 51
27 33 50
27 33 50
27 33 52
27 33 51
27 34 52
26 34 52
25 36 53
24 36 54
25 37 53
25 36 53
26 36 51
26 36 51
26 36 50
25 37 51
25 37 51
26 35 49
26 35 49
27 35 51
26 34 54
25 37 55
25 38 53
27 37 52
27 35 52
29 36 52
27 35 53
26 37 52
25 38 52
26 38 52
25 38 52
27 38 51
28 37 52
27 37 50
28 38 50
28 38 52
28 37 52
26 38 53
26 37 53
26 37 52
27 35 52
27 35 51
27 35 52
28 36 52
27 36 51
28 35 52
26 34 53
27 35 53
26 35 52
27 36 52
27 35 53
26 37 52
27 36 52
27 36 52
26 35 51
27 35 52
28 36 52
27 36 52
27 35 52
28 36 52
27 38 51
27 37 52
27 37 52
27 37 52
28 37 52
27 35 52
27 36 52
29 36 53
27 36 53
27 36 52
29 36 53
28 37 52
28 38 52
27 36 52
29 37 52
28 37 52
27 36 52
28 36 52
27 37 52
29 37 51
28 36 52
28 36 53
28 36 51
28 37 52
28 37 52
27 37 53
27 36 53
27 35 53
26 36 52
26 37 52
27 36 51
27 37 52
27 38 53
28 36 52
27 37 52
28 36 51
27 35 53
28 36 52
27 37 52
27 37 52
28 37 52
27 38 51
28 37 52
27 36 52
27 37 52
26 37 52
27 36 52
28 37 52
28 37 52
28 38 51
28 37 51
27 36 52
27 36 51
28 37 52
28 36 52
27 37 52
28 37 52
27 38 52
28 36 53
28 37 53
29 37 52
29 37 53
28 37 52
28 37 51
29 37 51
29 36 52
27 37 52
28 37 52
28 35 53
27 37 53
27 37 52
28 38 52
28 37 52
28 37 52
29 37 52
28 37 51
28 37 52
27 36 52
28 35 52
26 37 52
27 37 52
27 36 52
27 36 51
28 36 53
26 38 51
27 37 52
27 37 50
27 37 51
27 37 52
28 37 51
27 37 51
27 38 52
28 37 51
28 37 52
27 36 52
26 37 53
28 37 52
27 37 52
28 37 52
26 36 51
27 38 52
27 36 52
28 37 52
25 38 51
28 35 52
27 37 53
27 37 52
27 36 52
26 38 51
27 37 52
26 36 51
27 37 52
27 38 52
27 37 52
27 37 52
27 37 51
27 39 51
27 36 52
26 38 51
27 37 51
27 37 51
26 37 51
26 37 52
26 37 52
26 36 51
27 37 52
26 37 51
28 37 52
27 37 51
26 37 51
28 36 52
26 37 51
26 36 52
25 37 51
27 37 51
26 38 52
26 37 51
26 37 51
25 37 52
26 38 52
27 37 50
26 38 51
24 38 52
26 38 52
26 37 51
26 36 52
27 37 52
26 36 52
26 37 51
26 37 52
27 36 51
26 37 52
27 37 50
26 37 52
26 38 51
26 36 51
26 38 50
27 37 52
25 36 52
25 37 51
26 36 51
25 38 51
26 37 50
27 38 51
26 37 52
26 38 51
27 37 52
28 38 51
26 36 51
27 36 51
25 36 51
26 37 51
26 37 52
27 37 52
25 37 51
25 37 52
26 37 51
