33 34 52
33 33 53
33 35 52
33 35 53
33 35 53
33 36 53
33 33 52
33 34 53
33 35 52
32 35 53
33 35 53
33 34 53
33 34 53
33 35 52
32 35 52
34 34 53
33 34 53
33 35 53
33 35 52
34 35 53
33 35 52
34 35 53
33 35 53
33 34 53
33 35 53
33 35 53
33 34 52
33 35 52
33 35 53
33 35 53
33 35 53
32 35 53
33 35 52
33 34 53
33 34 52
33 35 53
33 35 52
33 33 52
33 34 53
33 34 52
33 35 53
33 34 52
33 36 53
33 36 54
33 34 52
33 35 53
33 35 53
33 35 53
33 34 52
34 34 53
33 35 52
33 35 52
31 36 54
31 36 53
30 35 52
31 36 52
30 35 52
31 34 53
31 35 53
31 36 54
31 36 52
30 37 54
33 35 52
33 37 51
34 38 51
35 37 51
35 37 52
35 39 51
33 39 51
33 38 51
32 39 51
32 41 52
32 43 52
31 40 52
31 39 51
29 39 52
30 39 52
31 40 52
31 41 51
30 40 52
31 40 52
29 40 52
31 40 52
30 40 51
30 41 51
30 42 51
29 40 52
30 41 51
27 42 51
28 40 51
27 41 51
26 43 49
25 41 49
23 41 48
24 42 49
22 40 48
21 42 47
21 38 46
20 40 46
20 41 45
17 41 46
18 41 45
19 40 43
18 42 45
18 40 43
17 41 43
17 42 42
18 41 42
16 40 42
17 42 42
16 41 41
16 42 42
16 42 41
17 41 40
15 41 41
15 42 41
15 41 39
15 40 40
15 40 38
14 42 40
14 43 39
13 41 37
15 41 38
13 41 40
12 42 39
14 41 39
15 40 40
14 40 39
14 39 38
15 39 38
13 39 40
14 38 39
14 38 38
14 37 38
15 36 38
13 37 39
13 36 39
13 36 38
12 36 39
14 36 40
14 34 37
10 35 35
11 37 36
12 34 36
13 37 38
15 37 41
17 33 35
15 37 38
14 37 38
14 37 38
12 36 37
11 35 35
10 36 36
08 34 35
07 36 35
10 34 36
09 27 38
10 27 38
11 29 38
12 34 37
10 35 34
11 36 35
14 37 34
13 38 35
13 38 34
13 37 34
12 36 34
11 36 32
12 34 33
10 35 32
13 37 33
13 28 33
11 36 35
11 37 34
12 36 35
11 36 34
12 36 34
11 36 34
12 36 33
12 36 34
12 36 34
12 36 34
12 35 33
12 37 33
12 37 34
12 36 34
12 36 35
12 37 34
11 36 35
12 38 35
10 36 35
12 35 35
12 37 35
11 38 35
12 37 34
10 35 34
12 36 35
12 37 33
11 37 34
12 36 34
11 35 33
11 35 34
11 36 35
11 37 34
11 35 35
10 37 35
11 37 35
12 36 35
12 36 34
12 37 35
13 35 34
12 35 34
11 35 34
11 36 35
12 35 35
12 36 34
12 37 35
11 35 34
11 37 35
13 36 35
11 37 35
12 36 34
11 36 35
11 38 34
11 36 35
10 36 35
12 36 35
13 36 35
13 35 35
13 36 35
12 35 34
12 36 34
12 36 35
12 36 34
12 36 34
11 37 34
13 36 34
11 35 34
12 36 34
11 35 34
12 36 34
12 36 35
12 36 34
11 37 34
11 37 34
13 38 35
12 35 36
11 36 35
12 36 35
12 35 33
11 37 35
11 36 35
12 37 34
11 37 35
12 35 34
12 37 35
13 36 34
11 36 34
12 37 34
12 36 34
12 36 35
12 38 36
12 37 35
11 37 34
12 36 35
11 37 35
12 36 35
11 35 34
12 36 34
12 36 34
12 38 35
12 36 34
11 36 35
12 36 34
12 36 34
12 36 34
11 37 33
11 36 34
12 37 35
11 37 36
11 36 33
11 36 34
11 34 34
12 36 34
12 35 33
12 37 34
12 35 34
13 37 34
11 36 34
12 36 34
13 36 34
13 36 34
11 36 34
13 36 34
13 36 34
11 37 33
12 36 34
11 36 35
11 36 34
12 37 34
13 36 34
12 36 34
11 36 33
12 36 34
11 35 35
12 35 34
12 36 34
12 37 34
13 35 34
12 36 34
13 37 34
11 36 33
12 37 34
11 36 33
12 37 33
11 38 35
