30 40 51
30 41 51
31 41 51
29 42 51
30 43 52
30 40 52
31 41 52
32 39 52
29 38 52
29 38 50
28 40 50
31 38 51
30 39 51
30 39 50
31 39 51
30 38 52
29 39 53
31 38 52
29 39 53
31 37 53
29 38 53
29 42 51
31 38 53
30 37 53
31 42 52
30 39 51
29 38 53
29 41 51
27 40 50
27 41 49
26 42 48
25 46 49
25 42 49
24 42 49
25 41 48
24 42 49
24 42 50
23 43 50
22 40 48
22 43 48
22 42 48
17 42 46
18 43 46
17 43 46
16 42 43
15 41 45
15 40 45
14 39 42
14 39 42
14 40 42
13 38 40
16 36 38
15 35 39
16 35 38
15 36 37
15 37 36
15 37 37
15 37 39
15 36 38
14 35 38
15 36 38
12 35 36
12 35 36
13 36 36
12 36 36
12 36 37
11 37 37
13 37 38
13 37 38
13 40 37
13 38 37
14 39 37
13 38 38
12 39 37
14 39 38
13 38 38
13 39 37
13 39 37
13 39 38
14 39 38
14 38 38
13 38 37
13 39 38
14 39 38
13 40 38
13 38 37
13 39 38
13 39 38
12 38 38
12 38 37
13 39 37
14 37 38
12 39 37
13 38 37
13 38 36
14 38 37
12 38 37
13 39 38
13 38 37
13 39 37
13 39 36
12 38 35
12 37 38
12 38 38
12 38 38
13 38 37
13 38 37
12 38 36
12 38 37
13 37 37
13 39 38
13 39 38
13 39 36
13 39 37
12 38 37
12 38 37
12 37 38
12 38 38
13 37 37
12 39 37
12 39 38
14 39 36
13 39 37
13 38 37
13 39 36
13 38 37
13 40 37
13 38 37
12 39 37
13 38 37
13 36 38
13 38 37
13 38 38
13 38 37
11 38 37
13 37 36
12 38 37
12 38 37
14 38 37
12 39 37
13 39 37
14 38 37
13 39 38
13 38 38
13 38 37
14 37 38
12 38 37
15 38 37
12 37 37
12 38 36
12 38 38
13 39 36
12 37 37
12 38 37
14 37 37
13 38 37
13 39 38
13 39 37
13 39 36
14 39 37
14 39 38
13 39 37
12 38 38
14 40 37
12 38 37
13 38 38
12 40 38
13 39 38