33 44 50
33 44 50
33 44 50
63 33 44
31 45 49
31 44 51
33 45 50
31 43 49
33 44 50
33 45 49
32 44 49
33 44 49
34 43 49
32 45 49
33 44 49
33 44 50
32 45 49
32 45 50
32 45 49
32 44 49
32 45 50
34 46 49
33 44 50
34 44 50
33 44 49
33 44 50
33 44 49
34 45 50
32 45 50
32 44 49
34 44 50
32 44 49
32 45 49
33 44 49
32 45 49
32 44 50
32 44 50
32 44 48
33 44 50
33 44 49
33 43 50
33 45 50
32 43 49
33 45 50
34 44 49
32 45 48
33 45 49
32 43 50
32 44 50
32 45 49
32 45 51
30 42 50
31 42 52
32 41 52
32 41 52
30 42 51
29 40 52
29 42 50
26 40 51
27 40 51
24 38 51
24 38 51
24 39 50
23 36 50
24 36 51
24 35 51
24 35 51
25 34 51
26 34 50
26 34 51
27 34 53
28 34 52
29 36 52
32 36 54
32 36 53
32 38 54
32 38 54
29 35 54
30 35 55
29 35 53
30 35 53
28 35 52
25 32 51
26 33 52
25 34 51
24 34 51
23 34 50
23 35 49
22 38 49
20 37 49
22 35 50
21 36 50
19 36 48
21 39 46
19 45 47
17 40 45
18 40 44
18 42 44
17 41 43
17 42 44
18 43 43
16 43 44
16 42 43
17 43 43
16 42 43
15 41 43
15 41 41
14 40 41
14 41 41
10 43 42
09 43 40
10 41 40
13 39 39
13 37 37
16 37 36
18 35 35
18 37 35
18 36 37
16 36 37
14 38 38
12 39 39
15 37 40
13 39 41
14 38 40
14 36 41
14 38 39
14 40 37
17 41 37
15 42 36
14 41 37
14 43 38
14 44 39
15 43 38
15 42 38
16 43 39
14 41 38
15 43 39
14 41 39
14 41 39
14 40 39
14 41 38
15 42 38
14 42 37
13 42 36
14 41 36
13 43 35
12 42 35
12 40 34
14 39 33
14 41 33
15 40 35
14 41 37
14 43 38
15 39 39
15 39 40
15 38 37
12 39 35
11 42 37
13 38 38
12 38 37
14 37 37
12 39 38
12 39 36
13 39 36
12 39 36
11 38 35
13 38 36
12 38 35
12 37 34
13 38 35
13 38 34
11 37 34
11 40 34
12 39 34
12 39 35
12 38 35
12 38 34
12 37 34
12 37 34
13 38 34
11 39 33
11 40 34
12 38 34
13 40 34
11 39 34
13 38 33
12 39 33
12 38 34
13 39 33
13 38 34
13 38 34
11 38 34
12 38 33
11 39 34
11 38 35
12 38 34
11 39 33
13 38 34
11 38 34
12 37 33
12 38 33
13 35 32
13 37 32
11 38 32
13 38 32
13 38 32
13 38 32
