32 32 54
09 32 32
32 33 53
31 33 54
32 33 53
31 34 53
31 32 53
30 33 53
31 33 53
31 32 53
30 33 52
31 32 53
31 32 52
30 32 53
32 33 54
30 34 54
31 32 53
32 32 53
32 32 52
32 34 52
31 32 53
31 34 52
32 34 52
31 32 53
31 33 53
31 33 54
32 33 53
30 33 53
33 33 53
31 33 53
30 33 53
31 34 52
31 33 53
31 34 53
31 33 53
31 32 53
31 33 52
32 32 52
31 33 53
32 33 53
31 33 53
31 33 52
30 32 53
31 34 52
31 32 53
29 32 53
31 33 53
32 33 54
32 32 54
32 33 53
31 33 53
30 32 53
32 32 53
30 33 53
30 32 53
30 32 52
30 33 53
31 33 53
30 32 53
31 33 52
31 34 54
32 32 53
29 31 54
31 32 52
31 33 53
31 33 52
31 33 53
31 33 52
31 33 53
31 33 53
31 32 53
29 32 52
31 33 53
30 33 53
32 33 53
31 34 53
32 33 53
32 32 52
31 33 53
31 32 52
30 33 53
32 32 53
31 33 54
30 31 53
31 33 53
31 34 53
32 33 53
30 33 53
31 31 53
31 32 54
30 33 54
31 34 52
31 33 53
31 34 51
30 34 52
32 35 53
30 35 53
33 34 52
30 36 53
30 36 53
29 36 53
30 36 52
32 36 51
31 37 54
31 35 55
30 35 55
28 36 56
27 33 54
25 35 54
23 33 55
22 32 52
24 32 51
22 30 50
22 28 50
21 29 50
23 31 49
22 30 48
21 30 48
21 30 48
21 30 48
22 30 48
20 31 47
21 31 46
20 30 47
19 32 46
20 30 47
20 30 47
20 30 47
20 29 46
21 29 47
19 30 47
20 29 47
17 30 49
18 28 50
19 28 49
18 29 47
20 30 47
20 29 47
19 28 47
20 30 49
19 29 48
18 30 48
18 29 48
17 30 49
19 31 49
18 31 49
19 32 48
19 31 48
18 32 47
18 33 48
18 32 47
18 32 47
19 31 47
18 31 48
17 31 48
18 30 47
18 30 48
18 30 47
18 28 49
19 29 47
17 30 47
19 30 47
18 29 48
19 29 49
18 30 47
19 30 45
18 30 46
20 28 46
18 27 46
18 28 47
18 28 47
17 28 47
18 28 48
17 30 47
18 29 49
19 29 50
19 29 47
19 29 48
20 30 47
17 32 48
17 32 47
19 30 47
18 29 46
19 30 46
18 30 47
18 29 46
20 30 47
17 30 46
19 29 47
18 29 47
17 30 47
19 29 47
20 29 46
18 30 47
18 29 47
19 30 48
18 29 49
