24 42 50
24 42 50
25 42 49
25 42 49
26 42 49
25 41 49
24 42 49
23 42 49
24 41 49
24 42 50
24 42 49
25 42 49
25 41 48
24 41 49
25 41 49
24 40 49
25 41 49
23 41 49
25 42 49
25 41 49
26 41 49
25 42 48
25 41 49
23 41 49
25 40 50
24 39 49
24 41 50
24 41 49
26 41 48
24 42 49
25 41 48
24 41 49
24 41 49
25 42 49
25 40 49
25 42 50
24 41 49
24 41 49
24 41 49
21 42 49
18 43 49
19 45 51
19 41 53
15 39 54
15 35 52
17 37 52
19 38 50
23 34 50
24 30 50
27 36 49
31 37 50
32 36 48
32 38 48
32 37 46
33 36 47
32 39 47
32 42 49
27 38 52
27 33 52
25 32 53
24 33 52
23 38 51
23 34 52
20 37 51
21 38 50
21 38 50
23 35 52
24 39 49
22 40 48
21 36 50
21 37 46
20 33 47
22 43 51
19 43 48
19 46 51
15 44 44
15 39 43
18 41 38
12 45 30
13 55 31
21 50 41
18 53 38
12 46 35
11 37 33
11 44 40
12 44 40
11 41 37
03 38 35
00 36 37
00 34 29
07 29 29
10 27 33
14 27 35
16 35 36
16 37 36
19 35 35
18 33 36
17 35 33
18 37 34
19 37 31
18 36 33
19 36 35
19 35 36
17 38 37
18 39 37
17 38 37
15 40 37
15 38 38
14 39 37
13 37 37
11 38 36
11 38 36
12 37 36
10 38 35
10 37 36
12 38 35
11 37 36
12 37 36
13 38 36
12 38 35
12 39 36
13 37 36
13 39 36
14 39 36
13 38 34
13 39 35
12 38 35
12 38 34
11 38 34
12 37 33
12 37 34
12 38 33
12 37 33
12 38 33
11 37 35
12 38 34
13 38 34
12 38 33
12 38 33
11 38 34
12 38 33
12 37 34
12 37 34
11 37 33
13 38 35
13 37 34
12 37 34
12 39 34
12 38 33
13 38 34
13 36 34
12 37 34
14 38 35
12 38 33
11 38 33
11 38 34
11 38 34
11 38 34
12 37 34
13 38 34
13 37 34
13 38 34
13 39 34
11 38 33
11 37 33
11 37 34
12 38 34
12 38 33
11 39 34
13 38 33
13 38 35
11 37 34
12 38 34
12 38 33
13 37 32
11 37 33
