25 46 47
26 33 46
25 45 47
25 44 48
25 45 46
25 46 47
25 44 47
25 45 47
25 44 47
25 46 47
25 45 47
25 45 48
25 45 46
26 45 47
25 44 47
25 45 47
26 45 47
26 44 47
25 45 47
26 45 48
25 45 47
26 46 47
26 46 46
25 45 47
26 45 48
25 45 47
25 45 47
25 46 47
24 45 47
25 46 47
25 44 46
26 44 47
24 46 46
25 45 47
26 45 47
25 45 47
27 46 47
26 45 46
26 44 48
25 46 47
25 44 47
26 45 48
25 45 48
26 46 46
25 45 47
26 46 47
25 45 46
25 45 46
26 45 47
24 45 47
26 45 46
25 45 47
25 46 47
26 44 47
26 44 47
24 45 47
25 44 47
25 47 48
26 45 48
26 45 46
25 44 47
25 44 47
25 44 46
26 44 48
24 45 47
25 45 47
24 45 47
26 45 47
24 45 47
26 45 48
25 45 47
25 45 47
26 45 48
25 45 48
27 44 47
26 45 47
25 46 47
26 44 46
26 46 47
24 47 47
24 45 48
24 44 47
25 43 48
24 46 47
23 45 47
24 45 46
24 46 46
22 45 45
23 47 46
21 46 45
21 47 43
22 46 45
22 46 44
22 47 42
20 48 42
19 47 42
21 47 45
18 49 43
22 47 48
22 47 47
24 43 46
25 40 47
28 39 51
28 39 50
30 41 50
29 41 51
30 40 47
30 39 47
29 40 50
28 42 49
27 40 48
25 37 50
24 31 51
23 29 51
22 30 52
22 32 51
23 33 51
24 33 50
23 34 50
23 32 50
22 33 48
21 29 47
19 29 45
21 27 48
16 29 49
17 33 51
18 30 48
18 32 46
15 33 47
14 31 46
14 31 45
16 29 42
16 35 42
16 33 41
16 32 40
17 32 35
14 36 32
20 36 36
10 34 35
11 35 33
09 37 36
14 38 38
14 40 35
13 39 36
13 37 32
12 40 30
09 39 28
10 37 30
12 41 28
13 38 27
13 38 26
12 38 28
12 38 29
10 36 27
10 34 28
09 35 28
08 36 27
05 33 29
05 30 33
08 28 35
08 30 28
11 28 19
09 30 22
09 31 22
10 29 24
12 28 25
11 31 26
12 31 29
13 32 28
13 30 28
15 33 30
15 33 30
16 33 28
16 32 29
15 32 29
16 33 29
15 34 30
15 35 30
15 37 30
15 36 31
15 36 30
13 35 31
12 35 31
12 36 31
13 36 33
13 35 32
10 34 33
11 34 32
13 39 33
11 38 33
12 40 33
11 40 32
10 41 31
11 41 31
10 40 32
12 39 31
13 41 32
14 42 32
17 42 30
17 45 29
16 44 31
15 39 31
15 42 33
14 43 33
14 41 32
14 41 34
13 43 34
14 43 34
17 42 34
17 43 35
15 46 35
16 45 33
17 46 32
17 47 33
17 43 34
17 43 35
16 41 32
12 45 31
16 47 34
18 42 33
19 45 32
20 47 30
15 43 29
10 52 31
15 45 37
19 38 27
21 42 34
17 38 32
19 39 32
18 47 30
16 50 30
15 48 30
16 49 28
15 46 29
12 45 31
12 43 28
14 44 28
16 46 28
18 46 29
19 44 29
17 44 28
15 44 29
16 44 29
17 45 29
18 46 28
18 45 29
18 45 27
18 46 29
18 47 30
18 46 31
18 44 29
16 45 29
15 44 27
14 44 27
16 44 28
16 44 29
16 45 28
17 46 27
18 46 26
15 45 27
18 46 28
18 45 29
17 45 29
18 46 29
18 46 28
18 46 29
17 46 29
17 45 28
17 45 28
16 45 29
17 46 28
16 45 30
17 47 29
17 45 28
17 47 29
15 45 29
18 47 29
17 47 29
17 46 28
17 45 28
17 45 29
15 46 29
17 45 29
17 45 29
19 45 29
16 45 30
15 45 28
16 45 28
17 45 29
17 45 29
17 46 29
17 46 29
17 46 29
16 46 30
16 46 27
17 47 28
17 46 28
17 46 29
16 46 29
16 45 29
16 46 29
16 45 29
16 46 29
17 45 29
16 46 28
16 45 29
18 46 29
18 45 29
17 45 29
16 45 29
17 46 30
17 45 30
16 46 29
16 45 28
18 45 29
17 46 29
17 45 28
17 47 30
17 45 29
18 47 30
16 46 29
17 45 28
18 47 29
17 45 28
16 46 29
17 46 29
18 47 29
17 45 29
18 47 29
17 46 29
17 46 28
16 46 30
17 46 28
18 46 31
17 46 29
18 45 29
17 46 29
17 46 29
18 45 29
17 46 29
17 46 29
17 46 30
18 46 29
17 44 28
18 46 29
17 46 29
17 46 29
19 48 28
18 45 29
18 45 29
17 46 30
17 46 29
17 46 29
17 45 30
17 47 29
17 46 30
17 45 29
17 46 28
16 45 30
18 45 29
17 45 30
17 45 28
18 45 29
17 46 30
18 46 30
17 45 29
17 46 28
17 45 28
17 47 29
17 45 28
17 46 29
18 44 28
17 45 29
17 46 28
17 45 29
16 46 29
17 46 29
17 45 29
16 46 29
17 47 29
16 45 28
18 46 29
17 46 28
17 46 28
16 45 29
16 45 29
18 47 29
18 45 29
17 45 29
17 46 28
16 46 30
16 45 30
17 45 28
16 44 30
17 45 30
