24 41 49
23 41 48
24 41 48
23 41 48
22 40 48
22 41 49
23 41 48
24 42 49
23 43 49
23 41 49
24 41 48
24 42 49
23 40 49
23 41 49
24 41 48
23 43 48
24 41 48
22 41 47
24 41 48
23 42 49
24 42 49
24 41 49
23 40 49
23 41 48
24 40 50
22 41 49
24 40 51
25 41 50
26 42 50
25 39 51
25 40 49
26 38 50
24 39 50
22 42 52
16 46 53
14 45 54
12 41 54
14 37 54
18 33 52
22 37 52
17 36 48
23 31 48
26 33 48
28 36 50
30 41 51
30 38 50
34 38 49
34 40 49
34 40 48
33 40 48
29 40 52
30 35 53
26 30 50
25 31 49
18 32 48
12 35 54
11 37 54
19 41 44
16 41 38
17 37 43
13 35 45
16 33 44
17 38 40
12 38 36
12 36 32
14 41 35
14 41 32
14 41 30
12 41 27
15 42 27
13 44 29
11 53 30
13 49 28
11 46 25
12 47 25
09 45 31
03 50 32
10 47 23
04 44 27
07 34 27
07 33 44
05 31 39
08 26 29
09 28 25
15 32 29
14 31 31
13 32 33
16 34 34
12 37 33
14 38 32
15 36 33
17 35 32
19 36 33
21 35 34
20 35 35
21 37 35
21 39 34
20 38 36
19 37 37
16 38 37
16 36 37
15 35 37
15 36 35
16 37 34
18 39 34
16 38 35
09 40 35
00 43 34
00 43 34
00 42 34
05 37 34
10 34 33
12 35 33
12 39 32
12 36 33
11 40 35
13 37 35
12 38 33
12 37 32
12 37 32
11 38 34
11 38 34
11 37 33
11 37 34
12 37 34
13 37 33
14 37 32
14 36 33
14 36 34
12 37 35
11 38 34
11 38 35
12 37 36
12 37 35
12 39 35
13 37 35
12 37 33
12 38 33
12 38 34
10 38 34
12 38 34
12 39 34
12 39 33
11 39 33
12 39 35
13 36 33
11 36 34
12 36 35
13 35 34
12 35 33
13 36 33
14 37 34
13 37 33
12 38 33
12 36 33
11 38 33
12 36 34
11 37 33
12 36 33
12 36 34
12 37 34
11 35 35
12 37 33
11 36 34
12 38 33
11 36 32
12 37 34
13 36 34