33 40 52
32 39 53
32 38 52
34 40 51
33 37 51
33 39 52
33 40 52
33 39 51
34 40 51
34 39 53
34 38 52
33 39 52
33 39 51
33 40 52
33 39 51
33 40 52
34 39 52
34 39 53
34 39 52
32 40 52
33 41 52
34 39 52
33 40 52
34 40 52
33 39 52
33 40 51
34 39 52
32 39 52
33 40 53
34 39 52
33 38 52
33 40 53
34 39 52
34 39 51
34 40 52
32 39 51
34 40 52
33 39 52
34 40 52
34 39 52
34 39 53
34 39 52
35 41 51
35 41 52
33 39 52
34 39 52
33 40 52
34 40 52
33 40 52
34 39 52
34 39 52
34 41 51
33 39 52
34 40 52
33 39 52
34 40 51
34 39 52
33 40 52
33 40 52
33 40 52
33 40 51
33 39 52
33 40 52
33 40 52
33 40 51
34 40 52
33 39 52
34 40 51
32 40 52
34 39 51
33 39 52
34 40 52
34 39 53
34 40 52
33 39 52
34 39 52
34 39 53
34 40 52
34 39 54
33 39 53
34 39 53
33 39 54
34 35 54
34 36 54
33 37 53
34 37 52
35 37 52
34 38 52
35 39 53
35 37 52
35 38 52
34 39 50
35 39 50
33 40 51
33 40 51
33 40 54
33 39 52
33 38 50
33 41 48
31 40 48
31 39 46
29 39 45
27 39 45
26 41 46
26 39 45
24 40 46
22 42 46
21 42 47
22 40 47
21 41 48
21 41 48
17 37 48
14 38 46
12 38 46
11 38 45
11 38 43
10 37 42
09 36 42
09 35 42
09 35 43
09 36 45
07 33 44
09 34 44
09 34 45
07 37 43
09 36 44
09 34 42
12 35 42
11 36 43
11 36 41
11 37 41
10 36 44
08 36 43
08 38 42
09 37 41
10 38 42
14 38 40
15 41 38
19 38 37
24 37 37
26 37 38
27 38 42
29 36 41
30 35 40
26 35 41
21 40 45
18 40 43
19 38 45
20 37 44
16 39 41
15 40 41
12 41 40
09 40 40
09 37 41
09 35 39
11 34 38
13 35 37
16 36 37
17 35 37
15 36 36
14 38 35
13 38 35
12 39 35
11 38 37
09 37 39
07 35 42
11 34 44
14 33 39
15 36 37
15 37 35
14 37 35
12 38 34
11 37 35
11 37 35
11 38 36
12 37 36
12 39 36
13 38 36
15 39 35
15 38 34
15 39 35
13 38 35
12 39 36
12 39 36
12 39 35
13 39 35
13 39 35
13 41 35
14 42 35
12 40 36
15 40 35
14 41 36
14 39 34
13 40 33
14 40 34
13 40 34
13 41 34
14 42 34
12 42 34
13 40 34
15 40 34
14 40 34
14 39 32
15 41 33
14 42 34
12 41 33
11 41 34
11 42 34
13 40 34
14 38 34
14 38 34
14 37 34
13 38 34
12 38 33
12 38 35
13 38 35
13 39 35
12 40 34
11 40 35
12 40 34
14 41 33
14 40 35
12 40 35
13 39 35
14 39 35
14 39 34
14 42 33
13 41 34
14 41 34
13 41 34
14 41 33
13 42 35
13 39 35
13 39 34
15 40 34
12 41 33
14 41 34
13 39 34
14 41 34
13 40 32
13 40 34
13 39 33
12 41 33
12 40 33
12 42 34
13 41 33
14 41 33
14 39 34
14 40 33
13 39 33
12 39 34
14 39 35
13 39 34
14 39 34
13 39 33
13 40 34
12 39 34
12 40 35
13 39 35
13 40 34
14 39 34
13 40 34
13 40 33
13 40 35
12 40 34
13 40 33
13 40 33
13 40 34
13 40 34
12 40 34
13 41 34
12 40 33
14 40 34
13 39 34
13 39 33
14 40 33
14 39 34
12 40 34
13 40 33
12 40 34
13 41 35
12 41 34
13 41 34
13 40 34
13 40 35
13 39 33
12 39 35
13 38 34
13 39 34
13 40 35
13 41 33
13 42 34
13 41 34
12 41 34
14 42 34
13 42 35
14 40 34
14 41 34
14 39 34
13 39 34
14 40 34
13 40 34
13 40 34
13 41 33
14 42 34
13 40 35
13 41 34
13 40 33
13 40 33
13 40 35
13 40 34
13 41 34
13 41 33
13 42 34
13 40 34
13 40 33
14 40 34
13 40 33
13 41 33
13 40 34
13 40 34
13 40 33
12 39 33
13 40 34
13 40 34
12 41 35
13 41 33
13 40 34
13 39 33
13 40 34
12 40 33
14 39 33
13 40 34
14 40 33
13 40 34
13 40 34
12 40 34
13 41 34
13 40 33
13 40 33
12 39 34
