30 40 50
29 41 50
29 40 51
29 40 52
29 41 52
29 39 52
28 39 53
27 40 52
29 39 51
29 40 51
29 40 51
28 40 51
28 39 50
28 39 51
27 40 51
28 39 50
29 39 51
29 41 51
29 41 51
29 41 51
29 40 51
29 39 51
28 39 51
28 41 52
28 39 51
28 40 52
29 40 52
28 39 51
28 39 52
29 40 51
28 38 53
28 39 52
26 40 52
24 40 56
22 39 58
26 40 58
21 38 47
21 36 49
22 34 50
26 32 51
27 40 51
29 41 53
31 37 54
32 36 52
33 37 50
34 35 47
33 36 45
29 43 46
26 37 60
19 30 48
21 30 43
14 33 42
12 34 47
18 39 45
21 33 39
14 31 46
16 32 44
14 37 40
14 43 37
14 41 40
17 38 34
14 51 31
14 53 31
16 55 31
15 48 33
14 49 32
13 48 28
08 43 24
10 54 33
12 45 39
06 46 34
02 39 33
00 38 37
00 31 32
11 23 30
10 32 33
12 31 35
17 32 36
20 35 36
20 33 35
23 35 35
22 37 35
20 36 36
18 35 35
16 36 35
18 37 35
16 37 32
14 39 33
14 39 31
13 41 32
12 40 32
12 40 34
11 40 34
11 39 33
12 39 34
10 39 34
11 35 36
12 35 34
14 36 35
12 37 35
12 37 35
13 38 34
12 39 35
12 38 33
12 38 34
12 38 34
11 38 33
12 38 35
12 37 34
12 37 34
11 37 34
12 37 33
11 37 34
13 37 33
12 37 34
12 39 33
12 36 33
13 37 34
12 37 34
13 38 35
12 39 34
13 37 33
12 37 33
12 37 34
11 38 33
13 37 34
11 38 35
11 38 34
13 37 34
11 36 33
13 36 33
13 39 34
13 37 33
12 38 33
12 37 33
11 37 33
13 38 33
12 37 34
14 37 34
13 38 34
12 39 33
13 38 33
11 39 33
12 37 35
