30 40 51
31 42 51
31 42 52
30 40 51
30 41 50
33 40 50
32 39 50
32 39 52
33 39 52
34 41 52
33 40 52
34 41 53
33 40 52
34 42 52
34 42 51
33 42 51
32 42 50
33 43 52
32 42 53
31 40 51
32 40 51
31 39 52
31 39 51
31 41 52
31 41 51
31 41 51
32 43 51
32 42 51
31 42 50
32 43 51
30 41 51
33 41 51
32 42 51
31 42 50
31 42 51
32 40 51
31 42 50
31 41 51
31 42 51
32 42 51
33 42 51
32 41 50
31 41 50
31 41 51
31 42 51
31 41 52
32 41 52
32 41 52
31 41 51
31 41 51
32 42 51
32 42 52
31 41 52
32 41 50
31 41 50
32 40 52
31 40 51
31 41 51
31 43 51
31 41 52
33 41 51
30 42 51
31 42 51
32 42 51
31 41 50
31 42 51
32 43 51
31 40 51
31 42 51
33 41 51
31 42 50
33 41 52
32 40 50
31 41 51
32 42 50
32 41 51
31 41 51
32 41 52
31 43 51
32 41 50
30 43 51
31 41 51
31 41 51
31 42 51
31 41 51
32 41 51
31 42 51
31 41 52
32 43 52
31 40 51
32 42 51
30 40 52
31 42 52
32 42 51
30 40 50
31 42 52
32 41 52
33 42 51
30 42 51
31 43 51
31 41 51
31 42 51
32 42 51
33 40 51
32 42 50
31 40 52
31 41 52
31 41 52
32 41 51
30 41 52
31 42 51
33 42 50
32 41 51
31 42 51
32 42 50
32 41 51
32 41 51
32 42 51
32 41 51
33 42 51
31 41 51
32 42 50
32 42 51
32 42 51
33 41 52
33 41 50
31 42 51
32 42 52
32 42 51
32 41 51
33 40 52
31 42 51
32 42 51
32 41 50
33 40 52
32 41 51
32 41 51
31 40 51
31 41 52
31 42 51
31 41 51
32 42 52
30 40 52
32 40 51
32 41 51
31 43 51
32 42 51
33 41 50
34 41 51
32 41 51
31 41 52
32 41 52
32 40 52
31 41 51
32 41 51
32 41 51
32 41 51
32 41 50
30 41 51
31 41 51
31 40 52
32 41 51
32 41 51
31 42 51
31 41 51
33 40 51
31 42 51
32 40 51
33 41 51
31 40 52
32 41 51
32 42 51
31 42 51
32 42 50
32 43 52
31 41 51
32 40 51
32 41 52
32 42 51
31 41 51
32 42 52
32 42 51
33 42 51
32 41 52
32 42 52
32 41 51
31 42 51
32 40 51
33 40 51
32 41 51
31 41 52
31 41 52
30 42 51
30 43 51
29 42 52
29 41 52
30 42 51
32 43 51
30 42 51
30 42 52
30 40 51
34 40 52
35 42 51
35 41 51
33 40 51
34 40 49
34 43 51
35 42 50
34 43 50
36 42 50
35 42 51
36 44 49
36 44 51
36 42 50
36 40 49
35 41 50
36 40 49
37 41 50
37 42 51
35 41 51
35 41 51
36 41 50
36 41 51
34 41 51
34 42 51
36 42 50
35 42 50
36 43 49
36 45 49
36 46 49
35 46 48
34 46 50
34 45 50
32 43 48
33 44 49
32 45 49
33 45 48
33 44 48
32 46 49
33 47 49
31 48 49
32 44 49
32 47 50
32 47 50
33 45 50
34 44 50
35 46 50
35 46 52
31 46 50
28 46 49
26 46 47
26 46 50
24 47 47
27 48 46
25 47 44
22 47 42
21 47 42
19 49 45
19 48 42
19 44 36
18 46 35
17 47 33
18 51 33
18 53 37
21 52 32
21 50 29
19 50 30
19 48 32
19 47 31
19 46 29
20 47 28
19 47 26
20 49 26
19 49 29
18 49 25
18 46 26
16 42 28
07 43 33
08 45 31
07 45 28
10 41 29
14 41 35
14 38 39
14 38 36
15 36 35
16 36 36
17 37 33
18 39 32
17 38 33
19 39 34
18 39 35
18 39 36
17 40 38
15 39 37
12 41 37
11 39 36
13 38 35
11 38 34
12 36 34
12 39 33
13 40 33
12 40 33
13 41 33
12 41 33
12 42 34
11 42 33
13 42 33
13 41 33
11 40 34
12 40 33
12 41 33
12 40 32
13 41 33
12 40 33
13 41 32
13 40 31
12 41 32
13 40 32
14 41 32
15 40 34
16 41 33
15 41 32
12 47 35
08 38 34
01 11 43
08 20 41
15 31 39
14 36 38
16 39 36
16 39 32
15 42 28
14 44 32
16 41 34
13 39 33
13 40 34
11 39 33
10 32 35
10 35 34
11 36 34
10 34 35
10 32 35
11 35 36
11 37 36
13 37 35
12 37 35
12 38 34
13 37 34
13 40 34
13 38 35
13 40 32
12 39 35
14 39 34
11 38 36
13 36 36
11 35 37
12 35 36
13 38 36
12 40 36
12 37 36
12 37 36
13 36 35
13 36 36
14 38 36
14 39 36
15 41 35
13 40 36
13 41 35
11 39 35
10 40 36
12 38 35
12 39 35
13 38 35
12 37 35
13 35 35
13 37 34
12 39 34
11 39 33
12 41 33
13 39 34
15 39 34
14 37 35
13 37 35
13 38 36
13 39 36
13 39 36
13 40 36
13 38 35
13 37 34
12 39 34
12 39 33
11 39 34
13 38 34
13 39 35
13 39 34
13 38 35
13 38 34
13 38 35
13 38 35
12 38 35
12 38 35
14 37 34
13 39 34
12 38 34
12 39 34
13 39 34
14 39 35
12 38 34
12 38 34
13 38 35
12 38 34
12 38 35
13 38 34
12 38 34
14 38 33
12 39 34
12 38 33
12 39 34
13 38 34
13 38 35
13 39 34
12 40 35
13 39 34
13 39 34
12 39 33
13 39 35
14 40 34
12 38 35
12 39 34
14 39 34
13 40 34
12 38 34
12 38 33
12 38 33
12 38 33
13 39 33
11 38 34
12 38 33
12 39 33
12 39 34
14 39 34
13 39 35
12 39 34
13 39 34
12 40 34
12 39 35
13 38 34
13 38 35
13 38 34
13 39 34
12 38 34
12 38 34
11 39 34
12 39 34
12 39 34
12 38 34
11 39 34
12 38 35
11 38 35
11 38 34
12 39 35
12 36 34
12 39 35
13 38 35
13 38 35
12 38 34
11 36 34
13 38 35
12 37 34
12 38 34
11 38 35
11 36 34
11 38 35
11 37 35
10 37 35
11 38 35
11 37 35
13 37 35
14 35 34
13 35 35
13 35 34
12 35 33
13 35 33
12 35 34
11 35 35
11 36 33
12 34 34
12 34 34
13 34 34
12 34 35
13 35 34
12 35 34
11 35 34
11 35 35
12 36 35
11 34 35
11 35 35
12 36 34
11 34 35
11 36 35
11 33 35
12 35 34
11 35 35
12 35 35
11 35 35
12 33 35
12 35 34
11 34 35
12 36 34
12 35 34
12 34 34
12 35 34
12 35 34
12 36 35
12 35 34
11 35 34
11 36 34
12 34 34
12 34 34
12 35 34
11 35 34
12 34 34
11 34 33
12 35 34
10 35 34
12 36 35
11 34 34
12 35 33
12 34 33
11 35 34
11 35 33
11 35 34
12 35 33
12 34 34
13 36 34
12 34 35
11 35 33
12 34 34
12 34 33
12 35 34
12 36 34
12 35 35
12 34 34
12 36 34
13 35 36
12 35 34
