28 47 46
29 47 47
28 47 46
27 47 47
28 47 46
28 47 46
28 47 47
28 45 45
28 47 47
29 47 47
27 45 46
27 46 46
28 46 46
27 46 45
27 46 46
27 46 46
28 46 47
28 47 46
28 48 47
27 47 47
28 45 47
28 45 47
28 47 47
27 47 46
27 47 48
28 47 47
28 46 46
27 47 47
27 47 47
28 47 47
27 46 47
28 46 48
28 46 46
28 47 48
29 46 48
28 47 47
28 47 50
26 49 50
24 51 48
24 48 44
26 44 44
30 43 43
31 42 43
31 46 42
32 49 48
29 48 50
28 46 50
29 46 46
26 48 47
26 48 44
24 47 45
26 49 44
25 48 45
25 47 45
25 47 42
26 49 41
24 49 40
24 48 40
27 44 37
20 58 47
21 57 38
21 55 34
21 53 37
24 53 36
21 52 32
21 51 30
20 51 30
21 48 30
21 51 31
21 51 29
18 50 29
17 46 29
17 48 28
18 48 27
18 48 29
16 47 30
16 43 31
13 44 28
11 43 26
13 43 29
12 40 29
10 38 29
10 37 30
09 37 30
14 37 31
17 37 32
17 39 33
18 42 32
17 41 33
18 40 32
17 39 31
17 41 34
17 44 32
16 39 33
16 38 32
16 38 33
13 42 34
12 42 35
11 43 33
09 42 33
10 39 35
12 37 32
14 39 34
13 42 36
14 42 36
14 41 35
13 41 36
13 41 35
13 40 33
13 41 33
14 41 32
13 40 34
12 41 34
14 41 33
14 42 33
14 40 34
13 41 33
13 41 33
14 41 33
14 42 33
13 40 34
13 40 34
14 40 34
13 42 34
12 41 33
13 41 34
13 39 33
14 40 32
13 42 33
15 41 33
13 40 33
13 40 33
12 41 33
13 41 34
14 42 33
12 42 34
14 40 35
13 40 33
15 42 34
14 41 34
13 41 33
12 42 33
13 41 33
13 42 33
14 41 33
13 41 33
13 39 33
13 41 33
13 40 33
13 40 34
13 40 34
14 40 34
15 39 33
13 42 33
13 40 33
14 41 33
14 40 33
13 41 33
13 39 34
14 41 34
13 41 33
14 40 33
13 42 33
14 40 33
13 39 34
13 41 34
12 46 35
13 47 35
13 49 36
