28 37 52
28 37 52
30 38 52
29 35 51
31 34 53
29 36 52
29 37 53
30 37 53
30 37 53
30 37 52
31 36 52
30 35 53
30 36 52
29 35 52
29 35 52
30 35 52
30 35 53
29 36 53
31 36 52
30 34 52
28 33 53
29 35 52
29 36 52
30 36 52
29 36 52
31 36 52
30 34 52
30 35 52
30 36 52
30 33 52
30 33 52
30 35 52
30 34 53
30 35 52
29 35 53
30 35 53
30 35 52
30 36 52
30 33 52
29 35 52
29 36 53
30 35 52
29 36 52
31 37 52
30 37 52
29 36 52
29 36 51
31 35 53
30 33 52
29 36 52
30 36 51
31 36 53
28 35 52
29 35 52
29 36 52
29 35 54
29 34 52
29 34 53
28 35 52
29 35 51
29 35 52
30 36 52
30 34 52
30 36 52
29 34 52
29 34 52
30 35 52
29 35 53
30 36 54
29 34 52
29 34 52
27 34 52
29 34 52
30 35 53
28 36 52
29 34 52
30 34 52
29 35 52
28 35 53
29 34 53
29 34 53
29 34 52
29 36 53
29 34 52
29 34 52
29 35 52
29 34 52
29 34 52
29 34 52
29 35 53
29 34 52
29 34 52
29 35 53
29 34 52
29 34 52
29 35 53
29 34 52
29 33 52
29 36 53
30 34 52
29 35 53
30 34 53
29 36 52
29 34 52
29 34 53
29 34 52
30 34 52
29 35 52
29 33 52
28 34 52
29 33 53
28 34 53
29 35 53
29 34 53
30 34 52
29 34 53
30 34 52
30 35 53
28 34 53
31 34 52
30 34 52
29 34 53
30 34 52
29 35 53
29 34 53
29 35 53
29 34 53
30 33 53
30 34 52
31 35 53
29 34 53
30 34 53
30 35 53
29 34 53
28 34 52
30 35 52
30 36 53
28 34 52
28 34 53
29 33 52
28 34 53
29 36 52
30 34 54
29 34 53
30 34 53
29 36 52
30 35 52
29 35 53
30 34 52
29 35 53
28 35 52
27 35 51
25 33 51
27 32 51
24 33 51
25 32 54
27 32 51
26 35 53
26 33 51
27 33 52
24 32 51
23 34 51
23 31 51
23 34 50
20 32 49
20 34 47
22 32 46
22 38 53
15 32 45
20 34 47
19 36 47
16 35 45
18 33 45
17 35 46
17 36 44
15 36 46
17 36 46
18 38 46
17 38 44
16 38 44
16 38 42
15 39 41
13 37 41
13 38 39
14 40 39
14 41 37
13 40 36
13 39 36
12 40 36
13 39 35
13 39 34
11 38 33
11 38 33
14 40 32
12 39 34
12 39 32
13 38 32
15 38 33
11 37 32
13 37 29
13 39 28
14 38 28
12 34 27
13 37 26
13 38 26
12 37 26
13 35 26
12 36 25
12 38 25
12 36 25
13 36 25
12 36 24
14 35 26
14 36 27
12 37 28
13 36 25
12 34 24
12 34 23
15 33 20
15 35 21
13 35 20
13 32 23
13 33 23
12 32 23
11 32 22
11 34 23
10 33 24
09 28 24
08 26 24
08 22 23
09 22 22
11 26 26
10 25 25
11 29 26
12 30 28
12 29 28
13 30 28
13 33 28
11 33 28
11 34 29
14 34 29
13 34 29
11 31 28
12 33 29
12 30 30
11 31 31
13 32 32
14 33 34
14 33 34
14 33 33
13 35 32
13 36 33
13 37 34
11 36 34
13 38 34
12 37 34
14 38 33
13 38 33
12 38 33
11 40 34
11 38 34
11 39 33
12 38 33
13 38 34
11 38 34
13 36 35
11 32 36
11 35 35
13 35 34
13 35 34
13 37 32
12 37 33
13 37 34
12 37 34
12 36 34
11 37 34
12 36 35
11 37 35
12 37 34
12 36 33
11 38 33
12 36 33
12 35 33
11 36 33
11 36 34
12 37 34
12 37 34
11 36 33
12 37 34
11 37 34
11 36 33
11 37 33
13 36 33
11 36 32
12 36 34
13 35 33
12 35 33
12 35 32
11 36 33
12 35 33
10 35 32
10 35 33
12 35 32
12 35 31
11 36 32
11 35 32
13 35 32
13 34 32
11 35 31
12 35 32
13 34 32
12 35 32
12 35 32
11 35 31
10 35 31
10 34 32
11 33 32
12 34 32
11 34 31
09 33 31
10 34 30
12 33 31
11 32 31
13 33 31
12 34 32
11 34 31
12 33 30
12 33 32
12 34 31
10 34 31
11 34 31
11 33 31
11 34 30
11 32 31
11 32 30
11 32 31
11 32 30
12 33 30
11 32 29
11 34 29
