27 35 52
27 34 52
26 35 52
27 35 52
28 35 52
28 35 52
27 35 51
28 34 52
27 34 52
28 35 53
27 34 53
28 35 52
28 35 53
27 34 51
28 37 52
27 35 52
28 35 53
26 36 52
27 35 52
27 36 53
26 34 52
27 34 53
27 35 52
27 35 51
27 36 52
27 33 52
29 35 52
29 35 53
27 35 52
27 33 52
28 33 53
28 34 52
26 33 52
27 33 51
25 33 51
26 32 50
25 32 51
26 31 50
26 31 50
26 31 51
28 32 53
28 32 53
28 34 53
28 34 53
26 33 52
28 33 52
26 31 53
28 30 54
30 30 55
31 31 53
29 32 53
28 30 54
28 29 52
28 28 53
28 30 51
27 28 50
26 29 51
27 30 49
27 30 48
28 30 48
26 30 46
23 30 47
22 33 50
20 34 50
20 33 49
20 33 51
21 33 52
20 32 51
22 31 51
20 35 50
19 31 54
21 33 49
21 35 48
20 34 49
20 33 50
19 34 47
19 34 48
18 34 46
16 35 45
17 35 45
17 35 44
16 33 40
17 39 39
13 42 39
11 34 37
11 35 40
14 40 41
15 37 39
14 40 35
11 39 33
09 39 32
08 41 35
12 39 36
10 36 31
10 36 30
11 43 30
11 33 31
15 38 32
14 38 35
10 31 34
09 37 34
08 40 35
09 36 35
09 37 35
08 38 32
06 35 30
06 35 30
06 33 31
06 32 31
09 37 32
11 39 32
12 36 32
13 35 33
16 35 34
14 35 35
15 36 36
14 35 35
15 35 35
16 38 34
16 39 35
17 41 34
17 39 33
16 38 33
16 40 34
16 39 34
15 39 34
14 41 35
13 40 35
12 39 36
11 39 35
12 40 38
12 40 37
11 39 35
14 39 35
13 38 36
14 38 36
14 40 36
15 40 36
14 40 36
13 40 37
14 39 36
13 40 36
13 39 38
12 40 37
12 40 37
12 39 37
11 39 37
13 39 37
13 40 37
13 39 36
12 39 38
12 37 36
13 38 36
12 38 35
13 39 36
14 39 36
13 38 36
15 39 36
13 40 36
12 39 36
14 39 36
13 39 36
13 39 36
13 39 36
14 40 36
14 39 36
13 40 37
14 39 37
13 39 37
12 38 36
13 39 35
12 37 36
12 41 36
14 45 36
14 44 37
14 43 35
15 42 35
16 42 35
14 42 36
14 41 34
14 40 35
