36 41 50
36 41 50
36 41 51
37 42 51
37 42 51
38 40 52
37 41 51
36 41 51
34 40 51
35 39 51
35 39 51
34 40 52
37 39 52
35 39 51
36 39 51
36 39 51
36 39 52
35 41 51
35 40 51
35 39 52
36 39 51
36 39 51
36 40 52
36 40 52
34 41 52
36 38 50
37 39 52
34 39 52
37 40 51
36 40 51
35 39 52
36 39 52
36 40 52
37 39 52
36 38 51
35 39 51
35 39 50
35 39 51
35 41 52
35 39 51
35 40 52
36 38 52
36 38 52
36 40 52
36 39 51
35 39 52
36 38 51
35 39 52
36 39 52
36 39 53
36 40 52
36 41 52
36 39 52
35 39 52
34 40 52
35 39 51
35 40 51
35 40 52
35 39 51
35 39 51
36 39 52
36 39 51
36 40 51
36 39 52
34 39 52
36 40 52
34 39 51
35 39 52
36 39 52
34 39 51
34 39 51
36 39 52
36 38 51
35 39 51
34 39 51
36 40 51
35 39 52
36 40 51
36 40 51
35 39 52
36 38 52
35 39 51
35 39 51
36 39 52
36 39 52
35 39 52
35 39 52
34 39 51
36 39 52
36 39 51
36 40 51
35 40 52
35 39 52
35 39 51
36 39 52
36 40 52
35 39 52
35 40 53
35 38 52
34 38 52
34 37 53
34 38 53
32 38 53
32 39 52
33 39 51
33 39 51
31 40 51
32 39 50
32 39 48
32 40 50
33 43 50
33 41 51
32 44 53
31 45 52
29 40 50
28 41 51
26 43 51
29 41 50
27 40 50
28 41 50
28 40 52
27 42 52
29 41 54
29 39 52
26 42 46
25 44 39
22 44 47
24 43 49
25 44 48
24 41 49
26 44 50
24 43 47
23 45 45
23 46 44
26 48 45
26 48 45
25 49 44
24 48 43
25 49 43
25 50 43
25 50 42
26 52 41
26 52 40
27 51 39
26 51 36
28 52 36
28 54 37
26 52 35
24 53 37
25 53 35
23 52 34
23 54 34
23 55 33
27 52 38
25 50 37
22 48 36
21 48 36
20 47 35
17 48 33
15 46 34
16 48 35
14 45 35
12 47 35
08 49 32
07 43 34
06 43 35
01 37 33
05 27 29
12 31 30
12 33 32
12 32 31
13 32 31
13 33 31
13 37 33
14 35 32
16 32 32
14 34 32
15 35 31
15 35 33
13 36 35
15 34 33
15 37 34
13 37 34
13 37 35
15 36 34
16 38 33
15 36 33
18 37 33
15 36 34
14 38 33
15 39 35
14 41 36
11 40 36
10 40 38
06 34 40
08 46 38
09 43 40
12 38 37
13 38 35
13 38 34
12 38 33
14 38 34
15 39 35
13 38 34
13 39 32
15 37 33
11 38 33
13 37 34
13 37 34
12 36 33
13 36 34
13 36 34
11 36 35
12 38 34
12 36 35
11 37 36
11 35 36
11 36 36
13 38 36
13 38 34
12 37 34
13 38 35
12 37 34
13 37 34
13 37 35
13 37 35
11 38 34
12 37 34
13 36 35
11 35 35
11 36 35
12 37 35
12 37 35
12 37 34
12 36 34
13 38 34
11 37 34
12 36 35
12 36 33
13 36 34
12 36 34
11 37 34
10 37 34
12 36 34
13 36 34
13 36 34
12 36 34
12 37 34
12 35 34
12 36 34
12 34 34
11 34 33
11 36 33
11 35 33
12 33 34
14 34 35
12 35 33
11 36 34
11 38 35
10 38 34
12 38 33
11 35 34
11 34 34
12 32 34
12 32 34
12 32 33
11 33 33
12 34 33
11 34 33
11 34 33
11 34 31
10 33 34
11 33 33
13 35 34
13 35 34
12 34 33
12 33 33
11 34 34
10 33 33
11 33 33
12 33 32
12 34 33
13 35 33
11 35 33
10 35 33
12 36 33
12 34 33
13 31 32
12 33 32
