28 33 53
29 33 52
27 32 52
29 32 53
29 32 53
28 32 53
28 32 52
30 33 52
28 33 53
28 32 52
29 33 53
28 33 53
29 33 53
28 33 53
27 32 52
28 33 53
28 32 53
29 32 53
29 32 53
29 31 52
28 32 53
28 33 53
28 32 52
27 33 53
29 33 52
28 32 52
28 33 53
27 32 53
29 31 53
28 32 53
29 33 53
30 33 52
28 31 53
28 33 53
29 33 52
29 32 52
28 33 52
29 31 52
28 32 52
28 33 53
29 32 52
29 32 53
29 32 53
29 32 53
29 32 52
29 32 53
28 32 52
28 31 53
29 33 52
29 32 53
29 31 52
29 33 53
27 31 52
27 31 52
28 33 52
27 33 52
27 32 53
28 33 53
29 32 53
28 32 52
28 33 53
29 31 53
28 32 53
28 32 54
28 32 53
30 32 52
28 32 54
29 33 52
28 32 53
29 33 52
28 32 53
29 32 52
28 32 52
29 33 53
28 31 53
29 32 53
28 32 53
28 31 52
29 31 52
28 32 53
28 32 53
28 32 53
28 33 52
27 33 53
28 32 53
28 33 52
28 32 53
27 32 51
28 33 52
27 32 52
28 33 52
28 33 53
29 32 53
30 32 53
29 32 52
28 33 52
28 33 53
28 32 52
28 32 53
28 32 52
28 32 53
29 33 52
29 33 51
28 32 53
27 32 53
28 30 52
29 33 53
29 33 54
29 32 52
29 33 53
29 33 52
28 32 52
28 32 52
27 32 52
29 32 52
29 33 52
28 32 51
29 32 53
28 33 53
28 32 53
29 32 53
28 31 53
28 33 52
28 32 52
29 33 52
29 35 51
29 30 54
27 30 53
28 31 54
27 31 53
28 33 54
26 32 54
25 33 53
24 28 52
25 31 52
24 34 51
26 35 49
27 35 51
26 34 49
25 34 49
25 34 50
26 35 52
27 35 54
27 32 53
26 27 52
25 28 50
24 32 50
23 32 50
22 33 53
23 31 52
22 32 52
21 32 50
21 33 47
20 32 47
18 34 44
15 35 44
12 34 42
12 34 42
14 33 45
14 31 40
13 33 47
17 38 44
15 37 42
14 35 40
12 35 38
14 37 38
15 35 42
13 35 37
13 37 34
11 31 35
12 42 35
14 36 29
14 36 36
11 32 31
12 36 29
10 31 36
11 27 29
12 36 25
11 36 40
11 33 26
10 39 31
08 35 33
05 28 25
05 28 22
02 30 21
08 31 26
09 30 26
07 27 23
08 24 21
10 33 22
09 35 22
12 31 22
13 31 21
15 31 23
16 32 26
16 30 25
16 31 27
18 33 27
18 33 27
19 34 29
19 32 30
19 34 30
17 34 28
17 32 28
15 34 27
15 32 29
15 34 29
13 33 29
14 35 29
13 34 31
12 35 31
11 36 32
11 37 32
10 35 34
13 36 33
13 36 33
15 35 35
15 35 35
12 37 36
11 35 35
13 35 36
13 37 34
13 39 34
13 38 34
11 39 33
11 39 33
11 40 34
12 40 32
12 39 33
12 39 33
14 39 33
13 38 32
13 39 32
12 39 31
11 40 31
12 40 31
11 39 31
12 39 31
12 39 32
13 39 30
13 40 31
12 40 30
11 40 32
11 40 31
13 40 32
15 40 32
14 40 33
14 41 33
12 38 33
11 38 33
12 38 32
13 37 33
12 38 33
12 38 33
11 38 33
12 39 33
13 38 33
13 39 33
12 37 33
13 38 33
13 39 34
12 39 34
14 38 33
13 38 33
12 39 33
13 39 33
12 39 33
13 39 33
12 40 34
12 40 33
14 39 34
13 40 33
12 39 34
12 39 33
13 38 33
13 39 33
13 39 34
12 38 32
13 39 33
13 38 33
12 37 33
13 38 33
13 38 34
13 39 32
12 38 34
13 37 35
12 37 34
13 38 35
12 39 34
12 38 33
12 38 34
13 37 34
13 38 34
13 39 33
13 40 33
12 39 33
13 38 33
12 40 33
12 39 34
12 39 34
12 38 33
12 39 33
12 38 33
12 38 33
12 37 35
14 37 34
13 37 33
14 37 34
12 37 33
11 38 35
12 38 34
12 37 33
14 38 34
12 38 33
12 38 33
13 38 34
13 38 34
12 38 33
13 38 33
12 39 33
12 39 34
13 38 34
12 39 34
13 39 34
12 37 34
12 39 34
13 38 34
12 38 34
12 39 34
12 39 34
11 39 34
13 38 34
12 38 34
12 39 34
11 38 34
12 38 34
13 38 34
13 39 35
12 38 34
12 37 34
12 38 34
12 38 34
13 38 34
12 38 34
13 39 33
13 40 34
12 39 34
13 38 34
12 38 34
12 38 34
12 38 33
12 39 33
12 39 34
13 37 35
12 38 35
12 39 35
13 39 34
12 39 34
13 38 34
12 39 35
14 38 34
12 39 34
12 39 34
13 38 33
12 39 34
11 38 34
12 40 34
11 39 34
12 40 34
13 38 35
13 39 34
14 39 34
12 39 34
13 38 34
12 38 34
12 38 34
13 39 35
13 38 35
12 38 34
13 39 34
13 38 34
11 39 35
13 40 35
13 38 34
12 38 33
13 38 33
12 38 35
13 38 34
12 39 35
11 38 33
14 39 34
13 39 34
