30 33 53
30 35 52
29 33 53
29 34 53
30 33 53
29 34 54
31 34 53
29 33 53
30 33 53
30 33 52
30 33 53
31 32 53
29 34 53
29 34 52
30 33 53
30 33 53
30 33 53
30 33 53
29 32 53
29 34 53
30 33 53
31 33 53
30 33 53
29 34 53
31 33 53
31 33 54
30 33 54
29 32 53
29 31 53
29 33 52
29 32 53
30 32 53
30 32 53
29 33 53
30 33 53
29 34 53
30 33 53
30 35 54
29 34 53
29 34 52
30 33 52
29 32 52
29 34 52
30 33 53
30 33 53
30 33 54
30 34 52
29 32 53
29 34 53
31 33 53
31 33 53
30 32 53
30 33 53
30 33 53
29 34 53
29 32 53
30 33 54
31 33 52
30 33 52
30 34 52
29 34 53
30 32 53
29 33 53
30 33 53
30 33 54
31 32 54
29 34 53
29 33 53
29 32 53
30 34 53
29 34 53
29 33 53
30 34 52
30 32 53
29 33 52
30 34 52
29 34 54
29 33 53
31 33 53
31 32 53
29 34 52
30 33 53
31 34 53
31 32 50
32 34 50
32 35 58
30 30 57
31 34 54
30 39 52
30 41 52
29 38 53
29 36 51
27 37 50
24 37 51
22 37 52
23 38 53
21 36 51
22 33 48
20 32 45
19 35 45
18 34 42
15 33 43
15 31 42
15 28 41
12 31 37
15 33 39
16 36 42
15 37 39
10 32 34
11 36 35
12 33 26
09 34 34
12 37 33
12 33 30
12 34 34
13 35 33
09 32 31
12 36 36
11 34 28
11 33 36
13 38 31
12 32 32
12 34 31
12 33 32
10 29 30
12 36 31
11 38 29
10 36 30
08 34 30
04 36 30
03 36 22
05 32 23
02 29 21
04 26 19
06 29 18
07 32 20
09 30 20
12 29 21
16 31 25
20 33 26
21 30 28
21 31 30
21 32 30
20 31 31
21 34 33
20 32 33
20 32 33
19 33 34
17 35 34
15 35 33
10 34 34
08 34 34
08 33 33
11 32 31
13 33 30
12 31 29
11 33 29
11 34 29
10 34 28
12 35 28
14 35 31
14 35 30
12 35 30
11 35 30
12 35 31
12 36 32
12 35 32
12 35 33
12 36 34
14 35 34
13 37 32
12 37 33
12 37 33
13 38 31
13 37 31
13 36 31
12 37 31
12 39 30
10 39 30
10 38 29
10 38 30
12 37 29
11 37 30
13 36 30
13 37 30
15 37 31
12 37 31
12 37 31
12 39 31
12 38 31
12 40 31
12 40 30
12 40 32
12 39 31
12 40 32
12 39 32
13 38 31
13 38 31
13 38 32
13 38 32
12 39 32
12 38 33
13 38 32
11 39 33
13 39 34
12 39 33
11 38 34
13 38 32
13 38 33
13 38 33
12 39 32
13 40 33
15 38 32
13 39 32
12 40 33
12 38 32
13 39 32
13 39 32
13 39 33
13 39 32
13 38 32
12 38 33
12 39 33
13 38 32
13 38 33
12 40 33
14 39 33
12 38 33
13 39 32
13 41 33
12 39 33
14 40 33
13 39 33
12 40 33
11 41 33
13 39 33
13 37 33
14 40 32
12 38 33
12 39 33
12 37 33
13 39 34
12 39 33
12 39 33
13 38 32
13 38 32
12 39 33
13 39 33
12 38 33
12 40 33
14 40 33
12 38 33
13 39 34
12 40 33
13 40 33
14 39 34
12 39 33
12 39 35
12 40 34
12 38 34
14 40 33
13 39 33
13 38 35
14 39 33
13 39 34
13 40 32
12 40 33
11 37 34
12 38 33
12 38 33
14 38 34
13 39 33
13 39 34
12 39 34
13 40 34
13 40 34
13 38 34
13 39 34
12 39 34
12 39 34
13 38 33
12 39 35
13 39 33
13 39 34
13 40 34
13 39 33
13 39 34
12 40 32
13 39 35
12 38 34
12 40 34
13 38 34
13 38 34
13 38 34
14 39 34
12 39 34
12 39 34
13 38 33
13 39 33
13 39 33
12 39 33
13 40 33
13 39 33
12 40 34
12 40 34
14 39 34
12 39 33
14 40 32
12 38 34
13 39 34
14 38 34
13 39 35
13 39 35
13 39 34
12 39 33
12 39 33
13 39 34
13 39 33
13 39 33
12 40 33
13 38 33
13 39 33
13 39 34
12 38 32
13 38 35
12 38 34
12 40 33
13 38 33
12 40 33
12 39 34
12 37 34
12 39 34
12 39 33
13 39 34
12 39 33
12 39 33
12 39 33
13 39 34
13 39 34
14 39 34
13 39 33
13 38 34
