29 33 53
31 34 53
31 35 53
31 34 53
32 32 52
31 34 53
32 34 53
32 33 53
31 34 52
31 32 53
31 34 52
32 33 53
31 34 53
30 33 53
30 33 53
31 34 53
31 33 54
30 33 53
31 34 53
31 34 53
32 34 53
31 34 53
31 33 53
30 33 53
31 33 52
30 34 53
32 34 52
32 32 52
31 34 52
31 33 54
31 34 54
31 33 54
32 33 53
30 35 54
29 31 52
28 32 55
28 31 54
28 32 53
28 34 53
26 33 55
27 31 53
27 32 51
29 32 51
29 32 50
30 34 52
30 35 52
25 32 52
24 36 53
23 36 51
26 37 51
25 35 52
24 33 50
22 37 51
22 35 48
21 40 49
21 41 48
20 37 46
22 40 47
18 37 45
19 40 45
18 40 44
18 41 45
18 43 46
17 40 44
16 40 43
15 40 43
17 40 42
16 40 42
16 38 41
15 41 42
14 38 43
14 38 40
15 38 40
13 36 40
14 36 37
13 36 38
13 37 37
15 34 35
12 36 38
11 35 38
13 35 36
12 35 38
12 34 37
13 33 38
14 35 38
12 33 37
12 35 39
12 35 38
13 37 38
14 39 38
14 39 37
15 39 40
13 39 39
15 37 39
15 36 39
13 35 41
14 38 43
15 40 43
15 41 43
17 43 45
19 42 45
19 44 45
19 41 43
20 40 40
19 42 39
18 37 41
17 40 42
18 41 40
18 42 40
18 41 39
16 39 36
15 43 35
04 48 33
07 43 29
11 41 31
13 40 36
12 38 36
09 39 34
11 37 32
13 36 33
13 36 33
13 38 34
13 37 36
13 35 37
13 35 38
12 36 36
11 38 34
12 38 34
10 38 33
11 37 32
12 39 34
11 39 33
13 39 33
11 39 34
13 37 34
14 39 34
14 38 33
12 38 35
12 37 35
12 38 36
12 38 34
12 39 34
12 40 33
13 39 33
12 40 35
13 38 33
12 39 34
13 37 34
13 39 34
13 38 34
12 38 35
13 39 35
13 39 34
14 38 34
13 40 34
13 39 35
13 39 33
13 38 34
12 39 34
11 39 34
13 39 35
14 38 35
12 38 34
12 40 34
12 39 34
12 39 34
12 38 35
12 38 34
13 38 36
13 38 33
11 39 34
13 38 35
13 39 35
12 39 34
12 38 34
14 38 35
11 39 34
13 39 34
13 38 34
12 38 35
13 38 34
12 38 33
12 40 34
13 39 35
10 40 35
10 42 35
07 43 35
09 46 35
09 48 36
12 49 35
