31 36 52
31 36 52
31 35 53
32 36 54
32 35 53
32 35 53
32 35 51
32 34 53
32 35 52
31 36 53
32 36 52
31 35 53
31 35 52
29 35 53
32 35 53
31 36 53
33 35 53
30 36 52
32 34 53
31 35 52
30 35 53
31 35 53
32 36 53
32 36 53
33 36 53
32 35 52
32 35 53
31 36 53
32 35 53
32 35 53
32 35 53
31 37 53
32 35 53
32 36 53
32 35 53
30 36 52
32 36 53
32 35 53
32 35 52
32 35 54
33 34 54
33 31 53
34 34 54
32 38 55
31 43 55
33 33 52
34 33 51
31 34 51
33 34 55
28 35 54
27 35 55
26 34 53
28 34 53
27 33 50
27 35 49
25 35 51
24 37 50
22 36 49
22 36 48
22 30 51
20 37 50
20 40 50
21 32 50
21 40 49
21 38 47
16 39 44
18 42 38
17 45 38
17 43 37
14 43 35
13 40 36
14 41 36
13 45 33
17 36 34
16 44 29
16 39 24
15 37 25
13 37 26
10 38 18
13 37 15
16 36 20
16 38 18
15 37 15
15 39 25
13 34 23
13 37 19
13 38 22
11 40 23
04 39 22
04 27 29
01 29 23
08 26 21
16 11 20
14 21 31
14 18 26
14 17 28
14 24 32
12 28 28
17 22 28
15 33 29
15 35 28
17 28 27
17 30 27
14 30 28
17 30 29
13 30 30
15 29 31
13 30 33
13 28 32
13 27 32
14 28 33
14 25 32
13 25 31
13 26 32
11 26 33
12 27 33
13 25 32
12 28 32
13 25 30
13 25 29
14 25 29
14 25 29
11 28 30
11 29 30
13 29 32
11 30 32
09 27 31
09 28 30
10 29 30
11 31 31
12 28 32
12 28 33
12 32 32
13 31 30
13 32 30
11 33 31
10 34 33
09 32 34
09 35 33
10 34 33
11 35 31
11 35 32
11 33 32
12 33 31
12 34 33
11 35 34
11 33 33
12 35 33
13 34 34
13 33 32
11 32 32
12 33 31
11 32 33
11 31 33
11 32 35
12 32 35
12 33 34
12 32 33
11 32 33
11 30 33
13 30 32
12 31 33
12 30 34
12 31 34
11 29 35
11 31 35
12 30 34
12 31 34
11 28 35
13 28 34
12 30 33
11 27 32
12 29 32
11 28 32
13 29 32
13 29 32
12 29 32
12 28 32
12 27 32
13 28 33
12 27 33
12 28 32
12 26 32
11 27 32
12 27 32
11 29 31
12 28 33
12 27 32
12 27 32
12 27 32
11 28 33
12 27 33
11 27 31
12 26 32
13 26 31
13 27 31
12 26 31
12 27 31
12 26 32
12 27 32
12 27 31
12 27 32
13 26 30
12 27 31
12 27 31
13 27 32
13 28 32
12 28 31
11 27 31
11 27 31
12 28 32
11 27 31
11 28 31
12 27 31
12 27 31
12 26 31
12 27 32
