05 37 33
05 33 37
05 37 33
05 37 33
05 37 33
05 33 33
05 37 33
05 37 33
05 37 33
30 46 48
29 46 47
29 46 48
31 47 49
30 46 48
30 47 49
29 45 48
30 46 49
30 46 48
30 47 49
31 46 48
31 46 49
30 44 49
30 47 48
30 45 48
29 45 49
30 46 48
30 45 48
30 46 49
30 44 49
31 45 49
30 46 48
30 46 48
30 45 48
31 46 47
31 45 49
30 46 49
30 45 49
30 46 48
31 45 49
31 46 48
30 45 48
30 46 48
29 45 48
31 45 48
30 46 49
30 46 49
30 46 48
31 46 48
30 46 48
32 45 49
30 45 48
29 45 49
29 45 49
30 45 48
30 46 49
30 45 49
30 45 48
30 45 49
31 46 49
30 45 48
30 46 48
31 47 48
29 45 48
31 45 47
31 44 49
30 46 50
30 45 49
30 46 48
29 46 48
29 45 48
30 46 48
30 48 47
30 46 48
30 46 46
31 48 46
30 47 47
30 49 55
29 50 52
25 49 50
25 47 49
27 47 48
26 49 42
21 49 43
20 49 40
14 45 38
15 45 39
19 45 39
20 45 38
18 47 37
15 48 32
14 47 32
16 44 33
14 40 35
08 39 33
03 39 32
01 37 26
06 34 28
13 35 30
15 35 31
16 35 33
16 36 33
17 34 34
19 35 34
19 35 35
19 35 35
19 37 34
16 39 33
16 38 33
15 38 34
14 38 34
13 38 33
14 38 33
12 38 35
13 37 34
11 37 34
12 38 34
10 38 35
12 38 35
12 37 34
12 37 35
12 37 35
12 36 36
12 39 36
12 37 35
12 37 35
12 39 35
12 37 35
13 37 35
12 37 35
13 37 35
12 38 35
13 36 35
13 38 36
13 36 34
13 35 34
13 37 35
13 37 34
12 37 34
13 37 33
13 36 34
13 37 34
13 37 34
12 36 35
11 37 34
13 37 34
13 37 34
12 36 34
12 37 35
12 36 35
12 36 34
11 36 35
12 38 34
11 37 34
13 38 35
12 37 34
14 37 34
12 37 34
13 37 35
13 39 34
13 38 34
12 37 35
12 37 35
13 37 35
13 36 35
11 36 34
12 37 34
11 36 35
11 35 35
11 36 35
13 36 35
11 37 34
12 37 34
12 37 35
12 35 35
12 36 34
12 36 34
11 37 34
12 37 33
12 36 33
12 36 34
12 34 33
12 35 35
13 36 35
12 36 35
13 36 34
13 36 34
12 36 34
12 36 35
11 36 34
12 34 34
11 35 35
12 35 35
12 35 35
13 36 35
13 35 35
12 35 35
12 36 34
12 36 35
12 36 34
12 36 34
12 35 35
13 35 35
12 36 34
12 37 34
12 36 35
12 36 35
12 35 35
12 36 34
12 37 35
12 37 34
12 36 34
12 37 34
12 37 34
12 36 34
13 36 34
13 36 34
12 37 35
12 37 34
12 36 35
11 37 35
12 36 35
12 36 35
12 35 35
12 35 35
13 37 34
12 36 35
13 37 34
12 35 35
12 35 35
13 36 34
12 36 35
12 36 35
13 37 34
12 37 35
12 36 34
12 37 35
13 35 34
12 36 34
13 37 35
13 37 34
12 37 36
12 36 35
12 37 35
12 36 34
12 36 35
12 37 36
14 37 35
13 37 35
12 37 35
13 36 35
12 37 35
12 36 34
12 37 35
12 35 35
12 36 35
13 37 35
13 37 35
12 36 34
14 37 36
13 36 35
11 36 35
11 36 35
12 37 35
13 36 34
11 37 35
11 37 35
13 38 35
12 36 34
12 36 34
13 37 35
13 37 35
12 36 35
13 36 35
12 36 35
11 36 35
12 37 34
13 37 34
11 36 35
12 36 35
