28 41 50
28 41 50
27 41 50
27 41 50
27 40 51
27 40 50
28 42 51
28 41 51
26 40 51
28 40 51
27 41 50
26 40 51
27 40 51
28 40 50
28 40 51
28 42 51
28 42 50
28 43 50
26 41 51
28 42 50
26 42 50
28 41 50
27 41 50
26 40 51
28 42 50
25 41 51
27 42 50
27 40 51
27 39 50
29 40 51
28 43 51
28 41 53
27 41 53
24 39 51
24 38 50
21 41 49
22 36 48
26 42 49
26 36 50
28 30 47
25 37 47
30 35 52
29 41 48
24 42 44
23 44 44
24 39 50
21 39 51
17 42 50
17 45 47
20 44 44
23 34 49
17 36 42
20 34 45
10 32 55
17 38 42
16 39 42
16 43 46
16 40 43
16 38 43
14 38 44
16 38 41
14 40 40
14 42 37
12 40 33
11 38 29
10 40 28
15 43 33
12 41 33
16 41 32
12 40 32
12 39 30
11 38 31
11 42 34
12 39 34
12 37 29
06 41 27
01 34 30
04 36 26
04 30 25
05 30 26
11 35 22
13 34 28
14 36 30
13 33 29
13 36 30
14 37 31
12 39 31
16 37 30
15 37 31
15 38 31
16 37 32
18 36 33
18 34 33
18 35 32
14 37 33
14 39 35
12 38 34
13 38 35
14 37 34
13 36 37
13 35 37
12 38 36
13 39 35
15 37 33
13 37 34
10 37 35
11 37 36
12 36 35
12 35 35
12 35 34
13 35 35
12 36 35
12 37 36
11 36 34
12 37 36
12 36 35
12 38 34
12 38 36
13 39 35
14 38 37
12 38 36
12 38 36
12 37 34
12 36 35
12 36 34
13 35 35
13 34 34
13 35 34
11 36 34
12 36 35
14 36 35
12 37 35
13 38 35
11 38 35
13 39 36
12 38 36
13 36 37
11 36 36
11 36 35
12 35 35
12 35 34
12 35 34
12 35 33
12 36 34
11 35 34
12 36 35
12 38 35
12 38 36
12 36 35
11 36 35
11 36 35
12 37 35
13 36 34
11 36 35
12 35 35
12 35 35
12 37 35
12 36 36
12 38 35
13 37 35
13 38 35
12 36 34
11 37 34
13 36 35
13 37 35
11 36 34
11 35 36
11 37 35
13 36 35
12 36 35
12 37 34
13 37 34
13 36 35
14 37 34
11 37 35
12 36 36
12 37 35
12 37 35
11 37 35
12 36 36
12 35 35
13 37 35
11 37 35
13 36 35
13 36 35
13 38 35
12 38 36
12 37 36
12 37 35
13 37 34
12 36 35
13 36 35
12 36 35
11 35 34
12 35 35
12 36 35
11 36 35
12 36 35
11 35 35
12 36 36
13 37 35
12 36 35
