29 45 49
30 44 48
30 45 49
28 45 48
29 43 48
28 45 48
31 46 50
28 44 48
29 46 48
30 44 48
30 44 49
29 45 50
29 44 48
30 45 49
28 44 49
28 45 49
28 46 49
27 45 50
27 43 49
27 45 49
28 46 49
28 45 49
28 45 50
26 45 50
25 43 50
24 43 49
24 42 49
24 43 49
26 43 49
25 43 49
25 43 49
25 43 49
25 40 49
26 41 48
24 42 49
24 39 49
25 39 49
24 38 50
21 38 48
22 35 48
21 34 48
20 34 50
20 35 49
19 33 48
18 31 47
18 32 46
20 34 47
18 36 46
14 37 46
17 34 49
17 27 46
17 34 47
18 32 46
17 32 46
16 32 44
15 33 44
15 32 42
15 31 42
14 32 42
14 35 39
13 35 41
12 35 39
11 36 38
12 37 38
14 39 36
14 38 39
14 36 36
14 41 30
11 40 37
15 37 33
15 41 34
12 43 34
14 40 30
13 42 31
12 40 34
16 41 30
13 46 28
08 41 25
16 42 28
16 42 30
16 42 27
15 45 29
14 39 25
13 43 25
11 40 27
11 39 25
11 44 24
08 39 25
05 37 24
06 39 23
07 34 21
09 32 21
09 34 20
11 36 20
13 34 24
13 39 26
12 36 25
14 35 26
14 39 27
14 38 27
15 38 30
15 35 31
18 34 31
18 36 32
17 37 33
18 39 32
17 40 33
16 41 32
17 40 33
14 40 34
16 40 32
13 38 33
12 39 34
12 41 33
11 40 33
12 39 34
12 39 34
13 40 35
14 39 36
14 38 36
15 38 36
14 40 37
12 39 37
14 40 37
12 39 36
13 39 37
13 38 34
12 40 36
13 39 36
13 38 37
14 39 36
12 38 36
12 38 37
13 38 37
14 39 37
12 39 37
12 37 37
12 38 37
13 37 37
14 38 37
14 39 35
14 38 36
13 39 35
13 38 35
13 40 35
13 39 34
13 39 35
11 40 35
13 38 35
12 38 36
13 39 36
12 39 36
13 40 35
13 39 35
13 39 36
13 38 35
14 39 35
13 39 36
13 39 35
13 39 36
12 38 35
13 39 35
12 39 36
12 39 35
13 39 34
13 38 35
12 38 35
13 38 36