26 44 47
26 44 48
26 46 48
25 45 48
26 43 47
25 46 46
25 45 47
24 45 47
25 45 47
25 45 47
25 46 48
25 46 48
26 45 48
26 44 48
26 46 47
25 45 47
25 48 46
24 52 46
24 50 46
22 49 47
22 46 47
25 44 48
27 43 51
21 36 45
20 41 50
17 36 54
18 38 55
21 39 55
25 37 53
27 33 53
30 39 54
31 33 50
30 33 49
29 31 47
30 36 51
26 32 51
27 29 48
27 28 45
26 29 44
22 27 46
22 28 48
18 35 51
16 29 49
18 32 49
22 32 50
19 31 51
18 33 49
21 32 48
29 31 47
19 38 49
21 36 50
21 34 50
20 32 55
18 39 50
22 40 48
19 39 48
15 38 44
10 41 37
12 42 37
13 50 40
14 50 37
14 48 39
13 43 38
11 41 35
12 43 36
12 42 36
11 45 36
10 42 34
07 39 33
05 46 38
02 38 29
05 33 27
07 30 30
11 30 30
16 32 31
18 32 32
18 33 33
21 34 33
22 34 34
21 35 35
19 36 35
18 36 35
15 36 33
14 35 34
15 35 33
15 37 34
14 36 34
14 37 36
14 37 37
14 38 36
15 37 37
13 37 37
13 36 36
12 37 37
11 36 36
12 39 37
11 38 35
11 37 36
12 38 36
11 39 35
11 39 36
10 40 35
10 39 35
11 40 34
13 37 35
14 38 34
11 39 33
08 39 32
06 36 32
10 35 32
13 38 32
14 37 31
13 36 31
10 37 30
11 37 31
11 36 32
14 39 33
15 38 33
15 40 34
15 38 34
14 38 35
13 40 35
14 36 34
12 38 33
10 38 33
10 37 33
10 38 34
10 38 33
10 37 33
11 39 34
12 38 33
12 38 33
11 38 34
12 39 34
12 38 33
12 38 34
11 37 33
12 37 33
10 37 33
12 37 32
13 37 33
12 37 32
12 37 33
12 38 34
13 38 33
14 38 33
13 37 33
13 38 33
13 38 33
13 38 34
13 38 32
11 38 33
13 38 33
11 38 34
11 38 34
12 37 33
11 37 34
12 39 33
12 37 33
13 39 33
12 37 34
11 38 34
13 37 33
13 37 35
13 38 33
12 39 33
12 37 34
12 38 33