25 43 48
25 43 33
26 44 48
26 44 48
24 44 47
25 43 48
24 44 47
25 44 47
24 44 48
24 44 48
25 44 48
25 44 48
24 45 48
25 45 48
25 44 47
25 43 48
24 44 48
24 45 47
24 45 47
25 44 48
24 44 47
24 44 48
24 44 48
25 45 47
25 43 48
24 45 47
23 44 48
24 44 47
26 43 48
25 44 47
24 43 48
24 43 47
23 44 46
25 44 48
23 45 46
25 44 48
24 45 47
24 44 46
24 44 47
24 43 48
24 44 47
23 44 48
25 43 48
25 44 48
25 45 47
24 44 47
26 43 46
26 43 47
24 44 48
24 44 46
25 44 48
25 43 47
25 44 48
24 45 48
23 44 48
24 44 47
25 44 48
24 45 48
24 44 47
24 45 48
24 44 46
24 43 46
25 45 47
25 43 48
21 41 51
14 49 55
13 46 55
21 34 50
26 42 47
34 48 47
34 47 47
32 41 47
30 36 46
29 37 49
31 35 47
30 41 48
31 50 57
31 43 56
31 41 50
29 38 50
28 42 52
26 41 52
24 43 56
23 42 53
19 44 50
19 42 48
22 44 48
22 44 47
20 45 44
16 45 41
11 46 39
11 43 38
14 39 40
12 41 40
11 42 39
11 44 39
13 44 36
15 40 37
13 40 36
05 41 35
01 39 32
08 34 31
13 33 32
15 31 35
17 31 37
19 34 37
21 35 35
20 38 34
20 38 34
18 39 31
18 38 32
16 37 32
15 37 31
14 37 32
14 37 34
15 37 34
13 38 34
12 38 33
11 37 33
12 37 32
11 37 33
11 38 35
12 37 34
11 37 35
11 36 33
10 36 34
10 37 34
11 37 34
12 37 35
11 37 34
12 37 34
11 37 34
12 36 34
13 36 33
13 36 33
11 35 34
13 36 34
13 36 35
12 36 34
13 36 34
12 36 34
12 37 35
12 36 34
13 37 33
11 36 34
13 37 34
11 37 33
14 36 34
12 36 33
12 36 33
11 36 35
12 37 34
12 37 34
12 37 34
12 36 35
12 36 34
11 36 36
12 35 34
11 37 35
13 37 34
13 36 34
12 38 35
12 37 34
12 37 35
13 36 35
12 37 34
11 36 35
12 37 34
12 37 34
13 36 34
11 37 34
13 35 33
13 37 34
13 35 35
12 36 34
13 37 33
12 36 34
12 36 34
13 36 34
11 37 34
12 36 35
12 36 35
12 37 35
13 36 35
12 37 35
12 37 35
12 36 35
12 37 35
12 36 34
12 36 35
12 37 34
12 36 34
12 38 35
13 36 34
11 36 35
12 38 34
12 37 34
13 37 36
12 36 34
13 37 35
12 38 35
11 37 34
11 37 34
12 37 35
12 37 34
14 37 35
12 37 35
13 37 34
12 37 34
12 36 34
14 36 34
13 36 33
12 36 35
12 37 35
12 37 35
13 37 36
13 37 34
11 36 34
12 36 34
12 37 34
12 36 35
12 37 34
13 36 34
11 38 34
13 36 35
13 37 35
12 36 34
12 36 35
13 37 35
13 37 34
11 37 35
13 37 35
13 36 34
12 37 34
12 36 34
12 37 35
13 37 34
12 36 35
12 37 35
12 36 34
12 35 35
12 36 35
12 35 34
12 36 35
13 37 35
13 36 35
12 37 34
12 37 34
12 36 34
13 37 35
12 37 35
13 36 34
13 37 34
11 37 36
14 36 35
12 37 35
11 36 34
11 37 34
12 36 35
12 36 34
