32 36 52
32 35 53
33 36 53
34 36 52
33 36 53
32 37 53
32 35 52
32 37 52
32 35 52
32 35 53
31 36 52
32 37 54
32 34 53
33 36 52
32 38 53
32 36 52
31 37 52
33 35 51
34 36 53
32 36 52
32 38 53
30 37 52
31 36 52
30 39 52
28 41 50
28 44 52
29 44 50
29 42 52
28 38 52
30 39 52
29 38 50
26 38 51
26 38 50
25 37 50
26 37 50
26 39 50
25 38 50
22 41 50
23 43 50
19 40 49
19 36 49
20 37 49
24 43 48
24 38 49
19 38 47
19 38 47
19 39 47
19 40 47
20 40 46
18 39 45
17 39 44
18 40 44
16 38 45
17 39 43
17 39 43
16 39 44
15 37 43
16 37 42
14 37 43
16 37 40
13 38 40
12 36 40
12 35 40
12 35 38
11 35 39
08 36 35
11 36 40
14 35 37
14 31 31
13 29 35
11 38 40
11 32 36
13 33 37
10 31 35
10 30 34
10 32 35
12 31 34
13 31 33
12 34 34
14 28 32
12 29 30
14 26 30
13 25 29
12 27 29
13 24 28
12 23 28
13 22 28
13 23 28
14 25 28
13 26 27
12 26 29
12 27 33
13 26 33
12 30 34
11 29 33
10 29 33
12 31 31
12 34 30
12 33 30
13 30 31
11 31 34
10 32 35
10 32 35
09 31 37
08 29 36
10 31 34
10 32 35
10 33 34
10 34 35
12 36 34
13 34 31
11 34 33
12 34 34
12 36 33
13 37 35
13 36 35
12 35 34
13 34 35
12 35 34
12 34 37
10 35 36
11 36 35
12 34 34
11 33 34
10 32 34
12 34 33
11 34 34
13 34 35
13 33 34
13 34 34
11 35 35
11 35 34
10 35 34
11 35 34
11 36 34
11 34 34
12 34 35
12 33 35
12 34 35
13 35 35
11 33 34
12 34 34
12 34 34
12 33 35
12 33 35
11 34 34
12 34 35
12 34 35
13 34 35
11 35 35
12 35 35
12 35 35
12 35 35
12 35 34
11 34 35
10 34 36
11 34 35
12 33 34
11 34 36
12 35 34
12 34 34
12 33 35
11 33 35
12 34 35
12 35 35
11 36 35
12 34 36
12 34 36