39 45 48
48 37 33
38 46 49
38 46 49
37 44 47
37 44 48
38 44 49
38 44 48
37 43 49
37 44 50
36 44 49
36 44 49
37 45 48
38 45 50
38 42 51
37 40 51
38 40 49
40 41 51
39 42 50
38 44 49
38 44 49
35 45 47
34 44 48
35 44 48
38 45 48
39 44 49
39 44 49
38 44 49
39 45 49
37 44 48
38 43 49
38 43 50
38 43 49
38 43 49
38 42 49
39 43 50
38 44 49
38 44 49
37 43 48
39 45 49
37 44 48
36 45 48
37 44 49
37 46 49
38 44 49
40 44 48
38 43 49
40 42 50
38 43 50
38 43 49
37 43 48
38 44 50
38 44 49
38 45 48
39 43 48
39 45 49
38 45 47
38 44 48
39 45 48
38 45 49
37 44 49
38 43 49
38 43 49
38 43 49
38 44 49
39 44 49
38 44 49
39 44 48
38 44 49
37 44 49
38 44 49
38 45 50
37 45 49
38 44 48
38 43 49
39 44 48
38 43 48
38 44 48
39 44 48
37 44 49
37 44 48
40 44 48
39 44 48
38 44 49
37 43 49
39 44 49
39 45 49
39 44 48
38 45 49
38 43 49
37 45 49
38 44 49
37 45 49
37 45 49
34 44 54
36 46 48
32 42 49
34 44 49
34 44 46
36 42 49
37 42 51
40 43 49
42 42 50
41 43 52
40 41 52
36 42 52
33 43 50
33 46 52
31 46 49
31 47 48
30 47 49
29 50 45
26 48 46
28 47 45
26 46 42
24 47 42
25 48 41
23 51 41
21 50 42
24 52 41
23 52 40
24 50 40
26 47 41
30 48 42
30 48 40
25 48 38
15 47 37
02 50 31
00 56 30
01 50 34
04 45 32
07 40 33
10 39 34
17 42 34
19 40 33
20 41 33
22 37 32
21 38 32
21 38 33
21 39 33
21 37 34
21 40 34
20 38 33
17 39 34
12 43 35
10 44 32
11 55 38
13 46 33
08 26 34
10 39 38
16 40 37
16 40 36
15 38 33
13 38 32
12 41 33
12 43 33
12 42 32
13 41 33
15 39 35
13 41 35
13 41 33
12 41 33
12 39 32
13 39 34
15 39 34
14 40 33
15 40 34
13 42 33
11 41 34
12 39 33
13 39 34
14 39 35
15 40 34
17 39 34
14 37 37
07 32 41
10 33 41
10 40 39
10 40 38
12 39 35
13 37 34
13 37 34
13 36 35
14 39 34
13 40 34
15 41 34
11 40 35
12 39 39
14 41 39
15 41 37
15 37 36
14 38 35
13 36 35
13 39 36
14 41 36
13 39 34
11 41 34
14 41 34
12 40 34
13 39 35
13 39 35
12 39 35
12 38 36
13 37 34
11 39 31
10 38 30
12 38 32
11 35 34
13 34 35
14 35 35
13 38 37
14 41 37
13 43 35
14 44 34
13 43 35
13 43 36
13 42 34
14 40 34
12 40 33
11 40 35
13 39 34
13 38 34
13 38 34
13 38 34
13 37 33
13 41 34
13 40 34
12 40 34
13 39 34
13 38 35
13 39 35
12 39 36
12 39 36
13 38 35
14 39 34
13 40 33
12 40 33
13 39 34
14 40 34
13 38 34
12 38 35
13 40 37
13 38 37
12 39 36
12 38 35
13 40 36
14 41 34
14 40 35
14 40 35
13 40 35
13 39 34
13 39 34
13 38 34
13 39 35
13 40 35
14 39 35
14 38 36
12 39 36
14 39 35
12 40 35
12 39 34
12 40 34
14 40 36
13 39 35
14 40 35
13 40 35
14 39 35
14 40 34
13 40 34
13 40 35
13 39 35
13 39 35
12 39 35
12 41 36
13 39 35
13 39 35
13 38 35
12 38 34
13 40 35
14 39 34
14 39 35
13 39 35
13 39 35
13 40 35
12 40 35
12 39 34
14 39 34
13 39 35
13 40 35
13 39 34
13 39 35
13 40 35
13 39 36
13 40 34
11 40 35
12 39 34
12 39 34
13 38 35
12 40 34
13 40 35
13 39 35
13 40 35
14 39 34
12 40 35
14 40 34
12 39 36
13 38 35
14 39 35
11 39 35
13 38 34
12 39 35
12 39 35
12 40 34
14 40 35
13 39 35
13 40 34
13 40 35
12 38 35
12 39 35
13 38 35
13 40 34
13 39 35
13 38 34
13 39 35
13 40 34
14 39 36
12 41 36
13 39 35
11 39 35
12 40 35
13 40 35
12 40 35
13 38 34
13 40 34
13 39 36
12 40 36
13 39 36
13 39 35
13 39 35
14 38 34
11 40 36
14 39 36
12 39 35
14 40 35
11 39 35
12 40 35
13 40 35
13 39 36
12 40 35
13 39 34
13 39 35
13 40 35
13 40 35
13 39 35
13 39 35
12 41 35
13 39 34
13 40 35
13 39 35
13 40 35
12 40 35
13 39 34
13 40 35
14 39 36
13 40 34
13 40 35
13 39 35
13 40 35
14 39 35
13 39 35
12 40 35
13 40 35
12 40 35
12 40 34
12 39 36
12 39 35
12 40 34
13 39 34
12 39 34
12 38 35
13 40 35
12 37 36
13 39 35
12 39 35
12 38 35
13 39 34
12 38 34
13 38 34
13 37 34
14 39 35
13 38 35
13 39 35
13 39 34
11 38 34
13 37 34
13 37 34
12 38 34
13 37 34
14 37 33
12 36 34
12 38 35
13 37 35
11 38 34
11 36 34
12 37 34
12 37 33
12 37 34
12 35 33
12 36 33
13 37 34
12 36 34
12 37 33
12 36 34
13 36 34
13 35 33
11 37 33
13 37 33
13 37 34
12 36 33
11 36 33
11 36 33
11 36 33
12 36 33
12 37 34
12 36 34
12 35 34
12 36 33
12 35 33
13 36 33
12 36 34
12 37 34
11 36 34
13 36 34
11 37 33
12 37 33
12 36 34
12 37 34
13 36 33
11 36 33
12 37 34
13 36 33
12 36 33
13 38 33
12 36 33
12 37 34
12 36 32
11 35 33
