32 32 53
30 32 53
31 33 53
33 33 54
31 32 53
31 35 53
31 32 53
33 31 53
33 33 52
34 33 53
33 33 52
31 32 53
31 33 53
31 33 52
31 33 53
28 33 53
27 32 51
26 32 51
25 32 52
26 32 53
26 32 51
25 33 52
26 33 53
26 35 53
28 37 54
29 37 55
31 35 52
29 34 52
27 33 52
27 32 52
28 33 51
28 34 51
30 34 53
29 32 52
29 34 53
29 34 52
30 35 53
32 34 53
29 34 53
28 35 53
27 35 52
26 34 54
23 37 55
23 34 54
24 30 51
24 32 50
25 32 50
24 33 49
24 33 49
22 33 48
20 29 49
19 32 50
18 32 49
17 31 46
18 27 47
15 29 48
15 33 51
16 30 53
19 31 53
17 31 53
18 33 52
19 32 52
21 34 50
22 35 50
22 36 52
21 35 49
21 36 44
22 37 49
22 35 43
22 35 40
19 37 46
15 39 43
16 40 43
14 36 46
15 38 42
15 38 41
13 39 41
15 38 41
16 38 40
17 37 41
18 36 40
16 35 38
16 36 38
14 38 39
12 38 39
08 38 34
09 35 34
12 35 34
12 35 35
12 35 34
13 36 36
11 36 36
13 36 35
13 37 36
12 36 36
13 37 36
13 37 36
14 37 36
14 37 36
15 38 35
13 37 35
12 37 36
11 36 35
11 37 36
11 36 36
12 36 36
12 37 35
12 36 36
12 36 37
13 37 37
11 36 36
12 37 37
12 36 38
12 36 38
12 36 38
13 36 37
12 35 37
11 36 37
11 35 38
13 35 38
13 35 39
11 37 37
11 37 38
12 36 37
13 36 37
14 37 37
14 38 37
14 36 38
11 35 38
12 36 37
12 38 36
12 37 36
13 35 36
14 37 36
15 37 36
13 37 37
13 35 36
13 37 37
13 37 37
12 38 36
12 37 37
