29 49 47
27 48 46
27 48 32
27 48 46
28 47 46
29 48 47
28 48 45
28 48 45
29 47 45
29 48 46
28 49 45
28 47 46
27 48 46
29 48 46
28 49 45
28 47 45
29 48 46
29 49 46
28 48 46
28 49 45
29 47 45
29 48 45
28 47 46
28 49 45
30 48 46
28 48 45
29 49 46
29 48 46
30 46 46
29 47 46
28 50 46
25 49 47
26 48 48
24 50 48
26 45 50
25 45 50
24 45 48
21 43 48
25 41 49
25 42 48
24 40 48
25 42 47
25 44 46
26 41 45
24 41 45
25 40 46
24 36 49
22 42 51
24 41 52
24 36 48
23 36 48
22 34 46
22 43 50
18 42 53
13 31 54
19 33 43
17 35 41
14 38 48
10 28 43
14 36 39
12 42 43
14 38 41
17 35 39
15 38 39
16 40 35
16 40 31
14 40 30
17 42 31
14 40 34
11 41 32
10 42 29
11 42 31
13 42 30
12 42 29
12 42 28
13 42 28
13 40 28
13 41 29
10 42 29
08 40 26
08 41 29
06 40 26
06 38 24
07 39 26
12 38 25
09 36 23
10 34 23
12 34 21
12 34 22
13 35 24
11 35 25
13 35 25
14 35 27
15 39 29
15 38 29
15 37 29
15 35 29
15 36 29
16 38 31
17 38 30
17 39 31
16 38 30
16 38 31
17 41 32
16 40 32
15 42 32
13 43 34
12 44 33
13 43 33
13 43 35
15 45 35
13 46 36
15 43 37
15 45 37
15 45 38
16 44 37
18 43 38
20 44 39
17 43 41
19 44 37
19 41 37
17 43 39
17 46 37
17 42 40
17 39 40
17 41 41
17 40 42
17 43 41
15 45 40
18 43 41
19 43 42
18 48 40
17 40 42
16 42 41
17 42 43
16 45 43
15 46 42
16 44 41
17 44 40
17 43 39
18 42 39
16 43 39
17 45 40
18 48 40
18 46 40
17 45 38
17 44 39
16 45 39
17 45 38
17 46 38
18 46 39
19 47 38
18 46 39
18 45 39
17 47 39
18 46 38
18 45 38
18 45 38
18 46 39
17 46 38
18 45 38
18 47 39
19 47 39
18 46 39
17 47 38
18 47 38
18 46 38
18 47 37