29 45 53
29 45 53
32 38 51
32 40 52
30 40 51
31 39 52
31 39 52
30 40 52
32 40 51
30 39 52
32 40 52
31 41 52
31 40 52
31 40 51
31 40 51
31 40 51
31 39 52
32 40 52
32 39 52
32 38 51
31 39 50
30 42 56
31 37 50
31 40 52
30 40 51
31 40 52
32 40 52
31 39 53
32 40 52
30 40 51
31 39 51
31 41 52
31 40 51
32 40 52
32 40 51
32 41 52
31 40 51
31 39 52
31 40 52
31 40 52
32 40 52
32 40 52
32 42 52
31 40 51
31 40 51
31 40 51
31 39 50
32 40 52
31 41 52
31 41 51
32 40 52
31 40 51
32 39 52
31 40 52
31 40 52
31 42 51
31 41 52
32 41 52
32 40 51
32 41 51
32 41 52
31 41 52
32 39 51
31 40 52
31 40 51
32 40 51
31 41 52
31 40 51
31 40 52
30 41 51
31 39 52
31 40 51
30 39 51
32 40 51
29 39 51
30 39 52
30 39 52
31 40 52
32 40 52
31 40 52
32 40 52
32 41 53
33 41 52
32 40 53
33 39 53
33 37 53
32 39 52
32 40 53
33 39 52
32 37 51
30 38 52
32 39 52
30 37 53
30 37 52
29 36 51
29 36 52
29 37 52
29 36 52
26 38 53
28 39 52
28 38 52
29 37 55
30 37 54
31 37 54
32 37 53
34 36 53
34 36 53
35 37 52
33 36 52
32 37 51
31 36 50
27 36 49
26 38 49
25 40 49
21 40 48
19 38 49
20 37 49
19 37 48
18 35 47
18 33 48
17 31 47
17 30 46
17 32 49
15 34 49
13 34 50
14 35 47
14 35 48
15 37 49
15 38 48
16 39 47
15 39 49
15 38 50
15 36 49
15 37 47
17 39 47
17 41 46
16 40 46
14 38 46
13 40 43
15 41 44
15 37 41
14 40 40
15 40 41
14 36 39
15 37 38
16 36 39
16 35 38
15 35 39
15 36 39
15 37 38
14 35 39
12 36 39
13 34 37
13 35 38
14 35 38
14 33 37
15 36 36
15 37 37
15 37 36
15 36 35
15 36 35
16 35 36
15 36 37
15 36 37
14 36 38
13 36 39
15 37 39
13 37 38
14 38 39
13 36 40
13 36 41
13 36 40
12 36 39
13 36 39
13 37 37
12 36 38
11 35 36
11 36 37
12 36 37
13 35 38
13 36 37
14 36 36
12 35 38
14 36 38
13 35 38
12 35 37
13 35 37
13 36 36
13 36 38
13 37 38
12 36 38
13 36 38
13 37 38
13 37 37
13 35 39
12 36 38
12 36 38
12 37 38
12 35 37
13 36 38
13 37 37
13 36 36
12 35 37
12 36 37
12 36 37
12 36 37
13 35 37
13 37 37
12 36 38
13 35 38
12 37 37
13 36 37
11 36 38
13 36 38
13 37 38
13 37 37
13 36 37
12 37 37
13 36 38
14 35 37
13 36 37
13 37 38
14 35 37
12 36 38
11 37 38
14 35 38
12 35 37
12 36 37
12 36 36
14 36 38
13 35 37
13 37 38
13 36 37
12 35 37
13 36 37
13 37 38
13 36 37
11 35 37
13 36 38
13 37 37
13 37 37
12 35 37
12 37 37
12 35 37
12 37 37
12 37 36
14 35 37
13 36 36
11 36 37
14 37 36
12 36 38
14 36 38
11 37 37
12 37 37
13 36 38
12 36 38
13 37 38
12 38 38
12 36 37
12 37 38
13 36 37
12 36 38
13 36 38
13 35 36
13 35 38
14 36 38
12 36 37
12 36 37
13 35 37
13 36 37
12 36 38
13 37 38
13 37 37
14 37 37
13 36 37
13 35 37
13 36 38
12 37 37
14 36 37
12 37 36
12 35 38
13 37 37
12 36 37
12 36 37
13 37 36
13 36 37
12 36 37
12 36 37
13 37 37
13 36 37
13 37 36
13 36 37
13 37 37
12 36 37
