31 38 52
31 38 52
33 38 53
32 38 52
32 37 52
31 37 52
32 37 52
32 38 52
32 38 53
31 36 53
31 38 53
31 37 52
33 38 53
32 36 52
32 37 52
32 37 53
32 38 53
31 38 52
32 37 53
32 37 52
32 38 52
32 36 51
32 37 52
31 36 52
32 36 53
32 36 53
31 37 52
31 37 52
32 37 53
32 37 53
32 36 52
33 37 51
32 37 52
31 37 52
31 36 53
31 38 53
31 37 52
32 37 54
33 37 53
33 37 54
34 39 54
35 38 54
35 38 53
34 40 53
34 36 52
34 35 54
34 36 52
34 34 53
32 35 53
33 36 53
32 35 54
32 35 53
32 36 54
32 36 52
32 35 52
32 34 52
34 36 51
33 35 50
34 36 52
34 36 50
34 35 52
33 37 52
34 37 52
36 37 54
36 36 54
37 38 52
35 36 50
35 38 50
33 39 50
32 46 46
28 47 48
26 36 62
24 34 46
24 39 55
27 36 52
30 35 52
32 30 54
36 37 54
32 37 52
29 39 53
27 45 52
26 42 51
25 40 51
26 43 49
23 40 48
23 42 46
20 45 45
13 41 48
02 49 48
08 50 44
09 43 38
11 44 38
12 49 39
14 44 40
15 39 38
13 41 38
14 42 38
14 37 37
16 38 37
17 38 37
17 40 37
18 40 36
19 40 36
18 39 36
18 38 36
16 37 35
15 39 36
15 39 35
13 39 36
12 39 36
12 38 37
13 38 36
14 36 37
14 38 36
13 38 36
15 37 37
15 37 35
15 39 34
16 39 36
16 39 36
14 39 36
12 38 37
11 37 39
11 38 40
11 38 42
10 33 50
13 36 43
15 41 38
15 41 35
14 38 34
15 39 34
13 38 35
14 39 35
14 39 37
12 39 38
14 41 38
12 40 37
13 42 35
15 42 35
13 39 35
13 40 35
14 39 36
13 39 35
13 41 35
13 42 34
14 42 34
13 41 35
13 40 35
12 39 36
12 40 36
13 38 36
13 40 35
14 40 35
13 39 34
12 40 33
13 41 35
14 41 34
13 40 35
13 42 35
13 42 34
14 41 35
14 40 35
13 41 34
13 40 34
13 39 35
12 40 34
13 39 35
13 39 35
13 40 35
12 40 36
12 38 34
13 39 35
13 42 35
13 42 37
14 39 35
13 40 36
14 41 36
13 40 35
12 40 35
12 40 35
12 40 37
13 39 35
13 39 36
14 41 35
14 40 35
13 39 35
