30 38 52
30 37 52
30 37 53
31 38 52
30 37 52
30 37 52
30 37 53
31 38 53
31 38 52
30 37 52
30 38 53
30 38 52
30 37 51
30 39 52
30 37 53
30 37 52
29 35 53
29 36 51
32 39 52
31 39 55
32 41 49
31 46 51
31 40 53
28 36 56
29 33 55
27 37 53
29 38 52
29 36 51
29 37 49
28 35 48
28 33 49
30 34 49
28 33 50
24 37 51
23 43 54
23 35 46
25 44 54
26 42 56
27 45 51
27 46 52
23 42 49
21 46 44
21 47 42
19 49 39
18 53 38
18 48 37
18 56 41
18 53 35
16 52 32
17 48 33
17 45 35
17 48 35
13 48 37
14 44 35
09 42 32
09 37 29
06 34 30
09 28 33
12 29 36
14 25 36
14 32 31
14 29 32
14 30 34
17 33 34
17 34 34
16 34 34
17 36 35
18 37 34
17 37 34
17 37 34
16 37 36
14 37 35
12 37 35
11 38 35
10 38 36
09 37 35
12 37 35
12 35 36
12 34 35
13 35 35
15 37 34
11 39 35
09 41 35
09 38 35
11 35 33
12 37 34
14 37 35
13 39 34
12 38 35
11 37 34
11 38 33
10 37 33
11 37 32
13 36 32
14 39 33
16 40 35
14 39 35
13 38 34
12 38 34
08 31 38
07 22 45
14 24 41
12 32 41
10 38 39
10 37 33
12 37 32
12 35 33
12 35 34
13 36 34
13 37 34
14 37 34
12 38 35
12 36 35
12 35 36
12 35 36
12 35 35
12 37 35
12 37 34
12 36 34
12 36 34
13 37 34
13 37 34
13 37 35
13 35 34
13 37 35
12 36 36
11 36 35
11 37 35
11 35 34
12 36 35
12 37 35
11 36 34
12 36 33
11 36 35
12 36 34
11 37 34
11 36 32
15 37 34
13 36 34
13 36 32
14 36 32
13 37 32
12 38 32
10 35 35
11 36 35
12 38 33
11 38 34
14 38 34
13 36 34
11 38 35
11 38 33
11 37 34
12 38 36
12 39 34
13 38 35
13 39 34
14 37 33
13 36 33
11 37 33
13 37 32
12 37 33
12 37 33
12 35 33
11 37 33
12 38 33
12 37 32
13 37 33
12 37 34
12 36 33
13 36 33
13 37 33
11 36 32
11 37 32
12 38 32
12 37 32
12 36 32
13 36 33
12 37 33
11 38 32
12 38 33
11 39 33
13 37 32
12 37 34
12 38 33
12 36 33
11 37 33
11 36 33
12 36 32
12 36 33
12 38 33
12 38 33
12 37 33
12 37 33
12 35 33
11 36 33
11 39 31
