28 46 48
27 44 47
28 47 48
28 45 48
27 45 47
28 46 48
28 45 48
26 46 48
27 46 48
28 45 49
27 46 48
28 44 47
28 46 48
28 45 48
28 45 47
28 45 48
28 45 47
28 44 48
26 44 48
28 45 47
27 46 48
28 45 48
28 46 49
28 44 48
28 46 48
26 45 48
27 45 48
27 45 48
27 46 48
28 45 48
28 45 49
27 46 48
27 46 48
29 46 49
26 47 50
27 47 50
28 45 50
29 44 51
27 45 51
30 45 50
28 45 50
27 45 52
19 42 54
29 37 51
24 37 48
26 38 50
29 35 49
31 36 50
33 41 50
36 42 50
37 39 51
40 38 51
40 35 51
36 39 51
33 35 50
35 43 60
30 34 51
20 37 61
22 41 53
23 35 49
21 34 51
21 38 50
22 45 50
26 38 51
16 39 41
16 38 41
18 41 43
16 45 48
18 50 43
17 48 36
17 49 37
17 51 39
16 48 31
12 42 27
12 50 33
15 52 42
14 47 40
10 40 34
09 41 40
08 38 38
00 37 35
00 32 33
01 25 29
12 29 32
15 32 33
16 31 35
15 33 34
17 33 35
18 34 36
18 34 36
18 33 36
19 34 35
19 37 36
18 38 35
19 38 35
17 39 35
16 39 34
15 38 34
13 39 34
11 39 34
12 39 33
10 40 33
12 38 34
12 39 33
11 39 33
11 39 33
11 38 33
12 38 33
12 38 32
11 38 34
12 38 34
13 37 33
12 38 34
14 38 34
12 38 34
11 38 33
12 38 33
11 38 34
11 37 34
12 37 33
12 37 33
12 38 34
12 37 35
12 37 33
12 36 33
11 38 35
13 36 34
14 37 34
12 37 34
11 38 34
12 37 33
13 39 34
12 37 34
12 38 34
14 38 34
12 38 34
12 37 34
13 37 34
12 38 33
12 38 34
10 38 34
11 37 33
10 38 34
11 37 35
11 37 34
11 38 34
11 38 33
12 39 34
12 40 33
11 36 34
12 37 34
12 38 34
12 37 34
12 38 33
13 36 34
13 37 33
