32 27 53
32 27 52
33 27 52
31 27 52
32 28 52
31 27 51
31 25 52
31 28 53
30 25 53
32 25 52
32 27 52
30 29 53
30 30 53
31 30 52
31 29 51
31 29 52
30 30 53
30 31 52
29 32 52
30 33 53
30 34 54
32 30 53
32 28 51
30 28 53
31 33 53
30 33 52
32 33 52
32 31 52
30 32 54
30 31 53
29 29 53
30 29 53
27 28 53
29 29 53
29 30 52
28 30 53
28 28 52
26 28 52
23 28 53
21 28 53
24 27 52
22 28 50
22 31 52
20 32 54
18 33 48
19 30 47
21 30 48
22 30 46
20 32 46
21 32 46
19 31 47
20 31 49
21 32 46
21 34 47
21 33 48
21 31 49
21 34 48
21 32 49
19 33 48
20 32 47
20 32 49
20 31 48
20 33 48
20 34 49
21 34 49
20 34 48
20 33 49
20 34 51
20 31 51
19 32 50
20 32 50
21 32 49
20 34 49
20 32 50
19 32 48
21 31 47
20 32 49
21 32 49
20 31 50
19 31 49
21 31 48
20 32 49
19 31 49
20 32 48
20 30 47
18 30 48
18 31 47
19 30 48
19 28 48
20 28 48
18 30 48
20 28 49
18 30 48
20 30 47
19 30 48
20 29 48
20 29 49
19 29 48
19 29 48
18 29 48
19 27 48
20 29 47
19 30 47
18 30 48
20 29 48
20 30 48
20 31 48
18 30 49
19 29 49
19 29 48
19 30 47
19 31 49
19 30 49
19 30 49
19 31 47
21 32 48
18 31 48
21 29 49
19 32 49
20 30 48
20 29 48
20 32 49
20 32 49
20 33 47
21 31 48
21 33 48
20 32 50
20 32 50
21 33 48
22 33 50
20 33 49
22 33 49
22 33 49
20 32 48
22 33 49
21 31 48
22 32 49
21 33 48
21 33 48
20 33 49
21 32 49
21 32 49
19 34 49
21 33 50
20 32 49
21 33 50
21 33 48
20 33 49
20 33 48
21 32 49
20 33 49
21 33 49
20 34 49
20 31 49
21 33 49
22 33 49
20 32 49
21 32 49
21 33 49
19 33 49
20 33 49
21 33 49
21 32 48
20 33 46
20 33 47
20 33 49
18 33 46
19 33 47