30 38 51
30 39 53
29 37 52
30 38 52
30 39 51
29 38 53
29 38 52
29 38 52
29 39 52
29 37 52
30 39 52
28 37 52
28 37 52
29 38 52
29 37 52
29 39 53
28 37 52
29 37 52
29 38 52
29 38 52
30 37 51
29 37 53
29 37 52
29 38 52
29 37 52
29 37 52
29 37 51
29 38 52
29 38 52
29 37 53
30 38 52
29 39 52
29 37 52
28 38 52
30 38 53
29 37 53
28 37 52
29 37 52
29 38 52
28 38 52
28 38 53
28 37 52
28 38 52
30 38 52
30 36 52
29 37 53
28 38 52
29 37 52
29 37 52
29 38 52
28 38 53
29 37 52
29 38 52
29 36 52
29 37 52
29 38 52
28 37 52
28 37 52
29 38 52
29 38 51
29 38 52
28 37 52
28 37 53
30 37 53
29 36 52
29 38 52
29 38 52
28 38 52
29 37 52
30 38 51
29 38 53
29 38 52
29 37 52
30 36 52
28 37 52
29 38 53
29 37 52
29 38 52
29 37 52
29 37 53
30 38 52
29 37 53
29 38 52
30 37 52
29 38 52
29 37 53
28 38 52
30 38 52
30 38 52
29 37 52
29 39 52
29 37 52
29 38 52
29 38 53
30 38 52
29 38 52
29 38 52
28 38 53
30 37 52
28 37 53
29 37 53
29 37 51
28 37 52
29 39 52
29 37 52
28 38 53
29 37 52
30 38 53
29 37 52
29 38 51
29 38 52
29 38 52
30 36 52
28 38 53
29 38 51
30 37 51
31 38 52
31 37 52
30 37 51
31 38 51
29 41 52
28 41 52
27 38 54
27 33 53
27 32 53
25 37 53
26 37 52
25 38 52
26 39 52
27 37 53
27 35 53
25 33 52
26 34 52
26 35 50
25 34 51
23 34 50
22 33 50
22 32 49
22 33 50
20 34 49
19 32 47
19 30 46
17 34 47
16 38 43
15 37 41
17 36 41
13 35 40
16 35 40
13 35 40
12 36 38
13 36 34
09 37 33
12 40 37
14 39 39
13 34 40
12 36 37
12 38 39
13 39 38
13 35 39
12 36 38
12 39 39
14 34 39
13 38 42
12 40 44
11 41 45
06 36 41
00 35 28
00 44 21
04 24 18
08 23 21
12 27 25
17 26 26
21 29 28
21 30 29
18 32 30
14 35 27
16 35 31
17 36 33
17 36 33
19 34 34
20 35 35
20 33 37
18 34 39
16 36 38
11 35 38
08 37 37
09 36 37
10 37 36
11 36 33
13 36 33
13 36 34
14 35 32
14 36 33
13 36 32
13 36 35
14 37 35
15 36 36
13 37 36
12 37 35
12 37 36
13 37 36
12 37 36
12 39 35
13 38 35
13 37 35
09 39 33
08 40 32
10 39 32
12 40 32
13 40 32
13 41 34
12 41 33
13 39 32
14 39 31
15 38 32
14 40 32
14 40 31
12 40 31
11 39 31
11 40 32
11 41 33
15 41 34
14 39 36
12 38 35
12 38 35
12 38 34
13 36 33
13 37 33
12 36 33
09 38 34
10 38 32
10 35 35
12 36 36
15 36 37
15 40 38
14 40 35
14 40 36
13 40 37
09 39 36
10 41 36
12 39 36
14 38 34
14 39 34
12 38 33
13 38 33
12 38 32
13 38 33
14 39 34
14 39 35
13 40 33
12 39 33
13 38 32
13 38 33
14 38 33
13 40 35
13 39 35
11 39 35
12 39 34
11 38 36
13 38 34
12 39 35
13 38 34
12 39 35
12 39 34
12 39 34
13 39 34
13 39 33
13 39 34
12 39 34
13 38 34
13 39 34
13 38 35
12 40 35
14 38 35
12 38 35
13 38 34
12 38 35
11 39 35
13 39 34
15 39 35
12 38 34
13 38 35
13 38 35
12 40 35
13 38 35
13 39 34
12 38 34
13 39 34
12 39 34
12 39 34
11 40 34
13 39 35
13 39 35
12 39 35
12 38 35
13 39 35
12 39 35
12 39 35
13 38 34
11 39 33
12 38 35
12 38 34
13 38 34
12 38 34
11 36 35
12 38 35
13 38 34
12 39 34
13 39 35
13 38 34
12 39 35
13 38 35
13 38 34
12 38 34
13 38 35
13 39 34
13 39 34
13 38 34
12 38 34
13 38 35
13 39 34
13 40 35
12 38 35
12 38 35
13 39 34
13 38 34
12 37 36
13 37 34
12 38 34
12 38 35
13 38 35
12 39 34
14 37 36
12 38 35
12 38 35
13 39 34
12 40 35
13 37 34
13 38 35
12 39 34
11 38 34
12 39 34
12 38 35
