23 49 42
23 49 42
24 48 40
23 50 40
22 49 41
21 48 41
22 49 42
22 49 41
22 49 40
21 47 40
22 49 40
22 49 40
22 49 40
20 48 40
21 47 40
22 48 40
20 48 41
21 48 40
21 47 41
21 47 41
22 49 40
22 48 41
21 49 41
22 49 39
21 48 40
22 51 39
22 49 40
23 49 40
24 50 41
25 51 40
25 51 40
25 50 39
25 50 40
25 49 40
26 50 40
25 51 39
23 52 39
23 58 41
23 54 40
21 45 37
21 47 38
24 53 37
25 52 34
23 53 33
20 51 31
18 50 30
19 50 31
13 49 29
09 48 28
07 56 30
11 47 30
07 47 27
06 51 33
10 48 30
14 45 29
15 39 30
16 37 31
16 38 32
17 38 31
17 38 32
17 39 31
17 38 31
19 38 31
18 37 31
19 39 31
18 38 32
18 41 32
17 39 34
19 39 35
19 40 36
18 39 36
17 41 38
17 41 39
16 40 37
15 42 38
14 42 38
12 42 37
09 44 37
10 42 36
12 42 36
14 41 34
13 39 33
13 39 33
13 39 34
13 40 32
14 40 31
12 38 32
13 40 32
12 39 32
13 41 32
12 41 33
12 42 33
11 40 35
12 40 32
11 40 33
12 41 34
13 41 34
14 40 33
15 40 35
15 40 34
14 41 35
11 40 34
13 40 36
12 39 35
13 39 35
13 39 34
13 40 35
13 39 35
12 40 35
13 41 36
13 39 35
13 40 35
13 39 35
12 40 35
13 40 35
13 40 36
12 40 36
14 40 35
13 41 36
13 41 36
13 40 35
14 40 35
13 40 35
12 40 34
14 40 35
13 41 34
13 40 35
12 40 34
14 39 35
13 40 35
14 41 36
13 40 35
14 40 34
13 39 35
11 41 35
13 39 35
12 39 36
13 40 34
12 40 35
13 39 35
12 41 35
13 40 35
14 40 33
13 39 35
13 39 35
14 41 35
13 40 35
12 40 36
12 39 36
13 40 35
