28 41 50
28 41 50
28 41 51
28 42 52
30 40 51
28 42 50
29 42 51
29 41 50
28 41 50
29 42 51
29 42 51
28 41 51
29 41 51
28 41 51
29 42 51
29 41 50
28 40 51
28 43 50
28 42 50
29 41 51
29 42 50
28 41 51
27 41 50
29 42 51
28 41 51
28 42 51
29 42 51
28 41 51
28 41 50
29 42 50
29 41 50
30 40 51
29 42 51
28 40 51
28 42 51
28 42 50
28 41 50
29 41 51
28 41 50
29 42 51
28 41 50
30 42 51
28 42 51
28 42 50
29 40 51
28 41 51
29 41 50
27 41 51
28 42 50
30 42 51
29 41 49
28 42 51
28 41 51
28 42 51
28 41 51
28 41 50
28 42 50
29 40 51
28 41 51
30 42 51
29 41 51
28 42 51
29 42 49
29 42 51
28 41 51
28 42 51
30 41 50
28 41 51
29 42 50
28 42 51
29 42 51
28 42 50
29 41 49
29 40 50
29 41 51
28 41 50
29 41 50
30 41 50
30 42 50
30 41 50
30 41 51
30 41 51
29 43 52
30 41 51
25 39 51
28 37 50
28 38 51
27 39 50
27 38 48
26 36 48
27 36 48
25 36 49
24 38 48
23 39 46
22 37 48
21 41 50
22 40 52
23 39 52
22 41 51
25 43 50
24 44 50
23 43 49
23 43 49
22 46 49
21 44 49
20 43 50
20 46 53
17 46 52
17 44 49
20 44 48
19 41 46
22 39 48
20 40 50
21 41 50
20 40 47
18 41 47
18 43 48
18 39 45
18 40 45
17 42 46
18 42 45
15 42 45
15 42 43
15 42 43
15 41 42
16 40 40
13 40 40
15 41 38
15 39 40
17 37 39
18 37 37
17 37 37
17 38 36
17 39 35
17 38 36
17 38 37
17 39 37
16 37 37
14 39 37
14 39 37
14 40 38
15 40 38
15 40 38
13 41 38
13 41 38
11 40 37
12 39 37
12 40 35
12 40 36
12 40 36
13 39 35
17 40 35
16 38 37
16 39 38
15 39 37
13 41 37
14 41 37
15 40 38
16 40 38
15 38 38
14 41 39
12 41 38
11 39 38
12 39 37
14 39 38
14 40 38
14 40 38
12 39 38
12 38 38
13 40 37
13 39 37
13 39 38
15 37 38
14 37 37
14 38 38
14 37 37
13 37 38
14 37 37
14 38 37
14 38 37
14 38 37
13 38 37
14 38 37
14 38 38
13 39 37
13 39 37
12 39 37
13 38 37
14 39 38
14 38 37
13 40 38
15 39 37
14 38 38
14 39 38
13 39 37
12 38 37
13 38 38
13 38 37
14 38 37
14 39 37
14 39 37
14 39 38
13 38 37
13 38 38
13 39 37
12 37 38
13 38 39
13 38 37
14 39 37
14 38 37
13 39 37
14 39 36
13 39 37
13 38 38
14 38 37
14 39 37
13 40 37
13 38 37
14 38 36
14 39 37
13 38 38
14 39 38
13 39 37
14 39 37
13 39 38
13 39 38
13 39 37
14 38 38
13 38 37
13 40 37
13 39 36
14 39 38
13 38 37
13 38 37
14 38 37
13 40 37
12 39 37
13 38 37
13 38 37
12 38 38
13 39 37
14 38 37
13 39 37
13 38 38
13 37 37
14 40 37
13 39 38
15 38 37
13 38 37
14 39 37
13 38 38
14 39 38
13 40 38
13 38 38
13 39 37
14 39 38
14 39 36
13 39 38
13 38 38
14 39 37
13 38 38
14 39 38
13 38 38
