31 53 32
31 53 32
31 54 31
30 54 31
31 53 32
31 53 31
30 54 31
31 54 31
29 54 32
31 53 33
31 53 31
31 53 32
31 52 32
32 53 32
31 55 31
31 53 33
30 53 32
31 55 32
31 55 32
30 54 32
31 53 32
31 53 32
31 54 32
31 52 32
31 53 32
32 53 33
30 54 32
32 53 32
31 54 31
30 53 32
31 53 32
30 53 32
30 54 32
30 52 32
31 52 31
30 53 31
30 54 32
30 53 32
31 53 31
31 54 32
30 53 32
30 53 32
30 53 32
31 53 31
31 53 33
30 53 32
30 55 32
31 53 31
30 53 32
32 53 32
31 52 31
32 54 33
31 53 31
31 53 32
31 53 33
30 53 33
31 52 34
29 53 34
29 54 34
31 54 34
30 56 34
30 54 35
30 56 35
28 55 35
28 55 35
27 56 38
28 54 39
28 57 38
28 51 38
26 51 42
27 50 43
25 47 44
24 38 45
23 36 47
24 35 50
25 35 50
26 38 52
25 35 51
23 32 52
24 34 47
24 37 45
24 37 49
22 36 53
19 34 49
18 37 47
16 39 44
18 40 44
17 38 43
15 39 40
19 44 44
21 46 44
19 42 45
19 42 47
19 43 44
18 46 43
18 45 41
18 46 38
19 47 40
17 47 38
17 46 38
19 46 39
19 47 38
17 49 38
18 46 41
19 47 38
15 48 38
16 48 38
15 42 35
14 45 36
11 45 38
08 45 41
08 43 33
05 42 31
12 36 23
08 33 28
11 39 31
11 39 34
12 36 33
12 36 32
12 38 32
16 37 32
17 38 34
18 39 34
19 40 35
19 39 34
18 40 35
17 41 36
16 41 35
15 40 35
13 40 33
12 39 33
14 41 32
13 42 34
15 42 34
14 42 35
14 41 35
14 40 36
14 39 37
15 39 36
14 39 37
14 38 38
13 39 39
12 41 38
12 40 39
12 39 38
12 38 37
12 37 37
13 37 37
12 38 36
13 39 37
13 38 36
13 39 37
13 39 35
13 38 36
13 39 37
12 39 37
13 37 37
13 38 36
13 38 37
14 38 37
16 38 38
15 38 37
13 38 36
13 39 36
15 40 36
12 39 37
13 39 36
14 37 36
12 39 36
13 39 37
14 39 35
12 38 37
14 39 37
14 39 35
13 38 36
13 38 36
12 39 37
12 37 37
13 39 37
14 38 36
12 39 37
12 38 36
12 39 37
12 37 37
13 39 36
13 38 37
13 37 35
13 39 35
14 37 35
12 38 36
14 39 36
14 38 36
13 39 37
13 39 37
14 39 37
13 39 37
14 39 37
12 38 36
12 38 36
13 38 35
12 39 35
14 38 36
13 37 37
12 38 35
12 38 36
13 38 37
13 39 36
12 38 36
12 38 35
14 37 35
