31 40 52
31 39 52
31 39 52
31 39 51
31 39 51
31 39 51
30 39 51
30 39 51
30 39 51
30 38 51
29 39 50
29 39 51
29 39 51
29 39 51
30 39 52
30 39 51
29 37 52
29 39 51
29 41 51
31 39 52
30 39 51
30 40 52
30 39 52
30 40 51
29 39 51
30 39 52
30 39 51
31 38 52
30 40 52
29 38 51
30 38 51
30 39 51
30 40 52
29 40 51
29 40 51
31 40 51
31 38 51
31 40 51
29 39 52
29 39 51
29 40 52
30 39 51
30 39 52
29 39 51
30 39 51
29 40 51
30 40 52
29 40 50
30 39 51
29 40 51
29 40 52
29 40 51
30 40 51
30 40 52
30 40 51
29 38 52
30 39 51
30 41 51
30 39 51
29 40 51
30 39 51
30 40 52
31 40 51
29 39 52
30 40 52
30 39 51
30 39 51
30 39 51
30 40 51
30 40 51
31 39 51
30 38 50
30 40 51
29 39 51
31 39 51
31 39 51
29 39 52
31 40 51
31 39 50
29 40 51
29 40 50
28 41 52
29 41 51
29 41 50
29 41 50
29 40 51
31 40 51
30 40 51
29 41 51
29 42 51
30 41 51
29 40 50
29 42 50
30 42 52
30 42 51
29 40 50
29 41 51
29 41 50
30 41 51
31 42 50
27 41 51
28 39 50
28 40 51
27 40 50
28 39 50
27 40 50
25 40 50
27 39 50
28 41 51
25 40 52
25 38 50
25 38 49
24 38 49
25 38 49
24 38 50
24 38 49
24 40 50
24 38 49
25 40 50
23 40 50
25 40 51
25 40 51
24 39 51
24 41 50
23 39 50
25 39 48
24 39 47
22 39 47
22 42 52
22 40 49
21 38 49
20 38 50
22 38 49
21 38 50
21 38 50
22 37 50
20 39 49
21 37 48
18 39 49
20 40 49
21 38 49
22 38 48
23 37 48
23 36 48
24 38 49
24 37 49
25 38 49
25 37 48
25 38 48
25 36 48
22 36 49
24 37 50
23 36 50
23 37 50
22 38 49
21 38 50
22 38 49
21 38 49
22 37 49
23 36 49
22 38 49
22 37 50
21 36 48
22 37 49
21 37 49
21 37 49
22 37 49
21 36 50
21 38 50
21 37 48
22 37 49
20 37 50
21 38 49
23 37 49
21 37 48
22 37 48
23 36 48
21 35 49
21 37 49
23 36 48
21 37 48
20 37 49
20 36 49
20 36 49
21 35 48
20 35 48
20 36 49
21 37 49
20 36 50
21 36 49
20 36 50
20 36 49
20 36 48
20 34 48
20 36 49
19 35 49
20 34 48
20 36 48
20 36 49
19 35 48
21 35 49
21 35 48
19 36 49
22 36 49
20 36 48
20 36 47
19 36 48
20 34 48
19 37 49
19 36 48
20 36 48
19 36 48
21 36 48
21 35 49
21 35 49
21 37 49
20 35 48
20 35 49
19 36 49
19 36 48
21 35 48
19 36 48
20 37 47
20 36 48
21 36 49
21 35 48
20 37 49
19 35 49
20 36 48
19 35 47
21 36 47
20 36 49
20 36 48
20 37 47
20 36 49
19 36 48
19 35 48
20 35 49
20 36 49
19 36 48
20 35 48
20 36 49
21 36 48
20 36 48
20 36 48
19 36 48
19 36 48
19 36 48
21 36 47
20 36 48
20 36 48
20 36 48
20 36 48
21 35 49
20 36 47
20 37 48
20 36 48
20 37 48
20 36 48
20 37 48
20 36 48
20 36 48
20 36 48
20 36 48
21 35 49
20 36 47
20 37 48
20 36 48
20 37 48
20 36 48
20 37 48