28 34 52
31 34 53
29 34 54
29 34 53
31 35 52
29 34 52
29 34 53
29 33 53
29 34 53
29 34 52
29 35 53
29 34 53
29 33 53
30 35 53
29 34 52
30 32 53
29 34 52
27 35 52
28 35 52
28 34 52
27 32 53
28 35 52
29 34 53
27 33 53
27 36 52
26 37 53
27 35 51
26 34 52
26 35 52
26 33 52
26 33 53
25 34 52
25 34 51
24 34 52
25 35 51
26 37 54
20 35 49
21 35 49
24 37 49
22 36 49
22 35 49
21 37 49
22 36 50
21 35 51
19 36 48
20 37 48
19 37 48
18 36 47
17 36 48
18 37 46
17 37 44
16 36 42
14 37 43
13 34 41
12 34 41
14 35 41
12 36 40
13 33 38
15 34 40
13 35 38
13 32 38
12 32 35
17 31 38
10 30 36
12 30 33
12 31 36
10 30 36
13 33 33
11 32 34
10 31 32
12 33 31
11 32 32
12 27 30
09 30 30
09 29 29
13 27 26
11 33 30
09 28 27
09 27 26
09 30 28
09 24 27
08 26 27
10 23 25
09 24 26
10 24 28
09 25 24
10 31 25
12 30 28
10 27 27
12 27 28
16 33 31
15 35 31
15 30 30
17 32 32
15 35 32
13 32 32
12 34 31
11 35 34
13 34 32
14 35 32
13 35 34
14 33 33
14 36 33
14 35 33
13 34 34
13 35 34
13 36 34
11 36 35
09 30 38
09 32 38
13 34 36
12 37 36
12 35 34
11 37 34
10 37 34
12 36 33
11 36 34
12 36 35
13 35 34
12 37 34
11 34 35
11 35 36
11 35 37
12 35 35
12 35 35
11 36 34
12 35 35
12 37 34
12 35 34
12 36 34
11 36 35
11 35 35
12 35 36
12 36 36
13 36 36
12 36 35
12 36 35
12 37 35
11 36 34
12 35 35
11 36 34
11 36 35
12 36 35
12 34 35
12 36 35
11 37 35
12 35 35
12 36 34
12 36 34
13 36 35
10 36 34
11 35 35
11 35 34
12 36 35
11 35 35
11 36 35
11 37 34
11 36 34
11 35 34
11 36 35
11 35 35
11 37 34
11 37 35
12 35 35
11 37 34
11 35 35
12 36 34
12 36 34