30 36 52
30 36 52
30 37 53
31 36 52
30 36 53
30 35 53
29 38 52
30 37 52
30 35 52
32 36 53
30 36 52
30 36 53
30 36 53
31 37 52
31 36 53
32 36 52
32 36 52
31 35 51
30 37 52
31 35 53
30 35 53
29 37 52
30 37 52
30 37 53
29 36 52
30 36 52
30 37 53
30 38 52
31 36 52
31 36 52
30 35 52
31 36 52
31 37 53
31 36 51
30 37 53
30 36 53
30 36 53
31 36 52
30 37 54
30 36 53
31 37 52
31 36 53
30 36 53
30 37 52
31 36 53
31 36 52
30 37 52
30 37 53
31 36 53
30 36 53
30 36 53
30 36 53
30 37 52
30 37 53
30 38 53
31 36 53
31 35 53
30 35 53
30 37 52
29 35 52
30 37 53
30 36 52
31 35 52
30 36 53
30 37 53
31 36 54
29 35 53
31 36 53
30 36 53
31 36 52
30 36 53
30 36 53
30 35 53
30 37 52
31 37 53
31 36 52
31 36 53
30 35 53
31 34 52
30 37 52
30 36 52
30 36 53
30 37 53
31 36 53
31 36 52
30 37 53
30 35 52
30 35 52
31 34 52
30 37 52
31 37 52
31 36 53
29 35 52
29 36 53
31 34 53
30 35 53
28 35 53
30 36 52
31 36 52
31 37 53
31 37 52
30 34 53
29 35 53
30 35 53
32 37 52
31 37 53
31 36 53
30 35 53
30 36 54
30 36 52
30 36 53
30 36 52
31 36 53
30 36 52
30 36 53
29 35 53
32 36 52
30 36 53
30 38 53
32 36 52
31 36 53
29 36 53
30 36 52
31 36 53
31 35 53
30 36 53
30 35 52
29 35 53
30 35 52
31 35 52
31 35 52
29 36 52
30 36 52
32 36 53
31 37 53
30 35 53
30 37 53
30 37 52
31 36 52
31 36 53
31 36 53
31 36 54
32 35 55
33 34 56
35 39 56
31 36 56
32 36 52
28 29 51
25 31 50
22 38 52
22 39 52
20 36 47
20 36 44
20 35 44
17 35 43
18 33 46
18 32 43
18 33 41
12 36 41
06 40 36
04 32 49
23 33 52
21 36 43
15 43 39
05 38 30
11 34 33
12 41 34
15 38 35
10 37 31
12 36 34
12 35 28
12 39 28
15 43 34
12 35 30
11 38 30
14 38 32
10 36 33
12 37 31
14 35 31
10 35 31
12 41 29
11 40 31
12 38 33
10 39 28
06 36 27
04 38 24
02 38 29
03 34 26
03 32 20
05 34 18
05 37 18
09 35 23
10 31 23
13 36 25
16 34 26
20 34 27
25 34 30
24 34 30
27 33 32
24 34 32
22 35 32
18 36 29
13 36 30
11 36 30
11 38 32
11 40 34
13 37 35
14 38 35
14 38 36
14 37 36
12 36 37
10 36 36
12 39 35
12 41 37
12 38 35
12 38 35
11 39 33
10 39 32
12 40 33
13 39 32
13 40 33
13 40 32
14 40 34
14 40 34
13 40 33
11 41 34
12 42 35
12 40 35
12 40 35
12 39 35
13 39 34
11 39 33
12 38 33
12 39 34
14 38 32
15 39 33
13 39 32
14 40 33
11 39 33
12 37 32
12 39 34
13 40 33
11 39 34
10 39 34
12 39 34
12 39 34
13 38 35
12 38 35
12 39 35
12 39 34
13 38 34
12 39 35
13 38 34
12 38 34
13 38 33
14 38 34
13 38 33
13 37 33
13 38 33
14 39 34
13 39 34
12 39 35
13 38 34
13 38 34
13 37 34
12 40 34
13 37 34
13 38 34
12 39 34
12 39 34
13 38 34
12 39 34
13 39 33
13 41 34
13 39 33
13 39 34
12 40 33
14 39 34
12 39 34
11 39 34
12 39 35
12 39 33
12 39 34
11 39 34
12 39 33
13 40 34
13 39 34
12 39 34
12 38 34
12 39 33
12 39 33
13 39 34
13 39 33
14 37 33
13 39 34
13 39 33
12 38 34
13 39 34
13 39 34
13 40 34
13 39 34
12 39 34
12 39 33
12 38 34
12 39 34
12 39 34
12 39 34
13 38 34
13 39 34
13 39 34
12 40 34
13 39 33
12 38 34
13 39 33
12 39 34
12 38 34
12 38 33
12 38 33
13 39 34
12 39 35
13 39 34
11 38 34
12 39 33
13 39 35
13 39 34
12 39 33
13 39 34
13 39 34
12 39 34
13 39 34
13 40 34
12 39 34
12 38 34
13 38 34
13 39 34
14 39 35
12 39 34
13 39 34
13 38 34
13 39 34
13 39 34
12 41 34
13 39 34
13 38 33
14 39 34
14 39 35
12 39 34
11 38 34
13 39 34
13 39 34
14 39 34
13 39 33
13 39 33
12 37 35
14 38 34
12 38 34
12 38 35
12 38 34
14 39 34
12 39 34
14 38 34
13 39 34
13 40 34
13 38 34
13 39 33
12 40 34
13 38 34
13 38 33
13 38 34
13 39 33
12 39 34
13 39 34
13 38 34
12 38 34
14 38 33
13 38 34
12 38 34
13 39 33
11 39 34
12 39 34
13 39 34
13 39 34
12 40 34
11 38 34
13 39 33
13 39 34
12 39 34
12 38 34
11 39 35
12 39 34
13 39 34
13 38 34
