31 32 52
31 32 52
31 32 52
00 31 32
33 31 52
33 31 52
32 32 53
32 31 53
32 31 53
30 32 53
30 32 53
32 31 53
33 32 53
33 32 52
32 33 52
33 32 52
31 32 53
32 32 54
33 32 53
32 32 53
32 32 52
32 32 53
31 32 53
32 30 53
32 32 53
32 31 52
32 30 53
31 33 54
32 31 53
33 31 53
30 32 52
33 32 54
33 30 53
32 31 53
32 31 53
33 32 52
33 31 52
32 31 53
32 32 54
31 32 53
32 30 53
33 31 53
32 31 54
31 32 53
31 31 52
31 31 52
33 32 53
33 32 52
32 31 52
32 32 53
31 31 52
32 31 52
33 32 53
33 31 53
32 32 52
33 31 54
32 32 53
32 31 52
31 33 53
32 31 53
31 32 53
32 32 53
32 32 52
32 31 53
33 32 53
32 31 53
31 32 53
31 31 53
31 31 53
32 33 54
33 32 54
31 31 53
30 34 53
28 31 53
25 31 53
23 32 45
23 35 48
22 35 48
24 33 47
25 33 47
27 34 48
31 32 49
32 31 49
31 32 50
32 32 50
31 34 49
31 38 54
28 41 52
26 42 51
24 45 52
24 51 51
23 48 52
22 48 51
21 49 51
22 46 51
21 47 49
19 42 50
19 46 48
16 46 44
15 39 43
15 41 40
18 41 39
18 46 36
13 44 36
08 42 36
14 44 32
12 42 37
16 43 37
14 42 36
16 46 35
15 44 32
13 41 33
15 43 34
15 42 35
15 47 31
15 43 30
13 42 32
13 43 31
13 40 26
13 37 26
14 36 26
14 42 23
12 39 27
12 40 29
12 42 26
14 39 24
12 38 28
12 38 29
10 36 27
05 36 25
05 33 25
07 31 22
07 23 21
09 31 27
10 26 28
10 30 29
13 27 31
12 29 30
12 30 29
14 30 30
17 32 31
17 31 32
17 33 32
16 34 32
14 34 33
14 35 33
14 36 32
15 36 32
14 37 33
13 37 34
14 36 33
13 37 34
13 37 36
12 39 35
12 38 34
13 38 34
12 40 35
12 39 36
10 35 37
11 37 36
12 40 36
12 39 35
12 39 35
13 38 35
10 40 34
12 39 34
13 39 34
13 39 34
12 38 34
11 37 35
13 38 34
11 37 35
12 37 35
13 36 35
13 37 35
12 38 36
12 39 35
12 39 34
13 38 35
14 38 35
12 39 35
11 38 35
14 39 35
12 38 35
12 38 34
12 38 34
12 37 35
12 37 35
13 38 34
14 39 34
13 39 34
12 39 34
12 38 34
11 38 35
12 39 36
13 39 35
12 38 35
13 38 34
12 38 33
12 38 34
13 40 35
13 38 34
13 38 35
13 37 35
11 39 36
12 39 35
13 38 34
12 38 35
13 37 34
13 37 35
11 38 35
13 39 35
13 37 35
13 38 35
12 37 34
12 39 34
13 39 35
13 38 35
13 37 35
12 37 36
11 39 35
12 38 35
09 38 36
09 40 36
06 43 35
06 44 34
08 46 37
11 48 35
16 45 35
