31 37 53
32 37 52
32 37 52
31 36 52
31 36 52
32 37 53
31 36 52
33 37 53
31 36 52
30 37 53
32 36 53
31 36 53
31 36 52
31 37 52
32 36 53
31 37 54
31 36 53
31 36 52
31 37 53
30 35 52
31 36 53
31 37 53
32 37 53
31 37 53
32 36 53
31 37 53
32 37 53
33 37 52
32 36 53
31 37 53
31 36 53
31 36 53
31 36 53
32 36 52
32 36 53
32 36 53
31 35 52
33 35 54
32 37 54
33 36 53
32 36 53
32 35 53
32 33 53
32 33 54
35 32 55
35 32 54
33 32 55
35 33 54
34 33 55
33 33 54
35 34 55
32 34 55
32 34 55
29 34 53
28 34 52
26 34 52
26 34 52
27 34 48
27 33 49
26 32 50
26 33 51
28 33 50
28 34 50
29 33 50
27 33 51
27 36 51
27 36 50
26 38 50
25 36 50
24 35 53
26 33 51
26 33 46
24 37 49
24 44 54
22 44 51
20 43 44
19 40 41
17 42 41
19 44 45
25 49 49
26 47 46
21 47 50
23 46 49
20 46 42
20 47 40
18 47 38
20 49 38
20 51 39
20 49 38
19 51 41
18 49 38
16 49 36
16 45 35
13 46 40
13 47 42
11 47 40
10 43 37
06 42 34
03 37 31
03 33 30
05 30 31
07 35 32
10 40 34
13 36 34
16 35 34
18 37 33
18 38 35
20 38 34
21 36 35
20 37 35
19 38 36
17 38 38
16 39 38
15 38 37
15 37 38
14 35 37
13 37 36
12 39 35
13 41 36
13 42 36
15 40 37
14 39 36
13 38 37
13 40 37
13 39 36
13 37 37
14 37 37
15 37 37
13 38 37
14 37 36
12 36 36
13 36 37
13 36 37
13 36 37
14 39 38
14 39 37
12 38 36
13 37 35
12 38 36
12 37 37
11 38 37
11 38 40
14 39 39
12 39 39
14 40 38
13 40 38
14 38 37
12 39 36
11 39 36
12 38 36
12 38 36
13 37 36
14 37 36
13 39 36
13 39 36
13 40 36
13 38 36
14 38 37
13 38 37
13 39 37
13 39 36
13 39 37
13 37 36
13 38 36
13 38 35
14 39 36
13 38 37
13 38 37
13 38 36
13 40 37
12 39 36
14 39 36
13 37 36
14 38 36
13 38 36
13 39 36
13 38 35
12 39 36
14 38 37
