34 36 53
32 36 53
32 37 53
33 37 51
32 36 52
33 37 52
32 36 52
34 36 53
31 36 52
32 35 53
32 35 53
32 37 52
33 37 53
33 36 53
33 36 52
33 36 53
33 36 53
33 36 53
33 35 53
32 35 53
33 36 53
33 36 53
32 35 52
33 35 53
33 37 52
33 36 53
34 36 54
32 36 53
33 35 52
33 36 53
32 36 53
33 35 53
33 36 53
33 35 52
33 36 53
32 35 53
31 37 53
31 36 53
31 36 52
30 37 54
27 37 53
27 39 51
26 43 51
25 41 50
25 41 48
28 41 51
27 41 46
34 38 48
38 34 47
37 32 48
37 32 48
39 31 47
39 32 52
36 32 52
34 33 49
33 39 54
30 47 53
27 52 51
26 58 57
24 60 52
23 51 45
28 60 49
25 54 43
27 46 42
24 45 44
24 43 47
24 42 46
25 46 44
23 48 45
23 47 45
23 47 43
22 52 44
21 47 43
23 47 44
23 46 42
23 46 43
22 46 42
22 49 40
23 48 38
22 49 38
20 47 38
20 49 36
19 51 35
20 49 33
19 49 34
19 50 35
20 49 35
18 49 34
18 48 34
16 48 33
15 49 32
15 49 30
15 46 31
16 45 30
17 47 30
16 46 29
16 45 27
14 46 28
14 43 28
15 42 29
14 46 28
16 44 28
16 41 30
14 42 30
14 41 29
14 43 26
13 39 26
13 40 27
13 42 27
12 41 29
12 40 29
11 38 31
12 37 29
12 36 31
13 34 32
14 34 34
15 35 36
15 36 37
14 35 35
13 32 35
12 34 34
12 35 34
11 35 35
13 37 34
13 36 35
13 37 35
13 37 34
13 36 32
13 37 33
14 39 34
13 37 33
13 38 32
13 38 33
12 38 33
12 39 32
12 41 33
11 40 34
11 38 34
10 37 35
11 36 36
11 36 36
11 36 37
10 30 38
13 37 37
12 37 36
12 37 35
13 37 34
13 37 34
13 37 34
12 36 34
13 37 34
13 37 33
12 36 33
12 38 33
13 38 33
12 36 34
12 38 34
12 36 36
12 35 36
11 36 36
12 37 35
11 36 34
12 38 33
11 37 34
13 37 34
13 37 35
12 37 34
12 37 35
11 38 35
13 37 34
12 38 34
12 36 34
13 36 35
12 37 35
12 36 34
11 37 34
11 37 33
13 36 34
12 37 34
11 38 34
12 37 34
11 37 34
12 38 34
12 37 34
13 37 33
12 36 34
13 38 35
11 37 34
12 37 34
11 38 34
12 37 35
12 37 35
12 37 34
13 35 34
11 37 34
12 37 35
12 36 34
13 38 34
12 38 35
13 36 34
10 37 35
11 37 35
11 38 34
09 39 35
