31 37 52
30 38 51
31 37 53
31 39 52
31 39 52
32 38 52
30 37 52
31 39 52
31 37 52
30 37 53
30 39 52
30 38 52
31 38 53
31 38 51
31 39 52
30 38 52
30 37 53
32 37 53
30 40 51
30 43 52
28 37 54
28 35 51
25 34 51
28 34 51
26 33 51
26 35 51
25 36 51
26 36 50
26 35 52
28 35 52
26 35 51
26 36 52
25 35 52
25 35 52
25 35 51
25 36 50
23 38 50
22 38 50
18 37 50
19 37 47
20 42 50
20 39 50
17 38 43
16 39 39
14 40 37
12 43 38
12 40 37
13 38 34
12 39 34
11 40 34
13 36 33
16 39 27
11 41 31
12 40 29
12 40 29
11 41 33
12 40 30
13 41 31
11 38 31
11 40 33
05 38 38
04 34 30
03 36 22
04 23 24
07 27 26
09 30 29
11 28 29
16 29 31
16 29 31
18 29 31
17 32 33
18 32 34
18 29 33
16 35 33
14 33 33
13 33 35
13 34 35
14 32 37
12 33 38
13 31 37
15 31 37
12 33 37
10 33 36
12 35 35
12 36 35
12 36 35
12 37 34
12 38 33
10 38 33
11 38 34
11 38 34
13 37 33
11 37 33
11 38 33
11 37 33
10 37 32
11 36 33
10 38 33
09 37 32
11 37 33
14 38 34
14 38 34
15 38 34
15 37 34
14 36 34
11 37 37
09 27 39
12 27 40
13 32 40
12 36 38
10 37 36
12 37 34
10 38 33
12 35 36
13 36 38
14 37 37
12 37 37
13 37 36
11 38 35
12 37 34
12 37 34
11 37 34
11 36 33
12 35 33
14 36 33
13 36 35
12 36 36
12 35 36
12 35 36
12 36 36
10 36 35
13 35 35
12 36 35
12 36 35
13 36 35
13 36 35
13 36 36
12 35 37
12 36 36
11 37 37
11 36 35
12 35 35
12 37 35
11 37 35
13 35 36
12 35 35
12 35 36
12 36 36
13 35 35
11 34 36
11 34 35
12 37 35
11 36 36
13 35 36
12 37 35
14 36 36
13 35 36
13 37 35
11 39 35
10 34 36
11 36 37
11 36 36
12 37 34
13 35 35
13 36 36
12 39 38
12 37 36
12 37 37
11 37 35
12 37 35
12 35 35
13 35 35
12 36 34
11 34 34
13 37 35
11 37 34
11 36 34
12 36 34
10 36 33
11 35 35
12 36 33
13 35 34
12 35 33
12 35 34
12 35 34
11 36 34
11 37 33
10 37 33
12 35 33
12 35 34
11 36 34
12 35 34
11 36 33
12 36 33
12 35 33
14 37 34
13 36 34
12 35 33
12 36 34
11 35 35
12 36 34
11 36 33
11 36 34
