34 36 54
33 36 52
33 36 52
33 36 53
34 37 52
33 37 53
34 35 53
33 36 53
34 36 53
33 37 52
34 36 53
32 36 53
34 36 52
33 38 52
33 36 53
34 36 53
34 37 52
34 37 53
33 36 54
34 36 53
33 36 52
33 36 51
33 37 54
34 37 53
33 36 52
33 36 53
34 37 53
33 36 53
33 37 52
33 36 53
34 36 53
34 38 53
34 36 53
34 36 52
34 37 53
34 36 53
33 38 53
34 36 52
33 36 52
33 36 53
35 36 53
34 35 53
34 34 53
34 36 52
35 36 53
33 35 54
32 34 54
33 33 55
28 31 57
28 33 55
29 30 55
30 32 53
32 32 53
36 32 50
38 35 49
38 39 50
40 41 50
40 40 49
37 43 52
33 39 49
31 38 50
31 39 50
27 40 51
25 38 53
27 34 54
26 37 50
25 38 56
23 31 52
18 39 50
18 37 48
18 35 45
16 37 44
15 40 43
16 40 41
15 37 38
12 33 37
07 35 36
06 35 34
09 33 35
09 32 35
10 33 36
10 32 34
11 29 34
09 31 36
10 31 32
10 31 31
11 31 28
12 34 28
12 31 26
09 34 30
04 32 25
09 28 22
13 20 22
13 23 23
11 21 23
10 25 26
12 29 31
15 26 32
17 29 32
16 29 33
16 32 33
15 32 32
16 29 31
14 34 34
14 32 33
14 33 34
13 35 35
13 35 33
11 33 35
12 33 33
13 34 32
12 36 33
11 35 31
12 37 32
12 38 32
12 38 31
12 37 32
13 40 32
13 39 32
13 38 32
11 39 33
11 40 32
14 39 33
14 39 34
15 40 33
12 37 34
12 38 33
12 39 34
11 36 37
11 36 37
12 39 36
12 39 36
12 39 34
13 39 33
12 39 34
13 38 33
14 40 34
13 41 34
14 38 35
12 39 34
13 38 35
11 39 34
12 38 35
13 38 34
11 38 34
11 39 34
13 38 35
13 39 34
13 39 34
13 38 34
13 38 33
12 39 34
12 39 34
12 39 35
12 39 33
11 38 34
11 37 34
12 39 34
13 38 34
14 39 34
12 37 33
12 39 34
12 39 34
14 38 35
13 38 35
12 38 34
12 39 35
12 39 34
13 38 34
12 40 34
12 39 34
13 37 34
13 39 34
12 39 33
13 38 34
13 39 34
12 39 33
12 41 34
10 42 35
08 43 35
08 43 36
06 48 37
08 51 37
10 52 37
13 50 37
17 52 38
20 54 40
24 50 39
27 50 41
30 48 44
34 45 41
35 46 40
39 36 40
41 39 42
40 37 44
39 34 47
39 34 46
38 34 46
38 35 49
37 37 54
38 35 52
38 35 52
39 37 53
40 35 52
41 34 49
40 33 51
42 32 52
42 34 51
43 35 52
40 38 48
42 32 54
41 34 52
41 33 52
41 33 51
42 34 49
40 35 50
41 35 52
42 33 50
42 38 51
41 34 52
42 35 51
40 36 50
40 36 51
