29 41 51
29 41 51
30 40 51
29 41 51
29 42 51
30 42 51
30 41 51
29 41 51
30 41 51
30 41 51
30 41 51
30 40 51
30 41 50
29 41 51
30 42 50
30 42 51
30 41 52
30 42 52
30 43 52
28 42 50
27 41 51
27 42 51
25 42 50
23 42 48
24 44 50
23 42 49
24 43 49
20 42 44
18 43 43
16 44 43
17 42 41
16 40 39
15 39 37
12 39 34
13 42 38
14 36 32
13 38 34
10 41 37
12 39 34
13 39 34
10 39 36
13 39 36
15 40 35
13 39 35
10 39 36
01 29 27
00 30 24
02 28 30
06 28 31
06 27 30
08 27 30
11 29 32
13 31 33
15 32 34
17 35 35
17 33 34
16 35 34
18 34 34
18 33 35
19 34 35
20 36 35
16 37 36
15 38 34
12 37 36
11 36 40
10 36 39
12 39 35
13 39 33
11 37 33
10 37 32
08 38 31
11 38 32
12 37 33
13 38 32
12 40 32
12 38 32
12 38 32
12 38 34
11 38 32
12 38 33
11 38 33
10 38 32
10 38 32
11 38 33
13 37 32
12 37 33
14 36 34
14 37 35
14 36 33
14 36 33
12 36 34
11 37 36
06 30 42
12 25 44
15 32 44
12 36 39
12 40 35
10 38 34
11 38 33
12 35 34
13 36 35
13 37 35
12 37 34
12 36 33
13 36 34
13 38 34
12 38 34
13 36 35
12 37 35
12 36 34
12 37 35
12 35 37
11 37 38
10 39 37
11 40 36
13 38 36
13 36 34
12 36 34
12 37 35
11 37 34
13 37 34
12 37 34
13 38 34
12 37 35
12 38 34
12 36 34
12 36 36
12 36 36
12 37 36
13 37 35
11 37 35
12 38 34
12 37 34
12 37 34
11 38 33
11 37 35
12 37 35
12 39 34
11 37 34
13 36 32
14 38 32
13 38 33
12 35 31
10 37 33
09 35 36
12 37 36
11 38 32
11 37 31
13 37 33
13 36 33
11 37 34
11 36 34
12 35 33
12 35 33
12 35 32
13 36 33
12 35 34
11 36 33
12 36 33
11 34 33
11 34 33
12 34 32
12 34 32
12 35 32
12 36 33
12 35 33
11 34 32
12 35 33
13 35 32
11 35 32
11 35 33
11 35 33
11 35 31
