37 33 32
36 44 48
35 44 50
36 44 48
36 44 48
36 46 49
37 45 48
36 45 48
36 45 48
36 46 48
36 46 49
36 45 48
35 45 49
35 45 49
36 45 49
35 45 48
36 46 49
37 46 48
36 45 49
34 46 49
36 45 49
36 45 47
36 46 49
36 46 48
36 46 47
36 46 48
35 47 48
36 45 48
36 46 48
35 45 48
37 45 48
36 45 48
37 45 49
37 45 49
36 44 49
37 47 49
35 46 49
37 46 48
37 46 49
34 46 47
37 47 49
36 46 48
36 46 48
35 46 48
36 46 48
36 45 48
37 45 48
36 46 48
35 45 49
36 45 48
36 45 49
37 44 49
36 44 49
36 46 49
35 45 49
36 46 49
36 46 47
37 44 48
36 46 49
36 43 48
37 45 49
36 46 49
35 45 48
35 46 48
35 46 48
37 46 49
36 45 48
36 46 48
37 45 49
36 46 47
37 45 48
35 45 49
36 46 49
36 45 49
36 45 48
36 45 48
35 44 49
38 45 49
35 47 49
36 46 48
37 44 49
36 46 48
36 45 47
36 45 48
35 45 49
35 45 49
36 45 49
36 45 48
36 45 50
36 45 49
36 45 48
37 47 48
36 46 50
37 46 49
37 46 49
36 46 49
37 46 48
37 45 49
37 45 48
36 45 48
37 46 49
35 45 49
37 45 48
35 46 49
36 46 47
36 45 49
36 45 49
36 45 49
36 46 47
35 45 49
36 45 49
37 45 48
36 45 49
36 44 48
35 47 49
35 44 49
35 45 48
37 45 49
37 46 49
36 45 48
36 45 49
36 44 48
36 45 49
37 45 49
36 46 49
36 47 48
36 45 48
36 45 49
35 46 48
36 45 48
36 45 48
36 46 48
36 46 48
37 46 47
36 45 48
36 46 47
36 45 49
37 46 49
35 44 47
36 44 48
36 44 49
36 47 47
36 45 48
36 46 48
35 45 48
35 45 49
36 46 48
36 46 49
36 45 48
36 45 48
37 46 48
37 45 49
36 47 48
37 45 49
37 46 48
36 46 48
36 46 49
36 46 48
37 45 48
36 46 48
36 47 48
36 46 48
36 46 48
36 45 48
36 45 48
37 45 48
37 45 48
35 46 47
36 47 47
37 46 48
35 46 48
36 46 49
37 45 50
35 44 50
35 44 51
34 46 50
31 44 50
35 46 48
33 44 49
33 46 49
33 47 50
33 45 50
32 45 49
32 45 50
30 43 50
30 44 50
29 45 50
28 44 50
29 44 49
27 42 47
27 44 47
27 43 47
25 44 48
23 43 48
23 45 49
21 51 51
24 46 48
24 40 45
26 42 43
24 41 42
25 40 43
24 41 43
21 40 43
19 49 46
24 47 48
23 36 46
23 40 46
23 43 46
22 44 44
19 38 46
12 39 55
15 39 51
21 38 37
16 41 41
13 39 48
15 40 44
16 42 41
16 40 39
14 39 40
17 39 43
17 42 43
18 40 40
19 38 36
14 43 40
15 43 36
12 45 36
08 39 35
05 39 30
09 43 30
17 42 33
19 43 38
21 44 34
13 40 32
10 42 27
09 40 24
11 40 27
14 40 28
11 42 29
15 43 22
15 39 21
10 42 28
10 41 27
11 37 26
11 32 24
11 35 21
12 34 21
12 35 26
11 37 28
13 37 23
15 45 25
14 30 22
06 32 12
11 34 16
08 33 20
09 31 22
11 30 25
11 34 30
12 37 32
12 36 32
12 38 32
15 38 29
16 40 30
17 37 31
17 37 28
16 38 29
17 36 29
16 38 30
17 38 30
16 39 32
14 39 31
15 40 32
13 40 33
13 39 32
16 39 32
14 39 33
14 40 34
14 40 33
12 42 33
14 41 34
14 41 33
14 40 33
14 41 34
12 40 33
11 40 34
13 41 34
13 39 33
14 40 34
14 39 35
13 39 34
13 39 34
12 39 34
13 38 34
14 37 34
14 39 34
14 40 34
12 37 36
10 37 36
12 39 36
12 39 37
11 39 37
12 38 36
15 39 36
12 39 36
14 39 35
13 38 34
11 38 34
11 39 34
12 39 34
12 38 36
13 38 36
13 37 34
12 38 34
14 38 35
13 39 36
13 39 34
12 39 34
14 40 34
13 40 34
12 39 35
13 39 34
12 39 35
13 37 34
12 37 35
13 38 34
13 39 35
12 40 34
14 40 35
12 38 34
11 40 34
13 39 34
12 39 33
12 39 33
14 40 34
13 40 34
12 39 35
13 39 35
14 39 34
13 39 36
13 39 34
13 39 35
14 39 34
13 39 34
13 39 35
12 40 35
13 39 35
13 38 34
13 40 34
14 39 35
12 38 34
13 39 33
12 40 34
13 39 34
13 38 35
12 38 35
13 39 35
13 39 34
13 38 34
13 38 34
14 39 35
13 40 35
12 39 34
13 39 34
13 38 34
13 39 34
14 39 35
12 39 34
12 38 34
13 39 34
13 38 35
13 40 35
12 40 34
12 39 34
13 39 35
13 40 35
12 38 34
12 39 33
13 39 35
12 38 34
12 38 35
13 39 34
13 40 34
11 39 34
12 39 33
12 40 34
12 40 34
13 38 33
13 39 34
14 38 34
12 38 34
12 38 34
13 39 33
13 39 34
14 40 33
13 39 35
13 39 34
12 39 34
12 38 34
13 38 34
12 38 34
13 39 35
13 39 33
13 39 35
14 39 34
13 40 34
13 37 33
12 40 34
13 39 32
12 40 34
13 39 34
13 39 34
12 38 34
13 39 33
13 38 34
13 40 33
13 39 34
11 39 34
12 39 34
14 39 35
12 39 34
13 40 34
14 39 34
12 38 34
13 40 34
13 39 34
12 39 34
13 38 34
12 39 33
12 39 34
14 39 34
12 38 34
12 39 34
12 39 33
13 39 34
13 38 34
13 38 35
12 39 34
13 39 35
12 38 34
13 39 34
12 38 35
13 38 33
13 39 34
12 37 34
13 39 35
12 38 34
13 39 34
13 39 34
12 39 34
11 40 34
13 39 33
12 38 33
13 38 34
12 36 34
13 37 35
12 38 35
12 38 34
13 38 34
12 36 33
12 36 33
12 37 33
12 37 33
12 36 34
12 36 33
13 37 34
12 37 34
13 37 33
13 36 32
12 35 32
12 35 33
13 36 32
12 36 32
12 35 32
12 34 32
12 34 33
12 34 32
12 35 33
13 35 31
10 35 31
11 34 32
12 34 34
11 33 33
12 36 33
10 34 33
11 36 33
12 36 33
10 35 32
11 35 33
11 34 32
12 34 33
11 34 32
12 36 33
11 36 33
11 34 33
12 33 31
12 34 32
12 35 31
13 34 32
12 34 31
11 34 31
11 34 33
12 34 32
12 33 32
11 34 32
12 35 32
12 34 31
11 34 32
12 34 31
11 34 31
12 33 32
11 34 32
11 33 32
11 35 31
12 33 32
11 34 32
12 35 32
12 34 32
12 34 32
12 34 31
11 35 31
11 35 32
11 35 32
11 35 32
12 35 32
10 32 32
11 34 33
12 34 32
12 35 32
12 34 32
11 33 31
12 35 32
11 34 33
13 34 32
12 34 31
11 35 31
12 35 32
12 35 32
