30 38 52
30 33 52
30 38 52
30 37 52
30 37 52
30 37 53
29 38 52
31 36 52
29 38 52
30 38 53
30 39 52
31 38 52
31 37 52
31 38 52
29 38 53
31 38 51
31 37 52
32 37 52
31 38 52
31 37 51
31 38 52
31 38 53
31 39 53
31 39 52
31 37 52
30 37 52
31 37 52
31 37 52
30 38 52
31 37 52
31 38 52
31 38 52
30 38 53
30 37 52
31 39 52
31 38 52
30 37 52
31 37 52
30 39 52
30 38 52
30 39 52
31 39 53
29 38 53
31 38 52
30 38 52
30 38 53
30 38 53
29 38 53
29 38 53
31 37 53
31 37 53
30 39 51
30 37 52
31 38 51
30 38 53
30 37 53
31 38 53
30 39 52
31 38 52
31 37 52
30 37 52
31 39 53
31 38 53
31 38 52
30 39 53
31 39 53
30 39 52
31 39 51
29 37 53
30 38 53
31 39 52
30 39 52
31 39 52
30 37 52
32 37 52
31 39 51
30 39 52
29 39 52
29 37 53
32 36 52
31 36 53
31 37 52
31 37 53
30 37 53
31 38 52
31 39 52
30 38 52
31 39 51
31 37 53
31 37 53
31 37 53
32 37 53
30 38 52
31 38 52
31 37 53
30 38 53
29 37 52
30 36 52
29 35 52
28 37 53
29 34 52
28 37 52
28 37 53
28 34 52
27 35 52
26 34 52
26 35 52
26 35 50
24 34 49
23 34 49
23 36 50
24 35 50
24 35 51
22 33 50
24 34 50
23 35 51
23 36 51
23 36 52
23 37 52
23 36 51
17 35 51
23 38 51
24 35 48
24 36 47
22 36 47
22 38 46
22 38 48
21 36 51
20 34 52
20 36 49
20 36 50
21 36 48
22 38 49
22 37 48
21 36 49
23 37 49
21 36 49
21 36 49
21 38 49
21 37 49
21 36 49
21 38 49
22 37 49
20 35 48
20 36 49
22 36 49
22 36 49
21 35 49
21 36 49
21 36 49
21 36 49
21 35 49
21 36 48
21 36 48
22 35 48
20 35 48
21 37 50
20 35 49
21 36 49
20 34 48
20 36 48
20 34 49
21 35 48
20 36 49
21 36 49
20 36 48
21 35 48
21 35 49
21 36 49
20 36 48
20 35 50
20 35 48
22 38 50
21 37 49
21 37 48
22 36 49
20 37 50
21 36 50
21 37 49
22 36 49
22 38 49
21 36 49
21 36 49
20 36 49
20 36 49
21 34 49
22 36 49
21 36 49
22 36 48
21 36 48
21 36 48
21 35 49
21 36 50
21 36 48
21 37 49
21 36 48
21 36 50
21 37 48
21 37 49
21 36 49
20 35 49
21 37 49
21 35 49
21 36 49
21 35 49
21 36 49
21 36 49
20 36 50
22 36 49
22 36 49
20 37 49
21 35 49
21 35 48
20 36 49
20 35 49
22 37 49
21 36 48
21 36 48
21 37 48
20 35 48
21 36 50
21 37 50
20 37 48
22 35 49
21 36 50
20 35 49
21 36 50
20 35 49
22 36 48
21 37 49
22 35 49
21 35 48
21 37 49
21 36 49
20 37 49
21 36 49
21 35 48
20 36 48
21 37 48
21 36 49
21 36 49
21 35 49
21 36 49
20 37 49
20 36 48
20 35 48
20 36 50
20 36 50
20 36 49
21 36 50
21 36 49
21 36 50
20 35 49
21 36 49
21 36 49
21 35 49
21 34 50
20 36 49
21 34 49
20 37 49
20 35 49
21 35 49
21 36 48
21 36 49
21 36 49
20 36 48
22 35 49
20 35 49
20 35 49
22 37 49
21 35 48
22 36 50
21 36 48
21 36 49
21 35 49
22 37 50
22 36 49
20 36 49
21 35 49
19 36 48
22 36 49
20 36 49
20 36 49
20 35 48
20 36 48
21 36 49
21 35 48
21 35 49
21 36 48
21 35 49
20 37 49
21 36 50
20 35 49
22 36 49
20 35 47
20 36 48
21 36 49
21 36 49
21 34 48
20 36 48
20 36 49
20 37 49
21 37 49
20 36 48
22 36 49
21 36 49
21 36 49
21 37 49
21 36 49
21 35 48
21 36 49
21 36 48
21 36 49
21 35 49
20 37 48
21 36 49
21 35 49
