33 35 53
33 35 53
33 35 53
33 34 53
33 35 55
32 32 51
32 35 54
30 34 53
29 35 52
29 39 53
31 38 53
30 37 53
32 37 53
32 35 53
32 35 53
31 36 52
32 35 53
31 34 53
31 36 53
31 34 53
32 35 53
32 35 53
32 38 53
32 38 53
33 37 53
32 35 53
32 35 52
32 36 52
31 36 53
32 35 52
32 35 52
34 34 54
32 36 52
33 35 53
33 37 53
32 35 52
32 37 52
32 36 53
32 35 53
32 36 53
33 36 54
28 38 54
27 39 54
28 37 54
29 33 52
28 35 53
30 39 52
28 37 52
27 37 54
27 35 53
28 35 51
27 36 48
23 38 50
23 33 53
26 37 51
25 38 50
23 36 48
19 36 48
15 41 46
18 40 44
20 41 43
18 41 42
15 42 44
16 41 43
17 40 40
17 43 42
18 43 42
19 45 45
21 45 44
19 45 45
19 45 41
18 47 40
18 47 40
18 47 39
19 47 38
20 49 39
20 50 39
20 48 39
19 47 38
18 50 37
17 49 37
18 42 36
16 48 39
15 46 37
12 45 37
14 47 39
11 44 39
08 44 33
04 39 32
02 32 30
06 33 27
08 33 28
12 33 29
11 34 29
14 34 27
15 35 30
15 38 31
15 39 33
17 39 33
16 38 34
18 37 33
17 37 34
18 38 33
17 38 33
17 39 34
17 40 33
14 42 33
14 41 34
15 43 37
10 42 38
12 39 39
13 37 37
13 36 38
14 36 34
14 37 35
13 37 34
13 40 34
13 41 36
14 41 37
12 38 38
12 39 37
13 39 37
11 39 36
12 39 35
12 37 36
13 38 37
13 36 37
13 37 36
13 38 36
14 37 37
14 37 36
14 38 37
13 40 36
13 39 37
13 39 37
13 38 37
13 37 38
13 39 37
14 41 38
13 39 38
12 40 37
13 39 37
12 39 37
13 38 37
13 39 38
13 39 38
12 38 37
12 39 37
13 39 38
14 39 38
13 39 38
15 38 37
12 38 37
13 38 37
13 38 36
14 39 37
13 39 37
14 39 38
12 39 36
13 38 37
13 39 38
14 39 38
13 39 37
13 39 37
13 39 38
12 39 37
13 39 37
12 40 37
13 39 36
14 37 36
13 39 37
12 39 38
12 38 38
12 38 38
12 38 38
13 40 37
13 37 37
13 38 38
13 39 37
13 38 38
12 38 37
12 37 36
13 38 37
14 38 37
14 38 36
14 38 36
14 38 36
13 37 37
13 38 37
13 38 38
13 37 37
14 37 38
14 38 37
13 37 37
12 37 36
13 38 36
12 37 36
12 38 36
13 38 37
13 39 36
13 38 36
12 38 36
12 38 37
12 38 36
12 37 38
12 35 37
14 36 36
14 37 36
13 36 36
12 37 37
12 39 38
11 38 37
12 38 37
13 39 37
14 36 36
13 36 36
14 38 36
13 39 36
