37 31 53
37 31 53
37 32 52
37 31 52
35 30 52
37 31 52
35 31 53
37 31 52
36 31 52
36 31 53
37 31 52
38 30 52
36 31 52
37 31 52
37 30 51
36 31 53
37 30 52
36 31 52
36 31 52
38 31 52
35 30 52
37 31 52
35 31 53
35 31 52
37 30 52
37 31 52
37 31 53
36 31 53
37 31 52
36 29 51
38 31 51
36 30 52
35 32 52
36 30 54
36 29 52
36 31 52
36 31 52
37 32 52
37 31 53
37 28 52
36 30 54
38 32 52
35 32 53
36 30 54
38 32 54
37 31 52
36 33 54
35 32 53
32 32 52
36 35 54
35 33 53
33 33 53
32 31 52
30 33 53
31 33 55
29 33 52
29 33 52
27 33 53
25 35 54
25 34 52
26 33 52
24 32 56
23 32 55
22 32 51
23 33 48
22 33 49
20 34 50
20 30 48
21 31 46
20 32 49
19 33 48
19 33 46
22 34 47
20 32 49
20 33 48
19 33 48
20 32 47
21 33 46
20 34 48
18 35 48
20 32 47
20 33 46
20 34 47
19 34 48
20 35 47
20 34 47
18 34 48
20 33 48
20 33 47
19 35 48
20 35 47
18 35 49
19 35 48
20 34 49
19 35 49
19 36 48
20 36 48
20 36 49
19 36 48
19 35 48
19 34 48
19 34 46
18 34 48
18 32 48
17 32 46
19 32 45
17 33 46
16 30 49
16 29 48
18 29 47
17 30 47
18 28 46
19 28 45
18 28 47
17 26 47
16 27 48
18 28 46
17 28 46
17 27 47
17 28 46
17 27 46
17 28 46
18 27 45
18 26 45
18 27 46
19 26 46
21 27 46
19 28 46
18 28 49
18 27 49
19 27 49
19 28 49
19 30 47
20 30 48
20 30 49
19 31 48
19 32 50
21 31 49
21 32 49
23 33 48
23 34 49
23 32 48
21 33 50
22 34 51
21 33 50
21 34 50
22 35 49
23 34 50
22 35 50
22 34 50
22 34 49
23 35 50
22 34 50
22 35 50
22 34 50
22 36 50
21 36 50
22 35 50
22 36 51
22 35 51
22 35 50
22 36 49
22 35 51
20 37 49
21 35 49
21 35 50
21 35 51
18 34 49
22 34 49
20 35 49
21 34 49
21 33 49
23 33 49
23 34 48
23 33 47
21 35 48
