34 38 52
34 33 52
33 37 51
33 38 53
32 37 53
33 38 52
34 36 53
32 38 53
34 37 52
33 37 52
33 37 53
32 38 52
34 36 53
33 38 52
32 37 52
32 36 52
33 37 53
33 38 53
33 38 52
33 37 54
33 37 53
32 37 53
32 37 52
33 37 53
34 37 53
34 36 52
33 37 53
32 37 53
34 38 52
33 36 52
32 37 52
33 38 53
33 38 53
33 37 52
34 37 52
33 38 52
32 38 52
32 38 52
32 38 52
33 38 52
33 36 53
33 37 52
33 37 52
33 36 53
33 36 53
33 36 52
32 36 53
32 37 53
32 38 53
33 37 54
34 37 54
35 38 53
37 37 52
37 37 52
35 38 52
36 40 52
34 39 53
35 39 53
33 38 53
33 39 53
34 39 52
33 38 52
36 38 51
34 37 53
34 37 52
34 36 50
33 37 50
31 39 50
32 39 50
30 38 49
31 38 51
31 41 54
31 37 55
30 37 55
31 35 54
29 34 52
29 38 51
30 37 49
27 40 50
26 40 51
24 39 50
24 40 51
23 40 52
23 38 47
22 42 43
23 49 43
25 55 44
27 53 47
26 44 50
22 38 48
21 45 45
21 51 44
20 53 41
20 46 42
19 45 42
20 48 38
17 46 37
16 45 36
15 45 35
15 44 38
15 45 42
11 44 39
05 46 35
01 44 36
00 37 30
04 32 30
08 36 34
11 37 38
11 40 37
12 40 35
15 39 32
18 38 31
19 36 31
21 35 31
22 36 31
21 39 34
21 39 34
18 40 34
15 40 36
13 39 36
12 39 37
10 38 35
10 37 35
11 37 34
12 38 36
13 39 37
14 39 35
14 39 36
15 38 35
15 39 36
14 39 34
13 39 35
13 38 35
13 38 36
12 37 37
13 39 38
13 39 38
14 38 37
13 37 38
14 38 38
12 36 39
12 36 39
11 37 39
12 37 38
11 37 37
12 37 37
13 37 36
13 38 35
11 38 34
12 39 36
13 38 35
13 37 35
12 38 36
12 37 37
11 37 37
13 38 38
12 37 37
12 38 38
13 39 37
13 38 38
13 38 37
14 37 37
12 38 36
12 37 37
13 37 37
12 38 37
12 38 37
14 38 37
13 38 37
13 37 36
12 38 37
12 38 37
13 37 36
12 37 37
12 37 36
13 38 37
12 38 36
13 38 36
13 38 37
13 36 36
14 37 37
13 37 36
12 38 37
12 38 36
13 38 37
13 38 37
12 39 36
13 37 36
13 38 35
12 37 35
13 37 36
12 39 36
12 37 37
11 37 36
12 37 36
14 37 37
12 38 36
14 37 36
12 37 36
13 38 37
13 37 36
12 38 36
