30 37 52
30 37 52
30 36 53
30 36 52
30 38 52
30 36 53
31 36 52
31 36 53
30 37 53
30 37 53
31 37 52
30 37 53
29 37 52
31 37 53
28 36 53
30 37 52
31 36 54
30 37 53
29 36 52
31 38 52
31 36 52
30 36 53
29 36 54
30 36 52
30 37 52
31 36 53
31 36 52
30 37 52
30 36 53
30 36 53
31 36 52
29 36 52
32 35 52
30 37 53
30 36 52
31 36 52
29 37 53
30 35 52
30 36 52
32 37 53
31 36 53
31 37 53
29 37 53
30 37 52
31 37 52
30 37 52
30 37 53
30 36 51
31 35 54
30 36 52
31 37 53
30 36 53
31 36 53
30 37 53
31 37 52
30 36 53
32 37 52
30 37 52
30 36 52
30 36 52
30 37 52
30 37 53
29 36 53
30 37 52
30 36 52
30 36 53
31 37 53
30 36 52
29 37 53
31 37 52
30 36 52
30 39 52
31 37 53
31 36 52
29 37 52
31 37 52
31 37 52
31 37 52
30 36 53
31 37 53
30 36 52
30 37 51
31 37 52
30 37 52
30 36 52
35 37 55
33 34 58
35 36 56
29 40 53
27 35 53
26 33 51
24 31 50
24 34 52
26 38 49
26 37 48
23 37 48
22 35 44
17 36 42
14 40 45
07 33 43
20 42 51
16 30 42
19 38 40
09 40 37
12 36 35
14 38 37
12 37 34
11 36 34
13 39 35
11 35 33
12 38 36
13 38 32
12 34 32
12 39 37
13 35 32
10 29 36
13 39 35
13 33 35
13 32 30
12 33 31
12 35 31
12 38 31
09 39 30
07 33 32
10 26 27
06 35 31
03 36 30
08 35 23
08 32 25
05 34 24
05 33 20
05 34 21
07 32 22
10 31 22
12 34 24
13 33 26
18 34 25
20 32 28
20 35 28
20 35 30
21 35 31
20 35 33
21 36 32
18 36 33
17 37 30
15 35 33
15 37 33
14 38 33
15 38 33
15 36 34
14 40 36
13 38 38
11 38 38
11 37 39
11 38 38
14 38 40
15 40 39
13 42 36
11 40 35
10 40 35
11 41 34
15 40 34
17 39 31
14 40 31
11 39 30
11 40 30
09 40 30
11 40 31
14 39 33
12 41 31
13 38 30
13 37 29
12 38 30
12 38 30
14 37 30
13 40 33
14 39 32
13 38 31
13 38 32
14 38 32
13 39 32
12 39 32
13 37 33
12 38 32
12 39 32
11 39 32
12 39 32
11 40 32
13 38 31
12 39 31
13 38 33
14 39 32
13 39 33
13 40 33
13 39 32
11 39 32
13 39 33
11 39 32
13 39 33
13 39 32
12 39 33
14 39 33
12 39 33
12 39 33
13 38 33
13 38 32
14 39 33
13 39 33
12 38 33
12 39 32
12 39 33
13 40 33
13 39 34
12 39 33
12 39 33
13 39 33
13 39 33
12 39 33
14 39 33
13 38 33
12 39 33
13 40 32
14 40 33
12 38 32
12 40 33
11 39 33
13 39 33
13 38 33
13 39 33
12 39 32
13 40 33
13 38 33
13 39 32
13 39 32
13 38 32
13 39 33
13 39 33
13 39 33
12 38 32
13 39 34
13 40 32
12 39 33
13 38 32
11 39 33
13 39 33
13 40 32
12 39 34
13 39 33
12 39 33
11 39 33
12 39 32
12 41 33
13 39 33
13 39 33
12 39 33
13 39 33
12 38 34
13 39 32
14 40 32
14 39 32
12 39 33
13 40 32
13 39 32
13 39 33
13 39 33
14 38 33
13 39 33
12 40 34
12 39 33
12 39 32
12 40 34
13 39 33
13 40 33
13 38 33
12 39 33
13 39 33
12 39 33
14 39 33
12 38 33
13 39 33
13 40 33
12 41 33
13 40 32
11 40 33
12 38 33
12 40 33
12 38 32
12 39 33
12 40 33
12 39 32
12 40 32
12 38 33
12 39 32
13 40 33
13 39 32
12 39 33
13 39 32
13 39 33
12 39 33
14 39 33
13 40 33
13 38 33
12 39 32
13 40 33
14 39 33
12 40 33
13 38 32
13 39 35
13 40 33
12 40 34
12 38 33
11 39 33
13 39 33
14 38 33
12 40 34
12 39 33
13 40 33
13 38 32
12 38 33
12 39 33
13 37 33
14 39 33
13 39 34
11 40 34
12 38 33
13 38 32
11 39 32
12 39 33
13 39 33
13 41 33
12 39 33
13 40 33
13 38 32
12 40 32
13 40 34
13 39 33
13 39 33
12 39 33
12 40 33
14 40 32
13 40 32
13 39 33
13 39 33
11 38 33
14 38 33
12 39 33
12 39 33
13 39 33
13 39 32
13 38 32
12 39 32
14 40 33
12 40 33
13 39 33
12 39 32
13 39 32
13 38 32
13 38 33
13 40 32
13 38 33
13 39 34
13 39 32
12 39 34
13 40 32
13 39 33
13 39 32
12 39 33
13 39 32
12 39 33
12 40 32
12 38 32
13 39 32
13 39 33
12 39 33
