30 35 53
29 37 52
31 38 52
31 38 53
29 37 52
30 37 52
31 38 52
30 39 52
30 37 52
31 37 52
31 38 51
30 38 52
31 38 51
31 38 52
30 37 52
31 38 51
30 37 53
31 38 53
31 38 53
31 36 52
30 37 53
30 38 52
30 38 52
30 38 52
31 36 53
30 38 50
30 40 55
30 36 53
28 36 56
30 36 55
31 35 56
29 37 53
27 36 52
27 43 46
23 41 43
21 46 49
19 38 45
17 33 43
14 37 43
19 41 49
17 38 40
14 36 41
15 40 43
14 39 39
13 39 37
12 38 33
12 36 31
12 40 30
13 38 27
12 40 26
13 40 27
12 40 29
13 41 30
15 39 31
12 40 32
14 41 29
12 41 34
12 38 31
13 40 27
10 39 34
07 37 33
08 38 30
08 35 29
08 28 25
06 24 24
08 28 24
08 23 23
09 26 26
09 27 28
11 28 28
14 29 30
16 32 31
18 33 30
17 31 31
17 33 32
15 33 33
13 32 32
11 34 32
13 34 31
14 36 31
12 35 32
13 35 33
13 38 32
13 37 31
13 36 31
13 36 33
11 35 31
10 37 32
10 35 31
12 35 32
14 34 33
12 36 33
12 35 34
13 35 34
14 35 36
13 34 35
13 34 34
11 35 37
08 31 43
09 31 42
12 39 35
12 38 35
12 37 32
12 36 32
12 38 34
13 37 34
11 38 34
11 36 33
12 37 34
12 37 34
12 36 34
12 36 34
12 36 33
13 35 33
12 35 33
13 36 34
13 37 34
11 36 34
12 35 34
11 36 34
11 35 33
12 35 33
12 37 35
11 36 33
12 36 34
12 36 34
12 35 33
11 35 34
11 35 33
11 35 31
12 35 31
12 34 32
11 33 33
11 33 34
12 35 33
11 35 34
11 34 35
13 35 32
10 36 33
10 35 32
11 36 33
13 35 32
12 36 32
14 34 32
13 33 33
12 33 33
11 35 32
10 36 31
11 36 32
12 34 31
11 36 33
11 35 34
12 35 33
11 33 32
12 32 33
11 35 32
11 34 31
11 33 31
12 32 32
12 34 32
12 34 31
12 32 31
12 34 31
12 33 32
13 33 31
11 34 32
12 34 32
11 33 32