31 37 53
31 37 53
31 38 52
32 37 53
31 37 53
32 37 53
32 37 53
31 38 52
31 37 52
31 36 52
31 37 53
32 37 53
33 38 52
33 39 53
32 37 52
32 37 52
30 37 53
32 37 53
33 37 53
33 38 53
30 38 53
30 37 53
31 36 52
32 36 52
32 37 53
31 36 53
31 36 52
32 37 52
32 37 52
32 37 51
32 37 53
32 35 52
31 38 52
31 37 53
31 37 52
31 37 53
32 36 53
31 36 53
31 36 53
34 37 53
36 40 56
37 41 55
36 35 52
34 35 54
33 33 54
28 34 51
26 39 55
25 33 53
25 32 53
25 32 51
27 33 53
26 32 52
26 34 50
27 32 49
24 35 49
21 36 47
18 37 44
15 37 39
13 38 43
16 32 42
16 43 39
17 38 41
17 37 42
16 39 40
16 40 40
18 41 38
17 45 29
17 40 29
19 46 25
13 48 19
10 44 25
12 46 28
14 45 21
18 42 19
17 43 24
15 42 23
15 42 21
18 40 21
14 44 26
15 39 22
15 39 21
12 41 25
11 40 29
10 36 26
06 38 29
06 34 30
03 29 31
06 21 20
08 26 20
12 24 24
13 20 24
14 22 26
14 26 26
14 26 26
15 26 26
17 30 26
18 27 27
18 27 29
14 31 29
15 29 28
14 28 28
12 30 29
11 30 30
12 30 30
12 30 31
13 29 30
13 29 31
12 28 30
13 28 32
14 29 30
13 30 30
11 29 31
10 30 31
10 28 30
09 30 31
10 28 29
12 27 30
14 29 30
14 29 31
12 29 30
13 29 31
14 30 32
14 29 31
13 31 33
10 31 33
07 32 32
10 33 35
12 33 36
15 32 35
16 29 33
13 33 34
10 33 34
11 33 37
11 32 36
10 30 34
09 31 34
09 31 33
13 31 33
11 32 34
11 33 34
12 34 34
12 31 34
12 32 34
12 30 33
13 32 33
11 31 34
10 32 34
10 32 34
11 30 33
12 30 33
12 28 33
11 29 31
12 30 32
10 29 33
11 31 34
11 30 34
10 30 33
12 29 33
13 29 33
11 30 32
11 30 32
12 30 34
11 28 33
11 28 33
11 29 32
12 29 33
12 29 32
13 29 33
11 30 33
11 29 33
12 29 32
11 29 32
12 29 32
13 29 33
11 29 32
11 28 32
12 28 32
11 28 31
10 29 32
12 29 32
13 27 33
12 28 32
11 29 33
11 28 32
11 29 33
14 28 33
11 28 32
12 30 32
11 29 33
11 28 32
12 29 32
12 29 32
11 28 32
13 30 32
12 29 31
12 29 32
