33 37 51
32 37 52
33 37 51
32 36 54
32 38 52
32 38 51
33 37 53
32 37 52
33 38 52
32 38 51
32 38 52
32 38 52
32 38 51
33 38 52
32 39 52
33 38 53
32 38 53
33 37 52
33 37 53
32 37 52
33 37 53
33 39 52
33 38 53
33 37 52
33 38 52
33 38 52
32 38 52
33 38 51
31 38 53
32 37 51
32 38 52
32 38 51
32 38 53
32 37 53
32 37 53
31 38 53
32 38 52
33 39 53
31 36 54
31 37 55
30 39 51
30 37 52
26 39 53
30 39 51
30 36 51
33 37 50
33 36 51
33 37 48
33 36 50
33 35 51
31 37 54
31 41 58
30 35 53
29 36 52
29 38 53
30 36 52
30 37 53
30 37 53
28 37 50
29 37 52
30 36 53
29 36 52
29 37 52
29 36 51
28 36 54
27 38 52
28 38 52
26 39 52
25 37 52
25 35 51
25 38 51
24 37 51
23 37 51
22 39 50
21 36 47
24 37 48
21 38 47
20 39 48
19 39 48
20 38 47
19 39 47
19 38 48
18 39 48
17 40 47
18 40 46
17 41 45
15 39 45
13 39 44
15 40 44
16 40 43
13 38 44
16 37 43
15 37 41
13 38 41
13 38 42
15 36 40
14 38 40
13 38 40
14 33 39
14 36 40
13 34 39
14 31 37
11 33 37
11 34 36
11 35 37
13 34 35
12 34 37
12 35 37
14 36 35
16 35 34
13 35 34
14 37 33
12 40 34
14 39 35
14 36 35
12 37 36
12 37 35
11 38 35
11 37 36
10 37 36
08 36 36
10 34 37
08 29 36
09 30 34
11 30 32
11 33 33
11 37 33
11 38 33
12 37 33
12 38 34
13 37 34
12 36 33
13 37 34
12 37 34
10 35 33
10 34 35
11 32 35
11 35 36
10 35 36
12 37 35
12 37 34
12 37 34
13 36 34
12 37 35
13 37 34
11 37 34
12 36 35
12 37 36
11 38 35
11 37 34
11 37 35
12 37 35
11 36 35
12 37 34
11 36 35
12 38 34
12 37 34
12 36 34
11 37 35
12 37 34
11 38 34
12 38 35
12 37 35
12 37 35
11 37 34
11 37 35
11 35 34
12 35 34
12 36 34
12 36 34
11 37 35
11 36 35
12 37 34
12 36 34
13 36 35
12 36 35
12 38 35
11 38 35
12 37 34
12 36 35
12 37 35
12 36 34
12 36 35
13 35 35
12 37 34
12 36 34
12 37 35
12 37 35
12 36 34
12 37 35
12 36 35
13 36 35
13 37 34
12 37 34
13 36 35
11 36 34
12 36 34
12 36 33
12 36 34
12 36 35
11 36 34
10 36 35
11 36 34
12 35 36
13 36 36
12 37 35
12 36 34
11 37 35
11 37 34
12 35 36
12 37 35
12 37 34
12 36 34
12 36 35
11 37 34
13 37 34
10 35 34
11 37 33
11 36 35
12 36 35
12 37 35
12 36 34
12 36 34
13 35 35
13 37 34
13 37 33
11 38 34
11 38 35
12 38 35
12 36 34
12 36 35
11 36 33
11 37 35
13 36 33
12 35 34
11 37 34
11 37 34
11 37 33
13 36 34
13 37 34
11 37 34
13 37 35
