38 45 49
38 45 49
40 44 48
40 44 48
38 44 48
39 45 49
40 45 47
39 45 48
39 44 49
38 45 48
37 43 48
37 44 48
38 44 48
38 45 49
39 45 48
39 44 49
39 45 48
39 45 48
39 44 48
38 45 48
39 46 49
39 44 49
39 45 49
39 45 47
38 44 49
38 43 48
38 45 48
39 45 49
38 45 49
38 45 49
38 45 47
38 44 47
39 44 48
38 45 48
38 46 48
38 44 47
38 44 47
38 46 48
38 43 48
39 44 49
39 44 49
38 45 49
38 44 48
37 45 48
38 44 48
38 45 49
39 45 47
40 45 48
38 44 48
39 43 48
38 44 48
38 45 48
38 44 48
38 44 49
40 45 48
39 44 47
39 44 49
38 44 48
39 45 49
38 44 48
39 44 48
38 45 49
38 45 48
39 46 48
39 46 48
38 45 48
39 45 48
39 46 48
39 45 48
39 46 48
39 45 48
39 44 49
40 45 47
39 45 48
40 45 47
39 45 49
39 45 48
39 44 47
39 45 48
39 45 48
38 45 47
39 45 48
40 45 48
38 45 47
39 46 48
40 44 48
39 45 48
39 45 48
39 44 47
38 46 48
39 44 47
39 45 48
40 46 47
39 45 48
38 44 49
39 44 47
40 44 48
39 45 48
39 46 48
39 44 47
39 45 48
39 45 48
40 45 49
39 45 48
38 44 48
39 44 48
39 44 47
39 45 48
38 44 48
38 45 48
39 44 48
39 45 47
39 44 49
40 45 49
38 45 48
38 46 48
39 44 47
39 46 47
39 44 48
39 45 48
40 45 48
39 45 49
39 44 49
40 45 48
39 43 49
38 45 47
39 44 48
39 46 48
39 45 47
39 46 47
39 44 48
40 44 48
39 46 47
39 43 48
39 44 48
40 44 48
38 44 48
39 44 48
39 45 48
40 44 48
39 45 48
39 44 48
39 45 48
39 44 48
38 46 48
39 45 48
40 45 49
38 44 48
40 45 48
38 45 47
39 45 48
39 43 49
38 44 48
39 44 49
39 44 48
38 45 47
39 46 48
39 45 48
39 45 47
39 44 48
39 45 47
38 45 47
40 45 48
38 44 48
39 44 49
38 45 49
38 45 48
40 45 48
38 45 49
38 46 48
38 45 49
39 44 47
38 45 48
38 45 48
39 45 48
38 45 48
38 44 48
37 45 49
38 42 50
37 45 49
37 45 48
35 44 47
34 45 47
35 47 46
35 47 46
34 45 47
35 47 45
35 48 46
34 48 46
33 47 46
33 47 46
31 50 46
31 49 46
30 51 44
30 51 45
30 48 44
28 47 44
27 52 42
26 52 43
23 43 49
27 38 57
28 47 54
29 41 45
24 37 44
23 38 50
19 40 52
19 40 50
20 40 46
21 41 45
19 42 46
18 39 43
16 40 43
17 42 44
16 40 47
18 40 44
19 41 45
17 41 42
16 42 41
18 42 42
18 42 39
16 43 41
16 42 38
15 42 37
14 43 37
16 42 35
17 41 33
14 42 35
10 43 32
10 42 32
11 43 35
10 42 31
15 42 29
15 42 30
12 41 29
12 41 24
11 42 26
13 40 26
13 40 26
13 38 26
12 39 26
12 38 26
11 38 21
12 36 21
10 38 24
11 35 23
11 34 24
12 33 25
11 26 21
12 28 19
09 31 21
10 33 25
10 31 24
08 33 25
14 30 25
13 31 25
16 32 25
14 36 27
14 37 27
15 35 29
14 34 31
15 36 31
14 36 30
15 36 31
13 38 30
15 38 31
15 37 30
16 39 33
16 39 32
15 39 32
14 39 32
14 39 32
14 38 32
14 38 30
14 38 31
14 40 33
15 40 33
15 41 33
16 42 34
16 42 35
16 41 35
15 40 34
11 40 33
11 38 33
12 38 33
14 37 35
16 39 35
14 39 35
12 40 34
09 40 35
11 37 36
10 34 38
12 31 38
14 34 37
13 38 36
14 39 36
13 40 34
13 41 35
13 39 34
14 38 34
13 38 33
12 37 33
13 37 33
12 38 35
11 38 35
10 37 36
10 38 35
11 37 37
11 37 37
13 37 37
13 37 37
14 39 35
13 38 34
13 39 33
13 40 33
12 38 33
14 38 33
11 39 34
12 39 34
12 39 34
12 38 34
12 39 34
14 38 33
13 40 34
13 40 34
15 39 35
13 40 36
12 39 39
12 39 39
13 41 38
14 41 37
14 42 34
14 40 34
13 39 35
14 40 35
13 42 34
14 40 34
13 41 34
13 41 34
14 40 34
13 40 35
13 41 34
14 41 35
13 40 36
14 41 36
14 42 36
13 42 37
13 40 35
13 41 36
14 40 37
13 39 35
14 37 35
13 39 34
13 40 36
14 40 35
14 39 34
13 40 34
13 40 35
14 41 36
12 38 36
12 39 36
12 39 36
13 40 36
13 40 35
12 40 34
12 41 35
13 41 34
13 41 36
13 40 35
14 40 36
13 40 36
12 41 35
13 40 36
13 41 35
13 40 35
13 41 35
13 40 35
13 41 34
12 40 35
13 40 35
13 40 35
13 39 35
12 40 35
14 40 35
13 40 34
15 40 36
13 40 35
13 41 35
13 40 34
14 40 35
13 39 35
14 40 35
12 40 36
12 41 35
14 41 35
12 40 35
14 40 35
13 40 35
13 40 35
14 40 35
13 40 35
14 40 36
14 40 35
13 40 36
14 41 34
13 41 35
13 40 35
13 40 35
13 41 34
14 39 35
13 40 35
14 41 34
13 41 35
13 40 35
13 41 36
13 40 35
13 40 35
12 39 35
13 40 36
13 40 35
12 41 35
13 40 35
13 40 35
14 40 36
13 39 35
13 40 35
14 39 35
13 39 35
13 40 35
14 39 34
13 41 34
13 41 34
13 39 36
14 40 35
13 39 34
12 39 34
12 39 35
14 39 35
13 39 35
12 40 34
14 39 34
13 40 34
13 41 35
13 39 35
12 40 35
12 40 35
14 40 35
12 40 35
13 40 36
13 40 36
13 40 35
12 38 35
12 40 35
13 40 35
14 40 36
12 39 35
12 39 35
12 40 35
13 40 35
13 39 34
13 39 34
14 37 35
13 38 35
12 37 33
13 38 34
13 37 34
12 38 33
12 38 34
12 38 34
12 37 33
13 36 34
12 36 35
11 36 34
13 36 33
12 37 35
12 36 34
12 36 34
12 37 34
12 37 34
11 36 34
13 37 33
11 37 34
11 38 34
13 37 34
12 37 34
13 37 35
11 35 35
13 37 35
12 36 34
12 38 34
11 36 34
12 37 35
12 38 34
12 36 34
12 36 34
12 38 35
12 38 34
12 37 35
11 37 35
13 37 35
12 36 35
13 36 34
12 37 35
13 36 34
13 37 34
13 37 34
12 38 34
12 37 34
12 38 34
12 37 34
12 38 33
12 37 34
11 38 34
12 36 35
13 37 34
13 37 34
13 37 34
12 38 34
14 38 34
13 38 33
12 38 33
12 40 34
12 37 34
13 37 33
12 38 32
12 37 33
11 37 34
13 38 34
12 38 34
11 37 34
12 37 35
14 39 35
12 38 35
13 39 34
