39 45 48
38 45 48
39 44 48
40 44 49
39 43 48
39 44 49
39 45 49
38 43 49
38 44 49
37 44 48
38 44 48
38 45 49
39 45 48
38 45 49
38 44 49
39 45 49
38 45 49
38 45 49
39 43 49
38 44 48
39 44 49
38 43 49
38 44 49
39 44 48
38 43 49
38 44 48
38 43 49
38 44 48
38 44 49
38 44 49
39 44 48
36 44 48
38 43 49
38 44 49
39 44 49
38 44 49
39 44 49
38 44 49
38 44 49
39 44 48
39 45 49
39 44 49
38 44 49
38 43 49
38 44 48
38 45 49
39 44 48
38 44 49
38 45 49
38 44 48
38 43 48
38 43 49
40 44 48
39 45 49
37 44 48
39 45 49
38 45 48
38 45 49
38 43 49
39 45 48
40 44 48
38 45 48
39 44 48
37 43 48
39 44 49
39 45 48
38 45 48
39 45 48
38 43 49
39 44 49
39 45 48
39 44 49
38 45 48
38 45 49
38 43 48
38 44 48
39 44 48
38 44 49
40 44 48
39 46 49
38 45 48
40 43 48
39 42 48
39 43 49
39 43 48
40 45 48
39 45 47
40 44 49
38 44 48
39 44 48
39 45 48
39 45 49
39 45 48
39 44 49
39 45 48
39 44 48
39 45 49
38 44 49
38 44 47
38 44 48
39 43 48
40 45 49
39 45 48
37 44 48
38 45 48
39 44 49
40 45 48
40 45 48
38 44 49
39 46 49
38 44 48
39 45 49
39 44 48
38 43 48
38 45 48
38 44 49
39 44 48
38 44 48
39 45 48
38 45 48
39 45 48
39 45 50
40 43 48
39 45 49
40 45 49
39 44 48
39 45 48
39 44 48
38 45 48
40 46 49
39 44 48
39 45 50
38 45 49
38 45 48
39 43 49
39 44 48
39 44 48
38 45 48
40 44 48
39 45 49
39 44 48
38 43 49
38 44 48
39 45 49
37 44 47
39 44 48
39 44 49
38 45 49
39 44 49
39 44 48
39 44 48
39 45 49
38 43 48
38 46 49
39 44 49
39 45 48
39 44 48
38 45 49
40 45 48
39 43 49
39 44 48
40 44 48
38 44 48
38 45 49
39 44 49
40 43 48
39 43 49
38 45 49
39 45 48
38 44 49
39 44 48
38 45 49
38 43 48
38 45 48
39 45 49
39 44 49
37 45 49
36 43 48
34 41 49
35 44 48
35 44 48
36 45 48
34 44 50
35 44 49
36 44 49
36 44 50
35 44 50
35 44 50
34 44 50
32 46 50
32 46 49
32 41 48
31 44 50
31 43 47
30 43 44
28 48 48
27 48 52
29 48 52
31 48 47
33 47 47
33 49 46
31 52 45
29 49 42
27 48 43
27 50 47
23 52 47
21 52 48
21 47 44
23 47 40
28 51 43
26 47 44
22 49 40
22 50 38
23 51 40
22 50 37
20 50 37
19 51 36
20 50 35
20 52 35
20 50 35
20 51 33
21 51 32
23 50 31
21 51 32
21 50 32
20 49 29
20 50 29
20 51 28
22 51 29
20 48 30
20 48 30
20 47 29
20 48 28
22 47 28
18 49 29
17 45 29
17 44 29
18 44 30
18 45 26
15 46 29
16 44 28
16 45 29
15 43 28
15 44 29
12 44 28
14 40 27
10 41 27
09 40 27
12 38 29
14 37 30
13 38 30
16 41 31
16 39 30
17 40 30
17 40 29
16 41 31
18 40 31
16 41 30
15 41 30
15 42 29
13 43 29
15 43 31
14 42 32
12 41 34
13 41 33
13 41 33
12 40 32
12 40 31
12 40 30
13 40 31
13 41 30
14 39 30
14 39 30
14 39 31
15 39 32
13 40 31
12 40 31
12 42 32
15 40 32
13 41 33
16 41 33
13 39 32
11 40 33
10 38 35
09 34 37
12 36 38
13 38 38
13 40 37
13 40 36
12 40 34
13 39 35
13 39 34
12 40 35
12 40 35
14 39 35
14 39 34
13 38 33
12 40 33
14 39 34
13 42 32
14 39 34
12 40 34
12 38 35
13 38 36
13 40 35
13 42 34
13 41 34
14 40 33
14 40 33
13 40 33
13 40 33
12 39 34
13 38 34
13 40 34
11 41 35
12 40 35
13 39 35
14 40 33
13 41 34
14 38 34
13 40 33
13 41 35
13 40 35
12 40 33
13 41 35
12 40 35
12 40 34
13 40 34
13 39 34
14 40 34
12 38 35
13 40 34
12 39 34
14 40 33
13 40 34
12 40 33
12 38 34
13 40 34
13 39 34
13 40 33
13 40 34
13 40 34
13 39 34
13 41 33
12 41 34
13 40 34
12 40 34
14 39 35
12 40 34
13 40 34
14 39 34
12 40 34
11 41 35
13 40 34
13 39 34
12 39 34
14 39 34
13 40 34
13 40 35
13 39 33
13 39 34
13 39 33
14 41 34
13 39 34
13 40 35
11 39 35
14 39 34
13 39 34
13 39 35
13 41 35
14 40 34
13 38 34
12 40 35
13 40 34
12 39 33
14 40 34
13 39 34
12 40 34
12 40 34
13 40 34
12 39 33
13 40 34
13 39 34
13 40 34
12 39 34
12 40 34
13 39 35
13 41 33
13 40 34
12 41 34
13 41 33
13 39 34
12 41 34
12 40 34
13 39 34
14 40 34
12 41 33
14 40 34
13 39 35
12 41 34
13 40 35
13 40 34
14 39 34
13 39 34
13 39 34
13 40 34
14 39 35
14 40 34
13 40 34
13 39 34
14 40 34
14 39 34
13 40 33
13 40 34
14 40 34
13 40 34
14 40 34
13 41 34
12 39 34
12 39 34
12 40 35
13 41 34
14 40 34
13 40 33
13 39 33
13 39 35
13 39 33
12 39 34
13 40 33
14 40 33
12 40 34
15 40 34
12 41 34
14 40 34
13 40 34
14 39 33
13 40 35
13 41 35
13 39 34
12 41 34
13 39 34
13 40 34
14 41 35
13 40 33
13 39 34
13 39 33
14 40 34
13 40 34
13 39 33
13 41 33
15 40 34
13 39 33
13 41 33
13 39 34
14 39 34
13 40 34
12 39 34
14 39 33
13 38 32
13 38 34
12 37 33
11 38 33
13 38 33
12 36 33
12 37 33
11 37 32
12 35 31
12 35 33
12 35 35
12 37 33
09 36 32
12 36 33
12 36 33
11 38 34
13 35 33
12 35 31
12 35 32
12 36 33
11 35 32
12 33 31
12 33 31
13 34 31
12 34 32
11 34 31
12 36 32
12 33 30
11 34 32
12 34 30
11 34 32
14 34 31
12 35 31
12 35 31
13 35 32
12 36 31
