33 36 52
32 37 52
32 37 52
33 36 53
32 37 52
33 38 53
32 38 52
32 36 52
32 37 53
33 37 52
33 37 53
32 36 53
33 37 52
32 37 53
32 37 52
32 36 53
32 36 52
33 37 51
33 37 53
33 37 52
32 37 52
32 36 53
34 36 52
32 37 53
32 37 53
33 37 52
32 37 52
31 37 53
32 37 52
33 37 53
33 37 52
35 37 51
34 37 54
35 36 52
34 39 55
32 37 52
33 38 57
33 36 54
30 33 53
28 38 52
30 37 52
28 34 51
28 35 49
24 39 50
24 37 51
21 37 50
22 36 48
22 37 52
21 34 49
19 35 48
18 39 51
22 38 48
21 37 49
22 37 51
23 40 49
20 40 46
18 39 43
17 41 48
18 40 44
20 42 41
15 45 40
14 41 38
16 42 37
16 44 37
16 45 36
15 43 34
14 41 33
14 41 31
13 43 31
14 43 29
13 40 27
13 46 33
14 42 31
14 43 32
12 43 32
16 41 29
12 40 31
09 36 36
09 40 35
09 44 36
08 39 36
07 30 27
07 27 26
07 22 27
09 28 29
09 28 29
14 27 30
14 29 32
18 32 24
17 28 33
21 33 31
20 35 35
14 34 34
09 34 32
10 35 31
10 36 31
11 35 32
13 35 33
14 36 34
13 37 33
15 36 35
13 36 34
13 36 35
13 36 34
13 36 35
14 36 34
15 38 34
15 37 35
12 37 35
08 36 34
06 30 38
11 25 39
13 26 40
14 34 39
13 35 35
11 36 34
12 35 33
12 37 34
12 36 36
14 35 36
13 35 36
12 33 37
11 34 35
10 34 36
12 35 35
13 35 35
11 34 35
12 35 35
10 35 34
11 34 34
11 35 34
12 34 35
12 33 35
13 34 34
12 34 34
12 32 33
12 33 32
10 33 33
12 34 35
11 34 34
13 35 35
16 34 35
13 34 34
12 34 32
12 34 32
11 33 32
10 34 32
10 34 33
10 35 34
12 34 33
13 34 33
13 34 32
12 34 33
11 32 32
11 32 32
09 33 31
10 33 31
12 32 31
12 32 32
12 33 31
13 32 32
12 32 33
11 33 31
11 33 32
10 33 32
12 31 31
11 33 33
11 33 32
12 34 31
10 34 32
12 31 31
13 32 32
10 33 31
12 33 31
