34 33 39
34 39 53
35 38 52
34 39 52
35 40 52
33 41 51
34 40 51
34 39 51
34 40 52
33 40 52
35 38 51
35 39 53
35 39 52
35 39 51
34 41 52
35 40 51
33 39 53
34 39 52
35 40 52
35 40 52
34 40 51
34 39 52
36 41 51
35 40 51
34 39 52
34 38 51
34 40 51
34 39 52
34 39 52
34 41 51
35 38 51
34 40 52
35 39 52
33 41 52
34 42 51
33 40 52
34 41 52
33 41 52
34 41 52
34 40 51
33 40 52
34 40 51
34 41 51
35 40 51
35 39 51
35 39 51
35 39 52
33 40 51
35 40 52
34 40 51
33 39 52
34 39 52
34 38 53
35 40 51
36 40 52
34 41 52
34 41 52
33 41 51
34 42 51
35 43 52
33 39 52
35 38 52
35 39 52
33 43 52
33 41 52
34 38 51
33 39 52
35 41 52
34 39 51
34 38 51
35 37 52
34 39 53
34 39 53
34 40 52
34 39 52
35 38 52
34 36 53
34 39 52
33 39 54
33 37 53
32 36 53
33 36 53
33 39 53
32 38 52
32 36 53
32 35 53
31 36 53
30 37 53
32 37 53
29 37 52
25 36 54
29 39 53
27 40 53
26 38 52
25 38 50
26 40 50
24 41 49
25 40 49
23 40 50
23 40 50
22 42 48
22 40 46
21 41 46
22 42 47
21 41 47
22 41 47
22 42 46
21 41 46
22 44 45
22 44 45
23 44 45
22 46 45
23 44 43
22 45 44
20 45 45
21 46 46
22 45 44
19 45 44
19 46 44
19 43 43
19 43 45
20 43 44
19 43 44
18 43 43
19 44 44
20 43 44
21 43 44
21 43 45
20 42 44
20 44 46
20 42 45
19 41 46
19 42 46
19 42 45
20 44 44
19 43 45
19 42 45
19 43 45
20 43 43
19 42 44
19 42 45
19 42 45
19 43 44
20 44 44
19 43 44
21 40 45
19 44 45
19 46 44
18 43 45
19 41 45
20 42 45
19 44 44
20 44 43
20 43 45
20 43 45
20 44 45
20 44 45
19 43 45
20 45 44
20 42 44
20 43 44
21 42 45
20 44 44
19 43 44
19 43 45
20 43 45
19 43 44
20 42 44
20 44 44
20 43 45
21 44 44
20 43 44
20 44 44
19 43 44
20 43 46
20 44 46
20 44 45
20 43 44
19 42 45
20 43 44
20 45 44
19 43 44
18 44 44
20 43 45
20 43 45
20 43 45
19 43 45
20 43 45
21 43 44
21 43 44
20 42 44
20 43 45
20 43 45
19 42 44
20 43 44
21 44 46
20 43 44
18 44 45
20 43 44
19 43 45
20 42 44
20 42 46
19 43 46
20 43 44
20 43 44
20 42 45
20 43 45
19 44 45
19 44 45
20 43 44
20 43 45
21 42 45
19 44 45
18 44 46
19 44 45
20 43 45
19 43 45
19 44 45
20 43 45
20 42 45
19 42 45
19 42 45
19 43 45
19 43 45
19 43 44
19 43 44
19 44 44
20 42 45
20 43 45
19 43 45
19 43 44
20 43 45
19 43 44
19 44 44
19 44 45
20 44 44
19 43 45
