31 34 53
31 34 52
31 34 52
31 35 52
28 33 53
29 33 53
30 34 53
29 34 53
30 33 53
29 34 52
31 34 53
30 33 52
31 34 53
30 34 53
31 33 53
30 32 52
30 33 52
30 33 53
31 33 53
30 32 53
31 33 52
30 34 53
30 33 53
31 33 53
29 33 53
29 34 52
29 37 53
28 37 53
29 34 53
27 36 53
28 38 52
27 35 52
26 36 51
26 37 51
22 37 50
21 35 49
21 37 49
21 35 50
22 36 48
20 35 48
19 35 46
17 35 46
18 37 46
19 36 46
18 36 45
17 37 44
16 37 46
16 36 44
16 37 44
15 36 42
14 38 42
13 37 42
14 39 40
14 38 39
13 39 38
15 40 37
12 39 36
12 40 35
13 39 34
14 40 33
12 38 32
12 40 32
12 40 33
12 38 32
12 39 32
13 40 32
12 38 32
13 38 32
12 37 31
12 37 31
12 39 30
12 40 29
12 38 31
11 38 30
11 38 31
10 37 28
13 38 30
11 35 29
13 36 26
13 37 29
11 34 29
12 35 26
12 34 26
13 36 28
11 37 28
11 34 26
10 36 26
09 34 24
10 30 27
13 29 29
13 31 30
13 34 27
10 28 25
09 22 24
10 17 23
09 18 23
09 18 24
11 22 24
12 22 24
13 26 26
12 28 27
11 26 27
12 28 27
13 30 26
12 28 27
13 31 27
15 30 28
14 29 29
13 33 26
14 31 27
12 31 28
12 32 30
13 32 29
12 32 29
13 33 28
13 30 30
14 28 32
13 29 32
14 33 33
13 36 32
13 38 32
13 40 32
13 37 33
11 38 32
12 38 33
13 38 33
12 37 33
11 38 34
11 37 34
11 37 34
13 39 34
12 38 33
11 37 33
11 38 33
13 37 34
13 38 33
12 36 35
13 37 35
12 36 34
12 38 36
12 39 34
12 37 35
13 39 34
11 39 35
12 38 34
12 39 35
13 38 35
13 38 34
12 38 35
12 37 34
12 38 34
12 38 35
11 37 35
12 37 35
13 37 35
14 37 35
12 37 34
12 38 34
12 37 36
12 37 35
12 40 35
12 38 36
13 38 34
11 39 35
13 38 34
12 38 35
12 39 34
12 38 34