32 40 52
32 40 52
33 40 53
32 39 52
33 40 52
33 39 52
32 39 51
32 39 51
33 40 52
33 39 51
31 40 52
32 39 52
33 40 53
31 41 52
33 38 52
32 40 51
32 39 51
32 39 52
32 41 52
32 39 52
34 40 52
33 40 52
33 38 52
32 41 52
32 39 53
33 39 51
31 39 52
32 39 51
32 39 52
33 40 52
31 40 51
33 39 52
33 39 51
33 40 52
33 40 51
31 40 52
33 40 52
32 40 52
32 39 52
32 40 53
34 40 52
32 41 53
33 40 53
36 37 53
37 34 53
38 35 56
37 35 55
35 36 55
35 35 53
33 36 54
32 37 53
31 37 53
31 36 51
32 35 51
32 33 51
31 35 51
32 36 53
31 36 53
32 32 54
33 34 53
33 37 51
32 36 50
32 36 50
34 36 53
34 34 52
35 33 49
34 37 48
33 37 46
32 38 50
30 39 50
29 42 50
29 43 48
29 45 49
28 46 50
28 46 49
26 46 47
25 47 46
21 53 47
21 56 46
20 55 44
19 50 40
20 50 37
17 55 39
17 56 36
12 56 36
11 52 35
13 51 36
15 53 36
14 49 34
14 49 33
14 47 35
14 46 34
12 47 35
13 45 37
17 43 35
18 42 32
19 42 33
19 42 33
20 41 34
21 39 34
21 39 35
20 40 34
19 41 34
17 40 34
16 41 35
15 41 36
13 40 36
11 39 36
11 40 36
11 39 36
11 38 37
13 38 36
13 38 36
13 37 36
15 39 36
15 39 37
15 39 37
15 39 36
14 38 36
13 39 38
14 37 37
13 38 37
12 37 38
12 38 38
12 36 38
13 38 39
14 37 38
14 36 37
13 35 39
14 35 38
13 36 39
14 36 38
12 37 39
11 38 38
12 37 37
11 39 39
12 38 38
12 38 37
12 39 38
12 40 37
12 38 37
12 39 37
12 38 37
13 37 38
12 39 37
12 39 37
13 38 37
12 39 37
12 38 39
13 38 38
12 38 38
12 37 37
13 38 38
13 38 37
14 38 38
11 37 37
13 36 37
14 37 36
13 38 36
13 36 37
12 38 37
13 38 37
13 38 38
12 37 37
13 38 36
13 38 38
12 38 37
13 38 37
12 38 37
13 39 37
13 38 38
13 38 37
13 38 38
14 38 37
12 37 38
12 38 37
13 37 38
12 38 37
12 37 38
