35 40 51
35 40 51
35 41 51
35 41 50
34 41 51
34 40 51
35 41 51
35 40 50
35 41 51
35 40 52
34 40 51
35 39 51
34 40 51
36 41 51
35 40 51
34 38 51
35 40 52
34 40 52
36 40 52
35 39 51
35 40 52
34 41 51
35 39 52
36 40 51
34 40 51
34 40 52
34 40 52
34 40 51
36 40 51
35 40 51
35 41 52
34 40 52
35 39 52
34 40 51
34 39 51
36 39 52
35 39 51
34 40 52
34 40 51
34 41 52
34 40 51
35 40 51
35 40 52
34 38 52
34 40 52
35 40 51
34 38 52
34 40 51
34 40 52
35 39 52
35 39 51
34 40 51
35 41 51
35 40 51
35 39 51
35 40 51
34 39 51
34 39 51
34 41 51
36 39 52
34 40 52
35 41 52
34 41 51
35 39 52
34 40 52
34 40 52
35 40 52
34 40 52
35 40 51
35 39 50
34 40 51
35 39 51
35 41 52
34 40 51
34 40 51
35 41 51
34 39 52
34 40 51
35 40 51
34 40 51
34 40 52
35 40 51
35 40 52
34 41 51
35 39 52
34 40 52
35 39 52
35 42 51
35 40 51
35 40 52
35 40 52
35 40 52
34 40 51
35 39 52
34 39 51
34 39 51
35 40 51
35 40 51
36 40 50
36 39 51
34 40 52
35 40 52
35 40 51
33 40 52
35 39 51
34 41 51
35 40 51
35 40 51
34 40 51
34 41 52
34 40 51
35 40 51
34 40 51
35 39 51
35 40 51
34 41 51
34 39 52
34 40 51
35 40 51
35 40 52
35 39 52
34 41 51
35 40 52
34 41 52
36 39 51
33 40 52
34 39 51
35 40 52
34 40 51
35 41 52
34 39 51
35 39 51
34 40 51
35 39 51
35 40 52
35 41 51
34 40 51
34 40 51
35 40 51
35 40 51
35 41 52
35 41 51
33 39 51
33 40 52
34 41 52
34 40 52
34 39 52
34 40 52
32 39 52
32 38 52
32 39 52
32 37 53
33 38 52
33 40 52
32 40 53
30 38 52
32 38 51
30 39 49
28 42 50
30 37 50
30 39 50
29 43 49
29 46 49
30 43 49
31 41 51
31 40 53
30 39 51
30 42 53
29 41 51
29 36 49
28 36 51
27 38 50
26 41 51
21 41 51
22 40 48
25 41 49
24 41 50
26 40 48
27 45 46
24 50 44
25 51 46
27 47 46
27 43 47
26 43 48
28 44 46
27 44 43
25 45 43
26 52 46
27 51 44
27 47 43
27 51 44
26 49 42
26 51 42
27 51 41
27 52 40
27 53 40
27 53 37
25 53 39
27 53 37
25 54 36
25 54 35
25 53 36
24 51 36
23 52 36
25 50 35
23 52 35
23 50 34
21 50 34
22 50 33
23 50 31
22 49 32
22 49 31
23 54 32
21 54 31
22 51 31
20 48 32
19 48 32
18 49 31
18 49 34
19 46 32
17 48 32
16 47 31
15 43 30
13 43 30
14 42 32
13 43 33
10 42 33
10 41 31
08 41 30
09 37 29
11 37 29
12 36 30
12 36 31
12 36 30
11 35 29
11 36 30
12 36 30
12 36 30
13 35 30
13 36 30
12 37 31
13 36 31
10 37 32
09 37 33
11 35 33
13 34 31
15 36 32
13 35 32
16 36 32
15 37 33
15 37 35
14 39 35
12 38 34
12 36 37
14 36 36
14 37 35
14 35 36
14 36 36
13 37 36
13 37 38
12 38 37
12 37 37
14 37 36
15 37 38
16 38 38
14 37 38
15 38 39
16 38 38
16 39 35
13 39 32
10 40 35
10 39 34
10 37 36
09 34 38
07 30 40
11 39 40
11 40 38
10 37 35
10 36 34
12 35 32
11 36 33
12 37 33
12 38 34
12 40 34
13 39 35
14 40 35
12 37 34
12 38 34
13 37 34
11 34 36
11 35 38
12 35 38
12 37 37
11 37 36
11 38 34
14 38 35
14 38 35
13 38 35
14 36 35
13 36 36
13 37 36
10 37 36
12 36 35
11 36 36
11 37 35
13 37 36
12 38 34
12 38 35
13 37 35
13 37 36
12 37 36
12 37 35
11 38 35
11 37 35
12 37 35
12 38 35
13 38 34
12 38 35
12 36 35
12 36 36
12 38 35
13 37 35
12 37 36
11 37 36
12 38 35
11 37 36
13 37 37
11 36 35
13 38 36
12 37 35
12 37 35
12 38 35
11 37 35
13 37 34
13 36 35
13 38 35
13 37 35
10 38 35
11 37 33
10 35 34
11 36 34
12 36 35
11 37 34
12 35 34
12 35 35
12 37 35
12 36 35
12 35 35
12 36 35
12 36 35
12 36 34
12 37 34
12 35 35
13 35 35
13 33 36
12 33 34
11 35 34
11 33 34
09 35 33
11 34 33
12 35 34
13 34 34
12 34 34
11 33 34
12 34 33
13 34 34
12 33 33
13 34 34
12 34 34
10 34 33
11 34 33
10 33 32
09 33 32
10 32 32
10 31 31
12 31 31
12 32 32
11 33 32
12 34 32
11 36 32
11 32 32
12 33 31
12 31 32
12 33 32
12 33 32
11 32 32
11 32 32
11 33 32
11 33 32
11 32 32
10 33 33
11 33 31
11 32 32
12 33 33
12 33 32
11 32 34
