32 38 52
32 38 33
31 38 51
31 38 51
31 37 53
32 39 51
32 38 53
32 39 52
31 37 52
32 39 51
30 39 52
31 38 52
32 38 52
32 38 53
32 37 51
31 38 53
32 38 51
31 38 52
31 39 52
32 39 52
31 38 51
31 37 53
32 39 52
32 39 52
32 38 51
32 38 52
32 39 51
32 38 52
32 38 52
31 39 52
32 38 52
31 39 52
31 39 52
31 38 52
33 39 51
31 38 52
31 38 52
32 39 52
32 38 51
31 38 52
31 38 52
31 38 52
32 39 52
31 37 52
32 38 52
32 38 53
31 38 52
31 38 52
33 38 52
33 36 53
33 38 52
34 37 52
34 36 53
34 35 54
33 34 53
34 35 54
35 34 53
35 35 53
35 37 53
34 36 54
35 35 53
33 35 54
35 34 52
33 34 53
34 37 52
34 35 51
34 37 53
33 38 53
32 36 53
30 37 51
31 35 52
29 36 50
28 36 50
28 35 51
27 33 51
28 33 49
28 34 48
25 41 52
25 42 56
29 35 50
27 41 53
26 39 54
28 37 49
26 42 49
23 42 51
24 40 45
27 49 48
27 45 49
24 44 47
20 46 45
19 46 44
20 48 43
21 47 43
21 50 43
19 48 43
19 46 43
19 42 42
15 45 40
08 46 37
01 47 37
02 44 35
06 40 33
07 42 33
08 43 35
11 40 35
13 40 34
14 42 33
15 39 33
18 38 33
19 38 33
20 38 33
19 38 32
20 37 34
19 39 34
18 41 34
17 42 33
17 44 35
16 44 36
16 43 34
14 41 34
15 42 34
13 43 35
14 42 34
14 42 35
14 43 35
14 40 37
15 41 37
13 41 34
14 41 34
15 41 35
12 41 34
12 39 34
12 38 36
11 37 37
10 37 38
12 38 39
14 41 38
15 41 36
15 39 36
15 40 36
13 41 38
13 42 36
13 42 36
14 42 36
13 40 36
15 40 35
15 39 35
13 40 36
13 40 36
13 41 37
13 42 37
13 41 36
14 41 37
13 40 37
12 40 36
14 41 36
13 41 37
13 40 37
14 41 36
12 41 37
13 41 36
15 39 35
13 40 35
14 40 36
12 41 35
13 41 35
14 41 36
14 41 36
14 41 36
15 41 35
14 41 35
14 41 36
14 41 36
13 41 35
12 41 35
14 41 35
14 41 36
15 41 35
13 42 34
14 40 35
13 42 35
14 42 35
13 42 36
14 41 35
13 40 34
13 41 36
12 39 35
12 38 36
12 39 37
12 39 36
12 39 36
14 38 36
