32 28 54
32 28 54
32 29 52
31 29 53
30 30 54
32 29 52
33 30 53
31 29 53
32 30 52
32 30 54
32 28 53
32 31 53
32 30 53
32 30 53
32 29 53
31 29 53
31 29 54
31 29 52
32 30 53
32 29 52
32 29 52
31 28 53
32 29 53
33 29 53
30 30 52
31 29 52
32 30 52
32 31 52
31 30 53
33 29 53
31 28 53
32 29 52
31 29 53
31 30 53
30 30 53
33 29 53
31 29 53
31 29 53
32 28 53
31 30 53
31 30 53
32 30 53
31 30 53
32 30 53
31 29 52
33 30 52
32 29 52
32 29 52
32 29 53
31 29 52
31 30 52
31 30 53
32 30 53
33 28 53
32 29 52
32 30 53
33 30 53
31 29 52
30 30 53
31 31 52
32 30 54
31 27 52
31 24 53
33 28 52
31 26 53
31 32 54
30 28 52
32 28 54
31 29 52
29 27 51
31 31 52
31 30 52
30 30 52
30 28 54
29 31 54
30 29 52
31 32 53
30 29 53
29 33 55
29 31 54
31 31 53
30 30 52
30 30 52
31 28 52
31 27 52
28 29 52
28 26 54
29 28 53
30 28 54
26 32 57
27 32 57
29 31 54
28 29 52
30 29 53
29 31 52
27 33 48
28 32 48
26 32 51
25 33 49
26 32 47
25 32 46
23 35 51
23 32 51
22 33 50
21 33 49
18 33 50
20 35 51
20 31 54
18 31 53
22 33 51
22 33 47
22 30 50
20 33 52
21 34 53
23 35 53
22 34 51
22 36 50
23 38 46
21 38 46
22 33 50
22 36 54
21 38 48
23 37 48
23 37 50
24 36 51
23 41 48
23 39 51
22 35 51
21 37 50
21 38 46
22 36 48
23 34 50
24 36 50
23 36 49
23 35 49
26 34 49
23 37 50
23 37 46
24 36 49
24 35 49
24 37 46
24 35 51
22 35 51
22 35 49
19 35 50
21 33 50
20 35 49
20 34 49
21 34 51
21 35 49
21 34 50
19 33 50
21 34 50
20 35 50
20 34 48
22 36 49
22 36 49
21 36 48
19 38 48
20 37 49
21 38 49
19 36 49
20 37 49
20 37 50
21 36 49
23 37 48
22 36 50
22 38 49
22 38 48
22 37 49
21 38 49
22 39 50
23 38 49
22 37 49
22 38 50
20 38 49
22 39 49
21 38 49
22 38 50
21 37 50
21 37 50
20 37 49
20 37 48
20 36 50
21 35 50
24 36 49
21 37 48
21 35 49
21 36 49
23 36 47
23 34 48
22 36 50
22 35 50
23 37 49
22 37 49
21 35 50
20 35 50
20 35 49
19 36 47
20 36 49
19 36 49
20 35 49
20 35 49
20 35 48
21 37 49
21 37 51
21 38 50
20 35 50
22 37 49
21 38 49
21 37 49
22 36 48
21 38 49
19 37 49
21 37 49
21 37 48
21 37 48
21 37 49
19 38 48
20 37 49
20 37 50
20 37 49
20 37 49
21 38 49
21 36 48
21 37 47
21 38 50
21 37 48
20 38 48
21 37 50
21 36 50
20 38 48
21 36 49
21 35 49
22 36 49
22 36 48
21 35 49
22 37 49
22 36 49
22 37 50
21 38 51
21 36 50
23 37 49
21 36 49
22 37 49
20 37 49
21 38 49
20 36 50
20 36 48
20 36 49
20 35 48
20 35 48
21 37 50
20 36 48
20 36 49
20 36 48
20 36 48
21 37 49
21 35 49
21 38 49
21 37 49
20 36 49
20 34 48
21 36 48
20 35 49
20 38 49
20 37 49
20 37 48
21 37 48
22 37 49
20 36 49
21 36 49
21 35 48
20 36 49
20 37 49
21 37 49
21 37 48
21 38 49
20 36 48
21 35 50
19 34 51
19 34 50
19 35 51
19 34 52
20 33 53
21 34 52
20 33 51
20 32 51
22 32 52
22 34 51
22 34 51
23 35 50
24 35 49
24 35 49
23 40 48
24 39 48
25 36 49
23 35 48
24 38 48
24 39 49
25 36 50
24 35 51
24 40 49
25 37 49
25 36 47
24 36 46
23 41 47
22 39 45
21 36 47
21 37 47
21 40 46
20 42 48
21 37 48
21 33 46
22 36 49
22 35 47
21 34 45
21 32 50
20 33 48
17 31 49
17 35 49
15 35 46
16 31 50
15 30 50
16 36 49
17 30 49
19 32 48
19 34 48
17 33 47
18 34 49
16 35 46
14 34 47
15 34 46
15 34 46
15 33 44
15 34 43
14 35 42
15 35 43
14 38 43
14 36 43
14 36 42
15 37 42
15 39 42
15 37 44
16 33 45
15 41 44
18 41 41
15 43 37
17 40 43
17 37 46
16 38 44
16 39 42
17 39 43
16 38 43
15 40 42
16 40 40
15 39 41
16 38 42
13 38 43
14 38 42
13 38 41
15 36 45
17 36 45
15 36 43
15 35 43
16 35 42
16 35 42
15 37 42
15 36 41
17 35 42
16 33 43
15 36 43
15 36 44
14 36 44
16 36 43
16 35 42
16 34 43
15 35 42
17 36 42
14 35 42
13 35 42
14 35 43
13 37 41
13 39 41
13 36 41
13 36 42
13 37 42
13 37 42
14 37 41
16 38 41
16 38 41
16 39 40
16 38 41
15 38 41
15 38 40
15 38 40
15 38 41
15 38 40
14 37 42
14 39 43
15 38 42
14 37 41
15 38 42
14 39 43
15 39 41
15 37 40
15 39 42
14 39 41
15 38 41
