34 40 51
33 40 51
33 39 51
34 39 51
33 39 51
34 40 52
34 40 51
34 39 52
34 40 51
35 40 51
34 40 51
34 40 51
34 37 51
35 40 53
34 39 52
34 40 51
34 39 51
34 39 51
34 40 51
33 39 51
35 39 51
34 40 52
33 40 52
34 39 50
33 40 52
34 39 52
33 40 51
35 39 51
34 40 51
34 40 51
34 40 51
36 41 53
34 40 51
34 39 51
33 39 51
34 39 51
34 40 51
34 40 52
34 39 52
34 40 52
33 41 51
34 39 51
35 39 51
34 39 51
35 39 52
34 40 51
34 39 52
33 38 52
35 40 52
34 38 50
34 39 51
34 39 52
34 39 51
35 39 52
34 39 52
32 39 52
35 40 52
34 40 52
34 40 51
34 39 52
34 39 52
34 38 52
34 39 54
35 40 55
32 34 52
27 40 54
29 37 49
30 37 51
31 37 53
32 39 52
34 37 51
34 36 52
35 36 51
34 35 50
33 37 52
32 37 51
33 38 53
32 40 52
30 39 53
31 37 52
31 38 52
33 38 51
32 39 52
32 40 53
30 39 52
32 38 51
31 39 52
29 39 52
32 39 51
30 40 52
31 36 52
30 38 52
29 39 54
28 38 53
29 38 53
29 39 53
28 40 52
25 37 53
26 37 50
25 38 50
24 37 49
22 37 51
22 36 47
21 37 46
19 38 49
20 39 48
20 38 46
20 37 46
20 37 47
19 38 48
17 37 47
16 37 46
16 38 45
16 39 45
15 40 44
16 35 44
13 37 44
13 37 42
14 37 41
16 37 41
16 34 39
16 34 41
14 34 38
13 34 39
12 35 38
10 34 39
12 34 39
14 34 37
15 33 37
14 34 38
13 33 40
12 35 39
10 34 41
11 35 39
10 34 40
12 33 39
14 34 38
15 33 37
15 34 40
14 35 39
12 35 41
13 33 38
12 33 38
10 34 38
11 33 37
11 34 38
12 32 37
14 32 38
12 33 38
12 34 38
14 32 38
13 33 38
12 33 39
13 33 38
14 33 38
13 32 38
11 32 39
11 32 39
12 33 38
12 32 37
12 32 36
12 32 37
12 32 37
12 32 39
12 32 38
12 33 37
12 33 37
12 32 38
12 31 38
12 31 37
11 31 37
12 31 37
10 30 36
11 30 36
12 30 36
12 31 36
12 33 37
13 31 38
12 31 37
12 33 38
13 31 38
13 31 37
12 31 37
12 31 38
12 32 37
12 33 37
11 31 36
11 32 38
11 30 37
11 31 36
12 32 36
12 32 37
12 32 36
10 31 37
11 32 36
13 31 36
12 31 37
12 31 37
12 32 36
10 31 37
12 31 36
11 33 37
12 32 38
11 31 37
11 31 36
12 32 37
11 32 37
13 31 36
12 31 36
11 30 37
11 31 36
12 30 36
11 32 36
11 31 36
12 31 36
12 32 37
11 33 37
11 31 36
12 32 37
12 31 36
12 31 38
12 30 37
12 31 36
12 31 36
12 32 36
11 31 36
12 32 37
11 31 36
12 32 37
13 31 36
11 31 37
12 32 36
12 31 36
13 32 36
11 31 36
12 32 38
11 32 36
12 32 36
12 31 36
12 31 37
13 32 37
12 32 37
11 31 36
12 32 36
11 32 36
12 31 36
12 31 36
12 31 35
11 31 36
12 32 36
10 32 36
12 31 37
11 32 37
12 33 37
11 32 36
11 31 37
12 32 36
12 31 37
12 32 38
12 33 37
12 31 37
11 34 38
13 33 37
12 32 37
12 33 37
13 33 37
12 33 38
12 34 38
12 32 37
12 34 38
12 33 37
12 34 37
12 33 37
12 32 37
11 33 37
11 33 38
12 33 36
13 33 36
13 31 37
13 33 37
12 33 36
11 34 37
12 32 37
12 33 38
12 34 37
13 33 37
12 33 37
12 32 37
13 34 37
13 32 37
12 33 37
13 32 37
12 34 37
12 34 36
11 32 37
12 31 37
12 32 36
12 34 37
13 34 37
12 32 37
12 33 36
