35 45 49
35 45 49
34 45 49
35 44 49
35 43 50
34 46 50
36 45 50
36 44 49
37 45 48
35 44 49
35 44 50
36 43 49
34 45 49
34 44 48
33 45 50
33 45 51
33 46 49
31 44 50
33 43 50
33 44 53
34 41 48
34 42 51
33 43 48
32 44 50
34 45 48
32 44 51
30 44 56
30 43 55
29 41 52
30 43 51
30 42 50
33 45 50
30 45 47
30 43 46
28 45 44
26 44 40
27 47 39
26 52 39
28 54 35
27 55 51
16 51 44
24 54 33
29 55 33
27 55 33
25 53 30
23 54 28
22 52 29
22 50 28
28 56 32
27 50 31
25 52 31
26 52 28
24 51 28
25 48 27
24 49 27
21 49 23
21 51 19
21 49 22
21 48 24
20 46 24
18 45 26
18 42 22
13 42 22
10 46 26
11 47 29
10 42 28
10 41 29
14 39 31
16 37 33
16 39 33
17 39 32
17 38 31
18 38 30
19 39 32
17 40 32
18 42 33
15 42 33
12 45 32
13 40 32
13 43 31
13 44 32
15 42 32
15 40 31
14 41 31
12 41 31
13 43 29
15 41 30
15 42 29
15 41 31
13 42 30
12 41 30
11 40 31
10 41 30
12 41 30
14 41 31
14 41 31
14 40 33
12 37 33
12 40 33
13 39 30
13 40 31
12 40 31
13 38 31
14 38 32
15 39 32
13 39 31
13 37 31
13 37 32
12 37 32
12 37 30
12 37 30
13 35 31
12 36 31
12 35 30
12 36 30
12 37 30
11 36 31
11 37 30
12 35 31
13 35 31
14 36 29
13 35 31
13 35 30
12 36 32
12 38 31
12 38 31
11 38 31
10 37 30
11 37 30
12 35 30
12 36 31
12 35 31
11 36 31
13 36 31
13 36 31
13 36 30
12 37 31
13 35 31
12 37 31
12 37 32
13 36 31
13 37 31
12 37 31
13 38 31
13 36 30
12 37 31
12 37 31
12 36 31
13 37 30
13 37 31
13 38 30
12 39 29
