27 48 47
27 49 45
28 47 46
27 48 46
26 48 46
28 48 45
28 49 46
28 48 45
29 47 46
29 48 44
29 49 45
27 47 44
28 48 46
28 48 45
29 48 46
28 48 45
28 47 45
29 47 46
28 48 45
28 48 46
28 48 46
28 48 46
29 49 45
28 49 46
27 49 47
29 47 47
28 48 45
28 48 44
28 48 44
27 48 45
28 48 46
29 48 46
30 46 46
29 47 46
28 47 46
29 48 46
28 47 46
29 49 46
29 47 47
28 48 46
30 47 46
30 48 45
31 48 46
29 48 47
30 47 47
29 47 46
28 46 46
29 47 47
27 46 47
27 46 46
28 47 47
31 47 47
29 46 47
31 47 48
31 47 48
31 46 48
30 46 49
31 44 49
30 45 48
30 45 49
29 44 48
29 46 48
30 44 49
32 45 48
30 45 49
29 45 47
30 45 48
28 46 48
28 46 48
28 47 48
28 49 48
27 46 46
25 45 50
25 48 51
28 42 45
30 44 45
33 44 46
33 42 45
32 44 46
35 51 52
34 49 50
33 48 48
29 44 48
28 48 47
28 47 46
25 51 50
29 52 45
27 44 39
27 46 43
28 50 48
27 47 44
28 49 43
26 52 41
25 59 41
24 54 40
19 53 40
25 49 40
24 49 38
24 49 34
20 50 32
18 50 30
20 50 32
23 49 32
20 48 31
21 48 32
20 48 31
18 47 30
19 48 30
19 47 30
17 45 30
16 45 31
15 43 30
13 40 28
13 40 30
10 39 29
12 39 28
11 41 28
09 42 27
09 37 28
13 36 31
15 37 33
14 37 31
13 38 28
15 38 29
15 38 29
16 40 31
15 41 31
15 42 31
16 39 31
17 40 31
16 42 33
16 43 33
14 42 33
14 41 33
13 40 33
12 43 32
13 43 32
12 42 33
13 42 34
14 40 34
12 40 34
12 32 41
12 39 39
12 42 37
13 41 35
13 40 33
13 39 33
14 41 32
13 41 34
13 40 33
14 40 33
14 39 35
13 41 34
13 41 35
14 40 34
15 39 34
14 41 34
13 40 35
13 42 33
13 41 33
13 41 34
14 42 33
13 41 33
14 39 34
13 41 36
13 40 34
13 40 35
13 39 33
13 41 34
12 40 34
13 41 34
14 39 33
14 40 34
13 41 34
12 41 33
12 40 34
12 39 34
14 39 33
13 40 34
13 41 34
13 40 32
12 42 34
13 40 36
14 39 35
14 41 35
13 40 35
13 39 34
14 39 35
12 38 34
13 40 34
14 41 36
13 40 35
13 40 35
12 41 35
13 40 35
12 41 34
14 40 36
13 41 35
14 41 33
13 40 34
13 40 34
14 41 34
13 40 35
13 41 34
13 39 35
15 40 35
14 39 34
14 40 35
13 40 34
12 38 34
14 40 35
13 40 35
13 41 36
12 43 36
13 43 36
13 47 36
13 47 37
