32 35 53
32 35 53
32 36 53
32 36 54
33 35 52
32 35 53
33 36 53
32 35 53
33 36 53
32 36 53
34 35 53
32 35 52
32 37 53
33 35 54
32 36 53
32 36 53
32 36 52
33 36 53
33 36 52
33 36 52
32 36 53
32 36 53
31 35 52
32 35 53
32 37 53
32 35 53
33 34 54
34 32 57
34 31 58
37 38 58
42 38 58
31 34 56
33 28 52
29 30 48
26 34 44
23 41 48
20 46 50
21 41 47
21 37 40
22 35 36
19 36 39
08 37 45
08 34 42
12 30 39
18 43 45
16 41 41
13 36 35
09 39 34
10 44 37
14 40 33
14 37 32
10 47 34
11 40 30
14 41 27
11 45 33
06 42 35
06 42 33
06 39 34
03 38 35
00 37 26
05 36 15
07 30 17
07 28 18
07 25 25
11 30 23
08 31 25
12 30 27
14 33 29
19 36 29
20 34 31
24 34 33
25 34 33
26 35 33
23 34 34
21 35 33
18 36 31
14 37 32
13 39 31
15 40 32
16 40 35
14 41 35
08 40 33
07 40 32
07 39 31
11 36 31
11 35 33
12 35 32
12 38 32
11 38 32
11 37 31
12 38 30
06 37 29
13 38 30
18 38 33
16 40 34
14 40 33
13 38 32
13 37 32
14 36 33
13 37 33
13 36 34
11 37 35
12 37 34
12 37 35
14 37 35
13 36 36
14 39 36
12 38 35
12 36 37
13 36 36
11 37 34
09 39 35
09 38 33
09 41 33
11 39 32
10 39 33
11 38 31
11 39 32
10 40 31
10 42 32
10 40 32
12 41 34
13 40 34
14 40 34
14 41 33
15 42 35
17 41 35
18 44 36
18 43 35
16 45 35
15 45 34
15 49 31
16 46 34
17 40 36
17 47 31
18 46 32
20 45 31
23 43 33
22 41 30
17 38 35
14 38 37
13 42 36
12 48 35
11 48 34
14 44 34
15 46 34
15 45 35
15 46 35
16 44 35
15 46 35
16 44 36
16 45 36
15 44 35
15 44 35
15 46 37
16 44 36
16 44 36
15 44 36
15 45 35
16 45 36
16 44 36
16 44 35
16 44 36
14 45 35
15 44 35
15 44 36
16 43 35
16 45 35