28 34 52
27 33 52
28 33 51
27 33 51
25 33 51
26 31 52
27 33 52
26 33 52
26 32 53
26 31 54
27 31 57
26 31 61
28 33 61
30 32 60
29 37 56
29 51 48
29 54 47
32 45 44
40 46 32
44 33 30
40 29 35
34 26 41
32 25 44
25 24 55
19 26 59
20 31 61
22 32 56
26 31 54
21 33 63
30 45 47
23 39 54
25 33 53
26 35 53
27 37 52
24 40 49
22 39 47
22 42 47
22 44 46
22 44 46
20 42 44
20 43 44
19 45 43
21 45 42
19 45 42
18 46 42
20 44 42
18 45 42
18 45 43
17 44 42
18 44 41
16 44 41
17 44 41
15 43 40
13 41 40
13 43 41
10 45 39
08 46 39
08 43 39
11 42 38
13 38 37
16 36 36
15 37 35
16 38 34
17 36 33
17 35 32
14 35 34
13 36 38
13 37 38
13 37 40
15 39 41
14 38 40
15 37 41
15 37 42
15 38 41
14 36 38
15 37 36
13 37 38
13 38 40
13 40 39
13 40 40
13 39 40
14 42 38
14 39 37
13 39 37
14 41 37
15 43 37
13 42 38
14 41 38
13 42 38
12 43 37
12 44 38
14 43 38
16 43 38
19 44 39
21 43 40
19 45 39
18 53 38
17 44 39
17 40 38
15 41 39
14 43 40
15 42 40
15 43 40
15 43 38
16 44 38
16 44 38
15 43 38
15 41 38
14 41 39
15 41 40
14 42 40
15 42 40
14 42 39
15 40 37
15 41 38
14 41 38
13 39 38
16 40 39
14 41 39
15 41 38
15 41 38
15 40 37
15 39 40
14 40 40
13 37 41
11 37 40
12 41 41
11 38 36
09 38 30
11 39 30
13 41 33
14 38 34
15 38 33
15 37 34
17 36 36
16 37 37
14 36 39
13 35 39
11 36 40
11 37 40
10 39 40
09 38 41
12 45 46
14 44 40
14 41 38
13 41 35
15 39 34
13 40 33
12 39 32
12 37 31
11 38 33
13 36 34
11 38 33
13 38 33
13 40 34
14 38 35
14 39 34
12 38 35
11 38 35
12 38 36
12 40 36
13 40 36
12 40 35
12 41 33
13 40 33
12 39 33
12 38 33
14 40 34