26 48 42
26 48 42
28 49 41
26 50 43
27 49 42
25 49 40
25 51 40
24 52 38
25 54 36
24 54 36
24 54 36
23 54 33
22 55 32
24 51 30
21 49 30
20 50 29
20 51 27
19 52 27
21 51 27
18 51 27
18 51 26
17 51 28
17 51 28
16 48 29
16 48 29
16 45 29
17 48 32
17 47 30
17 48 31
15 46 32
15 45 31
15 47 31
15 46 32
17 44 29
16 46 30
17 46 32
17 44 32
17 44 32
17 43 32
17 44 32
17 44 32
16 44 33
16 43 32
17 44 33
17 43 33
17 44 34
18 43 36
17 44 36
18 44 36
18 43 36
18 43 37
17 43 36
17 44 37
17 43 38
18 45 38
18 47 38
17 46 38
17 45 37
16 47 37
16 44 38
15 46 38
14 45 39
16 45 39
17 43 38
16 42 38
18 42 39
16 41 39
17 43 38
16 44 39
18 44 41
16 44 40
16 44 39
18 43 39
16 43 40
18 42 39
17 43 40
18 44 39
17 43 38
16 43 38
15 46 37
15 46 37
15 47 38
16 46 40
15 46 38
15 44 39
15 44 39
16 44 39
17 43 38
17 43 39
16 44 38
18 43 39
16 44 40
17 45 39
17 44 39
17 45 39
16 45 39
17 45 38
16 46 38
17 44 38
18 45 38
17 45 40
16 45 39
17 45 40
17 43 40
17 44 40
17 44 41
16 44 39
17 45 41
17 45 41
17 45 41
17 46 40
17 44 39
18 45 39
18 45 39
17 44 39
16 43 40
18 44 39
17 44 40
16 44 40
17 43 40
16 43 40
17 43 40
16 43 40
16 43 41
16 43 42
15 42 40
16 42 40
19 42 41
16 43 42
16 43 41
17 43 41
15 43 40
15 43 41
17 43 42
16 43 41
18 43 40
18 44 40
17 43 40
17 42 40
16 43 40
16 44 40
17 43 41
17 44 40
16 43 41
16 43 41
16 43 41
16 41 40
16 43 40
