30 36 53
30 37 52
30 38 52
30 38 53
30 37 52
32 39 52
32 37 52
31 37 52
32 37 53
31 36 52
32 37 52
32 37 51
32 37 52
31 36 52
30 37 52
31 39 52
31 37 52
31 38 53
31 36 52
30 38 52
31 36 52
30 36 51
30 37 53
30 38 53
32 37 52
32 38 53
31 37 52
32 39 53
32 38 51
31 39 52
30 37 53
29 37 53
30 36 52
30 35 53
29 31 53
29 33 51
30 31 51
31 32 51
31 36 50
28 38 47
28 41 46
26 47 45
26 44 41
26 46 41
25 48 43
25 47 41
23 51 46
23 44 46
27 40 50
24 46 58
26 52 60
25 33 59
26 32 58
25 29 49
22 38 48
18 34 48
19 36 50
24 38 47
26 37 47
22 36 46
19 37 45
15 37 47
14 41 48
18 42 42
18 40 40
16 40 41
18 39 40
19 40 42
15 41 40
12 38 36
12 39 39
10 39 38
11 44 34
09 43 34
10 39 32
12 41 30
13 40 31
11 38 31
10 37 33
10 38 30
11 38 25
11 35 24
11 36 28
09 35 29
09 30 28
11 30 25
08 28 22
12 31 23
10 33 29
09 31 32
09 29 29
12 33 27
12 33 28
14 28 28
12 26 21
05 32 18
09 34 23
12 34 28
11 35 30
12 36 30
14 33 32
16 35 30
17 36 30
18 35 29
17 36 30
18 36 29
17 37 30
18 36 29
18 37 30
15 37 30
14 38 30
13 39 30
14 39 32
13 38 33
11 38 34
11 39 36
09 27 39
10 26 38
14 31 36
13 38 34
12 37 33
14 36 32
12 37 34
13 37 34
12 36 34
12 35 34
12 36 34
12 35 34
10 35 34
13 36 34
11 36 34
12 35 35
12 37 33
11 36 35
12 34 33
13 36 34
11 38 35
11 37 33
11 38 34
12 38 35
12 38 34
14 38 33
11 34 35
12 35 33
10 38 31
12 37 34
13 36 31
12 35 32
11 37 33
10 38 33
11 40 33
12 39 33
13 38 34
12 38 32
13 37 32
13 36 33
12 37 32
11 37 34
12 37 33
11 38 33
13 37 32
13 37 32
12 36 33
12 37 33
12 38 34
12 36 33
11 37 33
11 36 33
11 38 32
13 36 32
13 38 33
12 37 32
11 38 33
12 37 33
12 37 32
12 37 32
12 38 33
13 37 32
12 37 32
