33 44 48
33 46 49
35 45 49
34 46 48
35 46 49
34 45 48
34 45 48
33 45 49
33 44 49
35 45 48
34 46 49
33 46 48
34 45 48
34 45 49
33 46 49
33 44 48
35 45 48
33 45 48
34 46 49
34 46 49
34 45 48
34 45 49
33 45 49
35 46 49
34 46 49
34 45 49
33 45 49
33 45 48
34 45 48
33 46 48
33 45 49
34 44 49
33 46 48
34 45 49
34 45 48
34 46 48
34 45 49
33 45 49
34 44 49
33 45 49
33 45 48
33 45 49
34 46 47
35 46 49
35 45 48
34 45 49
34 44 49
34 45 49
35 44 50
33 45 49
34 46 48
35 46 49
34 44 49
33 46 48
34 44 49
34 46 49
36 45 48
33 47 49
35 45 48
34 45 49
32 45 49
35 45 48
33 46 48
34 46 48
33 46 48
35 46 49
35 46 47
34 47 48
33 45 48
34 44 48
34 47 47
34 48 48
33 44 48
35 45 48
35 47 48
34 45 47
35 50 49
33 48 48
31 45 47
35 51 49
33 45 49
32 48 48
31 48 47
29 46 50
29 46 49
23 49 48
23 50 45
23 47 45
22 43 45
23 44 45
24 43 45
23 42 43
22 46 47
20 46 46
20 42 43
18 41 43
19 45 45
19 44 44
18 42 43
17 43 43
17 41 42
17 40 42
16 40 42
16 40 42
16 41 42
16 41 41
17 42 41
16 41 40
15 39 40
14 41 40
14 40 40
17 40 41
16 40 40
16 41 40
17 39 41
15 38 39
16 40 42
15 41 42
15 41 41
16 41 40
14 41 40
13 39 43
15 40 43
16 41 41
17 39 39
16 40 38
13 40 38
15 41 39
14 42 39
14 40 38
16 40 37
15 41 37
14 41 38
14 41 39
14 41 39
14 41 40
15 41 40
15 41 41
15 41 41
15 41 39
14 40 39
15 41 38
15 40 40
15 40 39
15 41 39
16 40 40
14 42 40
15 42 41
16 41 41
15 41 41
15 41 39
14 40 41
15 41 39
15 41 39
14 41 40
14 41 38
15 41 40
15 41 40
15 41 40
14 40 41
14 41 40
15 41 40
15 42 39
14 41 40
14 42 39
14 42 39
15 41 39
15 41 39
15 40 39
15 42 39
15 41 40
15 41 39
15 42 40
14 41 40
15 40 40
16 39 40
13 40 39
14 41 39
14 41 39
14 41 40
14 40 39
14 41 39
14 41 38
15 41 39
15 42 39
15 40 41
15 40 40
14 41 40
15 41 41
15 41 39
15 41 39
14 40 39
14 41 39
15 42 40
15 41 39
15 40 39
15 42 40
14 40 39
14 41 40
15 40 39
15 41 39
15 41 39
14 41 39
16 43 40
15 41 41
13 42 39
15 41 40
15 42 40
15 41 39
16 40 39
15 42 39
14 41 39
14 41 40
15 41 40
15 39 40
14 40 39
14 41 39
14 41 39
16 41 39
15 41 40
15 41 39
14 40 39
14 42 39
15 42 40
14 42 40
14 42 39
15 42 39
14 40 39
14 41 39
15 43 39
14 41 40
16 43 40
15 41 40
14 41 39
15 40 40
15 41 39
14 42 40
