37 33 32
34 44 49
34 43 49
34 44 50
35 43 50
33 43 51
33 43 50
32 43 51
34 42 51
33 43 50
35 41 51
34 42 52
34 43 51
34 43 49
34 44 49
34 43 49
34 45 49
34 44 50
34 43 50
34 43 51
33 43 50
34 43 51
35 44 50
33 42 50
33 42 51
33 43 51
33 43 50
33 44 50
34 43 51
33 44 49
33 45 50
35 43 49
34 43 49
33 44 50
34 45 49
34 43 50
34 43 49
35 43 51
33 44 48
34 44 49
33 43 50
33 44 49
34 45 50
33 44 49
34 44 49
34 43 50
34 43 50
35 44 49
35 44 50
35 43 49
34 44 48
34 43 50
35 44 50
34 44 49
33 44 50
34 44 49
34 43 50
34 43 49
34 44 50
34 44 49
34 44 50
33 43 50
34 45 49
34 45 49
34 45 50
33 45 50
34 43 50
33 44 50
34 44 50
33 44 50
34 43 49
34 44 48
33 44 50
34 44 49
33 43 50
35 44 49
34 44 50
34 45 50
33 45 50
34 44 50
33 44 50
33 45 49
34 44 49
33 43 50
33 43 51
33 42 51
32 41 51
32 41 51
29 44 50
31 43 50
29 42 51
30 43 51
30 40 50
28 41 51
29 42 50
31 43 50
28 46 48
26 48 48
25 46 45
26 43 49
28 43 49
27 46 47
26 44 45
25 51 50
25 44 47
25 38 44
22 40 49
23 41 54
21 37 48
20 40 43
18 45 45
17 40 46
18 38 40
14 43 38
12 43 42
13 43 42
15 41 41
17 41 36
17 41 38
13 41 37
12 41 35
11 40 35
09 38 32
08 40 30
10 40 32
11 37 29
13 40 28
15 39 31
16 37 30
16 40 31
11 38 30
11 37 28
07 40 29
05 36 29
04 33 30
06 30 28
08 30 24
05 34 28
05 30 24
08 32 24
08 29 26
10 31 27
12 32 29
14 32 27
14 35 31
16 35 31
17 36 31
18 37 32
19 38 32
18 38 31
18 38 33
18 38 32
18 39 30
16 40 31
17 41 30
16 41 31
14 40 31
15 40 31
15 40 32
14 40 32
15 40 32
14 39 31
12 40 31
09 40 31
12 40 32
14 40 35
15 41 36
15 41 35
15 39 34
12 39 36
09 35 40
10 36 37
13 40 36
14 40 35
14 39 34
14 41 33
12 40 33
14 38 34
13 40 35
13 39 35
11 39 36
12 40 36
13 41 34
12 39 34
14 39 34
14 39 32
12 40 33
13 39 32
13 39 34
14 39 33
13 39 34
13 39 35
12 40 36
12 40 34
14 42 33
14 39 34
14 38 34
13 38 34
14 38 33
14 39 34
12 39 34
13 40 34
13 39 34
12 41 34
13 40 35
14 41 34
13 40 35
13 40 34
13 39 34
13 40 34
14 40 34
14 39 34
14 39 34
13 39 33
13 40 34
13 40 35
14 39 34
12 39 34
12 39 33
12 39 33
14 39 34
12 40 35
13 40 35
12 41 34
12 41 34
13 39 34
14 40 34
12 39 33
12 40 34
14 40 34
14 38 34
13 41 34
13 39 34
13 40 35
12 39 34
13 40 34
12 39 33
13 39 33
13 40 34
13 39 33
13 40 34
12 40 34
14 39 34
13 39 34
12 38 34
13 40 32
12 40 34
12 38 33
13 40 34
14 39 33
13 40 34
12 39 35
13 39 35
13 39 34
13 39 32
13 40 34
13 39 34
12 40 35
12 40 35
12 39 34
12 38 33
13 38 33
12 39 35
12 39 34
14 40 34
12 38 35
12 40 34
12 41 34
12 40 34
13 38 34
12 38 34
14 39 34
12 37 34
13 39 34
12 39 34
12 39 33
13 39 33
12 39 34
14 39 33
13 37 33
12 36 34
12 38 33
12 37 32
12 37 33
13 37 32
12 34 33
12 36 33
12 36 32
12 37 32
12 36 33
12 37 33
12 36 32
13 36 32
12 35 33
12 35 32
12 37 33
12 36 32
12 35 34
12 37 32
12 36 32
11 36 33
12 36 32
12 36 32
10 35 32
12 36 32
12 35 32
11 35 32
11 35 32
12 35 32
11 35 33
12 37 32
13 37 33
14 35 31
12 36 33
12 37 32
12 35 33
12 37 33
12 36 31
11 35 33
11 35 32
12 35 33
12 33 32
13 36 32
12 36 31
12 35 33
12 35 32
12 35 33
12 35 33
11 35 33
11 36 33
13 37 32
12 35 32
11 36 33
12 35 32
12 35 32
12 35 32
11 36 32
11 37 33
12 36 33
12 36 32
12 35 32
12 36 32
12 36 32
11 36 33
14 35 32
13 37 33
13 35 32
