40 34 52
41 34 53
41 34 52
41 33 52
41 35 51
40 34 52
39 35 51
40 33 52
40 34 52
40 33 52
41 34 52
41 35 52
40 33 51
41 35 51
40 34 51
40 33 52
40 34 51
39 34 52
39 33 51
40 33 52
39 33 52
40 34 52
39 34 52
39 34 52
39 33 53
40 32 52
39 33 52
39 34 52
39 33 52
41 34 53
39 34 53
39 33 52
39 32 52
39 33 52
40 34 52
40 33 53
39 33 52
40 32 52
40 32 53
40 34 52
40 33 52
40 34 53
39 34 52
39 31 52
38 34 52
39 34 52
39 34 53
38 32 52
40 34 52
39 33 52
41 33 51
40 33 53
39 32 52
38 33 52
39 34 52
39 32 52
38 33 52
38 33 52
40 34 52
39 31 52
38 32 52
39 32 52
37 35 53
40 33 51
40 33 52
39 33 54
40 32 52
39 32 51
38 33 54
39 32 51
39 31 52
39 34 52
40 34 52
39 33 51
40 32 52
40 34 53
39 34 52
40 33 52
38 34 52
39 33 51
39 32 52
37 32 52
35 36 53
32 39 52
29 36 51
33 39 54
35 36 53
36 36 52
37 37 52
37 38 51
40 37 51
39 40 50
38 41 48
37 42 49
38 42 49
38 44 49
39 43 49
35 45 50
34 45 51
34 44 50
31 44 55
32 41 53
32 40 49
30 39 50
30 39 50
29 40 47
30 33 47
30 36 45
29 42 51
29 42 54
24 43 53
26 39 48
18 43 53
16 36 44
16 46 57
16 34 54
14 42 46
14 38 47
17 37 46
19 34 47
17 34 48
17 33 44
15 47 46
13 45 43
16 42 43
15 40 42
16 40 42
16 39 43
15 38 42
17 45 46
17 38 42
14 41 42
15 39 43
16 38 44
13 39 40
14 40 39
14 39 39
13 38 40
14 38 39
12 38 38
13 37 35
13 39 37
12 33 35
12 39 34
11 40 32
11 36 30
08 36 28
07 37 30
04 37 30
06 37 30
07 35 32
08 31 28
11 30 30
08 35 21
05 35 16
09 35 22
10 31 23
13 35 25
13 33 26
13 33 26
17 35 28
16 38 28
17 36 29
19 36 29
18 37 30
17 37 31
18 37 30
18 38 31
18 38 32
18 39 32
15 39 32
13 39 33
12 40 34
11 40 34
11 41 34
11 39 34
12 39 33
11 37 32
10 36 33
11 37 34
13 39 35
14 37 34
13 38 34
14 38 34
14 38 35
13 38 34
12 40 35
12 39 35
13 40 35
12 39 35
12 39 35
13 39 34
13 39 34
12 38 35
12 38 35
13 39 34
14 39 33
12 38 34
13 38 35
12 38 35
13 38 34
12 40 35
13 38 34
13 38 33
12 39 35
12 37 35
13 38 34
12 39 34
12 37 34
13 37 34
12 38 34
12 38 34
13 37 34
12 38 35
13 39 35
12 38 34
12 39 35
11 38 34
12 38 34
12 39 34
12 38 34
12 38 34
12 38 34
12 38 34
11 38 34
13 38 34
12 38 34
12 38 34
11 38 34
14 38 34
12 38 34
13 38 35
12 38 34
13 37 35
13 39 35
13 39 34
13 38 35
12 38 34
13 38 34
12 38 34
12 40 34
13 38 34
12 37 34
12 39 34
10 40 35
12 40 34
10 40 35
12 41 35
13 43 35
