24 46 46
24 46 33
27 45 47
25 46 46
26 45 46
26 46 47
25 47 46
26 46 47
25 46 46
24 46 46
24 46 47
25 45 47
24 46 46
24 46 46
24 46 46
25 46 45
25 46 46
26 45 47
25 44 47
26 46 46
25 46 47
25 46 47
25 46 47
23 46 45
24 46 46
24 49 46
22 46 47
25 44 47
22 46 50
20 49 50
23 40 44
24 41 45
27 38 45
25 42 43
29 44 53
28 45 50
26 49 47
26 47 45
26 48 44
27 47 45
24 45 50
20 43 51
18 46 46
19 46 42
19 43 41
17 43 42
19 46 43
22 45 43
21 45 43
20 47 42
22 46 39
21 44 39
19 49 41
18 53 41
20 54 42
22 51 44
19 50 42
18 50 38
18 51 34
19 49 33
21 51 33
21 51 33
20 49 33
19 52 33
20 48 31
19 49 32
19 49 32
16 48 32
18 47 33
17 46 30
16 44 31
14 42 32
14 40 31
14 40 31
13 37 31
12 38 29
11 41 30
14 39 30
14 39 29
13 39 30
15 36 32
17 37 34
17 36 34
18 37 34
16 36 34
16 37 33
14 38 33
15 37 33
15 39 35
14 39 35
10 38 34
11 37 33
10 37 34
11 38 34
11 37 35
11 38 35
11 40 34
13 40 35
14 40 35
13 39 34
13 39 34
13 39 33
12 39 33
12 38 34
11 38 34
11 37 33
12 37 33
11 38 33
10 37 35
12 36 34
11 36 35
13 35 34
12 37 34
12 38 33
12 36 34
13 37 34
11 37 34
13 37 35
12 36 34
11 37 34
12 36 35
12 37 35
13 37 35
13 37 35
13 37 35
12 37 35
12 37 34
12 38 35
12 36 35
11 36 34
12 36 36
13 37 34
12 36 35
12 37 34
13 37 34
12 37 35
12 37 33
12 36 34
11 38 35
12 37 34
11 37 34
12 36 35
12 37 36
12 37 35
11 36 34
11 35 35
13 36 33
12 37 34
11 36 35
12 36 34
12 36 34
13 36 35
