34 45 50
36 45 50
33 43 50
35 45 49
34 43 49
34 44 49
35 43 49
35 45 50
34 44 50
33 45 50
34 45 50
34 43 50
35 44 49
34 45 50
34 43 52
33 44 53
31 42 49
31 45 49
32 45 49
29 42 49
27 46 47
26 46 47
26 49 48
25 45 47
26 45 46
27 46 50
29 45 49
29 42 44
32 46 42
30 56 36
27 52 36
28 59 44
26 40 45
22 42 45
19 41 44
17 37 40
16 39 41
15 39 46
19 35 46
17 44 44
16 44 43
11 35 41
11 42 43
15 39 38
15 40 37
14 41 42
15 37 35
14 42 38
14 44 37
15 42 32
14 43 34
18 42 29
15 45 29
13 46 26
16 45 20
12 42 27
13 48 24
15 44 25
15 40 26
18 42 25
18 41 27
13 42 24
13 41 22
13 41 22
14 41 22
11 44 20
10 41 20
10 36 24
08 29 22
07 28 21
09 27 18
13 30 15
15 34 11
13 29 17
15 28 16
15 37 16
12 35 18
11 31 20
12 32 23
15 32 25
16 32 26
17 32 27
15 33 29
16 33 30
16 36 30
16 33 31
12 28 33
13 30 32
13 34 31
15 34 31
17 35 29
16 33 28
18 36 28
20 38 30
20 37 31
14 35 33
09 34 35
09 41 30
11 42 30
10 37 35
12 37 33
13 41 33
12 40 33
14 41 31
15 43 32
15 42 31
13 38 30
11 37 29
12 35 29
12 35 31
10 35 32
10 36 34
11 36 34
11 38 33
11 40 32
12 41 32
13 41 31
16 41 31
13 40 31
13 40 32
13 41 32
13 40 33
14 39 32
13 41 33
14 42 33
13 40 32
13 40 33
12 42 32
13 42 32
12 40 32
13 41 32
13 41 32
12 41 33
12 40 33
13 40 32
13 40 32
14 40 31
14 40 32
12 39 33
13 40 32
13 40 32
12 41 32
13 40 31
13 42 31
13 41 32
14 40 33
11 39 33
12 41 32
13 40 31
12 40 32
13 39 33
14 39 31
14 39 32
14 38 32
13 38 33
14 39 32
12 39 32
13 38 31
13 39 31
13 39 31
13 39 31
12 39 31
13 39 32
13 38 32
13 37 32
12 37 30
13 38 30
12 38 30