38 40 49
38 40 33
38 40 47
38 45 47
39 45 46
39 43 42
39 42 37
35 39 35
35 41 34
31 43 34
27 53 35
27 48 39
20 56 44
16 58 45
19 58 45
19 52 45
19 43 42
18 46 41
18 48 44
17 48 40
15 48 37
15 50 38
13 48 38
14 45 37
15 44 36
15 42 36
18 42 36
19 42 36
19 40 38
18 39 36
17 38 36
17 41 35
15 43 34
12 44 35
12 43 35
07 45 34
05 45 33
00 46 32
06 45 31
05 41 29
13 39 30
18 38 30
18 37 30
17 38 31
14 38 31
16 38 32
21 36 32
24 34 33
22 37 33
18 39 33
13 41 32
11 44 33
10 43 34
07 44 32
06 46 32
10 43 36
11 43 35
11 46 37
09 44 36
10 43 36
14 40 35
18 42 35
17 42 36
18 40 35
19 39 35
21 38 35
21 40 36
19 39 34
18 39 35
15 40 35
12 41 34
09 41 31
07 42 33
05 42 33
03 44 32
05 42 31
04 43 30
12 40 32
16 40 32
17 37 32
17 41 30
19 39 30
21 37 31
22 35 31
20 38 32
14 40 32
13 43 34
08 45 34
09 42 34
07 43 33
06 44 33
05 46 34
13 44 36
12 44 34
09 45 36
13 43 35
16 39 36
20 38 36
21 38 36
21 38 37
18 38 35
19 37 36
18 39 37
15 41 36
11 43 32
06 45 33
07 45 33
06 39 33
04 32 35
04 38 35
11 41 32
13 38 30
17 39 30
18 39 31
17 40 32
19 39 32
21 39 33
22 39 33
19 38 33
18 41 33
13 43 33
08 42 32
09 40 31
11 42 34
08 46 34
03 46 34
05 43 33
12 42 37
13 44 36
12 43 34
16 40 35
16 37 36
17 38 37
17 38 36
19 37 35
19 39 35
20 40 34
17 40 33
13 43 33
11 42 33
11 42 33
12 41 34
08 43 33
06 40 35
07 41 35
07 41 33
08 41 31
11 43 32
15 41 32
18 39 32
20 38 32
20 39 33
22 39 33
24 38 32
18 40 33
14 42 31
10 41 31
07 41 32
05 43 33
04 44 36
03 45 35
02 45 36
10 41 37
15 39 37
17 40 36
19 41 35
21 40 35
22 37 36
22 38 36
22 40 37
21 38 37
20 40 37
16 43 35
12 43 32
08 42 31
07 39 30
07 44 32
07 44 33
06 47 32
07 44 31
09 41 29
11 40 31
14 41 32
17 41 31
19 41 32
21 40 31
22 40 30
20 38 31
18 41 31
15 41 30
08 44 31
09 43 31
13 42 33
16 44 34
12 44 36
05 43 34
06 42 32
07 43 34
10 44 34
15 41 34
19 41 34
19 41 35
20 40 35
19 39 34
21 38 34
23 38 34
20 38 32
16 40 34
14 38 33
09 41 31
03 44 29
00 42 28
03 40 26
03 42 29
08 40 33
15 40 30
19 39 32
19 39 31
19 40 30
19 41 31
20 40 30
20 39 30
17 38 29
13 41 30
10 42 32
10 41 33
06 43 31
04 42 33
08 42 34
09 44 34
07 47 34
09 43 35
16 41 35
20 39 34
22 40 33
20 41 33
18 40 33
18 40 34
18 39 34
16 39 34
13 41 32
12 40 31
13 40 31
13 38 30
07 41 29
07 41 30
07 42 28
03 40 28
05 38 28
12 38 30
15 39 29
12 40 30
13 43 30
20 40 30
21 36 29
19 39 31
20 38 31
21 38 32
17 37 31
12 39 31
10 41 32
10 39 32
03 41 32
02 41 31
07 40 32
06 43 33
08 40 33
11 39 33
13 37 34
15 37 35
19 36 35
21 38 35
22 37 34
20 38 34
17 37 34
15 38 33
12 38 32
09 41 31
07 39 30
04 40 31
03 40 30
03 37 27
05 38 29
10 37 31
18 37 31
21 36 31
20 34 31
16 37 30
16 36 29
19 35 31
22 35 32
18 36 31
14 38 29
08 41 29
09 40 30
07 41 31
04 41 31
08 40 32
08 40 34
09 40 36
09 43 36
14 39 36
16 39 36
17 38 36
19 38 35
20 38 34
20 38 34
21 39 34
19 37 33
17 39 33
14 39 31
12 38 30
11 37 31
03 41 30
01 43 29
00 43 28
02 41 29
12 36 31
18 37 30
19 39 32
18 40 33
19 38 31
18 39 33
18 39 31
17 38 30
16 39 31
15 41 30
12 42 32
09 43 33
13 46 33
04 49 36
00 55 34
00 50 35
06 53 36
07 61 38
11 51 37
16 41 39
20 47 40
23 47 42
26 44 42
27 45 43
29 42 44
30 47 44
37 48 46
36 38 46
36 38 46
37 40 45
38 39 48
41 38 47
39 39 48
39 36 48
39 38 48
39 38 51
39 34 50
37 36 48
39 38 52
39 36 53
41 36 51
40 34 52
42 36 53
42 34 50
42 35 51
43 35 51
41 35 50
43 36 51
42 36 52
43 35 51
41 35 50
41 35 50
43 35 50
42 36 51
42 35 51
42 37 50
42 36 51
42 35 51
42 34 51
42 36 50
43 35 50
42 37 50
43 34 50
42 38 51
