52 14 40
37 38 51
37 38 51
37 42 53
35 40 53
38 38 52
38 40 48
38 41 45
38 42 43
35 39 40
36 38 39
33 36 36
31 43 37
30 44 38
27 49 39
27 50 38
21 58 34
16 62 40
20 53 47
21 43 45
10 50 46
16 57 55
16 42 45
18 49 46
19 44 44
21 42 43
21 43 42
15 41 41
12 40 41
04 42 40
05 41 38
06 39 36
06 36 33
11 37 31
13 41 31
14 42 34
15 39 34
17 39 34
19 38 34
24 36 33
24 37 33
23 38 32
24 37 31
19 37 32
17 39 34
14 40 36
06 43 35
00 39 33
00 43 35
00 52 36
07 50 40
16 45 41
15 45 38
17 42 35
17 40 35
20 40 35
23 42 38
25 41 40
25 40 36
23 40 36
20 40 36
17 40 33
08 41 31
00 44 32
00 43 30
00 41 29
00 41 33
13 39 36
17 28 31
23 33 35
21 33 31
23 35 28
23 35 29
18 35 31
17 37 30
16 38 32
10 42 34
05 40 34
04 42 33
00 44 34
03 43 40
12 43 41
12 39 39
13 41 36
17 39 36
20 38 36
21 40 36
25 39 38
26 41 37
23 41 35
17 42 35
08 40 32
00 40 31
00 39 30
00 42 30
00 44 35
08 39 33
20 39 35
20 32 35
21 34 33
21 35 31
21 34 30
18 35 32
18 34 30
20 34 30
17 36 33
06 35 33
01 42 28
00 42 31
00 46 35
02 45 39
15 42 41
15 42 40
18 39 35
18 39 34
21 38 37
22 40 36
23 40 37
22 40 36
21 43 34
16 42 34
11 42 34
02 45 33
00 45 34
00 40 30
00 41 32
06 40 33
15 39 34
20 38 34
24 36 31
24 35 31
26 33 30
23 33 29
22 36 31
22 36 30
20 39 32
13 39 34
03 42 34
00 41 33
01 43 36
00 44 38
00 46 39
18 36 41
20 38 41
23 38 41
23 39 39
24 41 38
26 41 37
26 42 37
21 42 35
17 40 35
09 40 30
00 39 25
00 40 26
00 41 28
01 42 32
09 42 33
13 41 33
17 40 33
20 39 33
22 38 33
23 35 32
23 35 31
21 34 31
20 37 32
19 38 33
13 40 35
05 41 34
02 41 33
03 40 35
00 42 36
06 42 37
13 39 38
13 40 36
17 40 35
19 39 35
21 38 35
25 40 36
25 40 37
24 42 36
22 42 35
17 41 32
06 45 27
00 45 24
00 35 21
00 36 24
03 36 31
06 42 33
09 40 31
15 39 32
20 39 32
23 37 33
23 35 31
23 41 31
23 40 30
21 38 29
21 32 28
20 34 31
16 36 34
06 38 33
02 38 32
00 41 32
00 43 35
05 41 39
12 41 39
13 38 34
15 40 33
19 39 35
23 39 38
25 39 39
25 40 40
22 40 37
19 41 33
12 41 30
01 43 29
00 43 26
00 44 24
00 41 27
04 36 30
10 37 32
13 40 31
17 41 29
21 34 29
24 32 30
22 34 30
21 31 29
22 33 29
22 35 30
20 36 31
15 38 33
05 39 34
00 42 32
00 41 33
00 45 36
00 42 37
18 39 38
20 39 37
19 39 36
18 41 35
16 42 35
21 43 36
26 41 36
26 39 36
24 39 35
18 40 34
16 40 32
04 42 29
00 41 26
00 40 24
00 41 28
03 34 32
17 34 34
22 30 34
22 30 31
23 30 30
19 30 29
20 30 29
22 33 30
22 35 30
19 35 30
11 38 31
00 41 31
00 36 27
00 46 34
00 45 39
02 43 36
15 43 38
22 44 38
21 41 35
22 41 35
24 40 37
24 41 37
25 39 36
23 40 35
19 40 34
10 39 33
00 37 29
00 35 23
00 39 26
00 44 35
10 33 36
17 32 34
19 35 31
22 34 30
21 33 30
23 32 32
21 34 30
20 36 29
18 38 31
19 39 32
12 41 33
00 42 32
00 44 32
04 45 38
06 44 38
11 42 37
14 40 36
17 40 37
21 39 35
21 41 35
24 39 36
21 40 36
18 42 35
15 39 33
04 37 31
00 38 27
00 41 26
00 43 30
03 41 34
08 38 36
13 38 35
17 39 32
18 39 31
19 37 31
20 38 31
19 37 31
17 41 32
13 44 32
08 47 33
03 50 32
05 53 34
13 51 37
20 47 39
21 49 37
19 54 37
16 55 38
17 53 39
19 51 41
24 50 43
27 44 44
30 45 44
32 41 43
34 41 46
36 39 46
37 38 46
36 40 46
37 41 48
36 40 48
38 38 48
35 37 47
35 38 49
36 37 51
35 37 51
35 38 51
35 39 51
35 38 52
37 38 52
37 39 52
36 38 54
37 37 52
37 39 51
36 40 51
38 38 50
37 38 51
36 38 53
38 39 52
38 36 51
38 38 53
37 35 52
38 36 52
37 36 52
