11 39 37
11 39 37
11 39 37
13 39 36
12 39 37
13 38 37
12 39 37
12 39 36
12 38 37
12 39 36
13 39 36
12 39 36
12 38 35
12 38 36
14 39 36
13 39 35
13 38 36
13 39 36
13 37 36
14 37 37
12 38 36
13 38 37
12 39 38
13 39 38
13 39 39
13 40 38
13 40 40
15 41 39
14 40 39
15 41 39
16 41 40
18 41 39
16 41 38
15 40 38
16 41 39
15 41 38
15 41 39
16 42 38
16 42 39
15 42 40
14 42 40
14 44 39
16 41 39
16 43 39
16 41 39
16 42 39
16 41 39
18 42 38
17 42 37
16 42 38
15 42 38
16 42 38
15 41 37
15 42 37
16 41 37
18 41 38
17 41 38
18 42 38
17 41 37
18 42 38
20 41 37
20 42 37
17 42 38
15 43 39
12 43 40
06 45 39
07 43 41
07 45 40
05 47 41
10 44 41
13 42 41
15 42 39
16 40 38
16 41 40
17 41 39
18 41 40
17 39 40
17 41 39
19 40 39
18 42 39
17 41 39
19 42 39
21 41 39
19 40 39
19 42 39
19 42 39
19 42 39
18 42 38
16 42 39
16 43 38
13 44 39
13 44 39
11 45 37
08 45 38
06 45 38
08 44 39
09 44 38
10 44 38
14 42 39
16 42 38
17 41 38
17 42 38
16 42 37
17 43 37
17 45 37
18 40 38
22 39 37
21 40 36
19 43 36
17 43 38
17 44 38
15 44 39
14 43 38
18 44 39
14 44 41
12 43 42
12 44 41
12 43 43
10 44 41
10 45 40
12 46 41
14 44 41
15 45 41
16 44 39
17 43 39
18 42 39
18 41 39
20 41 39
19 42 38
19 42 39
20 41 40
21 41 40
18 41 38
19 41 40
17 41 39
15 41 39
15 41 39
15 42 40
12 42 41
12 43 39
09 44 40
09 45 39
09 45 40
10 45 41
10 46 41
10 44 41
12 44 39
14 43 38
16 40 38
17 40 38
17 40 37
18 39 37
19 40 36
21 40 38
20 39 39
16 42 37
17 40 36
16 42 36
18 41 38
16 43 37
16 42 40
15 43 39
07 44 37
03 44 39
07 45 42
10 43 42
11 42 42
12 42 42
15 40 42
18 40 40
15 42 39
16 42 40
16 42 42
18 41 41
18 42 39
18 40 38
20 39 40
21 41 38
21 40 39
22 42 38
19 40 39
18 41 41
19 42 41
16 43 40
14 44 41
14 44 41
13 44 41
10 45 41
10 45 43
11 45 41
11 45 41
10 46 41
10 45 39
11 45 40
16 44 40
17 42 39
18 42 39
17 41 38
18 42 40
18 42 38
19 41 38
22 41 38
24 42 37
23 43 37
22 43 39
20 44 41
15 45 41
14 43 41
13 42 40
13 41 42
10 43 41
09 44 42
07 44 43
08 46 42
09 45 42
14 44 43
14 44 42
14 43 41
17 40 39
20 40 40
21 40 40
20 40 39
22 40 40
21 40 40
20 39 39
20 40 39
18 41 39
18 40 41
18 41 40
15 42 42
13 43 40
11 45 41
10 44 42
10 44 41
09 43 39
09 45 39
11 43 38
11 44 38
15 45 39
16 44 39
18 44 39
19 43 38
19 42 39
19 44 40
17 43 40
18 43 39
18 43 40
20 42 40
21 40 40
23 41 39
22 41 39
20 41 40
19 41 39
17 43 41
15 43 42
12 45 42
10 45 43
07 45 44
06 45 44
11 46 43
14 43 42
14 44 41
15 43 42
18 41 41
19 42 40
20 41 40
23 41 40
23 39 39
24 39 38
24 39 39
21 40 39
20 40 39
18 41 39
18 44 40
15 43 40
13 44 40
11 45 41
09 46 43
09 45 42
11 47 41
12 47 41
11 44 39
09 46 40
11 45 40
15 43 40
18 41 38
19 41 38
18 43 38
18 43 38
19 42 37
20 43 38
20 43 37
22 42 39
22 41 38
21 42 38
20 43 40
17 44 41
14 45 41
12 46 41
10 45 41
09 46 44
07 47 44
10 46 42
13 46 41
16 46 42
18 44 41
16 43 41
18 42 41
20 43 40
22 41 39
21 41 40
21 41 40
21 41 39
22 41 39
22 41 38
22 41 39
21 43 39
18 45 40
17 43 40
15 44 39
12 47 40
11 46 41
09 47 42
10 46 41
10 47 43
10 46 41
11 45 39
15 44 38
17 43 39
18 44 40
18 42 39
18 41 38
19 42 36
19 43 38
19 43 39
21 42 38
20 43 38
20 42 38
20 42 39
18 44 39
17 44 40
17 45 40
16 43 41
14 43 42
13 47 42
12 46 42
10 46 42
06 46 41
04 45 42
11 45 41
15 44 41
15 42 39
18 40 40
18 40 39
19 42 39
22 41 39
22 40 39
23 39 38
23 40 39
22 41 38
22 41 38
19 42 40
17 43 40
16 44 40
17 44 41
16 43 39
14 45 41
10 47 42
09 45 42
06 48 40
07 47 40
09 47 39
14 45 38
14 43 37
14 43 38
17 44 36
20 40 36
20 40 36
23 40 37
23 40 36
24 38 35
22 40 35
20 40 34
17 40 36
14 40 37
08 42 36
00 45 38
01 45 37
04 44 40
08 42 40
12 42 41
09 41 41
11 40 40
15 41 40
17 41 38
18 38 35
17 39 36
17 38 36
19 38 36
19 39 37
20 38 37
21 38 36
18 40 36
15 41 36
14 40 37
13 41 37
16 42 38
13 44 38
10 46 39
08 46 39
08 48 39
06 47 38
08 45 39
09 45 39
14 43 39
17 43 39
17 41 37
18 41 37
18 40 37
20 39 36
20 40 35
22 38 35
25 39 36
24 41 38
21 44 39
19 45 40
15 45 39
08 47 38
04 46 39
06 46 40
07 47 41
09 47 43
16 44 42
18 44 41
18 44 41
17 44 39
18 44 40
19 43 41
20 44 41
21 44 41
21 42 40
21 43 40
21 41 39
24 41 40
22 42 41
23 44 40
22 43 41
22 44 42
21 44 42
18 48 42
15 51 45
15 53 44
12 52 44
10 54 42
12 53 43
13 51 43
18 48 43
20 45 45
21 41 42
22 42 41
22 44 44
21 45 45
22 44 44
23 44 44
23 45 44
21 46 45
20 46 44
21 42 44
22 41 43
23 40 40
20 41 43
20 42 43
19 44 42
19 42 42
20 43 43
19 43 43
17 43 43
18 42 42
16 44 44
15 44 44
18 43 42
16 43 42
16 44 42
16 43 42
14 42 40
15 43 39
14 43 40
14 42 38
14 42 38
14 41 38
14 42 36
14 41 37
13 41 36
14 41 36
15 40 35
16 40 37
14 42 35
14 42 36
13 41 35
13 40 35
12 41 35
12 40 36
10 41 35
13 40 36
14 39 36
13 39 37
11 39 36
