29 41 50
27 41 51
27 41 51
27 40 50
27 39 49
27 39 49
27 40 48
28 41 48
28 43 45
27 45 41
27 47 39
26 51 37
28 51 35
24 52 35
24 57 37
23 55 36
22 50 38
21 51 39
18 48 36
17 46 35
14 45 36
14 39 38
11 37 38
10 35 37
11 38 38
09 42 40
10 41 42
11 40 43
11 38 39
13 37 42
14 36 39
16 38 40
16 36 42
18 37 40
18 37 41
19 35 42
19 35 40
22 35 40
23 34 39
25 32 40
26 30 39
24 30 40
23 36 39
14 40 39
00 44 37
00 46 40
00 47 39
03 46 37
04 36 37
09 36 35
13 40 37
15 36 39
18 36 37
21 36 39
21 36 37
21 37 36
19 38 35
20 36 35
21 36 35
20 36 38
18 37 39
07 38 38
01 40 41
00 44 48
07 38 50
12 37 42
15 37 41
16 34 42
20 31 42
23 32 40
26 32 39
24 33 35
25 37 32
23 41 34
20 41 34
13 43 31
04 40 31
00 39 33
00 41 33
00 44 32
08 42 34
12 39 33
14 39 30
22 38 28
23 41 35
17 42 35
20 40 33
19 38 33
20 37 34
24 37 34
14 41 34
05 44 36
02 45 38
00 47 36
00 51 40
11 51 44
17 46 40
19 43 37
19 42 37
23 39 36
24 37 35
24 38 34
22 40 35
20 39 36
18 41 35
20 40 36
16 40 36
07 42 35
00 44 35
01 44 33
01 44 33
10 41 34
16 40 34
14 41 30
22 40 36
20 42 37
19 42 34
19 39 35
20 38 35
19 39 33
18 40 34
12 42 34
08 43 33
03 43 34
01 44 33
00 46 37
12 49 45
17 48 42
18 45 38
20 42 39
23 39 37
25 40 36
22 39 35
21 40 35
20 40 34
17 41 34
20 40 34
16 42 34
05 43 32
00 43 32
00 46 32
00 43 32
08 41 33
15 40 35
20 39 35
21 38 36
21 40 35
21 41 36
21 40 34
21 40 34
19 41 34
19 42 35
18 44 36
12 45 37
08 46 36
07 46 36
00 49 38
05 48 47
14 42 44
17 43 39
19 43 36
21 40 36
22 37 35
23 37 35
24 38 34
20 38 33
20 39 34
21 38 34
20 39 34
17 40 33
06 44 33
00 49 35
00 52 34
00 49 35
02 44 34
12 43 36
17 44 36
18 45 35
22 44 35
24 42 35
26 42 34
25 40 32
24 39 32
24 41 32
23 42 34
19 42 35
15 46 35
09 52 36
00 56 36
01 53 38
08 46 41
14 44 42
17 49 39
21 41 36
24 37 35
26 38 35
24 39 36
21 41 36
18 41 35
18 41 35
18 40 36
20 39 36
18 41 35
08 48 36
00 52 34
00 52 33
00 50 34
06 45 35
09 44 34
14 41 37
16 42 36
20 41 36
21 41 35
23 40 34
23 39 34
21 39 35
22 44 34
20 43 34
22 42 36
20 44 37
14 45 39
08 49 40
01 42 39
00 37 51
07 36 51
09 43 43
12 43 40
17 37 38
18 38 36
21 37 35
22 38 35
23 38 36
24 38 36
24 40 35
23 39 37
21 40 38
18 39 37
09 42 37
00 41 37
00 46 38
00 46 38
03 44 35
10 40 35
14 37 35
18 38 35
19 37 33
21 37 34
23 37 33
21 38 32
23 38 33
22 40 33
24 40 35
14 43 35
09 51 37
06 56 42
00 58 43
05 50 42
13 46 42
20 44 40
20 43 39
19 41 36
21 41 36
22 43 32
23 41 33
26 39 36
26 42 35
22 46 33
20 46 32
16 51 33
03 56 32
01 62 31
05 54 33
13 52 37
18 49 36
19 46 36
22 45 34
24 45 34
26 46 34
25 46 35
27 46 35
27 46 35
27 50 37
25 55 39
25 59 41
24 60 43
25 62 46
21 60 47
23 53 47
27 50 46
29 44 43
28 39 44
30 39 42
33 37 40
31 39 42
31 38 42
30 40 42
30 38 44
31 40 47
31 44 57
29 46 62
29 46 63
26 45 62
31 40 56
33 38 54
33 35 51
34 38 47
34 38 46
32 36 44
32 36 42
32 37 42
33 35 43
31 37 47
32 37 52
29 37 61
27 39 62
26 42 63
24 41 63
24 42 61
27 36 55
29 36 50
29 37 48
30 38 48
30 36 45
29 36 47
29 36 48
28 37 51
27 37 52
28 41 54
28 42 57
26 42 56
27 43 56
28 43 54
28 39 51
28 38 50
28 38 49
28 39 50
30 38 48
29 38 49
29 39 50
30 39 51
29 40 51
31 38 50
30 39 52
31 39 51
31 37 52
29 38 51
30 39 52
30 40 52
31 39 53
29 40 53
29 39 54
29 36 52
29 37 52
29 37 51
30 40 51
30 39 50
28 38 51
29 38 51
28 38 52
