38 40 47
39 45 44
39 45 44
40 45 43
41 45 41
38 40 40
38 40 41
36 43 45
35 46 47
34 51 46
34 54 48
31 43 45
24 56 48
26 54 48
28 49 46
27 48 47
27 42 44
27 43 40
27 44 37
25 43 40
24 46 41
22 43 40
21 45 40
15 49 40
14 47 38
14 47 38
11 47 37
06 49 36
02 52 35
00 48 28
06 45 30
11 41 31
14 41 32
16 42 31
18 42 32
19 42 32
19 40 32
21 39 31
20 39 32
19 39 32
18 41 33
16 41 32
14 43 33
14 45 33
13 45 32
11 48 34
10 49 36
04 50 34
02 51 35
10 47 36
16 45 37
21 44 40
21 41 38
19 40 37
19 39 36
20 41 35
22 41 36
23 40 36
21 42 35
20 41 35
13 44 33
10 44 33
08 43 31
06 43 32
08 44 33
08 46 33
08 45 31
11 42 30
12 41 31
15 39 33
18 38 31
19 39 32
22 38 32
23 38 32
21 38 32
17 41 32
15 43 31
11 43 31
13 45 32
10 48 35
07 48 33
03 48 33
09 49 37
13 47 39
15 47 39
17 43 38
20 38 36
21 40 36
23 38 37
24 39 36
24 40 35
21 41 34
17 43 34
12 44 35
09 45 33
12 42 32
07 46 35
03 47 32
06 48 33
09 43 31
08 41 31
13 40 31
17 38 31
22 38 33
23 38 33
23 38 32
22 38 33
19 40 31
15 43 32
10 45 33
10 44 32
11 46 34
10 48 35
07 49 35
05 49 35
09 46 37
13 47 37
17 44 36
17 43 36
18 40 36
22 37 35
23 39 35
24 40 34
19 42 34
16 42 35
13 45 34
11 46 36
08 46 34
07 45 33
05 47 34
07 44 34
05 44 33
10 43 31
14 41 32
16 41 32
18 41 31
23 40 32
25 38 32
25 39 33
22 41 32
18 44 33
13 45 31
11 47 33
13 44 35
09 46 35
09 48 37
07 47 37
06 47 37
08 47 38
15 44 39
20 42 37
22 42 36
22 40 35
21 39 35
24 38 35
21 41 36
19 42 35
15 43 35
11 44 32
12 42 32
11 48 33
06 49 34
06 50 34
08 49 32
07 48 30
13 43 31
17 42 31
18 42 32
20 42 32
23 41 33
23 41 32
22 40 32
22 42 31
20 43 32
15 46 33
12 44 31
11 45 32
07 47 34
03 49 35
01 48 35
00 49 35
09 45 34
14 42 34
19 41 34
21 37 35
23 37 35
22 37 33
23 39 32
22 41 31
22 40 32
20 39 33
15 44 32
12 43 33
13 44 31
05 46 33
05 48 33
04 46 31
06 43 30
07 43 29
12 42 31
18 40 31
22 38 31
22 39 32
22 39 30
21 40 30
22 39 31
20 40 31
17 41 32
12 45 31
11 44 30
12 44 34
10 49 34
07 48 33
06 47 34
08 46 35
09 45 36
14 42 34
18 41 36
19 40 36
19 42 35
20 39 35
20 38 36
20 40 35
18 41 35
14 45 36
10 45 35
10 43 32
09 45 33
06 46 32
06 44 31
07 44 30
07 44 30
12 43 32
15 40 31
20 37 31
21 39 31
21 39 32
18 39 32
20 38 32
20 38 31
18 39 30
14 41 31
10 43 32
11 45 31
10 46 34
06 48 34
07 47 34
08 45 36
09 47 38
10 48 38
15 44 36
19 40 38
21 41 38
23 38 37
24 39 37
23 42 36
21 42 35
18 45 35
16 43 34
12 43 33
10 45 32
05 46 31
06 40 30
06 41 32
03 42 30
08 44 29
12 40 31
17 40 30
20 39 30
20 40 31
21 38 30
21 38 30
21 37 30
18 38 31
19 42 31
13 44 31
12 46 33
11 46 33
10 46 33
07 48 35
04 47 35
04 46 33
06 46 36
10 45 37
15 44 36
18 41 38
18 40 40
21 39 37
20 38 34
20 41 35
19 41 34
19 40 34
16 42 33
15 41 34
15 42 34
14 41 34
13 43 35
10 45 36
07 46 33
06 44 34
06 44 31
08 45 32
12 42 33
16 41 33
21 40 33
22 42 34
20 43 33
19 44 34
20 43 33
21 43 34
20 46 33
19 48 35
16 48 35
17 48 37
12 52 38
08 59 40
05 57 40
03 59 44
09 57 45
18 59 47
21 54 45
25 50 44
27 46 43
30 46 43
31 43 42
33 43 44
36 41 41
39 41 44
39 38 45
39 38 45
39 41 46
38 39 45
37 38 44
38 40 47
39 40 50
39 35 51
39 39 52
41 34 51
43 37 51
43 36 51
42 37 51
43 36 52
42 34 52
42 35 51
43 34 52
43 34 52
42 36 51
44 34 50
43 35 51
42 35 51
42 34 51
42 35 50
42 33 51
43 36 53
43 34 51
42 34 51
42 33 50
40 33 50
