33 40 52
33 40 52
33 40 52
35 40 49
33 41 48
33 41 47
34 44 48
30 44 50
30 46 49
32 46 51
31 44 48
31 41 46
32 40 44
31 38 43
30 38 41
24 42 42
24 38 43
19 39 48
16 40 46
15 40 46
14 41 48
11 38 42
10 38 42
11 36 43
11 36 40
13 36 39
15 35 40
16 35 39
17 36 38
16 36 37
17 33 37
15 32 36
13 32 36
08 36 36
05 35 36
01 34 33
00 34 32
01 33 31
06 36 34
10 35 34
15 34 34
17 36 35
17 34 35
15 35 32
15 36 33
17 35 33
19 35 33
17 38 36
14 37 35
12 35 33
10 36 35
10 36 36
12 35 33
08 37 35
07 34 35
04 33 34
03 35 36
05 36 38
08 35 37
14 34 36
16 33 38
16 33 37
16 34 36
15 35 36
19 34 36
19 33 37
19 34 37
14 37 37
12 35 35
09 35 35
11 35 36
12 35 35
07 36 35
04 34 32
06 36 32
05 34 31
03 35 31
08 38 31
13 36 32
17 35 32
16 35 32
15 36 31
14 35 31
15 33 33
18 35 32
16 36 33
16 36 32
15 34 33
13 36 33
11 37 31
09 36 32
12 35 32
09 36 35
04 36 34
02 35 33
05 34 34
07 36 38
08 36 38
09 34 37
13 34 37
16 34 36
17 34 36
17 35 36
18 33 36
17 35 35
18 35 36
19 35 35
17 36 36
13 34 37
10 34 34
09 31 32
06 33 32
04 36 34
04 35 31
03 32 30
02 38 28
04 38 30
10 33 34
15 32 35
18 34 35
18 36 34
17 37 31
19 35 31
20 34 31
20 35 32
17 37 33
14 36 32
09 36 31
07 36 31
10 37 34
07 38 35
06 39 35
05 37 36
02 37 37
02 39 36
07 36 36
14 37 38
18 38 38
19 36 37
19 37 36
19 37 35
20 36 37
21 36 37
19 38 37
13 36 35
08 36 35
07 34 34
09 33 33
07 34 35
06 36 34
04 38 33
03 38 33
04 38 31
06 37 30
09 35 30
15 34 32
16 35 31
17 35 33
18 35 31
19 35 32
19 35 33
20 34 34
20 34 34
18 35 35
14 36 34
10 36 34
08 37 34
05 36 37
08 37 36
03 38 38
01 38 39
03 37 36
06 35 37
10 36 38
13 34 37
17 34 37
20 34 37
22 36 36
21 34 36
19 34 36
16 33 36
13 33 36
09 35 34
09 34 33
11 34 32
08 33 32
05 35 33
04 37 33
04 37 32
05 38 32
07 36 33
11 38 32
14 35 34
17 35 34
20 35 35
19 35 35
20 34 33
18 34 34
17 36 34
13 36 34
11 36 34
07 37 35
05 38 35
04 36 35
01 38 38
00 36 37
02 37 36
08 35 37
14 35 37
17 37 36
20 35 35
20 35 36
17 35 34
16 36 34
16 36 33
14 36 34
10 38 34
10 36 34
09 35 34
08 36 35
09 36 34
13 35 33
13 35 34
09 37 33
03 38 31
04 38 30
06 36 29
07 35 30
13 36 32
18 36 32
19 37 31
17 35 33
20 35 33
20 34 33
17 36 32
14 36 32
11 38 32
08 38 33
10 38 35
05 38 36
03 37 33
03 37 35
01 36 37
03 35 35
10 35 35
14 34 37
15 35 36
19 35 37
18 35 36
19 35 36
16 35 36
17 35 34
15 34 35
11 35 35
07 35 34
06 35 34
10 35 34
08 34 34
04 35 33
02 35 32
02 35 32
02 34 31
08 34 31
14 34 32
18 34 33
19 34 32
16 36 32
16 33 31
18 34 31
20 32 32
18 33 32
17 34 33
11 34 33
08 34 32
09 35 33
10 33 35
06 36 35
03 34 34
03 33 36
03 33 36
05 34 36
08 34 37
12 32 37
13 33 37
15 32 37
16 30 36
18 31 36
20 32 37
20 33 36
17 33 35
14 33 34
12 33 34
10 33 34
10 32 34
05 33 33
05 33 34
05 33 32
04 30 32
05 34 31
06 32 32
09 32 33
15 31 33
18 31 33
18 33 33
19 34 32
19 34 34
17 35 32
16 35 32
14 35 31
12 36 32
12 36 32
15 37 35
12 34 35
06 37 35
00 36 34
00 35 36
00 33 38
05 31 38
16 33 40
17 33 38
16 34 37
16 32 37
16 34 37
15 35 36
16 35 36
16 34 35
18 34 35
19 35 35
18 34 34
16 34 33
13 34 34
12 34 33
09 35 35
04 36 35
03 36 32
02 34 32
05 35 32
09 35 34
13 33 34
17 34 34
18 34 34
18 35 35
20 35 34
20 35 35
19 35 34
16 35 34
14 36 34
14 33 34
01 38 37
00 38 36
00 34 37
00 35 38
00 36 39
04 33 39
09 34 39
12 34 39
12 38 38
14 35 39
15 33 39
14 39 44
11 44 44
12 43 44
14 46 45
14 44 44
18 43 42
21 43 44
23 42 46
26 41 45
28 41 46
31 36 46
33 36 47
34 39 49
35 40 49
35 39 48
36 36 47
37 38 48
36 37 48
34 38 51
35 37 50
36 34 49
35 35 53
35 34 51
35 35 53
37 33 52
38 34 53
37 34 52
37 35 52
38 33 52
39 36 53
39 35 52
38 33 52
39 33 52
39 34 52
39 34 52
38 34 51
38 34 52
39 34 52
39 34 53
38 34 52
39 33 52
39 34 52
39 35 51
38 35 52
38 34 52
39 34 53
38 34 53
38 34 51
38 35 52
39 34 52
