37 41 43
37 41 43
38 41 44
37 39 44
35 41 45
35 50 47
33 45 45
31 40 44
28 42 44
28 46 46
24 46 46
23 46 43
21 57 50
21 54 45
22 55 42
23 51 41
22 47 39
23 46 38
26 45 37
23 45 37
22 45 36
20 45 36
19 44 36
17 44 33
14 45 32
12 45 32
12 47 33
07 48 35
04 48 35
04 48 34
04 44 33
04 43 31
09 41 30
13 40 30
16 41 31
17 42 31
19 41 31
17 40 30
19 39 30
21 38 31
22 39 31
21 39 31
21 39 32
16 41 32
12 43 31
11 42 31
09 44 32
07 48 34
03 47 35
08 44 35
08 49 36
11 47 39
14 44 37
14 42 36
16 42 36
20 41 34
20 44 35
22 42 35
21 41 35
20 42 35
18 40 35
15 41 35
13 43 35
13 41 34
12 42 33
11 42 32
08 43 32
05 42 33
09 42 30
08 41 30
10 44 29
13 43 30
15 40 30
16 40 31
18 41 32
20 41 33
22 40 32
20 41 33
19 42 33
19 42 31
15 42 32
12 44 31
13 43 32
09 45 32
06 44 34
04 45 32
06 46 34
06 48 36
14 44 37
18 44 36
20 42 34
20 41 34
22 40 33
22 41 34
23 41 34
20 40 32
17 43 33
12 44 34
11 42 32
12 42 32
12 42 33
10 44 32
05 46 31
05 46 30
05 46 30
06 43 30
10 42 30
14 40 33
18 42 33
21 43 33
21 40 33
21 38 32
23 39 31
24 38 31
21 40 32
16 42 31
11 43 30
11 45 31
12 46 30
10 47 32
05 49 33
04 46 32
09 45 34
14 45 35
17 42 34
20 43 33
20 43 32
23 42 33
23 40 34
25 40 34
23 38 35
21 38 37
13 41 36
07 46 35
02 43 32
03 47 32
03 45 31
05 41 29
08 40 28
12 42 31
17 41 32
21 41 33
23 41 33
23 40 33
23 40 34
22 40 33
19 40 31
17 41 30
12 43 30
09 41 28
12 42 31
11 47 34
07 46 34
06 47 33
04 46 34
09 45 35
11 43 36
15 42 37
18 43 36
18 41 35
20 41 34
21 41 34
20 41 33
20 40 33
20 41 32
15 42 33
13 43 33
15 41 31
13 42 30
06 45 30
04 47 30
05 47 31
07 44 30
12 41 30
16 41 31
20 41 33
23 42 33
20 41 32
21 40 31
20 40 32
18 41 30
15 42 30
11 42 29
10 43 30
12 45 31
09 47 32
08 47 33
05 48 34
08 47 33
07 45 32
09 44 32
13 42 33
18 40 33
20 39 33
21 41 32
21 40 32
21 39 31
21 40 32
19 42 32
16 43 31
13 43 30
13 44 32
13 41 32
12 43 31
08 45 32
06 48 31
07 46 29
08 43 29
11 41 31
16 40 32
19 39 33
21 40 33
22 40 34
22 39 32
21 39 32
17 43 31
15 44 31
15 44 31
15 44 33
13 46 33
10 46 33
07 48 33
06 47 34
12 46 35
13 44 34
11 44 34
13 44 35
15 42 35
18 40 35
21 41 35
22 41 35
19 40 33
19 42 34
17 43 34
16 42 33
13 41 33
13 44 33
11 42 33
08 45 34
06 44 34
09 46 32
07 45 30
10 43 29
14 39 29
19 39 30
20 39 30
22 40 31
21 39 31
21 39 30
21 39 30
19 42 31
13 47 36
07 47 35
07 46 31
12 47 33
14 44 33
15 44 33
15 45 33
13 46 34
12 45 34
11 46 34
14 44 34
15 44 34
19 40 36
23 39 36
23 38 36
24 39 36
21 41 35
15 38 36
15 43 35
12 41 32
10 42 29
02 44 29
00 47 30
02 47 30
07 41 32
10 43 33
12 41 32
17 40 31
20 41 32
19 39 31
18 40 31
22 39 31
21 39 32
19 41 31
18 42 31
15 42 30
14 44 32
14 44 33
07 47 32
03 48 32
03 46 33
02 45 33
08 44 35
14 43 36
16 37 39
16 41 40
19 40 38
18 40 35
18 40 34
21 39 33
20 41 34
17 41 34
13 44 33
12 42 32
10 41 32
11 41 32
10 43 32
08 45 32
09 43 32
07 44 32
08 41 31
09 42 31
12 41 31
16 41 33
17 41 33
19 39 32
22 39 32
21 40 33
21 39 34
20 44 33
17 41 31
13 44 32
12 44 30
14 45 31
16 43 35
04 49 34
01 51 33
06 44 34
04 50 38
06 51 35
08 50 35
12 40 40
15 40 40
17 47 36
18 49 33
19 53 33
19 54 33
19 53 34
21 54 35
23 57 38
23 53 38
26 50 38
28 50 40
32 44 39
33 47 38
37 43 38
38 46 39
38 45 39
40 45 40
42 47 43
42 41 43
41 41 47
41 38 49
40 40 50
40 38 49
40 34 50
41 36 49
40 37 50
42 37 53
43 36 51
43 37 50
43 34 50
43 35 52
43 35 50
41 34 48
42 34 51
43 37 51
41 34 51
42 35 50
42 34 52
43 36 53
43 34 50
42 37 50
42 35 50
44 36 51
43 35 51
42 37 51
42 36 51
