33 33 44
31 37 45
31 37 45
27 36 44
20 44 50
19 49 53
16 35 43
10 42 46
09 45 44
09 45 41
11 43 41
12 46 40
13 41 37
12 39 36
14 39 37
15 38 37
15 37 37
17 38 36
16 38 37
17 37 37
18 37 36
14 38 36
13 38 38
12 37 38
10 38 36
05 41 37
00 41 36
01 38 32
01 36 31
09 36 30
11 34 32
16 34 31
13 36 31
14 37 32
15 37 32
15 37 31
17 35 31
20 33 33
21 35 34
20 36 33
19 37 34
13 38 33
11 37 34
08 37 36
10 36 37
08 37 36
04 39 37
06 36 37
02 38 37
03 37 38
10 37 37
18 37 36
18 37 36
17 36 36
16 37 35
18 36 36
19 37 37
22 36 36
20 37 36
16 37 36
11 37 35
10 37 35
10 36 35
08 37 35
05 38 34
01 39 33
01 36 31
03 36 30
08 35 31
12 35 32
16 35 32
19 36 33
20 35 33
18 35 33
17 35 32
17 35 33
16 36 33
11 37 33
11 37 33
12 37 35
10 37 36
04 38 35
01 36 36
05 35 34
02 38 39
09 39 40
15 38 39
17 37 37
17 37 36
19 35 36
22 35 36
22 36 37
20 36 37
19 37 37
13 37 37
10 36 36
09 38 36
08 35 35
05 36 35
05 36 33
05 36 33
04 36 32
06 35 31
08 36 32
13 36 33
16 36 34
18 35 34
18 34 34
19 35 34
19 35 34
19 37 34
18 36 33
16 35 33
15 36 33
10 37 34
09 36 34
09 38 34
07 39 36
05 37 36
04 37 35
03 38 38
04 38 38
13 36 38
17 35 38
18 37 38
18 35 37
19 37 37
21 37 37
20 38 37
20 37 37
15 37 36
12 37 35
09 35 33
05 35 34
02 34 32
01 37 33
01 38 33
02 39 34
08 36 33
14 36 34
18 36 34
20 35 35
21 35 34
23 37 35
22 36 33
21 36 34
17 36 34
12 36 35
09 36 33
08 37 34
05 38 36
01 36 36
00 37 36
00 37 38
07 37 40
16 36 38
18 35 38
19 38 40
22 34 37
22 36 37
21 37 36
22 38 36
19 39 34
16 38 34
11 37 34
10 35 32
04 37 32
00 36 32
00 38 32
04 37 32
08 36 32
11 35 32
16 36 31
18 36 30
22 36 29
23 36 32
22 35 33
18 36 33
13 39 35
09 37 35
10 37 34
10 37 33
07 39 32
02 39 33
02 37 34
02 38 35
06 37 34
12 36 35
14 37 36
16 38 35
19 37 34
19 36 35
21 37 34
20 35 34
19 37 34
16 37 33
11 36 33
09 35 31
11 36 31
11 38 33
04 40 35
02 40 32
01 37 32
04 35 31
11 35 32
16 34 32
16 34 31
16 34 34
20 36 34
21 34 33
21 35 33
19 37 33
17 37 33
14 36 33
15 36 34
10 36 35
00 42 38
00 42 33
00 44 36
04 42 38
13 38 37
17 39 36
23 38 34
23 36 34
22 37 35
23 38 35
19 38 34
17 36 33
12 38 34
09 36 33
05 36 33
00 38 33
00 40 33
01 36 31
03 33 31
07 34 33
13 34 33
18 33 33
19 35 34
19 34 33
20 33 32
22 33 31
19 35 31
15 36 31
11 36 32
12 35 32
11 38 33
07 40 37
05 39 35
03 39 36
04 38 38
11 36 38
17 40 38
17 41 37
17 37 36
18 36 37
20 36 36
21 37 36
18 39 38
14 35 36
11 37 37
10 34 34
05 34 32
04 33 32
03 34 30
00 35 30
00 35 32
06 37 33
16 34 34
20 34 34
19 35 33
21 34 32
21 35 32
21 34 30
20 35 31
16 36 30
11 37 32
10 36 32
08 37 33
01 36 34
02 36 33
04 34 36
07 37 38
08 39 38
09 35 37
12 36 37
17 35 37
20 35 36
22 37 37
20 36 36
19 34 35
20 34 34
17 36 36
10 37 35
11 36 33
04 37 33
02 37 33
02 38 32
00 36 30
03 36 32
09 37 32
15 36 33
18 36 34
20 37 33
18 38 34
18 37 34
18 35 32
20 35 33
19 37 34
17 38 34
12 40 34
12 42 35
09 44 35
05 46 38
00 50 39
00 49 40
00 53 44
02 54 45
06 50 43
15 49 44
20 46 45
22 43 44
25 41 44
28 42 43
30 41 40
32 46 43
34 38 43
33 42 42
34 40 44
36 40 45
36 38 45
41 40 50
36 38 51
35 39 50
35 41 52
38 37 51
39 36 52
40 38 54
40 36 51
38 36 53
39 38 51
41 38 51
42 38 51
41 37 51
41 38 52
42 39 51
40 38 47
39 37 52
42 38 53
40 37 51
41 37 50
41 37 50
39 36 49
