35 44 46
35 44 46
37 40 43
37 39 40
34 48 45
33 44 43
30 42 42
31 42 43
28 42 43
24 42 41
22 47 47
21 49 46
16 50 40
17 50 42
19 44 45
17 40 41
17 41 40
16 42 41
17 40 40
17 39 40
16 39 41
16 39 40
13 39 41
12 37 38
11 39 39
10 40 39
03 42 40
00 43 39
04 41 37
06 37 35
03 38 34
06 34 32
12 32 31
17 33 31
17 33 32
15 33 31
16 32 29
20 33 30
23 32 31
23 34 32
17 34 32
14 35 34
08 37 36
08 38 36
02 39 37
01 37 37
00 38 40
07 41 41
07 40 41
11 35 40
13 35 41
15 36 39
18 37 38
19 35 38
21 35 37
22 36 36
20 37 36
17 35 37
14 35 35
11 37 36
11 35 33
09 32 30
01 29 29
00 35 28
00 33 27
02 34 28
12 38 31
19 36 33
17 33 32
14 34 31
15 36 30
16 36 32
17 34 32
19 35 33
19 37 32
16 36 31
14 36 32
12 37 32
12 37 32
12 36 32
02 35 32
00 38 31
01 36 31
04 38 33
05 39 33
09 37 33
17 35 33
18 37 35
21 36 34
20 36 34
21 37 34
21 37 35
17 38 34
16 37 35
14 36 35
11 36 34
07 38 33
05 36 32
05 37 31
02 38 35
01 37 31
01 36 31
06 36 32
16 36 34
20 35 35
17 36 36
17 36 36
17 36 35
19 35 34
19 34 33
21 34 32
20 38 30
16 37 32
11 37 32
09 37 34
08 37 35
04 35 35
03 35 33
01 35 34
04 34 38
08 33 42
11 35 41
15 38 38
17 38 36
20 36 34
22 36 34
21 37 35
17 36 34
16 37 34
14 35 36
14 35 36
11 34 34
05 31 32
00 36 34
00 38 35
02 38 33
03 38 33
10 37 32
17 37 35
19 37 36
19 37 35
19 35 33
21 35 33
19 35 32
20 35 31
19 34 32
14 36 33
11 36 32
11 36 34
09 39 37
04 38 36
02 38 35
01 38 38
04 37 40
09 38 38
14 34 37
15 32 36
17 33 38
17 34 38
18 35 37
19 34 37
20 36 36
19 37 36
15 38 38
11 39 36
09 35 32
06 34 31
02 36 33
01 38 31
04 38 33
07 36 31
10 39 31
14 38 33
16 35 33
15 37 32
17 36 32
19 35 31
19 35 33
18 37 35
15 37 34
12 36 33
12 37 34
12 36 34
06 36 34
02 37 34
00 38 35
00 34 36
02 34 37
10 37 33
15 41 41
17 42 41
17 38 36
18 37 35
19 38 36
20 37 33
23 37 32
21 37 32
19 38 33
16 38 32
13 39 32
11 38 32
10 37 33
03 39 32
00 36 34
00 37 31
04 37 32
07 36 35
13 37 35
17 38 33
19 37 33
19 34 31
20 36 31
19 36 29
18 36 31
16 38 32
12 38 31
11 38 32
08 39 33
01 38 30
00 41 33
02 40 35
10 41 39
12 40 37
13 38 36
15 36 34
15 37 36
17 37 37
19 35 37
18 34 37
15 34 35
14 33 35
13 35 35
12 36 33
11 37 35
13 35 33
06 37 34
02 40 34
01 38 34
03 38 32
05 36 33
10 35 34
12 37 35
17 37 36
19 37 36
19 36 34
20 36 35
22 35 34
19 35 32
19 35 33
14 36 33
11 37 34
10 36 34
04 37 35
06 37 35
03 37 35
03 38 36
06 37 38
08 37 39
11 36 38
14 32 37
19 33 38
18 34 39
19 33 39
20 34 40
17 34 38
17 33 36
13 32 35
08 33 30
01 34 30
00 36 31
01 36 32
04 36 32
07 37 34
10 36 33
15 35 33
19 34 33
21 33 33
19 35 32
21 34 32
19 34 33
17 35 32
15 36 30
13 35 32
10 37 32
07 35 33
02 38 34
00 38 34
00 37 36
01 39 39
08 38 39
15 34 39
16 34 36
18 35 35
18 35 38
17 36 38
16 37 38
18 36 38
18 37 36
19 36 37
16 36 36
17 35 36
14 34 34
12 35 33
05 37 35
00 37 33
00 37 32
00 37 33
02 37 33
07 36 34
15 36 35
20 35 35
17 35 34
18 34 35
18 33 34
18 32 33
17 35 33
18 37 34
18 36 35
16 37 34
15 36 34
14 37 35
10 36 36
00 37 35
00 36 34
00 35 36
00 36 38
05 36 38
11 34 37
14 35 37
15 33 37
16 31 37
16 30 34
13 34 37
09 40 37
08 40 39
07 41 38
10 42 38
10 39 38
13 39 38
10 40 39
11 39 42
13 41 44
16 39 47
19 38 47
19 40 50
22 39 50
22 35 47
25 33 51
26 35 50
29 38 47
33 39 48
37 35 48
38 36 45
38 36 46
38 33 47
37 32 46
34 39 51
36 38 52
35 37 53
35 35 52
35 34 52
36 36 53
38 36 53
38 34 53
39 36 51
39 36 52
39 36 51
40 36 52
39 37 52
39 36 51
38 37 51
39 37 52
38 36 52
38 36 52
39 36 52
39 35 50
38 35 52
40 37 52
39 37 52
40 38 52
40 37 52
40 36 51
40 36 51
39 35 51
40 35 52
40 36 52
39 36 52
39 36 53
41 36 53
40 36 51
39 36 50
38 36 52
40 37 51
40 37 52
40 37 51
38 36 51
39 37 52
39 35 53
38 38 51
40 36 52
40 36 51
39 36 52
38 37 52
39 36 52
38 37 51
38 37 52
40 36 52
38 36 52
39 35 52
38 35 52
39 37 52
38 35 52
38 36 52
38 36 52
38 37 51
39 37 51
38 37 52
39 36 51
39 35 51
37 37 52
38 36 52
38 36 52
38 36 52
38 35 53
38 37 51
38 37 52
38 38 52
39 36 51
39 37 51
39 37 51
40 37 52
40 36 52
39 36 52
38 37 52
39 36 52
39 37 51
38 36 52
38 36 51
39 37 52
39 37 52
39 36 52
38 36 51
38 38 51
38 36 52
