35 37 49
57 35 37
36 39 46
36 33 46
37 38 41
36 36 41
32 43 44
30 41 42
28 40 42
23 50 50
21 46 45
16 48 48
12 48 53
14 42 46
14 41 44
16 40 44
15 39 42
13 40 43
13 39 40
11 40 41
12 38 39
14 39 37
15 40 38
16 37 38
19 37 38
18 35 38
19 36 37
18 36 36
15 37 36
13 37 36
12 38 35
13 35 37
13 32 42
06 35 41
00 42 35
00 40 32
02 38 31
08 39 33
08 37 33
12 37 35
18 36 35
19 37 35
17 36 35
19 35 33
21 34 33
20 36 33
19 36 33
17 37 33
15 37 34
13 38 34
12 37 33
13 37 34
13 37 36
06 37 38
00 37 36
00 40 40
01 37 41
07 35 43
13 34 42
18 33 40
19 32 37
19 37 37
22 38 37
20 37 37
21 37 35
20 36 38
20 36 36
17 37 36
13 37 37
10 36 36
14 34 37
15 35 38
01 39 38
00 38 33
01 37 32
04 34 34
06 39 38
10 36 36
16 35 35
18 37 37
19 37 36
20 37 36
19 36 34
20 37 34
19 38 34
17 38 35
15 37 33
12 37 34
14 38 33
18 38 34
17 37 37
05 38 35
00 40 32
00 43 34
00 34 36
12 33 38
19 35 37
12 30 39
16 17 41
17 29 33
20 30 35
20 34 34
23 38 34
20 39 36
16 38 36
13 36 34
17 36 31
10 36 31
00 39 32
00 41 29
00 39 28
04 37 33
08 40 34
15 37 35
20 35 34
22 37 33
22 36 33
23 34 33
23 36 32
21 36 33
19 37 33
14 37 34
13 37 34
09 40 36
00 42 36
00 40 37
00 41 39
02 40 41
12 35 38
17 37 36
18 35 37
20 36 35
20 37 36
20 36 35
21 36 34
21 36 35
19 38 34
16 36 33
13 37 34
12 36 33
02 38 31
00 38 29
00 39 28
00 36 31
05 38 33
12 37 31
14 35 32
16 35 32
19 34 32
21 34 31
21 35 31
22 35 31
19 35 31
17 37 32
16 39 32
14 37 32
17 37 34
06 39 34
00 41 34
00 39 32
00 41 36
04 40 41
11 38 41
18 38 40
20 37 38
19 36 35
19 35 36
20 34 35
21 35 34
23 35 34
20 35 35
17 36 34
12 38 33
12 36 33
16 35 33
06 37 33
00 38 32
00 38 26
00 38 30
04 37 36
15 38 33
19 33 36
19 37 35
20 35 34
22 33 31
23 34 32
22 37 32
20 37 31
16 38 32
15 37 33
17 38 32
22 38 37
10 40 37
00 43 35
00 42 35
00 41 39
03 43 41
14 38 39
15 38 38
18 38 38
22 36 37
23 36 36
24 37 36
23 37 37
16 38 38
17 40 35
00 44 39
00 47 35
00 45 30
00 45 34
03 47 37
11 45 35
14 42 33
17 44 34
18 45 35
18 46 35
20 47 37
21 48 40
23 51 44
25 49 44
28 45 45
29 54 40
29 55 43
32 44 42
33 45 43
35 44 44
35 42 41
35 41 46
38 36 47
38 35 46
37 37 49
35 33 46
35 36 50
36 38 54
39 36 51
38 33 53
40 36 55
41 33 53
39 34 53
40 34 53
41 35 51
39 35 52
39 35 53
39 34 51
39 35 52
40 34 52
40 33 53
39 35 52
40 35 51
39 35 51
40 34 53
40 34 52
41 33 52
40 33 51
40 35 51
40 34 51
