37 36 45
37 36 45
37 38 45
38 42 49
37 36 45
34 36 43
32 42 48
33 37 45
30 36 44
21 53 56
22 39 47
21 43 47
12 55 57
17 47 53
14 37 41
17 36 39
19 38 40
17 43 44
18 40 43
21 38 40
22 37 40
21 39 40
20 39 39
16 40 40
16 40 39
15 36 40
15 36 39
05 37 42
00 43 40
00 45 36
00 42 36
04 41 35
12 38 34
14 37 34
15 38 35
18 37 36
19 36 34
21 36 32
20 37 34
19 37 35
19 36 35
16 37 36
14 38 36
12 39 36
14 39 35
19 37 37
11 41 38
02 42 38
00 41 38
03 39 40
05 39 41
07 41 42
12 39 41
17 37 40
21 35 38
23 36 37
23 35 37
22 37 37
19 38 37
18 39 38
14 37 38
20 35 37
22 34 34
11 38 39
00 36 35
02 40 30
05 39 34
07 41 38
07 39 34
06 39 35
10 40 36
14 37 35
16 37 34
20 36 34
21 37 34
24 35 34
24 36 36
19 40 35
05 43 37
03 41 41
01 42 39
03 43 41
06 41 41
08 41 39
13 39 38
14 39 36
17 37 35
17 37 36
17 38 36
18 38 35
18 39 35
17 38 37
18 37 36
12 39 33
02 39 38
00 42 35
00 41 33
07 41 34
13 40 35
14 38 34
15 39 35
17 39 35
17 39 34
16 40 33
18 39 33
18 37 32
18 39 33
16 37 32
16 38 34
17 38 35
17 36 34
10 38 36
01 39 36
00 36 34
01 36 37
00 39 37
03 43 41
10 35 38
14 36 39
15 36 37
19 36 36
21 38 36
21 38 36
22 38 35
21 35 36
21 38 35
18 40 36
15 39 37
11 40 38
15 39 37
07 40 39
00 38 34
02 37 29
08 37 31
07 40 34
11 41 32
15 37 33
18 39 34
17 38 35
17 40 33
20 37 34
20 38 32
17 38 33
15 38 33
16 36 32
13 37 30
19 36 29
11 37 35
01 39 33
00 50 35
02 46 44
12 42 50
13 41 44
16 38 39
20 36 37
22 38 36
23 37 34
24 38 36
22 39 36
19 38 35
19 39 33
18 36 33
08 38 34
00 40 34
00 42 31
00 42 34
05 39 34
10 39 32
15 39 34
18 39 36
23 38 34
29 35 30
27 38 31
26 37 35
15 41 39
03 46 35
04 47 40
00 46 40
03 43 40
11 41 41
12 42 42
17 39 39
20 37 38
21 38 40
16 43 39
06 47 36
00 58 37
00 52 35
02 50 35
03 53 39
09 52 41
15 47 40
20 47 40
20 47 41
20 46 39
23 47 39
26 47 41
27 46 44
28 51 45
32 43 45
36 43 44
38 44 46
38 40 46
38 37 45
38 39 46
39 37 48
38 34 47
38 35 47
37 36 52
36 34 50
34 36 52
38 38 56
40 34 54
41 34 52
41 34 50
40 35 51
41 35 51
41 35 52
41 34 51
41 33 52
41 34 51
40 34 52
40 33 51
39 35 52
42 34 53
40 33 52
40 36 51
40 34 49
41 34 53
42 33 52
42 32 51
42 33 52
41 33 51
42 34 51
