35 33 47
35 33 47
36 36 47
35 37 46
34 37 46
36 37 42
34 36 41
30 44 50
30 40 47
26 38 45
22 47 57
21 35 46
19 39 45
17 42 53
17 35 48
18 36 46
17 38 47
17 36 45
15 33 43
13 34 43
13 34 43
11 30 42
13 28 44
15 32 44
17 33 42
14 32 39
14 33 38
16 34 38
15 33 38
13 33 38
13 33 39
15 32 38
11 27 39
02 34 42
00 38 37
03 36 34
08 34 34
11 36 34
13 34 36
16 35 36
16 35 34
17 36 35
18 36 35
18 35 35
17 35 34
17 35 35
17 34 35
15 36 35
11 36 36
10 35 36
13 32 36
13 36 39
07 37 41
02 36 39
02 37 40
00 38 41
04 35 39
12 35 40
14 34 41
16 33 41
18 33 38
19 33 37
19 35 36
21 37 37
21 35 36
23 36 36
19 36 36
15 35 36
14 36 36
11 35 36
12 35 37
09 36 37
01 35 37
00 36 31
00 37 31
05 38 35
05 38 37
06 37 36
12 35 35
18 34 37
17 36 37
16 36 35
16 35 34
17 35 35
18 35 36
18 36 35
18 36 35
18 35 35
19 35 33
18 38 35
15 39 34
15 39 35
15 37 34
03 38 38
00 39 36
00 39 35
00 38 39
10 39 42
11 40 40
12 39 37
14 37 34
16 38 35
16 41 36
16 39 36
19 38 34
19 39 35
18 38 35
17 38 34
17 37 35
17 37 36
18 36 36
15 38 36
14 32 37
15 37 39
15 37 35
02 39 36
00 38 30
00 37 31
01 39 34
09 37 32
12 38 33
17 36 35
19 37 35
20 37 34
20 38 33
20 37 34
20 36 34
17 38 35
15 37 33
13 36 33
11 39 34
11 38 34
17 37 34
09 37 35
02 39 34
00 37 32
03 37 35
02 39 37
08 37 37
12 34 37
12 34 38
13 30 38
16 31 37
17 33 36
18 35 36
18 37 35
19 37 35
18 36 34
16 37 34
15 35 34
14 36 35
17 33 35
07 37 35
00 38 34
00 37 32
00 39 35
01 38 35
07 39 33
14 38 34
21 35 36
23 34 36
21 36 33
20 36 32
19 36 32
18 37 33
20 37 33
19 37 33
18 38 35
15 39 36
12 38 36
13 36 34
09 37 35
00 36 33
00 34 28
00 37 35
01 37 37
10 36 39
16 29 43
17 35 42
19 38 38
17 37 36
18 38 35
15 37 34
18 38 36
17 38 35
19 36 33
15 37 34
14 37 33
12 37 32
12 35 32
15 37 33
14 35 33
03 37 33
00 38 33
00 38 33
00 37 33
03 37 34
10 36 35
14 35 33
18 37 34
19 37 36
17 37 33
18 36 32
19 37 32
20 35 32
20 34 31
21 36 32
19 37 32
17 37 33
15 37 32
17 37 34
11 36 35
00 38 35
00 37 33
00 36 35
04 35 40
10 39 41
15 35 38
16 32 37
16 29 35
16 34 36
17 37 37
18 35 36
19 32 35
19 34 34
17 34 34
16 36 34
15 35 34
15 36 36
18 36 36
20 37 37
05 39 39
00 41 37
00 39 33
00 34 31
03 35 35
08 36 35
11 38 32
16 37 33
18 37 35
18 38 32
17 38 32
16 39 34
14 39 34
12 39 34
11 40 35
09 42 37
08 40 38
10 42 40
13 42 41
13 42 43
12 43 43
11 44 43
13 42 42
15 43 42
20 40 41
23 40 39
24 40 40
25 44 44
24 45 46
24 51 49
24 50 46
25 49 47
27 46 45
28 43 43
30 42 43
32 42 44
34 46 45
38 42 46
39 41 47
38 41 49
38 39 50
35 39 53
35 38 52
34 36 50
35 39 52
35 37 53
36 33 52
36 39 50
37 37 53
38 36 52
38 38 53
38 37 53
37 38 52
38 38 52
39 37 51
37 37 53
37 36 50
37 36 53
36 38 51
37 36 52
36 35 53
37 36 52
38 35 52
37 37 53
36 38 52
37 37 51
36 35 51
36 36 54
36 35 55
36 34 53
37 36 52
38 38 50
37 36 50
