38 35 49
39 36 47
40 37 46
40 37 46
40 37 44
39 39 43
38 40 42
37 46 44
37 41 40
33 42 40
28 55 49
28 43 44
26 48 45
25 50 47
22 43 42
20 46 47
18 48 48
17 46 45
17 45 42
18 42 42
16 43 40
17 41 40
17 41 39
15 41 38
15 41 38
13 39 37
13 39 36
11 40 36
14 40 37
10 40 37
05 43 38
03 43 37
03 41 35
00 42 33
06 42 35
11 41 33
12 39 33
17 38 32
19 37 31
21 37 33
24 38 32
24 37 32
21 36 32
16 39 32
14 40 33
12 41 33
09 40 33
04 46 37
01 48 39
04 42 39
10 44 41
13 44 42
16 40 40
19 39 40
20 38 39
21 38 38
22 37 36
22 38 36
20 38 35
16 40 35
12 39 35
11 38 36
04 41 36
00 42 33
00 43 33
04 40 35
07 40 34
15 38 33
19 38 33
21 35 33
22 36 33
22 37 34
21 37 34
20 37 33
17 39 32
15 40 33
13 39 32
07 38 33
01 43 37
00 42 37
00 42 39
05 38 39
12 35 40
16 35 40
21 36 38
20 37 38
23 37 35
23 38 36
23 38 34
19 38 34
14 37 34
11 38 34
03 40 31
01 41 30
00 40 32
00 42 30
06 41 33
12 38 32
16 37 33
17 38 34
17 36 35
18 37 34
20 36 34
22 35 33
19 38 33
16 39 34
13 39 34
12 38 35
09 42 33
05 42 34
02 43 35
01 42 34
01 44 36
08 43 37
16 40 37
19 40 38
20 39 37
21 38 35
19 38 34
21 38 36
21 38 35
18 39 36
14 40 36
11 39 35
08 37 32
05 37 33
03 41 34
05 40 32
06 40 31
08 39 30
11 40 32
18 37 34
22 38 35
21 38 35
20 37 35
17 36 34
14 36 33
15 37 33
10 40 34
08 39 33
11 38 34
12 41 35
10 42 40
03 43 38
01 42 37
06 39 38
13 38 40
15 39 39
19 39 38
18 38 37
18 38 37
20 38 36
22 39 37
23 39 37
21 39 37
17 41 36
13 41 34
09 40 32
03 44 32
00 45 32
01 44 30
03 43 29
08 42 31
13 39 33
16 40 34
18 40 34
19 38 35
21 38 33
23 38 32
20 39 32
17 40 32
14 40 31
13 41 32
14 39 33
11 41 34
07 42 33
02 41 32
03 44 35
00 44 35
07 41 33
15 38 34
16 38 34
18 38 34
19 38 33
21 38 35
20 38 35
21 37 34
20 39 34
18 39 34
12 40 33
07 41 33
07 43 37
05 45 37
02 45 33
02 43 32
05 39 31
08 36 29
13 37 31
17 37 33
19 38 33
20 38 32
23 37 33
23 36 34
23 38 33
22 36 33
17 39 34
11 39 34
10 40 35
04 39 33
00 45 36
02 44 38
05 41 40
07 40 38
10 39 37
15 36 36
17 36 37
19 36 36
20 37 37
20 36 37
19 37 37
18 36 36
17 37 36
15 37 37
11 40 38
11 39 38
13 39 35
05 40 34
00 42 33
02 43 32
04 40 32
08 39 30
14 37 31
19 36 32
21 36 32
18 37 31
20 37 32
20 36 32
19 37 32
18 38 32
15 39 32
12 40 31
11 38 30
13 38 32
08 41 35
02 46 34
00 43 33
05 41 35
08 44 39
12 42 38
17 40 37
16 41 37
18 38 36
20 38 37
23 38 36
23 38 36
19 38 36
16 39 36
11 38 35
10 38 33
06 40 34
03 40 33
05 40 32
04 41 33
07 40 30
08 38 32
11 38 33
15 38 34
19 37 34
21 37 34
24 37 35
25 35 34
23 36 33
16 35 31
15 36 28
13 39 28
14 41 31
07 48 35
01 47 39
01 49 39
06 48 42
10 47 44
14 44 42
18 42 39
21 41 39
22 42 37
22 39 38
22 40 37
21 39 37
18 40 35
12 39 35
12 35 33
12 38 33
04 42 35
02 44 34
02 42 32
00 43 35
05 43 35
12 39 36
16 38 35
21 37 36
21 38 35
22 36 34
22 39 33
23 38 34
21 39 35
20 39 33
19 41 35
17 39 35
15 40 35
00 46 40
00 42 34
00 44 40
00 47 46
03 47 46
05 43 44
13 42 44
18 46 43
20 45 40
21 47 39
21 47 39
21 46 39
23 48 41
24 48 40
27 48 43
30 45 44
30 46 43
33 42 42
36 41 43
38 37 46
38 35 49
39 34 46
38 33 47
36 37 52
37 35 52
38 36 51
37 37 53
38 36 52
38 37 53
39 34 52
40 34 52
41 35 52
42 33 52
39 34 51
40 34 52
40 34 53
41 34 51
40 37 52
41 33 50
40 34 53
42 34 53
41 33 51
41 33 52
40 34 50
39 32 51
40 33 52
39 32 51
