37 44 45
36 45 43
36 49 43
33 46 40
33 45 38
30 52 38
30 49 36
30 48 34
26 53 35
25 54 34
23 53 33
21 54 33
20 51 34
20 50 35
16 48 36
16 46 38
16 42 38
12 40 36
09 41 38
06 46 39
07 42 37
08 41 36
10 39 37
10 34 37
10 38 37
11 39 36
12 37 35
14 38 35
12 39 33
13 39 33
12 37 33
13 37 34
12 37 33
12 39 33
13 38 34
12 39 34
12 38 33
12 37 34
12 36 34
12 37 34
11 38 34
12 37 34
13 37 35
13 38 34
12 38 35
12 39 34
11 38 34
13 38 35
12 38 35
12 38 34
13 38 34
11 39 33
12 38 34
12 37 33
11 38 34
12 38 34
11 37 35
12 38 35
12 38 34
12 37 34
13 38 34
13 37 35
11 39 34
11 37 34
12 37 33
13 37 34
12 37 34
11 37 34
13 37 35
10 36 36
10 38 35
11 37 36
14 36 36
12 38 36
12 39 36
14 39 37
14 39 37
15 39 37
16 37 36
16 40 36
16 40 36
18 39 35
20 39 36
19 38 36
17 39 36
16 38 35
14 39 35
13 38 36
13 40 35
11 38 35
13 35 37
13 38 36
09 40 36
04 41 34
03 40 34
02 37 31
04 39 29
06 40 30
09 39 32
13 38 33
15 38 32
17 37 33
18 37 33
19 36 32
19 37 33
19 36 31
16 37 32
14 38 31
14 38 32
12 39 33
09 38 33
07 40 33
06 39 34
02 40 35
05 39 34
04 45 33
09 48 35
14 44 35
18 41 35
20 40 35
21 42 34
22 38 34
22 38 34
20 41 34
20 39 33
16 40 33
13 39 35
14 37 34
10 38 35
04 39 35
00 38 33
01 39 31
02 37 33
06 38 32
12 37 34
16 36 33
17 37 33
19 37 33
20 36 34
20 37 32
19 36 33
20 37 32
18 37 32
14 38 32
12 38 32
10 37 34
02 39 32
02 41 35
01 41 37
02 50 37
08 49 39
10 46 40
15 44 37
16 42 35
18 41 34
20 41 34
19 40 33
20 40 34
19 40 34
19 39 34
18 40 34
15 40 36
13 38 35
11 38 34
11 38 35
08 38 36
02 27 41
03 42 35
00 39 34
00 38 30
06 38 29
09 38 32
13 38 33
14 36 34
16 39 34
16 37 32
16 36 32
13 36 31
15 38 32
15 35 33
16 36 33
16 36 33
16 37 32
16 38 34
15 39 33
14 39 33
16 39 34
14 41 35
08 43 34
03 43 33
01 46 35
04 45 38
09 46 37
12 44 36
14 42 36
15 40 37
17 39 34
18 39 35
19 40 34
19 39 34
20 39 34
19 38 34
17 38 34
14 38 33
13 37 32
12 37 35
09 39 36
06 41 35
05 41 35
01 42 35
00 41 32
05 40 33
11 39 33
16 37 33
16 39 35
14 39 34
17 37 34
18 37 33
16 36 32
17 37 32
18 36 33
19 37 33
16 38 33
13 40 35
14 39 34
12 40 37
15 39 37
09 40 35
04 38 34
02 38 35
01 38 35
00 40 34
04 38 36
13 37 38
16 35 37
17 35 35
15 34 33
15 34 34
14 37 35
17 38 35
19 38 34
20 38 34
18 36 34
16 37 35
12 39 33
11 38 33
14 37 34
09 36 35
03 36 35
04 38 34
04 38 32
02 38 33
03 38 31
07 38 31
12 38 31
15 37 33
17 39 35
18 39 33
18 36 34
18 37 33
18 38 33
18 38 32
18 36 33
15 37 32
13 39 34
12 36 33
11 38 34
06 40 35
03 39 34
00 39 33
00 39 35
08 37 36
12 37 34
14 37 32
18 33 32
18 34 31
18 35 32
18 35 34
20 36 37
18 37 36
17 39 35
13 37 33
11 37 33
10 37 34
11 38 33
11 36 33
06 38 32
00 39 30
00 37 28
02 37 28
07 38 29
10 37 30
13 36 31
16 37 31
15 38 32
17 37 31
19 37 31
20 36 31
22 37 34
20 36 33
19 37 32
18 35 32
15 38 32
12 36 32
07 39 33
05 40 33
02 39 35
00 40 35
01 39 36
06 36 34
11 37 36
14 37 35
15 38 34
16 36 34
17 37 34
18 38 34
16 39 34
17 39 34
17 37 33
16 38 34
13 38 34
12 38 32
12 38 32
17 37 34
12 39 34
04 43 34
03 42 31
01 42 31
02 42 30
07 43 32
09 42 32
15 41 33
17 39 31
19 37 30
18 39 30
17 37 29
15 38 29
15 39 31
17 40 33
16 40 34
15 38 34
16 40 34
17 38 34
14 38 35
13 38 33
08 40 32
13 41 32
08 44 34
06 42 33
04 44 32
03 48 33
02 48 34
09 44 34
16 41 35
16 39 35
15 40 35
15 37 36
15 39 36
17 40 36
17 40 36
20 39 37
20 37 35
20 37 34
18 38 35
15 39 34
12 39 34
10 36 35
09 36 33
02 39 33
03 38 33
01 40 31
00 41 31
02 37 32
08 38 32
14 36 33
18 36 33
18 36 33
16 36 33
15 37 32
17 36 31
17 35 31
19 37 32
18 39 32
19 38 32
16 40 33
14 41 32
11 41 34
13 39 32
07 40 31
03 42 31
02 40 33
05 42 35
03 42 37
08 39 36
13 38 36
14 38 35
15 38 35
17 37 34
17 39 36
18 37 36
20 35 37
19 36 35
19 37 35
18 37 34
13 37 34
10 38 32
09 41 33
09 41 34
08 41 35
06 46 37
03 47 38
02 50 37
04 49 38
06 48 39
11 43 39
16 43 39
19 44 40
20 45 39
20 46 39
23 47 38
24 46 38
29 46 37
30 48 38
34 47 38
36 45 37
38 42 37
38 42 39
41 42 42
41 51 51
43 47 53
41 47 55
39 48 59
38 48 60
38 42 56
39 42 54
39 40 54
37 39 50
38 36 49
39 37 49
39 37 48
37 37 48
38 38 48
38 38 48
38 37 48
39 39 50
38 40 52
39 40 52
39 41 52
39 39 51
38 39 50
38 40 49
39 38 50
40 39 51
40 38 51
39 41 52
38 39 51
38 39 50
39 40 51
39 39 50
38 39 50
39 40 51
39 39 52
39 38 51
38 39 51
39 39 50
39 39 51
39 39 50
39 39 51
39 40 51
39 39 50
39 40 50
39 39 50
40 39 50
39 40 51
39 39 50
38 38 50
39 39 51
40 39 51
39 40 51
40 38 51
39 41 51
39 38 51
37 40 53
35 40 53
35 36 52
37 36 52
36 39 51
37 41 47
39 41 45
40 44 45
39 46 43
39 46 44
37 42 41
37 41 39
36 46 39
34 47 40
33 45 37
30 49 38
29 47 37
26 49 36
24 48 36
22 46 34
12 56 34
11 49 34
10 50 36
10 46 35
10 45 36
09 43 36
08 43 34
08 42 36
09 40 34
09 40 36
10 39 33
11 39 35
11 38 34
13 38 34
13 38 34
12 39 34
11 38 34
13 37 34
11 38 32
11 39 33
12 40 33
12 37 33
13 37 33
12 39 33
12 36 34
13 37 34
13 37 34
13 37 34
12 39 34
12 39 35
12 38 34
11 39 34
12 38 35
12 38 34
12 38 34
12 39 34
12 38 34
11 39 34
12 38 34
13 38 34
12 38 35
11 38 34
12 38 34
12 37 34
13 37 35
12 38 34
12 38 34
11 37 34
11 37 34
11 38 33
11 39 34
12 38 34
10 39 36
11 41 34
11 42 36
09 45 35
08 49 35
08 52 35
09 52 39
13 52 39
18 54 40
23 52 40
24 51 40
27 49 40
31 48 39
33 44 39
36 43 40
38 42 41
40 39 41
37 41 43
37 40 45
35 38 46
35 39 48
35 39 49
35 38 51
35 36 52
37 39 52
37 38 52
39 37 50
39 36 51
40 38 51
39 37 51
41 37 51
39 38 51
38 36 51
36 38 51
37 37 53
38 38 52
38 37 52
37 38 51
37 36 50
37 35 49
