36 39 49
36 37 46
36 39 49
36 40 48
34 40 44
36 37 45
32 39 45
30 40 42
27 44 47
21 49 51
21 50 47
19 47 47
20 44 46
19 44 44
16 42 43
15 40 42
14 43 41
14 43 42
14 40 42
13 42 41
13 41 40
11 38 40
14 39 38
13 40 39
15 37 38
15 37 37
17 40 38
17 37 38
18 36 38
18 36 38
15 38 37
16 36 38
16 38 38
13 38 38
14 39 37
02 41 37
00 39 35
04 37 31
06 38 38
02 39 36
09 38 33
13 35 34
14 36 34
16 36 33
18 35 32
18 37 33
17 37 33
18 35 33
16 36 32
16 37 33
18 37 34
16 37 34
15 38 35
14 40 36
13 40 37
14 41 37
16 39 38
17 38 40
11 39 37
03 39 37
01 38 38
00 38 38
06 38 37
11 36 36
10 36 36
13 37 35
19 35 34
23 34 35
22 37 36
20 37 37
17 38 36
15 35 34
14 36 34
10 37 34
11 38 36
12 39 37
06 37 37
00 48 40
00 41 38
08 37 38
08 32 35
11 36 33
14 37 32
14 35 33
13 34 34
16 35 34
19 33 32
19 33 33
17 38 35
18 36 34
18 36 34
18 36 34
15 36 35
12 35 35
15 38 38
08 39 41
00 52 41
00 43 41
02 39 40
06 40 39
12 39 38
18 37 37
16 38 37
16 35 36
18 36 35
21 34 36
21 36 35
22 34 35
21 35 35
17 38 36
16 35 34
14 34 36
18 36 39
09 37 44
00 48 42
00 49 32
00 41 31
04 34 32
11 36 30
16 38 33
17 38 35
20 36 32
21 36 33
22 36 34
21 36 32
20 37 31
14 39 32
13 40 36
14 38 33
15 36 33
11 33 36
00 34 36
00 33 31
00 31 34
00 35 36
05 35 37
13 35 39
18 33 38
16 33 39
19 32 37
20 34 35
21 35 34
22 35 34
21 33 34
17 34 34
12 36 33
13 34 33
11 34 31
01 37 32
00 38 32
00 35 27
00 33 27
08 31 31
12 35 31
13 38 30
15 37 32
19 33 29
19 35 31
20 35 30
20 34 29
20 36 32
16 36 33
14 37 33
13 38 34
12 37 32
10 37 31
15 35 31
08 38 31
04 38 31
00 40 33
00 37 30
06 38 33
09 38 37
10 37 36
10 29 37
14 28 36
19 32 34
20 32 35
19 35 34
20 38 33
22 38 33
21 36 34
18 38 35
14 36 35
08 36 32
09 37 32
13 37 35
07 40 37
00 40 36
00 31 39
00 40 33
02 43 34
09 34 33
11 31 31
16 33 34
19 37 35
21 38 35
23 36 34
23 36 33
21 36 33
18 37 34
16 37 33
12 38 32
14 38 33
19 36 36
11 34 35
00 40 34
00 41 33
00 38 37
04 37 43
09 38 41
14 38 39
15 37 37
18 36 39
19 33 39
20 35 40
20 33 38
18 32 37
16 36 37
14 35 35
11 35 35
11 35 35
13 36 34
16 34 35
05 38 39
00 40 35
00 38 31
01 37 30
04 36 33
07 38 33
13 39 33
17 39 34
17 38 32
15 40 32
17 41 32
16 39 34
15 39 32
15 38 32
14 36 33
13 39 34
10 39 34
09 38 33
07 37 33
03 38 34
07 37 35
15 38 41
12 38 41
08 39 38
08 35 35
09 34 33
12 32 37
13 37 37
14 37 36
15 37 37
14 38 37
14 39 36
14 40 38
12 40 39
12 41 39
14 35 40
15 42 38
16 45 37
13 45 39
12 45 39
13 46 37
14 46 40
15 44 44
16 50 38
17 50 35
20 49 40
22 45 42
24 43 44
22 45 49
22 42 49
23 41 49
23 48 53
24 50 52
31 42 52
30 42 47
32 40 45
38 38 44
37 40 46
39 37 45
40 36 46
37 38 45
36 35 50
37 37 55
36 39 52
35 37 54
36 37 53
38 38 52
40 36 52
39 37 51
41 37 50
38 38 51
40 39 52
38 37 50
40 37 53
40 38 52
39 36 51
39 37 50
40 36 51
39 37 52
39 36 51
41 37 51
40 36 51
40 37 51
41 37 53
40 39 51
41 38 50
40 36 51
39 38 50
39 37 51
39 38 51
39 38 52
39 37 51
39 36 51
40 36 51
40 37 52
40 37 51
40 37 50
40 37 52
39 37 51
39 37 50
39 37 51
40 39 50
40 38 52
39 35 50
39 38 51
39 36 53
40 35 53
40 37 52
39 37 52
40 37 51
