39 44 43
39 33 43
39 44 42
39 44 42
38 42 42
39 41 41
37 40 37
35 46 41
33 48 42
30 44 40
29 57 42
25 55 43
24 50 38
24 52 37
23 52 37
18 49 34
15 55 29
18 58 31
17 54 30
17 50 30
18 48 33
16 47 32
17 45 32
19 44 32
20 43 32
21 41 34
21 42 34
19 42 34
17 41 33
16 41 33
15 41 34
13 43 34
14 43 35
14 44 36
12 47 37
04 52 36
00 49 32
04 42 29
13 40 32
14 40 34
16 42 34
17 43 33
19 41 32
19 39 32
20 38 32
21 37 31
20 38 31
19 38 32
13 40 31
12 43 37
08 39 31
06 41 29
09 46 33
07 49 37
07 50 39
08 45 37
12 43 35
16 40 34
17 42 33
16 41 35
16 41 35
19 41 36
22 41 36
21 41 35
23 41 36
20 38 36
17 39 35
14 40 34
11 43 35
09 41 33
10 41 34
07 43 34
04 42 31
00 43 31
04 39 31
09 40 33
14 41 33
17 40 33
19 42 33
20 40 32
21 40 33
22 40 34
22 38 33
20 39 32
21 38 31
16 40 33
13 39 33
08 41 32
09 43 33
09 45 36
08 42 35
05 45 34
06 44 34
06 45 36
12 42 36
16 40 35
17 40 36
17 40 36
20 38 35
23 39 35
21 40 35
19 40 35
18 39 36
17 42 35
12 41 35
11 40 34
12 40 32
05 40 26
01 41 26
00 39 28
06 37 31
08 38 32
13 39 33
17 39 33
16 40 31
17 41 31
21 40 31
22 37 31
22 38 31
18 39 32
16 40 32
12 40 30
09 43 32
09 43 33
10 43 33
09 44 34
06 42 34
06 44 32
07 46 34
10 44 36
15 41 36
18 41 35
18 40 35
20 40 35
21 41 35
22 38 35
23 38 35
19 38 36
17 40 35
11 42 35
08 42 34
10 41 32
04 42 31
04 43 33
03 42 32
06 43 33
07 39 29
11 40 31
14 39 32
16 40 32
19 39 33
20 41 32
21 40 33
22 38 32
21 38 32
20 39 33
16 42 33
13 42 32
09 43 33
09 42 34
09 45 34
09 44 35
04 44 36
05 44 35
08 46 37
10 43 37
14 43 37
16 41 36
20 41 35
20 41 36
20 38 35
21 40 34
20 40 35
18 40 33
16 42 34
15 39 33
13 40 33
13 41 32
10 41 31
09 43 32
06 43 35
05 45 34
08 43 32
08 42 32
07 42 32
12 42 33
17 41 32
20 40 33
20 41 33
21 39 33
20 39 33
20 39 32
17 40 32
13 41 33
14 42 33
13 41 35
10 43 35
04 44 36
02 42 36
00 48 36
07 43 38
16 42 38
19 42 37
19 40 36
20 38 36
23 39 36
22 41 36
21 39 36
22 39 35
18 40 33
15 41 33
12 41 33
12 40 31
08 41 31
06 42 32
04 43 31
01 41 29
05 40 29
12 40 30
16 40 31
16 40 31
16 39 32
18 40 33
18 40 34
19 39 32
20 37 32
19 40 33
17 40 31
15 42 33
13 41 32
12 40 34
12 40 34
07 43 34
05 43 35
05 41 34
06 42 35
08 44 35
14 42 35
18 40 36
20 40 35
19 39 34
18 41 34
20 38 33
19 39 34
18 40 34
16 40 34
15 40 34
11 42 34
08 41 33
09 40 31
06 40 32
04 42 32
07 42 32
08 41 31
08 41 34
09 40 33
13 42 33
16 39 32
15 40 31
17 39 30
16 40 31
17 37 30
17 38 29
19 37 31
19 40 32
17 40 34
14 41 33
13 42 34
12 42 31
14 43 32
11 43 31
06 46 30
03 44 31
09 42 32
10 46 34
08 45 34
11 43 32
13 41 33
17 37 36
19 41 35
20 41 34
19 38 34
18 38 34
19 40 32
20 37 32
20 39 33
13 41 34
10 40 32
10 40 32
09 41 34
07 42 33
04 44 33
07 42 32
06 40 31
08 41 31
12 39 32
14 40 33
16 40 33
18 40 33
20 39 33
21 38 32
22 38 32
19 39 31
18 39 32
14 41 30
14 41 32
13 40 33
13 42 34
06 44 33
02 44 34
02 43 35
04 46 37
11 43 39
17 41 37
21 40 36
20 40 37
20 39 35
20 39 36
21 41 36
20 39 36
20 39 34
17 40 35
15 41 34
12 40 31
06 42 30
01 45 31
01 44 32
01 43 29
05 39 32
10 36 32
15 38 34
18 40 34
20 38 31
20 38 31
20 39 32
21 38 33
19 39 33
17 40 32
13 41 31
10 42 33
12 44 35
07 47 39
00 50 34
01 44 35
06 47 41
06 54 43
08 51 43
09 50 42
15 44 37
22 51 38
22 47 36
25 43 39
25 44 42
26 42 44
29 45 46
28 45 44
30 44 45
32 47 46
35 44 46
36 42 44
39 46 43
39 44 45
41 42 44
40 42 45
40 35 47
38 34 46
41 44 52
40 40 51
39 38 50
41 39 52
40 37 50
40 38 51
41 37 50
41 37 51
42 37 50
41 37 50
42 37 52
41 37 52
41 37 50
40 36 50
41 38 51
41 37 50
41 38 51
41 38 51
39 38 50
41 38 50
40 38 55
42 35 51
40 35 50
41 37 51
