39 45 45
39 45 45
40 45 45
38 43 42
39 43 42
39 47 46
37 44 43
35 43 42
35 44 44
32 42 45
31 40 44
26 55 50
25 49 50
26 50 46
24 44 43
25 47 43
24 45 43
22 45 41
20 45 40
21 44 39
20 44 38
19 47 37
16 47 37
12 46 34
10 45 35
09 45 35
02 46 35
00 48 32
01 46 28
06 43 30
13 40 31
18 39 31
15 41 31
16 40 30
17 41 30
18 39 29
19 39 31
22 38 33
22 40 33
21 39 32
20 42 33
14 44 33
12 44 32
11 45 32
11 44 33
10 47 33
07 48 36
04 48 34
04 51 35
11 46 39
18 44 39
19 43 39
18 42 37
16 43 36
17 42 37
18 42 36
19 42 36
19 42 35
19 41 34
20 39 32
18 39 33
15 41 33
13 41 32
12 41 33
12 42 32
12 43 32
07 43 33
04 46 31
00 44 29
05 42 28
11 42 30
16 39 31
18 40 32
18 40 32
19 40 32
19 39 31
19 39 31
20 38 31
22 40 30
21 39 31
19 40 32
13 42 33
11 43 32
12 45 34
11 45 35
07 47 35
04 48 33
07 46 34
08 48 37
11 45 38
16 43 35
19 41 36
22 40 36
22 40 35
22 40 35
23 40 35
21 39 34
20 40 33
17 41 33
10 42 31
06 42 31
06 41 27
03 38 26
01 38 24
00 45 25
07 36 30
16 36 39
15 36 30
14 38 25
17 37 27
17 36 28
17 38 29
19 39 31
19 40 32
18 42 31
18 40 33
17 41 30
14 43 30
11 45 29
12 45 29
15 42 29
09 43 29
03 47 27
03 46 26
00 46 27
10 43 29
20 42 32
24 41 32
22 43 33
20 41 30
21 40 30
21 41 31
24 40 31
24 40 33
24 40 32
18 42 31
10 43 31
05 42 29
00 43 28
01 46 34
04 47 35
05 44 32
08 43 29
14 40 31
20 38 32
23 39 33
24 40 34
23 41 33
24 38 32
24 38 32
23 39 31
18 42 31
13 43 30
08 42 28
12 51 31
15 53 36
13 48 36
10 49 37
08 51 35
06 51 36
08 48 37
14 44 36
20 46 38
22 45 35
23 39 32
23 40 31
22 40 32
23 41 31
22 41 28
19 41 28
17 43 28
16 43 29
09 43 25
04 43 27
00 45 27
01 44 27
03 45 27
11 42 31
16 42 33
19 41 31
19 41 31
19 40 29
20 39 29
20 38 29
22 37 29
22 36 30
20 40 34
18 42 33
15 43 32
14 43 33
11 41 33
03 43 32
01 47 33
01 47 35
03 44 35
12 41 34
19 38 34
22 40 35
21 40 34
23 40 32
20 39 34
21 40 34
20 43 31
18 40 32
14 43 32
12 42 31
09 42 31
02 46 31
04 45 29
06 45 30
04 46 30
07 44 30
13 41 30
16 40 33
19 38 32
22 39 33
22 40 33
22 40 33
22 40 32
21 37 31
20 39 30
16 42 30
13 43 30
15 40 30
09 47 31
05 52 34
05 49 32
02 51 33
10 45 34
17 43 36
21 42 37
21 44 36
19 43 35
20 39 36
21 37 37
21 38 37
20 42 36
15 44 34
10 46 33
07 44 32
11 41 32
08 41 33
01 44 33
01 46 32
02 42 30
07 41 32
14 41 32
18 39 32
21 40 32
21 40 32
22 39 31
22 40 32
19 39 32
20 41 31
16 40 29
15 40 29
17 39 33
16 42 37
08 48 36
03 52 36
05 50 37
04 49 38
12 44 39
16 42 37
20 40 36
20 42 35
21 39 37
21 38 39
21 37 40
19 38 41
21 44 37
17 46 37
14 45 33
11 40 31
08 39 33
03 39 33
00 45 32
00 46 33
01 45 31
08 43 32
18 41 33
22 39 34
26 37 33
22 38 32
24 39 32
24 38 32
22 38 31
20 40 30
17 41 30
15 45 31
14 45 34
13 44 37
08 48 37
02 50 33
03 48 35
04 49 38
12 44 39
16 44 40
17 42 40
17 43 38
19 43 36
21 42 35
22 39 34
24 40 34
23 42 34
21 41 35
18 42 33
13 42 30
07 36 30
02 43 30
01 49 30
00 47 29
05 47 32
12 44 32
18 40 34
20 41 33
20 41 34
18 41 33
20 41 34
19 42 33
20 43 34
21 46 33
20 46 33
19 46 34
18 48 34
17 47 36
11 49 38
02 53 38
03 59 37
02 62 38
07 62 38
12 62 40
19 59 42
24 51 40
28 47 40
32 46 40
32 40 40
35 41 41
37 40 40
40 44 41
41 42 43
41 42 44
40 41 43
41 40 44
38 36 45
37 37 45
39 40 51
39 37 50
39 38 50
40 37 50
42 35 51
44 36 52
43 35 52
43 35 52
43 36 53
43 35 51
43 34 50
42 35 49
43 37 50
43 34 49
42 35 50
42 37 54
43 35 51
42 36 50
43 34 51
43 34 48
