50 37 33
28 43 49
28 43 49
27 43 50
27 43 50
26 42 49
27 44 48
27 42 48
28 42 47
27 44 46
28 44 46
29 45 46
29 46 45
29 45 44
29 48 43
28 48 43
27 51 42
26 50 42
26 52 40
25 50 40
25 51 40
23 52 39
23 52 39
21 49 39
21 49 39
19 51 39
19 52 39
18 50 39
17 49 39
15 51 38
14 50 38
16 48 39
17 47 38
18 45 38
18 45 37
18 46 37
18 47 38
19 46 38
20 48 38
20 46 39
21 46 37
21 46 38
20 44 38
20 45 39
20 47 38
19 47 38
18 47 37
19 47 36
16 49 37
17 48 36
16 49 35
17 45 34
19 45 35
18 46 35
16 44 34
18 46 35
15 44 35
13 45 36
12 43 36
09 41 38
11 44 43
15 45 41
16 42 40
18 39 38
18 40 38
17 40 37
16 40 36
15 40 36
16 39 36
17 38 37
18 38 36
20 37 37
20 38 37
22 38 36
22 38 35
21 39 36
17 41 37
07 44 36
00 44 35
00 49 34
01 48 34
07 44 34
11 43 35
11 44 34
14 42 35
17 41 35
19 40 36
19 39 34
20 41 34
17 37 34
18 38 33
18 39 33
20 37 34
20 39 34
20 38 34
18 37 36
10 44 35
04 51 35
00 47 38
00 44 44
09 44 45
14 40 39
14 40 37
17 37 36
20 36 38
22 35 36
20 37 34
18 37 34
17 37 34
17 37 34
18 38 34
18 36 34
19 36 33
18 36 33
11 39 33
00 40 32
00 40 34
00 44 33
02 41 34
07 40 36
11 41 37
16 38 35
20 38 35
22 37 35
22 39 34
20 39 33
20 38 32
19 37 32
20 38 32
19 39 33
12 41 33
02 42 36
00 42 33
00 45 39
07 43 44
13 40 41
10 41 39
13 38 40
19 33 39
21 35 37
19 37 37
19 38 36
19 39 35
19 38 35
20 39 35
20 36 34
20 38 33
16 40 34
09 40 32
00 40 32
00 43 32
00 44 34
05 41 34
09 38 33
11 39 35
16 38 35
20 40 31
30 31 33
21 40 36
20 42 34
19 39 35
21 36 35
19 39 34
19 38 33
14 41 33
03 45 34
00 43 35
00 43 39
07 41 45
14 42 42
13 43 37
15 42 37
19 39 36
23 38 35
23 38 33
22 38 34
21 38 34
21 39 33
19 38 33
21 38 33
11 40 33
00 41 32
00 40 33
00 44 33
00 43 32
02 41 33
10 38 36
14 38 36
18 38 36
20 37 36
20 39 35
19 39 35
18 40 35
19 40 34
18 40 34
19 38 32
18 40 33
16 40 33
10 41 33
03 40 34
01 43 35
00 48 40
10 47 45
12 44 43
16 43 41
17 41 40
22 40 38
24 40 36
24 40 36
21 40 35
19 39 34
17 42 35
17 39 34
18 39 34
19 40 34
09 47 33
01 46 32
00 47 34
03 48 33
03 50 33
09 48 35
13 44 35
16 43 36
19 41 35
18 39 36
20 40 36
21 40 34
21 42 35
20 42 35
20 41 35
19 41 34
16 41 36
12 44 36
08 44 37
04 46 37
00 48 38
06 41 38
16 45 39
19 44 37
18 38 37
19 38 37
21 40 36
20 41 36
20 40 35
20 40 35
19 41 35
19 40 34
18 40 34
18 41 34
16 43 34
07 47 33
00 45 32
00 51 33
02 45 31
06 44 32
11 44 32
12 43 34
16 41 33
18 41 34
19 41 33
19 41 33
18 40 33
19 41 33
18 42 33
20 40 34
20 39 34
20 41 35
18 45 35
13 48 37
08 50 39
02 55 36
04 51 39
12 48 39
15 49 38
18 42 37
22 41 37
25 42 36
24 42 34
24 41 34
23 42 34
21 41 34
21 41 33
20 41 34
18 42 33
08 47 33
02 47 35
01 50 32
00 51 32
03 49 31
09 45 32
15 45 32
15 45 33
17 45 34
20 41 35
21 39 34
21 41 33
21 40 33
18 41 33
18 40 33
18 40 32
17 43 31
16 43 33
07 45 31
06 46 32
02 52 30
04 55 36
10 50 37
15 48 37
19 48 37
21 44 37
24 43 36
23 42 36
23 40 34
23 41 36
21 43 34
21 41 35
21 41 35
19 41 35
18 42 34
09 46 34
03 47 33
03 47 31
02 48 30
03 46 33
07 46 32
12 44 34
17 43 35
21 41 34
21 41 34
21 39 32
19 39 32
18 39 32
18 40 32
18 43 33
17 44 33
15 46 33
08 49 33
10 52 37
07 55 37
09 55 39
12 51 42
17 49 40
20 45 39
24 41 37
25 42 37
23 42 37
23 42 37
23 41 36
23 44 36
22 44 35
21 44 36
19 47 36
14 54 38
09 56 39
09 55 39
13 55 38
15 53 42
19 51 41
22 50 40
25 48 39
27 45 38
28 42 37
29 43 37
30 43 36
29 44 35
29 45 36
24 49 36
23 56 39
20 61 44
19 63 50
15 62 55
17 56 53
23 51 52
29 50 49
28 43 44
30 40 42
31 40 42
32 40 42
29 39 44
27 44 47
25 45 50
24 48 53
21 48 53
24 49 51
27 48 51
28 46 49
29 45 48
30 42 47
30 42 46
31 42 46
31 41 45
31 43 47
31 43 46
31 43 47
31 44 49
33 44 51
32 43 52
32 42 53
30 40 53
28 39 53
29 38 51
31 38 51
30 38 51
32 40 52
29 37 54
29 38 54
29 38 52
30 39 53
30 36 53
31 37 52
32 36 51
31 37 51
30 36 53
30 37 52
30 38 52
30 38 53
29 38 52
30 38 53
30 40 51
29 39 52
30 39 52
30 39 51
32 40 51
32 40 51
31 39 52
32 40 51
33 40 52
30 39 52
32 40 52
