37 38 47
37 38 47
57 37 38
37 41 48
37 39 44
36 41 45
35 42 46
35 40 45
32 40 45
30 40 46
28 39 47
25 43 51
24 40 49
21 45 50
21 44 48
19 39 46
17 44 48
16 43 45
15 42 44
16 40 42
17 39 40
16 41 39
15 40 42
16 40 38
17 39 39
16 40 38
14 38 38
12 38 37
10 38 39
13 38 38
08 38 40
00 40 39
00 39 34
04 37 32
09 35 31
14 35 32
13 34 32
11 38 32
15 37 31
17 35 31
17 38 32
20 35 34
23 36 35
23 38 34
21 35 35
18 37 35
11 38 34
05 38 35
07 38 32
06 37 33
07 38 37
04 40 39
00 40 38
04 39 39
14 37 39
17 22 43
15 33 37
18 31 36
17 34 36
18 37 35
22 38 36
20 38 34
18 37 34
15 34 34
14 42 38
10 37 37
11 36 34
09 39 37
02 40 36
00 42 34
01 39 29
08 37 31
13 36 34
14 37 35
16 37 36
19 38 35
20 36 35
22 36 35
23 37 34
23 38 31
20 40 35
14 36 38
11 37 33
10 37 33
00 29 32
00 33 38
00 41 40
00 38 42
10 36 40
16 40 38
19 38 37
20 36 35
20 37 34
22 37 34
23 36 34
21 35 34
20 36 35
16 36 37
11 35 37
05 32 38
01 37 34
00 42 37
00 44 37
00 38 35
03 30 32
14 34 32
20 33 33
22 35 34
24 33 34
24 33 33
22 33 32
19 34 31
14 35 34
11 34 32
16 33 38
09 35 38
00 38 38
00 44 42
00 39 42
08 38 43
14 36 40
16 35 37
17 33 38
20 32 36
21 32 37
23 32 35
22 35 36
20 35 37
15 36 38
11 38 37
08 34 37
01 34 36
00 34 33
00 38 34
00 38 33
00 35 32
10 35 32
19 33 32
23 35 35
22 37 34
23 38 35
21 38 32
20 35 31
18 40 30
18 41 30
15 40 30
13 37 34
11 40 35
03 46 39
00 43 39
01 42 40
07 41 39
13 36 39
14 34 41
16 32 40
20 37 38
20 37 36
19 37 35
21 37 35
17 39 35
13 37 36
09 37 32
06 37 30
01 38 30
00 40 31
03 39 30
04 36 31
09 36 33
13 36 34
18 37 33
21 37 34
23 37 34
24 37 34
23 35 33
21 37 33
17 38 34
12 40 34
04 39 34
00 40 32
00 40 34
01 42 42
02 44 39
05 41 36
14 37 34
18 35 35
22 37 36
22 37 35
24 37 36
23 37 36
21 35 36
17 37 37
16 38 37
10 39 35
09 37 33
05 38 32
00 41 32
00 40 31
01 44 34
03 38 35
08 37 34
15 37 32
18 36 33
21 36 34
20 36 34
22 36 33
22 35 34
21 36 33
17 36 33
13 36 32
11 39 32
10 39 32
03 42 34
00 48 32
00 42 35
00 40 33
08 41 33
08 16 48
14 34 37
14 39 36
15 38 33
17 38 30
18 38 31
20 37 33
19 36 32
17 35 33
14 37 34
10 38 33
12 35 32
13 37 31
01 38 34
00 41 33
00 42 32
05 38 32
13 36 33
18 32 32
22 33 33
23 33 32
23 36 32
26 36 32
24 36 33
19 37 32
15 36 33
15 36 32
08 38 35
00 39 36
00 44 39
00 43 42
05 40 43
10 42 42
14 41 40
17 42 38
20 38 37
23 35 35
25 32 34
25 36 35
21 37 36
16 39 36
12 38 33
02 39 34
00 38 33
00 37 34
00 37 34
03 41 34
12 37 34
20 35 34
24 33 33
24 34 29
25 34 28
24 35 30
21 36 30
16 38 31
12 40 34
03 44 35
00 41 41
00 49 47
02 46 43
09 42 44
13 41 40
19 38 38
22 36 36
25 36 35
25 36 35
25 36 35
20 36 35
16 36 36
05 30 37
00 43 33
00 42 35
00 43 35
00 42 35
08 38 34
19 36 34
22 37 36
20 37 34
21 38 33
21 36 32
19 38 33
17 38 33
16 41 35
14 41 37
12 43 39
11 42 38
13 37 41
08 44 46
00 49 43
00 47 38
03 45 41
05 48 45
09 45 44
13 44 43
14 47 42
18 49 43
21 46 42
24 48 44
27 46 42
31 45 43
33 44 42
34 42 42
34 44 42
35 42 42
35 38 45
33 42 49
33 36 47
33 37 49
35 41 54
36 34 50
38 39 51
40 35 52
40 36 52
40 34 53
41 36 53
41 37 52
40 36 52
39 36 53
41 36 51
39 34 51
40 34 51
39 35 52
41 35 53
39 34 51
40 33 50
40 33 55
41 34 54
40 33 53
41 35 52
41 35 51
39 36 52
