35 35 51
35 35 51
36 36 48
36 36 48
36 38 48
36 37 45
35 36 45
34 38 45
33 39 43
30 41 44
28 43 44
26 42 43
21 53 49
20 45 44
19 45 42
13 56 47
14 47 43
15 45 43
18 42 43
18 40 41
20 40 39
21 40 39
19 39 40
19 39 40
17 38 38
15 38 38
13 38 38
12 38 38
10 39 38
09 39 38
06 35 39
02 37 38
01 39 33
00 40 32
04 38 33
12 36 31
17 34 33
18 37 33
22 37 33
21 38 32
20 35 31
20 35 31
20 36 32
15 39 33
12 41 34
06 39 35
02 42 35
01 42 38
04 41 39
07 41 47
14 39 45
16 38 41
16 37 38
14 36 37
16 38 37
16 39 37
17 39 36
18 39 35
18 37 36
20 38 35
18 37 34
17 37 36
13 37 35
12 39 34
13 37 36
05 36 37
01 31 38
02 40 32
01 39 34
02 40 33
11 36 32
16 35 33
20 35 34
18 37 34
18 37 33
19 35 33
21 35 33
20 37 33
18 37 34
13 40 34
10 39 32
11 41 35
05 39 36
00 41 35
01 41 36
02 41 39
07 39 41
13 38 41
15 32 43
15 37 41
20 39 40
21 38 38
21 39 36
19 39 36
19 38 34
17 38 35
17 37 35
17 37 34
15 37 36
14 37 36
13 36 34
09 37 35
04 38 36
01 40 35
01 41 34
01 39 35
05 38 35
11 37 35
17 36 34
20 35 34
21 37 34
21 35 35
22 36 34
21 35 33
19 35 33
16 36 33
12 38 33
13 38 35
05 44 38
04 41 36
02 43 37
00 47 42
03 43 41
13 42 41
18 40 42
17 38 38
19 38 38
20 36 37
20 38 37
20 39 39
20 38 38
19 38 37
17 38 37
14 37 37
12 35 37
10 36 34
02 36 34
03 35 34
06 39 34
09 39 34
05 38 34
06 37 32
10 35 32
15 35 33
19 37 35
20 39 36
22 37 36
23 36 34
23 36 34
19 38 33
14 38 35
10 38 34
08 38 35
05 40 37
02 41 37
03 43 40
03 43 40
04 41 41
09 40 41
13 35 41
17 35 41
22 36 40
23 39 38
24 37 36
23 39 34
21 38 36
19 37 36
16 38 36
12 39 35
12 38 32
08 38 33
02 39 33
00 41 33
01 42 32
02 39 31
05 36 31
12 37 33
16 38 35
18 38 35
20 39 35
21 37 35
21 37 34
21 36 34
21 38 33
17 39 33
13 40 33
05 41 33
02 41 34
00 40 34
00 41 33
02 40 35
12 40 38
14 27 47
20 30 39
21 35 39
20 38 35
21 41 32
22 39 31
20 37 32
15 40 35
14 41 33
12 39 30
06 38 31
02 39 32
03 40 31
01 41 33
04 40 32
08 39 31
14 35 31
18 36 33
20 34 33
21 35 33
22 36 32
20 36 32
18 39 31
14 38 31
12 40 32
15 39 32
18 38 34
16 41 37
06 44 36
04 42 35
01 41 37
06 41 37
12 40 37
16 39 35
16 37 35
16 34 35
22 31 33
24 34 33
25 36 32
08 38 31
00 40 30
00 40 29
07 39 29
12 37 29
10 39 31
12 38 30
15 36 31
18 37 33
20 35 33
24 34 31
24 37 35
17 40 37
08 44 38
00 45 40
02 38 43
06 36 44
13 38 40
13 37 40
13 39 38
18 37 36
20 36 35
21 35 33
18 36 33
06 39 31
03 38 28
00 40 30
01 39 31
09 38 31
18 38 34
18 36 37
20 38 37
23 36 35
20 38 34
17 38 35
17 37 34
14 36 33
13 38 35
02 38 38
00 39 37
00 41 37
02 39 40
07 37 41
12 36 43
13 39 40
16 38 37
19 37 35
20 37 35
22 36 35
22 36 36
20 38 35
19 36 36
15 36 37
13 37 38
06 33 42
00 42 37
01 45 36
02 42 34
05 41 34
10 41 33
14 39 35
17 38 36
18 40 34
19 39 36
20 39 34
20 37 34
21 37 34
20 39 35
17 42 35
14 42 36
10 45 37
09 45 40
06 48 44
00 56 48
03 49 45
07 50 44
13 46 46
19 45 45
23 40 43
26 39 42
25 45 45
24 45 46
24 47 46
24 50 51
25 49 49
25 46 50
27 49 50
30 42 45
34 43 48
36 39 46
39 39 42
39 40 46
39 37 46
39 33 45
38 36 47
38 35 49
37 38 50
38 39 54
39 35 52
40 37 52
42 37 53
40 36 52
40 36 51
40 37 52
42 36 52
42 36 51
40 35 51
41 35 51
41 35 52
41 34 51
41 34 50
40 36 51
41 36 53
40 35 53
41 36 50
42 35 49
41 34 49
