39 47 47
39 47 47
39 47 47
54 39 47
41 49 46
40 43 41
39 42 40
36 45 42
36 41 39
32 40 38
29 50 45
28 41 41
24 47 44
22 49 47
21 44 49
19 44 51
17 43 39
13 40 36
09 47 42
08 46 42
11 42 37
11 42 40
12 42 39
12 41 41
13 39 36
15 40 37
17 41 37
19 41 36
20 40 36
21 40 37
21 40 37
19 41 36
14 41 37
13 39 37
14 41 36
12 41 36
03 44 35
00 43 32
00 40 30
05 39 31
11 38 33
15 38 32
18 37 31
17 39 31
17 39 32
18 38 33
19 38 32
21 38 31
19 37 31
19 37 33
16 40 34
15 39 32
12 37 34
13 38 34
09 42 36
02 44 35
05 41 35
03 45 38
03 47 39
11 42 38
18 42 39
19 42 38
19 41 36
20 38 34
23 41 35
23 40 38
22 40 37
17 41 35
14 41 33
10 40 33
09 39 33
11 39 34
09 41 37
00 37 38
01 43 34
02 40 32
02 41 32
10 41 30
15 39 30
17 36 32
17 38 33
19 37 32
19 37 32
22 36 31
23 34 30
21 36 32
17 36 30
11 34 27
10 35 27
13 37 33
03 43 31
01 47 35
02 50 35
02 53 35
10 48 35
19 44 37
20 44 36
21 45 33
19 41 32
20 41 35
21 40 34
21 38 35
18 38 36
13 41 35
09 39 33
10 38 33
09 35 32
03 39 30
01 43 32
01 42 31
05 38 31
10 36 32
18 34 33
20 35 32
23 34 32
21 33 33
21 36 31
21 36 31
19 37 31
14 38 32
10 39 32
09 39 33
05 43 36
04 44 36
04 40 34
02 42 36
03 42 39
04 42 39
12 38 38
18 38 38
20 38 39
20 41 36
20 36 35
19 36 35
21 35 38
22 36 38
20 38 37
17 42 35
10 43 26
03 47 24
00 40 25
03 37 30
07 38 33
05 35 30
05 37 26
10 36 30
15 36 34
17 38 34
20 38 33
19 38 34
20 37 33
19 36 32
17 36 31
15 38 32
12 39 34
12 42 35
05 41 34
02 40 34
01 40 34
00 41 36
07 36 34
15 37 36
19 35 35
23 34 37
19 37 35
15 37 33
17 36 34
19 35 34
20 38 34
16 39 33
13 38 33
10 37 31
05 38 29
01 41 30
01 40 30
04 41 30
05 40 29
06 38 30
08 37 30
15 36 32
18 36 31
19 37 31
19 37 32
19 37 32
19 37 32
20 37 34
16 39 35
15 38 34
12 40 34
11 39 36
13 41 34
08 42 33
06 44 33
03 43 32
03 43 35
08 42 35
14 41 37
16 41 37
17 40 36
18 38 34
16 36 33
19 38 36
20 37 36
20 40 35
15 38 34
09 38 32
09 36 31
10 39 30
02 41 31
00 44 32
03 42 26
04 38 26
11 39 29
18 39 31
20 39 31
19 39 30
19 40 31
21 35 29
23 35 31
22 34 30
21 37 27
16 37 27
10 42 31
12 39 34
02 40 32
00 44 35
00 42 35
03 39 34
12 38 35
13 37 35
15 39 32
16 39 29
18 39 30
19 38 32
19 38 31
18 37 30
18 38 31
16 39 31
15 38 29
11 39 29
12 38 26
03 37 24
00 39 27
00 36 30
02 31 30
09 43 34
15 46 34
18 40 32
18 35 30
20 35 29
19 36 28
19 36 28
19 36 27
19 37 27
19 37 31
16 40 31
12 39 31
10 39 31
05 42 35
04 40 33
04 40 33
03 41 36
00 44 38
09 39 37
19 37 38
19 38 38
16 38 37
16 38 36
18 36 35
22 35 35
22 36 34
20 35 33
16 36 33
12 36 31
07 39 32
05 36 30
00 37 32
01 41 30
03 38 30
05 35 31
09 39 32
13 38 33
17 36 33
20 33 32
19 34 32
18 33 31
18 33 28
20 41 30
19 41 30
17 41 32
15 41 31
14 41 31
14 42 33
03 39 28
01 43 22
02 51 25
04 56 30
14 54 34
20 46 34
22 45 31
21 45 32
21 43 31
21 43 33
17 44 35
17 41 35
15 38 35
14 40 36
12 38 35
11 37 33
12 35 32
06 39 32
07 40 32
02 43 33
07 42 32
07 39 32
12 40 32
17 39 33
21 37 33
18 39 33
20 38 32
21 37 32
22 37 32
21 38 32
17 39 33
14 39 31
14 37 35
08 39 35
00 42 31
00 45 34
00 41 38
05 40 43
08 39 38
12 40 35
16 39 36
19 38 35
21 38 35
18 43 37
15 43 37
10 46 36
12 46 37
12 46 37
13 44 35
13 48 36
14 46 36
18 47 36
22 45 37
22 44 40
21 46 45
22 49 49
22 55 53
22 53 51
24 51 49
27 40 47
28 32 44
33 35 47
36 37 45
39 37 44
38 36 47
40 36 46
39 38 46
38 33 46
36 35 47
36 41 52
36 36 54
35 36 53
39 40 54
39 36 52
40 36 52
40 36 52
40 34 55
40 34 52
39 33 51
39 33 52
38 34 52
40 35 51
38 35 53
40 36 52
40 35 51
40 35 50
40 34 51
41 35 51
40 34 51
39 35 50
41 37 52
40 39 51
