39 43 45
39 33 45
41 45 44
39 43 43
39 45 41
39 49 41
37 49 40
38 47 40
38 44 41
37 44 39
35 43 39
34 43 39
30 52 40
30 48 39
26 47 37
23 49 38
22 49 40
15 53 37
13 51 39
13 51 40
12 46 39
10 46 38
09 43 36
09 42 34
08 40 36
09 42 37
09 40 36
10 41 35
12 39 34
12 39 33
13 38 32
14 40 32
13 39 33
12 38 32
12 39 32
12 39 32
11 40 32
12 38 32
13 38 32
12 38 33
12 38 32
12 38 33
12 38 33
11 40 33
11 39 32
08 39 32
12 39 33
14 39 33
12 39 34
13 39 34
12 38 33
10 33 39
10 32 39
14 37 35
12 38 35
12 39 32
13 39 33
12 39 33
13 38 34
12 37 34
11 37 35
12 38 35
11 38 34
13 38 35
12 38 36
12 38 35
11 37 34
12 37 33
12 37 35
11 37 35
13 37 34
11 38 34
12 38 35
12 38 34
12 37 35
14 39 35
11 37 34
12 39 34
12 37 34
12 38 34
11 38 33
12 37 33
12 38 33
12 38 34
09 37 33
11 37 34
12 38 35
12 38 35
10 39 37
12 37 36
12 39 37
12 39 36
14 38 36
14 38 36
14 38 34
13 37 34
14 39 36
14 38 35
13 38 36
13 38 37
17 38 36
17 37 37
16 38 35
17 38 36
17 38 36
15 37 36
14 38 35
13 37 35
10 39 35
10 40 35
04 40 39
02 39 37
05 39 33
04 39 34
05 39 30
10 36 29
14 37 30
16 37 31
15 38 30
14 37 29
15 37 29
16 37 30
18 36 30
20 36 30
21 37 31
20 37 31
17 36 33
13 37 33
07 36 32
05 37 32
04 39 33
04 42 35
04 41 33
04 42 35
06 41 38
11 38 37
13 40 36
14 38 37
15 38 35
15 38 35
15 39 35
17 39 37
17 39 36
20 38 36
18 38 35
18 38 35
14 38 33
13 38 35
11 39 34
12 36 33
06 39 32
02 40 32
02 39 30
03 37 28
03 38 29
14 40 34
15 41 32
15 37 32
11 36 31
13 37 30
15 35 31
15 35 31
17 35 31
18 37 31
17 36 32
17 38 33
17 38 35
14 39 33
10 41 32
11 45 33
12 43 32
05 43 32
06 44 32
09 42 34
03 46 34
02 45 34
11 42 34
15 39 35
16 40 36
16 41 34
16 40 33
17 39 34
17 41 34
18 41 34
19 41 33
17 40 34
19 39 34
17 42 34
15 41 34
13 42 34
11 41 33
06 40 33
04 40 34
05 40 31
03 38 30
00 38 30
06 35 32
12 39 32
14 38 33
14 38 33
15 38 32
18 37 34
19 37 33
19 38 33
18 39 34
19 37 33
17 38 34
15 39 32
12 43 33
10 43 33
12 43 32
10 43 32
07 44 33
06 43 33
06 41 35
05 42 35
07 41 35
11 39 36
14 38 36
14 38 36
15 38 35
16 37 35
18 36 35
19 37 36
19 37 35
18 37 36
19 37 35
17 38 35
14 39 35
11 39 34
10 38 35
04 41 36
05 40 35
05 41 34
04 38 32
06 36 31
05 39 32
10 37 31
15 38 32
17 38 32
16 38 33
17 37 32
18 38 33
19 38 33
18 37 34
18 38 33
17 37 33
17 39 33
13 39 33
09 37 35
10 37 33
05 40 34
05 39 34
05 39 36
04 41 38
02 40 37
07 37 35
11 37 36
13 37 37
14 37 37
17 37 37
19 35 36
18 35 36
19 38 35
19 38 34
19 38 35
19 36 34
16 37 35
08 39 35
10 37 33
11 38 33
11 39 34
07 41 33
03 41 32
04 39 32
05 38 32
05 38 32
08 38 32
12 36 33
14 37 33
13 37 33
14 37 33
16 37 32
17 38 33
17 37 34
17 37 33
19 36 33
18 37 34
14 38 34
12 38 33
11 38 34
13 38 32
08 39 32
04 38 31
03 38 32
03 39 34
06 37 36
08 34 40
12 29 42
13 36 40
16 38 38
15 38 34
15 37 33
15 36 34
15 37 34
16 37 33
17 37 33
14 38 32
12 38 32
10 38 31
11 39 32
04 40 32
02 37 30
06 37 30
09 37 30
08 34 30
05 36 31
11 35 31
16 34 32
17 36 33
16 37 33
15 36 32
18 36 32
18 36 31
16 37 32
16 36 32
15 37 33
13 38 34
09 40 34
09 38 36
05 40 35
06 39 34
07 38 35
03 37 35
03 36 35
07 36 35
12 36 35
13 36 34
15 36 35
15 36 34
15 36 34
17 35 34
18 36 35
18 37 35
18 37 35
17 35 35
16 36 34
12 38 35
12 36 35
10 37 35
11 37 35
08 38 35
06 38 34
06 39 34
04 37 31
03 36 30
06 37 31
12 37 31
17 36 31
17 38 32
16 37 32
15 37 33
14 36 32
18 36 30
18 35 32
17 37 32
16 37 32
15 37 32
15 41 33
13 41 32
12 40 31
09 41 33
04 41 31
04 38 31
06 41 34
04 41 35
05 41 35
09 39 35
11 38 35
14 38 37
16 37 36
17 36 35
17 37 35
16 37 35
16 37 35
18 38 34
18 37 35
17 38 34
13 37 35
12 36 34
11 36 33
08 39 33
04 41 34
07 36 32
09 39 33
03 40 32
00 37 31
05 35 30
10 36 30
15 37 32
17 38 33
17 36 32
17 37 32
18 36 33
18 38 32
17 36 32
19 36 30
17 36 31
15 39 31
13 40 29
11 42 30
15 44 32
07 41 31
03 43 31
04 42 32
05 42 35
01 45 36
05 41 36
11 38 37
15 39 37
16 38 37
16 35 36
17 33 36
17 32 35
15 34 35
16 38 33
17 39 34
16 38 33
16 36 33
15 36 33
14 36 32
12 37 32
12 36 32
10 39 33
06 39 33
02 40 33
02 37 30
00 38 31
05 37 32
14 39 33
18 38 33
19 39 33
18 38 35
17 38 33
18 36 31
19 39 31
18 39 32
17 38 31
14 39 33
13 41 32
10 40 32
11 40 33
15 37 34
10 38 34
00 40 32
03 36 31
00 39 36
01 41 38
10 38 39
14 37 40
11 30 42
14 32 39
17 33 36
13 36 36
12 40 34
11 40 33
10 36 34
12 35 35
12 39 34
13 37 34
14 37 35
13 37 34
12 38 34
12 36 34
12 38 34
10 39 34
09 39 34
10 42 35
12 42 36
11 44 36
12 46 37
15 46 36
16 46 37
17 46 36
19 48 37
20 48 37
19 48 38
19 51 38
19 54 40
19 54 40
22 55 39
26 55 40
28 52 41
32 53 40
34 50 40
37 47 40
39 44 40
40 43 38
40 42 41
40 41 42
40 40 42
40 40 46
39 39 47
39 41 48
38 39 48
37 39 50
38 38 51
38 40 52
38 37 51
40 38 51
40 39 50
40 38 51
41 39 50
41 37 51
40 37 49
42 39 51
41 37 51
40 38 50
40 38 51
40 39 51
41 37 50
39 37 52
41 38 51
39 38 50
41 37 50
41 38 52
41 37 51
39 37 50
39 39 50
41 38 52
40 38 51
41 39 50
40 36 49
41 39 50
