36 44 43
36 44 43
36 38 41
36 38 41
36 40 42
33 44 45
32 41 43
32 44 45
29 49 48
27 44 44
25 53 45
22 53 45
22 46 40
20 47 39
18 48 39
19 45 38
16 43 36
18 46 37
16 44 37
16 43 36
16 43 36
13 43 36
12 42 37
07 45 36
04 45 36
01 46 33
00 46 32
00 44 32
10 40 31
14 38 33
15 37 32
15 39 32
14 38 32
18 38 33
18 36 32
18 36 33
19 37 32
20 35 33
19 38 34
15 39 32
13 39 32
11 41 35
10 41 34
03 42 32
01 43 34
03 42 36
08 43 39
14 40 38
16 39 37
15 38 36
19 36 35
20 39 35
22 37 37
21 38 36
20 36 36
18 38 37
13 39 38
06 39 35
05 40 33
02 40 32
03 40 32
02 40 33
06 39 31
08 40 31
13 38 33
16 36 33
19 37 32
22 36 33
23 34 32
24 35 32
21 35 31
18 37 31
14 38 31
11 39 31
11 38 31
09 41 33
02 43 35
00 40 35
00 41 36
02 43 39
13 37 41
20 38 40
20 41 38
23 36 37
21 35 37
22 36 37
18 37 38
17 38 36
14 38 36
08 38 33
05 39 32
02 39 33
05 39 33
03 41 33
07 37 31
06 39 31
10 38 32
16 35 32
20 34 34
23 34 33
23 33 32
24 34 32
21 35 31
17 37 30
13 39 32
11 37 34
04 42 35
00 47 37
01 43 37
00 46 41
06 42 42
17 39 41
17 37 38
18 40 38
23 37 38
21 36 36
23 37 37
21 38 37
20 38 36
15 37 36
14 38 35
10 39 33
03 40 32
01 39 30
01 41 31
03 40 31
08 39 34
11 38 32
15 36 32
19 37 34
19 39 35
22 37 34
23 38 33
21 36 33
21 39 33
14 41 35
09 38 31
13 37 32
04 42 34
01 38 37
01 40 37
05 40 40
06 39 38
14 39 37
20 38 37
24 38 36
24 38 36
23 38 35
24 37 35
20 39 36
13 40 36
07 40 33
04 40 31
00 41 32
01 42 33
01 41 31
01 40 32
08 38 32
14 39 32
19 38 33
23 38 34
22 39 34
23 37 33
19 38 32
20 37 32
17 38 32
12 38 33
11 37 31
03 41 33
02 40 34
03 41 37
02 43 38
05 40 36
09 37 36
16 37 37
17 38 36
19 37 35
20 38 35
22 37 36
22 39 37
20 39 37
18 37 36
12 38 34
09 39 33
11 37 33
07 41 34
02 42 35
04 41 31
01 40 32
08 37 30
14 37 31
21 38 33
21 37 33
22 38 32
22 38 32
23 37 32
18 39 32
10 40 34
08 42 34
07 39 33
08 41 35
06 42 37
02 43 37
03 42 37
09 41 38
11 42 38
14 41 37
15 38 36
19 37 35
21 37 36
24 37 36
21 36 36
20 38 35
13 39 36
09 39 34
09 38 32
04 41 33
00 40 32
02 40 30
03 40 31
05 38 31
09 37 31
15 36 32
17 37 32
18 35 32
20 35 32
22 33 30
23 34 30
21 36 31
18 37 30
13 38 29
10 39 31
08 40 32
01 43 34
00 42 34
03 38 36
05 43 38
09 41 40
12 39 39
15 39 38
14 39 36
17 36 34
18 36 36
19 38 36
21 36 36
23 37 36
21 36 36
18 40 36
11 38 33
09 39 32
07 37 31
01 41 33
03 40 32
02 42 32
06 39 32
07 36 32
11 37 30
16 36 32
18 36 32
19 39 33
18 37 33
21 38 32
21 38 32
19 37 31
15 39 31
10 38 31
14 38 33
00 43 34
00 42 33
00 41 35
08 41 41
13 41 41
12 40 38
13 39 37
15 37 36
19 36 37
20 36 36
20 37 37
20 37 37
21 38 36
17 38 35
15 38 34
13 37 35
13 35 33
10 38 34
05 40 34
02 40 34
03 41 32
04 39 32
05 40 33
12 39 34
19 37 34
21 38 36
22 37 36
20 37 35
21 37 34
22 37 33
19 39 34
15 39 34
14 37 33
10 37 34
00 42 34
00 42 37
00 40 39
00 42 41
02 38 41
08 39 40
14 38 41
16 38 40
17 38 39
16 41 38
15 42 38
13 45 38
14 47 39
14 49 39
15 46 38
18 50 41
20 47 40
23 47 38
27 47 40
28 45 43
30 45 43
32 43 45
33 42 45
34 43 43
35 47 47
36 41 46
37 43 46
38 43 47
40 44 48
42 41 48
41 40 48
41 37 47
39 39 49
40 40 50
37 37 51
36 38 52
39 37 53
38 33 50
38 34 52
40 38 52
39 34 52
41 36 51
42 35 51
41 35 51
42 36 51
40 36 51
41 35 50
41 34 51
40 34 51
40 35 52
41 35 50
39 35 51
39 34 52
40 33 54
41 34 52
39 34 51
40 35 51
40 33 50
