35 42 44
34 46 45
33 45 45
33 44 44
30 44 45
28 43 44
26 46 43
24 49 45
21 47 45
21 46 42
18 53 44
17 49 44
18 43 39
17 43 40
17 44 39
15 42 40
16 41 38
16 42 39
15 41 38
15 40 37
15 39 36
14 40 38
11 38 36
11 40 37
12 40 37
12 40 38
11 43 39
06 43 38
04 42 37
00 41 36
02 40 32
08 38 34
14 38 33
14 38 34
14 38 34
15 39 33
18 38 33
20 35 33
20 35 33
23 36 33
22 35 32
19 35 32
16 37 33
13 38 34
12 38 34
10 38 35
04 39 35
00 41 31
00 43 36
06 44 42
11 41 40
15 40 39
18 39 38
20 38 36
21 38 37
17 39 37
15 40 38
18 38 36
17 39 37
17 41 37
14 40 37
14 38 35
09 39 34
08 37 34
15 36 34
12 39 35
09 41 34
03 45 33
00 42 29
04 39 27
07 37 30
13 36 33
16 37 33
16 38 33
18 38 34
18 37 33
21 36 33
24 34 33
23 35 33
20 37 33
13 38 33
10 40 36
08 43 37
02 44 36
00 48 37
01 47 40
07 44 41
15 42 40
19 39 38
19 37 38
19 38 37
21 39 36
21 36 36
20 38 35
18 40 35
15 39 36
10 39 35
06 38 36
08 39 37
04 38 34
03 41 36
02 40 33
01 38 32
03 37 33
11 36 33
16 38 32
19 38 33
24 36 34
24 36 33
23 36 34
22 37 33
19 37 32
17 37 34
16 37 34
08 38 35
05 42 36
00 40 33
00 42 36
00 44 43
09 42 43
15 40 40
17 39 38
19 38 36
20 37 37
23 38 38
23 37 37
22 38 38
18 38 38
12 39 37
07 39 35
02 39 34
00 40 34
00 40 34
01 38 33
02 38 33
10 37 33
15 36 33
18 37 33
21 38 33
24 38 35
22 38 34
21 36 34
21 37 33
17 37 32
12 38 33
10 37 35
06 42 38
01 41 39
04 41 40
05 43 40
10 40 39
16 39 40
19 38 39
22 36 39
24 38 39
21 38 38
23 39 37
20 38 37
16 40 36
06 40 38
09 35 34
06 39 34
01 39 35
00 39 33
01 39 30
03 37 29
07 36 31
14 37 32
19 38 32
22 39 33
22 38 33
22 37 33
23 36 32
21 36 33
18 37 33
11 40 33
06 41 34
05 40 34
07 41 37
02 45 39
01 43 38
03 41 37
10 39 36
15 37 37
17 38 36
21 37 35
22 36 35
23 39 35
22 38 35
21 38 35
18 39 33
12 40 34
07 39 33
08 38 32
02 40 33
01 41 33
01 39 31
04 37 31
04 39 32
09 37 33
16 37 33
18 37 34
19 39 34
20 37 34
20 37 34
22 36 34
21 37 34
17 37 35
13 37 33
12 37 33
09 37 33
07 39 34
02 41 37
00 40 36
00 40 37
01 39 39
10 38 39
16 39 38
18 39 37
20 38 36
21 39 37
22 38 37
22 39 36
22 38 36
20 39 34
13 38 33
06 38 33
08 36 33
15 35 33
05 39 34
00 42 33
00 41 33
00 40 33
07 37 34
16 37 33
21 36 34
24 35 34
21 37 35
20 36 34
20 36 33
22 35 32
19 36 32
15 37 32
13 38 32
14 39 35
10 42 37
00 45 34
00 42 35
01 43 40
04 43 42
13 39 40
20 37 38
21 37 37
19 35 38
20 35 38
21 37 37
21 37 38
19 39 37
15 39 36
11 39 35
09 36 34
05 38 35
00 40 34
00 40 34
00 40 33
01 38 32
05 37 32
13 36 33
20 34 32
23 33 32
23 33 32
21 33 31
23 33 32
21 36 31
15 36 32
10 38 33
13 37 33
07 43 37
00 44 36
01 42 35
01 45 40
07 42 40
14 41 41
18 41 39
20 39 38
20 37 36
21 35 37
23 38 38
21 37 37
19 37 39
15 38 38
09 38 33
06 38 31
01 36 31
00 38 31
01 39 29
01 39 29
05 38 31
13 38 33
18 35 34
21 37 33
20 38 34
19 38 33
19 37 33
20 36 32
19 39 33
17 40 33
15 40 34
14 38 34
14 39 36
07 42 38
00 46 38
00 48 37
00 51 41
02 51 43
03 51 42
07 50 40
15 44 38
19 46 37
19 47 38
23 43 37
23 46 40
26 45 40
26 45 42
28 45 41
33 47 43
34 44 43
36 46 43
37 44 44
38 42 43
39 45 44
38 41 44
38 37 47
39 41 48
39 40 51
37 37 49
39 40 52
39 39 53
38 36 51
39 40 52
43 37 51
41 38 52
41 37 51
40 37 52
40 39 51
41 37 51
40 36 50
39 37 49
40 38 54
41 36 51
41 36 52
42 36 50
40 35 51
