35 42 46
35 42 46
41 45 37
35 41 45
35 41 45
35 41 43
35 41 43
32 42 45
30 39 41
29 42 42
24 53 48
22 43 43
19 49 44
18 50 45
16 44 39
16 51 43
15 46 42
14 45 41
15 42 40
15 43 40
13 39 39
14 40 38
13 41 38
14 41 38
16 41 37
17 39 37
17 37 36
18 39 36
17 38 35
16 37 35
13 36 36
10 39 35
10 38 35
11 37 35
08 41 37
04 40 36
02 38 34
01 37 32
07 36 33
12 36 32
12 37 34
15 38 34
16 39 34
20 36 33
20 35 34
20 37 31
21 34 31
18 35 33
15 37 32
13 36 32
10 39 33
10 37 35
05 39 35
04 39 36
02 38 36
00 40 38
06 36 38
14 37 38
18 37 38
18 37 37
18 36 36
17 36 35
19 38 36
21 38 35
19 38 36
16 38 35
12 38 35
09 36 35
08 36 34
09 34 33
07 36 33
07 35 33
06 35 32
04 36 32
02 36 31
05 36 32
13 35 33
16 34 32
17 35 33
19 36 34
18 36 34
19 35 32
19 36 33
17 38 33
15 37 34
11 39 33
07 38 33
08 37 33
10 37 35
08 39 35
05 37 36
04 37 34
03 36 35
06 35 35
13 35 37
18 35 37
20 35 36
21 34 35
21 34 35
21 33 35
17 35 33
14 35 33
10 33 32
08 33 32
05 32 30
02 34 31
02 34 29
02 34 28
06 31 29
14 31 30
12 34 32
11 34 32
13 37 31
19 34 32
20 34 32
22 34 30
21 34 32
18 35 33
14 36 32
09 37 32
04 34 32
05 34 31
07 34 34
07 35 34
05 33 34
05 35 35
04 37 36
07 35 36
14 36 36
19 36 38
17 37 37
19 36 36
19 35 37
19 37 38
19 34 37
18 35 36
14 35 34
12 36 35
08 35 34
08 35 34
04 35 34
01 36 34
01 36 32
03 31 32
08 33 29
13 33 32
15 34 31
17 35 32
19 36 32
18 37 33
20 36 32
20 36 33
17 36 33
16 38 33
12 38 33
07 36 33
10 36 33
08 38 34
06 38 36
03 35 36
00 36 34
02 34 35
13 33 36
19 34 36
20 36 36
19 37 34
17 34 34
18 34 35
20 35 35
20 34 35
14 37 35
10 35 33
10 33 30
06 36 33
01 37 33
02 39 32
05 35 30
05 36 31
09 35 30
11 37 32
14 37 33
15 36 32
18 36 34
18 37 33
20 36 33
19 35 33
16 38 34
12 35 34
11 38 35
10 35 33
08 38 35
08 38 35
07 40 36
01 40 36
00 40 36
02 36 35
12 35 37
18 38 36
19 36 37
18 36 35
15 35 35
16 36 35
18 36 34
20 36 35
19 37 34
15 37 34
12 35 33
12 36 32
10 36 32
02 39 34
01 39 33
04 38 33
01 38 32
03 36 32
11 34 31
17 34 33
18 35 33
19 37 33
18 37 33
19 37 33
20 35 33
18 34 33
18 36 32
13 36 32
10 36 33
09 36 33
05 38 34
05 40 34
02 40 34
00 41 36
03 38 36
13 37 37
18 37 36
20 36 35
20 37 36
19 37 36
20 36 36
19 36 35
18 37 35
15 35 34
11 36 34
07 36 32
09 36 32
08 36 32
04 37 32
02 37 31
07 36 29
03 36 29
07 35 31
11 35 31
16 35 32
17 36 33
18 36 32
18 35 32
21 35 31
20 36 30
17 36 30
14 36 31
09 38 31
08 37 31
07 37 32
02 41 33
06 38 33
09 36 34
07 38 37
03 39 36
08 34 35
15 35 36
18 36 37
19 36 36
18 35 37
20 36 36
22 35 35
19 35 34
15 36 35
09 35 33
08 35 31
09 35 30
04 36 31
03 37 31
03 37 32
05 37 32
03 35 32
06 33 31
11 34 32
17 33 33
20 34 34
21 34 33
20 33 31
21 33 31
20 34 31
18 36 32
13 36 31
08 38 31
09 36 33
06 40 33
04 38 34
04 38 35
02 38 36
02 38 37
09 36 38
17 37 38
18 38 36
19 37 37
20 34 36
23 35 37
23 36 36
19 36 35
14 35 35
10 35 32
07 33 31
05 35 31
02 36 33
05 37 33
04 35 30
04 34 30
07 33 32
11 35 32
14 34 34
18 35 33
19 35 34
19 35 34
20 35 32
19 35 31
16 37 31
14 37 31
11 37 32
11 37 32
06 38 36
00 42 38
00 40 38
00 39 39
01 44 42
05 41 41
08 43 42
12 39 41
14 36 40
15 40 40
16 45 41
17 44 42
19 44 43
21 42 43
22 41 42
22 43 43
26 40 42
28 42 42
31 47 47
32 46 46
34 44 45
33 47 47
36 46 46
36 46 45
39 44 46
40 43 46
38 42 48
38 39 47
39 42 48
38 41 51
38 36 51
39 40 52
39 37 51
39 36 51
40 36 52
42 38 53
42 37 51
42 38 52
41 37 51
42 38 51
41 37 50
41 37 51
41 37 51
40 38 51
41 37 51
42 36 51
41 37 51
40 38 51
41 37 51
42 37 51
40 37 49
41 36 52
41 38 53
42 38 50
42 37 51
42 36 50
40 36 50
42 38 50
