37 39 45
37 39 45
37 39 45
36 39 43
35 42 43
35 42 42
34 41 40
29 51 47
28 49 44
28 44 40
25 46 45
24 45 43
19 43 44
13 54 48
16 45 45
17 42 42
15 42 42
16 43 41
16 38 41
15 42 40
17 42 40
18 42 38
18 42 38
17 41 37
16 41 37
13 41 37
09 39 34
03 41 36
03 41 39
00 42 33
01 42 32
06 39 31
11 34 31
17 34 31
20 33 30
20 33 31
20 32 30
16 33 29
16 34 28
14 38 30
17 38 30
23 37 30
29 37 32
15 39 36
03 46 38
00 50 36
01 43 41
07 45 47
13 42 45
20 38 41
22 39 39
22 37 35
22 37 34
16 36 31
03 41 30
00 39 27
00 40 29
00 39 33
10 38 32
18 34 34
22 34 37
24 35 36
22 36 34
22 35 33
22 35 32
19 37 33
14 38 33
10 39 34
02 42 36
01 43 35
00 47 39
03 42 42
13 41 42
17 40 39
17 37 39
17 36 37
19 37 37
22 38 37
21 38 37
22 39 37
19 39 36
14 39 36
11 37 33
08 39 32
01 38 34
00 42 35
00 42 34
01 40 32
06 40 33
14 39 34
20 39 34
20 37 34
21 40 36
19 40 35
18 42 35
15 45 35
13 48 39
12 52 40
11 51 43
12 52 44
11 58 50
14 49 46
18 50 49
20 50 49
26 45 46
31 42 46
35 39 42
36 37 43
35 41 45
35 40 46
36 39 46
34 39 47
33 39 50
36 40 51
33 35 52
36 36 55
37 38 57
36 31 50
37 35 52
38 37 52
39 33 51
40 36 51
40 35 53
39 37 52
39 35 52
39 36 53
39 36 52
39 35 51
39 34 52
39 35 52
39 35 51
39 36 53
41 36 52
40 35 51
41 36 51
40 36 52
40 35 53
40 36 52
41 36 51
41 35 52
41 35 50
40 36 52
40 34 51
41 36 52
40 35 51
40 35 52
39 34 52
41 37 53
40 35 52
40 35 48
41 36 54
41 37 55
40 34 51
40 34 51
40 35 50
40 35 50
