37 43 45
37 43 45
35 42 44
36 41 41
33 40 43
31 41 45
30 38 41
27 45 46
25 41 44
20 49 44
15 60 49
14 52 50
15 47 46
16 41 44
18 43 44
17 40 42
18 40 40
18 39 41
18 39 40
19 38 38
20 39 39
18 38 39
16 40 38
12 37 39
13 38 39
11 34 39
04 40 38
00 44 32
00 40 30
02 38 31
08 38 33
11 38 33
13 37 33
17 36 35
20 37 35
21 36 35
22 36 34
17 36 34
18 38 32
15 36 32
12 38 33
14 38 33
14 37 37
06 42 37
00 42 38
00 42 37
10 41 43
16 40 43
14 41 40
13 35 37
15 32 36
19 35 35
22 35 37
25 38 38
24 37 38
23 37 37
27 34 34
27 35 36
06 39 36
00 41 30
00 39 25
00 39 32
07 39 35
09 39 33
12 40 35
18 36 34
27 33 32
27 34 30
27 34 35
10 39 38
01 39 35
00 43 36
00 41 39
04 40 43
13 39 40
20 37 37
23 36 36
24 35 37
23 38 36
18 39 37
16 39 37
12 39 36
02 42 37
00 41 32
02 41 31
01 41 33
06 39 30
15 35 30
17 36 32
18 35 33
16 36 30
21 32 30
20 36 31
14 38 33
14 39 30
18 40 31
19 40 34
19 41 35
18 44 36
16 43 35
18 43 38
10 43 42
00 47 38
00 45 37
00 45 42
00 47 43
10 43 39
17 41 41
20 39 40
21 38 38
21 39 35
21 38 35
20 38 35
20 38 35
17 38 36
15 39 35
14 38 36
09 41 39
03 42 40
06 43 36
09 44 37
10 43 37
10 45 36
10 46 35
09 47 36
12 47 39
12 47 39
18 46 39
22 45 43
22 44 42
24 43 42
26 43 42
27 43 44
27 43 44
29 46 47
33 46 46
32 46 49
33 48 51
36 42 47
36 45 49
37 44 48
39 41 45
38 41 45
38 54 50
39 38 46
39 41 44
38 40 46
38 35 49
38 40 52
39 38 52
40 35 51
40 37 51
40 36 52
40 35 52
40 36 52
40 37 53
40 38 52
40 36 51
40 34 51
40 36 52
40 35 52
39 35 51
39 35 53
40 37 52
39 35 52
39 33 51
39 36 52
39 36 53
40 35 52
38 35 53
40 35 52
39 36 52
38 35 52
39 35 52
38 35 52
37 37 51
40 35 54
40 36 53
39 35 52
38 35 51
38 36 52
39 36 53
39 34 51
39 37 51
39 35 53
40 37 52
39 36 52
39 36 52
39 34 50
38 35 53
