12 38 35
12 38 35
13 40 35
13 40 36
12 40 34
14 39 35
13 40 35
12 39 35
12 40 35
12 40 35
13 37 37
12 40 35
13 39 36
13 40 36
13 39 37
12 41 36
13 41 36
12 41 38
13 42 37
14 41 38
15 40 38
15 42 38
15 42 39
16 42 39
18 41 39
17 41 39
18 41 39
16 41 39
17 40 39
17 42 38
12 43 37
10 43 37
09 43 37
13 44 37
14 44 37
13 44 36
14 42 36
14 42 35
15 44 35
18 42 35
18 42 34
18 44 35
18 45 35
16 43 34
18 42 34
19 41 35
19 39 35
20 40 35
20 40 35
20 39 34
18 40 34
17 41 36
17 43 36
11 46 37
08 48 38
06 52 37
01 56 39
09 50 40
14 47 41
14 47 38
15 44 36
17 42 36
21 40 35
24 39 35
24 38 34
28 36 35
27 37 33
26 38 33
22 38 34
16 41 34
06 44 33
00 46 34
00 46 31
00 48 32
04 45 33
11 44 36
16 45 36
20 46 35
21 44 35
20 43 35
19 41 34
21 40 33
22 38 33
24 37 33
22 39 33
20 39 33
17 42 34
09 48 34
03 52 35
05 52 35
02 56 38
11 53 41
14 51 41
16 46 38
18 45 37
22 42 36
24 41 34
26 37 33
25 38 33
27 37 35
25 35 34
22 36 33
17 38 32
15 40 33
09 39 31
01 43 31
00 49 35
00 55 31
02 48 32
13 45 37
14 46 39
19 46 37
21 44 37
24 42 36
27 41 35
25 40 35
24 39 35
22 40 33
20 40 34
16 40 35
10 43 36
00 43 38
00 41 33
00 43 35
00 43 38
09 40 40
13 41 40
18 38 38
21 37 34
22 36 32
25 37 33
27 36 33
27 36 34
27 37 35
22 38 34
19 37 33
13 37 33
07 40 33
00 43 33
00 46 31
00 49 29
03 45 33
12 42 39
16 46 37
19 46 37
19 44 39
20 44 39
22 42 40
22 42 37
21 43 35
23 40 33
21 37 32
18 40 34
10 41 34
00 45 32
00 43 34
00 43 34
00 44 36
05 42 37
13 41 38
16 38 34
17 39 33
22 36 32
25 36 34
27 36 35
30 37 34
26 38 33
23 37 33
21 38 33
12 39 33
01 44 33
00 47 35
00 47 32
00 47 33
10 42 39
16 40 38
18 43 39
21 43 37
22 44 38
23 40 37
21 40 34
23 39 34
24 40 34
18 42 35
14 43 35
03 44 34
00 42 34
00 41 36
00 43 34
00 44 37
04 42 37
08 40 36
15 31 35
20 36 33
22 36 35
23 38 34
22 40 35
25 39 35
25 36 34
24 36 35
21 36 34
16 40 33
09 40 33
02 40 34
00 41 35
00 46 32
00 43 31
12 41 35
17 40 35
20 42 34
22 43 34
20 41 34
23 41 34
21 41 33
21 40 32
20 39 33
17 39 33
11 40 32
00 40 33
00 42 31
00 43 33
04 42 37
04 39 38
09 35 37
15 38 37
18 36 36
20 36 34
25 38 33
26 36 34
27 36 34
25 35 34
24 35 34
18 36 32
14 37 31
06 39 34
00 41 34
00 41 34
00 43 32
05 43 31
14 41 36
15 39 39
19 45 37
21 44 36
21 43 33
24 41 34
26 38 34
21 38 33
16 39 32
12 39 33
00 41 33
00 41 34
00 43 36
01 42 39
13 37 41
15 37 39
15 37 35
18 37 34
19 36 35
24 33 34
24 35 34
25 35 34
23 36 34
18 35 33
15 38 32
08 39 33
00 42 34
00 43 34
00 47 32
03 43 32
10 40 36
16 39 38
21 42 36
22 41 34
22 42 33
23 40 33
24 38 32
23 39 33
19 38 33
16 39 36
05 41 34
00 42 34
00 43 37
03 43 41
09 42 39
13 40 37
16 37 36
16 37 35
23 37 36
25 36 35
24 38 36
22 37 34
19 36 33
16 36 32
06 42 33
00 41 33
00 40 32
00 43 31
08 41 34
12 40 36
14 43 37
18 42 36
19 42 36
21 40 36
22 39 34
22 39 33
20 39 35
12 40 32
02 41 33
00 39 33
00 41 36
04 41 39
10 43 40
15 42 39
16 40 38
18 38 37
19 36 38
22 37 37
22 39 38
23 38 38
22 39 36
18 38 37
14 40 34
01 41 34
00 42 32
00 43 33
03 41 33
07 40 35
12 41 35
16 41 36
20 41 38
19 40 35
18 40 36
13 39 33
05 40 33
04 40 33
10 39 34
12 40 36
12 41 37
14 40 37
17 40 36
18 38 35
18 37 36
19 38 35
16 38 35
11 41 35
05 40 34
03 40 33
13 38 34
18 37 33
16 38 32
14 39 31
11 39 31
11 39 31
11 40 32
14 39 32
14 39 32
11 39 32
13 39 33
13 38 33
12 40 35
12 40 34
11 39 34
13 38 34
13 40 37
12 39 36
12 39 37
13 39 37
12 39 36
14 39 36
12 39 36
12 40 36
12 39 35
13 40 35
12 39 35
14 40 34
13 39 35
12 39 35
14 39 34
15 39 36
12 39 36
14 39 36
13 39 36
13 38 36
12 40 36
13 38 36
11 40 37
13 39 36
12 40 37
13 39 36
12 39 36
12 38 36
13 40 35
13 39 36
13 40 36
12 40 36
13 39 36
13 40 36
13 39 36
13 38 36
13 39 36
12 40 37
14 39 36
12 39 36
14 40 35
13 40 36
13 39 36
12 39 37
14 39 36
13 40 36
13 39 36
12 41 36
12 40 36
13 39 36
13 39 36
14 40 37
13 38 35
13 40 37
12 40 36
13 40 36
12 39 36
13 39 36
13 40 35
12 39 36
13 39 36
14 39 36
13 39 36
