30 39 51
37 33 32
28 39 51
28 38 52
27 40 51
27 40 50
27 37 49
26 39 48
28 40 47
28 42 47
29 42 46
28 43 45
26 42 43
27 44 37
25 48 35
25 51 35
22 52 36
21 48 36
20 40 36
17 29 36
10 32 40
09 44 39
12 50 40
14 43 38
16 42 35
19 39 35
20 38 35
18 40 34
16 39 32
09 39 31
00 39 30
00 39 28
00 40 29
03 39 32
09 38 35
09 37 34
14 34 34
19 34 33
20 34 31
20 37 31
21 34 32
23 36 32
23 37 33
22 36 34
23 39 35
18 39 34
07 41 35
00 42 36
00 42 38
00 41 40
10 40 40
08 41 38
06 43 39
14 38 39
18 35 37
20 37 37
22 38 37
21 39 35
21 37 35
20 35 34
23 36 33
19 37 34
11 38 31
00 39 30
00 40 30
00 41 35
03 42 34
07 36 33
13 35 35
19 34 35
20 35 34
19 36 34
20 37 33
21 36 33
21 37 33
23 39 33
20 40 34
22 40 36
14 44 36
03 45 37
00 42 38
00 46 41
04 42 44
08 38 43
11 40 41
15 36 38
21 35 36
24 35 37
23 35 36
22 37 34
21 38 36
20 37 34
20 38 34
18 38 33
11 40 33
00 37 32
00 42 32
00 42 34
04 40 35
09 36 35
14 36 36
19 36 36
21 34 35
20 36 35
20 37 34
20 36 35
22 36 33
19 37 32
19 40 32
12 42 32
00 46 30
00 46 33
00 43 41
06 42 45
13 40 43
12 42 40
14 36 39
19 35 39
25 35 37
24 37 37
25 37 37
22 39 36
21 40 33
18 38 32
16 38 32
01 42 30
00 40 31
00 44 32
00 40 32
06 38 33
15 38 35
19 38 34
21 36 34
23 37 34
23 38 34
22 37 33
21 39 32
21 41 33
22 41 35
15 43 34
04 44 34
00 47 36
00 50 39
06 48 44
13 42 41
13 44 37
14 42 36
20 38 38
22 38 35
21 39 35
22 38 34
19 39 32
21 38 31
21 37 32
24 40 32
13 43 32
00 47 30
00 46 32
00 54 32
00 49 34
09 43 34
14 38 34
18 38 34
21 39 34
23 38 35
22 37 35
23 39 35
21 40 35
21 42 35
18 43 36
14 46 36
11 46 39
06 48 41
01 52 41
04 50 43
11 44 44
18 44 40
21 43 38
22 40 38
22 41 37
22 42 37
21 43 38
21 43 37
21 42 38
23 44 37
24 43 36
20 44 36
20 47 36
13 52 37
07 56 37
06 59 37
10 51 35
14 46 36
19 43 36
20 43 36
22 42 33
23 43 35
23 43 35
23 44 35
23 45 35
23 46 37
24 47 37
23 47 38
22 49 39
21 51 42
15 57 41
09 63 47
09 55 47
15 48 42
23 46 38
24 46 39
25 45 37
25 45 37
25 44 36
26 42 37
26 43 37
26 43 36
26 41 36
25 42 34
25 45 36
19 49 35
15 56 36
05 59 35
04 61 34
07 59 35
11 54 35
18 49 36
20 47 37
22 45 36
25 44 35
25 43 34
24 44 33
25 41 33
24 44 33
27 44 35
23 47 35
17 53 36
12 55 38
10 60 42
03 61 45
13 51 45
14 48 44
20 45 40
24 41 37
24 40 37
25 38 36
25 39 36
24 40 36
24 41 36
22 41 37
21 44 36
21 43 37
20 44 37
17 48 37
06 53 40
01 55 39
00 54 37
06 50 37
12 47 37
17 46 39
21 43 40
21 43 38
25 40 36
25 44 34
23 43 35
23 43 35
29 41 37
20 45 35
21 46 36
17 53 42
13 56 44
15 59 46
12 61 50
16 57 49
22 52 47
25 50 44
27 48 40
29 44 39
31 41 38
32 42 38
32 43 38
32 42 40
31 43 40
31 42 39
30 42 43
32 44 46
32 47 51
32 51 58
31 51 61
27 43 56
28 39 52
31 41 52
32 40 51
32 40 49
34 37 47
32 36 46
34 35 46
33 35 47
34 34 47
35 35 47
32 36 51
33 37 54
31 38 60
30 37 61
29 42 62
25 41 62
27 42 60
30 38 53
30 35 52
31 36 53
30 36 52
31 36 51
31 37 49
29 36 51
29 37 51
29 37 52
30 38 53
29 37 57
28 41 56
29 43 54
32 41 52
33 39 51
32 38 51
31 38 52
31 40 51
31 42 50
30 38 50
32 40 51
32 41 51
31 41 51
30 40 51
30 40 52
