32 42 48
32 42 48
34 46 46
32 41 42
32 42 40
32 41 41
30 42 42
29 41 40
26 44 42
23 51 46
18 50 45
18 50 45
18 46 48
15 44 47
12 42 43
12 40 45
14 41 45
15 40 44
15 40 43
16 38 43
15 39 42
14 41 41
16 39 41
16 38 39
18 39 40
19 38 39
17 39 40
16 37 39
16 39 38
13 38 39
12 38 40
14 39 39
14 40 39
12 37 38
09 40 37
07 39 37
05 42 37
08 41 34
09 41 34
11 39 35
14 39 34
15 38 32
15 39 35
16 39 35
18 38 34
19 38 35
17 38 36
17 38 36
17 38 37
14 39 38
14 41 38
10 42 37
07 42 39
06 41 38
07 45 42
10 42 43
12 39 40
12 39 39
14 39 39
14 40 39
14 40 38
15 40 38
19 39 38
20 37 39
16 38 37
18 39 39
22 36 39
20 38 39
20 38 38
16 39 38
12 39 39
11 37 37
10 41 40
06 38 38
05 39 35
04 42 38
05 42 37
09 43 34
10 39 34
11 39 33
15 39 34
15 39 33
16 39 33
17 40 34
19 39 36
18 38 35
17 40 35
19 41 38
18 41 37
17 39 37
17 41 37
16 43 36
18 42 35
16 44 36
11 43 34
07 41 34
08 42 36
08 42 37
04 43 37
08 41 38
12 41 38
16 41 42
13 43 39
08 46 44
14 40 45
16 43 43
15 39 43
17 36 43
17 36 40
21 39 40
20 36 41
17 38 37
15 35 39
17 36 40
15 36 40
15 36 40
15 36 38
15 38 42
13 38 40
11 38 43
08 39 43
08 39 44
06 42 46
11 39 41
16 38 41
16 37 41
17 39 41
16 39 40
18 38 38
18 38 37
19 39 37
18 37 37
19 36 39
18 37 37
18 37 38
16 39 38
16 39 38
13 43 40
10 44 40
08 44 41
07 44 42
07 42 41
09 42 41
07 42 41
10 39 42
13 39 41
17 38 39
18 38 39
17 38 37
18 37 37
19 38 38
20 38 37
20 38 37
20 37 37
18 39 38
15 40 38
14 41 39
13 40 39
13 41 40
10 43 41
08 44 40
08 42 39
07 41 38
10 42 39
14 40 39
09 42 38
12 42 37
14 40 38
15 40 38
15 41 38
17 40 38
17 40 38
18 40 38
18 39 38
17 40 37
17 40 37
17 41 37
17 40 38
17 40 39
16 41 38
16 42 39
13 42 39
10 41 40
12 41 41
08 43 41
05 42 40
09 40 40
13 41 41
13 39 39
11 41 39
15 39 39
16 40 39
19 40 39
18 39 38
19 39 38
22 38 38
21 38 39
18 38 37
15 38 37
14 39 38
12 38 37
12 40 37
09 39 37
07 40 37
05 39 37
07 38 37
09 38 36
10 38 37
07 38 36
03 40 38
10 36 36
14 35 36
14 36 35
14 38 35
14 38 36
17 38 36
17 36 35
17 39 36
17 37 36
16 40 37
14 40 40
13 42 38
13 41 38
14 39 39
14 40 38
10 40 37
09 38 38
07 37 35
04 38 39
09 37 39
11 38 38
13 38 37
13 37 36
13 39 36
15 38 37
15 37 38
14 45 40
14 43 38
16 43 37
20 42 38
20 41 38
20 41 36
20 39 35
20 40 37
18 39 37
17 38 37
14 37 39
12 39 38
09 38 38
07 39 38
05 41 40
05 44 38
06 42 37
05 42 38
10 40 37
14 40 37
14 40 36
14 40 37
15 38 36
15 40 35
15 39 35
16 40 35
13 40 35
19 37 33
16 39 36
18 39 39
14 40 38
14 40 38
13 41 36
15 40 37
16 40 37
14 39 38
14 39 38
05 48 39
06 44 36
08 51 44
12 46 42
13 46 37
15 41 36
16 40 34
15 38 34
15 39 34
14 40 36
15 42 36
16 44 36
15 43 36
17 40 37
18 41 37
17 39 38
19 40 38
19 40 39
19 43 39
20 42 38
16 43 39
17 43 39
16 43 39
14 43 40
14 42 38
12 41 37
11 43 38
08 43 37
06 44 36
08 42 36
10 41 36
06 42 34
05 41 34
11 40 35
17 40 36
14 39 36
14 39 35
16 39 34
16 39 34
20 39 34
16 37 35
16 40 35
16 39 36
15 41 35
15 41 36
16 41 36
15 41 38
15 42 37
14 43 38
11 42 38
09 43 38
08 44 37
10 41 38
09 42 38
09 40 39
12 39 38
13 39 38
13 41 39
13 40 38
14 40 38
15 40 37
18 41 37
17 40 37
20 41 37
21 40 38
20 40 39
18 41 38
17 41 38
15 41 37
14 42 39
16 42 38
10 44 39
06 42 37
04 43 35
08 41 36
10 40 34
11 42 35
10 40 35
12 40 34
12 40 35
15 40 35
15 37 36
15 39 37
16 40 36
17 39 37
18 39 37
17 38 35
18 40 35
16 39 35
15 40 35
15 41 34
15 40 37
16 43 36
15 42 36
09 43 36
06 41 38
08 42 38
07 42 38
07 41 37
10 41 39
12 41 38
11 41 39
13 40 36
15 41 36
16 41 38
16 41 37
17 41 36
16 41 36
17 43 37
17 41 36
19 41 37
18 40 38
18 42 38
17 42 38
16 43 37
16 44 37
15 45 38
12 45 38
10 46 38
12 45 38
11 46 37
10 46 37
14 44 37
14 44 37
14 45 37
15 44 37
16 44 35
18 44 36
19 43 35
20 43 36
20 42 35
20 42 34
20 42 35
20 43 36
20 45 35
18 47 37
18 46 38
16 49 39
17 48 39
12 53 40
08 53 40
09 52 40
09 55 43
11 53 43
15 50 42
20 49 43
22 49 44
24 52 44
27 49 45
29 48 45
31 46 44
32 44 44
32 44 45
35 42 46
35 45 47
37 43 46
36 43 48
36 42 47
36 42 47
36 41 49
32 39 46
33 41 51
31 40 52
31 35 52
30 35 52
30 36 53
30 33 51
32 37 53
32 34 53
32 36 51
35 35 57
35 34 54
34 33 52
34 35 53
34 35 52
33 33 53
33 34 53
32 34 54
32 35 52
31 34 53
32 34 53
33 34 53
32 34 53
32 33 53
31 33 53
32 34 52
31 35 52
31 34 51
31 35 53
32 34 53
32 35 53
32 35 52
32 36 53
33 35 52
33 35 53
