39 41 40
39 41 33
39 42 40
38 40 40
37 37 39
35 37 38
32 40 39
30 43 39
27 41 39
20 42 41
08 55 41
04 55 45
01 41 43
00 39 41
04 47 41
07 42 42
11 43 42
09 41 41
12 39 39
14 39 38
15 37 38
14 38 38
14 41 38
13 38 39
14 38 40
16 38 39
15 40 40
15 39 40
15 38 39
14 39 39
18 39 38
17 39 38
16 39 38
17 39 36
19 39 37
18 38 36
20 38 36
18 39 35
17 39 37
14 40 38
10 40 36
09 41 37
05 44 41
00 43 37
00 45 29
07 38 30
14 36 31
15 36 31
13 39 34
11 39 33
14 39 31
15 37 32
16 37 32
17 38 34
18 37 35
20 39 34
20 37 33
18 36 32
16 36 32
14 38 32
12 38 33
13 39 33
07 41 34
03 43 34
00 43 34
02 44 38
10 44 43
15 42 41
17 41 38
16 39 36
17 36 38
21 37 38
22 36 39
20 36 36
20 38 35
17 39 36
15 39 34
11 38 33
09 38 33
06 39 33
01 40 35
05 40 35
01 40 34
02 37 30
09 36 30
11 35 33
10 35 33
13 39 33
14 39 33
15 36 32
17 37 32
18 37 33
17 36 33
19 36 34
19 36 35
19 37 35
11 37 33
10 39 33
12 39 36
13 42 39
09 43 37
11 42 36
08 44 35
03 45 37
09 43 38
11 40 37
15 40 37
15 39 34
19 37 36
19 37 37
20 33 38
20 33 38
19 36 40
16 37 39
12 40 37
09 38 37
10 36 35
10 36 35
08 31 35
02 33 37
04 38 34
00 45 34
00 39 31
09 37 31
14 36 33
15 37 35
16 38 34
19 36 31
19 37 33
18 36 33
22 37 33
21 36 34
20 36 34
17 37 34
13 40 36
10 42 36
06 41 36
07 38 37
06 48 35
00 59 31
09 50 39
19 38 40
16 38 36
18 37 34
22 35 34
20 36 34
19 41 35
21 39 37
21 37 35
20 39 35
19 40 35
14 38 35
13 36 33
01 41 36
00 39 33
00 40 27
00 41 30
10 38 34
16 38 35
18 38 34
19 37 33
19 37 33
22 36 32
22 35 33
25 34 32
22 37 33
18 39 34
12 38 35
04 40 35
02 37 33
00 38 34
00 38 34
03 38 39
09 39 37
12 39 36
15 35 36
18 35 37
22 37 37
23 36 38
23 37 38
20 36 36
17 37 36
16 36 36
14 36 36
12 36 36
02 37 36
00 36 34
02 38 33
00 38 33
03 37 32
07 39 33
11 37 35
17 39 34
19 38 35
20 37 34
21 36 32
19 37 32
21 37 33
21 38 34
20 36 34
16 37 33
14 38 33
12 39 34
05 40 36
04 42 36
02 41 38
00 42 40
00 42 42
12 36 41
17 37 40
19 36 38
21 37 37
22 37 38
21 37 39
20 39 37
18 41 38
16 38 38
15 37 35
13 38 35
13 39 35
09 42 38
01 51 41
00 43 35
01 48 39
02 45 42
10 42 42
14 37 39
19 36 38
24 30 34
27 33 37
26 38 38
22 39 38
15 40 37
10 44 38
14 44 40
18 40 39
21 40 40
23 40 41
20 43 44
15 44 47
11 37 42
08 37 41
11 37 44
07 37 45
14 48 46
16 41 38
18 40 38
21 40 38
22 40 36
22 38 36
22 37 35
20 39 36
15 38 35
11 38 36
10 37 34
02 41 38
00 42 37
00 42 35
01 40 36
04 41 36
12 39 36
15 35 34
19 34 32
21 36 34
20 37 34
23 37 34
23 36 34
22 36 33
20 40 35
16 45 36
13 43 37
08 49 38
02 53 37
03 50 38
03 51 43
07 48 49
14 46 46
19 44 42
17 44 39
13 45 36
13 49 37
14 50 36
20 44 37
22 49 36
25 58 37
28 48 38
31 48 39
33 48 41
34 47 41
36 42 48
38 39 43
43 53 48
40 52 48
38 49 46
37 59 49
31 45 43
32 37 44
35 37 48
37 40 50
36 37 49
37 36 49
40 37 50
39 37 49
37 37 49
38 38 49
38 37 50
39 40 50
40 42 52
42 46 52
44 46 56
