37 40 48
37 41 48
37 41 50
37 41 47
35 38 45
35 35 43
34 38 46
31 37 46
31 36 46
28 43 51
27 38 47
23 41 46
22 44 48
12 39 39
11 48 43
10 48 45
10 45 43
09 44 42
13 45 38
15 42 39
16 42 38
17 41 37
18 39 37
19 39 37
19 40 37
18 39 37
17 40 38
15 39 37
10 42 38
00 47 40
01 46 37
02 42 34
02 44 37
07 41 34
14 40 34
18 36 34
19 37 32
17 39 32
17 39 33
19 38 32
22 36 32
22 36 33
22 38 34
19 39 34
16 39 35
14 42 37
12 40 36
18 40 38
08 45 41
02 45 39
00 42 37
00 45 40
11 40 41
17 41 40
21 43 38
18 41 38
18 39 35
19 37 35
20 37 36
20 39 36
19 40 36
17 40 36
12 38 36
10 39 35
10 38 35
10 39 35
07 40 34
03 41 36
03 42 33
04 40 32
08 39 33
13 37 33
18 37 33
23 36 35
24 35 35
24 35 34
20 37 33
14 37 33
11 39 33
14 40 33
12 41 36
09 43 38
06 43 36
06 45 38
05 43 40
01 44 38
05 44 41
15 40 41
20 38 40
19 40 38
21 37 38
22 37 38
22 38 37
22 38 39
19 39 37
17 38 38
12 39 36
08 38 34
06 37 34
03 40 33
04 39 35
05 41 35
04 40 34
04 40 33
10 37 33
16 36 34
20 37 34
21 36 35
23 36 35
24 37 34
24 37 35
20 36 34
14 38 33
09 39 34
12 39 37
05 44 37
00 42 37
00 41 37
03 43 40
07 42 42
15 40 40
18 38 38
19 38 37
22 37 37
23 36 37
24 36 37
22 37 37
19 39 38
12 38 38
11 38 35
08 39 35
00 41 35
00 42 36
02 42 34
05 39 33
11 36 34
17 36 33
19 36 34
19 38 34
21 36 35
22 38 34
21 37 35
16 38 35
11 38 34
11 38 36
08 42 38
02 43 37
00 42 39
04 42 41
09 41 42
13 39 40
16 38 38
17 38 36
20 38 36
20 38 36
20 38 36
22 37 36
20 38 36
17 40 35
13 39 35
12 38 35
11 37 34
04 39 34
01 40 34
02 42 35
03 41 35
07 42 35
12 39 34
17 38 34
20 38 35
21 38 35
22 38 34
22 37 34
25 36 34
23 39 33
16 40 34
13 41 36
10 42 35
07 42 35
03 43 37
03 43 37
02 43 39
03 41 37
10 39 36
16 39 37
18 37 36
19 37 35
21 36 35
19 39 35
19 39 35
20 37 34
15 39 34
14 39 34
10 40 34
13 37 33
09 40 33
02 41 34
00 42 33
02 42 31
03 41 33
11 38 32
17 37 34
19 37 34
21 39 35
20 37 34
19 37 34
21 37 33
20 37 33
16 39 34
13 40 33
12 39 34
11 40 35
07 41 35
05 42 35
04 39 36
01 41 36
01 41 37
12 39 38
20 38 38
21 38 38
21 38 36
20 37 36
20 38 35
19 38 36
20 37 36
19 37 35
16 38 36
10 39 35
08 38 35
08 39 34
00 42 35
00 41 33
02 41 33
04 40 34
09 39 34
15 35 33
19 36 34
21 37 33
21 37 33
20 37 32
18 37 33
20 37 33
17 39 33
13 40 34
12 39 35
04 42 38
00 43 36
04 38 38
06 40 40
07 41 40
10 38 40
15 38 40
18 38 37
18 37 37
18 38 37
18 38 37
20 37 35
22 38 37
20 38 36
16 37 37
12 38 36
12 36 34
11 36 34
05 42 35
02 42 35
03 40 35
02 39 34
06 39 34
08 37 33
14 37 35
19 37 35
19 36 37
20 36 35
20 35 35
20 36 34
20 37 33
18 38 34
16 38 34
12 39 34
10 41 35
12 40 36
06 42 37
01 41 36
01 39 36
03 39 39
09 40 39
13 39 38
18 37 38
16 38 38
18 37 36
20 37 37
20 36 36
20 37 37
22 38 36
19 37 36
15 37 36
11 37 34
10 38 33
01 40 33
00 39 33
03 41 32
04 40 35
07 39 34
13 39 36
18 37 35
21 37 35
23 37 35
21 36 35
21 37 34
20 39 33
17 38 35
13 40 34
11 39 34
12 38 35
08 40 37
00 42 37
00 40 37
00 40 38
00 39 40
08 38 41
13 35 41
16 35 39
19 34 39
20 34 37
18 35 36
14 37 36
13 37 37
12 38 35
09 37 37
10 38 36
11 37 35
10 37 35
10 38 35
11 38 35
11 41 35
12 41 36
11 46 37
11 49 40
13 47 40
14 50 41
17 51 42
20 50 44
22 49 43
25 51 44
27 49 44
29 47 42
33 44 40
36 42 42
37 41 42
36 42 42
37 39 46
39 42 44
37 39 46
38 38 49
36 36 50
37 37 52
37 34 53
37 35 53
37 35 52
38 34 51
39 35 51
40 35 50
40 37 52
41 37 52
40 38 52
41 36 51
40 36 52
40 37 52
40 36 52
39 37 51
41 37 51
40 36 52
40 37 50
41 36 55
40 37 53
39 35 53
41 36 52
40 36 51
40 36 50
