36 34 47
36 34 47
36 34 50
34 34 50
34 35 52
34 33 46
34 31 44
32 32 47
28 36 49
28 34 45
25 34 49
22 34 50
21 33 48
13 39 56
14 34 48
16 35 47
14 33 46
14 35 43
13 33 41
14 34 41
15 34 41
14 32 42
14 33 42
14 32 40
16 32 42
15 32 41
15 35 40
12 34 39
14 33 39
12 35 38
06 36 39
01 35 38
01 33 37
02 35 36
09 37 39
13 30 39
14 34 37
13 35 38
13 32 37
15 32 36
14 32 35
15 33 34
17 31 34
14 32 35
14 34 35
14 35 35
13 33 37
13 31 37
12 30 37
07 32 38
01 30 37
03 32 38
04 32 40
09 32 40
13 32 37
14 33 38
16 33 37
19 33 37
21 34 36
21 33 38
18 33 37
15 35 37
12 34 37
09 34 38
10 33 36
08 33 38
04 34 36
03 37 35
03 34 35
08 32 35
09 34 35
08 32 35
12 32 34
16 33 33
19 33 34
20 34 34
20 34 34
19 34 34
16 35 34
12 34 33
10 34 34
11 35 34
13 35 37
13 35 38
06 34 39
01 33 37
02 32 38
07 33 40
11 33 38
17 31 37
18 29 37
17 29 36
16 29 34
17 30 36
16 31 37
14 31 38
10 32 38
09 30 36
12 31 35
09 32 36
02 31 35
03 32 32
00 33 31
04 35 33
12 33 33
16 34 33
15 31 36
17 31 34
17 34 33
17 35 34
17 36 33
16 36 35
16 36 36
15 35 35
14 33 35
13 34 35
12 34 36
05 33 37
04 33 36
04 31 38
03 35 40
04 33 40
09 31 40
15 30 38
17 33 38
17 33 38
17 34 37
17 32 37
20 33 38
19 35 36
18 36 37
14 33 36
12 33 37
13 33 36
07 34 37
05 33 36
04 36 37
01 36 36
05 34 34
07 33 36
10 34 36
15 33 36
17 32 34
19 33 35
18 34 36
19 34 36
20 33 35
19 33 34
15 32 35
09 33 35
11 33 37
05 33 37
04 34 38
02 31 39
02 32 40
03 34 42
06 34 40
09 33 40
14 32 39
16 33 38
18 32 39
18 34 38
21 33 37
20 35 37
21 35 38
17 36 37
13 34 36
10 35 37
09 34 37
10 34 36
06 32 36
06 33 36
02 34 35
04 35 35
05 33 35
12 34 35
16 35 36
18 35 35
20 34 35
20 35 35
20 36 35
18 34 35
16 35 35
12 35 35
13 33 37
11 35 37
10 35 40
07 34 42
01 36 41
01 33 42
02 33 41
08 33 40
12 33 40
15 33 39
15 34 38
18 34 37
19 35 37
21 34 37
20 35 37
17 36 36
13 33 36
12 34 34
15 33 34
09 35 35
01 37 37
02 36 33
02 35 32
04 34 34
09 33 34
13 36 35
17 35 36
17 33 36
20 34 35
21 33 36
22 35 34
19 35 35
19 37 34
15 37 36
12 35 34
11 36 34
09 34 35
06 33 37
02 34 37
00 34 38
00 34 39
04 32 36
12 32 38
18 33 37
20 33 38
18 35 36
15 35 34
13 36 34
16 35 35
17 35 36
14 37 35
11 36 35
07 36 35
08 36 35
11 35 35
07 37 37
07 37 35
02 35 35
01 36 32
04 35 31
09 35 32
15 35 32
19 33 31
19 36 32
19 34 33
18 34 33
20 33 34
20 36 34
16 36 36
12 35 34
11 36 35
13 37 37
08 35 37
07 37 37
02 37 36
01 37 37
03 36 37
08 36 38
15 36 38
18 35 37
18 34 37
20 33 37
22 34 37
19 34 37
19 34 36
14 34 36
11 35 36
10 34 34
09 34 33
03 34 36
02 36 34
01 36 32
00 34 33
01 35 33
09 34 34
17 34 34
19 31 35
19 33 34
18 31 32
18 33 33
19 33 33
19 32 33
17 35 35
13 37 35
10 38 35
11 38 37
06 39 38
07 37 39
06 39 39
02 38 41
04 35 40
12 34 40
18 31 40
21 32 39
21 32 38
17 34 38
15 34 39
14 35 39
15 35 38
13 35 37
11 34 36
10 32 34
08 32 33
04 33 34
04 35 34
02 35 34
04 33 33
08 33 34
11 33 36
13 32 36
17 32 35
18 32 35
19 33 35
21 34 35
22 35 35
18 35 34
14 35 35
10 35 35
08 34 35
13 35 36
06 36 38
00 35 37
00 32 36
00 36 40
01 36 42
04 35 39
07 35 40
10 34 39
12 37 40
18 35 40
20 35 38
16 40 41
11 41 41
07 43 43
08 43 43
11 42 42
13 42 41
16 43 46
21 41 44
22 41 45
27 36 44
27 40 46
30 39 45
33 41 48
34 41 49
35 42 48
36 40 49
36 37 49
37 35 48
35 36 48
35 38 50
31 43 54
34 37 52
34 38 54
34 40 50
37 37 51
37 39 52
38 38 52
37 38 52
38 38 51
38 37 51
36 37 51
37 37 51
36 38 52
37 37 51
37 36 53
38 36 50
37 37 52
37 38 53
36 38 50
37 37 51
38 36 53
38 36 52
37 35 51
37 35 51
38 37 50
