33 41 43
29 49 47
30 42 46
28 43 47
24 46 46
25 42 45
23 48 48
21 46 49
22 44 46
22 44 47
22 48 49
21 46 47
19 42 45
20 39 42
22 41 42
21 42 42
21 44 40
22 44 39
21 44 39
21 42 38
19 42 38
18 44 37
15 42 36
14 42 36
10 43 34
04 44 34
00 47 34
01 46 34
02 47 32
06 45 33
11 41 33
17 39 32
16 39 33
18 39 32
20 40 32
21 39 34
22 39 33
24 37 32
22 39 32
18 40 32
17 43 32
15 42 35
09 46 35
05 49 35
08 47 37
04 49 37
04 48 37
13 47 38
18 41 38
19 42 40
19 41 37
20 41 35
18 42 35
20 42 34
22 42 35
21 42 34
20 43 35
17 43 34
13 41 34
07 41 33
07 41 32
06 42 32
05 43 36
05 44 34
06 41 31
08 40 28
10 41 30
15 40 31
18 41 32
19 40 32
17 41 33
17 41 32
19 39 33
19 39 33
18 39 31
16 39 32
16 41 31
13 44 32
12 43 33
11 44 33
13 43 31
13 43 33
07 45 33
03 46 33
01 43 33
07 42 35
11 45 36
14 43 35
13 40 35
18 38 35
20 37 35
20 38 35
18 40 35
18 41 33
17 41 33
14 42 35
15 41 33
13 41 33
13 41 31
09 43 30
06 44 34
05 40 32
05 36 32
07 41 30
07 43 28
13 40 30
14 38 31
18 38 33
18 39 32
19 38 33
20 39 33
21 38 33
20 37 32
16 39 32
13 40 32
10 42 31
11 40 32
10 42 34
04 46 34
04 43 33
07 42 34
09 40 35
10 42 36
11 41 36
15 40 36
15 38 37
18 39 36
18 37 36
17 37 34
17 37 34
19 39 35
18 38 36
19 39 35
17 40 35
13 41 36
10 41 34
08 40 34
07 41 33
09 42 34
05 44 35
07 40 30
08 39 29
09 39 30
14 39 31
14 39 32
17 39 32
20 39 33
22 37 34
21 36 31
21 35 33
21 36 33
14 40 32
10 40 32
07 42 34
09 41 34
08 43 34
10 43 35
07 43 37
05 43 36
02 42 35
08 39 36
15 36 35
17 38 35
15 40 35
17 39 35
17 39 35
18 38 34
20 38 35
21 39 34
20 38 33
16 39 34
15 38 34
13 40 33
10 41 32
09 41 33
10 41 32
09 42 33
06 43 34
05 43 31
08 40 32
07 41 31
09 38 32
14 40 33
16 39 32
18 40 33
19 39 34
20 37 32
20 38 32
19 40 33
19 40 31
17 40 32
12 42 33
09 43 33
11 42 34
09 42 34
11 43 35
09 43 34
04 45 35
00 44 35
06 39 33
17 37 35
20 38 36
18 41 36
16 39 35
17 37 34
19 36 35
20 38 34
19 39 34
17 40 32
13 41 32
11 39 33
09 41 32
10 41 32
11 41 33
07 43 32
04 44 31
07 43 29
09 41 28
07 38 28
12 38 29
17 39 31
20 38 31
19 40 32
19 39 31
21 37 31
21 38 31
21 39 31
17 40 30
13 42 31
10 44 31
12 43 32
09 45 32
07 45 32
04 45 32
04 44 36
06 44 36
12 42 35
16 41 36
19 40 37
19 41 37
17 40 35
18 38 34
19 37 34
18 38 33
17 38 33
12 41 32
10 43 32
11 39 32
14 38 32
15 40 32
09 43 32
05 44 31
04 42 30
04 44 31
06 40 29
11 36 29
18 35 29
19 37 32
19 37 32
19 37 30
19 37 30
19 39 31
18 40 31
18 40 31
15 41 31
13 42 31
11 45 34
12 43 33
09 44 33
05 44 32
04 44 33
03 43 34
07 42 34
10 42 35
15 41 35
18 40 34
17 38 34
19 37 35
23 35 37
21 36 35
18 35 35
15 39 33
11 41 34
09 40 31
10 41 32
09 42 32
06 43 31
08 40 31
06 41 29
06 37 33
09 37 29
09 40 27
09 39 29
14 39 30
15 39 30
19 39 32
20 39 32
20 39 33
19 38 32
19 39 32
18 39 32
15 39 31
12 41 31
09 41 32
09 42 32
08 43 32
06 42 33
04 42 33
04 44 34
08 42 36
13 41 37
16 41 36
16 41 35
18 38 35
21 37 36
20 36 35
20 36 35
21 36 33
17 39 34
11 40 35
09 40 33
11 40 30
05 42 32
04 42 34
04 43 31
03 39 31
08 38 30
15 36 31
13 38 31
15 39 30
18 40 32
22 38 31
20 40 31
21 38 33
21 38 30
18 39 30
14 41 31
11 41 31
10 42 31
13 41 33
13 43 35
03 47 36
00 44 34
00 42 35
02 42 36
08 42 36
12 41 36
14 41 37
12 44 37
08 41 36
10 49 36
11 51 35
13 56 34
17 53 34
20 50 33
24 50 34
28 49 35
30 45 33
33 48 39
33 43 41
34 45 42
37 49 45
34 45 47
36 44 46
38 44 46
38 40 47
40 41 47
40 39 48
40 38 49
40 36 46
40 38 48
40 38 51
38 39 49
39 40 51
39 37 52
40 38 50
41 39 51
41 38 53
42 37 51
43 39 52
43 38 52
42 37 51
42 37 51
41 38 51
42 38 51
41 38 51
42 38 51
42 37 50
42 38 50
41 38 51
42 37 51
41 38 51
42 38 51
40 38 51
41 38 50
40 35 48
41 37 51
43 38 52
41 38 50
42 36 50
42 37 50
41 35 49
41 38 52
42 36 51
