37 40 43
37 40 43
35 42 43
36 42 42
33 43 43
30 50 45
29 45 42
25 48 46
23 50 48
21 45 43
21 46 43
19 40 41
15 39 40
11 48 41
10 49 40
09 46 40
11 45 39
10 42 39
11 39 37
13 39 37
14 39 38
15 39 36
16 39 37
16 41 37
16 39 37
17 38 36
17 38 38
16 38 38
14 39 39
12 38 37
12 38 38
10 38 38
03 40 36
02 37 32
05 37 31
06 38 32
07 37 31
11 37 31
14 36 30
16 37 32
16 37 33
15 38 34
14 40 34
15 39 34
16 37 33
16 35 33
19 37 33
20 35 35
20 38 35
16 37 32
08 38 33
08 38 35
13 36 36
10 38 37
05 38 38
02 39 37
01 40 35
05 38 38
14 38 37
17 38 39
18 36 39
21 36 38
21 36 37
21 36 36
17 37 36
16 37 37
14 38 36
12 39 36
11 37 35
08 35 34
08 38 35
05 37 35
03 37 34
02 39 34
05 37 32
07 37 33
10 34 32
15 35 32
15 36 34
15 38 35
17 36 34
18 35 34
20 35 32
20 36 33
17 36 34
16 37 33
12 38 35
09 37 34
08 37 35
11 36 36
08 37 37
04 37 36
06 37 36
10 37 39
09 39 38
09 38 37
15 36 38
17 37 38
21 36 38
21 35 37
20 36 36
18 36 35
17 36 34
15 37 35
09 38 35
03 33 30
02 41 31
07 39 32
07 42 36
06 43 39
05 36 36
07 42 31
13 37 31
16 37 30
20 37 32
20 38 32
19 38 32
20 35 30
18 35 30
14 40 31
12 40 32
12 39 32
12 42 35
12 43 36
09 43 37
08 43 38
08 42 38
08 45 38
10 41 39
11 39 41
14 34 39
16 35 40
18 36 38
17 36 36
17 36 35
17 37 37
17 35 35
16 37 35
14 37 36
10 38 34
08 35 32
05 35 33
03 36 32
03 36 33
06 37 33
03 38 32
10 38 34
16 37 33
20 36 35
20 37 34
22 37 35
21 36 34
20 37 34
18 37 33
13 36 32
07 38 34
10 36 31
08 36 34
04 39 38
00 41 38
01 39 39
01 37 38
10 35 36
14 35 38
17 36 36
19 35 36
21 35 35
22 35 35
23 35 35
20 36 34
17 36 34
14 36 34
11 36 34
08 37 33
04 37 34
01 37 34
03 40 33
03 40 35
03 38 34
07 36 34
16 36 34
18 36 35
20 36 34
21 39 34
21 37 35
22 37 34
20 38 32
18 37 32
16 37 32
12 39 33
12 40 36
11 42 35
05 43 36
02 42 37
03 43 34
01 41 36
05 40 35
12 39 35
16 39 35
18 39 33
19 37 34
20 37 34
20 38 35
22 38 33
18 38 35
16 39 35
13 40 34
09 39 34
09 38 33
05 39 33
03 42 35
03 39 33
04 41 32
04 37 31
09 37 31
14 37 33
18 37 34
19 37 35
18 37 35
19 36 34
21 35 34
20 38 33
19 40 33
16 39 34
11 42 33
09 42 34
11 42 33
13 42 34
09 41 36
03 43 35
02 43 36
00 42 36
09 39 37
16 41 37
19 41 37
18 39 36
18 38 34
19 39 34
18 39 35
18 38 35
17 37 34
16 36 35
12 34 35
11 36 32
12 36 31
03 39 35
00 41 33
05 39 33
06 38 35
06 41 35
11 38 34
17 37 35
19 38 36
17 36 34
17 36 33
18 36 31
19 35 32
19 35 32
16 36 32
13 35 32
12 36 33
13 36 35
05 39 36
01 38 36
01 38 36
01 40 36
09 39 38
14 40 40
16 38 39
16 38 38
19 37 36
18 36 36
17 37 36
18 36 36
18 36 36
17 37 36
13 35 36
09 37 34
07 37 33
05 34 33
02 32 33
05 36 33
07 35 32
07 39 31
09 39 31
12 39 34
15 40 34
17 40 34
18 39 33
18 37 32
18 36 32
20 36 32
18 35 31
16 37 32
12 37 31
11 38 31
12 37 34
10 38 35
02 39 36
01 39 34
02 37 31
07 35 34
05 40 38
08 40 37
12 35 36
15 34 38
17 33 36
19 32 34
21 33 35
20 35 37
20 37 34
18 37 36
14 37 34
10 37 34
09 37 33
02 37 33
01 39 33
01 38 33
02 38 32
04 36 32
12 37 33
18 36 36
19 36 35
20 38 34
19 35 36
19 35 33
18 36 32
15 38 33
11 41 34
08 42 34
11 41 36
07 45 39
00 45 39
03 45 40
04 45 43
05 47 43
10 44 43
17 36 41
23 36 43
21 42 43
16 44 42
13 46 42
13 47 44
13 48 42
16 47 42
18 45 43
23 42 44
27 42 42
30 42 44
33 38 48
31 41 43
32 39 47
35 40 51
35 38 47
34 35 48
32 33 49
33 38 49
33 40 51
34 34 52
34 36 53
36 37 54
39 35 53
38 35 51
39 37 51
38 37 52
37 37 50
39 39 51
40 36 53
39 38 53
40 37 53
38 37 53
41 36 50
