36 36 50
36 36 50
36 36 50
35 34 51
35 34 51
35 35 52
35 34 49
34 34 49
34 39 52
35 44 51
36 41 49
36 39 47
36 35 45
34 42 47
33 41 46
31 47 51
31 47 50
31 49 54
26 53 57
26 48 50
29 41 48
29 43 51
30 45 50
29 40 47
29 40 45
29 41 45
30 43 43
31 45 45
31 43 44
32 39 44
32 40 43
32 37 44
31 33 41
30 34 43
26 42 47
22 41 45
17 44 45
01 63 63
01 57 49
04 37 39
11 40 38
16 41 40
17 45 40
17 40 40
19 39 38
19 38 38
18 39 37
19 38 36
21 35 35
19 35 34
15 40 35
12 44 33
15 43 34
16 39 34
11 40 33
01 41 32
00 39 32
00 39 33
03 43 36
04 42 36
11 42 35
15 40 34
19 40 33
21 37 34
22 36 37
21 31 34
20 32 34
17 33 33
16 34 33
14 35 32
12 36 32
09 38 34
07 37 35
03 36 39
05 33 39
06 39 36
04 37 35
00 36 33
05 38 32
11 38 35
16 38 36
16 39 35
19 39 34
18 38 33
20 36 34
21 37 34
21 35 32
21 37 34
19 36 32
16 38 33
12 37 34
11 38 34
12 39 35
06 41 36
03 38 36
01 39 37
01 39 38
05 39 39
08 37 37
12 37 35
17 35 36
18 35 34
18 35 35
18 33 35
21 32 33
21 36 34
21 36 36
19 37 36
15 38 36
14 36 34
10 38 32
00 38 33
00 42 36
00 40 31
01 36 29
10 35 33
13 34 32
12 37 32
16 39 29
24 41 35
26 40 36
16 36 37
11 33 36
15 36 35
18 31 33
16 30 31
12 33 33
13 34 34
13 38 35
11 41 36
10 36 38
00 39 36
00 39 36
09 38 41
14 35 40
12 38 33
11 35 35
19 36 38
22 35 40
23 37 38
21 37 36
22 37 35
20 37 35
17 35 35
12 35 35
05 37 34
00 38 33
00 39 35
00 41 34
02 37 32
08 39 34
10 37 36
11 37 35
14 37 33
17 36 32
19 36 33
19 38 35
18 37 35
18 37 34
20 35 35
20 35 34
18 37 34
14 37 34
11 38 33
08 37 34
06 36 35
05 39 33
01 40 35
02 44 36
08 40 38
13 38 37
14 38 35
16 38 35
20 39 35
19 37 34
20 37 35
20 35 35
20 36 35
18 35 35
14 36 35
10 36 35
06 36 35
00 40 37
02 39 38
01 39 37
00 39 34
06 38 35
12 36 36
16 37 35
18 38 34
20 36 35
20 36 35
21 35 35
22 38 34
22 41 31
20 41 31
17 42 33
14 42 33
14 40 34
11 42 33
04 41 33
02 45 33
00 44 35
01 43 38
04 34 35
08 39 30
13 39 39
18 39 42
21 34 44
22 36 40
22 35 39
20 38 37
17 37 34
18 39 32
17 40 33
14 38 34
11 37 34
04 41 35
02 39 35
00 42 34
00 41 35
03 41 33
11 37 32
14 34 33
17 36 33
18 35 34
21 38 32
22 39 33
21 37 34
21 36 33
20 38 32
17 37 34
14 38 34
12 40 34
03 43 35
01 40 35
02 40 36
02 41 37
02 43 39
12 40 41
14 35 40
16 30 38
17 37 39
17 37 38
21 36 38
22 35 35
20 36 34
19 38 35
16 38 36
13 38 35
13 39 35
12 35 31
00 37 30
01 39 34
02 40 38
01 46 38
02 48 37
06 48 40
11 49 39
14 45 39
18 45 39
19 45 38
22 39 37
26 37 38
28 43 36
30 43 36
33 52 36
34 52 38
36 51 38
35 50 42
38 52 46
41 51 48
41 49 50
38 49 54
31 50 58
30 41 50
33 39 53
37 38 50
36 34 46
36 40 50
35 38 49
37 39 50
36 40 51
37 40 52
37 38 51
38 38 52
38 40 50
38 39 50
38 40 50
38 37 50
36 39 50
38 39 53
37 39 54
39 38 52
37 38 53
38 38 51
37 39 52
