34 39 45
34 39 45
34 42 44
37 38 41
39 36 39
36 42 43
31 57 46
29 42 41
27 40 44
20 52 53
18 42 50
15 36 44
12 42 44
10 43 45
12 42 42
12 48 42
14 51 41
17 47 42
18 42 41
20 42 41
20 42 40
20 41 40
20 39 40
19 40 40
16 39 38
14 39 38
11 39 38
10 39 37
09 38 35
06 41 37
06 40 37
01 42 35
02 39 32
06 40 31
10 40 35
13 38 35
14 40 35
14 38 35
13 35 33
13 34 33
14 36 35
16 37 35
18 36 37
20 36 35
20 37 35
19 36 35
18 37 35
16 39 33
15 38 34
12 38 36
08 37 37
03 39 35
02 38 35
00 40 37
06 37 41
09 38 40
07 37 36
10 35 37
17 34 36
19 36 36
20 37 34
21 39 35
21 39 35
19 36 33
19 34 34
20 36 37
18 37 38
11 35 39
09 35 39
00 35 39
00 39 35
04 40 35
02 38 29
06 38 29
09 39 30
12 36 31
15 39 31
15 38 32
15 39 33
17 41 38
14 40 37
13 39 34
14 38 33
16 34 32
16 35 32
19 36 33
22 36 33
18 35 33
17 36 31
12 38 32
11 37 35
06 38 32
06 37 33
02 40 36
00 39 36
02 39 36
13 37 38
15 40 36
17 39 35
19 39 35
21 38 37
20 36 37
20 37 34
18 36 37
17 36 36
14 39 36
14 39 36
11 38 32
04 36 32
00 42 33
01 40 35
02 40 31
08 37 33
15 37 35
16 37 33
15 37 32
17 37 33
17 36 33
20 36 33
20 36 32
20 36 32
21 36 33
18 42 34
14 44 35
09 43 42
03 42 39
03 39 37
02 39 37
06 40 42
09 39 41
10 36 37
13 37 36
15 37 37
15 37 37
17 37 38
17 35 37
18 34 36
18 33 36
19 34 36
18 34 36
19 37 37
16 38 37
13 38 36
10 38 35
03 39 37
02 38 35
00 39 35
01 39 34
04 38 33
08 38 33
12 37 35
14 38 34
19 38 35
18 37 35
19 36 35
19 37 34
20 37 33
18 37 34
19 37 33
17 37 33
16 38 36
13 38 34
11 39 36
11 37 36
04 39 34
01 38 35
02 39 38
04 41 40
06 39 38
11 35 37
15 33 34
16 35 34
16 37 34
16 37 36
17 39 35
17 37 36
17 37 35
17 36 36
17 36 34
15 36 35
12 37 35
10 37 34
04 38 35
05 36 34
02 39 34
03 39 34
01 39 34
06 38 34
13 37 34
16 37 34
18 37 34
17 36 33
19 35 33
20 37 34
22 36 34
22 37 32
19 39 34
16 37 34
13 38 35
14 40 38
10 41 37
09 41 36
02 43 37
01 44 39
01 44 40
06 44 39
11 43 39
13 40 37
15 37 36
16 37 37
20 36 38
19 35 36
19 34 35
19 35 36
17 37 34
17 38 34
15 38 34
13 36 34
06 37 34
03 39 35
01 40 37
01 39 35
00 37 32
06 37 32
14 37 34
17 36 34
18 36 32
18 39 33
19 39 34
21 37 32
20 36 31
19 36 32
16 39 32
14 40 34
12 38 33
13 38 36
05 43 38
01 43 35
03 41 37
04 43 41
03 44 40
10 40 39
14 40 41
16 40 39
16 38 37
16 38 38
17 40 39
15 42 40
14 45 40
14 48 40
16 44 44
16 45 44
20 46 43
21 49 45
24 48 41
28 52 41
29 57 40
30 55 41
34 58 40
37 50 43
39 41 45
37 41 42
37 38 43
39 41 44
36 41 42
35 43 41
36 42 41
37 39 44
37 37 47
40 36 49
39 35 52
41 34 52
41 36 55
40 35 51
42 41 59
41 41 58
41 41 58
42 38 59
41 37 58
40 37 56
41 35 52
40 37 47
37 36 46
40 35 50
39 34 49
39 34 50
37 35 50
