38 37 43
38 37 44
36 40 44
34 40 41
34 42 44
32 46 45
30 44 41
22 54 47
20 49 46
17 46 39
14 50 42
13 43 41
11 40 39
10 44 40
08 44 39
07 44 40
08 42 40
13 42 39
13 40 40
14 39 40
16 40 40
16 40 39
19 37 40
17 37 39
18 37 38
18 36 39
18 35 39
15 36 38
12 35 39
11 35 37
16 33 34
25 31 34
21 32 33
09 35 31
06 34 28
03 37 30
08 37 32
11 38 32
07 39 33
07 39 32
12 37 31
17 37 32
21 38 35
17 37 36
09 39 36
01 41 37
01 40 38
06 38 41
09 39 41
15 38 39
16 37 37
16 37 38
16 38 37
15 38 37
14 38 37
16 37 37
19 33 34
25 33 32
22 30 32
11 31 31
06 37 29
02 40 33
07 41 33
11 39 32
11 39 33
09 39 32
12 39 33
16 38 34
19 36 33
16 36 33
12 36 35
11 38 37
01 41 40
04 35 35
08 38 39
10 37 38
10 38 36
12 35 36
21 33 38
25 33 35
27 29 33
19 31 32
06 30 32
02 39 27
00 41 29
05 38 30
08 37 31
11 37 31
16 39 32
16 38 32
21 36 33
23 36 35
17 36 36
09 41 35
02 40 37
00 41 38
06 38 39
08 40 38
07 37 38
09 35 36
12 34 35
20 32 35
25 30 35
29 33 32
22 35 31
10 39 31
01 42 31
03 41 30
09 37 29
08 40 32
05 40 32
07 39 32
15 36 32
17 39 34
22 35 32
23 36 33
16 38 36
02 42 37
00 39 35
07 38 37
10 40 41
11 42 39
11 40 37
13 41 36
13 38 36
18 34 36
23 33 32
26 34 30
23 32 31
12 37 31
07 38 30
05 41 32
04 41 33
04 41 31
08 41 32
11 38 33
17 38 33
24 37 33
25 38 36
15 42 37
05 43 34
04 42 36
06 42 37
10 44 38
12 45 40
07 43 37
11 37 33
14 36 35
22 34 35
28 33 30
27 32 30
15 37 32
00 40 28
00 40 27
03 39 32
07 40 31
08 40 30
08 40 31
12 41 31
18 39 30
27 36 30
28 36 34
16 39 35
00 41 34
02 43 34
08 41 37
08 40 36
08 41 35
10 40 36
13 38 34
18 38 35
22 37 37
26 34 33
29 35 31
23 32 31
07 32 30
00 38 25
00 39 30
00 38 29
05 38 26
12 38 29
17 37 31
22 33 28
32 33 29
33 33 33
18 34 35
03 42 31
00 39 35
00 37 38
01 41 36
05 39 37
10 35 36
14 35 35
24 32 34
29 32 34
28 32 31
17 34 32
01 32 29
01 40 27
00 39 31
01 38 29
06 37 29
11 35 31
16 37 33
17 38 30
24 36 29
29 35 30
27 35 33
16 36 37
06 37 37
01 38 35
00 40 38
02 38 40
07 38 42
16 37 40
22 35 36
24 37 37
25 37 34
28 35 32
20 35 33
05 34 32
00 44 29
00 37 25
01 39 32
07 39 32
15 36 33
16 37 36
17 38 35
18 36 32
17 35 31
15 35 32
14 36 33
17 36 33
16 37 36
00 41 39
00 37 36
01 36 37
03 38 46
10 37 45
18 39 40
17 38 39
16 38 36
14 37 34
15 37 34
14 37 36
13 37 36
12 38 38
11 39 39
09 40 37
08 42 40
04 45 39
03 46 41
07 47 41
10 49 42
13 45 42
17 43 43
22 39 43
23 44 46
29 41 46
29 38 46
33 38 45
35 39 47
38 37 45
39 37 47
40 37 48
40 36 48
38 33 47
41 35 49
39 35 52
39 34 51
39 35 53
35 31 52
38 36 54
40 34 53
40 32 51
41 33 52
42 34 52
40 34 51
41 34 50
41 34 52
42 34 51
41 34 51
41 35 51
41 35 52
40 35 52
40 36 52
40 34 52
41 33 51
42 33 51
42 35 52
41 34 52
40 35 51
42 35 50
39 35 50
41 35 54
41 35 52
42 34 51
42 34 52
41 34 52
41 33 50
