18 37 36
19 38 35
18 37 35
19 38 35
19 37 36
17 37 34
11 39 34
11 39 36
10 39 35
04 39 35
04 37 35
05 38 38
00 41 38
06 40 40
10 38 39
13 37 37
15 37 36
17 36 35
17 37 37
18 39 38
18 39 38
18 37 38
18 35 36
18 35 36
18 36 35
18 36 37
17 37 35
15 37 36
11 37 37
01 42 38
00 38 37
00 42 34
00 37 30
04 35 30
11 35 32
16 37 33
18 38 34
19 40 34
21 38 33
22 38 33
20 39 35
18 38 35
18 37 33
18 36 34
18 38 34
16 39 35
13 41 36
06 40 35
00 43 33
05 47 41
02 37 39
01 36 38
09 30 37
10 30 37
14 31 36
18 34 36
18 35 38
18 36 35
20 37 36
21 38 35
19 38 35
17 37 35
14 37 35
10 37 35
07 39 36
09 37 35
09 37 36
06 38 39
00 33 40
00 41 35
00 42 34
06 36 33
11 36 34
18 35 34
20 35 34
22 35 33
22 34 31
23 36 30
22 36 31
20 37 31
19 37 33
13 37 32
11 38 34
05 39 35
00 38 33
02 38 37
00 41 37
02 38 37
15 37 39
16 35 40
16 29 38
19 37 36
21 35 37
23 36 37
20 36 35
19 38 35
19 37 35
15 38 36
12 36 34
03 37 33
00 40 33
00 41 34
00 40 33
03 38 32
11 39 35
16 37 34
17 37 33
19 36 33
19 37 33
19 37 33
18 37 33
17 35 34
18 35 31
17 37 33
15 37 35
16 36 33
07 39 35
02 41 35
00 40 36
05 43 40
08 43 39
10 41 39
10 40 38
13 39 38
16 39 38
17 40 37
20 38 37
18 36 36
18 35 36
19 37 35
19 38 36
18 37 36
15 37 35
13 37 36
02 41 37
00 35 31
00 38 31
00 39 32
02 43 34
13 40 35
19 38 35
19 38 33
20 36 32
21 35 33
20 35 33
18 37 33
20 37 33
19 38 33
15 38 34
11 38 33
11 41 35
04 43 35
01 43 35
01 44 36
04 43 39
08 43 40
12 40 38
14 40 36
16 38 37
19 37 37
20 38 38
21 38 36
20 38 36
18 38 36
17 39 37
14 38 36
11 38 34
11 38 34
04 38 32
01 39 32
05 40 36
05 44 35
02 41 34
03 40 29
11 36 32
15 35 34
17 35 33
19 36 35
18 37 34
16 33 32
14 35 33
16 37 34
18 38 33
18 38 35
19 37 34
19 38 34
16 41 36
13 40 35
12 41 34
13 41 37
06 44 36
02 43 35
07 42 39
05 43 40
03 42 38
08 40 39
15 36 38
18 38 38
20 37 38
19 37 37
16 36 38
16 36 36
18 36 36
18 37 35
18 38 37
19 38 36
15 41 38
14 41 38
14 41 38
13 41 37
06 48 37
04 49 36
06 46 35
07 41 35
10 42 35
12 43 33
14 44 35
13 44 35
13 42 35
15 45 35
14 46 36
16 43 36
18 43 36
20 46 38
20 49 39
21 52 38
25 56 44
25 54 44
33 53 44
36 48 46
39 46 44
37 44 48
39 46 50
35 44 51
31 46 49
33 44 46
30 42 49
32 37 45
34 41 48
38 41 54
35 38 52
37 38 52
37 39 52
37 40 53
36 37 50
37 41 48
39 39 51
38 39 51
37 36 50
36 38 52
38 37 52
38 39 53
38 38 54
40 38 52
38 38 53
37 40 53
