38 40 51
35 42 51
37 42 50
37 40 50
37 39 49
38 39 49
39 38 47
37 41 48
38 38 45
37 36 44
34 42 48
33 41 46
33 39 43
29 48 49
27 40 43
23 48 49
15 48 54
13 49 52
17 48 47
17 40 44
19 36 44
21 41 46
18 42 46
16 40 43
15 39 40
16 36 39
11 37 38
09 40 39
07 39 37
06 39 36
09 38 34
09 37 34
08 36 37
11 38 36
12 38 35
12 37 37
14 36 36
15 37 38
15 36 38
15 38 38
15 37 37
15 35 38
16 36 39
17 35 37
18 34 37
19 34 37
20 36 37
18 34 36
18 36 36
16 37 36
14 37 37
11 36 37
04 36 36
01 37 37
00 38 36
00 39 35
03 37 34
10 35 35
16 37 36
17 38 36
19 38 35
17 37 35
16 37 35
17 36 35
19 36 34
19 37 35
19 37 35
17 36 36
13 33 36
10 39 35
11 40 38
05 41 36
01 42 39
01 41 36
07 39 39
12 40 42
12 40 40
15 39 37
19 37 37
21 35 38
17 35 38
18 37 38
17 37 38
19 36 38
22 37 38
19 38 40
17 37 38
12 38 38
08 37 37
07 38 39
07 37 37
05 37 37
04 37 36
03 37 36
00 39 36
04 35 34
11 36 34
18 36 36
17 38 37
17 38 36
17 36 35
20 35 34
20 35 34
20 36 33
19 36 34
19 37 35
15 37 33
13 36 34
11 38 37
13 36 37
06 38 36
01 39 38
01 35 39
00 37 41
05 36 44
13 34 41
17 35 39
17 35 37
20 35 37
20 36 37
21 36 36
20 36 37
20 35 36
17 36 36
16 36 36
14 36 36
13 37 36
11 38 38
07 37 37
05 37 36
04 34 36
05 35 34
01 38 36
03 39 34
09 37 34
15 36 36
18 36 35
17 38 35
15 37 36
16 37 34
17 36 33
19 36 32
17 37 33
17 36 35
17 37 36
16 36 37
14 36 41
14 38 41
09 40 39
04 38 40
07 35 37
02 40 38
02 41 40
06 38 41
12 38 40
15 40 38
19 38 39
21 37 37
21 37 38
18 37 36
18 36 36
19 38 37
18 37 37
14 37 37
13 37 36
12 37 36
11 38 37
05 37 36
01 38 35
01 38 33
02 37 33
05 37 32
11 36 34
15 36 35
17 37 35
19 37 36
21 37 36
22 37 35
22 36 35
19 36 35
14 37 34
10 37 34
10 35 35
08 37 36
07 39 37
04 41 39
01 41 39
00 40 38
05 36 37
12 37 39
15 38 37
17 35 36
17 33 35
20 35 35
20 39 35
19 38 34
18 36 34
16 36 34
13 36 34
12 37 34
13 37 34
12 35 34
07 38 35
01 42 36
00 40 36
01 37 33
05 37 34
08 37 35
14 36 34
18 37 36
18 36 35
17 36 35
20 36 34
21 36 34
20 36 34
17 39 35
15 37 37
12 36 38
11 38 39
08 40 40
05 39 40
01 39 38
00 39 36
00 37 37
08 36 36
17 37 37
17 38 36
20 37 35
21 37 35
20 36 35
20 36 36
20 37 36
17 37 34
13 36 34
11 36 34
12 35 33
13 37 35
10 38 37
08 40 36
05 37 35
05 38 35
03 36 34
02 35 34
07 37 33
13 36 36
16 37 37
15 40 37
17 39 35
18 37 35
19 35 35
19 37 37
19 37 35
17 38 34
13 37 35
11 37 36
11 37 36
08 39 37
05 39 37
03 37 37
04 35 37
05 36 37
03 38 36
09 37 38
16 36 38
20 37 38
19 37 37
20 34 36
19 35 36
19 35 36
20 36 35
17 36 35
13 37 34
11 36 34
10 35 34
11 37 34
06 38 36
07 39 35
04 39 36
03 38 34
04 36 35
09 37 33
14 34 34
17 37 34
17 36 34
17 38 35
19 37 34
21 37 34
21 37 34
18 38 33
14 39 32
12 40 31
11 41 32
14 39 37
08 38 36
03 38 34
04 38 35
01 38 37
00 37 38
08 35 40
15 34 41
19 37 39
18 35 36
20 34 36
20 35 37
19 39 38
18 39 36
16 38 34
12 36 35
13 37 35
13 36 34
08 38 36
05 38 35
01 38 33
01 37 31
01 38 32
04 37 33
13 37 33
16 38 35
18 37 35
21 36 33
20 36 33
20 37 33
19 36 32
18 34 31
14 36 33
13 37 32
13 38 34
18 39 37
09 40 37
02 41 35
02 38 35
02 41 36
03 44 37
03 42 39
11 39 38
15 36 38
15 29 38
17 31 40
19 31 38
18 32 38
19 35 37
18 38 35
15 38 34
15 36 34
12 36 33
12 34 35
10 38 35
05 38 35
04 38 35
04 38 34
02 37 35
05 37 34
11 37 35
16 37 34
17 37 35
19 36 35
20 36 35
21 36 36
20 36 34
16 35 36
12 37 37
12 41 36
11 41 38
00 46 40
01 50 40
00 48 39
00 50 45
10 42 44
17 43 43
20 43 42
20 39 38
19 39 39
18 41 42
15 44 43
15 52 44
19 50 48
22 46 47
26 50 47
31 46 46
34 40 43
35 42 44
39 37 44
39 42 47
38 39 46
38 33 45
38 38 46
35 39 50
35 34 51
35 35 51
36 34 52
37 34 54
37 33 51
39 34 53
38 35 55
39 33 51
40 38 50
40 36 52
41 34 51
39 34 52
40 33 53
40 35 53
40 35 50
38 35 51
40 34 51
40 35 53
39 35 50
39 35 52
40 35 51
39 34 52
40 35 52
41 35 52
40 34 51
39 33 52
39 33 51
40 34 51
