37 48 42
39 45 40
39 45 40
39 33 40
39 43 41
39 45 41
40 44 40
41 45 40
37 52 43
36 46 40
32 49 40
28 53 43
27 44 39
21 52 43
20 47 42
21 45 42
17 47 42
15 47 41
14 42 40
11 42 38
09 41 37
09 41 38
09 44 39
09 44 38
11 43 38
12 39 39
15 39 37
15 39 36
15 39 35
15 38 36
15 40 37
17 39 35
16 39 36
17 38 35
16 38 35
18 38 36
18 39 36
17 38 35
14 39 35
12 39 36
09 42 33
14 37 34
11 36 35
05 40 34
05 40 33
06 39 32
06 41 34
09 42 34
10 39 32
15 36 32
15 36 33
15 36 31
16 38 32
18 36 32
21 36 31
20 36 31
17 36 31
14 36 30
10 39 31
10 40 34
05 40 33
03 44 34
05 44 37
07 44 37
07 47 40
13 44 39
17 42 38
20 40 37
20 41 36
21 39 36
24 39 36
22 40 37
19 43 38
16 41 37
11 40 37
09 38 36
03 42 34
01 39 31
03 36 31
05 36 31
02 37 30
05 37 31
12 37 31
17 35 30
21 36 30
21 34 32
21 36 32
22 35 31
20 36 32
19 37 31
15 37 31
11 37 32
10 37 33
08 38 34
07 40 35
06 39 38
02 41 38
04 39 37
05 40 38
10 37 38
14 38 38
17 38 37
19 38 36
20 38 36
22 37 36
22 38 37
18 40 37
14 38 36
14 38 37
11 37 36
07 38 34
03 37 32
04 35 33
04 34 32
07 35 30
11 33 30
14 33 32
13 35 31
17 36 31
20 35 32
22 34 33
22 35 33
20 35 33
15 36 32
11 38 33
07 38 32
09 38 34
02 39 35
00 40 37
00 41 38
00 45 41
07 38 41
15 39 39
16 40 38
17 39 37
19 36 37
17 37 39
18 38 39
17 37 38
19 36 36
17 36 37
17 36 36
16 35 37
16 35 36
14 37 36
12 38 35
11 37 35
06 40 35
02 41 36
02 39 35
04 37 31
04 37 31
10 35 34
17 36 34
19 35 34
20 35 35
20 37 36
20 37 35
20 36 34
19 36 34
16 38 34
11 40 36
12 38 35
10 40 35
07 40 38
06 40 36
08 41 38
06 39 38
04 40 39
07 38 39
11 37 38
14 39 37
15 37 37
20 37 39
19 35 37
18 37 37
18 38 36
17 38 35
15 38 35
14 39 35
12 36 35
13 37 34
13 36 34
07 38 33
08 38 33
06 39 34
06 38 34
07 38 32
09 36 32
09 36 33
10 37 33
14 38 34
15 38 36
19 38 34
21 38 34
21 35 34
17 37 34
14 36 34
13 34 32
15 35 32
14 38 34
09 41 35
03 41 37
00 41 38
00 43 38
05 39 38
13 39 39
14 39 37
15 39 37
15 36 35
18 38 36
18 37 37
18 38 36
21 39 35
21 37 34
19 37 34
18 36 34
14 35 32
12 34 32
09 37 32
04 38 32
01 41 34
01 41 35
03 40 33
03 38 31
09 35 31
15 34 33
17 37 33
17 37 33
18 38 34
17 38 32
17 37 33
18 37 34
18 38 33
18 37 34
16 37 33
15 38 33
11 39 33
09 37 33
09 37 35
07 37 34
08 38 36
06 37 36
02 40 37
01 38 36
09 36 36
16 35 37
18 37 36
19 37 35
18 37 35
18 36 35
20 34 33
20 36 35
16 37 36
11 35 36
07 36 34
08 37 34
11 36 32
11 36 31
05 37 32
02 36 29
05 37 29
08 34 29
12 36 31
11 34 31
13 33 31
16 34 30
15 33 29
17 32 30
20 34 30
21 33 30
23 34 30
20 34 31
18 36 30
12 37 29
06 37 29
05 37 30
05 35 31
06 36 31
06 36 32
04 36 33
01 37 34
06 34 35
15 35 36
16 35 36
14 35 34
12 35 34
12 34 35
13 35 36
14 37 35
17 34 36
18 34 35
16 33 33
16 34 34
17 36 33
15 36 33
13 35 32
12 36 33
12 36 33
09 38 34
04 38 33
02 36 32
03 36 32
01 36 32
06 36 33
13 35 33
17 34 33
17 35 34
16 35 34
16 35 34
15 35 33
17 35 32
19 35 32
21 36 33
19 35 33
14 37 33
09 39 34
10 38 33
11 36 33
03 38 35
03 35 33
03 36 36
03 35 38
03 37 38
08 36 37
15 37 37
17 37 37
17 36 36
19 35 36
17 37 36
16 37 36
18 36 37
19 35 35
17 37 35
13 36 35
13 35 35
12 36 34
10 37 34
09 36 34
06 38 34
02 39 34
04 35 32
04 35 31
04 34 32
10 35 33
17 35 36
20 36 35
20 34 34
21 36 33
18 34 33
18 36 33
19 36 34
17 38 34
14 37 33
11 37 33
09 38 32
12 37 34
05 38 34
00 39 34
00 34 34
02 36 36
03 37 38
09 33 37
16 32 37
17 31 37
14 32 35
13 32 35
10 31 33
11 32 34
13 32 35
13 33 35
12 33 32
11 32 33
11 33 32
12 34 33
13 32 33
13 33 33
11 35 32
11 35 32
11 36 32
10 37 33
11 38 34
10 38 34
11 38 35
09 39 34
10 41 36
09 41 34
09 43 35
08 45 35
08 49 38
09 50 38
11 52 39
16 50 40
20 52 40
23 51 39
25 48 38
31 46 39
31 45 39
35 42 37
35 45 37
37 44 40
38 44 41
37 45 43
39 44 43
33 40 43
34 43 48
37 41 50
36 38 52
36 39 53
37 40 52
38 40 54
38 37 51
39 40 52
40 39 52
40 40 50
40 39 51
40 39 50
40 38 51
40 38 51
39 38 50
40 39 51
40 38 52
39 38 50
41 37 50
40 38 53
39 37 52
40 38 52
40 38 51
40 38 50
