38 40 45
38 40 45
38 39 43
38 39 43
38 40 41
37 46 40
36 41 39
35 46 39
32 51 39
29 47 37
27 56 38
25 53 39
24 52 36
22 56 38
20 51 37
19 49 36
15 48 37
14 49 37
13 48 37
10 46 35
09 45 36
08 45 35
09 42 35
10 42 35
12 42 35
13 41 35
15 41 34
14 40 34
16 40 34
17 40 33
20 39 33
19 38 33
19 40 33
18 40 33
15 40 32
14 40 33
14 41 33
11 39 33
04 43 33
01 42 32
00 45 34
06 43 36
10 43 37
11 42 35
12 39 35
15 38 33
18 39 33
19 38 36
19 40 36
19 40 36
18 39 35
20 39 35
20 39 36
18 40 35
16 40 36
14 39 34
11 39 34
13 39 33
12 40 35
13 40 35
08 41 34
03 39 34
03 41 33
02 40 31
03 41 30
09 41 30
11 39 33
14 40 33
15 39 33
17 37 32
19 37 32
19 38 33
18 38 33
19 37 32
19 39 33
18 38 32
15 40 32
12 40 33
11 41 33
11 39 33
05 42 34
04 41 33
03 40 35
04 43 38
05 42 37
12 39 37
14 39 38
15 39 36
15 38 37
16 39 36
18 40 37
20 39 37
21 39 36
20 39 35
19 40 35
19 39 36
14 40 36
11 40 36
11 39 34
09 39 35
07 42 33
05 43 34
04 40 30
05 39 29
01 41 29
07 39 27
14 39 30
17 39 32
15 38 32
14 37 30
14 36 30
13 35 31
13 38 31
15 38 32
18 38 32
17 39 33
16 40 33
16 42 34
15 43 31
15 43 30
14 45 29
11 44 28
14 43 29
13 42 30
11 43 30
10 44 32
07 43 33
06 43 33
08 42 35
11 42 36
11 41 35
14 40 33
15 40 33
15 39 33
16 41 34
19 40 33
20 40 35
20 39 34
21 38 34
19 39 34
17 39 34
13 40 34
09 42 34
06 38 34
08 40 34
08 39 35
06 41 35
06 40 32
05 39 34
08 39 33
09 39 31
08 39 31
10 39 30
15 38 30
17 35 24
18 39 33
17 42 32
18 37 33
20 36 33
18 37 32
17 36 33
18 37 33
14 40 34
13 40 33
10 40 34
10 41 32
13 41 34
11 42 34
08 42 34
06 40 34
07 41 35
04 41 36
04 41 35
09 39 35
12 40 36
14 39 34
13 38 34
16 38 36
17 38 35
17 39 35
17 38 35
18 38 35
20 37 34
20 38 35
21 39 35
18 38 34
13 40 34
10 40 34
08 39 33
10 39 35
07 42 35
06 41 36
05 39 36
05 37 33
04 38 34
06 40 33
08 39 32
14 39 32
14 39 32
15 39 32
15 37 31
15 37 31
17 37 31
17 38 32
18 37 32
19 38 32
17 38 32
15 40 34
15 39 34
12 41 36
12 41 36
07 42 36
05 40 34
04 38 37
04 39 37
04 41 39
07 38 39
10 37 37
12 37 36
12 38 36
13 37 36
13 37 36
14 38 35
16 37 36
17 38 34
18 36 35
20 36 34
19 38 35
18 40 36
18 40 36
15 41 38
14 42 36
10 42 36
11 38 35
12 40 36
10 43 39
08 42 37
07 42 36
03 42 34
02 43 34
07 41 32
12 40 33
15 38 33
15 39 33
14 38 34
13 38 33
16 36 33
18 37 33
20 38 33
19 37 34
19 38 34
18 40 35
13 43 35
11 44 35
12 42 35
11 42 36
08 45 37
07 43 36
07 42 37
05 43 38
06 40 37
09 38 39
12 37 39
12 38 37
13 37 35
15 37 36
15 38 35
18 38 33
17 39 35
16 38 34
15 39 34
16 39 34
16 39 35
17 39 35
18 38 36
17 41 36
15 40 36
14 41 36
13 41 37
13 42 36
11 43 37
07 45 37
03 42 35
02 40 31
05 39 30
06 39 32
08 40 32
12 38 31
14 37 32
17 37 32
19 38 31
20 37 31
21 38 32
21 39 34
19 39 33
17 41 33
15 40 33
13 42 33
10 42 34
11 40 34
10 41 34
04 41 32
01 39 32
00 42 34
00 42 36
09 39 38
14 37 37
13 36 35
14 35 34
15 36 34
16 38 36
16 37 36
15 37 34
16 38 33
16 37 34
17 38 33
19 39 34
16 38 34
16 38 34
12 39 34
13 39 34
12 37 34
08 41 34
04 42 34
06 40 32
06 38 32
07 39 32
08 39 32
10 38 32
13 38 32
12 38 32
14 38 32
14 38 32
15 38 32
15 38 32
16 38 32
17 37 32
19 37 31
17 38 32
17 39 32
14 39 32
12 41 33
11 41 33
12 40 33
12 40 33
08 41 33
05 39 33
06 37 33
06 41 35
03 41 36
08 38 35
11 36 36
13 38 35
14 38 35
15 39 36
16 39 35
15 39 35
18 39 36
18 38 34
19 37 36
18 37 35
17 37 34
14 40 34
11 37 34
11 37 34
10 39 34
12 38 34
08 40 33
05 39 33
03 38 32
06 37 30
08 39 31
10 39 32
11 40 33
12 39 31
14 38 31
15 37 33
15 38 32
15 38 32
15 37 33
17 37 31
17 38 31
17 37 31
15 37 32
13 39 31
11 38 32
11 38 32
13 39 32
11 39 33
07 40 32
07 39 33
06 41 35
02 43 36
04 42 36
10 38 36
13 40 37
13 39 38
14 45 39
12 43 36
15 41 34
16 41 36
18 35 35
19 31 34
20 32 34
20 36 35
20 40 34
17 42 35
14 42 36
12 42 36
12 42 36
04 46 37
01 45 37
01 42 32
00 43 34
05 40 34
08 39 33
09 41 33
10 42 34
10 43 32
09 46 32
10 50 33
10 54 33
12 56 32
16 55 36
21 54 38
27 49 38
34 39 39
40 41 40
41 37 39
41 34 41
41 36 42
40 36 45
37 36 47
36 37 48
36 39 51
34 39 52
35 39 52
37 36 52
37 36 52
37 35 53
36 41 53
38 37 49
39 36 52
40 37 52
39 35 49
39 38 49
39 36 51
39 37 51
