36 46 46
35 48 46
36 46 46
36 47 47
35 46 46
36 46 46
37 48 46
35 47 47
36 46 47
36 47 46
36 46 46
36 47 46
36 48 46
36 47 47
36 48 48
34 46 47
35 47 47
36 47 47
36 49 46
36 47 48
34 47 47
35 47 46
35 47 46
35 47 46
36 48 46
36 47 46
35 48 47
35 47 46
37 47 47
35 47 46
35 47 47
35 46 47
35 46 46
35 46 45
36 47 47
35 48 47
34 47 46
36 47 46
34 47 47
36 47 46
36 47 47
36 48 46
36 48 46
36 46 47
37 47 47
36 46 47
36 47 47
36 47 47
36 47 47
35 47 47
35 48 46
34 47 46
35 46 47
35 48 46
35 47 46
37 46 47
36 46 47
36 48 47
35 49 47
35 48 47
35 47 47
36 47 46
35 46 46
36 48 47
38 46 47
36 47 46
36 46 48
36 48 47
35 46 47
35 47 46
35 48 47
36 46 47
36 46 48
36 45 46
36 47 47
35 46 46
35 47 47
37 48 49
36 47 47
36 47 48
36 45 47
36 47 47
36 46 48
37 46 48
37 46 49
36 46 49
36 46 49
37 46 48
37 44 48
36 45 47
37 44 46
38 45 48
37 45 49
37 45 48
36 43 49
35 43 50
35 45 49
36 42 48
36 41 48
37 43 49
35 42 49
35 43 49
36 42 49
36 43 49
36 44 50
36 43 49
37 43 49
36 43 49
37 42 49
37 42 48
37 43 49
35 44 51
36 43 50
36 42 50
37 43 50
37 44 51
37 43 49
37 43 49
38 43 50
37 42 49
37 43 50
36 43 49
37 43 49
37 42 49
37 42 50
37 41 49
37 42 51
37 42 50
37 43 50
37 40 49
38 40 50
38 41 50
36 40 52
37 41 50
37 41 50
37 41 50
37 41 50
38 40 50
38 40 51
37 42 51
36 40 51
38 41 51
38 40 51
36 40 52
37 41 52
37 39 50
36 39 51
37 40 52
37 40 51
35 38 51
36 38 52
35 37 52
36 37 52
36 37 51
35 37 53
35 36 53
35 36 53
35 37 52
35 38 53
35 37 51
35 35 51
34 37 52
35 36 54
35 36 53
35 38 51
35 36 53
34 37 53
36 37 53
34 37 53
33 37 53
35 35 53
33 37 53
35 36 53
36 36 52
34 37 52
35 36 51
35 35 52
34 37 51
34 38 52
36 35 52
35 36 52
35 37 51
34 38 53
33 37 52
34 37 49
35 37 52
34 40 51
33 41 51
33 41 49
33 43 50
34 42 51
33 45 48
32 46 48
34 48 48
34 48 48
33 50 47
34 50 45
34 51 45
34 51 46
35 51 45
36 50 45
36 49 44
35 50 44
36 48 45
37 48 45
38 46 45
36 48 46
38 46 46
37 47 45
37 46 46
38 47 46
37 47 45
38 46 47
37 46 46
37 46 46
36 48 45
38 49 44
38 49 46
38 46 45
38 45 46
40 45 44
39 44 44
38 46 45
37 48 46
37 48 46
36 47 46
37 47 46
36 46 44
37 46 46
38 45 46
39 45 47
39 46 47
38 47 46
39 47 46
39 45 47
37 45 46
39 44 45
37 44 45
39 43 47
40 43 45
42 42 47
40 42 46
39 43 45
37 47 45
37 48 46
38 47 46
37 48 47
36 48 47
36 53 48
36 54 47
39 48 44
39 45 47
39 48 47
38 47 46
38 48 45
38 47 46
36 48 47
36 47 46
36 47 47
36 47 48
36 47 47
37 46 48
35 45 48
36 46 48
36 46 48
37 46 47
36 46 47
37 47 47
36 47 47
35 46 47
36 46 48
37 47 48
36 46 48
37 47 47
36 46 47
36 47 48
37 45 48
36 46 48
35 46 47
36 46 48
37 46 47
36 47 47
35 46 47
36 46 47
36 47 47
36 46 47
38 47 47
37 46 47
36 45 48
37 46 47
36 44 48
36 44 47
38 46 48
37 46 47
37 46 48
35 45 48
36 45 47
36 45 47
36 46 47
36 47 47
37 46 47
36 47 48
35 46 48
35 46 48
35 46 47
35 46 47
36 46 47
35 44 48
36 46 49
36 47 48
35 45 48
34 46 47
35 47 47
35 46 47
36 46 47
36 46 47
35 45 47
36 47 47
35 46 48
36 45 48
35 46 47
36 47 47
37 45 47
36 47 48
37 45 47
36 46 47
36 45 47
36 46 47
35 46 47
36 46 48
36 45 47
36 46 47
37 46 47
36 46 47
36 46 47
36 45 46
36 48 48
36 45 48
35 47 47
36 46 48
36 46 48
36 47 47
36 47 47
34 47 47
35 46 48
35 47 47
36 46 47
36 46 48
35 46 47
37 46 48
36 46 48
37 47 47
37 45 47
36 46 46
36 46 48
35 47 46
35 46 47
36 46 47
35 47 48
35 45 47
36 46 47
36 46 47
35 46 47
36 46 47
36 46 47
36 46 47
36 46 47
34 45 48
36 46 47
36 45 47
35 47 47
36 46 49
37 45 48
35 46 47
37 45 48
36 47 46
36 46 48
36 47 47
36 46 47
35 46 47
36 46 47
36 46 47
36 45 48
36 46 47
36 46 47
35 46 47
36 46 48
35 45 47
35 45 48
36 46 47
36 47 47
35 45 47
35 46 47
36 45 48
37 46 46
36 45 47
36 45 48
35 46 47
35 46 47
36 47 47
36 46 46
35 46 47
35 47 46
35 46 48
37 45 48
37 46 47
35 46 46
35 47 47
36 47 48
34 46 47
36 47 48
35 47 48
35 46 47
36 46 48
35 47 46
37 45 47
36 46 47
36 46 48
37 45 47
37 46 48
36 46 48
36 47 48
35 47 48
35 46 47
36 46 47
36 46 48
37 47 46
35 45 47
35 47 47
36 47 47
36 46 48
36 46 47
36 47 48
36 46 48
38 47 48
36 46 46
35 46 47
35 45 47
36 46 48
35 46 47
36 46 46
35 46 47
36 46 47
36 46 47
37 45 47
35 47 47
36 47 48
36 46 48
36 46 48
35 46 47
36 46 48
35 46 47
35 46 47
35 47 47
35 46 47
35 46 47
35 46 46
35 45 47
36 46 46
37 45 48
37 44 48
36 45 47
36 46 48
36 46 47
36 46 47
36 46 48
36 46 47
35 46 47
36 45 46
36 46 48
35 46 47
37 45 47
36 47 48
35 45 47
36 44 47
36 46 47
36 45 48
36 46 48
35 46 47
37 46 47
36 48 48
35 45 47
36 46 47
37 45 47
36 46 48
36 45 48
36 45 48
37 44 48
36 45 47
36 46 47
35 46 47
37 46 49
37 46 48
36 46 49
35 47 48
36 49 49
36 46 48
37 43 47
37 46 49
37 45 49
38 43 48
37 42 49
36 42 51
37 41 50
36 40 50
35 41 49
34 42 50
34 40 50
34 40 51
35 42 52
35 41 51
33 40 50
34 40 51
34 42 51
34 41 50
34 41 51
34 40 52
34 41 50
34 41 50
34 42 51
36 41 51
34 41 51
35 42 50
36 40 51
34 42 52
34 40 51
35 41 51
35 41 50
36 40 51
34 41 50
35 39 51
35 40 50
35 41 51
34 41 51
35 41 51
35 41 51
36 41 50
35 39 51
35 41 51
34 41 50
34 40 52
34 41 52
34 40 51
34 41 52
34 40 51
33 41 51
35 40 51
34 39 52
35 40 51
35 38 52
34 39 51
34 40 50
35 39 51
34 39 52
34 39 51
34 39 52
35 39 50
35 39 51
35 40 52
34 39 51
34 39 52
35 39 52
34 39 52
34 38 52
34 37 52
32 39 57
33 37 51
32 39 50
34 39 52
33 39 52
33 38 52
33 38 51
32 38 51
33 39 51
33 39 51
34 39 51
32 41 50
31 41 49
31 42 50
32 42 51
32 45 51
31 47 50
32 46 48
31 48 47
33 48 48
32 48 48
33 49 46
34 50 45
34 50 45
34 49 45
34 50 45
34 49 44
35 50 44
35 48 44
35 50 44
36 49 44
36 48 44
37 48 45
36 47 44
38 45 45
38 47 46
37 46 45
38 46 45
38 46 45
38 47 44
38 47 45
37 49 44
39 48 45
39 47 46
39 49 46
40 48 45
38 46 45
38 47 45
38 46 45
37 48 44
40 47 44
39 46 45
39 46 46
40 46 45
39 46 46
38 46 46
39 45 46
39 45 46
39 44 47
39 44 46
39 45 47
39 42 46
39 44 46
38 45 46
38 48 46
40 43 46
38 46 46
39 48 46
39 45 46
39 45 45
38 48 45
38 48 46
38 47 44
38 48 45
38 48 45
38 47 45
38 49 46
38 49 47
37 48 46
37 49 47
36 47 46
36 47 45
37 50 49
38 46 48
38 45 47
35 47 48
35 47 47
36 47 48
36 45 48
35 44 47
36 46 48
36 46 46
36 46 48
35 46 47
36 46 47
36 45 47
36 45 46
36 46 46
37 46 47
36 46 48
36 46 47
33 46 47
35 44 48
36 45 48
35 47 48
37 46 47
37 45 47
35 46 48
36 47 48
36 46 48
36 46 46
38 47 48
36 46 48
37 47 48
36 45 48
36 46 47
36 46 47
36 46 48
35 45 48
34 46 46
36 46 48
36 47 47
35 46 47
34 46 47
36 47 47
36 47 47
36 46 47
36 45 48
36 45 47
36 45 48
37 46 47
35 45 47
35 46 47
36 45 47
37 45 48
36 46 47
35 45 47
37 46 48
35 47 47
36 46 48
37 45 48
37 45 47
36 46 48
36 46 48
35 46 47
36 46 47
37 45 48
37 46 48
38 45 48
36 45 47
37 46 47
36 46 48
35 46 47
36 47 47
37 46 47
35 46 47
36 46 47
35 46 48
35 45 48
38 45 48
35 46 47
37 46 47
35 45 48
37 45 47
36 45 48
37 47 47
35 46 47
35 46 47
36 46 46
36 46 48
36 46 48
36 46 48
35 46 47
36 45 47
36 45 47
35 47 46
37 46 48
34 47 48
35 46 47
36 45 47
36 45 47
36 46 48
36 46 47
36 46 48
36 45 47
37 45 48
36 46 47
37 45 47
36 46 47
36 45 47
34 46 47
36 45 47
35 46 46
36 46 48
37 47 48
35 45 48
36 46 48
35 46 47
36 46 48
36 46 47
37 44 48
36 45 47
35 45 48
36 45 48
35 46 47
37 45 48
35 46 48
35 45 47
36 46 48
36 45 47
35 46 48
36 47 47
36 46 48
36 46 47
35 46 47
36 46 47
36 45 47
37 46 47
35 44 48
36 46 48
36 45 48
35 46 47
36 46 47
36 47 48
36 45 48
35 46 48
36 45 47
37 46 48
37 45 47
35 46 49
36 45 48
36 46 48
36 46 47
36 46 48
35 47 48
37 46 48
36 46 47
36 46 48
36 45 47
36 45 47
36 45 48
36 46 48
36 46 48
37 45 48
37 46 47
37 45 47
36 46 48
36 46 47
35 46 47
36 46 48
35 45 48
36 46 46
36 47 47
36 45 48
36 45 47
36 45 47
36 46 47
37 45 48
36 45 47
36 47 48
37 47 48
37 46 48
37 46 47
38 46 47
37 45 48
36 45 48
35 46 48
35 47 48
37 46 47
36 47 48
36 47 48
35 47 49
36 45 49
37 45 47
37 46 47
36 45 48
38 44 48
37 42 48
37 43 49
37 42 48
36 41 49
36 42 50
36 42 50
36 42 50
36 41 51
35 41 50
36 42 51
35 42 51
36 42 51
35 41 50
34 42 50
35 40 51
35 42 52
35 41 51
35 40 50
34 41 51
35 41 51
35 41 50
34 41 51
34 41 51
36 41 51
35 43 51
35 42 51
35 41 51
35 42 51
35 41 50
36 41 50
35 40 49
36 41 51
34 40 51
35 41 51
35 42 51
36 40 51
35 41 51
36 41 51
36 41 51
35 40 51
34 41 51
36 39 50
35 39 52
35 40 51
35 39 51
34 40 51
35 40 51
35 39 50
35 39 51
35 39 51
34 40 53
34 40 52
36 38 52
35 39 51
36 39 51
33 40 51
34 39 51
34 38 52
35 37 51
36 38 52
35 38 52
34 37 52
33 39 52
35 39 52
35 38 52
34 39 51
34 39 53
34 37 51
35 38 52
33 38 52
34 38 53
34 38 51
33 38 52
33 38 53
34 38 52
32 37 52
33 37 53
34 38 52
34 37 53
33 37 52
33 38 53
33 37 51
33 39 52
34 38 51
34 37 52
35 38 51
34 38 53
33 38 52
33 37 52
33 37 53
33 38 52
34 39 53
33 37 53
34 38 53
33 38 52
33 37 51
32 38 53
34 38 53
33 38 52
32 38 52
33 38 52
33 39 52
33 39 52
32 37 53
32 38 52
32 37 52
33 36 52
34 38 52
33 38 52
33 37 51
32 38 52
33 38 54
33 37 53
32 37 52
33 38 53
33 38 52
33 38 52
33 37 51
33 38 51
32 38 52
33 38 53
33 36 51
34 38 51
33 38 52
33 38 51
33 38 51
32 38 53
33 38 52
32 37 53
33 39 52
32 38 52
33 37 52
32 39 52
32 39 52
33 37 51
33 37 51
30 43 51
32 36 52
33 36 53
32 36 51
33 34 52
29 44 54
33 37 52
34 36 53
33 38 53
33 37 51
33 38 52
32 37 52
32 38 52
32 37 53
33 37 52
36 32 51
31 49 54
33 36 54
34 33 53
30 38 50
29 41 52
30 38 50
31 39 50
32 43 50
32 46 48
32 46 49
34 47 49
33 48 48
33 47 46
34 49 45
33 48 46
35 51 45
34 54 43
34 53 43
35 50 43
36 51 43
36 49 43
36 49 44
36 49 44
38 48 44
37 48 44
35 47 45
36 48 46
37 48 45
37 48 45
38 49 45
37 48 45
36 47 43
38 46 44
36 48 44
38 49 44
37 51 44
38 50 44
37 48 45
38 48 44
37 48 44
38 48 45
37 48 45
38 47 45
36 47 45
37 48 44
38 48 44
37 48 45
38 48 45
38 47 45
38 45 45
37 45 46
36 45 47
39 44 47
38 46 46
38 46 47
39 45 46
39 43 48
39 43 50
39 38 50
39 39 48
39 42 50
40 40 50
39 38 50
38 38 50
37 38 51
37 37 52
37 37 51
36 36 52
36 36 52
35 35 53
34 34 53
33 35 53
33 35 53
33 35 54
33 34 53
33 34 52
31 35 52
34 35 53
33 33 51
34 34 54
32 33 54
33 33 53
33 34 54
32 34 53
34 34 53
34 34 52
33 33 53
34 32 52
34 32 52
33 34 52
34 34 53
32 30 52
32 36 53
34 32 52
34 32 52
34 33 53
34 30 51
32 37 53
34 33 53
34 33 52
33 33 53
33 34 53
34 36 53
34 34 53
33 34 54
33 35 54
35 33 51
32 38 53
31 37 52
30 39 51
30 39 51
30 43 51
31 45 50
31 44 50
31 45 49
32 45 49
32 46 48
33 46 47
32 47 47
32 48 47
33 48 46
33 48 46
33 48 46
33 49 45
33 48 46
34 45 46
34 48 44
33 50 45
33 51 44
33 53 41
33 52 43
35 52 42
35 51 42
36 51 42
37 49 42
36 49 43
37 47 44
36 48 46
37 47 45
36 47 44
37 48 45
37 47 45
36 47 46
36 47 46
38 48 46
37 49 46
39 50 45
36 49 44
37 49 44
38 48 46
38 47 45
39 45 45
37 47 45
39 46 46
38 45 46
37 46 46
39 44 46
39 43 46
38 44 46
37 42 48
38 43 46
39 44 48
38 46 46
40 47 47
39 45 45
37 49 46
38 48 46
38 46 43
38 49 44
38 49 45
38 48 43
39 47 43
37 49 44
38 50 44
37 48 44
38 46 43
38 48 45
35 49 44
36 49 44
37 48 44
37 49 45
35 52 45
35 52 45
35 52 45
35 50 44
35 52 44
36 50 45
36 48 45
35 48 46
34 48 46
34 49 45
35 47 46
33 48 46
34 49 46
36 47 46
34 48 47
35 47 46
34 47 46
35 46 47
35 46 46
35 47 47
34 46 46
33 46 47
34 47 45
35 47 46
35 47 47
34 46 47
36 47 47
34 47 47
35 47 47
34 47 47
34 47 47
34 47 47
35 47 47
34 46 46
34 47 46
34 46 48
35 46 46
33 47 47
34 46 47
34 47 47
34 46 46
34 46 48
35 47 47
34 48 47
34 47 47
35 46 46
35 47 47
34 46 47
34 46 48
34 46 48
35 47 48
34 46 47
35 47 49
34 46 47
35 46 47
34 47 47
34 45 48
36 47 47
35 47 47
34 47 48
35 47 47
35 46 46
34 47 47
36 47 48
36 46 47
35 46 46
36 47 47
35 47 47
35 46 47
35 46 47
36 45 47
35 46 47
34 47 47
35 47 48
35 45 47
36 46 47
35 46 47
35 46 47
35 47 48
35 45 47
34 45 48
35 46 47
34 47 48
33 45 47
35 47 48
35 46 47
34 47 47
36 46 48
35 45 48
34 45 48
35 46 48
34 47 47
34 46 48
35 45 48
35 46 47
35 47 47
35 45 47
33 46 47
35 46 47
35 47 48
35 47 48
35 46 47
34 46 48
35 46 47
34 45 48
35 47 47
35 45 47
35 46 48
35 47 48
35 46 47
34 46 48
34 46 47
35 46 47
35 46 48
35 46 47
34 46 48
34 47 48
35 45 48
35 45 47
34 46 47
35 46 48
36 45 47
34 45 48
36 45 46
35 46 48
34 46 47
36 45 48
35 46 48
35 46 46
35 46 46
36 46 48
34 47 47
34 46 48
35 46 48
36 46 47
35 45 47
35 45 47
35 46 48
36 46 47
35 45 47
36 46 46
35 46 47
34 46 48
34 45 48
35 46 47
35 47 48
34 46 47
35 46 49
34 46 46
35 47 47
36 47 47
35 46 48
36 46 47
35 46 48
35 46 48
34 46 47
35 46 47
36 45 47
34 45 47
35 45 48
34 46 47
35 47 47
35 45 48
34 45 48
35 45 47
36 45 47
35 46 48
36 46 47
34 47 48
35 46 48
35 46 48
34 46 47
34 47 48
35 46 48
35 45 48
35 46 48
34 47 47
36 46 48
35 46 48
36 45 47
35 45 49
35 46 47
36 46 48
35 45 48
36 47 47
37 44 49
36 47 47
36 47 49
36 47 48
35 47 48
36 45 47
36 44 48
37 43 47
36 44 47
36 43 48
38 41 48
37 42 49
38 42 49
37 43 50
36 44 50
38 43 50
38 42 51
37 42 51
37 41 50
36 41 50
37 40 51
37 41 50
38 41 50
36 42 50
37 43 50
38 41 50
38 40 51
37 40 51
37 40 50
37 41 51
37 40 50
39 39 50
37 39 51
38 40 51
37 39 50
37 39 51
38 39 52
37 40 51
39 38 53
37 39 51
37 38 51
39 38 50
38 36 51
38 39 51
38 38 52
38 39 52
37 38 51
37 36 52
38 36 52
37 37 51
38 37 51
38 38 52
37 37 51
38 38 51
38 38 51
38 38 53
39 38 51
38 39 52
38 38 51
38 39 51
37 38 51
37 38 50
36 39 51
36 38 52
35 39 51
35 38 51
38 38 51
34 41 52
36 39 55
36 38 52
35 40 52
35 39 52
35 38 51
34 42 49
35 40 50
33 44 50
34 44 51
34 45 47
34 46 48
35 47 48
34 48 47
34 47 46
35 49 46
34 49 45
34 51 45
35 49 45
35 50 45
34 49 45
36 51 45
36 49 45
35 48 46
36 50 44
37 48 45
35 48 45
36 48 45
37 45 45
36 46 47
37 47 46
37 47 45
36 45 46
38 47 45
37 46 46
37 45 45
37 46 46
36 46 45
36 46 46
38 46 47
37 46 46
36 47 48
36 47 45
38 47 46
36 46 45
38 47 46
37 47 46
39 47 47
36 45 46
37 44 46
38 46 48
38 44 47
38 45 46
38 43 47
37 43 48
38 43 48
37 43 49
38 45 48
39 44 47
38 45 48
39 43 47
39 43 46
38 46 46
39 46 47
38 45 44
37 47 45
38 46 45
39 47 42
39 50 43
39 48 43
39 49 43
37 49 44
37 49 43
36 49 43
34 50 44
34 51 45
35 52 46
33 54 45
34 52 45
34 51 46
33 47 46
34 45 46
34 48 48
33 46 46
35 47 46
33 47 48
32 46 47
32 47 47
32 48 47
34 46 47
32 47 47
33 47 47
33 46 47
34 46 48
33 47 48
33 46 48
33 46 48
33 45 47
33 46 48
33 46 48
33 46 48
33 46 47
33 47 47
33 47 48
32 48 46
33 46 47
33 46 48
34 46 47
33 45 48
33 46 47
33 47 47
32 45 48
34 47 48
33 45 48
34 46 48
33 46 48
33 46 48
32 46 47
34 46 47
33 45 48
33 45 48
33 46 48
33 45 48
34 46 48
34 45 47
33 46 48
33 46 48
32 47 48
34 46 48
34 46 49
33 46 47
34 45 48
33 47 47
34 47 48
34 46 48
34 46 48
33 46 47
33 46 47
33 46 47
34 46 47
34 46 47
33 46 47
33 46 48
33 46 48
33 46 48
34 47 47
34 46 49
34 46 48
33 47 48
34 46 47
33 46 48
33 46 49
32 45 47
34 47 47
32 46 48
34 46 48
34 46 47
33 45 48
35 46 47
33 46 48
34 45 47
34 46 48
34 46 49
33 45 47
35 46 47
34 46 48
33 46 48
34 47 48
33 47 48
34 46 48
34 46 48
33 47 48
33 47 49
34 46 47
34 46 48
32 45 47
33 45 47
34 47 48
33 47 47
32 46 48
34 45 47
34 46 48
35 45 47
34 46 47
34 46 47
33 47 48
33 46 48
34 47 48
32 46 48
33 47 48
33 45 48
33 46 48
33 46 47
33 46 48
34 46 48
33 47 48
33 46 48
34 46 47
33 46 48
34 47 47
33 47 48
34 47 48
34 46 47
33 46 47
33 46 48
35 46 48
33 45 48
34 46 47
33 46 47
33 46 48
34 47 47
32 44 48
32 46 47
33 46 48
34 47 47
33 45 48
33 47 47
32 46 47
33 46 48
34 46 48
34 45 48
34 47 47
35 47 48
35 47 47
33 47 48
33 45 47
33 46 48
33 47 47
34 46 47
34 46 47
34 45 48
33 48 47
34 45 48
35 45 48
33 47 48
33 46 48
33 45 48
35 46 47
33 46 48
34 47 47
34 47 47
35 45 48
34 45 47
33 44 48
33 46 48
33 45 48
34 45 48
34 45 48
33 45 48
34 45 47
33 46 48
33 46 48
33 46 48
33 47 48
33 46 48
33 46 48
34 46 48
33 46 46
33 46 47
34 46 47
34 47 48
33 47 47
33 46 48
33 47 48
33 45 47
33 46 47
35 46 49
34 45 47
34 46 48
33 46 47
31 45 48
34 45 48
35 46 48
33 45 47
34 46 48
33 47 47
34 46 48
35 46 48
34 46 48
33 46 47
34 45 47
33 46 47
33 46 47
34 45 48
33 45 47
33 46 48
34 45 48
34 47 47
34 46 49
34 45 48
34 46 49
35 45 48
34 45 47
35 45 47
34 45 48
34 46 48
33 45 47
34 46 48
33 45 48
34 44 47
35 46 48
35 46 48
33 45 48
33 46 48
33 46 48
34 46 48
34 47 49
34 45 48
34 46 49
34 45 48
35 46 48
34 44 49
35 44 49
35 44 49
34 45 48
35 44 49
36 43 49
35 45 49
35 44 49
34 43 49
34 44 49
35 44 49
35 44 49
35 43 49
35 42 49
34 42 50
36 43 49
35 44 50
36 43 50
34 43 50
36 44 50
35 42 50
35 42 51
35 42 48
35 42 49
36 42 51
35 42 51
36 42 51
36 41 50
35 42 51
36 41 51
36 41 51
37 41 50
36 41 51
36 40 53
35 40 50
35 41 52
36 40 50
37 42 51
35 40 51
35 40 51
34 42 51
36 41 49
36 41 51
34 41 52
36 40 49
37 42 51
34 44 51
34 47 49
33 49 48
34 49 48
33 49 47
35 50 46
36 50 46
35 49 46
34 48 45
35 50 45
36 49 45
36 50 44
35 49 43
36 49 44
36 50 44
35 48 45
36 49 44
37 49 44
37 48 44
38 48 44
37 47 45
38 47 46
38 47 45
37 47 45
38 47 45
37 47 47
37 46 45
38 47 44
36 47 45
37 46 45
37 49 45
36 48 46
37 47 46
37 46 45
38 49 46
37 47 46
37 47 47
39 46 46
37 46 46
38 46 46
37 46 46
38 46 45
38 45 47
37 46 48
38 44 47
38 43 48
38 43 47
38 42 48
38 43 47
39 43 47
38 43 48
39 44 46
38 44 45
37 48 47
37 47 47
38 46 45
38 46 45
37 49 45
38 47 46
36 48 47
37 47 46
36 48 46
36 49 48
34 48 47
34 48 47
35 49 48
35 49 47
34 47 48
34 47 49
34 49 47
33 49 48
34 45 47
33 47 47
32 48 49
32 46 49
33 45 49
33 45 48
34 46 48
32 46 48
34 45 47
33 46 48
34 45 48
33 46 49
32 44 49
33 44 49
33 45 49
33 45 48
32 45 48
32 45 49
32 45 48
31 45 48
33 45 49
33 44 48
33 45 48
32 45 48
33 44 50
33 46 48
32 45 49
33 46 49
32 45 48
32 45 49
32 47 48
32 45 48
32 46 48
33 45 48
32 45 48
32 46 47
32 47 49
32 45 48
33 45 48
33 45 48
31 46 49
32 46 48
32 45 48
33 45 49
31 44 48
33 45 49
32 45 49
32 45 49
32 45 49
32 45 49
33 46 48
31 44 48
33 45 48
32 45 47
33 45 47
31 44 48
33 46 48
34 45 48
32 44 48
32 45 49
33 46 48
32 46 48
32 45 48
32 46 49
32 45 48
33 45 49
33 44 48
33 45 48
33 45 49
33 46 48
33 45 48
31 46 47
32 44 49
32 44 47
32 46 48
34 45 49
32 45 49
32 44 49
31 45 48
33 45 48
34 46 49
32 46 47
32 46 48
33 46 49
31 45 48
32 45 48
31 46 48
33 45 49
32 46 48
31 45 48
32 45 48
33 46 48
32 45 48
32 46 49
33 46 48
32 45 47
32 46 49
33 45 48
32 46 48
32 44 48
32 47 48
32 46 48
33 45 48
32 46 48
32 46 48
33 46 49
33 46 49
33 45 49
33 46 49
33 44 47
32 45 48
32 44 48
32 45 48
33 45 48
33 45 47
33 46 48
33 45 49
33 44 48
32 45 48
32 44 48
33 46 48
33 46 48
32 46 48
32 45 48
33 45 48
33 45 48
33 45 48
32 46 48
33 44 48
32 45 49
33 46 47
33 45 48
32 46 48
32 45 48
34 45 47
32 45 48
32 45 48
33 45 48
33 45 48
33 46 48
32 46 49
32 45 48
32 45 48
32 46 49
32 46 48
34 46 48
33 45 49
31 44 48
31 45 48
32 44 49
32 44 48
33 46 48
32 45 48
33 45 49
33 46 48
32 46 48
33 45 49
34 45 49
33 44 47
33 44 47
32 45 49
32 45 48
32 45 48
32 45 48
33 46 49
33 45 49
32 45 48
33 45 49
32 45 49
33 44 49
33 46 48
33 45 48
32 46 48
31 45 48
33 45 49
33 47 49
33 45 48
33 44 49
32 45 49
33 46 48
33 47 48
33 44 48
33 45 49
33 45 48
32 47 49
32 44 48
34 46 48
33 44 48
32 45 48
33 45 49
33 45 48
34 45 48
32 46 47
33 46 48
32 46 48
32 45 49
33 45 48
32 46 48
33 44 47
34 45 48
33 45 48
32 44 47
32 46 49
33 45 48
33 44 48
34 45 49
33 45 49
32 46 49
34 45 49
34 45 49
32 47 48
32 46 50
32 46 48
33 47 48
33 46 48
33 45 48
33 43 48
33 44 48
34 44 49
34 44 48
34 44 49
34 43 49
33 43 49
35 43 50
34 42 49
34 43 49
34 44 50
34 44 49
33 43 49
34 43 49
34 43 49
33 43 50
34 43 48
35 44 51
35 44 50
35 42 50
34 43 50
35 43 49
35 41 51
34 42 50
35 42 51
34 40 51
35 42 51
35 42 51
34 41 51
35 42 51
34 40 52
35 41 51
36 41 52
35 41 51
34 41 50
34 40 52
35 39 51
35 40 51
35 40 50
34 41 50
35 40 51
33 41 51
35 42 50
36 42 49
35 40 51
36 41 51
36 42 49
34 45 50
35 41 50
34 42 49
33 46 49
34 47 48
35 46 48
33 47 46
34 49 45
33 48 46
33 48 45
32 49 45
34 50 45
33 49 45
33 52 45
34 51 44
36 50 46
35 50 44
36 51 44
35 51 43
38 50 45
38 49 44
37 46 44
37 46 45
37 46 45
38 46 44
37 46 45
38 46 44
36 47 45
37 47 45
36 47 45
37 47 45
36 46 44