28 44 49
28 44 49
28 44 49
40 28 44
28 46 49
28 46 33
31 45 50
30 43 50
30 42 49
32 43 49
32 43 49
33 43 50
33 43 51
34 42 50
35 43 51
34 42 49
34 41 48
34 41 49
35 41 50
34 42 50
35 41 50
34 41 49
36 40 50
34 41 51
36 41 52
36 41 52
35 40 52
36 39 52
35 37 52
35 39 51
36 38 53
35 37 51
37 37 51
35 40 51
34 39 50
35 39 50
34 38 50
34 38 51
32 38 51
31 36 52
33 37 52
32 36 51
35 35 52
37 38 52
38 36 55
39 37 55
40 39 55
39 40 54
38 38 53
39 40 49
37 42 49
36 40 47
34 41 49
31 40 47
28 39 48
27 40 48
27 40 51
26 42 50
27 39 51
27 39 53
29 37 52
30 38 52
30 38 51
32 37 52
31 39 53
32 38 53
29 37 52
30 39 52
29 39 52
30 38 52
29 38 52
31 40 51
32 39 51
33 39 50
32 40 52
31 40 53
32 39 52
31 39 51
32 39 52
32 38 51
31 39 51
32 40 52
31 39 52
30 41 52
30 40 52
32 40 52
30 40 51
30 40 51
31 39 51
30 39 52
31 37 53
30 39 53
30 39 52
30 40 51
33 38 51
33 39 51
31 40 52
29 39 53
30 43 51
30 47 51
30 48 49
31 46 48
33 44 49
35 43 48
35 41 49
36 39 48
37 38 50
36 36 51
33 34 52
35 38 53
34 34 51
35 32 54
34 32 54
33 33 57
35 33 55
35 34 53
34 32 53
35 34 53
35 34 53
32 31 52
32 33 50
33 34 53
34 31 55
35 32 51
38 34 49
41 35 50
43 38 51
40 40 50
38 42 53
36 43 53
37 43 50
34 42 50
34 41 52
33 39 51
32 37 52
31 38 52
32 39 52
31 38 53
32 39 51
33 38 51
33 42 53
33 38 54
34 37 53
34 36 54
34 37 52
32 36 52
31 38 51
31 38 51
30 37 52
29 39 51
29 39 52
30 36 51
30 36 52
31 38 53
31 36 51
32 37 52
32 37 53
31 37 52
31 36 55
31 37 52
31 38 51
32 37 53
31 37 53
32 38 53
32 38 53
32 36 53
32 36 53
32 36 52
30 37 52
31 37 52
32 36 51
31 38 52
30 37 52
31 38 52
31 38 53
31 37 53
31 35 54
31 35 53
32 37 53
32 36 52
31 35 54
28 34 55
29 36 50
30 38 50
31 40 51
32 37 51
32 38 52
31 37 52
33 38 52
33 36 52
34 38 52
34 39 52
33 38 53
33 36 53
32 37 52
30 38 52
30 37 52
32 36 53
32 37 52
32 37 53
32 37 53
32 37 53
33 37 52
32 36 54
31 39 53
32 37 54
31 39 50
31 36 53
32 36 52
32 38 52
33 38 51
33 37 51
31 37 51
30 38 53
30 37 53
31 39 51
30 37 52
32 38 52
31 37 51
31 36 54
32 37 52
31 37 53
31 38 53
31 37 52
31 37 52
30 36 52
30 38 51
31 38 54
29 38 54
30 39 55
31 37 52
30 36 47
30 42 51
32 37 52
32 36 51
32 36 53
32 35 54
31 33 52
32 35 51
30 35 54
31 35 55
31 34 54
30 34 54
31 32 54
31 33 52
31 34 52
31 34 52
31 35 51
31 35 52
30 34 54
30 32 55
31 31 52
30 32 52
32 32 53
31 33 53
30 34 53
29 34 52
30 33 52
30 34 51
29 34 53
30 34 53
30 33 52
31 34 52
31 34 53
30 34 53
31 34 52
31 34 51
31 33 53
31 32 54
30 35 54
32 35 54
30 35 53
32 36 51
29 34 52
31 34 51
30 35 53
32 36 52
32 35 52
31 36 53
30 37 53
29 36 52
29 36 55
29 36 53
29 35 54
30 36 53
32 35 53
30 36 53
30 37 52
30 37 51
30 38 51
31 38 54
31 39 52
30 38 52
31 38 51
29 37 53
29 35 56
29 32 56
30 29 53
29 30 50
29 33 52
31 38 54
32 36 54
33 37 51
34 40 51
34 39 49
31 39 49
32 38 51
31 37 51
31 37 54
32 36 53
31 36 53
31 36 53
29 36 54
30 36 55
31 36 53
31 36 52
28 36 54
29 37 55
30 34 54
30 33 51
30 35 50
30 36 53
31 37 52
32 37 52
31 37 50
32 38 51
31 38 52
31 39 53
31 38 52
32 38 52
31 37 52
30 37 52
31 39 54
31 38 53
31 38 52
32 37 52
32 38 53
31 38 52
31 38 54
30 36 54
30 37 51
30 38 51
30 37 51
31 39 51
31 39 53
33 37 52
34 38 51
34 37 50
32 38 52
31 38 51
33 38 52
32 39 52
32 38 52
32 41 53
31 40 53
30 39 52
31 37 52
31 39 51
32 39 52
31 38 52
31 37 52
32 37 53
32 37 53
33 38 53
32 39 53
31 38 53
31 37 52
32 38 52
31 35 52
32 36 53
32 36 53
31 38 52
31 36 54
31 39 56
32 37 53
33 37 51
31 36 51
30 37 50
31 40 50
33 41 53
33 38 52
33 40 52
34 41 51
34 40 51
36 44 47
35 47 42
34 54 40
32 53 39
33 51 36
32 51 37
31 54 34
32 55 33
34 54 34
33 54 33
33 53 30
32 53 33
33 51 31
32 53 28
34 49 30
34 55 26
35 54 23
32 57 26
33 54 21
34 54 24
33 54 23
33 55 22
34 55 23
34 51 26
36 55 24
37 55 26
39 54 26
40 52 25
42 50 29
43 49 33
43 50 32
44 48 32
44 46 32
46 46 33
45 42 34
44 42 34
44 43 33
48 43 34
51 42 35
53 41 37
53 40 40
53 40 43
52 39 41
51 39 41
50 38 41
50 38 41
48 38 41
49 39 42
48 40 42
50 39 40
50 39 40
50 37 41
50 38 41
50 37 42
51 38 43
51 39 42
51 38 41
50 39 40
50 40 39
51 40 40
52 40 40
50 40 42
50 40 41
50 39 41
50 40 40
51 40 39
51 40 39
50 39 39
50 39 40
51 39 40
50 38 38
51 37 38
51 38 39
51 38 42
51 39 40
51 38 40
52 38 39
52 38 38
52 38 39
52 38 40
52 38 40
51 40 39
51 39 40
51 37 38
50 40 39
51 41 38
52 39 39
52 38 38
52 40 39
52 39 39
51 37 39
52 38 39
50 39 39
51 39 39
52 40 39
49 40 39
51 38 39
52 40 38
52 40 39
52 40 38
51 40 39
51 39 39
51 41 38
51 40 38
51 41 39
51 41 39
51 39 38
50 39 38
51 41 38
51 40 37
51 39 39
52 41 38
50 41 38
50 40 38
50 41 38
50 40 38
50 40 38
52 40 39
51 40 38
50 40 40
51 41 39
51 39 38
51 40 38
52 41 38
52 40 38
51 40 39
51 40 38
51 41 38
50 40 38
53 40 38
52 40 39
50 40 37
51 41 38
51 41 38
50 41 39
51 41 38
52 40 38
51 40 38
51 41 38
51 41 38
51 41 38
50 41 38
52 42 38
51 42 38
51 42 38
51 42 38
51 41 37
51 42 38
52 41 38
51 41 39
50 41 38
51 42 38
51 42 38
50 41 37
50 41 37
50 41 38
51 41 38
52 40 38
50 40 38
51 41 38
50 42 38
51 40 37
51 40 38
51 40 37
51 41 38
51 41 37
51 40 38
51 41 38
50 40 37
51 41 38
51 41 39
50 41 38
51 41 37
52 42 38
51 40 38
51 41 38
51 40 37
51 41 38
50 41 37
50 41 38
51 41 37
50 42 38
50 40 38
51 42 37
51 41 38
51 42 39
52 42 37
51 41 37
50 42 37
50 41 37
50 41 37
50 41 38
51 41 38
51 41 36
51 40 38
50 41 37
51 41 38
51 41 37
51 42 38
51 42 37
50 41 37
51 42 38
51 40 37
50 42 37
51 41 37
51 42 37
50 41 37
51 42 38
51 40 38
52 42 38
50 42 37
51 40 37
51 40 38
50 41 38
51 41 37
51 40 37
51 40 38
51 41 38
50 42 37
51 42 37
50 40 37
51 40 37
51 41 38
51 40 37
51 40 38
51 42 37
50 42 38
50 41 37
51 41 38
51 42 37
51 41 38
50 40 37
51 41 37
51 41 37
50 42 38
51 41 38
51 40 37
50 41 37
51 42 37
51 42 37
50 40 37
50 40 38
50 41 38
51 42 38
51 41 37
50 40 38
51 41 37
51 41 37
51 41 38
51 41 38
51 41 38
51 40 37
50 42 37
50 42 37
50 42 38
52 41 38
52 41 38
51 42 38
51 41 38
51 41 37
51 42 37
51 41 37
51 41 38
51 41 37
51 41 37
50 41 37
51 41 38
50 41 37
51 42 38
52 41 38
50 40 37
50 41 38
50 42 36
51 41 37
50 42 38
51 41 38
50 42 39
49 42 38
50 41 37
50 41 37
50 40 37
51 41 37
51 41 38
51 41 37
50 40 38
51 42 37
51 41 37
50 40 37
50 42 38
51 41 37
50 41 38
52 41 38
50 41 37
51 41 39
50 41 37
50 42 38
49 41 37
51 41 38
50 41 38
51 43 38
51 40 37
51 41 37
51 40 38
51 41 37
50 40 37
49 40 37
51 42 38
50 41 37
52 43 38
52 43 37
51 41 38
50 41 38
51 41 37
51 41 37
50 41 37
51 42 37
50 42 38
51 42 37
52 41 38
51 41 37
52 42 38
51 41 37
51 42 37
50 42 38
50 41 37
52 40 36
51 43 38
51 41 38
51 41 37
50 42 38
50 41 38
51 41 36
51 42 38
51 41 37
51 40 37
52 42 37
51 41 38
50 41 37
51 41 38
50 42 37
52 41 38
51 41 37
51 41 38
50 42 38
50 42 36
50 41 37
49 41 37
51 42 37
50 41 37
50 40 37
50 41 38
52 41 38
50 42 37
50 41 38
49 40 37
51 42 37
50 42 38
50 41 37
50 41 37
51 42 38
50 41 38
51 41 38
51 40 38
50 41 37
51 42 37
49 41 37
49 42 37
50 42 38
52 40 37
51 41 38
50 41 37
51 42 38
50 42 38
51 42 38
51 41 38
51 42 37
51 43 37
50 43 38
50 42 37
51 42 38
51 42 37
50 41 38
51 41 38
50 42 37
51 41 38
50 42 37
51 42 38
51 42 37
50 41 37
51 41 37
51 42 38
51 42 37
51 42 37
52 42 37
51 41 36
51 42 37
52 42 36
50 42 38
49 41 38
51 43 37
50 41 37
50 41 37
52 41 38
50 41 37
50 42 38
50 41 38
51 43 37
51 41 37
50 42 38
50 40 38
51 41 38
50 41 38
50 42 39
52 42 38
50 41 39
50 42 39
51 42 38
50 41 39
50 38 39
50 39 40
49 40 37
48 43 38
47 42 39
49 42 42
50 43 38
50 42 38
50 43 39
50 44 39
49 43 39
48 45 36
48 46 38
48 44 38
47 46 37
47 45 37
47 45 38
48 45 38
50 45 38
50 43 40
49 44 39
50 41 42
50 44 41
49 43 40
49 43 40
48 44 41
46 47 41
44 48 39
44 49 40
43 50 38
40 50 38
39 48 39
36 51 40
35 50 40
34 50 42
33 51 43
31 50 42
31 51 41
32 51 43
30 47 43
29 49 42
30 48 44
28 47 44
29 48 44
30 48 45
30 47 45
29 47 45
29 45 49
28 44 48
27 45 49
28 43 50
27 45 49
28 45 51
28 42 51
27 42 50
28 42 50
28 42 50
28 42 50
28 42 49
29 43 50
28 42 50
28 41 50
29 43 50
28 42 49
27 41 49
28 42 49
29 42 50
27 43 51
28 41 51
27 41 49
26 40 50
26 41 55
24 37 53
26 38 51
25 39 51
24 41 47
27 43 48
27 41 47
27 44 48
28 44 48
28 43 48
30 44 49
29 48 46
29 45 48
26 44 49
26 45 49
26 41 50
23 41 51
23 38 49
23 38 51
24 40 51
24 40 49
27 35 50
27 34 50
31 36 48
31 34 50
29 34 50
30 42 48
30 37 50
30 36 51
33 37 51
30 40 51
32 42 52
32 42 51
31 44 49
30 44 50
29 46 49
29 47 50
27 47 50
26 47 49
25 49 50
25 47 50
25 47 49
29 46 50
29 45 46
28 44 46
25 44 49
23 41 46
21 42 46
19 41 48
18 37 52
23 41 53
22 42 49
23 43 48
25 42 49
26 43 48
26 40 48
26 41 50
26 41 50
24 40 52
23 40 53
23 41 52
23 42 50
25 42 48
25 41 48
24 41 49
26 40 49
26 40 49
24 41 50
25 41 50
24 40 49
22 39 50
24 39 50
23 40 50
25 41 49
26 39 49
25 40 50
25 38 50
25 38 50
25 38 50
25 40 50
25 39 49
24 39 50
24 39 50
25 38 51
25 41 50
25 37 50
25 37 50
26 38 49
25 38 50
23 39 51
25 39 50
24 39 49
23 39 50
25 41 51
24 37 50
24 38 50
24 39 50
24 39 50
25 38 50
24 40 50
25 39 51
25 39 50
24 40 50
25 39 50
25 38 49
24 39 50
24 39 50
24 39 49
24 38 49
24 38 50
24 39 50
25 39 51
25 39 50
24 39 51
24 38 50
24 38 50
23 38 50
25 39 50
24 39 50
24 37 49
25 39 51
24 39 50
