33 36 52
33 36 52
33 38 51
33 38 53
32 37 52
32 39 52
33 37 52
34 38 52
33 37 53
32 39 52
33 37 52
32 37 53
32 37 52
33 39 51
32 37 52
33 37 51
32 38 53
33 38 52
34 38 52
32 37 51
32 38 52
32 39 51
33 38 52
33 37 52
34 37 52
32 38 52
33 38 53
32 38 54
33 37 53
33 35 54
32 36 54
32 37 56
31 37 56
32 35 58
35 33 58
36 33 55
38 32 56
40 32 54
40 32 50
39 33 48
38 36 47
37 36 45
34 40 46
30 40 45
29 42 45
28 40 47
26 41 48
25 40 49
26 42 51
27 44 50
29 40 51
28 40 52
28 42 54
27 38 51
28 39 51
28 39 51
29 41 51
28 41 52
28 41 52
27 40 52
28 40 53
28 40 51
28 38 52
27 40 51
28 40 51
27 41 52
27 41 53
26 42 54
26 45 52
27 43 53
26 47 49
24 52 46
28 45 46
28 49 47
29 50 47
31 49 44
32 51 44
33 50 44
37 48 44
39 47 44
40 44 43
44 42 40
43 44 39
46 39 37
48 35 36
50 35 36
49 34 36
49 33 39
48 34 44
46 30 46
47 28 47
45 27 50
44 27 51
43 22 54
43 17 58
43 12 55
42 15 55
43 20 51
43 26 50
43 35 48
41 38 52
41 21 51
38 35 52
40 32 53
40 25 53
42 27 51
43 27 51
43 31 48
44 33 45
40 38 46
39 40 51
39 39 49
37 33 48
34 35 55
33 33 56
30 36 58
27 32 55
29 36 57
36 32 61
42 28 62
45 26 56
46 26 53
46 27 50
43 31 49
39 32 47
38 31 46
34 31 47
31 34 48
27 32 51
24 31 51
23 32 51
23 35 52
25 36 54
28 33 54
29 35 53
27 36 53
30 35 54
31 35 53
30 37 52
31 35 54
30 36 53
30 35 53
32 34 53
31 33 53
30 34 55
30 35 54
30 33 52
29 35 51
31 34 51
30 33 53
30 33 53
31 33 52
31 33 51
31 33 51
31 35 54
30 34 57
30 33 56
30 33 51
30 32 50
29 32 52
30 33 53
31 33 52
31 32 53
31 35 52
31 31 53
31 31 52
30 32 52
30 32 52
31 30 53
30 32 52
30 31 53
29 32 53
30 32 53
30 31 52
30 32 52
31 36 52
30 28 56
30 26 57
31 29 51
31 28 50
31 29 52
31 31 51
32 33 51
32 32 53
31 33 52
29 33 52
31 31 53
29 32 52
31 33 52
30 32 53
30 33 52
30 32 53
29 33 53
31 33 52
30 34 53
32 34 53
32 32 53
32 33 53
33 32 54
32 30 52
30 32 52
30 33 52
31 33 53
31 33 53
30 32 52
30 32 52
32 33 53
32 33 53
31 31 53
29 31 55
30 31 56
30 33 55
30 35 50
28 34 51
30 32 53
31 33 52
31 31 51
31 32 51
30 31 50
31 32 51
30 31 52
28 33 50
28 33 54
29 32 55
29 27 57
29 27 53
30 26 51
30 30 51
30 26 52
30 30 51
30 30 49
29 32 49
29 30 53
29 31 56
29 26 57
30 24 54
28 25 49
28 28 46
28 26 51
30 29 51
31 31 51
30 30 51
30 30 53
30 31 54
29 29 52
29 29 54
30 31 53
30 33 52
29 31 52
29 32 52
30 34 54
29 27 57
29 28 55
30 31 50
30 32 49
29 30 51
31 31 52
30 33 52
30 33 53
29 32 53
29 31 53
29 30 52
30 34 54
27 31 52
28 32 56
30 30 53
29 32 52
29 33 50
29 33 53
30 34 53
30 35 53
30 34 52
30 34 53
29 33 54
30 33 53
29 34 53
30 35 52
31 34 52
28 32 55
27 33 54
28 31 55
28 30 53
29 29 50
30 31 50
28 31 51
31 33 53
31 34 53
30 33 51
30 32 52
31 32 53
29 31 52
29 31 51
29 33 54
30 32 55
28 30 57
30 31 53
29 32 51
27 31 48
27 31 52
29 31 52
33 30 52
32 31 52
32 32 53
30 32 52
31 31 52
30 32 54
31 32 53
29 31 55
28 27 54
27 32 54
28 32 53
22 34 55
21 37 55
23 41 53
24 39 53
29 39 51
31 37 50
37 37 49
40 32 46
42 34 45
43 35 48
42 32 48
43 30 45
41 38 45
39 49 53
39 37 50
37 52 56
39 50 49
39 47 43
39 54 44
39 52 42
39 50 41
41 51 43
41 53 40
42 50 39
41 49 38
41 45 41
41 49 41
42 51 39
41 50 41
43 53 38
42 55 42
42 50 41
42 57 40
45 46 43
45 49 44
45 43 42
46 35 43
47 39 43
47 36 42
48 34 44
48 33 42
48 32 43
47 33 46
47 31 46
47 34 46
46 30 45
48 34 50
47 33 47
48 32 48
47 33 47
46 33 47
46 33 46
47 33 47
47 34 48
49 34 49
46 32 49
47 31 47
46 30 49
46 30 48
47 30 47
46 30 45
46 29 45
46 30 45
47 31 46
47 31 46
47 32 47
47 32 47
48 32 48
47 32 47
48 33 47
47 33 47
48 32 47
47 33 47
48 32 48
47 32 46
48 32 47
47 33 47
47 32 46
47 33 45
48 31 46
48 30 45
48 31 45
48 30 45
48 32 45
49 31 45
48 33 45
50 33 46
50 33 47
49 33 47
49 34 45
48 32 45
48 35 45
48 36 45
46 34 46
48 36 45
48 36 46
48 34 47
48 34 46
48 33 46
48 35 47
49 35 48
48 35 48
48 34 47
48 34 48
47 33 47
47 35 47
48 34 47
47 35 46
46 34 46
48 34 46
48 33 46
48 35 45
48 34 47
49 35 48
48 35 47
48 34 47
46 35 47
48 35 47
47 36 48
47 35 46
46 34 48
47 36 47
46 34 48
47 35 47
47 34 47
47 34 47
47 34 47
47 33 47
47 34 46
48 35 47
47 33 47
47 34 46
46 34 46
47 34 48
48 36 47
47 35 47
48 34 47
48 35 47
47 35 46
47 35 46
48 35 48
48 35 47
47 35 46
47 34 46
47 34 46
47 34 47
47 34 47
48 34 47
48 35 46
46 35 48
47 35 47
48 35 47
48 35 47
48 34 47
47 35 47
47 35 46
47 35 47
46 35 47
47 35 47
49 36 46
47 35 47
47 35 47
47 35 47
47 35 47
47 34 47
47 34 47
47 33 48
47 34 48
46 34 47
47 34 47
46 34 47
47 35 48
46 35 47
47 35 47
46 34 47
47 35 47
47 33 48
47 34 47
47 33 47
46 34 48
47 35 48
47 34 47
47 34 49
47 33 47
47 33 47
47 33 47
47 35 47
48 35 47
46 34 47
48 34 48
47 35 47
48 35 47
47 35 47
46 35 47
47 34 46
47 34 47
47 35 47
46 36 47
47 35 47
47 34 46
47 33 47
46 35 47
46 35 47
48 34 47
47 34 48
46 35 47
47 34 48
48 34 46
47 35 48
47 35 46
47 34 47
47 34 48
48 33 47
48 35 49
46 35 47
47 34 46
46 35 47
47 34 47
48 34 47
48 33 47
48 35 47
47 35 47
47 35 46
46 34 47
47 35 48
47 36 47
48 35 47
47 34 47
48 36 47
47 34 47
47 34 47
47 34 47
47 35 46
47 33 47
48 34 47
47 34 47
47 34 47
47 34 47
47 34 47
46 34 46
47 33 46
48 35 47
47 33 46
48 32 48
47 34 48
47 35 47
47 33 48
47 35 47
46 35 47
47 34 47
47 33 46
47 33 47
48 34 47
47 32 47
47 34 47
47 35 47
48 35 47
48 34 47
48 36 47
47 34 47
47 33 48
47 34 48
48 35 47
46 34 47
48 34 46
47 33 47
48 33 48
46 33 47
46 34 47
47 34 46
48 33 47
48 34 47
48 34 47
46 34 47
48 34 47
48 34 47
47 34 47
46 34 47
47 33 45
48 34 47
47 35 47
47 34 47
46 34 47
47 35 47
47 34 47
48 35 47
47 33 47
48 34 47
47 33 47
47 34 48
46 33 47
48 34 47
45 33 48
48 33 48
47 35 48
47 33 47
46 34 48
46 34 48
47 34 47
46 34 49
47 35 49
47 33 49
46 33 47
47 34 48
45 34 48
46 34 47
47 33 47
47 34 46
46 32 47
47 32 46
47 33 45
46 32 46
48 31 46
47 31 47
48 31 46
48 32 46
47 33 45
48 32 46
48 32 46
48 33 46
49 30 45
48 32 46
48 33 45
48 32 45
50 32 45
49 33 45
48 32 45
48 31 44
49 32 44
49 31 43
51 33 44
52 34 43
50 33 44
50 34 43
50 32 42
51 31 42
52 33 43
50 34 43
50 32 43
50 32 41
52 31 41
53 32 41
51 34 42
52 35 42
51 36 42
52 36 43
51 34 43
51 33 40
52 33 39
51 34 40
52 32 40
52 33 41
53 35 41
52 35 42
52 33 41
51 34 41
51 34 41
53 34 40
51 34 42
51 34 42
53 32 41
52 34 40
51 34 40
51 34 39
52 34 40
53 34 40
52 34 40
52 34 39
52 34 40
52 35 40
53 34 40
53 35 40
54 34 40
53 34 40
54 35 40
53 34 40
54 34 42
52 34 42
52 34 41
51 33 41
50 32 39
51 32 40
52 32 40
50 33 41
52 32 42
52 32 42
51 32 42
51 33 42
50 33 42
51 32 42
51 33 42
52 33 42
52 31 42
53 31 40
53 32 42
51 30 42
53 32 42
52 33 43
50 34 43
49 33 44
48 32 44
48 34 44
48 34 46
47 35 45
48 35 44
46 33 46
45 35 46
46 36 47
44 34 47
47 34 50
46 33 47
47 34 48
47 33 47
47 33 46
46 33 46
46 32 48
46 31 47
46 32 48
46 32 49
46 32 48
46 32 48
46 31 48
45 33 47
44 34 48
45 33 49
47 32 48
49 33 49
50 33 47
49 35 48
49 33 48
48 33 49
48 33 49
44 33 48
45 34 49
47 36 49
44 38 48
45 38 47
43 38 45
43 40 47
41 41 45
40 45 44
40 42 46
37 45 45
37 48 46
37 45 48
34 48 45
33 45 48
31 45 48
31 46 48
31 45 50
28 44 51
29 44 50
28 44 49
28 42 51
29 40 50
28 41 51
28 39 52
29 38 51
29 37 52
29 38 51
30 39 51
29 37 52
28 39 52
27 36 53
27 39 52
28 36 53
27 36 55
27 36 53
27 34 52
28 37 52
28 35 52
27 35 53
29 34 52
28 32 53
27 33 53
28 33 51
29 34 52
29 32 52
30 32 52
29 34 53
28 30 53
29 30 54
26 30 51
28 31 51
27 33 51
27 34 54
29 31 54
27 29 52
28 31 53
28 31 52
28 31 52
28 30 53
27 28 52
26 29 53
29 28 53
28 28 53
28 29 54
28 30 53
28 30 53
29 28 52
27 30 51
29 31 51
29 32 50
28 38 52
29 32 52
31 31 52
29 37 53
28 32 52
28 31 54
29 33 54
27 33 54
28 32 53
27 30 55
28 31 55
29 32 54
29 34 53
29 36 53
30 34 53
30 36 52
31 35 53
33 36 51
33 35 52
35 33 51
36 33 53
35 35 53
36 35 54
35 36 54
37 35 53
36 34 53
37 32 50
36 32 50
38 29 48
38 29 48
39 26 47
38 24 47
39 23 47
38 23 48
38 22 48
36 25 48
37 27 52
37 26 48
35 31 54
36 32 54
36 32 55
36 31 56
37 31 55
39 35 56
41 34 54
41 33 53
40 33 55
38 29 52
38 31 53
38 26 52
38 28 52
37 29 51
37 27 52
37 27 52
36 28 52
36 27 50
38 28 50
36 28 52
38 27 53
38 27 51
38 29 52
38 28 53
38 27 52
37 28 52
38 28 51
38 27 51
38 25 51
39 26 50
38 26 51
39 29 52
38 25 52
38 29 51
39 28 51
39 28 52
39 26 51
40 27 52
38 26 52
38 29 53
39 27 51
37 27 53
37 28 53
38 29 52
38 30 52
39 30 51
39 29 50
