29 45 47
47 37 33
29 44 48
31 46 48
29 47 50
32 48 51
32 48 53
32 48 52
33 47 51
34 46 51
34 45 51
36 46 50
36 46 48
36 45 49
37 43 50
36 42 48
37 41 50
36 40 51
36 39 49
34 41 48
34 38 51
34 39 50
32 40 48
32 40 49
31 40 49
31 40 48
31 43 47
31 40 47
30 40 47
32 42 48
30 38 49
28 35 49
26 34 48
24 32 52
25 35 51
24 32 52
25 34 51
23 37 54
25 35 56
28 34 54
29 36 54
31 34 52
28 36 51
27 38 50
27 42 54
26 36 53
23 40 58
22 39 56
23 39 55
20 45 51
22 41 52
25 40 51
26 49 41
30 42 46
32 39 46
37 43 40
40 44 42
44 45 44
48 43 42
47 45 44
51 45 42
51 42 42
49 43 41
51 40 40
50 38 42
50 38 41
50 38 41
50 36 41
50 37 40
49 36 43
50 36 44
50 37 44
50 36 42
51 34 44
51 37 49
48 35 43
50 36 44
48 35 44
48 35 44
48 37 43
50 36 44
50 37 43
50 34 43
50 36 43
48 35 44
48 35 44
50 37 44
51 35 43
50 35 44
50 36 44
50 37 44
50 36 44
50 36 43
49 36 43
50 36 43
50 37 43
48 37 43
49 36 43
49 36 42
49 37 43
48 35 44
49 36 42
50 38 42
52 37 43
50 38 43
50 36 44
50 37 43
51 36 42
49 36 43
51 36 41
50 35 42
51 36 42
51 38 42
52 37 42
52 36 43
51 36 43
50 37 42
51 36 43
50 37 43
49 37 42
48 36 42
50 36 42
51 37 42
50 36 43
50 37 42
51 37 43
49 37 43
51 37 44
51 37 42
50 37 43
49 37 43
50 38 43
51 37 42
49 38 43
50 38 42
50 36 43
50 37 44
51 37 43
51 35 43
49 36 42
51 36 43
51 37 43
50 36 42
51 37 43
50 37 42
49 38 42
50 37 44
50 38 43
50 36 42
50 36 42
49 36 43
51 38 42
51 37 42
50 35 43
50 36 44
48 37 43
50 36 43
50 37 42
51 37 43
50 37 43
51 38 43
50 37 42
50 36 42
50 36 43
50 37 42
51 38 43
50 36 42
51 36 42
51 37 43
50 37 43
50 35 43
51 37 42
50 37 43
51 36 43
51 37 43
50 36 43
50 37 43
50 37 43
50 35 43
49 37 43
52 37 43
50 38 43
49 36 43
49 38 43
51 36 43
50 35 44
50 38 44
50 38 43
49 37 43
50 37 45
50 37 43
50 36 43
50 36 43
50 37 44
49 37 43
50 37 43
48 36 44
50 36 43
51 35 43
50 36 43
50 35 43
50 34 43
48 36 42
48 36 42
48 37 42
50 39 42
51 38 41
53 38 42
54 40 43
54 41 44
53 40 43
51 40 43
50 41 42
48 40 40
48 41 42
45 42 46
40 39 46
36 41 46
35 43 49
30 40 48
30 41 49
32 44 50
27 44 53
29 41 51
27 41 51
26 39 52
27 41 52
28 40 53
27 39 53
28 39 53
28 37 53
29 36 51
29 37 52
28 38 51
29 39 51
27 42 52
28 39 52
28 36 54
29 35 53
27 36 52
27 39 54
27 35 53
24 35 50
22 35 52
21 32 52
21 36 50
23 37 51
24 35 49
26 39 49
28 35 50
31 35 50
30 38 50
32 36 49
33 37 52
32 39 51
35 39 49
34 38 50
32 35 51
36 38 50
33 37 51
32 41 50
29 45 53
30 44 55
30 47 54
29 45 53
30 43 51
31 44 50
32 43 50
32 44 49
33 44 48
34 46 49
36 45 50
37 47 50
33 48 50
32 46 48
32 44 48
30 44 47
30 46 48
29 47 49
30 45 50
30 45 49
30 44 51
30 43 50
30 42 49
31 42 49
30 43 50
32 45 51
32 45 51
31 43 50
30 44 49
31 44 48
30 43 49
31 44 49
31 43 49
31 42 49
29 42 50
29 44 51
29 43 50
29 44 50
28 44 50
30 43 50
28 43 50
28 43 50
30 42 50
29 42 50
29 43 50
30 42 50
29 43 50
29 42 50
30 44 50
28 43 50
30 42 50
28 42 50
29 42 50
30 42 49
29 43 50
29 42 50
28 42 51
30 43 49
28 44 50
28 43 50
28 44 50
29 42 49
29 43 50
29 44 50
29 43 50
29 43 50
29 43 49
29 43 50
29 41 48
31 41 49
31 42 50
30 40 51
