24 33 50
57 33 32
13 57 33
13 57 33
13 57 33
13 57 33
13 57 33
13 57 33
13 22 34
22 34 51
21 34 49
22 34 49
21 34 49
22 35 49
22 35 49
22 35 50
22 34 50
21 35 50
22 35 49
23 33 50
21 34 49
20 33 49
22 35 49
21 34 49
22 33 49
21 34 50
21 35 50
20 34 51
19 33 51
18 35 52
19 34 52
19 35 52
20 33 52
19 37 54
22 36 55
24 34 55
26 34 54
28 33 54
28 32 52
31 32 54
30 34 53
32 32 53
33 32 52
32 34 52
33 35 53
34 36 52
34 32 50
35 37 52
38 38 52
35 36 47
33 42 48
36 44 47
38 41 44
37 42 41
33 47 46
34 45 46
32 44 46
30 43 50
31 39 51
31 40 50
30 40 52
29 39 51
28 39 52
27 41 52
26 37 51
29 39 52
28 38 53
27 41 54
26 40 52
27 42 51
28 42 51
26 39 50
26 43 50
27 43 49
28 45 49
27 45 47
27 45 48
28 42 47
28 45 48
28 46 47
29 46 47
28 45 46
27 48 48
27 45 48
28 45 48
28 49 46
27 48 48
25 48 46
27 45 44
27 51 43
27 54 40
26 54 40
30 53 41
33 54 40
36 49 42
38 48 44
39 46 43
42 46 43
41 44 44
41 44 46
44 43 45
42 39 45
44 39 47
44 35 47
46 32 45
45 34 45
47 31 50
48 27 45
46 25 45
46 27 53
45 27 50
44 23 52
44 21 49
44 27 50
44 29 52
45 28 52
43 26 47
40 30 50
38 38 54
41 27 55
42 33 56
42 36 57
45 29 51
45 33 48
45 35 48
44 40 48
44 38 47
43 40 42
38 45 43
41 45 47
43 44 48
39 42 48
39 40 50
35 39 52
34 42 49
33 41 51
32 40 50
30 41 49
28 39 50
26 40 52
25 40 53
26 38 57
32 34 48
32 39 52
32 37 53
32 37 53
34 37 52
32 38 54
34 34 53
33 33 53
32 32 52
34 33 53
32 35 53
33 31 53
34 29 54
31 32 52
31 32 53
31 34 52
31 33 54
32 31 53
32 32 52
33 33 54
33 32 54
32 31 53
33 33 53
33 33 53
32 33 53
32 33 52
33 32 53
33 33 51
31 37 51
31 37 52
33 39 52
34 39 54
33 39 52
33 39 52
33 35 53
32 35 53
32 33 53
33 33 52
33 36 53
32 35 52
33 36 52
33 36 53
32 35 53
33 37 53
32 34 53
33 36 53
33 36 52
32 35 53
32 33 54
32 32 55
36 35 52
33 35 52
32 34 53
34 34 53
33 33 53
32 33 53
33 34 54
32 33 53
33 33 53
34 35 53
35 34 53
32 34 53
32 33 53
33 35 53
34 31 53
34 33 54
33 34 54
33 34 53
32 33 53
32 34 53
32 34 53
34 33 53
33 34 52
31 34 51
32 33 52
33 31 53
34 32 53
33 34 52
32 34 53
33 34 53
33 33 53
32 35 52
33 35 53
32 34 54
31 34 52
31 34 53
32 34 54
32 34 52
33 34 52
32 34 53
34 33 53
32 35 53
33 33 51
32 34 53
33 34 54
35 33 52
33 33 52
33 33 52
34 34 53
33 34 54
33 33 54
32 34 53
34 35 53
34 34 54
33 35 53
34 34 52
32 34 53
31 35 53
33 34 53
32 35 52
32 33 53
32 34 53
32 35 53
32 36 52
33 34 53
32 34 52
33 33 52
32 34 53
32 33 52
32 34 52
33 34 53
33 34 52
32 35 52
33 35 52
31 34 52
30 34 53
30 33 54
33 33 54
35 35 52
35 36 53
36 35 54
35 36 53
33 34 53
34 33 53
33 33 53
33 35 52
32 35 53
34 34 52
34 34 52
34 34 54
35 33 54
33 32 53
35 31 53
32 32 52
31 35 53
34 34 52
32 36 52
34 32 52
33 33 54
33 34 53
33 35 52
33 35 53
33 33 54
32 33 53
32 32 52
34 34 53
34 33 52
34 32 55
33 33 53
31 31 54
32 33 52
34 33 52
35 34 53
33 34 53
32 34 53
32 33 53
32 31 52
32 33 53
33 34 53
33 33 53
33 33 53
33 32 53
34 32 54
33 35 52
33 33 53
33 32 53
36 31 53
33 32 54
30 32 53
32 33 52
32 33 53
32 32 53
33 33 53
32 33 54
32 33 53
32 33 53
33 34 52
33 33 53
33 34 53
33 32 52
32 32 53
33 34 53
33 34 53
33 33 53
33 34 54
31 33 52
31 34 52
31 36 53
33 33 55
32 33 54
26 41 60
24 45 56
24 47 57
27 47 54
30 46 51
31 47 47
37 44 42
41 36 40
42 34 41
44 35 39
44 33 41
44 31 44
44 34 48
43 34 45
42 39 54
44 36 48
40 48 54
40 47 54
41 45 44
40 50 48
41 52 44
39 50 41
40 50 44
41 47 44
42 50 41
43 52 42
44 48 39
42 48 40
44 51 40
43 46 41
43 48 38
45 54 36
46 51 39
46 49 38
46 50 39
45 47 41
45 47 42
45 49 47
45 46 44
46 46 44
47 42 44
46 42 44
46 37 44
46 36 43
47 35 44
48 35 44
48 35 45
47 32 45
47 33 45
47 33 47
46 34 48
47 34 48
46 34 48
46 33 48
47 35 48
46 34 47
45 33 47
45 33 48
46 32 48
45 31 48
47 33 49
47 33 51
47 32 50
45 32 48
44 32 48
45 30 49
46 31 50
45 34 49
46 29 50
43 31 50
45 31 49
43 30 50
44 29 48
43 29 51
43 30 50
42 30 47
44 30 47
43 29 48
42 29 48
43 30 48
45 29 49
54 32 52
43 29 50
41 29 46
44 29 47
46 29 51
45 28 48
44 28 47
45 27 47
45 29 46
44 28 47
44 27 50
44 27 50
43 29 50
43 29 50
44 29 49
43 28 48
43 29 50
44 29 48
45 29 50
43 28 50
43 27 50
44 28 49
43 29 49
42 28 50
43 29 49
44 27 48
44 29 50
45 27 49
44 28 49
44 29 48
44 29 49
44 29 50
44 28 49
43 29 49
44 28 49
42 28 49
43 30 49
44 29 49
45 29 50
43 28 50
44 29 50
43 29 49
43 29 49
44 30 50
43 31 49
44 30 50
43 30 50
44 29 49
43 30 49
43 29 50
44 29 50
43 29 49
44 30 50
44 29 50
43 29 50
42 28 49
43 29 49
45 29 50
44 31 50
43 29 51
43 29 50
44 30 49
44 30 49
44 29 50
44 29 50
43 30 50
43 30 50
43 30 49
43 29 50
42 29 50
42 30 50
43 30 50
43 29 49
43 30 50
43 30 50
44 30 50
44 29 49
43 30 49
43 30 50
44 28 50
43 29 49
43 29 51
43 30 49
44 30 49
45 30 49
43 29 49
43 29 49
42 30 50
44 30 49
43 30 50
44 30 50
43 29 49
43 30 50
44 31 49
44 29 48
44 29 50
44 30 50
44 30 49
45 29 49
44 29 50
43 30 49
44 29 50
42 30 49
44 30 50
44 29 50
44 30 49
42 30 50
44 30 50
42 29 49
44 29 50
44 31 50
43 29 49
44 30 51
44 30 49
43 28 49
44 29 50
42 29 49
43 29 50
44 30 51
42 28 50
43 30 49
44 30 49
43 29 49
44 30 50
44 29 50
44 29 49
44 30 49
43 29 50
43 30 49
45 30 49
43 28 50
45 29 50
42 30 49
44 29 50
43 29 50
44 29 49
44 30 50
43 30 50
43 30 51
42 30 50
43 29 50
44 30 49
43 28 50
42 30 49
43 29 49
44 30 49
44 30 49
43 31 49
43 30 49
43 30 50
43 28 49
43 29 50
43 29 50
43 30 50
43 29 50
42 30 51
42 29 50
44 30 50
45 31 49
42 29 50
43 29 49
43 29 49
43 30 51
43 30 50
43 28 49
44 30 49
44 30 50
44 29 50
42 29 50
44 30 51
43 29 49
43 30 50
43 30 49
43 29 50
44 29 50
43 29 50
43 29 50
43 30 50
43 29 50
44 28 49
44 28 50
43 30 50
42 29 50
44 29 50
43 28 50
44 30 49
44 29 50
43 29 50
43 29 50
43 29 50
43 30 49
42 30 50
43 29 50
43 30 51
43 29 49
43 30 50
43 29 50
44 29 49
43 30 50
43 30 50
43 30 50
43 30 50
43 30 50
43 29 50
42 29 50
43 28 50
43 28 50
43 31 50
43 30 50
43 29 50
44 29 49
43 29 49
43 29 48
43 29 50
44 30 50
43 29 50
43 29 50
43 29 50
43 29 50
43 29 49
43 29 50
43 30 50
44 30 49
43 30 50
42 29 50
43 30 50
42 29 49
43 29 50
43 30 49
42 30 50
43 30 50
44 29 51
42 30 50
44 30 49
42 29 50
43 29 49
44 29 50
44 30 50
43 30 50
44 30 50
43 31 50
44 30 49
44 29 50
43 30 49
43 30 49
44 30 50
43 29 49
43 28 50
43 29 50
42 30 49
42 29 49
43 29 49
43 29 49
44 30 49
43 29 50
43 29 50
43 30 50
43 29 50
43 29 50
44 31 49
42 30 50
44 29 49
43 30 49
43 29 50
43 30 51
43 29 50
43 30 50
43 29 50
43 30 50
43 30 49
43 30 50
43 31 50
43 30 49
43 30 49
43 29 50
43 30 50
42 29 50
44 31 50
44 29 50
45 29 50
42 29 50
43 30 50
42 30 50
43 30 50
42 30 49
43 29 50
43 29 50
44 30 49
44 30 50
44 30 50
43 29 50
43 30 50
44 29 50
43 29 50
42 31 50
44 31 50
44 29 50
43 30 49
42 30 49
42 30 50
43 30 49
43 30 51
42 29 50
44 30 50
44 29 50
43 30 50
44 29 50
43 30 50
44 31 49
44 30 50
43 30 50
43 30 50
44 30 50
42 30 50
43 30 50
42 28 50
43 30 50
42 31 49
42 30 51
43 30 49
43 29 50
43 31 49
42 29 50
43 30 50
42 29 50
43 30 50
44 30 50
43 29 50
44 29 50
44 30 50
43 29 49
43 30 50
43 29 50
45 29 49
43 30 50
43 30 50
42 30 50
43 29 50
44 29 50
42 30 49
43 29 49
42 30 50
44 31 49
43 31 50
43 30 50
43 30 50
43 30 50
43 29 49
43 29 51
43 29 50
43 31 50
43 30 50
43 29 50
43 29 49
43 30 50
42 30 50
43 30 50
43 31 50
44 29 50
43 29 51
43 29 50
44 30 49
43 30 51
43 28 50
43 30 50
42 30 50
42 30 51
43 29 50
43 30 49
42 29 50
43 31 50
42 30 50
42 30 48
43 29 49
44 30 50
44 30 50
42 31 50
44 31 50
44 30 50
44 29 50
44 31 50
44 30 49
42 30 51
43 30 49
43 29 49
43 29 51
44 30 50
44 30 50
43 30 50
42 30 50
43 30 50
42 31 51
44 29 50
44 31 50
43 31 50
42 29 49
43 29 50
42 30 50
43 29 50
44 30 51
43 30 50
43 30 49
44 30 50
43 29 50
43 30 50
42 29 50
43 30 50
43 30 49
43 29 50
43 30 49
42 30 51
44 30 50
43 29 50
42 30 50
43 29 50
43 29 50
42 30 50
42 29 50
43 31 50
44 30 50
44 30 50
43 31 50
44 30 51
41 29 51
43 29 50
42 29 50
42 30 50
43 30 50
43 30 49
42 30 50
42 30 50
44 30 50
43 28 51
42 30 50
43 29 50
44 29 50
43 30 51
44 31 49
43 30 50
42 29 49
42 29 50
41 31 50
41 29 49
43 30 50
42 29 51
43 29 51
43 30 51
44 30 51
43 30 49
44 30 50
44 29 49
44 29 49
43 29 50
42 29 50
44 28 50
42 28 50
43 29 50
43 29 49
44 29 50
43 30 49
44 31 50
42 30 49
42 31 49
43 29 50
43 29 50
42 28 50
43 31 50
42 29 50
43 29 50
44 30 50
43 30 50
43 30 51
44 31 50
43 30 50
44 30 50
43 30 50
43 30 50
43 30 50
43 30 50
43 31 50
42 30 50
43 30 50
42 30 50
42 31 50
43 29 49
42 29 49
43 31 50
43 30 50
44 31 50
42 28 50
42 29 50
44 31 50
43 29 50
44 29 50
43 29 50
43 29 51
43 31 49
43 29 49
44 30 50
42 30 50
43 29 50
43 30 50
42 30 49
43 29 50
43 30 50
42 30 50
42 30 50
43 30 49
43 30 50
43 30 51
42 30 51
43 29 50
43 30 49
43 30 50
43 30 51
43 30 50
42 30 50
43 31 50
43 30 50
43 29 50
42 30 50
43 30 49
43 29 51
42 30 49
43 30 49
43 31 51
44 30 50
43 30 49
44 30 49
44 29 50
43 30 49
42 31 52
44 29 49
43 30 50
42 29 50
44 28 50
43 30 50
41 30 50
42 28 50
44 31 50
43 28 50
42 30 50
43 30 50
43 29 51
43 30 50
44 30 50
43 29 50
43 30 50
43 29 51
42 31 50
44 30 50
42 31 50
42 31 50
43 30 50
43 30 49
43 29 50
44 29 51
43 30 50
43 29 50
43 30 50
42 29 50
43 30 50
43 29 50
43 29 50
45 30 49
43 29 49
43 30 50
43 30 50
42 30 50
43 30 49
43 31 50
42 30 51
42 31 50
41 31 51
43 31 50
41 29 51
43 31 51
43 32 52
43 32 51
45 31 53
45 31 52
45 31 52
44 33 52
46 33 52
44 31 50
44 33 48
44 33 48
44 36 49
42 36 47
43 37 48
43 39 47
43 31 42
43 38 50
41 37 46
38 41 46
39 41 48
38 44 51
38 40 48
38 45 49
35 44 48
34 43 46
33 47 47
32 46 48
29 44 48
28 44 49
29 43 50
28 46 49
29 43 51
28 44 52
29 43 51
28 42 51
29 41 52
29 41 51
28 41 51
29 40 51
28 41 51
27 40 51
28 40 51
30 40 51
27 40 51
28 42 50
27 45 50
27 45 51
28 39 51
27 38 51
28 39 53
30 38 51
27 36 51
27 38 51
27 36 51
27 37 51
28 38 51
26 39 52
27 38 54
28 34 54
28 36 57
28 36 54
25 43 52
26 43 53
26 44 53
29 42 53
33 42 52
36 39 50
39 40 50
39 41 49
39 40 49
41 37 47
41 39 49
41 37 49
41 35 48
42 32 48
43 29 49
41 30 44
40 32 44
41 29 50
41 31 42
39 34 49
40 35 52
37 35 41
38 35 54
40 37 51
35 45 48
37 33 59
35 41 58
34 33 51
38 32 55
38 37 52
36 36 49
33 40 48
34 41 50
31 44 50
29 44 50
28 42 51
24 43 52
21 44 50
17 51 57
18 52 61
23 39 58
25 34 49
24 37 50
24 36 50
24 38 49
24 41 51
25 42 52
25 40 52
24 40 50
26 38 51
24 38 50
24 38 50
25 39 51
25 39 50
24 39 51
24 39 50
25 38 51
25 38 51
25 38 50
25 38 50
25 37 49
24 38 50
24 37 50
23 38 50
23 39 50
25 39 50
24 38 50
24 39 51
24 39 50
24 38 52
25 38 51
24 39 51
24 39 50
24 38 50
24 38 50
24 38 50
25 39 51
23 39 50
24 39 51
24 38 50
25 38 50
24 39 51
25 39 50
24 38 51
24 38 52
25 39 50
23 38 50
24 39 50
24 38 51
25 38 50
24 38 49
24 40 50
24 39 50
24 38 51
24 38 49
24 38 50
24 38 50
24 39 50
24 38 50
24 37 50
25 39 50
25 38 51
23 39 51
24 37 51
25 38 50
25 39 51
25 38 49
23 38 51
24 38 50
24 38 49
25 38 50
24 38 50
25 38 51
24 39 50
23 39 49
24 38 50
25 38 50
