26 46 47
26 45 47
26 49 47
26 46 46
26 46 46
27 46 46
27 47 46
26 46 46
27 46 45
27 47 47
25 47 47
25 46 46
25 47 46
25 46 46
25 47 46
25 47 45
25 46 45
25 47 44
25 47 44
25 47 46
25 47 46
24 48 46
23 50 48
24 49 47
25 50 53
28 46 56
29 45 55
31 43 58
33 43 55
33 41 55
34 42 55
35 42 54
36 41 50
36 39 50
36 39 50
38 38 48
36 37 47
35 36 46
32 41 46
30 40 45
28 42 45
24 44 47
24 43 45
24 42 46
24 41 46
23 41 48
25 40 49
26 38 51
25 38 49
26 38 51
26 39 50
25 38 51
25 38 49
25 38 50
26 37 52
26 38 51
24 38 52
26 38 47
27 43 53
24 36 51
23 40 51
24 40 53
20 38 54
21 42 53
22 44 49
23 48 47
25 54 43
30 47 42
35 49 41
38 48 39
41 47 39
42 46 42
46 42 41
49 42 41
49 38 42
52 36 45
53 36 47
50 33 47
50 38 49
48 35 48
49 34 47
49 36 49
49 33 46
49 34 47
51 32 48
48 30 45
48 30 46
47 29 43
46 29 45
47 32 44
45 31 45
49 32 44
49 32 45
49 33 44
50 35 44
49 31 44
52 37 43
52 35 44
50 35 43
52 37 42
50 34 43
52 37 42
53 37 44
51 36 42
51 37 43
51 36 42
51 36 44
51 37 42
51 35 42
51 36 41
50 35 42
51 36 42
51 34 43
51 35 43
50 35 43
50 35 43
50 36 43
52 36 43
50 34 43
49 35 43
50 35 43
51 36 43
49 34 43
50 34 43
50 34 43
51 35 44
51 34 43
51 35 44
50 34 43
51 36 44
50 36 44
50 35 44
51 36 43
50 33 43
50 35 42
51 34 42
51 35 42
50 36 45
49 35 43
50 36 44
51 36 42
49 35 43
50 36 44
52 35 43
50 35 43
50 34 43
51 36 43
52 34 43
50 36 42
50 36 44
49 37 43
49 36 44
49 34 42
51 32 42
51 33 43
51 36 44
51 36 45
52 35 44
51 35 43
49 36 44
49 34 43
49 35 42
52 35 42
50 36 42
50 36 42
50 34 43
52 34 43
51 37 43
50 36 42
51 35 43
51 34 42
52 36 42
52 37 42
51 35 40
51 35 42
52 36 43
51 36 43
51 35 41
52 35 41
52 35 42
52 35 42
50 35 42
52 34 40
53 35 42
52 37 42
50 35 42
50 38 41
51 36 42
51 36 41
51 35 42
52 34 41
52 35 41
52 35 43
52 33 42
51 35 42
52 35 41
51 34 42
52 35 41
50 34 42
51 35 42
51 35 42
51 35 42
52 36 43
51 35 42
51 35 42
51 35 42
52 35 41
51 36 42
50 36 42
51 36 42
51 36 42
50 35 43
51 35 41
50 35 42
51 36 43
51 35 42
50 34 43
51 35 43
50 34 42
51 35 42
51 36 41
50 36 41
51 35 42
51 35 42
51 35 42
53 35 42
50 35 43
51 36 43
51 36 43
50 35 41
51 35 42
51 35 42
51 35 41
53 35 42
52 36 42
51 36 42
50 36 43
50 35 43
52 36 42
50 36 42
51 34 43
51 34 41
52 34 42
51 34 42
51 35 41
51 35 42
50 36 42
52 36 43
51 37 42
50 37 42
49 35 42
51 35 44
50 36 41
52 34 40
52 34 42
51 35 41
51 35 42
51 37 42
51 35 43
51 37 42
50 36 43
51 36 43
50 36 43
50 36 44
50 36 42
50 34 41
51 34 41
51 36 40
51 34 42
51 35 43
52 35 42
51 36 42
52 36 42
50 37 42
51 36 42
50 36 41
51 36 42
51 36 42
51 37 41
51 35 42
51 35 41
51 36 43
50 36 43
51 35 41
50 35 42
51 36 42
51 36 43
51 35 42
51 36 43
51 36 42
51 35 41
51 36 42
52 35 42
53 34 42
52 35 42
52 36 44
51 38 44
49 36 43
50 34 43
51 36 43
51 34 43
50 35 42
52 33 41
51 33 42
50 33 42
53 32 42
52 32 42
52 31 43
53 32 42
51 34 43
50 35 42
51 35 44
51 35 43
49 36 45
48 35 45
48 36 47
49 34 47
48 34 47
48 34 46
48 32 45
50 32 46
48 31 46
48 33 45
49 31 44
48 33 46
49 31 46
48 32 47
46 31 47
49 30 47
48 31 46
49 32 48
48 32 45
49 32 46
48 33 47
45 31 47
45 32 46
43 30 44
47 30 44
47 29 46
49 31 47
48 33 50
48 32 49
47 31 49
47 30 50
47 30 48
48 29 48
48 29 47
48 30 45
49 30 46
48 30 45
49 30 46
48 31 47
47 30 46
48 30 44
48 30 44
48 31 44
48 32 44
48 30 45
50 32 44
49 30 44
49 31 44
51 31 45
51 31 44
50 32 44
50 32 44
51 33 44
51 33 43
50 32 43
51 32 43
51 33 45
51 33 44
50 32 44
50 32 44
48 32 44
49 33 44
50 32 44
50 35 44
51 34 45
50 34 44
50 34 45
50 34 44
50 34 44
48 35 44
50 33 44
49 34 44
49 33 44
51 33 44
50 33 43
50 32 45
51 33 44
50 32 45
49 33 45
49 34 45
49 33 45
49 35 45
50 34 44
49 34 45
50 34 44
50 32 44
50 33 44
50 33 43
50 33 45
50 33 44
49 33 43
50 34 44
50 33 44
50 34 44
49 32 45
49 33 44
49 32 44
50 33 45
50 34 44
50 34 44
51 33 43
51 33 45
49 33 44
50 34 43
50 33 44
51 33 45
50 32 44
51 33 44
50 32 43
50 33 44
51 33 44
50 32 43
51 32 43
50 33 44
50 33 43
51 34 44
50 33 44
50 35 44
51 34 43
50 34 44
50 34 44
51 34 45
49 34 44
50 35 44
49 35 44
48 35 43
50 34 44
52 33 44
50 35 43
50 35 45
50 36 45
50 34 44
50 34 43
50 34 44
50 33 44
50 35 43
51 34 43
51 35 44
52 34 44
50 34 43
50 33 43
50 34 43
50 34 44
51 34 45
50 33 44
51 32 45
50 33 43
50 34 44
51 32 44
50 33 43
51 34 43
50 33 43
51 33 44
51 34 44
51 33 43
51 34 43
49 34 44
50 34 43
50 34 44
50 32 45
50 32 43
50 33 43
50 32 43
50 33 44
52 34 44
50 34 43
51 34 43
50 34 45
49 33 44
50 35 43
50 33 43
50 33 43
50 32 44
51 34 43
51 33 44
51 33 44
51 33 43
51 33 43
51 33 44
50 33 44
51 34 44
50 34 44
49 33 43
50 33 44
50 34 44
50 33 43
50 34 44
50 34 43
51 34 44
50 33 43
50 35 43
51 34 44
51 33 43
51 34 43
51 33 44
51 34 44
51 34 43
50 34 45
50 34 44
51 32 44
50 33 44
50 33 44
51 34 44
49 34 43
50 34 43
50 32 44
52 34 44
50 34 43
49 34 44
50 33 44
50 34 45
51 33 44
49 33 43
51 33 45
50 34 44
50 33 43
50 33 44
51 34 44
51 34 43
49 34 44
50 33 45
51 33 45
49 34 43
51 34 44
49 33 44
51 33 44
51 33 44
50 34 43
50 34 43
49 33 44
50 35 44
50 34 44
51 34 44
50 34 44
50 33 43
51 34 44
50 34 44
51 34 44
50 34 43
51 33 44
51 34 44
50 34 44
51 33 44
50 34 45
50 33 45
50 34 44
50 33 44
50 33 44
50 34 44
49 33 44
50 33 44
50 34 44
49 34 44
51 34 44
51 34 44
50 35 44
49 34 45
50 35 44
51 33 44
49 34 45
50 33 43
50 35 45
51 35 44
50 34 44
51 34 44
49 32 43
50 34 45
50 33 44
51 34 44
49 33 44
50 33 44
49 34 44
51 33 44
51 34 43
50 33 45
49 33 44
52 33 44
49 34 43
50 34 44
51 34 44
50 34 43
50 34 43
49 34 44
50 33 45
50 34 44
50 34 44
51 34 44
50 33 44
50 33 44
49 33 44
50 33 43
50 34 43
50 33 45
51 34 45
50 34 45
49 35 45
50 35 45
51 36 46
50 33 45
50 34 45
50 34 44
50 33 44
48 34 45
49 34 44
48 32 45
47 31 45
49 31 45
48 31 45
49 32 47
48 32 45
50 33 45
48 32 45
49 33 46
49 32 45
48 32 45
49 32 46
49 33 46
47 32 46
49 34 45
48 33 45
49 32 46
48 33 46
49 32 45
49 32 45
50 32 46
48 31 45
49 32 45
49 32 46
49 30 45
50 31 46
49 32 47
48 31 46
48 32 46
50 33 48
49 32 47
48 32 46
48 32 46
48 33 45
48 33 46
48 33 46
48 33 47
48 33 46
49 33 47
49 34 46
48 34 46
48 35 46
46 35 47
48 34 47
46 33 47
46 33 48
46 34 47
45 33 49
47 33 50
47 32 50
50 34 50
51 31 50
53 34 49
50 35 50
49 35 48
49 35 47
47 35 44
45 38 43
44 39 45
43 41 43
43 44 46
41 42 48
40 46 47
40 47 45
39 45 45
36 45 48
34 44 43
33 43 45
32 43 48
31 42 46
30 44 48
29 43 51
29 43 50
28 44 52
28 43 52
28 46 52
27 44 52
27 45 51
28 46 52
26 44 51
29 44 50
29 45 49
29 43 49
28 45 48
27 45 48
28 43 50
29 42 50
28 43 48
30 44 49
28 41 50
29 43 50
28 45 51
30 44 52
29 43 50
29 45 48
28 44 50
29 43 49
28 41 50
29 42 50
28 43 51
27 41 50
28 42 49
28 44 50
27 42 47
25 42 49
25 42 48
23 42 45
20 43 47
18 44 46
21 47 44
21 46 46
27 44 44
29 44 45
31 43 48
35 42 48
35 41 49
37 39 50
40 40 50
36 40 54
39 40 52
40 41 47
37 42 56
37 43 55
38 44 51
36 41 50
35 46 54
33 44 52
33 42 52
32 42 52
32 44 49
31 43 50
29 46 52
30 43 48
29 46 51
27 47 51
26 44 50
25 43 48
24 44 49
25 45 48
24 44 48
25 45 48
26 45 48
25 45 48
26 44 48
27 44 49
26 46 48
28 46 49
28 45 48
27 45 48
27 45 47
26 45 47
27 46 47
25 46 47
26 46 47
27 45 48
27 45 47
27 44 49
26 45 48
26 46 48
27 46 48
28 45 47
27 45 48
27 46 48
27 45 47
26 46 48
27 46 48
27 45 47
27 45 47
27 46 48
27 47 48
28 45 48
26 44 48
27 45 49
27 46 48
26 45 48
26 45 47
26 46 47
27 45 48
25 46 47
26 46 47
27 46 48
28 46 48
27 46 48
28 45 47
27 46 47
27 47 47
26 46 48
27 47 47
27 45 48
25 45 47
27 46 47
27 45 47
25 46 48
28 45 48
27 46 48
27 45 48
27 47 48
