28 45 47
28 45 47
28 46 48
28 46 48
27 45 47
29 47 49
27 46 48
28 45 48
28 45 48
28 45 47
28 46 47
28 46 48
27 46 48
29 44 47
28 46 48
27 45 48
29 46 49
27 44 47
27 45 47
27 45 48
27 46 47
27 46 47
29 45 47
28 45 48
26 45 47
27 46 48
27 47 48
27 45 47
27 44 48
26 44 48
27 46 48
28 45 48
27 46 47
27 45 48
27 44 48
26 45 48
26 46 48
26 45 48
27 45 48
28 44 49
27 45 47
28 46 48
26 45 48
27 45 47
28 46 47
27 46 48
27 45 47
27 44 48
26 42 48
27 43 47
27 46 50
29 46 53
30 47 54
32 49 56
33 51 56
36 51 55
38 51 54
38 51 52
39 51 50
38 51 45
37 50 46
38 47 44
34 45 40
36 42 39
35 45 41
34 40 40
30 43 44
28 44 45
27 46 43
25 46 45
25 46 40
27 50 42
29 49 34
27 49 37
27 47 38
26 49 37
24 49 42
23 50 40
23 53 41
23 53 39
24 53 39
25 52 40
25 53 39
25 54 40
27 52 40
24 55 39
25 52 40
25 52 39
27 54 38
28 51 40
28 53 38
27 53 41
30 53 40
29 54 38
30 53 41
30 49 42
31 54 39
31 53 41
32 49 41
33 56 38
34 53 40
33 50 41
34 52 38
34 52 36
32 52 41
31 49 42
28 49 45
27 43 47
29 45 49
29 44 49
26 47 48
26 45 49
23 47 49
22 40 49
23 47 52
21 46 52
20 45 45
21 47 45
26 43 41
29 48 37
31 49 31
36 50 30
38 51 29
40 45 26
44 55 29
43 58 27
47 56 33
47 55 31
49 55 31
54 55 33
55 53 37
53 50 37
52 46 35
51 44 37
49 40 37
48 38 35
46 37 35
47 35 37
47 36 37
47 37 41
47 36 42
50 39 41
51 37 41
50 37 39
50 39 40
50 39 39
52 37 41
52 39 39
52 38 40
51 39 39
51 39 40
53 37 40
52 40 41
52 37 40
51 38 39
53 38 41
51 39 39
50 40 39
51 38 40
51 39 40
52 37 39
51 38 40
51 36 40
52 38 38
53 38 38
51 38 39
52 39 39
51 38 39
50 39 41
50 38 40
51 39 39
51 37 39
51 38 38
52 36 39
52 38 38
51 38 39
52 38 39
53 37 39
51 38 38
52 39 39
51 39 39
51 39 39
51 38 38
51 38 39
52 38 39
53 39 39
52 39 39
52 39 39
52 37 39
51 38 38
51 38 38
52 39 39
53 37 39
52 38 39
51 39 40
51 39 39
51 38 39
51 37 39
52 36 38
52 39 38
52 37 39
51 38 37
52 39 39
51 40 38
52 39 39
51 40 39
51 39 39
52 38 38
51 38 38
51 38 38
51 38 38
51 39 39
51 39 40
51 39 40
51 39 38
51 38 38
50 38 38
51 38 38
53 39 37
52 38 38
53 38 38
52 38 39
52 39 39
52 40 38
51 39 37
51 38 38
52 38 38
53 39 38
51 39 38
52 39 38
51 39 38
51 39 38
51 40 39
52 38 39
52 38 38
51 39 38
52 39 38
50 40 38
51 38 38
52 39 39
51 39 38
52 40 38
52 40 37
52 39 38
52 40 39
51 39 39
51 39 37
51 40 39
51 39 38
50 40 38
51 39 39
51 39 38
52 39 38
52 39 38
51 39 39
52 39 38
53 39 38
51 40 38
50 38 38
51 38 37
51 40 38
52 41 38
51 39 38
52 40 37
51 40 38
52 39 38
51 40 37
51 38 38
51 39 37
50 38 38
52 39 38
52 38 38
53 39 37
51 40 39
51 39 39
52 40 39
52 39 40
50 39 39
52 39 38
52 38 38
51 39 38
52 39 38
52 38 38
51 39 38
51 40 39
50 40 39
52 40 38
51 40 39
52 39 38
51 39 38
53 39 39
51 39 38
51 38 39
51 39 39
50 40 39
52 39 39
52 38 38
51 40 37
51 39 39
51 39 38
52 38 38
51 38 38
51 40 38
52 39 39
51 38 38
52 40 37
51 38 39
52 39 38
51 40 38
52 39 38
51 40 38
51 38 38
51 37 38
51 39 39
52 38 39
51 39 38
52 38 38
51 38 38
51 39 38
53 39 38
50 39 38
52 38 38
52 38 38
51 39 39
51 39 38
52 39 38
52 40 38
51 39 38
52 40 38
52 40 37
52 41 38
52 41 39
51 39 39
52 38 40
53 42 38
51 40 38
52 39 38
52 40 38
51 39 38
51 38 38
50 38 40
51 39 41
52 40 40
50 39 40
49 38 41
49 39 39
48 39 38
50 38 38
49 37 42
51 38 41
51 37 41
50 38 43
50 37 42
51 37 43
51 33 43
51 33 42
52 33 42
53 32 42
52 32 42
52 32 43
50 30 41
50 31 41
51 31 42
51 30 42
52 31 42
53 30 43
51 32 42
52 32 43
53 32 43
52 33 43
51 33 43
51 32 42
51 31 42
51 34 41
50 32 40
51 31 40
50 33 40
50 34 42
52 34 42
51 34 44
50 33 45
51 33 44
50 33 44
51 31 44
51 33 44
51 33 43
50 33 44
51 34 43
50 32 42
49 32 43
50 32 42
50 32 42
48 34 42
50 33 43
49 34 43
50 34 45
51 34 45
51 34 45
50 34 45
49 33 46
49 34 44
49 35 44
49 34 44
49 34 44
50 33 44
49 34 45
49 34 45
50 33 45
50 33 44
49 32 45
50 34 45
49 34 44
49 34 44
50 32 44
50 32 44
50 32 44
50 34 43
51 33 45
50 33 44
49 33 44
51 32 43
49 33 44
49 33 44
50 33 44
48 33 44
49 35 43
50 34 44
50 34 44
49 32 43
49 33 44
50 32 43
49 32 43
50 33 44
49 34 44
50 32 43
51 33 44
51 32 44
50 32 44
50 32 44
51 34 44
49 34 43
50 33 43
51 33 43
49 33 43
51 33 44
50 33 43
49 34 43
50 33 44
49 33 43
50 33 43
50 33 43
50 33 43
50 35 43
50 32 44
50 33 45
51 34 44
50 33 44
51 34 43
49 34 43
49 34 43
50 33 43
49 33 44
51 33 44
50 32 43
50 34 44
50 32 44
51 34 43
50 33 44
50 35 44
50 34 43
48 34 43
49 33 43
51 34 44
51 34 44
51 34 43
51 33 44
50 33 43
50 33 43
50 33 43
50 33 43
50 33 43
51 33 43
50 33 43
50 34 43
50 34 42
51 34 44
50 35 43
49 34 43
50 33 44
49 33 44
50 33 44
51 32 44
51 34 43
51 34 44
50 33 43
50 33 43
49 34 43
50 34 43
50 34 43
50 33 43
50 32 43
50 34 43
49 35 44
50 34 43
50 34 44
50 34 43
51 34 43
50 36 43
50 33 44
51 32 43
50 34 44
50 33 43
49 33 43
50 34 43
49 34 44
51 34 44
50 33 44
50 32 44
50 33 43
49 34 44
50 34 44
50 34 44
51 34 44
50 34 43
49 33 43
50 34 43
50 34 43
50 34 44
49 33 43
50 33 43
49 32 42
52 33 43
50 34 43
50 33 45
50 34 44
51 34 44
50 33 43
50 34 44
50 35 44
51 33 44
50 34 44
50 34 43
50 33 44
50 33 44
49 33 45
51 34 44
49 33 43
51 34 44
49 34 43
51 33 43
48 33 44
50 32 43
50 33 43
50 34 44
51 34 43
50 33 43
50 34 44
51 34 43
51 34 43
50 33 43
50 34 43
50 34 43
51 34 44
50 34 43
50 34 42
50 34 43
50 34 44
50 34 43
50 33 43
50 35 43
49 33 44
50 34 44
50 34 43
50 34 44
50 33 43
51 33 43
51 34 44
51 35 43
50 34 43
50 34 44
51 34 44
50 35 44
50 35 44
50 34 43
50 35 44
49 35 44
50 35 44
51 34 43
49 33 43
50 33 43
50 34 45
50 34 43
51 36 43
50 34 44
50 35 44
49 35 44
50 34 44
49 34 44
50 34 43
50 35 43
49 34 44
51 34 43
50 34 44
50 34 44
50 34 44
50 34 43
50 34 44
51 34 44
50 33 43
51 33 44
50 35 45
50 34 44
50 35 43
49 34 44
50 34 43
50 35 44
50 33 45
49 34 44
50 33 44
49 33 43
50 33 44
50 35 43
50 34 44
50 35 44
51 34 43
49 34 43
50 33 43
50 34 43
50 33 44
50 33 44
49 34 44
51 34 44
50 34 44
50 33 43
50 34 44
50 35 43
48 34 44
51 34 43
50 32 44
50 34 43
50 33 44
49 34 44
51 33 44
50 34 44
50 34 45
50 34 43
50 34 44
50 35 43
50 34 44
50 34 43
51 34 43
49 34 43
50 35 44
51 34 43
50 34 43
50 34 44
50 33 45
50 35 44
49 34 44
50 34 45
51 33 45
50 34 44
50 34 43
50 33 44
49 34 43
49 33 44
49 34 44
50 34 43
50 34 44
51 33 44
50 34 43
50 34 44
50 34 44
50 33 44
49 34 44
50 34 43
50 33 43
49 34 43
50 35 43
50 34 44
49 33 43
50 34 44
49 35 44
50 34 44
50 34 44
48 35 44
49 34 44
50 33 43
50 34 43
50 34 44
50 34 44
49 36 44
49 35 44
50 34 44
50 34 44
50 34 45
49 34 42
51 34 44
49 33 44
51 34 44
49 35 44
50 34 44
49 35 44
49 34 43
50 34 43
50 33 44
49 34 44
50 35 43
50 34 44
49 34 43
50 33 44
50 35 44
49 35 43
50 34 44
49 34 44
50 34 45
50 35 44
51 33 44
49 33 43
50 34 44
50 34 44
50 34 43
50 35 43
51 34 45
49 35 44
50 35 43
50 34 44
50 34 44
51 34 44
50 35 44
50 34 43
50 34 44
49 34 44
49 33 43
49 34 44
51 35 44
50 35 44
49 33 44
50 34 43
50 34 44
51 34 44
50 35 44
50 35 44
50 34 43
50 35 43
50 34 44
49 33 44
50 35 44
49 35 44
49 34 44
51 34 44
51 34 43
49 34 44
50 34 43
51 33 44
50 34 44
51 34 44
51 35 44
50 34 43
50 33 43
51 34 44
50 34 44
49 34 43
51 34 44
51 34 43
49 34 44
49 33 45
50 33 45
50 34 44
51 34 45
51 34 45
50 33 45
50 33 45
50 34 44
49 33 43
49 33 46
49 33 45
49 32 46
50 32 46
50 32 45
50 33 45
48 32 44
49 32 45
48 32 44
46 33 44
47 31 44
48 31 45
48 32 45
49 32 46
48 33 47
50 32 47
49 30 46
48 31 46
48 31 46
48 31 45
48 30 45
49 30 45
48 30 44
48 31 44
48 31 46
50 31 46
48 31 46
48 29 45
49 31 47
49 32 46
49 31 46
47 28 46
47 28 45
47 30 45
48 30 45
49 31 44
47 30 45
49 29 47
49 30 46
47 30 46
48 31 46
49 30 45
48 31 45
48 31 46
49 31 46
49 30 46
47 32 46
48 32 45
48 31 46
47 31 45
48 31 46
47 31 46
48 31 46
49 31 46
49 32 46
48 31 47
48 31 46
47 31 46
47 32 45
48 31 46
48 31 45
48 29 46
49 30 44
47 30 45
48 29 46
48 30 45
48 30 44
49 32 45
49 32 45
49 33 46
49 31 46
49 32 47
47 33 45
49 32 45
49 31 46
49 32 44
48 32 45
49 33 45
48 32 44
50 32 44
49 32 45
48 32 46
47 32 45
49 31 45
49 30 44
50 31 45
48 32 46
48 33 47
49 33 47
49 32 46
50 32 45
48 32 44
48 31 43
48 30 43
48 32 43
49 32 44
49 32 44
50 33 45
48 33 46
49 34 46
49 33 47
49 33 47
49 32 45
49 33 46
48 33 45
50 33 45
49 32 44
49 32 44
50 34 45
49 33 44
49 33 44
49 33 45
49 32 44
50 32 45
49 33 45
49 35 45
49 32 44
49 32 45
50 32 46
48 32 45
49 33 45
48 33 43
49 34 44
48 34 45
48 33 46
46 33 46
49 33 46
51 33 47
50 31 45
50 32 45
50 32 45
48 31 45
49 33 45
48 32 45
49 33 45
49 32 46
49 34 46
48 34 45
48 34 46
49 33 44
48 34 44
49 35 45
48 33 46
48 32 46
48 32 45
49 32 45
49 34 45
48 31 46
48 32 45
49 32 46
49 33 45
50 33 45
48 32 45
49 33 45
48 33 46
48 33 45
48 33 45
48 32 45
49 34 45
49 33 46
49 33 45
50 32 45
50 33 46
49 32 45
48 33 44
49 33 45
48 33 45
50 32 46
48 32 45
48 31 44
49 32 45
49 31 46
49 31 46
50 32 46
49 31 45
48 32 45
49 31 45
49 31 45
49 32 44
48 30 43
48 32 45
48 32 45
49 31 46
49 32 47
50 31 46
50 32 46
48 31 45
48 30 45
48 33 44
48 33 45
48 34 45
48 34 45
48 33 45
48 33 47
49 32 46
48 31 47
48 31 46
49 33 47
48 31 46
49 32 44
48 31 45
48 31 45
48 31 46
49 31 45
48 31 45
47 31 47
48 31 45
47 31 46
48 32 46
48 32 45
48 32 47
47 33 45
49 33 46
48 32 46
48 33 46
49 34 46
49 34 45
48 34 45
48 33 46
47 31 44
48 32 45
49 33 46
49 32 46
49 32 46
49 32 46
49 32 45
50 32 45
49 30 44
48 31 45
50 32 45
48 33 45
49 32 45
49 32 46
49 32 46
49 32 46
49 30 45
48 31 44
49 31 45
50 31 45
49 30 45
49 32 45
48 31 45
49 31 45
49 32 46
49 32 46
47 33 46
48 34 46
49 33 45
50 32 45
47 31 46
49 32 46
49 33 44
49 33 45
48 31 45
47 31 46
50 32 45
49 32 46
49 33 45
49 33 46
48 33 47
48 34 46
49 32 46
49 33 45
49 33 45
48 31 44
49 31 45
50 33 46
49 33 45
49 34 45
49 33 46
49 34 46
49 33 45
47 32 44
49 32 45
49 32 45
49 34 45
49 33 46
49 33 47
48 34 46
49 33 45
49 33 44
48 33 44
48 33 44
50 34 44
49 34 45
50 34 46
49 33 46
49 35 46
49 33 45
49 33 46
48 34 46
49 33 46
49 33 45
49 34 45
48 32 44
48 34 45
49 34 45
50 34 44
50 33 46
48 33 46
49 33 46
49 34 46
49 33 45
50 34 44
49 33 45
48 32 47
49 32 45
50 33 44
49 34 45
49 33 45
47 32 45
47 32 45
48 34 45
49 34 45
50 33 45
51 33 44
49 33 46
48 33 46
48 33 44
48 34 45
49 33 45
48 33 45
49 34 45
49 32 46
48 33 45
50 32 45
48 32 45
48 33 45
49 31 45
49 33 44
49 32 45
48 33 46
48 32 47
49 33 47
49 34 46
48 33 45
48 33 45
47 30 45
48 31 45
50 31 46
49 31 44
49 33 46
50 33 48
47 33 46
48 34 45
49 34 46
49 33 47
50 31 44
48 31 44
49 33 45
47 33 46
48 33 46
49 33 45
48 34 46
49 34 46
49 33 47
49 33 45
49 32 46
48 34 46
49 33 46
48 32 46
49 33 45
49 33 45
49 33 45
47 32 44
48 32 44
49 32 45
48 32 44
51 32 45
50 31 47
49 33 47
48 33 45
49 33 45
49 33 45
51 32 45
49 33 44
50 33 45
49 33 46
50 34 47
47 32 47
49 31 44
50 31 42
50 33 42
50 33 44
51 33 43
49 31 44
50 34 44
49 34 44
51 34 44
50 34 46
49 33 45
51 33 43
50 34 44
50 32 44
49 32 44
50 32 44
51 32 44
50 32 45
50 32 45
51 32 45
50 31 42
49 32 43
49 31 44
49 31 43
49 31 43
49 31 44
49 31 43
49 32 45
50 32 43
50 31 45
48 31 44
50 33 44
50 32 46
49 31 44
50 33 44
49 31 44
49 32 44
48 32 45
50 32 44
50 32 45
49 32 45
49 31 44
50 32 45
49 32 45
50 32 45
49 33 46
48 33 45
49 33 45
49 33 46
49 31 47
51 32 44
49 33 44
50 34 44
49 33 45
50 32 43
50 32 45
49 32 45
49 31 45
49 31 44
50 32 45
49 33 45
49 31 45
49 33 46
49 33 46
49 34 44
49 33 46
48 33 45
49 32 44
49 32 45
50 33 45
49 33 46
49 33 45
49 33 46
48 33 46
48 33 46
48 32 45
48 32 45
50 34 46
48 32 46
49 32 45
49 32 44
48 33 45
49 32 46
49 31 45
48 32 45
48 33 45
49 32 46
50 33 45
49 32 44
50 33 45
49 33 48
49 32 47
51 32 46
48 33 46
49 33 45
48 32 46
49 32 45
49 32 45
47 31 46
49 32 46
49 32 46
48 32 44
48 30 45
46 31 45
48 30 46
47 31 45
49 32 46
48 33 47
48 32 47
47 33 47
47 32 48
49 32 48
48 33 48
47 32 48
48 33 48
48 32 46
48 33 46
48 32 47
47 31 46
48 32 47
47 31 47
47 32 47
47 32 47
47 31 47
46 34 48
47 33 47
48 34 46
47 33 46
47 33 47
47 34 46
47 35 46
47 33 47
47 34 47
47 33 47
48 33 47
47 33 47
47 32 47
47 34 47
47 33 47
47 34 46
47 33 47
47 32 46
48 32 47
47 33 46
47 34 46
48 33 46
48 32 47
48 33 46
48 32 47
48 32 47
48 32 47
48 32 47
47 32 46
47 33 45
48 32 47
48 32 47
48 33 47
48 32 47
48 32 45
47 33 47
48 33 46
47 32 47
47 32 46
47 32 46
48 31 48
48 31 47
46 31 45
48 32 46
48 32 46
48 32 47
48 33 46
46 31 46
48 32 46
47 33 46
47 31 46
48 30 45
48 31 47
48 31 46
47 30 47
48 31 47
49 32 46
50 32 45
48 30 47
47 30 46
47 30 47
50 32 47
47 30 45
49 31 46
49 30 46
47 31 46
48 31 46
47 32 46
49 33 46
47 32 46
48 31 46
48 31 46
47 31 47
49 30 46
47 33 45
48 31 46
47 31 46
49 32 45
48 32 47
49 33 46
47 32 45
47 31 46
48 32 46
47 32 45
49 32 46
48 31 45
49 33 46
48 33 47
48 32 47
49 32 47
49 33 46
48 32 44
48 35 46
48 34 45
48 33 47
49 32 45
47 33 44
47 32 46
48 32 46
48 32 46
48 34 46
49 34 47
49 33 46
48 33 46
49 34 46
48 33 45
48 32 46
47 32 47
47 34 45
49 32 45
49 34 45
49 33 46
47 34 47
48 34 45
48 32 46
49 33 46
47 33 46
48 32 46
48 31 45
48 32 47
48 32 46
48 33 47
48 33 46
46 33 46
49 33 46
49 32 47
49 32 47
48 33 46
48 34 46
47 34 46
49 34 46
48 33 46
48 33 47
48 32 46
48 33 47
48 34 46
49 33 46
49 32 47
48 33 47
48 32 46
48 33 45
48 33 46
48 33 46
48 33 46
48 32 46
49 33 47
48 33 47
48 31 46
49 33 46
48 33 46
48 33 47
47 32 47
49 33 46
47 31 47
47 31 45
47 33 46
47 31 47
48 33 46
48 32 46
47 30 46
47 31 46
48 33 47
48 30 47
48 32 47
48 31 46
47 32 47
48 30 46
48 31 47
47 31 47
47 31 46
47 30 47
47 31 46
48 32 47
47 31 47
48 31 46
47 30 46
47 31 46
48 30 45
48 32 47
47 32 46
49 32 47
48 31 47
48 31 46
47 31 46
47 31 47
47 32 47
47 31 46
47 32 47
47 31 48
48 32 46
47 30 46
47 31 47
48 32 47
47 31 47
47 32 46
48 31 47
48 32 46
48 33 46
47 31 46
47 32 47
48 30 47
47 32 47
48 33 47
48 31 47
47 32 47
48 32 47
47 32 46
48 30 46
48 31 46
48 31 46
47 30 46
48 33 47
48 31 47
47 31 48
47 33 47
48 32 48
47 31 47
48 32 46
47 32 47
46 31 47
46 31 47
47 32 46
48 32 48
47 31 48
48 32 47
47 32 48
48 32 47
47 32 48
46 31 48
47 31 47
47 32 47
45 32 48
46 31 48
48 31 48
48 31 48
47 32 48
48 32 48
47 32 46
47 30 47
46 31 47
47 32 46
48 33 48
47 32 48
48 32 48
47 31 47
47 32 47
47 32 48
48 32 47
46 31 47
47 31 46
47 32 47
46 32 47
48 32 48
47 33 47
48 31 46
47 32 46
49 32 47
47 32 46
48 32 47
47 31 46
47 31 47
48 32 46
48 32 48
47 30 46
48 31 47
48 33 47
46 31 46
48 32 46
47 30 46
48 30 47
47 30 45
47 31 47
47 30 46
47 31 45
48 32 46
48 32 47
48 32 48
47 32 47
48 30 47
47 31 46
47 31 46
49 31 46
48 32 47
47 31 46
47 30 46
48 31 47
47 31 46
49 31 46
47 31 47
48 32 46
47 31 47
47 32 46
49 31 46
48 31 45
48 32 46
47 31 46
48 30 46
48 32 46
47 31 45
49 32 46
47 30 46
48 31 46
47 31 46
46 30 45
48 31 46
48 32 46
47 31 46
46 31 46
49 33 46
48 32 47
48 31 47
48 31 47
47 32 46
48 31 46
47 32 46
48 31 45
48 32 46
48 32 47
48 31 47
49 31 48
48 32 47
48 32 47
47 32 46
48 31 46
49 32 47
48 30 47
48 31 46
48 31 47
47 32 47
48 30 47
47 32 46
48 32 46
48 32 47
47 32 46
48 31 47
49 32 47
46 31 47
49 31 47
48 32 47
49 30 46
48 32 46
47 32 46
47 31 46
47 31 47
48 31 47
48 32 47
48 31 47
47 32 47
49 33 46
48 31 47
49 31 47
48 31 47
47 32 46
47 31 47
48 32 47
48 31 47
49 32 46
47 32 46
47 32 46
49 32 46
48 32 47
48 32 47
48 32 47
48 31 47
48 32 46
48 32 47
47 32 46
48 32 46
48 33 47
48 32 47
47 31 47
48 32 46
49 31 47
47 33 47
48 31 47
48 32 47
48 32 48
47 30 47
48 33 47
47 32 46
47 31 46
48 32 47
48 33 46
47 32 47
48 32 46
48 32 47
49 32 46
47 31 46
47 32 46
47 32 46
48 32 46
48 33 46
47 32 47
48 32 47
47 32 47
47 32 47
47 32 47
49 33 47
48 32 47
48 33 48
48 33 47
47 31 45
48 33 46
47 31 47
48 32 47
48 31 46
48 32 47
47 31 46
48 31 46
48 31 46
47 33 47
47 32 47
48 32 46
48 32 48
48 32 46
48 32 46
47 33 46
47 32 47
48 32 48
47 31 47
47 32 48
48 32 47
47 31 47
47 32 47
48 33 46
48 33 46
47 32 47
48 33 47
47 32 46
47 31 47
48 31 47
48 31 46
48 31 46
49 32 47
48 32 46
47 31 46
46 32 47
48 33 47
48 33 46
48 33 46
47 33 47
47 32 47
48 32 47
50 31 46
47 32 46
47 32 46
48 32 46
48 31 46
47 32 46
47 32 47
46 31 45
49 34 46
48 32 46
48 33 46
49 32 46
48 32 46
47 32 46
47 33 45
48 32 46
48 34 47
48 34 46
48 33 46
48 33 46
48 32 47
47 33 46
49 34 46
48 33 47
47 34 46
48 33 47
48 34 46
50 33 46
49 32 46
47 33 48
47 33 48
50 33 48
48 32 48
48 33 47
47 33 47
47 32 46
47 31 46
47 32 46
48 32 46
46 32 46
47 33 46
47 31 46
46 32 46
46 31 46
48 31 46
46 31 47
47 30 47
47 31 48
48 31 48
48 30 47
47 32 47
47 32 46
48 31 46
47 31 46
47 30 48
47 30 46
46 31 46
47 31 47
47 31 48
49 30 46
47 32 48
47 30 48
49 31 47
46 30 47
47 31 47
46 31 47
47 31 45
47 31 46
46 30 46
48 31 47
47 30 47
47 31 47
48 30 46
47 31 47
48 30 48
47 29 47
47 31 48
47 30 47
48 30 47
47 31 47
47 31 47
46 29 46
48 30 48
46 31 48
47 31 46
47 30 47
47 31 47
47 31 47
47 30 48
47 29 46
47 31 46
48 30 47
47 30 46
47 30 47
47 30 46
48 30 46
48 31 47
47 30 47
47 30 47
47 30 46
47 31 47
46 31 47
47 31 46
47 30 46
48 30 47
46 31 46
48 30 46
48 30 47
47 29 47
48 31 46
48 30 46
48 32 47
48 31 45
47 30 47
47 31 47
48 30 47
47 30 47
48 30 46
47 29 46
49 30 46
46 30 46
48 29 46
46 30 47
47 30 46
47 30 46
48 31 47
48 31 46
48 30 46
48 31 47
48 30 46
48 31 47
47 29 47
47 31 46
47 30 46
47 31 47
47 31 46
48 31 47
46 31 47
48 30 46
47 31 47
47 32 47
47 30 45
48 30 47
48 31 46
47 31 46
48 31 47
47 31 46
48 31 46
46 31 47
47 31 47
47 30 47
47 29 47
46 29 46
46 31 48
47 32 47
46 31 46
48 31 47
48 32 48
47 31 47
47 31 47
48 31 47
48 31 47
48 31 46
48 31 46
47 30 46
47 30 46
48 30 46
47 29 46
48 30 45
48 29 46
47 30 47
48 30 48
47 30 47
48 31 46
46 30 46
49 31 46
46 30 46
48 30 46
47 31 46
47 30 47
47 30 47
46 30 47
47 30 47
47 30 46
47 31 46
48 31 46
47 31 46
48 30 46
47 30 47
47 31 46
49 31 48
47 31 47
47 32 47
48 30 47
48 30 46
47 30 46
48 30 45
48 31 47
47 30 47
47 32 47
49 31 46
48 31 47
49 32 46
48 31 46
47 30 46
47 30 46
47 31 47
49 32 47
48 31 46
47 31 46
48 32 48
48 32 48
48 31 47
48 31 45
49 32 46
48 31 47
47 30 45
47 30 45
48 31 46
47 31 47
48 31 47
46 32 47
47 30 46
48 32 46
48 30 47
48 32 47
48 31 46
48 30 47
48 31 47
48 32 46
48 31 46
49 32 46
48 31 47
47 31 46
48 31 46
48 33 46
48 32 46
48 31 46
48 32 47
47 32 47
47 31 47
47 32 46
48 33 45
47 33 45
47 32 46
48 30 46
49 32 47
49 31 47
49 31 48
48 32 46
49 31 46
47 33 46
47 32 47
48 33 48
47 31 47
48 31 45
48 33 45
47 32 46
48 32 46
48 32 47
48 32 47
47 32 47
47 30 46
47 33 46
48 32 47
48 33 46
48 33 45
47 32 46
47 31 46
48 32 47
47 33 46
48 33 46
48 32 45
48 32 46
47 31 46
48 31 47
48 33 46
48 32 47
48 32 46
48 31 46
48 33 46
48 31 47
48 31 46
48 32 47
48 33 46
48 33 46
47 31 46
47 32 46
48 33 46
47 31 47
48 32 47
48 31 46
48 31 46
48 32 47
48 32 46
49 32 46
48 32 47
48 31 46
48 32 46
47 33 47
48 32 46
47 33 46
48 33 46
47 31 46
48 33 46
48 31 47
49 33 46
48 32 46
47 31 46
48 33 47
47 31 47
47 32 46
47 33 46
47 32 46
48 32 47
47 32 47
49 32 47
49 32 46
47 32 47
47 30 46
48 32 48
47 32 45
47 31 46
48 32 46
47 32 47
47 31 46
48 32 47
47 32 47
48 33 47
47 33 46
48 32 47
48 33 46
48 32 46
49 32 47
47 31 47
48 31 46
47 33 48
47 31 46
48 30 46
50 32 47
48 32 46
48 31 46
47 31 47
47 31 47
48 31 45
47 31 46
48 32 46
49 31 46
47 31 45
49 32 47
48 32 46
47 30 46
48 31 46
49 32 46
47 30 45
48 32 48
48 31 47
48 31 46
48 31 47
48 30 47
49 31 45
48 31 46
48 30 46
47 31 46
47 31 46
47 30 45
48 30 47
47 30 45
47 30 46
48 30 47
48 31 47
48 31 46
48 31 46
47 31 46
48 31 47
47 30 45
48 31 45
48 31 46
48 31 46
49 30 47
48 30 46
48 30 46
48 31 47
48 31 46
49 31 46
48 32 47
47 31 45
48 30 45
47 30 44
48 30 46
48 30 45
48 32 46
48 32 45
48 32 47
48 31 47
47 31 46
47 32 48
47 30 47
47 31 46
48 30 45
48 31 45
48 30 44
49 33 45
48 31 46
48 32 46
48 31 46
49 32 46
47 31 47
48 32 47
47 33 46
47 33 45
47 32 45
47 31 46
48 31 45
47 32 46
48 30 46
48 30 45
49 32 46
48 31 47
49 34 47
48 34 48
48 32 48
49 32 48
49 33 48
49 33 47
48 32 46
47 32 45
47 32 45
47 31 45
47 31 45
47 32 46
47 31 47
47 32 47
49 33 47
48 31 47
48 32 47
48 30 46
47 31 46
47 31 46
47 30 45
49 32 47
47 31 47
46 32 47
48 32 47
47 32 47
47 32 46
47 30 48
47 32 48
47 31 47
47 31 46
48 31 46
47 31 47
47 30 47
49 33 47
46 33 46
47 32 47
48 33 47
48 32 46
48 33 46
48 33 47
46 34 48
47 33 46
48 31 47
49 31 46
49 32 46
48 32 45
48 32 46
48 33 45
48 33 47
48 33 47
48 32 48
50 32 47
48 31 46
48 32 46
47 33 46
48 33 47
48 32 47
48 31 45
48 31 46
47 31 46
47 32 46
48 32 47
47 32 47
47 32 46
48 31 47
47 32 46
47 31 46
47 33 46
47 33 47
46 33 46
47 33 48
47 32 48
48 31 49
49 31 48
48 32 48
47 32 46
47 33 46
49 32 46
48 32 47
48 32 46
47 34 46
47 33 46
47 33 47
47 32 48
48 33 47
48 33 48
49 32 46
49 33 45
48 32 47
47 32 47
48 31 46
48 33 46
48 32 46
47 33 47
48 31 46
48 32 46
48 33 47
48 32 46
48 32 47
47 32 47
47 32 47
48 32 47
48 32 47
47 32 47
46 32 47
49 31 46
47 31 46
47 31 47
48 30 48
47 32 47
47 33 46
47 32 45
48 32 47
48 33 46
48 32 46
48 32 48
48 32 46
49 31 48
47 33 46
48 32 47
47 31 46
48 31 46
47 30 46
47 31 46
47 32 46
47 31 46
47 31 46
47 32 47
47 31 46
47 32 47
46 31 47
46 31 46
48 31 47
48 31 47
49 32 47
47 30 47
48 31 46
47 30 47
47 30 48
46 30 47
46 30 47
48 31 47
47 30 46
47 30 45
48 31 46
48 30 45
48 31 46
47 30 47
48 31 47
48 30 46
49 31 48
48 30 48
49 30 47
48 30 47
48 30 48
48 30 46
48 29 45
47 31 43
46 33 44
47 33 45
49 32 46
51 31 48
51 31 49
49 30 48
48 31 47
47 33 47
47 31 46
46 31 45
47 32 46
48 31 44
47 32 45
48 30 47
46 30 47
49 31 47
48 31 46
48 31 47
46 32 47
49 31 47
48 32 47
48 31 47
47 30 47
47 31 46
47 32 46
47 31 48
46 31 47
47 32 46
47 32 46
47 31 47
48 32 46
47 32 46
48 33 47
48 30 46
48 31 46
47 32 46
48 33 47
47 32 47
48 34 47
49 33 46
48 34 48
47 33 47
48 34 47
47 35 47
47 33 46
48 34 47
47 35 45
47 35 44
48 33 44
50 35 45
49 34 45
48 35 46
48 32 44
49 33 46
49 33 46
50 34 46
49 32 46
47 35 45
49 34 46
48 34 45
48 34 45
48 34 45
49 34 46
49 34 46
49 34 45
47 34 45
50 35 43
50 34 45
51 33 46
50 33 46
48 36 44
50 35 45
50 36 44
50 34 45
48 35 45
49 36 46
48 35 44
49 37 46
49 36 45
48 35 46
49 35 46
47 35 46
49 37 45
47 38 45
47 38 46
46 37 46
47 37 46
47 38 46
47 39 46
47 39 45
47 38 46
47 39 47
47 38 46
48 39 45
47 39 46
47 36 47
48 35 46
48 35 46
48 34 47
49 34 47
46 34 46
48 34 46
48 34 47
49 33 46
47 33 46
47 34 47
47 35 46
47 34 47
48 34 47
49 34 47
46 35 46
48 34 46
47 34 46
46 33 47
48 34 45
48 34 45
48 34 46
48 34 47
48 34 46
48 34 46
47 33 46
47 33 45
47 35 46
48 34 47
49 35 46
48 34 45
48 33 46
48 33 48
49 34 48
49 33 47
49 33 46
49 35 47
48 34 45
49 35 46
47 34 45
46 35 45
47 34 46
48 35 46
48 34 45
49 36 46
48 34 46
47 35 46
48 33 48
49 33 47
49 34 47
49 34 47
49 34 46
48 34 47
47 34 47
47 34 46
48 34 45
47 33 46
48 34 46
48 35 46
46 34 46
48 34 46
49 33 47
49 33 46
49 34 46
48 33 47
47 34 46
48 34 46
48 33 46
48 33 46
48 32 47
51 33 46
48 32 47
47 33 46
47 33 47
47 33 46
47 33 48
49 33 47
48 32 45
48 32 46
48 33 46
48 33 45
48 32 45
48 32 45
47 33 46
47 32 46
47 33 46
49 32 46
48 32 46
49 33 45
49 33 47
49 32 47
48 33 46
48 33 47
48 33 46
48 32 46
49 32 46
50 32 46
48 31 46
48 32 45
49 32 46
48 34 46
48 32 47
48 32 47
49 33 46
48 33 47
47 33 46
47 34 45
49 33 47
49 33 46
47 32 46
48 34 46
47 32 46
48 33 45
48 33 46
49 33 47
48 33 46
47 32 46
47 32 46
47 33 45
48 33 47
47 33 47
47 34 46
49 33 46
47 33 46
49 33 47
49 30 46
49 32 47
49 33 46
48 32 45
48 34 46
48 33 46
48 33 46
49 32 45
48 33 45
47 33 46
48 34 47
48 34 45
47 32 46
48 33 46
49 33 46
49 34 46
48 32 47
48 33 45
50 33 44
49 32 47
48 34 46
49 33 45
50 32 47
49 33 46
48 32 45
48 34 46
48 34 46
47 34 46
48 35 46
49 34 46
48 34 46
49 36 47
47 35 46
49 33 44
50 34 46
50 34 47
49 33 46
49 34 45
48 34 45
48 34 45
48 33 45
48 32 46
48 33 45
49 35 46
49 34 46
49 35 46
48 34 47
48 34 46
47 35 46
48 35 46
48 34 46
49 33 45
48 33 46
49 33 45
49 34 46
48 34 46
47 34 45
48 35 45
49 35 46
48 35 46
48 34 46
49 33 46
49 34 45
46 34 46
49 34 46
48 34 46
48 33 46
48 35 45
48 33 46
48 33 46
47 34 45
48 34 46
47 33 46
48 35 46
47 33 46
47 34 46
48 34 46
48 33 46
47 34 46
49 33 45
48 33 45
49 33 46
48 34 46
48 34 46
49 34 47
49 34 46
48 34 46
48 34 46
49 33 46
48 33 46
47 34 46
47 34 46
48 33 46
48 34 46
47 33 46
47 34 46
48 34 47
49 32 46
48 33 47
48 33 46
49 32 47
48 32 45
48 32 45
49 32 45
47 33 45
48 33 47
47 34 45
46 32 44
48 32 46
48 33 46
50 32 47
48 32 47
49 32 47
49 32 46
48 32 45
48 33 46
48 33 45
49 34 45
48 34 44
49 32 46
49 32 46
50 33 47
47 34 46
49 32 46
47 36 46
47 32 45
47 32 46
47 34 47
48 34 47
48 34 46
47 33 46
48 35 47
47 35 47
47 34 47
49 34 46
48 33 46
47 35 47
48 34 46
49 33 47
47 34 46
48 34 46
48 34 47
48 34 46
49 34 46
47 34 45
48 33 46
49 35 47
47 35 46
47 36 46
46 35 46
47 34 47
48 37 46
47 36 46
47 36 48
49 35 47
47 36 46
46 35 47
48 36 47
46 36 47
47 36 47
46 35 46
46 37 46
46 35 46
46 35 46
48 35 47
46 37 46
47 36 47
48 37 47
50 36 46
47 37 46
47 37 46
46 37 46
45 37 45
45 38 46
45 40 46
47 37 45
49 38 46
51 38 46
48 37 45
47 37 45
47 37 46
45 34 47
47 33 46
48 32 47
51 31 48
52 30 49
52 32 49
51 33 48
49 34 45
49 38 45
47 39 46
45 39 45
42 38 44
42 43 45
40 40 45
37 44 44
35 45 44
32 43 44
31 44 46
30 42 47
28 43 46
28 39 50
27 40 52
25 37 51
25 41 50
25 41 53
25 42 54
26 40 53
26 39 53
27 39 54
26 38 53
25 37 51
26 37 52
26 36 52
26 35 52
26 37 51
27 35 51
26 35 51
26 35 52
27 34 51
26 35 51
27 35 53
26 35 54
27 37 54
28 37 53
29 36 51
26 36 51
27 37 53
26 36 53
27 35 50
25 38 50
23 34 52
26 32 55
24 32 53
23 33 53
22 33 53
26 33 52
24 37 52
25 35 52
24 39 51
20 38 48
19 39 47
22 42 48
21 41 47
25 42 46
30 42 48
28 40 47
30 38 45
34 43 44
33 44 44
31 39 47
33 45 43
32 45 48
35 44 47
35 47 44
33 51 47
35 52 49
38 53 48
35 49 53
37 47 51
36 46 51
35 45 52
36 46 52
33 48 52
34 47 51
29 45 55
25 42 55
25 41 49
25 43 47
25 46 48
27 47 49
29 45 47
28 46 48
28 45 48
27 45 48
27 45 48
26 46 48
28 46 48
27 47 48
28 44 48
27 45 47
27 46 48
27 45 47
28 45 48
28 46 48
27 46 48
28 46 48
28 46 48
27 46 47
28 46 48
28 44 49
27 46 47
29 45 48
29 46 49
29 45 48
28 47 48
28 45 48
26 46 48
28 46 48
28 44 48
29 46 48
27 45 47
28 46 47
27 46 48
27 44 47
28 45 47
28 45 47
27 45 47
28 46 47
29 45 48
28 46 48
27 45 48
27 46 47
28 45 48
28 47 46
27 45 47
30 46 47
28 46 48
28 46 47
28 46 47
28 45 47
27 47 47
29 46 47
28 45 47
28 46 47
28 45 47
28 46 47
28 46 47
27 47 47
27 45 47
27 46 46
28 47 48
28 46 48
28 44 47
29 45 47
29 46 49
28 46 47
