27 39 49
27 39 49
27 33 32
29 39 50
29 39 50
28 39 51
29 38 50
28 39 51
29 39 51
28 39 52
29 39 52
29 39 52
28 39 52
29 38 52
28 39 52
28 38 52
29 40 52
29 38 52
30 38 51
29 38 50
29 38 51
29 40 51
29 38 51
29 37 51
29 36 53
29 38 52
28 38 51
28 38 52
29 38 52
28 37 52
29 38 51
28 38 52
28 37 52
27 38 53
27 38 54
29 36 56
26 36 55
27 37 53
25 39 53
24 40 51
25 41 49
26 40 50
28 48 48
30 50 46
35 49 48
37 44 48
39 44 46
42 43 45
44 43 44
46 39 44
45 41 43
46 38 42
48 37 43
44 36 44
45 33 45
46 34 46
46 31 47
47 31 50
47 29 51
46 29 51
47 31 49
48 31 50
47 29 51
46 28 49
47 30 50
47 28 49
46 30 46
46 27 49
45 28 47
45 28 45
45 29 46
45 28 45
44 27 46
46 27 47
46 27 48
46 28 48
46 29 48
44 28 47
45 29 48
46 29 47
45 27 47
44 29 47
44 29 48
45 28 47
45 28 48
46 29 48
45 29 48
45 28 49
45 28 49
45 27 48
46 28 49
45 28 48
45 27 49
44 27 49
44 28 49
44 27 49
45 27 49
44 27 48
44 25 49
44 25 49
44 26 50
42 26 50
42 27 48
43 28 48
42 28 48
43 25 49
41 26 49
42 27 48
42 27 49
42 27 49
42 26 49
44 26 48
45 27 49
44 27 52
43 27 50
42 27 49
43 28 49
43 28 48
44 26 49
43 26 49
43 28 49
43 26 49
43 27 50
41 26 48
43 26 49
44 28 50
43 28 49
42 27 49
42 27 50
42 28 50
43 28 49
42 27 48
41 28 49
42 28 50
44 27 51
42 30 52
42 30 51
42 30 51
42 30 50
41 29 51
43 28 49
41 29 50
42 31 50
43 30 51
42 29 51
42 29 50
42 27 50
43 28 50
42 28 50
42 28 49
43 28 50
43 28 50
43 27 49
42 28 50
43 28 50
43 28 51
42 27 50
42 28 49
42 28 49
42 27 49
43 25 49
44 26 49
43 28 48
43 26 48
42 27 49
43 28 49
42 27 48
42 26 50
42 27 49
43 28 49
42 26 48
43 25 48
43 27 48
43 27 49
43 29 50
42 27 50
43 27 50
44 27 51
43 26 52
42 28 51
43 28 49
42 27 48
43 28 48
44 29 50
43 30 51
43 30 48
43 29 49
43 30 49
43 29 50
44 31 49
43 29 49
44 28 50
43 28 49
43 28 49
44 28 50
44 29 50
44 28 49
42 29 49
42 29 48
43 29 50
43 28 50
43 28 49
42 28 50
43 29 50
43 28 49
44 28 50
43 28 50
42 28 49
43 30 50
43 28 50
44 29 50
43 28 50
43 28 50
43 28 48
43 29 49
42 27 49
43 28 50
43 26 50
44 29 49
44 29 49
42 28 50
42 29 51
42 28 51
43 28 50
43 27 49
44 28 49
43 28 48
44 29 48
43 29 49
41 28 50
43 27 51
43 27 50
44 27 49
44 28 48
44 28 49
42 27 49
43 30 51
43 29 48
43 28 48
43 28 48
42 27 48
43 27 49
44 28 50
42 27 50
43 29 50
44 28 50
44 30 49
43 28 49
43 29 49
44 29 50
43 28 49
42 29 49
43 29 49
43 27 49
42 28 49
42 28 49
42 29 50
43 29 50
43 30 51
42 30 50
43 30 49
43 29 49
43 30 50
42 29 50
42 30 49
43 31 51
42 29 51
42 30 49
42 29 50
43 30 49
43 30 50
43 31 50
42 31 50
42 30 49
43 29 49
42 30 50
42 30 50
43 30 51
43 31 51
42 29 49
42 30 49
43 28 49
43 28 50
43 30 49
42 30 50
42 30 51
43 30 50
42 31 50
43 30 48
43 30 49
42 30 51
43 31 51
42 31 50
42 30 50
43 30 50
44 30 50
41 31 51
43 30 50
43 30 50
43 30 50
42 29 50
42 29 51
43 29 49
42 30 49
42 29 50
41 30 52
42 28 52
41 29 49
43 30 51
42 30 50
42 29 50
42 29 51
42 28 50
42 29 50
42 29 50
42 30 50
43 28 51
43 30 52
42 29 52
42 29 50
42 30 49
43 29 50
43 28 49
41 29 50
42 29 50
42 30 50
42 28 50
42 29 51
42 28 51
43 29 51
43 29 50
42 29 50
42 28 50
42 29 50
42 29 51
42 28 51
43 29 50
43 30 50
42 29 50
43 28 50
42 28 50
41 29 51
42 29 50
42 28 49
42 29 50
42 30 50
42 28 50
43 28 50
41 29 49
42 29 50
43 27 49
42 28 50
42 29 51
42 29 50
42 28 50
43 29 50
41 27 50
42 29 49
42 29 50
42 28 49
41 29 50
43 28 51
42 27 51
44 27 50
42 29 50
42 28 50
43 29 50
42 29 49
42 29 49
43 28 50
42 28 49
42 29 50
42 28 50
42 28 51
42 29 49
41 29 50
42 29 50
42 28 50
42 29 50
43 28 50
43 27 50
43 28 50
43 28 50
43 28 50
42 29 49
41 28 49
42 28 49
43 29 49
41 26 50
43 28 50
41 29 50
42 30 50
42 28 49
43 28 49
42 28 50
43 28 50
42 28 49
42 28 50
42 29 50
41 28 50
42 28 49
43 29 49
41 27 50
42 28 51
42 29 50
43 29 49
43 29 51
43 28 50
42 27 51
42 28 50
44 29 50
42 28 51
41 29 51
42 29 50
43 29 49
42 28 50
41 28 50
42 29 51
41 29 50
41 29 50
43 29 50
42 28 49
43 28 51
43 29 50
41 27 50
43 29 50
43 29 49
43 29 50
42 30 50
43 30 50
42 30 50
42 29 50
43 29 50
42 29 51
42 29 49
43 28 50
43 29 50
43 29 49
42 30 50
43 30 50
44 28 49
42 30 50
42 29 50
41 28 50
41 29 51
41 29 50
43 29 49
43 29 50
43 29 49
43 29 50
41 29 50
43 28 51
43 28 50
43 28 50
42 29 50
42 29 50
41 30 51
42 30 50
43 30 49
43 30 49
42 29 50
42 30 51
41 28 50
43 29 49
42 31 48
42 29 50
42 30 51
42 30 51
41 30 51
42 29 50
41 30 49
42 30 50
42 31 51
43 30 51
43 29 50
43 31 50
42 30 50
42 30 50
43 29 50
41 30 51
42 31 51
43 29 50
42 30 50
41 29 50
42 30 50
42 30 51
42 30 51
42 30 50
42 29 51
43 29 49
43 30 50
42 30 50
43 30 51
43 30 50
42 30 50
42 31 51
42 29 51
43 30 50
41 30 51
43 31 50
41 31 51
42 30 50
42 30 51
43 32 50
41 30 51
43 29 50
43 30 50
41 30 50
42 31 49
42 29 50
42 30 50
42 30 51
42 30 50
41 31 51
42 32 51
42 31 51
42 31 50
41 31 51
42 31 52
43 31 51
42 30 50
41 31 51
42 31 50
42 30 50
42 31 50
42 29 50
41 30 50
43 31 51
43 30 50
43 31 51
41 30 51
42 30 50
42 31 51
42 30 50
41 30 51
43 30 50
42 30 51
41 31 50
42 30 50
43 31 50
42 30 50
41 31 51
41 30 51
41 29 51
42 31 51
43 30 51
41 30 50
41 31 51
42 30 50
42 30 50
42 30 50
41 29 51
41 30 50
42 32 51
41 30 51
43 30 51
41 31 50
42 31 51
42 31 50
41 28 50
41 30 50
41 30 50
42 30 50
42 29 50
42 30 51
42 30 51
41 30 51
41 30 50
42 31 50
42 31 51
42 31 51
41 30 50
42 32 51
42 31 51
42 31 50
41 31 50
42 31 51
41 30 51
42 30 51
43 30 51
42 30 51
42 30 51
43 30 50
43 30 50
41 31 50
42 31 51
41 30 50
42 29 51
42 30 50
41 30 50
41 30 51
42 30 51
42 30 50
43 30 50
42 30 51
43 32 52
42 31 52
41 29 51
42 31 50
41 30 49
42 29 51
41 31 52
42 31 51
42 30 50
43 32 51
41 29 51
42 30 50
42 30 51
42 32 51
42 30 50
41 29 50
41 30 50
43 31 51
42 30 52
42 30 50
42 30 51
41 30 51
43 30 50
42 30 50
42 30 50
43 30 50
42 30 50
42 29 50
42 29 51
43 29 50
42 30 51
42 30 50
42 30 50
43 31 51
42 31 50
42 29 52
42 31 50
41 30 50
41 30 52
42 29 51
42 30 50
43 31 50
43 31 50
42 29 50
42 30 51
42 30 51
42 29 52
42 30 50
42 30 51
43 30 49
43 31 49
42 31 50
42 30 50
41 29 51
42 30 51
41 30 50
42 31 51
42 31 50
41 31 51
42 29 51
42 31 50
42 31 50
42 30 50
43 32 50
42 31 50
42 31 51
42 30 51
42 31 49
43 30 50
42 30 51
43 30 50
41 30 49
42 31 50
42 30 50
43 30 51
42 30 50
42 31 51
42 30 50
43 30 51
43 31 51
42 31 50
42 30 51
42 31 50
42 30 51
43 30 50
41 31 50
42 31 51
42 31 51
42 29 51
43 31 50
42 30 51
41 31 51
42 30 51
43 31 51
41 31 51
41 29 50
42 30 50
41 30 49
42 30 50
42 31 51
41 30 50
42 31 50
43 30 50
42 30 51
42 30 51
42 31 51
42 31 50
42 30 50
41 30 50
43 29 50
42 30 51
41 31 51
43 30 50
42 30 50
41 30 50
42 30 51
42 30 51
43 31 51
41 31 51
42 30 50
42 31 51
42 29 51
42 30 50
42 30 51
42 29 51
41 31 50
41 30 50
42 29 50
42 31 50
42 31 51
41 30 50
41 30 50
42 30 50
41 31 51
41 31 50
41 31 51
42 30 51
42 31 50
41 32 49
42 30 50
41 31 51
42 30 51
42 30 51
42 29 51
42 30 50
42 30 50
42 29 50
42 32 51
42 31 51
42 29 51
41 29 50
43 30 50
42 30 50
42 30 50
42 29 51
42 31 50
42 30 50
42 29 51
41 30 50
42 30 50
43 30 50
41 31 50
42 30 50
42 31 51
43 30 51
42 30 50
41 31 50
42 29 51
43 29 50
41 31 51
42 30 51
42 30 50
43 30 51
43 30 50
42 29 51
41 31 50
41 30 51
43 30 50
43 30 51
42 30 50
42 30 50
42 30 51
42 30 50
42 29 50
41 30 50
41 30 50
43 30 50
43 30 50
41 31 52
42 31 50
41 29 52
41 29 51
42 29 50
43 30 50
42 31 50
42 31 49
42 30 50
42 29 51
42 29 50
42 30 51
42 31 51
42 31 50
42 30 51
42 30 51
42 30 51
42 31 50
42 30 51
42 30 51
41 31 50
42 29 50
42 31 50
43 30 49
42 29 50
42 30 49
42 29 50
42 29 51
42 30 50
43 29 51
42 29 50
42 29 49
41 28 51
43 30 50
41 30 51
42 30 50
43 28 51
41 31 51
42 29 51
42 28 51
42 30 49
43 29 50
43 29 50
42 29 49
42 28 50
42 28 50
42 31 51
42 28 50
43 28 50
41 27 51
42 28 51
43 28 50
42 29 49
43 27 49
42 28 48
42 28 49
42 27 50
42 29 51
41 28 50
43 28 50
43 29 49
43 28 50
42 29 49
42 28 49
42 28 50
42 28 51
42 27 52
42 27 51
43 28 48
44 28 49
43 30 49
42 30 51
43 29 50
42 28 51
42 29 49
42 28 50
43 29 49
42 28 51
43 29 50
42 29 50
42 29 51
43 30 49
42 28 50
41 29 51
42 28 50
42 28 50
43 28 51
42 29 49
42 29 51
42 28 51
43 28 50
42 29 50
43 30 49
42 28 51
42 29 51
44 29 51
43 28 51
42 29 51
42 29 50
41 28 50
42 28 49
42 29 49
42 27 50
43 28 50
43 30 50
41 30 50
42 28 51
42 29 52
42 28 51
42 28 51
42 28 49
43 29 50
44 28 49
43 29 48
43 27 49
43 29 49
43 28 49
42 28 50
43 28 50
43 28 49
43 28 50
43 27 49
42 29 49
43 28 49
43 28 51
42 27 49
43 28 50
42 28 49
42 30 49
42 28 51
42 29 49
43 28 49
44 27 50
42 27 50
42 29 50
43 29 49
43 30 49
43 29 49
44 29 50
43 28 51
43 28 50
43 29 50
42 30 50
43 29 49
42 29 49
42 29 50
43 28 49
42 29 50
43 28 49
42 29 50
42 29 50
43 30 50
41 30 50
41 29 51
42 30 49
43 29 50
44 28 50
43 29 50
43 29 50
41 28 50
42 28 51
42 29 49
42 28 50
43 30 51
42 29 50
42 30 49
42 28 50
42 28 51
42 29 51
42 30 49
42 28 49
43 28 48
42 27 48
43 28 51
43 30 51
43 31 51
42 29 50
43 30 51
41 29 49
42 28 51
42 28 51
42 29 51
43 29 50
43 29 50
42 30 51
43 30 50
42 28 49
42 29 50
42 29 50
42 29 50
42 29 50
43 28 50
41 29 50
42 28 50
42 29 50
42 29 49
42 30 50
43 30 51
41 27 50
42 30 51
43 30 51
43 30 51
42 29 51
42 30 51
43 28 50
43 29 48
42 30 49
43 30 50
43 29 50
42 30 52
42 29 50
43 30 50
43 30 51
43 29 51
42 29 51
42 31 50
41 30 50
42 31 50
43 30 50
42 30 50
42 30 50
42 30 50
42 30 51
42 31 50
42 31 49
42 30 49
42 31 50
42 30 51
41 30 50
41 30 51
41 32 51
42 30 50
41 30 50
42 31 50
42 30 50
42 31 51
41 30 50
43 31 50
42 31 51
42 30 50
41 30 52
42 30 51
43 31 50
41 31 50
42 30 50
43 30 50
42 30 50
42 29 50
43 31 50
42 29 52
42 31 51
42 30 51
42 30 51
42 31 50
42 31 51
43 30 50
41 31 51
41 30 50
42 31 50
42 31 51
41 31 50
41 31 51
41 31 50
43 32 51
42 31 51
43 31 50
42 30 51
41 30 51
42 30 49
42 30 50
41 31 51
42 31 51
42 31 50
42 30 50
43 32 50
41 32 51
42 32 51
42 32 51
43 31 51
42 31 51
41 31 50
42 32 51
41 32 52
41 32 52
41 32 50
41 31 51
42 32 50
40 31 51
42 32 51
41 32 51
42 31 49
41 33 52
42 31 52
41 32 52
41 32 51
42 32 52
42 32 52
41 32 52
43 33 51
41 34 50
40 33 51
41 34 50
42 32 51
42 32 51
42 33 51
42 32 51
41 34 50
42 33 50
41 32 51
41 33 51
41 32 51
40 34 51
41 33 52
41 32 51
41 33 52
41 33 51
41 32 51
41 33 50
42 32 51
39 34 52
41 35 51
41 34 50
41 33 51
41 33 51
41 33 52
42 33 51
42 32 51
42 31 50
42 34 51
41 32 51
41 32 50
41 31 51
42 31 51
41 31 51
42 32 52
42 31 51
43 30 49
42 30 48
43 29 48
42 29 50
42 28 50
44 29 49
42 29 50
43 27 50
41 29 49
43 27 49
42 28 49
43 28 50
42 28 50
43 30 50
42 31 50
42 30 51
41 32 53
39 30 53
42 29 51
41 29 50
43 31 50
43 29 50
42 31 51
42 30 48
42 31 49
42 32 49
42 33 51
42 35 51
41 34 51
41 35 51
42 34 52
41 34 52
39 35 52
40 36 52
40 36 50
41 35 51
39 36 51
42 37 51
40 35 51
41 33 50
41 34 51
40 35 51
41 36 51
40 35 51
41 35 51
40 35 51
41 36 52
40 36 51
41 33 51
41 36 52
41 35 51
41 33 50
41 35 50
40 34 51
41 33 51
42 34 52
41 33 51
40 34 51
41 32 50
42 33 51
41 32 50
41 32 50
42 34 52
40 33 50
41 33 51
41 33 50
41 32 52
42 32 52
41 32 52
41 32 51
42 31 52
41 32 52
40 32 52
40 32 51
41 31 50
42 32 51
41 32 52
40 32 51
40 31 52
42 32 52
41 31 50
41 32 51
41 32 51
41 32 51
40 31 51
42 31 52
41 31 51
41 32 50
41 31 51
42 32 51
41 31 50
42 30 51
41 32 52
42 31 50
41 31 51
41 32 52
42 32 50
41 31 51
41 30 50
41 30 52
43 30 50
41 30 50
41 31 51
41 31 52
40 30 52
42 32 50
42 30 51
40 32 51
42 31 51
41 30 50
42 30 50
41 30 51
41 31 50
42 30 51
40 31 51
41 31 51
41 31 51
42 32 51
42 31 50
42 31 51
41 32 52
42 31 51
41 30 52
42 31 50
42 30 51
42 31 50
41 31 51
41 32 50
40 31 51
40 31 52
42 31 51
42 31 50
42 31 51
42 31 50
42 31 52
41 32 50
40 31 52
41 30 52
41 31 51
41 32 51
41 31 51
41 31 51
41 31 51
42 31 50
41 31 51
42 30 51
41 31 52
42 30 51
41 31 51
41 31 51
42 32 51
42 31 51
42 31 50
41 31 51
41 31 51
41 31 51
41 31 51
41 32 51
41 32 51
42 31 50
42 30 50
41 31 51
41 31 51
41 31 50
42 31 50
42 31 51
41 32 52
41 31 51
41 31 50
41 30 51
41 30 51
40 31 51
41 31 51
42 32 50
41 32 51
42 31 51
41 31 51
41 30 51
40 30 51
41 30 50
41 31 50
40 30 50
41 31 52
42 32 51
41 30 50
42 32 51
41 32 51
41 31 52
41 30 51
42 31 51
41 30 50
42 30 50
41 31 51
41 32 50
41 31 51
40 30 50
40 30 50
41 31 51
41 31 51
39 31 51
41 30 51
41 31 51
41 31 51
41 31 50
42 31 51
41 31 51
41 30 51
41 31 50
41 30 51
41 31 51
42 31 50
41 31 52
41 31 51
42 30 51
42 29 51
42 31 51
41 32 52
41 31 51
41 30 51
41 31 51
42 31 51
41 30 51
40 30 52
41 31 51
41 31 51
41 30 51
42 32 50
42 30 49
42 31 49
40 31 50
42 29 51
42 29 51
42 30 52
42 30 51
42 31 51
43 31 51
42 30 51
42 28 51
44 30 51
41 31 51
41 30 51
42 30 51
42 30 50
41 30 51
41 30 50
41 30 51
42 31 50
42 30 50
41 31 51
42 32 51
41 29 50
42 32 50
41 31 51
41 31 51
41 31 50
41 29 51
40 30 50
41 30 50
41 30 52
41 29 50
41 30 51
43 30 52
40 31 50
43 29 52
42 31 51
42 31 51
42 30 51
42 32 51
41 30 51
43 32 51
42 29 51
41 31 50
41 30 50
42 31 51
42 31 52
42 30 50
42 31 51
41 30 50
40 30 51
42 31 51
42 31 50
41 31 51
41 30 50
41 31 50
41 30 52
41 31 51
42 29 51
42 30 51
41 30 51
41 30 51
41 30 49
41 32 50
41 30 50
41 31 50
41 32 51
42 30 51
42 31 51
41 30 51
41 30 51
40 30 51
42 30 51
42 31 51
42 31 51
40 31 51
41 30 50
42 31 51
42 32 50
41 30 51
42 30 51
41 30 51
41 31 52
41 30 51
42 31 50
41 31 50
42 30 50
40 30 51
41 30 51
42 29 50
41 30 51
41 31 51
42 32 51
40 30 51
42 31 51
42 31 52
41 31 51
42 31 51
40 31 51
41 30 50
41 30 50
42 31 50
41 30 51
42 32 51
41 29 51
41 32 51
42 30 51
41 31 51
40 30 51
41 32 50
40 28 51
41 30 51
42 31 51
41 30 51
41 29 51
40 29 51
42 32 51
41 32 51
41 30 51
41 30 51
41 31 51
42 32 51
41 30 50
42 31 50
41 31 50
42 32 51
42 31 49
40 30 50
41 29 50
41 30 52
41 31 51
41 29 50
41 31 50
42 30 51
41 30 51
43 31 50
42 30 50
42 29 51
41 30 51
41 30 51
41 31 50
41 30 51
42 31 50
41 30 50
42 31 51
40 28 51
41 31 51
41 31 51
41 31 51
40 30 50
42 30 50
41 31 50
42 31 51
41 31 50
41 31 51
41 29 50
41 29 50
42 30 50
41 30 50
40 30 51
41 30 50
42 30 51
43 31 51
42 31 51
42 31 51
41 30 51
42 29 50
41 30 52
42 31 51
41 31 52
42 30 50
41 30 51
41 31 51
41 31 51
40 31 50
41 31 50
42 31 50
42 30 51
41 30 50
41 31 52
42 31 50
41 31 51
41 32 51
41 31 50
42 30 51
41 31 51
41 30 51
41 31 51
41 29 52
42 31 51
41 32 51
40 30 51
42 31 50
40 31 51
41 31 51
42 31 52
42 31 51
41 31 51
42 30 50
42 31 50
42 30 50
42 30 51
41 31 51
41 30 51
42 31 51
42 31 51
42 30 51
42 29 50
40 31 51
42 31 51
41 31 51
42 31 50
41 31 50
41 30 51
42 30 51
41 31 51
41 30 51
41 31 52
41 30 50
41 30 51
41 31 50
41 30 51
42 32 50
42 30 51
40 31 51
42 31 50
41 31 51
41 31 51
41 31 50
41 31 51
41 31 50
42 31 52
41 30 51
41 30 51
42 31 51
41 30 50
40 30 51
40 31 52
42 30 52
42 32 51
41 30 51
40 30 51
42 31 51
41 31 51
41 31 50
42 31 51
42 31 51
41 32 51
41 30 50
40 30 52
41 31 52
41 30 51
41 30 51
42 29 51
42 31 51
42 31 50
42 30 50
41 30 50
41 30 50
42 30 51
41 31 51
41 31 52
41 31 51
42 31 51
40 31 51
41 31 51
42 31 51
41 31 51
41 31 51
41 32 51
41 31 52
41 31 51
41 31 51
41 31 51
42 30 51
42 31 50
41 31 51
41 29 51
42 32 51
41 30 52
42 30 51
43 29 50
42 30 51
42 31 50
40 30 50
41 30 52
41 29 51
41 31 51
42 30 49
41 29 50
43 30 51
41 30 50
41 31 50
41 30 52
41 29 50
42 29 50
41 30 51
42 30 51
42 29 50
42 29 51
42 31 50
41 30 49
41 31 50
42 30 51
42 28 51
42 30 51
41 30 51
42 30 50
42 31 51
42 30 51
41 30 51
42 29 51
41 30 51
41 29 50
41 30 51
41 29 50
41 28 50
42 30 50
42 29 51
42 30 50
42 30 51
42 31 51
42 30 51
41 32 50
41 31 51
41 30 51
41 29 51
42 30 51
42 30 50
40 30 50
40 31 51
41 30 49
42 31 50
40 31 52
42 30 50
42 30 50
42 30 50
42 31 51
41 29 50
40 29 50
42 30 50
42 29 51
42 31 51
43 31 51
43 30 51
42 30 51
42 29 51
41 30 51
42 31 50
41 30 51
40 30 51
41 30 51
41 30 50
41 29 50
40 29 51
42 31 50
41 30 50
42 30 51
40 30 51
43 30 51
41 31 51
41 30 51
41 30 50
41 29 50
41 30 50
42 30 50
41 30 51
41 30 51
42 31 51
41 32 51
41 30 51
41 31 51
42 29 50
40 31 51
40 29 51
42 31 50
41 31 50
42 31 51
41 30 50
41 30 51
40 30 50
41 31 51
42 28 50
41 30 50
41 31 51
41 30 51
41 30 50
41 32 51
42 31 51
41 29 51
41 31 50
40 29 50
41 30 51
41 31 51
41 30 50
42 31 51
42 32 52
41 29 51
40 30 51
41 32 51
41 31 51
41 30 50
42 32 51
40 31 50
42 31 51
41 30 51
42 29 51
41 30 51
42 30 50
42 30 51
41 31 50
40 30 50
42 30 51
41 30 52
42 31 50
41 29 51
42 30 51
40 32 52
41 30 51
41 30 50
41 30 50
42 30 51
40 30 51
41 30 51
41 30 51
42 30 51
43 31 50
42 30 51
42 31 50
41 30 51
42 31 51
42 31 51
41 31 51
40 31 50
42 30 50
42 31 52
41 30 52
42 31 51
41 30 51
41 31 50
41 30 50
41 30 50
40 30 50
40 30 50
40 30 51
41 31 50
41 30 50
42 30 50
41 30 50
41 30 51
41 30 51
40 29 50
41 30 51
41 30 50
41 31 50
42 30 51
40 30 52
42 31 51
41 30 51
41 30 51
42 30 51
41 30 50
41 30 51
41 28 51
41 31 51
40 29 51
41 30 49
42 29 51
42 31 50
42 30 51
41 31 51
42 30 51
41 30 51
43 31 50
41 30 51
41 31 52
41 30 51
41 30 51
41 31 51
43 31 51
40 30 50
42 30 50
42 29 50
42 30 50
41 29 51
42 30 50
41 29 51
41 29 51
42 30 50
42 31 50
41 29 51
41 30 50
41 29 51
41 30 51
41 30 49
41 31 52
42 31 50
42 30 51
42 30 50
42 30 51
42 30 51
41 31 51
41 31 51
41 30 50
42 30 51
41 30 51
41 30 51
42 31 51
41 31 52
41 31 51
41 32 52
41 30 51
42 30 51
42 30 50
41 31 51
43 31 51
40 30 51
41 31 51
42 30 51
42 31 50
43 30 51
41 29 50
41 30 51
41 31 50
41 29 51
43 30 51
43 32 53
42 31 52
42 30 51
43 31 50
41 32 51
41 30 51
41 30 51
43 30 50
41 31 51
41 31 51
42 31 49
41 32 51
42 30 50
42 31 50
41 29 50
41 29 50
42 30 51
42 29 50
42 29 49
42 29 50
41 29 50
40 30 51
42 31 51
42 30 50
42 29 51
41 30 51
40 27 49
41 28 50
41 29 49
40 29 49
41 28 49
41 28 50
40 27 52
42 28 50
40 28 51
41 28 51
41 28 51
41 28 51
41 28 52
42 29 50
41 28 51
41 29 51
40 30 50
41 28 50
41 29 51
41 29 50
41 28 50
41 28 50
41 27 50
43 27 50
42 27 49
42 28 50
42 29 51
41 29 50
41 29 51
42 28 51
41 29 51
42 30 50
41 31 50
42 31 51
43 29 51
39 29 51
42 31 50
42 30 51
42 29 51
42 29 49
41 29 50
42 29 51
42 28 50
42 29 51
42 29 50
42 28 50
42 30 50
42 30 50
41 29 51
44 29 51
41 30 52
41 29 50
43 31 50
42 29 50
42 29 50
41 29 49
41 29 50
42 29 50
41 28 50
41 28 50
40 28 51
40 28 51
41 27 49
42 27 49
43 27 47
44 27 48
42 26 50
44 27 48
44 26 48
41 27 49
44 26 49
44 27 49
43 28 50
43 28 50
43 27 51
43 27 50
43 27 50
43 28 50
42 28 49
43 26 50
42 27 51
42 28 48
44 28 50
43 28 49
44 26 49
43 29 49
44 27 49
43 28 51
43 28 49
42 27 47
43 27 47
43 28 50
43 29 49
42 27 49
42 27 49
41 26 50
42 28 49
43 28 50
42 27 50
44 27 50
43 28 49
44 27 50
43 27 49
44 27 49
44 27 49
43 27 50
44 27 50
44 28 50
43 28 49
42 28 50
42 28 50
41 29 49
44 28 49
42 28 49
43 28 49
43 28 50
43 27 50
43 28 50
41 30 50
42 28 50
42 28 51
42 29 50
43 28 49
41 29 50
42 29 49
42 28 49
44 27 50
42 27 50
44 28 50
42 28 50
43 27 50
43 28 50
44 27 50
43 27 49
43 28 50
43 28 49
43 28 51
42 29 51
43 31 50
42 28 50
43 30 49
43 30 50
43 30 52
43 30 50
44 29 51
43 30 50
43 29 50
43 28 49
43 26 51
43 26 51
42 26 51
43 26 52
43 26 53
43 27 52
43 26 51
43 27 50
42 28 49
43 29 51
43 30 49
41 31 47
42 32 46
41 37 49
41 35 48
42 36 44
39 40 47
38 40 50
37 38 45
36 41 49
34 42 49
32 41 49
29 43 51
29 41 52
28 40 53
27 39 54
27 39 54
27 36 55
29 36 55
28 34 55
27 42 55
28 32 56
28 31 53
29 32 53
29 30 52
28 30 52
30 30 53
29 29 52
29 30 51
30 30 52
28 29 51
30 31 52
29 34 55
29 32 51
28 29 52
29 31 53
28 30 53
29 28 53
27 27 53
29 24 52
27 24 52
27 25 54
26 24 53
25 26 51
25 27 52
27 28 52
27 30 52
28 32 51
32 37 51
34 33 50
39 36 48
39 33 47
40 33 49
39 32 49
40 30 49
39 30 51
41 30 51
38 28 51
38 30 53
36 29 53
35 31 53
34 30 53
32 32 52
32 32 56
31 31 57
33 22 56
37 16 54
38 20 48
37 18 42
33 14 43
35 31 51
23 47 62
28 27 58
33 25 49
35 28 53
35 29 56
35 27 54
34 30 53
34 31 52
34 32 52
35 30 51
35 32 52
36 32 52
33 32 51
34 33 51
33 34 52
33 37 53
35 32 52
36 29 51
38 29 51
37 33 53
38 30 53
37 31 51
38 31 51
36 28 52
35 26 51
37 28 53
37 27 53
35 26 53
35 25 52
35 25 52
35 26 53
35 27 54
35 26 53
36 26 51
35 27 52
35 27 52
36 27 52
35 26 52
35 26 52
36 28 52
36 27 52
35 27 52
37 25 52
35 27 52
36 27 52
34 27 51
36 27 52
36 27 51
36 27 52
36 26 51
36 26 51
36 26 52
36 26 52
37 26 51
36 26 52
36 26 52
37 26 52
35 27 51
36 26 51
34 25 51
36 27 51
37 27 51
36 27 51
35 26 52
36 26 51
