13 39 38
13 39 38
13 37 40
14 38 39
15 38 40
14 35 39
14 37 40
13 37 40
11 36 38
11 36 38
12 35 39
13 35 40
15 35 40
13 37 39
11 37 41
11 39 41
12 36 41
13 34 41
13 32 44
14 30 48
13 33 46
15 39 45
18 43 46
19 44 43
22 49 39
25 52 38
29 53 36
33 53 35
35 55 38
34 55 39
34 55 40
35 52 41
34 51 38
35 50 39
33 52 40
33 53 39
33 52 36
33 53 40
35 52 41
34 49 42
36 50 40
36 52 40
35 49 40
38 49 40
37 48 41
37 51 39
35 51 40
36 50 42
37 50 40
35 49 41
34 50 41
33 48 43
33 49 44
31 49 45
32 49 44
33 47 45
33 48 46
32 46 47
32 44 46
33 46 48
33 46 48
31 44 48
31 44 49
31 46 49
29 45 49
32 45 50
31 45 50
30 42 51
32 46 50
30 46 49
31 47 48
29 46 47
31 47 47
31 45 46
29 43 46
30 42 47
29 41 50
29 42 50
30 45 50
28 45 50
26 44 49
30 48 48
27 43 48
28 43 49
27 43 49
29 43 49
29 44 48
28 45 49
28 47 48
28 47 50
29 49 48
28 46 47
29 51 41
30 53 40
30 52 41
32 51 41
33 54 39
34 53 37
35 53 37
35 52 38
34 53 37
38 51 40
38 51 39
37 50 38
39 53 42
42 50 43
43 44 44
44 43 43
41 45 43
39 44 42
41 44 42
40 43 43
42 47 44
40 45 45
41 45 42
43 46 39
43 48 39
44 46 37
46 44 38
48 47 37
50 44 39
50 42 41
52 45 40
51 47 42
50 47 42
49 48 41
46 47 40
45 50 40
45 50 39
45 48 41
44 48 40
43 48 40
43 48 42
42 54 44
41 46 46
41 47 43
42 46 44
42 46 45
42 44 45
42 39 45
42 40 45
43 39 49
43 41 45
45 39 47
46 40 44
48 46 44
50 44 42
50 43 41
51 44 39
52 48 37
52 44 39
51 43 37
53 40 37
54 39 35
55 37 36
53 35 36
54 34 35
54 30 35
53 31 34
52 30 37
52 30 38
52 27 36
51 29 41
51 32 45
53 33 42
54 33 39
54 35 36
52 35 34
51 33 38
51 30 43
52 31 42
54 32 39
54 31 36
55 32 34
53 34 34
54 35 37
52 34 42
53 34 45
51 32 42
54 33 38
53 33 35
54 33 38
53 32 39
53 31 39
53 32 39
53 32 39
54 32 38
52 32 38
53 30 38
53 31 38
52 33 39
52 32 38
52 32 38
52 32 37
52 33 40
53 33 38
53 34 38
53 33 38
53 33 38
53 33 39
52 33 39
53 33 39
53 33 38
53 32 39
53 32 38
52 34 38
52 33 38
53 32 38
53 31 38
53 33 39
53 32 38
53 32 39
54 33 37
53 33 38
53 32 38
53 33 38
53 33 38
53 32 39
53 32 37
52 31 38
54 33 38
53 31 38
53 33 38
54 32 38
54 33 37
52 31 38
52 33 39
53 33 38
52 32 39
53 33 38
53 32 37
53 33 38
53 34 38
52 33 37
53 32 39
53 33 37
52 33 38
53 33 38
53 32 37
52 32 38
52 33 39
53 32 38
52 32 37
53 34 37
53 34 38
54 34 38
53 33 37
52 33 38
53 32 38
51 33 38
52 33 38
53 33 39
54 32 38
53 33 38
52 33 39
53 32 38
52 32 38
53 31 37
53 33 38
54 33 38
53 32 38
52 33 39
53 33 39
53 33 37
53 32 38
52 33 38
53 31 37
53 33 38
53 32 38
53 33 38
53 32 39
53 32 39
53 33 39
53 32 37
52 32 37
53 32 36
52 33 37
53 33 37
53 33 38
52 33 37
54 33 37
52 31 37
54 32 37
53 33 39
53 33 38
53 33 38
54 33 38
53 33 37
54 34 37
52 33 37
53 32 37
52 31 38
54 32 37
53 32 38
53 32 38
53 33 38
54 33 38
52 33 37
54 33 37
53 32 38
53 33 37
53 31 38
53 32 38
53 33 38
54 33 38
51 34 37
53 32 38
52 33 38
53 32 38
52 31 38
53 33 38
53 32 38
53 32 38
53 33 38
54 32 37
53 32 37
53 33 37
53 32 37
53 31 38
52 30 39
52 34 40
51 31 40
53 32 39
52 32 37
54 32 38
52 34 38
53 31 39
51 32 38
52 32 39
53 33 38
53 31 38
53 31 38
52 32 38
53 30 39
53 32 37
53 32 38
54 32 36
53 31 36
53 31 37
52 31 37
53 31 36
53 30 37
53 31 37
54 31 36
53 31 36
52 30 36
54 31 35
54 31 36
53 31 38
53 30 37
52 30 37
52 31 37
53 31 37
53 31 36
53 31 37
54 31 36
53 30 36
53 30 37
53 31 35
53 31 35
52 29 37
54 29 38
53 29 38
53 28 38
53 29 38
52 28 38
53 28 37
53 29 38
52 29 38
51 28 37
53 27 37
53 28 37
52 29 37
53 30 37
53 28 38
53 29 37
53 30 36
54 28 37
53 29 36
52 30 36
53 29 38
53 30 38
52 29 38
53 30 38
53 31 38
52 31 38
53 32 37
52 30 38
53 31 39
52 32 39
53 32 39
54 33 38
52 32 39
53 32 38
54 32 38
52 33 40
52 33 39
53 30 38
52 32 40
53 33 40
52 32 39
53 31 38
52 33 38
53 32 39
52 32 39
53 31 39
52 32 39
53 32 40
52 32 39
54 32 38
53 31 40
53 33 40
54 33 38
54 33 38
53 33 38
55 33 38
53 32 38
53 32 39
50 33 39
52 32 37
54 31 37
52 30 40
53 32 41
53 33 42
52 32 43
53 33 42
52 32 43
51 30 43
51 31 41
51 30 41
54 32 39
55 31 39
52 33 40
52 32 42
51 32 42
48 31 43
48 31 43
51 30 43
49 33 43
46 31 40
43 31 39
44 35 43
44 37 45
44 38 44
47 38 44
51 39 42
52 36 42
51 35 41
53 33 42
54 35 42
55 34 42
57 37 40
57 36 40
55 35 40
52 35 38
52 38 38
53 36 38
54 36 39
54 36 40
52 37 40
53 37 39
50 38 40
50 36 41
51 37 42
50 37 43
48 37 42
49 36 44
51 36 44
50 37 43
51 37 42
50 38 42
50 37 43
51 36 43
51 37 42
51 38 42
52 38 42
50 38 42
51 38 41
51 38 42
51 37 41
52 37 40
51 38 42
52 39 42
50 37 41
51 38 41
51 38 42
49 37 42
51 37 40
51 38 41
51 39 41
51 38 42
50 39 41
52 38 42
50 38 42
53 39 42
51 38 42
51 38 42
50 39 42
51 39 41
50 40 41
50 37 41
52 38 42
50 39 41
51 38 42
51 39 41
51 39 42
50 38 42
51 38 42
50 38 41
50 39 41
51 39 41
50 38 41
52 38 42
52 39 42
52 41 43
51 39 42
50 39 42
50 39 42
50 38 39
50 37 40
50 39 41
51 38 41
52 38 42
52 37 41
50 37 41
51 37 41
50 38 41
51 37 41
52 38 41
51 38 41
51 38 41
51 36 42
50 37 41
51 39 40
52 37 41
50 37 42
51 38 41
51 38 41
51 38 42
51 37 43
51 37 44
50 38 44
50 38 41
50 37 41
50 38 42
51 37 41
51 37 42
51 38 43
51 38 42
50 37 41
49 38 41
50 38 42
51 38 42
52 38 42
51 37 41
51 39 40
52 37 42
51 36 43
52 37 43
51 37 42
51 36 42
52 37 42
52 35 41
50 36 41
51 37 40
51 35 40
52 35 40
53 36 40
53 36 40
53 35 41
52 36 39
53 35 38
52 34 37
53 33 37
52 32 35
53 32 35
54 32 35
54 34 35
53 32 35
54 32 36
54 32 36
52 33 36
52 32 36
52 30 38
54 30 37
54 30 36
53 30 36
53 31 36
52 29 36
53 30 38
53 31 38
51 32 39
53 32 39
54 33 37
53 32 38
53 33 37
53 33 38
52 32 38
52 31 38
52 32 37
52 33 38
51 32 38
53 33 38
54 34 37
53 32 36
54 34 37
54 34 38
52 33 39
52 34 38
53 34 37
54 34 37
53 34 36
52 34 38
54 35 39
53 34 37
52 35 37
53 35 37
52 35 37
53 35 38
53 38 37
53 36 37
52 36 38
53 36 37
53 38 38
53 37 37
53 37 37
52 37 37
52 36 37
52 37 38
53 37 38
52 36 37
51 37 39
53 36 38
53 36 38
53 37 38
54 36 37
52 35 38
53 35 38
53 36 37
53 36 38
52 36 38
53 38 39
53 35 37
53 36 37
54 36 37
53 36 37
52 36 37
53 35 38
53 35 38
53 34 37
53 36 37
53 34 37
53 34 37
53 35 37
54 34 37
53 34 38
53 34 38
54 35 37
53 36 38
52 34 37
53 35 36
54 35 37
54 35 37
53 35 37
53 35 38
52 36 36
53 35 37
52 34 37
53 35 37
54 36 37
53 35 37
52 34 37
53 36 37
53 34 38
54 35 37
53 35 37
52 33 36
53 35 37
53 35 37
53 35 37
52 34 38
52 35 37
53 35 38
53 35 37
53 35 36
53 34 38
53 35 37
54 34 37
53 35 37
54 35 37
55 34 37
53 35 36
53 34 37
53 34 37
52 35 36
54 35 36
53 34 37
54 34 37
54 35 36
53 36 37
53 34 37
52 35 37
52 34 37
53 35 36
54 35 36
53 35 36
53 35 37
52 35 38
53 36 37
53 35 37
52 35 37
54 35 38
54 36 37
54 35 36
53 33 37
54 34 37
53 35 37
53 35 36
53 35 37
53 34 37
54 35 37
52 36 37
52 35 37
54 35 37
53 36 38
53 34 37
52 36 37
53 35 38
54 35 37
53 35 39
53 34 39
54 36 37
53 35 38
52 36 38
53 34 37
54 34 37
53 35 37
55 36 36
52 35 37
53 34 38
53 35 37
53 33 37
53 35 37
54 33 37
54 35 36
53 33 37
52 35 37
53 33 38
54 34 38
54 34 38
54 35 37
53 35 38
53 35 36
52 34 38
53 35 38
54 36 37
53 35 37
53 34 38
53 36 39
52 35 38
52 35 38
53 36 38
51 35 38
52 35 37
52 35 38
52 35 38
54 34 38
53 35 38
52 36 37
53 35 38
53 35 38
53 34 38
53 36 38
53 36 38
52 35 38
54 35 37
54 36 37
52 36 37
53 35 36
52 36 38
52 35 38
53 34 39
53 36 38
53 36 38
53 34 38
54 37 38
53 35 38
53 35 37
53 35 39
52 35 37
52 35 38
52 36 38
53 34 39
52 35 38
53 34 38
53 35 33
54 37 34
54 35 35
53 34 38
53 35 37
53 35 37
54 36 36
54 34 37
52 35 38
52 34 40
53 34 38
51 35 37
53 35 37
52 34 40
54 33 39
54 34 38
54 34 36
52 34 38
53 35 37
53 33 38
53 33 37
51 34 38
52 33 38
54 33 38
52 33 38
52 33 38
52 34 38
53 35 37
54 34 37
53 34 37
53 34 37
53 36 38
54 34 38
55 35 38
54 36 39
53 35 39
55 33 45
54 34 42
57 34 43
60 33 44
56 31 43
55 29 40
51 29 44
45 32 43
42 31 42
41 32 36
41 35 37
40 35 37
43 31 40
45 27 42
49 30 44
48 26 44
48 29 46
44 28 52
46 38 49
48 42 46
54 44 47
55 41 47
54 35 44
54 35 46
52 34 48
51 35 50
52 41 48
52 42 42
52 41 39
51 39 39
51 34 41
50 31 41
50 29 41
50 29 43
48 30 46
49 34 44
50 36 43
51 37 44
49 38 46
49 37 47
50 35 48
49 35 44
51 34 45
49 34 44
50 35 43
49 34 42
49 35 43
50 36 43
49 36 44
50 35 46
49 35 46
49 35 46
48 33 45
49 34 43
49 36 44
50 34 44
49 34 45
49 35 46
51 34 46
51 33 46
49 33 43
49 33 44
50 33 42
50 34 42
51 31 42
51 33 43
50 35 44
50 33 45
51 36 45
51 34 43
50 33 43
50 32 43
51 32 42
51 32 42
50 32 42
50 33 43
50 32 43
50 32 44
50 32 44
50 33 43
51 32 43
51 33 43
50 32 44
50 33 43
50 33 43
51 33 42
51 34 42
51 35 41
50 34 45
50 33 47
49 32 45
50 33 44
51 33 44
52 33 42
51 34 43
50 34 42
51 33 43
50 33 43
51 35 43
51 33 43
51 34 42
50 33 44
51 34 42
50 32 43
52 34 44
50 34 44
51 36 44
51 34 43
51 34 40
53 34 40
53 35 39
52 34 41
51 34 42
50 32 40
51 34 38
52 34 41
52 35 42
54 39 42
52 36 41
51 35 40
52 34 41
52 33 39
52 35 42
51 32 43
51 34 42
50 35 41
52 36 42
52 34 42
52 34 42
50 32 42
51 31 41
51 31 41
51 35 42
51 36 44
52 35 43
51 33 42
51 31 40
52 31 41
53 33 41
53 34 41
53 33 40
53 33 41
51 33 40
51 33 43
50 32 42
51 31 40
52 31 39
51 32 40
51 33 42
52 35 43
51 35 44
51 36 42
53 33 42
51 35 41
51 34 41
53 33 42
52 34 41
52 34 42
51 36 40
53 34 41
52 34 43
52 34 42
52 33 42
51 32 41
52 34 40
53 32 41
53 33 41
53 33 39
53 33 40
52 34 44
51 32 45
52 31 45
51 32 41
51 31 41
51 32 40
51 33 41
52 33 42
51 33 42
52 33 42
51 32 41
51 32 40
51 33 41
51 33 41
52 32 41
51 32 40
52 32 41
51 33 43
52 32 41
51 33 41
51 32 42
52 33 40
52 32 42
52 32 43
52 32 42
52 33 41
51 32 41
52 32 41
52 33 41
51 32 41
52 32 41
53 33 41
52 31 41
51 33 40
52 32 41
51 32 42
52 32 40
52 32 40
51 33 40
52 33 42
51 31 41
52 32 41
54 32 41
51 32 41
52 31 40
52 33 41
52 33 42
52 32 41
53 31 41
51 32 40
52 32 40
53 32 41
53 33 41
52 31 41
53 33 41
52 32 41
51 32 41
52 33 39
52 34 40
52 32 41
52 32 41
52 32 41
52 33 41
53 34 42
51 34 42
52 33 43
52 32 41
51 31 39
52 31 39
53 31 40
53 32 41
52 34 41
53 35 43
52 35 43
52 31 41
53 32 39
52 30 38
53 32 38
51 34 41
51 35 43
52 34 42
52 35 40
53 33 40
52 33 39
51 32 40
52 33 40
53 33 40
52 32 40
53 33 42
51 33 41
53 32 41
51 31 40
52 32 40
52 32 40
52 32 40
52 31 40
53 32 40
53 32 40
52 32 40
52 33 39
53 32 40
52 32 41
53 32 40
52 33 39
53 33 39
52 32 41
52 33 41
52 32 41
52 33 40
51 33 41
52 34 41
52 31 41
52 32 40
52 33 41
51 31 41
52 32 40
53 33 40
51 32 40
52 33 41
52 32 41
52 33 40
52 33 40
52 33 40
52 33 37
53 33 38
56 36 42
54 34 42
53 34 41
54 31 42
54 31 43
56 34 46
54 31 45
52 31 47
52 31 45
52 33 44
50 31 42
48 31 41
51 32 43
52 31 44
52 27 44
51 27 44
50 28 44
50 29 43
50 29 42
48 31 42
47 28 39
45 27 39
46 27 38
46 28 39
46 28 40
47 26 41
50 27 43
52 26 43
53 25 44
54 24 43
52 26 40
52 26 41
49 24 39
50 24 37
51 23 37
50 25 37
49 27 36
50 27 37
49 25 39
49 27 39
51 26 40
50 25 41
51 25 39
51 26 39
52 26 39
52 27 38
53 25 38
53 26 38
53 26 38
53 25 38
53 27 39
52 27 38
53 28 38
53 28 38
55 27 39
54 28 40
52 29 39
54 27 39
54 27 39
53 27 40
52 28 40
52 27 39
51 27 40
50 27 39
51 26 40
51 27 40
50 27 39
51 28 39
50 26 39
50 26 40
50 25 41
50 24 40
50 25 40
49 25 41
50 24 40
50 25 41
49 25 41
50 25 40
49 26 41
50 26 42
50 29 43
51 28 43
50 28 44
49 28 44
50 28 43
49 28 43
51 27 42
50 27 43
51 27 43
50 27 43
50 27 42
50 27 43
50 26 43
49 27 42
50 28 42
48 27 43
49 26 42
50 27 43
50 27 44
50 27 44
50 27 44
49 27 44
50 27 45
50 26 44
49 29 43
49 28 43
48 28 45
48 27 43
46 27 43
46 26 43
47 24 43
49 27 44
50 25 44
51 29 45
54 31 44
54 32 45
55 34 44
52 36 44
50 39 43
47 42 44
44 42 44
41 42 45
38 45 47
36 44 51
34 44 48
33 44 50
35 41 53
35 40 53
37 41 52
39 38 52
39 39 51
39 37 52
39 37 52
37 38 55
36 44 55
35 44 60
36 36 53
40 29 50
41 36 46
36 38 48
39 41 50
38 41 52
38 43 52
36 38 51
38 37 50
36 37 52
37 37 48
37 37 50
38 36 52
38 41 53
39 43 51
39 36 52
38 38 54
39 39 53
37 32 51
39 31 51
36 34 52
37 38 54
34 33 56
31 31 56
25 43 53
19 49 57
26 47 54
32 47 50
36 44 48
41 38 46
42 34 40
44 31 40
47 27 39
46 31 39
43 31 41
42 25 47
39 29 49
36 33 50
29 35 54
24 39 53
23 44 56
20 44 54
18 45 50
15 43 46
11 38 49
07 51 61
13 56 53
19 52 44
22 48 40
25 46 42
25 48 42
24 47 43
20 47 45
21 45 44
19 45 46
21 43 45
22 45 46
23 44 47
23 44 49
25 46 47
26 47 43
26 43 45
27 47 45
28 42 45
29 39 46
27 41 50
28 40 47
29 42 46
27 44 46
28 45 45
26 47 47
26 49 46
25 51 47
16 50 46
15 46 52
18 49 48
23 49 41
24 42 41
22 41 40
21 40 41
19 46 44
19 45 42
19 48 42
18 45 44
21 44 44
21 45 43
22 46 42
23 46 42
22 46 44
21 46 43
21 45 44
23 47 44
24 49 43
25 51 44
26 51 44
24 50 43
26 50 44
24 50 43
25 50 43
24 49 43
25 49 44
27 49 44
25 47 45
24 49 45
25 47 45
24 48 43
24 48 44
25 47 44
24 47 44
25 47 44
26 47 45
24 48 45
24 48 44
24 48 43
25 47 44
25 50 45
25 48 44
23 47 45
22 47 43
22 46 44
21 47 43
21 49 43
20 49 43
20 48 42
