24 38 50
24 38 50
24 38 50
22 38 53
24 40 55
26 40 53
26 42 56
27 42 54
31 39 53
31 38 52
32 40 52
30 38 51
30 37 53
29 34 54
30 36 53
33 38 48
29 38 50
30 38 53
30 38 53
30 42 51
32 38 52
31 36 54
31 36 53
33 36 54
33 35 53
30 34 53
31 33 53
32 32 51
30 32 55
31 33 52
30 34 53
27 34 54
26 34 49
26 34 49
26 33 49
25 33 46
26 31 45
25 30 47
23 32 47
23 29 48
24 31 50
23 32 52
22 33 53
22 32 52
20 31 51
19 35 52
21 31 52
23 31 53
22 33 54
23 34 53
22 30 53
22 35 50
20 32 55
23 31 54
21 33 56
21 33 53
21 34 50
24 37 50
24 36 52
26 37 48
28 38 48
27 40 50
31 44 43
35 45 47
38 41 46
43 41 46
46 42 46
46 38 48
47 38 49
48 36 48
49 38 48
50 38 49
49 38 48
50 39 47
49 37 47
49 37 46
49 37 46
48 35 46
46 35 45
46 34 45
46 34 44
48 33 45
49 31 44
48 32 45
48 32 45
46 30 46
47 32 45
49 33 46
50 33 44
49 35 46
49 33 46
50 33 44
50 34 45
50 33 45
51 34 45
50 35 47
50 36 46
49 36 45
49 38 46
48 36 46
50 35 46
49 36 45
49 35 45
49 36 43
49 35 44
50 35 45
49 37 44
50 35 44
48 36 45
48 37 45
49 38 44
49 37 44
49 37 44
49 37 44
48 37 44
49 38 44
49 38 45
51 37 45
50 37 45
50 38 45
50 37 44
49 37 45
49 36 45
47 36 45
50 36 44
50 37 44
49 37 44
49 37 45
49 36 45
50 36 45
49 37 45
49 37 44
48 37 45
49 37 44
48 38 44
49 36 44
49 36 45
48 36 45
48 37 45
48 37 45
48 36 45
50 37 45
51 36 45
49 37 46
48 35 46
49 36 45
48 36 45
48 37 44
49 36 44
48 38 45
49 37 46
49 37 45
49 36 45
49 37 46
50 35 45
49 36 45
50 37 45
49 37 46
49 36 44
48 36 44
49 36 44
49 38 45
49 37 44
48 36 44
48 37 46
48 36 47
48 37 44
48 36 45
49 36 45
49 36 45
49 37 45
49 36 45
49 35 45
48 36 44
49 37 44
48 35 45
50 36 45
48 35 45
49 36 44
49 36 44
48 36 46
49 36 45
49 36 45
48 37 45
47 38 45
49 36 46
48 36 46
48 36 45
48 36 46
48 37 45
48 36 45
48 36 44
49 36 46
50 36 45
49 37 45
49 38 45
48 38 47
48 37 46
48 36 45
48 35 46
49 38 44
48 37 45
49 37 46
47 36 45
49 36 43
48 37 45
50 36 46
49 37 45
50 38 45
49 37 46
48 36 45
48 36 46
49 36 45
50 37 45
50 37 43
50 36 45
48 38 46
49 38 46
48 36 46
49 36 44
48 37 44
49 35 44
47 34 43
49 34 44
49 35 44
49 35 44
50 34 44
51 35 44
50 34 43
51 34 43
51 34 43
51 34 44
50 33 43
50 37 43
49 37 42
49 34 42
51 34 44
51 33 44
50 35 46
52 34 46
50 33 44
49 34 44
47 33 43
50 33 42
50 33 41
50 33 43
50 33 43
50 33 44
50 32 44
50 32 43
51 35 44
52 34 43
51 34 44
52 35 44
52 34 45
52 34 45
51 33 44
52 33 41
51 34 43
49 32 42
48 33 42
51 34 42
49 35 44
49 34 42
50 34 42
50 34 44
51 33 45
51 33 46
49 33 45
50 34 45
49 34 44
49 34 43
48 33 45
49 34 44
48 33 45
49 33 45
49 33 44
50 34 44
49 34 45
48 33 46
50 34 47
50 33 46
48 33 46
49 32 46
49 33 46
48 32 46
48 32 45
48 32 45
48 33 45
47 32 46
48 33 45
49 32 45
49 31 46
47 32 45
47 32 46
48 32 44
49 32 44
49 32 45
50 32 45
49 31 46
50 32 47
50 32 46
49 32 46
48 33 46
49 33 46
48 33 46
48 33 46
48 34 46
49 32 46
49 33 45
48 32 44
48 32 45
48 32 45
49 33 45
49 33 45
49 34 45
49 34 45
49 33 46
48 32 46
49 33 46
48 33 46
48 33 44
49 33 46
50 33 46
48 33 45
49 33 45
48 34 45
48 33 45
49 33 45
49 33 46
49 33 45
49 33 45
49 33 45
49 33 47
49 34 46
48 33 45
49 33 45
50 33 45
48 33 46
49 33 45
50 33 45
49 32 46
49 32 45
48 34 46
49 34 46
50 34 45
49 34 46
49 33 45
49 33 45
49 34 46
49 34 45
49 32 44
49 33 46
48 34 44
49 33 46
49 33 44
49 34 45
49 33 44
49 33 45
50 33 45
51 33 45
49 34 45
48 33 46
50 35 46
49 34 45
49 33 46
49 34 45
49 33 46
49 33 45
49 34 45
50 33 45
50 34 45
49 33 45
50 32 45
49 32 46
49 33 44
49 34 46
49 33 45
49 34 45
48 34 45
49 32 44
49 33 45
49 33 45
50 33 46
49 32 45
48 34 46
49 34 45
49 33 45
49 34 45
49 33 46
49 33 45
49 34 45
49 32 45
49 33 46
49 33 46
49 33 45
49 34 45
49 34 45
49 34 45
49 33 46
49 34 45
49 33 45
50 35 44
48 33 46
50 33 45
50 33 45
50 33 45
48 32 45
49 33 45
49 34 46
49 34 45
48 34 45
50 33 44
49 32 45
49 33 45
49 35 44
49 34 45
49 33 46
49 34 45
48 34 45
49 32 45
49 34 46
49 33 46
49 33 45
50 34 45
49 32 45
48 33 45
49 33 45
48 34 45
48 34 46
50 34 45
49 35 45
49 34 45
49 34 45
49 33 45
49 33 44
49 34 45
50 35 45
49 33 45
50 33 45
50 35 45
49 34 45
50 34 45
50 34 46
48 33 45
49 34 45
50 33 45
49 33 46
50 33 45
49 33 45
50 34 45
49 33 45
49 33 45
49 33 45
48 33 45
49 34 45
49 34 45
49 31 44
50 34 45
50 34 45
50 33 46
48 33 45
49 34 45
48 34 45
49 34 45
49 35 46
51 34 45
48 32 44
50 32 45
49 33 44
49 32 45
50 33 45
49 34 45
48 33 46
51 34 46
50 34 47
49 33 47
47 33 47
47 33 46
47 32 45
47 32 46
48 31 44
49 33 45
49 31 44
49 32 44
49 32 44
50 32 44
50 30 44
50 32 44
50 32 45
51 32 45
49 32 46
48 32 46
48 34 46
48 32 46
48 32 46
47 31 44
48 30 45
48 31 45
48 31 45
48 29 45
49 30 44
46 30 45
48 31 45
48 32 44
48 32 45
48 32 46
48 33 46
49 34 45
50 34 46
48 34 45
48 34 46
50 35 46
49 34 45
51 34 47
50 35 47
50 33 45
50 35 46
49 36 47
48 35 46
50 36 46
50 35 46
51 35 46
50 34 46
48 35 45
48 36 45
46 35 45
47 34 45
49 34 44
48 33 46
47 32 44
49 34 45
49 33 45
49 34 45
49 33 45
50 34 44
50 33 44
50 33 44
51 34 45
52 33 44
51 35 44
48 34 45
48 33 44
50 32 45
48 33 45
49 32 46
49 33 46
50 31 45
48 32 47
49 32 47
50 31 46
49 30 45
48 28 44
48 30 44
49 29 45
48 29 46
48 28 45
48 29 47
48 28 46
47 27 46
47 27 46
46 27 46
46 28 45
48 29 44
49 30 44
49 29 44
49 29 45
48 29 46
49 30 46
47 31 47
47 32 48
47 33 46
47 32 47
47 35 48
47 35 47
48 35 47
48 34 48
48 35 48
48 34 48
48 33 47
48 32 48
48 34 47
48 34 46
47 34 44
48 35 46
47 35 46
49 34 46
48 34 47
48 35 46
49 34 47
48 35 46
48 36 47
48 35 47
48 34 47
49 34 46
48 35 47
48 35 47
48 34 45
47 35 46
48 35 46
48 33 46
48 35 45
48 34 46
48 34 47
48 34 46
49 35 47
48 32 46
48 34 46
47 33 47
47 34 46
48 34 46
49 33 47
49 34 46
47 34 46
49 33 47
49 34 46
47 34 47
48 34 47
48 34 47
48 34 46
48 32 47
47 33 47
48 34 48
48 36 48
48 34 46
49 34 47
47 35 47
49 34 44
48 33 47
48 33 48
46 33 47
49 33 48
48 33 47
47 33 47
48 33 48
47 32 48
46 33 47
47 32 48
47 32 47
48 33 46
47 33 47
47 32 48
47 33 47
48 30 47
48 32 47
49 31 47
47 32 48
48 32 48
47 33 47
47 33 47
48 32 47
47 32 48
47 32 47
48 34 47
48 33 48
48 31 47
47 32 48
48 32 48
47 33 48
47 34 48
48 33 46
48 33 46
48 33 48
47 32 47
47 33 46
47 33 48
46 32 47
47 32 47
46 34 47
47 35 47
47 33 48
48 34 48
47 32 48
46 32 49
48 33 47
47 32 48
47 33 47
46 33 48
48 33 47
47 34 48
47 34 47
47 32 47
48 33 47
46 33 46
47 34 48
47 33 47
47 33 47
47 33 48
47 33 48
48 34 47
45 33 48
46 34 48
47 34 48
46 33 47
48 33 48
46 33 47
47 32 47
48 33 47
47 33 48
48 32 48
47 31 47
46 33 47
48 33 47
47 34 48
48 35 48
47 32 49
48 32 48
46 34 48
46 31 49
46 30 49
46 32 49
49 30 49
48 32 49
50 31 49
49 32 51
49 33 52
46 33 51
47 35 48
44 37 46
40 40 47
38 38 45
35 44 46
33 43 48
31 44 51
31 44 49
30 39 47
29 43 47
27 39 49
26 37 48
26 39 48
26 38 50
26 38 49
25 37 49
24 39 50
25 36 54
25 38 54
25 38 54
24 38 54
25 40 53
26 40 51
27 38 53
26 37 52
27 41 52
27 40 50
27 37 51
27 40 51
27 39 50
27 37 51
27 39 51
27 37 52
27 36 52
26 36 53
26 36 55
23 34 53
22 34 53
23 36 52
20 36 51
21 37 52
20 36 51
19 35 49
20 34 49
22 36 49
19 34 50
21 33 49
26 36 49
25 33 51
28 34 50
28 33 50
28 31 49
32 33 51
31 32 54
34 33 52
32 33 53
31 35 55
32 33 53
29 32 53
30 32 53
33 32 53
32 35 52
31 39 51
30 43 51
29 44 55
30 46 53
30 43 51
31 39 52
31 42 54
36 41 57
35 36 53
36 38 56
35 38 53
35 35 49
33 35 49
34 36 48
34 39 54
36 47 56
35 43 50
34 44 51
32 44 53
32 42 51
31 41 52
31 42 52
31 41 52
30 42 51
32 42 51
32 42 51
32 43 51
32 42 50
33 43 49
33 44 50
32 43 50
33 44 50
32 43 49
30 43 50
30 42 51
32 41 50
31 43 50
32 44 50
32 44 50
31 44 50
31 44 50
32 44 49
31 42 49
30 44 50
31 44 49
32 43 49
32 44 50
31 44 49
33 45 50
34 44 50
32 43 49
32 45 50
32 44 50
32 44 50
32 44 49
31 43 50
30 44 49
31 43 50
31 43 48
31 43 49
33 43 50
