36 42 51
36 42 51
35 42 50
35 42 51
35 41 51
35 42 50
36 42 51
35 42 51
36 42 50
35 42 51
35 42 51
36 42 51
36 42 51
36 41 51
35 41 51
35 42 51
35 42 50
36 42 51
35 43 51
33 41 52
35 42 51
36 42 50
35 41 50
35 42 51
36 41 52
36 43 51
36 42 50
35 43 51
35 43 50
36 42 52
34 43 51
35 42 51
35 43 50
36 43 53
35 41 51
35 43 52
35 43 51
34 43 50
34 44 47
35 46 50
33 44 48
36 45 48
38 46 49
39 46 49
39 47 50
40 47 50
41 47 52
43 45 52
40 45 52
40 43 52
40 41 52
39 39 52
40 40 50
40 37 49
38 33 49
37 34 48
37 38 48
38 37 50
37 40 49
38 40 50
37 40 49
39 40 49
39 42 49
40 44 48
39 41 48
36 42 49
34 43 49
34 43 46
31 45 47
31 45 49
29 45 48
30 45 47
32 45 48
32 45 48
31 44 47
31 41 47
29 44 46
29 41 46
28 39 46
29 39 46
26 40 46
26 38 47
25 38 49
21 40 50
22 39 51
21 37 53
21 35 52
20 35 52
19 33 54
21 33 53
21 31 53
21 32 53
21 33 51
22 35 51
23 35 54
24 35 54
24 33 53
26 37 50
25 32 50
25 32 50
24 32 50
24 34 51
23 32 52
22 32 53
24 36 55
22 35 55
21 36 55
20 36 55
20 37 55
18 38 53
21 36 54
24 38 54
25 42 50
22 40 51
21 38 51
24 37 49
24 38 46
25 43 45
24 40 45
28 40 43
32 44 41
32 44 42
34 44 41
34 45 41
38 45 40
39 44 40
41 47 41
46 46 40
43 46 41
47 48 41
49 45 41
48 48 42
51 45 42
51 45 40
51 49 45
51 47 43
49 52 45
49 48 44
50 46 42
51 54 44
50 50 42
50 47 42
50 48 40
51 44 39
51 41 38
53 40 35
52 37 35
52 40 35
51 35 38
49 36 41
49 38 42
49 46 46
47 43 47
47 43 45
47 41 45
46 38 44
48 38 42
50 39 41
51 37 44
52 36 42
55 36 45
50 34 44
50 36 44
50 36 44
49 36 43
51 37 43
49 37 42
51 36 43
49 36 43
51 36 43
50 36 43
51 36 42
51 35 45
50 35 43
50 36 43
50 36 43
50 36 43
49 36 44
50 36 44
49 36 44
50 36 44
51 35 44
50 36 44
50 36 43
50 36 44
49 36 44
49 37 44
50 37 45
49 37 46
49 35 44
50 36 44
50 37 43
49 35 44
49 37 44
49 36 44
49 36 44
50 37 44
50 36 46
49 37 45
48 36 44
50 37 45
50 36 44
50 35 43
51 36 43
49 35 44
50 36 45
51 36 44
49 35 45
49 35 44
50 35 44
49 36 44
50 36 42
50 36 44
51 36 44
49 37 44
50 36 43
50 37 44
49 37 44
49 36 45
50 36 44
50 35 43
50 37 45
49 36 44
50 36 43
50 36 44
50 35 44
50 36 44
51 36 44
51 36 43
50 36 44
49 36 43
51 35 44
49 36 43
49 35 43
49 37 44
50 36 45
51 37 43
50 35 43
48 36 45
50 36 43
50 36 43
50 36 44
50 35 42
50 36 43
50 36 43
49 37 44
50 35 44
50 37 43
50 36 43
49 36 43
50 38 44
50 36 43
49 37 44
50 37 44
50 36 43
50 37 43
50 35 45
51 36 44
49 36 44
51 36 44
49 35 43
50 37 43
49 37 44
51 35 44
50 36 44
50 36 43
49 37 44
49 37 43
49 37 44
50 37 43
50 36 43
50 36 43
51 36 44
50 36 43
49 36 43
50 35 43
49 37 43
50 35 43
50 36 44
50 35 44
50 36 44
50 37 44
50 37 44
50 36 43
50 35 44
49 37 44
50 35 44
51 36 44
49 36 44
49 37 43
51 35 43
49 36 44
49 36 43
50 35 44
51 36 44
49 37 45
51 38 46
51 36 46
49 38 45
50 37 45
50 36 44
48 36 44
50 36 43
49 32 43
49 35 45
49 33 44
50 33 45
49 32 44
48 31 45
48 31 44
49 31 44
49 31 44
48 29 44
49 29 43
48 28 41
49 29 41
50 31 42
50 28 43
51 25 42
52 25 42
53 26 41
52 27 42
53 28 40
52 29 41
51 27 41
52 25 40
50 29 41
52 27 41
52 27 41
50 28 41
50 29 42
50 27 41
50 28 42
50 27 41
49 27 41
49 25 41
51 25 41
51 26 41
53 25 41
52 26 40
52 25 40
51 23 39
51 24 40
51 24 39
52 25 40
51 24 38
51 24 39
50 23 39
51 24 40
50 23 39
50 24 39
50 24 39
50 22 38
49 24 40
50 23 41
49 23 41
51 24 38
51 22 39
50 23 41
48 23 41
49 23 39
49 22 39
48 21 40
47 22 39
48 23 40
47 24 41
49 23 40
50 22 41
49 22 41
49 22 41
49 20 41
48 21 41
49 21 41
48 21 40
50 22 40
49 21 40
49 22 40
49 21 40
49 22 40
48 21 40
50 21 40
49 22 41
47 22 41
48 22 41
48 22 41
48 23 41
48 20 40
48 21 40
50 22 40
49 21 41
49 21 39
49 21 40
49 22 40
49 21 40
47 22 41
49 20 41
49 21 41
50 21 41
48 21 41
49 21 41
48 22 41
48 21 40
47 20 40
48 21 41
47 20 41
47 20 41
48 21 40
48 19 40
48 20 40
48 19 40
47 19 40
47 18 39
47 19 39
46 18 39
47 19 37
45 17 38
47 19 37
47 17 37
47 18 38
46 18 38
46 17 39
46 18 39
47 17 40
46 18 40
46 17 40
47 18 39
46 17 39
47 17 39
45 18 39
46 19 40
45 18 38
47 18 38
46 16 39
47 17 40
47 19 41
45 19 40
48 18 41
45 17 39
45 18 40
46 18 38
46 17 40
45 19 39
48 18 38
46 19 39
47 18 39
46 17 39
45 18 39
46 19 40
46 18 39
45 18 40
47 17 40
46 18 40
46 18 40
46 19 40
47 19 40
47 18 40
46 17 39
47 18 39
45 19 39
47 20 40
45 18 39
45 18 40
46 17 39
47 18 39
46 19 39
47 18 38
46 17 40
46 18 39
48 18 40
48 19 40
46 18 39
46 18 39
47 18 39
46 18 39
47 18 39
47 18 39
46 18 39
46 18 39
46 15 40
46 17 39
46 17 39
45 18 39
46 19 39
46 18 39
46 17 40
46 17 39
47 17 40
46 18 39
46 18 39
46 17 39
46 16 39
46 19 39
46 18 38
46 19 40
45 17 40
45 17 39
45 18 39
46 18 39
46 17 38
46 17 39
46 17 40
46 18 40
46 18 39
45 17 40
46 19 40
46 18 39
46 18 40
47 18 41
46 18 40
47 19 39
46 18 39
46 18 41
46 17 39
47 19 39
46 18 40
46 17 40
47 17 40
46 19 40
46 18 40
47 18 41
46 18 40
46 18 39
46 18 39
47 18 40
46 17 39
46 18 40
46 19 39
47 18 39
47 18 40
46 19 41
47 17 40
47 18 41
46 17 40
47 18 40
47 18 40
46 18 41
46 18 39
46 19 40
46 17 40
46 17 39
46 19 40
47 20 40
45 17 39
46 18 40
46 18 40
45 17 40
45 18 39
46 18 40
47 18 40
46 17 39
46 18 39
46 18 39
46 17 40
47 18 39
45 18 40
46 18 40
46 17 39
45 18 39
44 18 39
47 18 39
45 17 40
46 18 39
46 17 40
46 18 40
45 18 39
45 18 40
46 18 40
46 17 39
46 18 38
46 18 40
47 18 39
47 18 40
45 18 39
46 17 39
47 18 41
46 18 40
46 17 41
46 18 41
46 18 39
46 18 40
45 19 39
47 19 39
45 17 40
46 18 40
45 18 39
46 18 40
46 19 39
48 20 39
46 18 39
46 17 39
45 17 38
46 18 39
45 18 38
45 19 39
45 18 40
45 18 40
46 18 39
45 16 39
46 17 39
45 19 40
47 18 41
47 18 41
45 19 40
46 18 39
46 19 40
47 18 41
45 19 40
47 17 39
47 19 39
47 19 40
46 17 39
46 18 40
47 19 39
47 18 40
47 17 40
47 18 40
46 18 40
45 18 39
47 19 39
46 19 39
45 18 40
46 18 39
47 18 40
46 18 39
45 17 40
46 18 39
47 18 39
46 18 39
46 19 39
46 18 40
46 19 40
46 19 40
47 18 40
46 18 40
47 18 40
45 19 40
47 18 40
46 18 38
46 18 39
45 19 39
46 19 40
47 18 40
47 18 40
47 19 41
46 18 39
47 19 40
46 19 39
47 17 39
47 18 39
47 19 40
47 18 40
46 18 41
46 17 40
46 19 39
45 18 39
46 18 38
46 17 39
45 18 39
46 18 38
47 18 39
46 17 39
47 17 39
45 18 39
47 18 40
47 16 39
46 16 39
46 17 39
46 18 39
45 18 39
46 18 39
46 17 39
46 18 39
45 18 39
46 17 39
46 17 40
45 17 40
46 18 39
46 18 40
46 18 39
45 17 39
45 18 39
47 17 39
46 18 39
46 17 40
46 17 40
47 17 39
45 18 38
46 17 39
45 17 39
45 18 39
46 17 40
45 18 39
46 19 40
45 19 39
45 18 40
46 17 40
46 18 39
45 19 40
45 17 40
44 17 40
44 17 40
46 18 39
45 19 40
46 18 40
47 18 40
46 18 40
46 18 40
46 19 39
46 16 39
46 17 40
45 17 39
46 18 40
47 19 39
46 18 40
45 17 40
47 18 40
46 18 40
46 18 40
47 18 40
47 18 40
46 16 39
45 18 40
46 18 39
46 17 40
46 17 39
45 18 39
46 19 39
46 19 40
46 18 40
46 19 39
46 17 40
46 18 40
46 18 39
46 18 40
46 19 40
45 18 39
47 20 40
45 17 40
47 18 40
46 18 40
46 19 40
46 17 40
46 17 40
46 18 40
45 19 41
47 20 41
47 18 40
47 18 40
47 19 41
47 20 40
47 19 39
45 19 40
46 19 40
46 19 40
46 19 40
46 19 40
47 19 41
47 20 41
46 20 40
47 18 40
46 18 40
46 19 41
47 17 41
46 19 40
46 18 41
46 18 40
45 18 40
45 18 40
47 18 40
46 18 40
46 17 40
46 18 39
45 18 39
45 18 40
45 18 39
45 18 40
45 18 40
46 18 41
45 18 40
46 17 41
46 17 40
46 17 39
46 18 40
47 18 41
45 18 40
46 18 39
45 18 40
47 18 40
46 18 40
45 16 40
46 18 40
46 18 41
46 18 40
46 18 40
47 19 40
47 19 41
46 17 40
45 18 40
46 20 40
45 17 40
44 17 39
46 18 39
45 17 40
44 19 40
45 17 40
45 18 40
46 19 40
46 17 40
45 18 41
46 17 40
46 18 41
47 17 40
46 18 39
47 18 40
46 18 40
46 17 40
46 17 39
45 17 39
44 18 39
45 18 40
46 18 39
45 18 39
46 19 40
45 17 39
45 17 40
46 17 40
46 18 40
45 19 39
45 18 40
46 17 41
46 18 39
45 18 39
46 17 40
45 18 41
45 18 39
45 17 40
46 18 39
43 18 40
46 18 39
45 17 39
46 17 40
47 18 40
46 18 39
46 18 39
46 17 40
46 18 39
47 17 39
46 17 40
46 18 39
45 17 39
46 18 40
45 18 40
45 16 39
45 18 41
45 17 39
45 16 39
45 18 39
45 17 39
45 17 39
45 16 38
46 17 39
45 16 39
47 16 39
46 17 40
46 18 40
45 15 40
46 17 40
46 16 39
45 18 40
45 16 39
46 16 39
46 17 39
45 18 39
45 17 39
47 18 39
46 16 40
46 18 39
45 17 39
45 18 39
46 18 40
46 18 40
44 18 39
46 17 39
46 16 39
46 17 40
45 17 39
46 17 39
46 18 39
45 17 39
46 18 40
46 18 40
46 17 39
46 18 39
45 17 40
46 17 40
46 18 40
45 18 40
44 17 39
45 17 39
45 18 39
46 17 40
45 17 39
46 18 39
46 18 39
46 18 40
46 18 40
46 17 39
46 18 39
46 18 39
45 18 39
46 17 39
46 17 39
45 17 38
46 16 38
47 18 39
47 18 40
47 18 40
47 18 39
47 17 39
45 17 38
47 19 38
47 18 39
47 17 37
47 18 38
47 19 41
47 20 40
50 22 41
49 21 41
50 23 42
50 25 42
51 25 42
49 26 43
52 27 44
50 26 45
49 26 48
48 26 44
47 26 46
48 28 47
49 28 48
48 29 49
46 29 49
44 31 49
43 33 48
41 36 50
38 35 50
37 35 49
35 36 50
33 38 47
35 40 48
33 43 47
27 48 46
29 51 44
29 46 46
29 50 48
29 45 50
27 42 51
27 42 51
24 43 48
25 43 50
23 35 50
21 37 54
22 36 50
23 33 50
21 29 52
23 33 52
24 33 53
26 35 51
25 37 52
24 35 52
24 34 52
25 36 52
25 37 51
23 35 51
23 34 52
24 31 53
25 33 52
24 32 50
24 33 50
23 33 50
23 33 51
24 33 52
24 34 53
23 34 52
24 35 51
25 32 50
23 31 51
25 28 50
25 31 51
24 30 50
26 30 50
24 31 52
24 31 52
25 31 51
24 30 52
24 31 53
23 31 54
23 32 55
22 31 54
21 30 53
19 35 52
19 30 48
19 32 47
18 29 47
16 30 45
16 31 45
18 28 46
20 25 46
25 27 47
25 27 48
25 24 48
26 24 49
27 27 50
28 31 50
28 26 48
28 27 50
30 28 50
30 30 50
31 30 51
32 32 53
34 34 54
34 36 50
38 39 53
38 39 52
39 43 50
40 45 47
40 47 47
43 48 45
43 45 44
45 46 43
44 44 43
43 40 44
42 40 44
42 38 44
42 37 48
39 37 51
39 39 54
36 38 55
34 40 55
36 39 55
36 42 56
32 43 62
35 39 57
32 37 51
32 37 54
32 41 52
35 41 51
34 39 52
34 40 54
34 40 52
33 41 52
34 39 52
33 40 52
33 39 51
33 40 52
33 40 51
33 40 51
32 39 51
33 39 52
33 40 52
32 39 51
33 39 51
32 40 51
32 40 52
33 37 53
33 38 52
34 38 53
31 39 53
32 39 52
33 40 52
31 42 54
33 41 54
29 38 52
30 38 51
28 40 50
28 37 51
28 39 51
26 40 50
26 40 47
26 40 47
26 38 49
28 39 49
30 40 50
