23 43 48
23 43 48
24 43 47
24 43 32
22 43 48
22 42 48
21 43 48
22 43 49
22 42 47
23 42 48
21 40 48
22 41 47
22 42 47
20 41 47
21 41 47
20 40 46
19 41 48
17 40 48
18 40 50
18 40 50
21 44 49
23 47 54
27 45 56
30 46 57
30 43 54
33 45 53
34 45 51
34 40 52
35 38 50
34 38 52
35 35 51
34 39 49
32 36 49
31 38 50
30 38 49
25 39 48
25 39 49
21 38 48
22 35 47
21 34 49
21 34 49
23 33 49
26 34 49
24 35 50
24 35 50
25 36 50
25 35 51
24 38 50
25 39 51
27 38 51
26 38 50
27 37 51
25 38 50
27 40 51
26 40 50
26 40 51
26 40 50
25 40 51
26 40 50
25 41 50
24 40 53
21 41 50
22 41 52
22 40 50
24 43 51
22 45 49
26 47 48
29 47 48
33 42 48
34 42 47
40 39 46
40 36 47
41 33 48
42 31 47
42 28 49
43 24 50
42 23 49
39 21 53
39 22 55
38 24 54
38 26 57
38 27 53
38 29 54
38 31 54
39 31 55
38 29 54
39 30 53
39 29 52
39 30 52
41 30 50
42 29 51
42 30 48
44 27 47
43 27 50
44 30 53
46 30 48
43 31 50
44 36 53
44 37 48
41 41 49
41 42 50
40 42 48
38 44 50
33 41 51
30 47 50
29 43 50
25 42 47
25 44 50
23 40 51
24 41 49
23 36 49
24 37 51
26 39 50
24 36 50
25 39 51
24 38 51
26 37 50
25 37 53
23 37 49
25 39 52
25 38 52
26 36 52
26 39 51
26 37 52
26 38 51
27 37 51
27 38 51
27 38 52
26 37 52
28 38 51
27 38 52
26 37 52
27 39 51
26 39 52
27 39 51
27 38 51
27 37 51
27 38 52
26 39 52
26 38 51
26 39 51
27 39 52
27 36 51
27 38 52
27 38 51
27 38 51
27 39 51
27 38 51
26 38 52
28 35 51
27 41 52
27 36 52
28 37 52
28 39 53
28 38 51
26 39 50
27 37 52
26 37 51
26 37 51
26 36 53
27 36 50
25 39 51
27 38 51
26 37 51
26 38 50
27 37 51
25 36 49
26 39 55
27 39 52
28 36 51
26 37 52
27 38 52
27 38 50
27 37 51
24 36 50
26 37 51
26 37 51
25 38 50
27 37 51
27 37 51
26 39 52
27 38 51
27 38 51
26 39 52
27 36 51
26 38 51
26 37 52
27 36 52
26 38 52
28 38 51
28 38 51
27 38 51
28 38 53
29 39 52
26 37 51
28 39 52
26 41 50
26 45 51
28 39 50
27 38 51
27 41 50
26 41 50
26 39 50
25 41 50
26 40 50
28 40 51
27 39 51
27 39 50
26 37 46
26 40 54
27 41 51
27 41 49
28 39 52
26 40 51
28 40 52
27 41 50
26 39 51
25 41 51
26 40 51
27 40 51
27 39 51
26 41 51
26 40 52
26 40 51
26 40 50
27 41 50
28 39 51
26 40 51
26 40 51
28 40 50
26 40 51
27 41 52
26 40 52
26 40 50
26 41 51
27 39 52
27 40 51
26 39 51
27 41 51
26 37 51
26 40 51
27 43 51
28 39 52
27 38 52
26 39 51
27 40 51
25 40 51
28 40 50
28 40 51
27 40 51
26 41 50
27 40 50
27 40 50
27 40 51
27 40 51
27 40 50
27 41 51
26 40 50
28 39 50
26 41 51
28 40 50
27 38 50
27 40 51
27 40 51
28 41 51
28 40 51
27 40 50
26 40 51
27 39 50
26 38 50
27 38 51
26 39 50
27 39 51
26 38 51
26 40 51
26 39 50
25 39 52
27 41 51
27 37 52
27 38 50
27 42 51
27 38 52
26 42 53
27 41 51
26 41 51
27 41 51
26 40 51
27 41 50
26 39 50
25 41 49
25 39 49
26 39 50
26 39 50
25 39 50
25 39 52
26 40 50
25 39 48
27 38 49
26 41 52
26 40 51
26 41 50
27 40 53
26 41 51
26 39 50
25 40 50
27 39 51
27 39 51
26 39 52
26 40 51
26 39 51
26 39 50
26 39 51
26 40 52
26 40 51
26 39 51
25 38 52
26 39 50
24 39 51
23 37 47
25 38 49
21 39 53
21 38 52
22 43 52
23 47 50
24 43 51
26 45 52
28 45 49
31 44 49
33 42 50
35 42 49
39 37 49
41 40 48
42 36 47
43 36 46
45 37 45
46 34 44
46 31 45
48 29 41
47 26 41
45 24 51
47 23 47
44 21 54
44 20 51
44 23 51
42 27 52
43 26 47
42 30 51
43 28 49
43 27 48
43 27 52
46 27 50
44 26 47
43 29 51
46 27 49
43 26 50
43 28 48
44 29 49
46 32 52
47 32 49
47 37 46
48 44 47
48 42 44
48 46 42
48 44 42
47 43 42
48 42 41
49 41 42
49 42 42
49 38 42
50 38 43
49 38 42
50 37 44
48 37 42
50 36 44
49 36 44
50 35 43
48 37 44
49 37 44
49 37 44
47 38 44
50 38 43
50 39 43
50 36 42
50 38 43
48 38 42
48 39 42
49 40 43
51 37 43
51 39 42
51 38 44
50 39 42
49 37 43
50 39 43
48 39 43
49 40 43
50 39 42
51 38 43
50 37 43
50 37 44
50 38 46
49 40 45
49 39 45
48 41 45
48 40 44
51 39 43
50 39 42
49 39 42
49 37 43
49 35 43
49 36 43
50 36 44
50 37 45
49 38 45
48 38 46
48 38 47
49 37 46
48 36 45
47 37 44
48 36 43
49 35 44
48 37 44
49 38 44
48 39 45
48 39 44
48 38 45
48 39 45
48 38 46
48 38 45
49 41 46
49 39 45
48 40 45
47 40 44
47 40 45
47 40 46
48 40 45
48 38 44
47 39 44
48 39 45
49 40 44
48 41 45
48 39 45
49 40 45
50 41 45
48 40 44
48 41 45
48 40 44
48 40 44
48 39 44
48 40 44
48 39 45
47 39 44
48 40 45
49 39 43
48 40 45
48 39 45
49 39 44
50 38 43
49 38 44
49 39 44
48 41 44
49 38 45
49 40 44
48 40 45
49 39 44
50 39 44
49 40 43
48 38 44
48 38 43
49 38 43
50 38 44
49 38 44
48 39 44
50 40 46
49 36 44
49 39 43
50 38 44
50 38 44
48 38 43
49 38 44
50 39 43
48 38 43
50 37 45
50 37 44
51 38 44
50 37 44
49 38 44
50 38 45
49 38 44
48 37 44
48 39 44
48 38 44
48 38 44
50 39 44
50 38 45
49 38 44
49 37 45
49 39 44
50 39 43
49 38 44
49 38 44
50 38 44
49 37 44
49 38 44
49 38 44
48 39 44
48 39 44
48 38 45
48 38 44
50 37 44
49 38 45
49 38 44
48 38 44
49 38 45
49 38 43
49 40 44
49 40 45
49 39 44
48 38 45
50 39 44
49 39 43
49 38 44
49 38 44
49 38 44
50 38 44
49 40 45
49 39 43
49 39 44
48 39 44
49 39 45
49 39 44
49 38 44
48 39 45
48 39 44
48 39 45
50 39 43
49 37 44
49 38 43
49 37 44
49 38 44
49 38 44
49 39 44
49 38 44
49 39 44
48 38 45
49 38 44
49 38 44
48 40 44
49 38 45
49 38 44
48 38 43
49 39 45
48 39 45
48 38 46
47 38 45
49 39 44
48 38 46
49 39 45
47 38 46
47 36 45
47 38 46
48 38 46
47 38 48
46 37 47
48 38 49
48 38 47
48 39 48
49 37 47
47 42 47
46 42 46
47 41 47
47 42 45
44 41 45
43 45 46
43 42 45
40 47 44
40 47 46
37 44 44
35 48 45
35 48 44
33 49 44
33 49 45
30 48 44
28 52 45
28 50 46
27 49 46
27 46 48
25 47 47
23 47 47
25 46 48
26 45 47
26 43 48
25 44 48
25 45 48
25 44 48
25 46 48
25 43 49
25 44 48
25 43 47
26 45 48
26 42 50
25 43 49
26 43 48
26 44 48
26 45 49
26 43 49
26 44 49
26 45 47
24 42 48
25 43 49
25 45 49
24 41 49
24 42 49
25 42 49
24 41 50
22 40 49
21 41 47
20 42 46
21 40 46
22 41 48
22 43 47
22 42 45
28 45 46
27 44 45
30 42 45
32 44 45
31 44 46
32 44 47
31 45 43
32 45 48
32 44 48
31 44 48
30 48 50
28 49 49
27 46 50
28 46 51
27 48 51
28 50 54
31 48 54
30 43 51
25 48 53
22 44 52
19 43 49
19 41 46
22 43 45
23 45 45
24 42 46
24 44 47
25 44 47
23 43 46
23 44 48
23 44 47
24 43 48
24 44 47
25 44 46
23 44 47
23 45 46
23 43 47
24 43 47
24 44 47
24 44 47
24 44 46
25 44 46
24 44 47
23 44 48
23 45 47
25 45 47
25 45 47
24 45 46
24 46 47
25 44 47
24 46 47
24 44 45
25 45 47
24 44 48
23 44 47
25 46 47
25 45 45
25 45 46
25 46 46
26 45 47
24 43 47
24 45 47
25 44 47
25 45 46
24 46 47
24 45 47
24 47 47
26 47 47
25 45 46
25 45 47
24 44 46
24 45 46
25 45 46
25 45 47
23 45 47
24 45 46
25 45 47
24 44 47
24 46 45
25 46 47
25 45 47
25 45 48
25 45 47
26 45 47
25 45 47
25 45 46
24 44 47
24 45 47
22 44 49
18 45 49
16 46 45
17 44 44
19 42 45
20 39 46
