26 43 49
26 43 49
25 45 49
26 43 48
26 45 48
28 45 48
27 45 48
25 43 48
27 43 49
27 44 49
25 45 50
27 44 49
26 43 49
26 44 49
25 44 49
24 41 52
25 40 52
25 44 53
25 53 57
27 50 53
30 51 54
33 48 55
30 51 53
30 51 50
31 45 49
31 49 46
31 41 46
33 41 45
34 39 42
33 39 42
31 39 40
27 46 43
26 46 47
25 36 44
23 33 51
22 27 49
24 27 51
23 35 53
23 29 49
25 25 51
24 29 49
25 24 48
23 25 49
24 28 50
23 29 51
23 25 48
22 31 51
21 30 48
23 33 52
18 29 49
17 32 52
20 34 53
20 35 52
22 31 50
24 29 52
26 28 49
28 25 48
29 26 50
29 22 49
29 22 45
32 17 46
30 14 45
32 16 43
31 13 45
31 12 44
31 14 44
30 12 46
29 16 48
30 16 46
29 12 44
31 17 44
34 18 45
33 19 47
35 21 45
36 21 35
35 23 43
39 41 48
39 31 45
42 31 52
43 36 61
46 35 59
46 39 58
48 40 56
48 45 49
44 41 50
45 41 48
46 41 45
41 36 39
46 40 47
46 39 45
46 43 40
47 37 43
47 41 46
49 40 47
49 40 41
50 45 43
49 38 41
50 39 40
49 39 40
46 42 42
49 38 43
49 39 46
50 39 45
48 39 47
49 40 46
51 37 44
50 37 45
51 36 44
51 36 44
50 37 43
49 36 45
47 35 45
46 32 45
47 33 46
45 35 47
45 35 47
45 35 47
45 35 46
47 35 48
46 34 47
46 34 46
46 33 47
47 33 47
48 34 48
47 33 48
48 34 47
47 32 48
48 33 47
47 34 47
48 34 47
48 35 47
49 33 47
48 35 48
47 35 47
47 36 46
47 34 47
48 33 47
51 33 46
47 34 48
48 34 46
50 34 46
50 33 46
50 33 47
49 34 45
49 34 45
48 35 45
49 33 45
49 35 46
49 34 46
48 35 46
48 32 45
49 34 46
49 34 45
49 34 45
48 32 45
48 34 46
49 33 47
48 34 46
49 32 46
48 31 45
48 32 46
48 32 47
48 32 47
49 32 46
49 32 46
47 33 46
48 32 46
49 32 46
48 33 45
48 33 46
49 32 47
49 32 46
48 33 46
48 32 46
48 32 45
50 34 46
48 34 46
48 34 46
48 33 47
48 33 47
48 33 46
48 32 46
47 32 46
48 33 46
48 32 46
47 33 47
48 33 46
48 33 46
49 33 46
48 33 46
48 33 47
48 33 46
47 32 45
48 32 45
48 33 47
48 33 46
48 33 46
48 32 46
48 32 47
48 32 45
48 33 47
49 34 47
49 33 47
49 32 46
49 33 47
49 32 45
48 31 46
48 33 45
48 33 46
48 34 46
48 34 46
48 34 47
48 32 47
47 33 47
48 34 47
48 33 47
47 32 47
47 32 47
48 32 46
48 31 47
47 33 46
49 34 45
47 33 46
48 34 46
47 33 47
49 34 47
47 33 47
48 34 46
48 32 46
47 33 47
49 32 47
48 32 46
48 32 47
47 32 46
48 32 46
48 33 47
48 33 47
48 33 46
47 33 46
48 34 47
47 33 47
48 33 47
48 33 48
48 33 47
48 32 47
48 32 47
47 32 47
48 32 47
47 33 48
48 32 47
48 32 46
50 33 45
48 33 45
49 34 44
50 34 44
48 34 43
48 34 43
48 35 43
49 35 42
49 36 44
49 37 45
48 37 46
50 35 47
48 36 47
50 37 47
50 37 46
46 36 49
45 35 48
47 34 48
45 35 50
46 36 48
46 36 47
45 38 46
46 38 47
44 39 48
45 37 48
44 38 49
45 36 48
48 36 47
49 35 46
48 37 46
47 37 47
46 38 47
47 38 49
45 37 49
44 35 48
45 35 49
45 35 47
46 37 47
47 37 47
46 38 47
46 39 48
45 38 49
46 36 47
46 35 48
45 37 49
45 36 48
45 36 47
45 38 48
45 38 47
45 37 49
46 37 49
45 37 49
46 38 49
46 37 49
45 37 49
45 36 48
44 36 48
45 37 49
46 37 49
45 36 49
45 37 48
46 36 48
45 35 48
45 37 48
46 37 49
46 36 49
46 36 49
45 35 48
45 36 48
45 36 48
45 35 48
46 36 48
45 36 49
46 36 48
46 36 49
47 35 48
46 37 48
45 35 49
45 36 47
45 35 49
45 36 49
44 36 49
46 36 49
45 36 49
46 37 49
45 36 49
46 38 49
44 37 49
45 37 49
45 37 49
43 36 48
45 36 47
45 38 49
45 37 48
46 37 48
45 37 49
45 36 48
45 36 49
45 37 49
46 36 48
45 37 49
45 37 48
44 38 49
46 37 49
45 38 49
45 37 48
44 37 49
45 38 48
45 36 48
45 35 48
46 38 49
45 36 49
44 36 49
45 37 50
43 34 49
45 36 50
44 38 48
44 36 49
45 38 49
45 37 49
44 36 49
45 37 48
44 37 50
44 36 49
44 36 48
46 38 49
45 37 49
46 36 47
45 37 48
45 38 47
43 37 48
45 37 49
44 38 49
45 37 49
44 38 49
46 37 48
45 39 47
44 39 49
45 38 49
46 39 49
45 39 48
44 39 47
46 41 46
43 39 49
45 42 47
45 41 49
44 39 47
45 42 45
46 41 45
46 42 45
45 43 45
45 42 46
48 41 44
45 42 45
46 41 46
45 41 46
46 41 45
47 41 45
45 42 46
46 42 45
46 40 45
43 42 44
47 43 45
47 40 46
45 41 46
47 42 46
46 41 46
44 42 45
46 42 45
45 41 45
46 41 46
45 41 47
46 41 45
47 42 46
46 41 46
46 40 44
47 41 46
45 41 46
46 42 45
46 40 46
47 40 47
46 41 44
45 40 48
47 40 46
46 41 45
46 40 45
46 41 46
46 41 46
45 40 46
46 42 46
46 40 45
46 41 44
47 42 46
47 41 46
47 40 45
45 40 46
46 42 45
46 42 45
45 41 46
47 41 45
46 41 46
46 42 46
46 41 45
45 42 45
45 40 46
46 43 46
46 42 46
46 40 46
46 41 46
46 42 45
45 41 45
46 41 45
45 41 45
45 41 45
45 40 47
47 41 45
47 41 45
45 41 46
45 41 46
46 41 45
46 42 45
47 43 45
46 41 44
44 41 46
45 43 46
46 42 46
46 42 46
46 42 46
46 41 46
46 41 46
45 42 46
46 42 46
46 42 46
46 42 46
46 41 46
46 42 45
46 42 46
45 43 46
46 41 47
45 41 46
45 41 44
45 41 46
45 41 45
46 42 45
46 41 45
46 42 45
44 41 45
46 42 44
46 42 46
46 42 44
46 42 45
47 43 45
46 42 47
46 43 45
45 42 46
46 42 45
47 42 45
45 42 45
47 41 46
44 43 45
45 42 45
45 41 45
45 41 45
46 42 44
46 42 45
46 43 45
46 43 44
47 43 44
46 44 46
45 46 47
44 42 48
44 43 46
45 44 45
45 43 44
45 44 46
45 43 46
45 40 45
45 42 45
45 41 44
45 41 45
45 41 45
45 39 43
47 42 49
43 41 50
45 40 47
47 40 44
45 40 46
46 41 46
45 40 46
47 38 47
46 39 47
46 39 46
47 38 47
46 38 46
46 39 47
47 40 47
45 39 47
46 39 46
47 40 47
47 39 45
46 39 46
45 41 47
47 40 47
47 38 46
45 39 46
46 40 46
46 39 47
46 40 47
46 39 47
47 39 46
46 39 46
46 39 48
46 38 46
46 39 48
45 38 48
46 39 46
46 39 47
45 38 46
46 39 47
46 39 46
47 39 47
47 39 46
46 38 47
46 37 47
47 38 46
47 39 47
46 38 46
47 38 47
46 39 46
47 39 47
46 39 46
47 40 46
47 38 47
47 39 48
46 39 47
45 40 48
46 40 49
44 39 49
47 39 47
45 37 48
46 37 47
46 37 48
45 37 48
46 38 47
46 39 44
45 38 43
46 38 44
46 40 46
45 40 46
45 40 44
44 43 43
45 47 45
42 42 43
42 51 44
40 51 43
37 47 40
35 52 38
36 55 39
32 52 37
31 54 36
30 54 39
31 54 39
30 53 38
31 54 39
31 54 40
31 54 40
30 52 39
31 51 39
30 52 41
30 53 41
29 52 41
30 53 39
31 52 39
30 51 40
30 51 40
30 52 39
30 52 39
29 52 38
30 52 40
29 53 39
29 55 39
29 54 40
30 53 41
30 49 42
30 49 43
30 52 45
28 44 40
30 46 44
30 52 44
30 51 43
28 50 44
28 50 46
27 50 46
28 46 46
29 42 48
28 47 49
28 44 47
31 44 48
29 43 49
26 43 50
26 46 48
28 42 53
30 49 51
30 33 52
30 31 55
32 39 52
30 35 52
30 32 49
32 34 50
29 29 52
29 33 51
27 29 52
28 28 52
29 30 54
30 31 53
30 32 54
30 31 53
30 32 52
31 30 53
30 30 51
30 31 52
30 31 53
29 30 52
28 30 53
28 32 53
28 31 53
27 31 52
27 32 52
28 30 52
28 33 52
27 32 53
26 31 53
27 30 53
27 32 53
27 33 54
28 33 50
26 36 51
27 40 53
29 37 53
33 35 53
31 33 54
32 33 51
34 39 47
34 32 48
33 31 50
33 32 52
32 32 46
31 32 47
31 30 52
30 33 52
31 34 53
30 35 51
29 36 55
29 37 57
28 39 54
28 37 56
29 38 54
28 40 53
29 38 54
28 41 53
27 42 52
28 42 51
29 42 52
29 43 53
29 43 51
28 43 51
27 44 51
27 44 50
26 42 48
26 43 49
27 42 48
27 43 47
27 44 49
27 43 49
26 43 49
26 43 48
27 43 48
25 43 48
27 43 48
26 42 48
26 45 49
27 43 49
27 43 49
27 43 49
26 41 49
27 43 48
26 43 49
27 44 49
26 43 48
27 44 49
27 44 48
28 44 49
27 43 48
28 43 48
26 44 49
28 43 49
27 43 49
26 43 48
27 43 48
27 45 49
26 43 49
26 44 49
26 44 49
26 44 48
27 44 48
27 43 49
26 42 50
27 43 50
27 44 49
27 42 48
26 43 49
26 43 48
27 43 48
26 43 49
27 44 49
26 44 48
27 42 49
28 43 49
26 43 48
28 43 49
26 44 49
26 44 49
27 44 49
28 43 49
28 43 49
26 44 48
28 44 48
26 44 49
26 43 48
26 43 49
26 44 49
26 43 49
27 44 50
26 44 50
26 44 49
27 44 52
27 42 52
29 37 52
34 42 54
35 43 53
33 42 51
32 41 51
33 42 51
