38 35 53
45 38 35
39 34 53
39 36 52
37 35 53
38 36 52
37 35 53
35 34 52
35 35 53
34 34 52
36 34 52
37 35 52
36 34 53
35 34 53
36 35 52
38 34 53
36 35 52
37 33 52
37 35 53
37 35 53
37 34 53
37 34 53
37 34 52
36 35 53
37 34 52
36 34 53
37 34 53
36 34 52
37 34 52
36 34 53
36 34 53
37 34 54
37 35 52
36 34 52
35 33 53
38 33 53
37 34 52
37 33 53
36 34 54
37 35 53
37 35 53
37 35 53
36 35 53
36 34 53
36 34 54
35 33 53
38 31 55
38 31 55
40 32 53
41 39 57
41 41 57
42 36 55
41 34 54
42 37 54
40 37 54
40 39 53
40 39 51
41 37 52
40 40 50
38 37 51
37 40 50
36 36 51
35 37 49
35 37 49
33 37 49
33 39 48
33 41 50
31 39 50
31 39 50
30 40 49
29 39 52
30 39 49
30 40 52
30 39 51
31 41 48
32 40 49
30 43 50
31 43 48
31 44 50
31 44 50
31 44 49
30 44 49
30 50 49
31 49 49
32 50 49
32 49 46
30 51 50
30 45 42
31 51 41
31 52 42
31 49 44
33 50 42
35 51 43
34 54 48
34 51 45
32 53 42
34 54 39
34 55 40
34 54 43
35 53 43
35 53 43
35 51 43
34 48 44
36 51 45
35 50 46
35 50 45
36 50 46
36 48 45
36 47 45
36 46 43
36 44 48
36 44 44
36 41 48
35 40 50
36 41 48
35 39 51
35 38 51
34 41 50
31 35 52
31 35 50
33 37 50
31 32 53
30 33 52
28 33 54
31 30 51
29 31 51
29 28 52
29 30 51
29 26 52
28 22 52
27 28 51
28 26 52
27 21 53
28 24 50
28 23 52
29 22 50
28 23 48
28 23 49
27 21 49
26 21 49
27 21 49
28 21 48
27 21 49
25 22 50
25 23 47
27 21 48
30 19 48
27 18 47
28 20 48
25 18 45
25 17 45
26 17 47
27 18 46
27 17 46
26 18 45
28 18 46
26 18 46
27 17 45
28 17 46
26 16 46
26 17 44
25 16 45
26 18 45
27 17 45
26 17 45
26 17 45
27 17 44
26 16 44
27 17 44
27 18 45
26 17 42
26 17 44
26 18 45
26 16 43
24 16 44
27 15 43
25 16 42
25 14 42
26 17 43
25 16 42
25 15 41
25 16 41
26 16 41
24 14 41
25 15 40
26 15 41
25 15 41
25 15 41
25 16 41
25 17 42
24 15 41
26 16 41
25 16 41
25 15 40
25 15 40
26 14 41
25 16 41
27 15 40
25 14 40
24 14 40
25 16 40
26 15 41
24 14 40
25 14 41
25 15 40
25 14 41
26 16 40
25 15 40
25 15 40
24 15 40
24 14 39
25 13 40
25 14 41
24 14 41
26 14 40
25 15 41
24 15 39
25 15 40
25 15 40
24 15 41
24 14 39
24 14 39
24 14 39
25 14 40
26 13 38
26 15 39
25 15 39
24 15 40
25 13 38
24 13 39
26 15 38
24 14 39
25 15 39
25 13 40
24 14 41
24 14 40
24 14 40
25 15 40
26 15 42
25 15 40
26 15 41
25 16 43
26 16 43
27 17 44
26 17 44
26 18 45
27 18 45
26 18 47
26 17 47
27 19 47
27 19 49
28 22 49
27 21 50
28 21 49
28 24 50
28 24 52
29 25 51
31 28 51
30 28 51
32 30 53
32 31 51
32 31 51
34 32 51
33 33 50
36 35 50
35 37 48
37 37 52
36 38 51
36 40 52
37 40 51
35 41 50
34 41 50
36 44 50
34 42 50
33 44 51
34 47 47
35 47 47
36 45 49
36 47 49
35 47 46
35 48 45
35 49 45
36 50 46
36 49 45
36 50 46
36 51 45
36 50 45
37 49 45
35 50 44
37 48 44
37 50 44
37 50 44
37 48 43
36 48 42
36 49 43
39 54 40
39 53 47
38 49 44
36 51 43
36 51 43
38 55 45
38 52 44
37 51 42
35 49 44
35 46 42
36 52 42
36 51 47
36 50 43
36 48 44
35 51 47
32 51 47
34 48 45
32 49 45
32 48 47
32 49 46
30 48 48
30 47 48
29 48 49
29 43 49
30 48 48
29 49 48
29 46 46
30 39 46
32 44 47
32 42 48
33 41 46
35 41 48
37 39 51
35 40 49
36 37 48
36 37 50
38 36 51
37 35 50
36 37 54
34 35 52
34 38 53
34 37 54
34 38 54
33 40 54
32 38 55
33 39 56
32 38 53
33 40 51
35 40 52
33 44 62
34 38 54
31 32 49
31 36 53
30 36 55
29 36 52
31 33 54
31 37 53
30 38 52
30 38 52
31 37 53
30 36 52
31 37 53
31 36 52
29 36 51
31 36 51
31 36 53
31 37 51
31 38 52
31 38 52
31 38 52
31 38 53
30 38 51
31 37 52
29 36 52
31 37 52
30 35 52
30 37 53
32 37 52
31 37 52
30 37 52
29 37 53
30 36 52
31 37 52
31 39 53
30 36 53
31 38 52
30 38 52
31 37 53
31 38 52
31 38 53
31 37 53
30 37 53
31 36 52
31 36 53
30 37 52
30 38 53
31 36 52
31 37 52
31 37 52
31 36 52
32 37 53
31 36 52
32 37 52
31 36 51
31 36 53
31 36 51
31 37 52
30 37 52
31 36 52
31 36 53
30 39 52
31 36 52
31 36 52
31 37 53
31 37 53
31 37 52
30 37 51
31 37 52
31 36 53
31 37 52
30 37 52
31 37 52
30 37 52
32 38 53
30 37 52
31 38 52
31 37 53
30 36 53
31 37 52
30 36 53
31 38 52
30 37 52
30 36 52
30 36 52
30 37 52
30 37 52
31 37 52
31 36 53
30 36 53
31 36 52
30 37 52
30 37 52
30 36 52
29 37 52
32 37 52
30 38 53
30 37 52
30 37 52
29 37 52
31 37 52
31 37 53
