33 49 47
33 49 33
33 49 47
32 48 47
33 47 45
33 49 47
32 49 46
33 46 45
33 46 46
34 48 47
32 48 46
34 49 46
32 48 46
33 48 46
32 49 47
32 49 46
31 49 46
33 47 46
33 48 46
33 48 46
33 48 47
33 47 46
32 48 46
34 49 46
33 47 45
32 49 45
34 49 47
33 48 46
33 48 47
33 48 46
32 47 46
32 48 47
33 48 47
33 47 47
34 47 48
33 47 48
32 50 47
31 49 47
32 49 46
32 50 45
32 49 46
31 49 46
33 47 44
34 47 45
36 49 47
36 47 47
36 46 49
35 45 49
36 46 49
36 47 49
36 46 49
36 46 47
36 45 47
35 45 47
34 46 48
35 46 48
37 47 47
36 46 48
37 46 48
37 45 48
38 45 49
38 45 48
37 46 49
38 47 49
38 45 48
39 45 48
40 45 49
39 44 47
40 44 47
39 43 47
40 44 48
38 43 48
39 43 48
40 42 49
39 42 49
39 45 51
40 43 49
38 42 49
40 43 49
39 43 48
41 43 49
39 44 48
40 45 48
40 44 49
40 43 49
39 43 49
39 42 50
40 42 49
39 42 50
39 43 50
38 44 50
39 45 49
38 44 48
39 44 49
40 41 49
40 43 50
40 43 49
39 43 51
40 44 48
40 44 49
39 44 49
39 44 49
38 43 51
38 43 52
38 43 53
39 42 53
39 42 52
39 42 52
37 40 51
37 37 49
36 38 50
37 39 50
35 36 50
33 36 50
33 36 52
33 36 50
33 34 50
31 36 51
31 34 53
31 33 52
29 33 53
28 31 53
30 33 54
28 32 54
28 32 52
27 32 51
26 32 52
28 32 51
27 30 52
26 30 52
25 29 51
25 31 50
25 30 51
26 31 51
25 31 52
25 31 52
24 31 51
25 32 51
25 31 51
25 30 51
23 30 52
25 29 52
24 30 51
24 30 51
23 30 51
23 30 51
23 30 52
24 31 51
24 30 50
23 30 50
24 29 51
23 29 50
23 28 51
22 29 50
23 29 50
23 30 52
24 29 50
24 30 49
24 29 51
24 29 51
24 30 50
24 29 51
23 28 51
23 28 49
23 30 51
23 30 50
23 29 50
24 29 50
23 30 50
23 28 51
23 29 51
24 31 51
24 30 50
25 32 51
26 31 52
25 31 52
26 31 53
27 32 52
27 32 53
29 33 53
29 32 52
30 33 53
30 33 52
31 34 53
33 34 53
32 35 52
34 35 52
35 35 51
36 36 51
37 37 51
39 37 51
39 38 52
41 39 52
41 40 52
39 40 52
39 39 52
40 40 53
40 40 51
40 40 50
40 39 49
41 39 49
40 39 49
39 38 49
41 39 50
40 40 51
40 40 50
40 40 50
40 42 49
42 42 51
42 42 51
41 43 49
40 41 50
40 42 50
41 43 52
41 40 47
41 42 50
40 43 50
42 42 50
42 42 49
42 41 49
41 40 49
41 41 49
42 42 49
40 41 49
41 42 49
40 41 49
40 42 49
41 42 49
40 42 48
40 42 49
40 42 49
40 42 48
41 43 47
41 44 47
41 46 47
41 43 47
39 45 48
39 45 48
40 46 47
39 46 48
37 47 48
37 48 47
36 49 46
34 48 46
35 49 48
35 49 46
34 50 47
32 51 48
33 49 43
32 49 45
34 49 46
33 49 46
32 49 46
34 49 44
33 48 46
33 49 45
33 49 44
35 50 44
33 49 44
33 50 44
32 50 44
34 50 44
32 49 43
34 49 45
33 51 44
34 50 44
34 49 45
34 50 43
34 50 44
33 50 44
33 49 45
32 49 44
34 50 44
34 50 43
33 51 44
34 50 44
34 50 45
34 50 44
34 49 44
34 50 45
33 50 44
34 49 44
33 51 43
35 50 44
33 50 43
35 50 44
34 49 44
33 50 44
33 50 44
33 50 44
34 49 44
33 50 44
33 49 45
32 50 43
34 49 44
33 50 44
34 50 44
32 49 44
33 49 44
34 51 44
34 50 44
35 50 44
34 48 44
34 49 45
33 50 44
34 49 43
33 50 44
34 51 45
34 51 43
33 50 44
34 49 44
34 50 44
34 49 43
33 49 43
34 50 44
34 50 44
33 50 45
33 50 44
33 51 44
33 50 43
35 50 44
33 49 44
35 51 45
33 50 44
33 49 45
33 49 45
33 49 44
34 50 43
33 50 44
34 50 44
33 50 44
32 51 45
33 50 45
33 49 45
34 50 43
34 51 45
34 49 45
32 50 44
32 50 45
34 50 45
34 50 43
34 50 44
34 51 44
34 51 45
33 51 45
33 48 45
33 51 44
34 49 45
34 49 44
35 50 44
