27 33 53
27 35 52
28 33 52
26 34 53
27 34 52
28 34 52
27 33 52
27 35 52
27 34 53
27 35 53
27 34 52
27 35 52
27 34 52
26 34 52
27 35 52
27 34 52
26 34 52
27 34 51
26 33 52
27 34 52
27 35 53
26 33 52
27 35 52
27 35 52
27 34 53
27 33 53
27 35 53
27 34 52
26 35 53
28 33 52
27 34 54
28 37 52
27 35 52
25 31 52
27 33 52
28 34 52
28 36 53
28 35 53
29 34 55
28 32 55
29 31 56
29 32 56
29 31 55
30 31 55
30 32 54
29 34 53
30 35 53
30 35 53
31 36 53
32 38 51
31 38 51
32 40 52
32 38 51
34 40 50
33 39 51
32 41 51
34 41 50
33 40 50
35 40 51
34 40 51
35 39 50
35 39 50
33 40 51
33 40 50
33 41 49
33 42 49
33 41 50
33 43 49
32 43 49
32 43 48
31 43 50
32 42 49
31 44 49
33 44 50
32 45 49
34 45 50
34 44 50
34 43 48
36 43 50
37 44 50
36 48 48
35 47 48
35 47 48
35 47 48
35 46 47
33 43 49
33 44 51
33 48 50
36 49 46
33 48 48
35 48 47
34 46 45
34 46 47
35 46 47
36 47 48
35 47 48
37 48 50
36 46 51
35 48 51
35 47 51
36 46 50
36 46 49
35 44 49
36 44 49
36 44 49
35 43 48
35 41 49
35 42 49
36 43 50
35 43 51
36 43 48
35 42 51
36 42 51
36 42 51
38 41 51
36 37 51
35 38 52
36 38 51
34 38 50
33 35 52
34 37 52
33 35 51
33 36 52
33 37 51
33 36 51
33 35 53
34 35 53
32 36 52
33 36 52
31 34 52
32 33 53
31 34 53
31 33 53
31 35 53
31 33 54
32 34 54
32 34 52
32 34 53
30 33 53
30 34 52
30 32 53
30 32 52
30 33 53
30 33 53
30 32 53
30 34 53
29 31 53
30 32 52
31 32 53
30 33 53
30 32 53
29 31 54
31 31 52
30 31 53
29 31 53
29 31 54
30 31 52
29 30 52
30 29 51
29 30 52
30 29 52
29 29 53
30 30 53
30 30 53
29 28 53
29 29 52
28 28 52
29 29 52
29 29 52
29 28 52
29 28 52
30 29 51
29 28 53
29 29 52
30 28 52
29 27 52
28 28 52
29 28 52
29 28 52
29 28 52
29 29 52
29 27 53
29 27 53
29 27 52
28 27 52
28 29 52
29 26 52
30 28 52
29 27 51
29 28 52
30 26 52
29 27 51
29 28 50
29 26 52
29 28 53
27 26 52
29 28 51
28 26 51
28 27 52
28 26 52
28 25 52
29 26 52
28 27 52
28 26 52
28 26 52
28 25 52
27 26 52
29 25 52
29 27 51
28 27 51
29 26 51
29 28 51
29 26 52
28 25 52
29 26 50
28 26 51
29 28 50
29 25 52
29 27 52
27 27 51
28 26 51
28 26 52
28 26 52
28 26 51
28 26 51
28 27 52
28 26 52
27 25 51
28 25 50
29 27 53
29 26 51
28 27 52
29 27 51
28 27 51
29 26 52
30 27 52
29 26 52
28 26 52
28 25 52
28 26 52
27 26 51
28 26 51
28 26 51
28 26 51
28 27 51
27 26 51
29 26 51
30 26 52
29 28 52
29 29 52
29 27 52
29 29 52
29 31 53
29 29 52
30 30 53
30 29 53
30 30 52
30 31 52
30 33 51
31 33 52
31 34 52
31 33 52
31 33 53
33 35 53
33 35 53
32 35 51
32 36 52
33 37 51
34 33 48
34 39 53
34 36 52
35 37 51
35 39 51
35 39 52
36 38 51
34 40 52
37 37 51
35 41 52
36 40 52
36 40 50
36 40 52
36 40 50
37 40 50
35 40 51
36 40 49
36 41 50
36 42 50
38 41 50
36 43 50
36 42 50
37 43 51
36 45 50
38 44 50
36 43 49
36 47 50
36 46 47
37 47 47
37 47 49
36 46 48
37 47 48
37 47 47
36 46 48
41 60 52
37 44 48
36 48 49
37 46 48
35 47 49
37 44 48
35 46 48
36 44 49
36 44 48
35 47 49
35 44 48
36 44 49
35 44 48
35 42 48
37 44 48
37 43 51
38 42 50
35 42 50
36 43 51
35 43 50
35 44 50
33 42 51
35 44 51
36 41 51
35 42 51
36 43 51
35 43 51
36 42 52
37 41 51
36 41 51
36 40 51
35 41 51
37 41 50
37 41 50
37 41 49
37 41 50
37 43 49
37 42 50
38 44 49
38 41 49
38 41 50
40 41 50
38 39 50
38 41 50
37 39 48
35 42 49
35 43 49
35 43 50
34 43 50
33 44 50
31 46 51
29 44 51
29 48 53
28 45 52
30 45 52
32 46 50
30 46 49
32 44 47
32 44 47
32 45 46
31 44 45
33 45 44
34 46 45
33 45 46
34 44 48
34 45 48
33 42 50
32 41 52
32 42 53
33 45 51
33 46 53
31 44 56
32 41 56
33 41 54
34 42 51
34 43 51
34 41 50
36 39 49
36 41 48
34 40 52
36 37 53
35 36 52
35 35 54
36 35 54
35 33 54
36 36 51
35 38 53
34 38 52
35 40 52
34 41 51
35 43 51
33 39 52
32 41 52
33 40 52
31 42 52
31 39 52
32 38 51
33 38 52
31 39 52
32 41 51
34 40 52
34 41 52
34 41 51
32 41 51
32 41 51
31 41 51
32 41 52
31 41 52
32 39 52
31 39 52
33 40 53
31 38 52
31 40 52
31 40 52
31 40 51
32 40 52
32 40 52
32 40 51
32 42 52
33 41 50
31 41 50
32 42 51
32 42 51
31 42 51
31 42 50
32 43 52
32 42 51
30 41 51
31 41 51
32 40 51
