05 21 43
22 45 45
22 45 45
20 45 44
20 45 44
21 45 46
20 44 44
20 45 46
21 44 45
22 44 45
21 44 46
20 44 45
22 45 45
21 44 46
21 43 45
20 45 45
21 45 45
21 44 45
20 45 46
21 44 45
21 43 46
21 44 46
20 44 45
21 45 46
22 43 44
21 45 45
22 45 45
21 44 45
22 45 45
22 45 45
21 44 45
22 44 45
22 46 45
21 44 45
22 44 46
21 44 45
21 45 45
21 44 45
22 45 46
21 44 45
21 44 45
21 45 45
20 44 45
21 44 46
21 44 45
21 40 45
20 42 46
21 46 47
21 44 46
20 45 46
19 46 45
19 45 44
19 49 46
20 48 46
20 46 46
21 48 48
20 50 50
22 47 51
22 48 50
22 49 48
24 49 49
24 49 46
25 49 46
27 49 43
27 50 43
28 49 44
30 48 43
30 50 45
33 49 44
33 47 45
34 47 46
35 50 44
37 47 44
38 43 43
38 45 43
35 45 42
36 44 42
37 45 42
36 48 44
36 47 44
34 47 43
33 51 44
33 49 44
32 49 45
31 50 46
33 48 45
34 46 46
34 47 45
34 45 48
34 46 47
34 48 47
36 49 47
33 52 47
35 47 47
35 49 46
34 50 45
34 48 43
33 51 43
32 50 46
33 50 46
32 49 45
33 47 45
31 50 45
32 50 45
33 50 45
31 51 44
32 51 42
33 52 43
34 51 42
35 50 43
35 50 41
36 51 44
36 49 43
38 49 46
38 49 46
36 48 47
37 48 48
35 46 46
37 46 47
38 43 46
37 45 46
37 47 46
37 46 48
36 48 49
36 45 51
35 46 50
35 47 50
36 44 50
35 43 50
35 45 50
34 44 50
36 40 50
35 41 51
33 41 51
33 40 51
33 41 51
34 39 50
32 40 51
32 40 51
33 40 52
33 41 51
31 39 53
30 40 52
29 39 51
29 37 53
29 36 51
29 36 51
27 37 52
29 36 51
30 35 53
29 35 52
29 37 52
27 35 53
28 35 52
28 34 52
29 35 52
28 35 52
26 34 52
27 35 52
28 34 51
28 35 52
27 35 52
28 33 51
28 35 53
27 35 53
27 34 52
27 33 52
27 34 52
25 34 51
26 33 52
26 31 52
27 31 51
27 32 52
26 33 53
26 34 52
26 32 51
26 32 52
26 33 51
26 32 51
26 33 51
27 33 53
27 32 52
26 32 52
27 32 52
25 33 53
26 32 53
26 30 52
27 32 52
26 32 53
26 31 52
25 31 52
25 31 52
25 31 52
25 32 52
26 31 51
25 32 53
26 32 53
25 31 52
26 32 53
27 32 53
26 31 52
27 32 52
27 32 52
27 31 52
27 32 52
26 32 52
26 32 51
26 31 51
24 31 51
25 31 51
26 31 50
26 32 50
27 31 51
26 30 53
26 31 52
26 32 52
29 32 51
29 33 52
30 33 52
30 35 52
31 34 52
30 35 51
31 36 52
32 36 51
31 39 51
32 39 49
32 42 52
33 40 50
36 42 47
35 45 51
36 44 51
38 44 49
39 45 49
39 46 50
41 46 50
40 48 50
42 49 49
41 49 47
41 47 47
41 47 48
39 47 43
38 49 45
39 49 43
41 48 44
39 50 43
38 52 43
40 49 44
39 48 43
38 49 42
38 47 42
37 49 42
34 49 42
36 48 43
35 50 42
36 49 42
36 52 41
35 54 40
35 54 39
37 52 40
34 53 39
35 52 40
35 53 40
33 53 41
32 51 41
32 51 41
32 52 41
33 52 41
37 36 40
34 52 41
34 50 39
33 54 41
34 54 39
36 40 40
33 54 41
33 50 41
34 49 44
33 51 44
33 52 43
32 50 43
33 49 45
32 50 44
33 48 46
34 48 47
33 47 48
33 45 47
31 48 46
31 49 46
29 45 44
34 45 43
32 45 46
35 42 45
40 43 46
40 44 48
41 40 49
43 42 50
41 43 49
40 42 52
42 41 52
39 41 50
35 42 50
32 39 48
31 38 48
28 40 44
27 40 44
26 39 47
25 38 46
23 40 51
21 42 52
21 43 53
20 45 54
20 44 56
19 46 55
21 44 52
22 44 52
23 44 51
22 42 54
23 45 54
22 44 50
23 44 44
22 48 44
23 49 47
22 46 45
21 45 47
22 41 49
23 37 48
23 39 48
21 40 47
20 42 46
20 43 47
21 41 47
20 41 47
21 42 47
21 42 46
21 42 46
20 42 46
21 44 45
21 43 46
19 43 47
21 42 44
21 43 47
21 43 46
19 43 45
21 42 46
21 43 46
21 43 46
21 43 45
21 43 46
21 43 47
21 43 46
21 44 45
20 44 45
21 44 46
21 45 46
20 44 45
21 43 45
21 43 46
20 44 46
21 43 45
21 43 46
21 45 46
21 43 45
21 43 46
22 43 44
20 44 45
21 43 46
21 44 45
21 44 45
21 44 45
22 43 45
21 44 47
21 44 46
22 43 44
20 44 46
21 42 45
21 43 45
22 43 45
20 43 47
21 43 45
21 43 46
22 44 45
20 44 45
21 44 46
20 43 46
22 44 46
21 44 47
22 43 47
22 44 46
22 43 45
21 44 45
22 44 45
21 43 46
21 43 46
22 43 46
22 44 45
20 44 44
20 44 45
20 42 45
21 43 46
20 43 45
21 45 45
21 44 46
22 43 45
21 43 45
21 42 45
19 43 45
22 43 46
22 43 45
21 43 46
22 43 45
21 43 44
20 44 45
21 43 45
21 42 45
21 43 46
20 43 46
19 42 45
21 43 45
20 45 45
20 44 46
21 44 46
22 43 45
20 43 45
21 44 46
19 44 47
21 44 45
21 43 46
21 44 46
20 43 46
22 44 44
20 44 46
20 43 46
22 42 45
