34 49 46
34 50 47
35 48 46
35 48 46
33 47 45
34 49 45
34 47 45
33 48 46
35 48 45
34 49 45
35 50 45
35 49 46
33 48 46
34 47 46
34 47 46
33 49 46
35 49 46
34 48 46
33 50 46
34 48 46
35 49 45
34 49 46
35 48 47
35 48 46
35 48 46
34 48 45
35 48 46
35 48 46
35 49 47
35 48 46
34 48 46
36 48 47
34 47 47
33 49 46
34 48 47
35 48 47
33 48 47
34 48 48
32 47 48
33 47 47
33 50 47
30 49 48
31 49 48
32 47 47
32 47 47
31 48 46
32 47 47
34 45 47
35 46 48
38 46 50
40 47 51
40 46 50
41 45 49
42 43 49
40 44 49
40 42 48
38 42 47
39 41 48
39 42 49
39 42 49
40 41 48
39 41 49
40 42 48
38 41 47
38 43 49
39 41 49
40 41 49
40 41 50
40 42 50
40 44 49
40 41 51
38 40 54
39 42 54
38 42 54
38 41 55
37 39 54
40 37 53
37 38 52
38 36 48
36 33 50
35 34 50
35 33 51
33 33 50
32 32 52
31 32 52
31 29 49
31 31 53
30 30 52
29 31 52
28 29 52
28 31 52
27 30 52
27 29 52
26 28 51
25 28 52
25 27 53
25 29 52
25 29 52
25 27 51
23 28 51
25 28 51
24 27 51
24 27 51
24 27 51
24 28 51
23 28 51
24 26 51
23 28 51
23 27 50
23 27 50
24 27 51
25 27 50
23 28 50
25 26 50
23 27 50
23 28 49
25 26 51
23 25 50
24 28 50
23 27 50
23 27 50
24 26 50
23 27 51
25 27 50
24 27 51
25 25 50
23 26 50
25 27 51
25 26 51
24 26 50
24 28 51
23 27 50
24 26 50
24 26 50
24 26 50
22 26 50
23 27 50
24 27 51
25 26 50
24 26 50
24 27 50
24 26 49
23 28 50
23 27 50
24 27 50
24 25 50
23 27 50
25 26 51
24 27 51
24 26 50
25 27 50
24 26 50
23 26 50
25 27 50
24 25 49
23 27 50
23 27 50
24 26 51
23 27 50
23 27 50
25 27 51
24 27 51
24 27 50
25 26 51
25 28 52
26 29 52
26 29 51
27 27 53
27 29 52
29 30 52
28 28 54
30 30 53
31 31 53
31 30 52
32 30 51
32 30 51
32 33 52
33 31 52
34 32 50
35 33 49
36 33 51
36 33 52
39 35 51
40 36 52
40 38 52
40 38 50
42 39 51
40 40 51
40 40 52
41 41 51
41 41 51
41 40 51
40 42 51
39 40 50
41 40 50
41 41 49
40 45 55
41 41 50
41 42 47
41 42 50
41 42 51
41 41 50
41 41 50
40 42 49
40 40 49
39 41 49
40 41 50
39 41 50
40 40 50
39 40 50
39 41 49
40 40 49
40 40 49
40 42 50
40 41 49
40 43 49
38 43 50
39 44 49
40 44 47
39 44 48
38 44 49
38 47 47
37 47 47
36 47 46
34 47 46
34 51 46
34 50 47
34 52 47
32 53 46
34 51 43
33 52 43
32 48 44
34 49 44
34 48 44
33 50 44
34 50 44
34 49 44
34 51 44
34 51 44
34 51 42
35 51 44
35 50 43
34 50 43
33 50 43
33 51 44
34 51 43
35 50 42
33 51 43
34 50 44
34 51 43
34 50 43
34 50 44
34 50 43
34 50 43
34 51 43
34 50 43
35 51 43
33 49 42
33 50 43
34 51 44
34 51 43
34 52 43
35 49 43
34 50 43
33 50 43
34 50 44
33 50 43
34 51 44
34 49 43
34 52 43
34 50 44
34 50 42
34 51 44
34 50 43
35 50 44
34 50 44
35 49 44
34 51 44
34 51 43
34 49 43
34 50 44
35 50 43
35 50 43
35 50 43
34 50 43
35 52 44
35 50 43
33 49 43
34 50 44
33 51 43
35 49 44
35 51 43
35 51 44
35 51 44
34 50 43
35 50 43
35 51 44
34 50 44
35 50 43
34 49 44
35 50 43
35 51 43
34 51 43
34 49 44
34 50 43
35 50 43
34 51 44
34 52 43
33 50 44
34 50 44
34 50 44
35 50 42
33 51 44
34 50 43
34 50 44
35 51 43
34 50 43
33 51 44
34 50 43
34 51 43
36 50 42
34 49 44
34 51 44
34 50 43
35 49 43
34 51 43
35 51 44
33 51 43
33 51 44
34 51 44
35 49 43
35 49 44
34 52 43
35 51 42
34 51 43
34 50 43
34 49 43
34 51 43
35 50 44
34 51 43
33 50 43
34 50 43
34 51 44
35 51 43
34 50 43
33 50 44
33 51 43
35 50 43
33 51 44
34 49 44
34 50 44
34 50 43
35 50 43
34 50 43
33 50 44
35 50 44
