31 42 50
32 42 50
32 43 51
32 42 51
31 41 50
30 41 51
32 40 51
31 40 51
32 42 51
32 42 51
32 43 51
32 42 50
32 42 51
32 41 50
31 41 51
31 41 52
31 41 51
31 40 51
32 40 51
31 41 51
33 43 51
32 41 52
32 41 51
33 41 51
31 41 50
32 41 52
33 39 52
32 40 51
32 41 51
30 41 52
29 41 52
30 40 53
28 41 56
29 38 59
33 37 57
35 37 54
38 38 54
37 38 52
39 39 51
41 39 48
42 39 47
44 41 46
44 40 45
43 42 43
44 42 41
41 45 42
41 46 44
40 48 43
39 49 42
39 50 43
39 52 43
37 52 42
38 48 43
38 48 43
36 48 45
36 50 42
37 50 43
37 47 43
35 49 42
34 49 44
34 51 45
35 50 44
36 50 46
36 51 46
36 50 46
36 51 47
38 48 47
39 47 47
38 47 47
37 46 47
38 46 49
37 44 48
36 44 48
36 44 47
36 45 49
37 44 49
35 43 48
35 41 49
36 43 50
35 43 49
34 41 50
35 41 51
34 39 51
33 38 52
34 37 50
33 38 52
33 38 51
32 38 50
31 38 51
33 37 52
33 37 51
32 36 52
31 35 51
32 35 53
31 35 52
30 35 53
29 35 52
30 34 53
29 34 53
31 33 53
31 35 53
30 35 54
30 34 53
32 34 53
29 35 54
31 35 54
30 34 54
30 33 53
30 32 54
30 33 54
30 33 53
30 31 54
29 32 52
30 32 52
29 31 53
31 33 51
29 32 53
29 32 53
30 32 51
29 31 53
30 32 53
29 32 52
29 32 53
30 30 53
29 31 54
29 32 53
29 31 53
29 30 52
31 31 53
29 30 52
29 31 52
30 29 53
30 31 51
29 30 53
30 31 52
30 30 52
29 29 52
29 30 52
29 30 52
29 29 53
30 30 53
29 30 53
31 30 53
29 31 52
29 30 52
30 30 52
29 30 54
29 30 52
29 29 52
29 29 53
29 29 52
30 28 53
29 30 52
29 29 53
28 29 52
29 28 52
30 29 52
30 28 52
30 30 53
30 29 52
29 28 52
29 28 51
29 28 52
30 28 53
30 29 53
28 28 53
29 27 52
29 28 51
29 29 52
29 28 52
29 27 52
30 27 52
29 27 51
30 27 52
29 27 52
29 28 52
29 27 52
29 26 52
30 27 53
29 26 52
28 27 52
28 28 51
29 27 51
29 27 51
29 26 52
30 27 52
28 27 52
28 26 52
30 27 51
31 27 52
29 26 51
29 27 52
30 27 51
30 26 52
29 27 52
30 26 51
29 27 52
29 25 52
31 28 51
29 26 53
29 25 52
29 26 52
29 28 52
30 25 52
29 25 51
30 27 52
30 27 51
28 27 52
29 27 51
29 27 52
30 27 51
30 27 52
30 27 52
31 26 51
29 27 52
28 26 52
29 27 52
29 27 52
29 27 53
29 27 52
30 26 53
29 27 52
28 27 52
30 26 51
28 27 52
28 27 52
29 26 53
30 26 51
30 28 51
28 27 51
30 27 52
30 25 51
29 27 52
29 26 52
29 27 52
30 26 51
29 27 52
29 27 52
28 27 51
29 26 52
30 27 52
30 27 51
30 25 52
28 26 51
29 26 52
29 27 52
30 26 51
30 26 52
31 26 53
30 26 51
29 26 52
28 26 51
29 26 52
29 26 51
29 26 51
28 28 51
30 27 51
30 26 51
29 26 51
28 27 52
30 26 51
29 25 51
29 25 51
30 26 52
29 26 51
28 28 52
30 26 52
30 26 52
29 27 51
29 26 52
29 26 51
29 26 52
29 26 52
29 26 51
28 27 52
28 28 51
29 28 52
30 30 51
29 31 50
29 30 51
30 31 52
31 31 52
31 32 52
32 32 53
31 33 52
32 34 52
33 33 53
33 35 53
33 35 53
32 37 53
33 37 52
34 37 52
35 39 52
37 39 51
37 40 50
36 41 52
36 40 50
38 44 50
37 43 50
38 44 50
39 45 49
38 45 48
38 45 49
38 45 48
38 45 49
37 46 49
38 46 48
38 46 48
37 48 48
40 48 48
35 46 47
37 47 47
37 48 46
36 48 46
37 49 46
37 49 47
37 49 47
37 49 44
36 47 46
35 49 46
35 48 45
37 49 46
36 49 45
36 47 42
37 49 44
37 54 43
38 50 45
38 49 45
38 46 49
37 48 46
36 49 47
34 49 48
35 48 47
34 46 48
34 44 48
34 48 49
35 48 45
34 51 45
34 48 47
35 49 45
35 49 45
37 46 42
38 46 41
40 46 39
43 46 38
42 44 39
45 45 39
44 48 39
45 46 43
45 48 43
43 49 46
41 49 47
39 50 48
36 51 46
34 46 48
33 46 47
30 46 45
29 50 44
31 47 47
31 48 47
30 50 49
30 51 51
31 50 48
31 48 47
33 45 48
32 44 49
34 44 50
34 42 51
33 42 50
31 43 50
31 43 50
31 44 50
32 45 49
31 45 48
31 45 49
33 45 49
33 45 48
32 43 49
32 44 51
33 44 50
31 45 49
32 44 49
32 45 49
32 45 49
33 45 49
33 44 50
33 45 49
33 45 49
32 43 50
32 44 50
32 44 48
33 45 50
33 45 49
33 45 49
32 45 49
31 46 49
33 45 49
31 44 48
32 46 49
32 46 49
32 44 49
32 44 49
31 45 49
32 44 48
31 45 48
32 45 49
32 44 49
32 45 50
