32 40 51
30 40 52
30 40 52
30 41 50
30 40 51
32 40 52
31 40 52
31 39 51
30 40 51
30 39 51
29 40 51
30 40 51
32 41 52
30 41 53
30 40 52
30 38 50
30 39 51
29 40 51
30 40 51
32 41 53
31 40 53
31 41 52
31 40 51
30 39 51
29 40 51
31 41 52
30 38 52
30 41 52
31 40 50
30 40 51
30 41 52
31 41 51
31 41 51
31 39 52
31 40 52
30 39 51
29 40 51
31 40 51
32 41 52
31 40 53
29 40 51
31 41 52
30 41 51
31 41 52
31 42 52
31 40 53
29 40 53
31 39 51
31 39 51
29 39 49
30 39 49
31 39 50
29 40 51
29 40 53
29 40 52
30 37 52
30 39 51
30 40 50
30 39 50
30 39 52
31 40 53
31 41 52
30 41 52
30 41 52
31 42 50
31 41 50
32 41 52
31 43 53
31 40 52
31 41 50
31 41 51
30 41 52
31 41 51
31 41 50
31 42 50
31 41 51
32 42 51
32 42 51
32 41 51
32 41 52
31 43 52
31 43 51
32 42 51
32 43 52
30 41 51
32 41 52
32 40 51
28 42 51
29 45 52
28 39 54
32 44 50
30 41 53
32 44 54
34 44 53
36 48 55
38 47 53
36 47 51
36 44 48
41 43 50
40 43 47
39 44 48
36 44 49
38 43 47
39 44 46
40 45 46
38 41 47
38 42 47
38 40 46
38 42 44
40 44 47
40 47 48
40 45 46
38 41 47
38 44 47
40 45 46
40 43 52
42 43 47
41 44 48
41 48 47
42 47 49
41 47 50
40 45 49
41 46 50
42 45 48
42 44 48
43 44 48
42 42 49
41 42 48
41 41 49
40 40 48
40 40 49
40 40 50
40 41 50
42 40 50
42 40 51
41 40 51
39 40 50
40 40 51
41 39 51
39 37 51
40 37 51
39 37 52
40 37 51
38 37 52
39 37 52
40 38 50
39 36 52
39 36 52
38 35 51
39 36 50
37 34 53
37 35 51
37 35 52
37 34 53
37 35 53
38 34 54
37 34 53
37 34 53
36 34 54
35 32 52
36 33 52
36 34 53
36 34 53
35 32 53
34 32 52
35 33 54
35 33 54
35 33 54
36 31 53
35 32 53
35 32 53
35 33 53
34 31 53
35 30 53
35 31 53
34 31 53
33 31 52
33 31 53
34 29 53
34 30 53
34 31 53
36 31 53
34 30 53
34 30 53
33 29 52
34 31 54
34 30 53
34 30 53
33 31 54
34 30 53
34 30 52
33 31 53
33 29 53
32 29 54
33 30 52
34 29 52
33 29 52
33 29 52
33 29 52
32 29 52
33 29 52
34 29 53
33 30 53
34 29 52
33 30 53
33 29 52
33 29 54
33 29 53
33 29 53
32 29 53
33 30 54
33 30 53
32 30 53
33 30 52
33 29 52
32 29 53
34 30 51
33 30 52
33 30 52
34 32 54
34 31 53
33 32 53
34 32 53
36 32 53
35 33 53
34 33 53
34 33 52
35 32 53
35 34 52
34 34 52
33 35 53
36 35 53
36 35 52
36 36 49
37 36 51
39 37 51
40 38 49
38 39 48
39 37 49
41 39 49
40 40 50
41 40 49
41 41 51
42 41 50
42 42 51
43 41 50
42 41 51
41 42 49
42 44 50
40 46 49
41 46 49
43 45 49
41 45 48
43 45 48
40 46 47
39 44 46
40 46 48
42 45 46
40 45 47
40 47 47
42 46 46
43 48 46
41 46 48
40 46 47
40 45 48
40 45 46
40 45 47
41 44 44
41 45 48
42 47 45
43 47 44
41 45 48
42 41 52
40 41 46
41 48 46
40 46 46
40 45 47
40 44 47
39 43 45
37 36 46
36 43 47
37 40 47
37 39 49
39 42 49
39 41 50
39 45 49
39 46 52
38 44 51
39 43 51
39 44 52
37 41 49
35 43 51
33 43 53
33 41 52
31 41 52
32 41 52
31 43 50
28 41 55
28 38 55
31 41 53
31 40 52
30 41 53
31 40 52
31 40 52
30 41 51
31 40 50
31 39 50
30 41 52
30 41 52
30 40 53
31 41 52
29 39 51
30 40 51
29 40 51
31 41 52
30 41 51
30 41 50
30 41 51
31 42 52
30 41 52
30 41 52
30 40 52
30 41 52
30 40 51
30 41 51
30 40 52
30 41 53
28 42 52
29 41 51
29 40 51
28 40 50
28 40 51
29 40 51
30 41 52
30 40 52
29 41 52
29 40 51
31 39 51
30 40 51
30 41 50
29 41 49
29 41 51
29 42 52
30 40 51
29 40 52
29 42 49
31 42 51
29 42 52
29 42 52
29 40 53
29 40 52
30 40 50
30 40 51
30 40 51
29 40 52
30 41 53
30 41 52
28 41 51
29 41 51
30 40 51
30 41 51
30 41 50
30 42 52
30 40 51
29 39 52
30 40 50
31 41 50
30 41 51
31 42 51
30 41 52
31 41 52
30 41 51
28 40 51
30 41 51
30 40 50
31 41 51
31 41 52
30 41 52
28 41 51
29 40 52
29 41 52
29 40 51
30 41 51
30 41 51
30 41 53
30 40 52
29 40 52
30 40 52
29 40 51
29 39 51
29 40 51
29 40 50
30 40 51
29 41 51
29 40 52
29 40 52
30 39 51
29 41 50
30 40 50
30 41 50
30 40 52
30 40 51
29 40 53
30 41 52
29 40 51
30 39 52
30 41 50
31 39 51
30 41 52
29 41 52
29 40 51
29 39 51
29 40 52
29 40 51
30 41 51
29 41 51
29 40 52
29 40 51
28 39 52
29 39 52
28 39 51
30 41 50
31 40 51
29 41 52
29 39 52
28 40 52
29 40 52
29 40 51
