27 33 52
26 33 52
25 32 53
27 33 52
27 32 52
26 33 52
26 33 51
27 32 52
26 32 52
27 33 52
25 32 51
26 33 52
26 33 53
26 32 52
26 33 51
27 33 52
26 32 52
25 33 51
26 32 52
25 32 52
27 32 52
26 32 51
26 32 53
26 32 52
26 32 52
26 32 52
24 32 52
26 32 52
26 31 51
27 31 51
27 32 51
26 32 52
26 33 53
26 32 53
26 33 52
26 33 52
26 33 53
26 32 51
25 32 54
27 33 52
25 33 53
27 32 52
26 32 51
26 34 52
26 33 51
26 31 51
27 33 53
25 33 53
26 33 52
25 30 51
26 31 51
25 31 52
24 31 53
25 35 50
25 35 52
26 34 53
26 34 52
27 33 51
28 35 52
27 34 52
27 34 50
26 34 52
26 33 52
26 36 54
27 39 54
29 37 53
28 38 52
28 38 52
28 39 52
29 37 51
31 39 50
28 40 49
29 38 50
31 41 51
33 42 52
32 40 51
32 40 50
30 41 50
30 42 52
32 41 52
32 41 52
32 40 52
32 42 51
32 42 52
33 43 52
33 44 53
32 45 53
32 44 51
32 44 52
33 42 51
33 43 51
33 42 52
33 41 52
34 41 53
34 42 52
33 41 51
34 40 52
34 39 53
34 38 51
34 39 52
34 39 52
34 38 51
34 38 52
33 38 52
35 39 52
35 37 52
35 36 52
32 36 51
34 35 51
33 36 52
33 35 52
33 34 53
32 33 52
33 34 52
32 32 52
32 31 53
33 33 52
32 32 53
32 31 52
32 29 53
32 29 54
31 31 53
30 29 53
30 28 52
32 28 52
31 27 52
31 30 53
31 29 52
31 29 52
32 26 51
30 27 53
30 27 52
29 26 52
30 26 52
30 27 52
32 27 53
30 28 52
30 26 52
30 29 53
30 26 52
31 27 52
29 28 53
30 26 52
31 28 53
30 27 53
30 27 52
32 26 53
30 28 52
31 26 52
29 26 52
30 27 51
30 26 52
31 26 52
31 26 52
30 26 52
30 25 52
30 26 52
30 27 52
30 27 51
30 26 51
31 26 51
30 26 52
30 26 52
27 27 52
30 27 52
30 26 53
30 27 51
30 26 52
30 25 51
30 25 53
31 26 51
30 26 50
31 27 52
29 26 52
30 26 51
30 26 52
31 26 51
31 25 52
31 25 52
30 25 52
30 25 52
30 27 52
30 25 51
29 25 51
30 25 51
30 26 52
29 25 51
29 25 51
30 25 51
29 25 52
29 24 51
29 26 52
30 25 51
28 26 51
30 24 52
30 25 51
29 24 52
30 23 51
30 25 51
29 24 51
29 23 51
29 24 52
29 24 51
30 24 50
28 24 51
29 23 51
29 23 51
30 25 50
28 23 51
30 24 51
28 23 52
29 23 50
29 24 51
29 23 51
28 25 52
30 23 50
28 24 52
29 23 51
30 23 51
29 23 50
29 24 50
30 24 50
29 24 50
30 22 50
29 23 50
28 23 51
29 23 50
28 23 50
27 23 51
29 23 51
29 23 51
30 23 51
28 23 50
28 22 50
29 23 50
30 23 50
29 22 49
28 22 50
30 24 51
27 23 50
28 23 50
29 21 50
27 21 50
29 22 51
28 23 49
28 22 50
27 22 50
29 22 49
28 21 49
27 21 49
27 21 49
29 21 49
28 22 49
26 21 49
27 22 48
27 21 48
27 21 49
28 21 48
27 21 48
27 20 48
27 20 49
28 19 48
27 20 48
28 21 49
26 20 48
28 20 48
25 19 48
28 20 49
28 20 47
26 22 48
27 18 48
27 18 48
26 20 48
27 20 48
27 20 48
28 20 47
27 18 47
27 19 49
26 19 48
27 20 48
27 20 48
27 20 48
25 20 47
26 19 47
27 20 48
27 19 47
27 19 48
27 21 48
27 21 49
26 20 47
28 20 48
28 22 47
27 19 49
27 18 48
26 19 47
27 21 48
29 20 48
29 21 49
27 22 48
27 19 46
26 21 49
26 19 48
27 20 47
26 20 48
27 21 48
26 20 47
26 19 47
27 21 47
26 20 47
27 20 48
26 20 46
25 20 48
26 20 47
27 21 48
27 21 49
28 22 49
31 25 49
32 27 50
33 30 50
34 32 50
36 31 51
35 32 51
36 33 51
36 34 52
35 37 52
36 36 53
36 36 53
36 40 53
37 40 53
38 41 52
37 40 52
37 44 52
36 42 49
34 46 51
34 45 53
36 44 52
35 45 52
34 46 51
33 44 50
35 45 49
35 45 51
34 44 51
34 44 49
34 44 52
35 47 52
32 45 47
32 44 52
30 42 52
31 42 52
32 40 52
32 41 52
33 42 52
33 39 52
32 41 52
34 39 50
33 32 48
32 31 53
32 37 54
34 35 55
33 33 51
30 32 49
29 32 55
26 32 53
28 31 52
28 33 52
28 33 52
27 34 51
27 32 50
25 31 50
20 29 58
28 32 50
26 31 53
25 32 53
26 30 52
26 33 52
26 31 52
25 31 53
26 33 53
26 34 50
26 33 51
26 32 51
26 32 52
26 33 52
25 32 51
25 31 51
26 29 52
25 32 52
26 30 52
25 32 52
26 32 52
25 32 52
26 31 52
27 32 52
27 31 51
25 32 52
26 32 52
26 33 51
27 31 52
27 32 52
26 31 53
25 33 51
26 32 52
25 32 53
26 32 52
26 30 51
26 31 52
25 32 51
26 32 51
27 31 52
26 31 52
26 33 52
25 31 52
26 32 53
27 31 51
26 33 52
27 33 51
26 32 52
27 32 53
25 32 52
25 32 53
25 32 51
24 32 51
25 33 51
26 33 51
25 32 52
25 32 52
26 33 52
26 33 52
26 31 52
26 33 51
26 31 52
26 32 51
26 32 52
27 32 52
26 32 52
26 32 52
26 32 51
26 32 51
25 32 52
25 32 52
26 31 52
25 32 51
25 32 52
26 33 52
27 33 51
25 32 53
26 32 52
26 32 52
26 33 51
26 33 53
26 33 52
25 33 52
25 31 52
25 33 52
25 33 51
26 33 52
26 32 51
26 32 52
26 33 51
26 33 52
26 32 54
27 32 52
26 31 51
26 31 52
27 34 52
25 32 52
26 33 52
27 32 52
26 33 52
26 31 52
26 34 53
25 32 52
27 32 52
27 33 51
26 34 51
26 31 51
26 32 53
27 33 52
26 33 51
27 33 53
26 33 52
25 33 51
28 33 51
26 32 52
26 33 53
27 33 52
26 32 51
25 32 53
26 32 53
26 33 53
25 33 53
27 34 52
25 32 52
26 32 51
27 31 52
27 32 53
27 33 51
25 33 53
26 32 52
26 33 52
26 32 52
26 33 52
27 33 52
