34 49 33
34 49 45
34 50 45
35 49 46
33 50 45
34 50 45
35 48 45
34 49 46
34 48 46
34 48 45
33 49 46
34 48 46
34 49 45
34 49 45
34 49 45
34 48 46
34 49 46
35 49 45
35 48 45
34 48 45
33 48 45
35 48 45
34 48 45
35 50 46
35 48 46
34 48 45
33 48 45
33 50 45
34 50 46
34 49 46
35 49 46
33 48 45
35 50 45
35 49 45
34 49 45
35 49 45
35 49 45
34 50 45
33 48 45
34 50 46
33 49 45
34 50 45
34 50 44
34 49 46
34 50 45
34 48 45
33 48 45
34 49 45
34 49 45
35 48 46
34 50 45
35 49 45
34 50 44
33 49 44
34 49 45
33 50 45
34 50 46
35 49 46
33 49 46
35 50 47
34 48 46
34 49 46
33 48 46
32 48 46
35 48 45
34 49 45
33 47 45
34 49 46
34 47 45
33 49 46
34 50 45
34 48 46
34 49 46
34 49 46
33 49 46
34 49 46
35 50 46
34 50 45
32 52 45
34 53 45
34 52 45
35 50 44
35 48 44
36 49 45
36 49 45
38 48 46
40 48 47
40 46 48
41 46 48
42 45 48
42 45 48
41 45 47
41 43 46
40 43 45
40 42 46
40 42 46
41 42 47
41 43 47
40 44 47
41 44 48
42 43 48
40 43 48
40 41 47
40 43 50
40 40 50
40 42 49
40 42 49
40 43 49
40 42 50
40 41 50
42 42 49
41 41 48
41 42 49
41 40 50
39 41 50
39 39 50
39 40 52
40 41 50
38 41 52
39 42 52
40 42 52
41 41 51
38 41 50
38 40 51
37 40 51
37 40 52
37 38 52
37 36 53
37 35 52
37 34 52
35 33 53
35 33 52
35 31 52
33 32 53
34 32 53
33 32 52
32 33 52
35 32 52
34 31 53
33 31 52
33 31 53
31 30 52
31 30 53
30 30 52
31 30 53
30 31 53
29 29 53
28 30 52
29 30 52
27 29 52
27 29 53
26 28 52
26 27 52
25 28 51
26 29 52
25 29 50
25 28 51
24 29 50
24 27 51
25 28 51
24 28 52
24 28 51
24 28 50
24 28 51
23 28 51
23 29 51
24 28 51
23 27 50
22 28 50
22 29 50
24 27 50
23 28 50
22 27 50
23 28 50
24 27 50
23 28 50
23 27 50
22 27 49
23 28 50
22 27 50
23 27 50
23 28 50
23 29 50
23 28 50
22 28 50
23 27 50
22 27 50
22 27 50
24 27 50
23 27 50
23 27 51
22 27 50
24 28 49
22 28 50
23 28 50
23 27 50
23 28 50
23 28 51
23 28 49
23 27 49
22 28 50
23 28 49
23 28 50
23 28 50
23 27 50
22 28 50
25 29 50
24 28 50
24 26 51
25 27 50
24 28 51
23 28 51
23 28 51
24 27 50
23 27 52
25 28 51
25 28 51
25 28 51
25 29 51
25 28 51
25 28 51
25 28 51
26 28 52
27 29 51
27 28 52
26 29 52
28 29 52
29 29 52
30 32 51
30 30 52
31 32 53
30 31 54
32 31 53
32 32 53
32 33 53
34 32 52
33 32 52
33 33 53
34 33 53
35 33 51
35 34 52
35 33 51
36 36 50
37 36 51
37 36 52
38 36 50
37 37 51
39 38 51
40 39 52
40 41 52
41 40 52
41 41 52
41 42 52
41 41 50
41 42 51
41 44 54
41 42 50
41 42 49
42 42 50
42 43 50
42 41 48
41 39 49
41 41 48
40 42 49
40 41 50
39 41 50
40 39 49
40 42 48
39 41 49
40 40 49
40 41 50
40 40 50
40 40 51
39 42 50
40 41 50
39 40 49
40 43 49
40 45 47
41 46 47
39 46 46
37 45 47
38 47 49
37 47 48
39 48 48
36 49 49
37 46 47
37 48 44
37 46 45
37 47 45
36 48 43
34 50 44
32 58 47
32 53 42
33 51 41
34 52 43
34 50 45
33 50 43
34 49 43
33 51 44
35 51 44
33 49 44
34 52 44
34 51 44
34 50 43
35 50 44
35 50 42
34 50 43
34 50 43
35 49 43
34 50 43
33 50 42
34 51 42
33 51 42
34 51 43
36 51 42
34 50 43
35 50 42
34 50 42
35 50 43
34 50 42
35 51 43
35 49 42
34 51 43
34 51 42
34 51 42
34 51 43
35 51 43
34 50 42
34 51 42
33 50 43
34 50 42
33 51 42
35 51 43
35 51 42
34 51 43
36 51 42
35 52 42
34 51 43
34 52 42
35 50 42
34 52 42
34 51 42
34 50 42
34 50 43
34 51 42
34 50 42
33 52 43
34 49 44
35 51 43
35 51 43
34 51 43
34 50 43
34 50 43
34 50 43
35 52 42
34 51 43
33 51 42
34 51 43
35 50 42
33 50 43
34 51 43
33 51 42
35 52 42
34 51 44
34 51 43
34 51 42
34 50 43
35 51 42
35 49 43
34 51 42
35 51 42
34 51 43
35 51 43
35 52 43
35 51 42
35 51 43
34 50 42
35 51 44
35 51 43
34 51 43
