34 40 51
33 40 52
33 41 52
32 39 50
34 40 52
32 40 51
34 39 52
34 39 52
33 40 52
35 40 52
33 39 52
33 38 51
34 39 51
34 40 51
33 40 51
34 41 51
33 40 52
33 39 52
33 41 51
33 39 52
34 39 52
33 40 51
33 39 51
33 39 52
34 41 51
33 40 52
34 39 51
34 40 51
34 40 51
34 40 52
33 39 52
33 40 51
33 39 52
34 39 51
34 40 51
34 41 51
34 41 52
34 40 51
34 40 51
33 40 52
34 40 51
33 41 51
34 39 52
34 40 52
33 39 52
33 40 52
34 40 52
32 42 52
33 43 55
36 41 54
34 40 52
34 41 52
37 41 50
37 42 51
38 42 53
39 40 52
41 38 50
39 41 52
39 38 50
40 40 50
39 38 49
40 38 48
39 39 48
37 40 51
38 40 49
36 39 50
37 40 52
35 39 51
35 38 53
38 41 52
35 38 51
37 45 51
34 39 51
36 42 49
37 41 53
36 42 52
36 41 53
35 39 51
34 38 54
35 42 55
36 38 53
36 38 51
35 38 51
36 38 51
37 37 51
36 37 51
37 34 50
36 34 52
37 34 50
37 32 51
35 32 51
37 32 52
34 31 52
35 29 52
34 29 52
35 29 52
34 30 52
35 29 52
34 29 52
34 27 53
32 28 52
32 27 54
30 27 53
31 26 52
31 27 53
32 26 52
31 24 52
30 25 52
31 26 51
30 25 52
31 23 50
30 25 52
30 25 51
30 25 51
29 24 51
31 24 51
31 24 51
32 23 50
30 23 51
32 23 51
29 23 50
30 24 49
30 23 50
30 23 51
29 23 50
31 23 51
30 24 51
30 22 51
30 22 51
29 23 51
30 23 50
30 24 50
30 22 50
29 23 51
32 23 50
31 22 51
29 22 51
29 23 51
30 22 50
30 22 49
30 22 51
29 22 49
30 22 50
31 23 50
30 22 50
30 22 50
29 22 50
30 22 50
30 22 49
30 21 50
30 20 50
30 23 50
30 20 50
30 21 50
31 24 50
30 22 50
30 23 50
30 23 50
30 22 49
29 22 50
29 23 50
30 23 50
29 22 51
31 20 50
30 22 50
29 22 50
30 23 50
29 22 51
30 24 51
31 24 50
29 23 51
29 23 51
31 23 50
31 22 50
31 23 51
30 24 51
31 23 50
31 23 50
31 24 51
31 24 51
31 26 51
31 24 52
30 25 51
30 24 51
31 25 51
30 25 52
30 24 51
30 25 52
31 25 51
31 25 51
30 25 51
30 25 51
31 25 51
31 26 51
30 25 51
31 26 52
31 25 51
30 25 50
30 24 51
30 24 51
31 24 51
31 25 51
31 25 51
32 25 51
32 24 51
31 25 51
30 25 51
31 26 51
33 25 51
32 25 51
32 26 51
31 25 52
30 27 51
31 27 52
32 28 52
33 25 53
32 27 53
34 28 52
34 29 52
34 29 52
35 30 52
36 31 50
37 33 51
37 32 53
39 33 51
39 37 51
39 37 52
39 35 52
41 37 51
40 38 50
39 39 52
40 41 52
40 38 50
38 41 52
38 39 52
38 41 51
39 41 52
39 41 50
39 40 51
38 41 51
40 41 51
38 41 50
39 41 52
40 43 50
40 41 51
39 41 50
39 42 50
39 41 49
38 41 49
40 41 51
39 43 51
39 39 48
38 42 51
38 44 50
37 40 49
35 41 51
37 40 48
37 37 46
38 43 52
37 40 50
38 40 50
38 44 51
38 42 50
37 43 50
38 45 48
37 43 50
36 46 49
37 47 48
35 46 51
36 44 48
36 44 48
34 45 50
36 43 48
36 46 51
33 49 53
32 47 49
34 45 50
33 45 48
34 46 50
34 43 49
35 45 49
34 45 49
34 44 49
33 44 50
35 45 49
34 45 49
34 45 48
34 44 49
34 44 50
34 44 50
34 44 49
32 43 50
33 44 50
34 45 49
33 43 49
33 44 50
33 43 50
32 43 50
34 43 50
33 44 50
33 43 51
33 42 49
35 44 50
34 44 50
34 44 50
32 43 49
33 43 50
33 45 49
33 44 50
32 44 50
34 45 51
33 44 50
33 43 49
34 44 50
34 43 49
33 44 49
33 42 51
34 44 50
30 44 50
33 42 51
33 42 50
32 44 50
31 40 51
34 42 51
34 42 52
31 37 50
33 40 50
34 38 52
33 38 52
33 42 52
34 41 50
33 40 53
33 40 51
34 41 51
33 43 52
32 41 52
