27 30 53
26 31 50
26 31 52
26 32 52
27 32 52
25 30 52
27 33 53
25 32 52
27 31 52
26 31 51
25 32 51
26 31 51
26 31 52
26 32 53
25 32 52
26 31 52
26 32 52
27 31 52
26 32 52
26 31 52
27 31 52
25 31 53
26 31 51
26 31 52
26 31 52
25 32 52
26 33 52
26 31 51
25 31 51
26 31 52
26 31 53
26 31 52
25 31 53
26 32 51
27 32 52
27 33 53
26 32 52
26 32 51
27 33 51
28 32 53
27 34 52
27 34 53
29 34 52
28 36 53
27 34 52
28 35 52
30 37 54
33 37 55
32 38 52
31 39 50
29 41 50
29 41 51
30 40 52
30 39 52
30 41 50
30 42 51
33 41 51
31 43 49
32 43 51
33 43 51
33 43 50
33 42 51
32 45 51
34 43 51
33 43 51
34 42 50
35 44 48
33 44 48
33 45 46
32 45 47
33 46 49
33 47 49
35 46 50
34 46 50
36 48 49
35 46 48
36 46 47
35 46 48
35 46 48
35 47 48
36 48 49
36 47 49
37 47 49
37 47 49
36 48 49
37 47 49
36 47 48
36 47 48
37 47 48
37 46 48
37 45 48
39 44 48
37 43 48
36 43 48
36 44 48
38 44 48
38 45 48
37 45 47
37 44 48
38 43 49
38 44 49
37 44 49
37 43 48
36 44 49
37 43 50
37 44 50
38 43 50
36 42 50
36 41 49
36 42 50
34 41 51
35 41 50
36 41 52
36 42 51
36 41 51
35 39 51
35 40 52
35 40 51
35 40 51
34 39 51
34 39 52
34 39 52
33 40 52
34 39 52
34 38 53
34 37 54
33 37 52
33 37 53
34 35 51
33 37 53
33 38 54
34 37 52
33 36 53
33 36 54
34 35 54
34 37 52
34 37 52
35 38 54
33 36 54
33 34 53
33 35 53
35 34 53
32 35 52
33 35 54
34 36 54
34 35 52
34 35 52
34 35 53
34 35 53
33 35 53
33 34 53
34 34 53
34 35 54
32 35 53
32 35 53
34 36 53
33 36 54
33 34 53
34 36 54
34 34 54
33 33 53
33 34 54
33 33 54
33 32 52
33 35 54
33 34 54
35 34 53
32 34 53
34 32 54
33 32 53
33 33 53
32 33 53
32 31 54
33 31 53
32 32 53
33 32 54
33 30 53
32 30 53
32 33 53
32 33 54
32 32 53
33 31 52
33 30 55
32 31 53
34 30 54
33 30 53
32 31 53
33 31 52
31 31 54
31 29 53
32 27 53
32 29 54
31 30 52
32 29 52
32 30 53
32 30 54
32 30 53
32 28 53
32 29 53
32 31 53
31 29 52
32 29 54
32 30 52
32 30 54
31 30 53
32 29 53
31 28 53
31 28 53
32 29 53
32 31 53
32 28 53
32 28 52
31 29 52
31 28 52
32 28 52
33 27 52
32 30 52
31 28 53
32 27 53
32 28 53
33 28 52
33 28 53
32 29 53
30 27 52
33 28 52
33 28 53
32 29 52
32 28 53
33 29 53
32 28 53
31 27 53
32 29 52
33 30 52
32 27 52
32 29 53
31 28 53
33 28 53
32 29 52
32 28 53
32 29 53
31 29 52
32 27 52
32 28 52
32 27 52
32 29 53
31 28 52
32 28 53
33 27 53
33 28 52
32 29 54
31 29 53
32 29 53
33 30 53
33 28 52
32 28 53
33 28 52
33 26 51
32 27 52
31 27 52
31 27 52
32 27 53
32 29 53
32 28 51
33 29 51
35 31 52
34 32 53
32 33 52
34 33 54
36 34 54
35 34 52
35 34 52
34 34 53
35 35 52
36 36 52
34 36 53
35 35 53
35 35 53
35 38 52
35 37 52
34 37 52
35 38 51
35 39 52
35 39 51
36 40 51
37 40 52
37 41 51
37 42 52
37 43 51
36 43 50
38 44 51
37 45 51
35 45 50
36 44 50
36 44 50
35 45 50
36 43 49
35 46 52
35 46 50
34 44 49
35 45 49
35 44 50
32 43 49
33 44 51
33 45 49
33 45 51
32 44 51
34 43 53
32 43 52
32 40 52
33 41 52
33 42 52
32 44 52
33 41 52
33 40 49
34 41 52
35 39 48
35 36 50
33 34 49
31 37 52
31 42 50
32 39 50
32 36 51
30 37 51
30 32 50
24 35 53
22 33 52
25 29 58
25 24 51
25 31 52
25 33 52
25 32 52
26 28 52
26 32 52
24 31 51
26 30 52
24 31 51
25 31 51
26 32 52
25 32 51
25 32 51
25 32 52
25 32 51
25 32 52
26 32 51
24 31 51
26 33 52
25 31 52
26 31 52
26 31 51
25 32 52
25 32 51
24 31 52
24 32 52
26 31 51
25 32 52
25 31 52
26 31 52
27 31 52
26 33 52
26 32 51
25 31 53
27 31 51
27 32 53
26 32 51
26 31 51
25 31 52
26 32 52
26 31 52
26 32 51
26 32 52
26 32 52
26 32 51
25 32 51
26 32 51
26 32 52
26 32 51
26 31 52
24 33 53
26 32 52
26 31 51
25 32 52
26 33 52
27 31 52
25 31 52
26 31 51
26 32 52
26 31 52
27 32 51
26 31 53
26 32 52
26 32 52
25 31 52
26 31 51
25 31 51
27 31 52
25 32 52
26 31 51
25 32 52
25 31 52
25 31 52
27 32 53
25 33 52
26 31 52
26 32 52
26 32 52
25 32 52
26 31 52
26 33 52
26 31 51
26 32 52
25 32 52
25 33 52
25 31 51
26 31 51
26 32 51
26 32 52
25 31 52
