42 50 37
30 41 51
30 41 51
28 42 50
31 41 51
31 43 50
30 40 51
29 40 50
31 41 51
30 41 51
31 41 50
29 41 52
31 42 51
31 41 51
30 42 52
31 42 52
30 41 51
31 45 55
32 42 55
33 40 53
34 39 52
35 39 53
36 39 54
34 40 54
33 41 51
32 40 51
33 40 53
33 39 53
34 38 52
35 37 52
33 39 53
33 37 52
33 38 51
33 38 51
33 39 52
32 39 52
32 41 52
33 43 52
33 42 50
31 42 50
31 42 49
30 42 50
31 42 48
30 41 48
30 41 48
30 42 49
29 41 47
29 45 46
28 44 47
30 47 46
29 47 45
31 50 46
30 46 47
33 47 48
34 50 47
32 51 47
34 53 45
33 52 46
34 52 42
32 51 41
31 46 43
31 48 44
35 50 46
35 49 44
33 50 45
35 50 44
34 51 45
36 51 44
36 50 45
36 52 44
36 50 43
36 50 44
36 50 44
38 49 44
37 49 44
38 50 44
37 50 44
37 50 44
36 49 45
37 49 45
38 51 45
36 49 45
37 48 46
35 48 45
34 49 46
35 47 47
33 46 47
35 46 46
34 46 49
33 44 49
32 43 49
31 44 49
32 43 48
30 43 51
31 43 49
30 41 49
29 40 51
28 40 51
30 39 49
30 40 52
28 39 52
30 40 51
29 39 52
30 37 52
29 38 52
28 38 51
26 39 52
27 36 51
28 35 51
27 35 52
27 35 52
26 33 52
25 33 51
25 33 51
26 33 52
26 34 52
26 34 52
25 33 53
25 33 53
26 34 52
24 33 52
24 33 52
24 31 51
24 32 51
24 31 52
25 31 51
25 30 51
24 31 51
26 31 53
26 30 52
23 31 50
24 30 51
25 29 51
24 30 51
24 31 51
25 30 51
24 30 50
24 30 50
23 30 50
24 29 50
23 28 51
23 28 50
23 28 51
21 30 51
23 28 50
23 29 50
23 28 51
23 28 51
24 28 51
23 29 50
23 28 51
23 28 50
24 27 50
23 28 51
23 28 50
23 29 51
23 29 49
24 27 50
23 28 50
24 28 50
23 28 50
22 28 50
23 26 48
24 26 50
23 28 49
23 27 49
24 27 50
22 28 50
23 27 49
23 27 49
23 27 50
24 26 51
23 27 49
25 27 51
24 27 50
23 26 50
22 27 50
22 27 49
23 25 49
22 24 49
22 25 47
22 26 50
22 25 48
23 26 50
23 27 49
23 27 49
23 25 50
22 26 49
22 25 49
24 26 50
23 26 49
23 26 50
22 25 48
23 25 48
22 25 49
22 25 48
22 26 49
22 24 49
23 25 49
22 25 48
24 25 50
22 26 48
23 26 49
23 26 48
22 24 49
23 25 48
21 26 48
22 25 49
21 25 48
23 24 49
22 24 49
21 24 49
22 24 48
22 24 48
23 24 48
22 25 48
24 25 48
23 25 49
23 24 47
22 24 49
22 25 47
23 24 48
23 23 48
21 23 49
22 23 48
21 25 49
22 25 49
22 26 49
23 29 49
24 27 50
23 27 51
24 28 50
24 30 52
24 28 51
23 31 49
24 30 52
24 31 52
25 30 51
24 32 53
25 33 52
26 35 53
28 34 52
28 36 52
30 37 49
30 39 52
32 37 51
33 38 52
32 40 48
33 41 50
32 39 50
33 42 49
34 43 49
33 41 49
32 43 49
33 43 50
34 43 49
34 45 49
34 47 49
34 47 47
33 48 47
34 49 47
33 48 46
34 50 45
35 51 46
35 51 46
34 50 44
34 51 44
34 47 48
33 51 45
34 50 46
34 47 43
35 48 43
34 48 45
36 49 43
36 49 43
36 50 44
37 51 44
36 51 45
37 51 44
35 50 43
35 48 42
35 49 44
34 48 45
34 50 43
35 51 45
35 49 42
33 47 45
32 49 45
32 46 43
31 45 44
30 45 44
28 45 44
32 44 43
32 45 40
34 46 46
34 48 47
35 44 46
35 49 48
36 48 48
37 45 46
36 45 49
35 46 51
34 45 47
31 45 52
30 42 51
28 40 50
29 40 55
27 39 55
29 41 58
29 41 55
29 40 51
28 38 48
27 40 51
29 38 53
28 39 52
27 39 52
28 40 51
28 40 50
28 38 50
29 39 52
27 38 52
28 39 52
28 38 51
27 38 52
27 38 52
28 37 51
26 39 52
28 39 52
29 38 50
27 39 51
27 39 52
28 38 51
28 38 51
27 38 52
27 37 52
27 37 51
26 37 52
27 38 51
26 38 51
28 36 51
27 36 52
27 39 51
27 38 51
26 38 52
26 37 52
27 38 52
27 38 52
26 37 52
27 37 52
26 37 51
27 36 53
27 36 51
27 38 52
28 38 51
26 39 52
28 36 52
27 37 51
26 37 51
27 37 51
27 37 51
28 38 51
26 37 51
27 38 52
26 37 52
27 38 52
28 37 52
28 37 52
27 38 51
26 38 51
26 36 52
26 38 51
27 37 52
