30 27 52
31 27 53
29 28 53
30 28 53
30 29 54
31 29 53
31 29 53
29 27 54
30 28 54
30 28 54
30 29 54
32 30 53
32 28 53
33 29 53
32 28 53
32 29 54
33 28 54
34 26 54
34 27 53
37 29 55
36 28 54
36 28 54
38 27 53
37 28 54
37 30 52
38 28 52
39 28 51
40 28 49
38 31 47
38 31 48
36 27 49
37 29 51
36 32 51
38 32 52
35 32 51
36 35 51
37 35 50
36 35 53
37 37 53
35 34 51
37 37 53
38 40 52
37 40 52
37 40 51
37 40 52
36 37 53
36 37 53
37 41 52
36 39 53
39 40 53
37 38 50
39 40 51
38 39 50
37 39 51
36 42 53
37 41 53
36 42 53
36 41 55
37 40 54
37 40 52
37 40 54
39 37 53
37 38 50
38 39 51
38 37 50
39 35 51
37 35 50
39 37 52
38 35 52
36 33 48
36 35 51
35 32 50
34 28 53
34 29 49
31 31 50
31 26 52
32 26 52
32 31 51
31 30 52
29 27 51
29 23 52
29 25 52
28 27 52
28 24 50
28 25 52
28 26 51
27 24 50
25 23 50
25 22 50
24 26 50
25 24 52
26 22 50
26 24 50
26 25 49
25 25 50
25 23 51
25 23 50
25 24 50
25 25 50
25 22 50
24 23 49
24 25 50
25 22 50
24 24 48
24 24 49
25 24 49
24 23 48
24 22 48
23 22 50
24 23 48
26 22 49
24 23 48
24 21 49
22 21 50
25 22 49
23 24 47
23 22 48
25 21 49
24 23 48
25 24 48
24 22 48
24 21 49
23 22 48
23 23 49
25 22 47
23 22 47
24 22 48
24 22 47
25 23 48
25 22 47
24 21 47
24 19 48
24 22 47
24 22 48
24 22 46
22 17 49
24 20 47
23 19 46
24 23 47
25 20 46
23 21 47
23 22 47
22 21 47
25 20 45
24 20 46
24 20 46
24 19 47
23 18 47
24 20 45
24 19 46
24 20 46
25 20 46
24 20 46
25 20 46
24 20 45
24 20 47
24 20 46
24 21 47
24 21 47
25 21 48
25 21 47
24 21 47
24 21 47
24 21 47
23 21 46
23 20 47
24 22 46
23 21 47
26 22 46
24 21 47
23 19 48
24 21 47
25 20 47
25 22 47
24 21 47
25 19 47
23 21 46
24 20 46
25 21 48
25 20 48
24 22 48
24 20 47
25 22 48
26 22 48
24 22 48
24 22 48
25 21 47
24 22 48
24 21 48
24 20 45
24 21 48
24 21 47
23 20 49
24 21 47
24 21 47
23 21 47
24 21 47
24 22 48
24 21 49
25 22 47
24 21 48
25 20 47
24 21 49
25 22 47
24 23 48
25 21 48
26 22 49
24 20 48
25 24 48
25 21 47
25 22 47
24 22 49
25 23 48
24 24 50
26 21 49
26 23 50
26 23 49
26 23 50
27 22 50
26 23 51
27 24 50
28 24 50
29 23 49
28 26 50
28 23 51
29 24 52
29 25 51
29 26 52
29 25 51
30 26 52
31 26 51
31 26 52
32 28 53
32 27 52
33 28 53
32 27 53
32 28 53
33 30 53
33 32 53
35 31 53
35 32 52
36 32 52
37 34 52
36 32 51
38 33 52
37 34 52
39 36 52
38 37 51
40 37 53
39 38 52
38 37 50
38 39 52
39 38 51
38 38 50
39 38 51
39 38 50
38 38 52
38 40 51
39 39 51
38 40 52
38 41 51
40 41 50
39 40 51
40 41 50
40 42 50
39 41 49
40 43 50
40 42 50
40 42 50
39 39 51
38 41 49
40 40 50
39 40 50
39 41 49
39 43 48
40 44 50
44 45 50
43 43 49
40 39 48
41 40 48
38 43 49
39 43 50
40 40 50
39 41 51
39 40 50
37 41 51
38 40 52
37 40 53
38 39 52
36 38 51
36 38 51
36 39 50
37 38 50
37 38 48
38 40 46
38 39 50
37 39 51
38 38 44
38 43 52
38 36 54
38 34 54
36 34 53
38 33 54
38 35 53
40 34 50
37 32 49
41 45 61
38 43 59
31 40 52
31 35 55
34 40 53
38 40 52
35 41 52
37 43 50
38 42 50
36 40 51
35 39 51
36 42 52
35 39 52
35 39 52
37 38 52
34 40 50
35 40 52
36 38 52
35 39 52
35 39 51
36 39 52
36 38 52
34 39 51
35 41 52
35 41 52
35 39 53
35 42 52
35 41 51
34 40 52
36 41 51
36 40 52
35 41 51
35 40 51
35 42 51
35 41 52
35 39 51
36 41 52
36 41 51
35 41 52
36 41 51
35 41 52
35 39 50
36 42 51
34 41 52
36 39 52
35 41 52
36 42 52
35 40 52
35 41 51
35 42 51
36 39 50
36 41 51
36 39 51
35 41 51
36 41 51
34 40 51
35 42 51
35 41 51
36 40 52
35 41 52
35 41 51
35 41 51
35 41 51
36 41 51
36 41 51
36 41 51
34 40 51
35 40 52
36 40 51
36 40 52
35 41 51
36 41 51
35 40 52
35 41 51
36 40 52
37 41 52
35 40 51
35 40 51
35 41 51
35 40 51
35 40 51
35 41 50
35 41 51
35 40 52
35 40 52
35 41 51
35 40 51
35 41 52
35 40 52
35 41 51
35 41 51
36 40 52
35 40 51
35 40 51
36 40 51
36 40 51
36 40 51
34 41 51
36 41 52
34 41 52
35 40 52
35 40 51
35 41 52
34 41 52
35 40 51
36 40 51
35 40 51
37 40 51
34 40 51
36 41 51
36 40 52
35 40 51
35 40 51
36 41 51
35 41 51
36 41 52
36 40 51
34 40 51
34 39 51
35 39 52
35 41 51
34 41 51
