31 40 51
30 41 51
30 33 32
31 42 51
31 41 51
31 41 51
31 41 51
31 42 51
30 40 51
30 41 52
30 40 51
31 42 52
30 39 51
31 40 52
31 41 51
30 41 52
31 41 52
30 40 52
30 41 52
30 40 51
32 40 52
30 40 51
31 41 51
31 42 51
31 40 50
30 40 51
31 41 51
30 41 51
31 41 51
31 40 51
31 40 51
32 40 51
31 41 51
32 41 51
31 40 51
30 41 51
30 41 51
31 40 51
31 41 52
31 41 52
32 42 52
31 41 50
32 42 51
30 40 51
31 41 50
30 41 51
30 40 51
31 40 51
30 40 51
31 41 52
31 41 52
31 42 50
30 42 52
32 41 53
32 42 53
32 40 52
32 40 52
34 40 53
33 42 54
35 40 53
35 41 53
37 40 54
36 41 54
35 40 54
35 41 55
34 41 54
33 41 53
34 41 53
32 42 53
31 44 52
33 44 51
32 41 48
31 43 47
31 41 49
31 41 47
31 43 46
30 41 48
30 41 46
30 43 47
31 43 47
31 43 48
32 44 46
32 43 47
33 45 47
33 48 49
34 46 44
33 50 42
34 50 46
34 48 43
31 52 42
31 52 44
30 52 43
30 53 44
32 54 42
30 49 44
30 52 40
32 52 41
31 51 40
32 48 40
33 49 42
33 51 43
34 51 43
34 50 43
35 52 44
35 52 43
35 54 44
37 54 43
36 51 43
39 52 42
37 52 43
37 52 44
37 50 42
37 50 44
38 51 42
37 49 43
35 47 45
36 48 45
37 48 46
37 49 48
35 48 44
36 48 46
35 45 44
37 46 47
34 44 47
33 44 48
34 45 50
34 43 48
33 44 50
32 41 51
32 42 51
30 42 51
31 40 52
30 41 51
30 40 50
30 39 52
28 37 50
29 38 51
30 38 53
29 37 51
29 39 51
30 37 52
28 37 52
29 35 52
28 35 53
29 35 52
28 35 52
27 34 52
30 35 51
29 34 51
29 34 52
29 32 53
28 32 53
28 33 52
27 33 54
29 33 52
28 31 52
27 32 52
27 33 52
28 31 52
28 32 52
27 31 52
28 30 52
27 29 51
26 30 53
27 29 52
26 29 52
27 29 52
27 30 51
26 30 52
27 30 53
27 28 52
26 28 51
27 28 50
26 29 52
27 28 52
26 30 51
26 29 51
27 28 51
28 28 52
28 30 52
27 28 53
26 27 51
27 28 51
26 27 52
27 27 50
27 28 51
26 28 51
27 28 51
25 26 51
26 28 51
26 27 51
26 26 52
27 26 51
26 25 51
26 29 50
26 25 51
27 26 51
27 27 51
27 27 50
27 26 50
26 26 51
26 27 51
27 26 49
26 26 51
26 25 50
27 25 51
27 25 51
26 25 51
25 25 51
27 24 51
25 24 51
26 25 51
27 24 50
25 24 50
27 25 51
25 25 50
27 25 51
27 24 50
28 26 51
28 25 50
27 25 51
26 25 50
26 26 51
27 26 51
27 25 50
26 25 50
27 25 51
28 26 51
27 26 50
27 26 51
27 25 50
27 25 50
28 24 51
27 25 50
26 24 50
27 25 51
27 24 50
26 25 50
26 25 50
27 24 51
27 26 50
28 26 50
26 24 50
26 25 51
28 25 49
27 24 51
27 24 51
26 24 50
27 25 49
27 24 51
26 24 50
25 25 48
27 25 50
27 26 51
28 26 50
26 25 51
28 26 50
27 27 51
27 28 52
28 26 52
26 28 51
27 29 52
27 28 52
28 29 52
28 31 53
29 31 53
28 33 52
30 33 53
32 33 52
30 34 51
31 36 52
31 36 51
31 37 49
32 38 50
32 38 49
34 41 49
35 44 49
37 44 49
37 46 46
38 47 50
38 47 47
38 48 47
38 45 48
37 46 46
37 47 47
38 48 46
36 49 46
37 49 46
36 49 44
36 48 44
37 49 44
37 49 44
36 50 43
37 50 43
37 52 44
37 51 43
36 49 42
36 50 43
37 51 42
39 53 39
38 52 42
39 53 43
37 50 41
37 50 38
35 50 42
35 49 40
36 50 39
38 52 42
40 59 43
37 43 41
37 51 46
36 49 47
34 50 43
33 49 44
33 48 44
31 48 43
29 49 44
30 49 43
31 47 42
32 47 43
34 47 41
34 46 40
37 47 43
41 48 43
38 47 41
39 51 44
37 49 47
37 49 49
36 48 49
34 46 49
34 45 51
31 41 52
30 40 53
28 40 52
27 38 52
26 36 56
27 34 54
28 36 50
28 35 49
33 38 55
30 35 59
29 35 54
29 38 49
30 38 50
30 37 54
29 38 53
29 38 52
28 37 52
29 37 51
29 38 53
30 38 51
30 38 52
30 37 51
30 38 52
29 38 51
29 39 53
28 38 53
28 38 51
29 37 51
29 39 51
30 38 53
30 39 51
29 38 51
30 38 52
29 40 52
27 39 51
29 39 51
29 38 52
28 38 51
29 38 52
30 38 52
28 38 53
30 39 51
29 37 52
29 38 52
29 38 52
28 38 51
29 39 51
27 37 52
30 38 52
29 38 53
29 38 52
28 37 52
29 37 52
29 39 51
28 38 51
29 38 52
30 38 51
29 39 52
29 38 53
28 39 52
27 37 52
29 39 51
29 39 51
29 38 52
28 38 51
29 38 51
28 39 51
28 38 52
30 38 52
29 39 52
30 39 52
29 39 52
29 39 51
28 37 52
28 39 52
28 38 52
30 39 51
29 39 52
30 39 52
29 38 52
29 39 51
28 39 52
29 39 52
29 38 52
28 39 53
29 39 52
