30 38 52
52 37 33
31 38 51
30 38 52
29 36 52
29 37 52
30 37 52
31 37 51
30 38 52
31 38 52
30 39 52
31 38 52
30 37 52
31 38 52
31 37 53
32 38 54
30 37 54
31 36 55
32 37 54
33 35 55
32 36 55
33 36 53
33 38 52
34 36 53
33 37 52
33 38 52
35 38 51
34 40 52
33 40 53
30 38 48
32 41 51
32 41 53
31 42 52
33 40 53
32 40 52
33 41 52
34 39 53
34 40 51
35 41 51
35 41 48
33 43 49
32 43 49
32 44 48
31 45 45
28 46 45
30 46 45
28 49 45
28 45 43
28 48 43
30 48 45
29 48 43
30 50 44
31 52 46
30 48 45
30 50 47
32 47 48
32 54 43
34 56 39
30 48 43
33 52 45
31 50 43
33 49 43
33 52 45
34 50 43
32 52 43
35 52 41
34 53 42
36 52 43
36 51 42
36 51 44
35 54 41
35 49 42
35 48 44
34 51 45
34 51 44
35 50 44
35 49 44
36 48 45
34 49 45
35 49 44
36 47 45
33 46 46
34 48 46
34 45 48
33 44 49
32 44 48
32 44 49
30 42 48
30 40 49
29 38 51
28 38 48
29 39 52
29 36 52
29 37 52
29 37 53
27 37 53
28 37 54
27 35 53
28 37 52
27 35 53
26 34 52
25 34 51
26 34 51
26 33 51
25 33 52
24 31 51
24 32 51
24 31 51
24 32 52
25 31 51
25 31 52
25 31 51
24 30 52
23 31 49
25 31 51
24 29 51
24 29 50
23 29 51
23 29 51
23 29 50
24 28 51
23 29 51
23 28 50
22 30 50
23 29 50
23 28 50
24 28 49
22 29 49
22 29 51
22 29 49
22 30 51
21 28 50
24 28 50
23 27 50
22 28 50
22 26 50
21 29 50
23 28 50
22 28 50
23 27 48
23 27 49
23 26 50
23 25 50
23 25 50
23 25 49
23 26 49
23 24 48
22 26 48
21 26 50
22 26 49
22 25 50
21 24 48
22 24 49
22 23 49
22 25 50
23 24 48
22 25 50
22 25 49
21 24 48
23 24 49
23 24 48
22 25 48
23 24 48
22 25 47
23 23 48
22 24 49
22 24 47
23 24 48
23 24 48
23 22 49
22 23 48
22 24 48
22 23 49
23 23 49
21 24 48
23 23 47
23 23 48
22 24 48
21 23 48
23 23 48
22 23 46
23 23 48
22 24 48
22 22 48
23 24 47
23 23 47
22 24 47
22 22 47
22 23 47
23 23 48
22 23 47
23 22 47
22 24 48
23 25 48
22 23 49
22 23 49
24 22 48
22 24 48
22 24 47
22 22 47
22 21 46
21 22 46
22 23 46
22 24 46
23 24 49
24 24 47
24 25 48
25 27 49
23 28 49
24 27 50
23 27 50
24 26 49
24 29 51
25 28 51
25 29 52
24 31 54
25 31 53
26 32 54
28 34 55
28 33 54
30 36 54
30 36 53
33 38 52
32 39 52
34 38 51
36 40 51
34 41 49
36 41 48
35 41 48
37 41 49
36 44 48
35 43 48
35 44 49
34 45 47
33 47 49
34 45 50
35 46 50
33 48 49
34 47 47
33 48 47
35 47 45
34 49 47
37 53 53
34 48 46
34 48 43
36 53 46
36 49 46
36 48 45
37 51 46
36 50 45
38 49 43
37 48 45
37 50 47
35 48 45
34 49 44
35 47 43
35 49 42
37 53 44
37 49 45
39 50 47
36 50 45
35 50 46
33 51 47
34 50 48
33 47 46
33 48 47
33 48 46
31 44 44
30 48 48
31 46 49
29 45 44
31 45 46
32 44 46
33 41 45
34 41 44
38 44 47
38 40 45
37 39 49
37 41 47
35 42 50
32 41 54
30 38 51
29 40 53
27 40 56
28 41 54
28 41 54
28 40 54
29 40 52
27 39 52
31 39 57
26 34 59
27 31 56
27 34 49
28 39 47
26 38 48
27 48 52
28 49 56
27 40 54
27 38 52
27 37 51
28 36 51
27 39 51
28 38 51
28 39 51
28 37 51
28 39 52
27 40 52
28 39 51
28 38 50
29 39 51
28 38 52
27 38 52
27 38 53
28 39 50
27 38 51
27 37 51
27 38 53
27 38 51
28 38 51
27 38 51
28 38 51
28 38 52
28 38 52
26 38 53
26 39 52
28 38 51
27 37 50
28 37 52
28 38 52
27 37 52
27 38 52
28 38 51
28 39 52
28 38 52
29 38 52
28 38 51
28 38 52
28 38 52
28 37 52
27 37 52
28 37 53
28 37 52
28 37 51
29 37 52
28 38 51
27 38 51
26 37 52
28 37 52
28 38 52
27 39 51
28 38 50
27 38 51
28 38 51
28 38 52
29 37 52
27 39 51
28 39 52
27 39 51
27 39 52
28 38 52
27 39 51
28 38 51
27 38 51
28 38 50
27 39 51
26 38 52
26 38 53
