24 40 49
23 40 50
24 41 49
24 40 49
22 41 49
23 39 49
23 40 49
25 40 49
24 41 49
24 41 48
24 40 49
23 39 49
24 40 49
25 41 49
24 40 49
22 41 50
23 41 49
22 40 49
25 38 49
24 42 49
23 40 50
22 39 49
23 41 48
23 40 49
24 40 50
23 40 49
23 41 50
25 40 50
25 42 49
25 42 50
25 40 50
25 44 50
25 45 52
27 44 52
28 45 52
28 44 52
29 44 51
35 51 56
34 38 50
31 41 49
32 43 49
31 44 47
31 44 45
31 44 45
32 43 47
33 44 48
31 43 48
31 43 49
31 43 50
28 42 50
27 43 49
28 43 47
29 44 48
32 46 50
32 47 47
33 48 47
35 47 49
34 46 47
35 46 47
37 45 48
37 46 48
36 47 46
36 48 46
35 48 47
34 48 45
35 47 46
35 44 45
34 45 46
33 46 46
37 46 46
35 47 47
35 48 46
36 49 46
34 52 46
35 50 46
33 50 45
33 48 45
33 48 43
33 50 44
34 47 45
33 48 45
32 48 45
34 49 46
32 50 45
32 50 45
33 48 45
33 51 44
34 51 44
33 48 43
35 49 44
33 49 46
31 52 44
34 53 43
33 53 43
33 52 43
31 52 43
32 52 45
31 52 43
33 51 45
33 50 43
33 50 44
34 51 44
35 49 43
33 50 44
33 52 45
34 52 46
35 52 45
34 52 43
35 52 43
34 51 43
36 51 42
35 51 42
37 50 41
38 49 42
38 49 42
37 47 42
38 47 42
38 48 42
38 47 42
38 46 44
39 46 43
39 47 44
39 47 43
39 47 44
39 47 45
39 46 44
38 46 46
38 46 47
37 47 45
38 46 47
36 46 48
36 47 48
35 46 49
34 46 48
32 44 49
32 45 48
31 44 47
31 45 48
31 46 48
31 44 49
30 44 49
31 44 50
30 45 50
29 44 52
28 44 49
28 42 50
29 44 48
27 43 49
27 41 49
28 43 50
26 43 50
27 42 51
27 42 50
28 42 51
26 42 50
26 42 50
27 43 51
26 42 51
26 40 50
27 41 50
26 40 51
26 41 50
27 40 50
27 40 50
27 40 51
26 41 51
25 40 51
25 41 51
27 41 50
26 39 51
26 40 50
27 40 51
26 38 51
26 40 50
27 40 51
25 38 50
28 39 51
27 39 50
26 40 50
29 39 50
26 38 52
27 39 51
26 39 51
27 39 51
26 39 51
27 38 51
26 40 50
27 38 51
26 39 52
27 37 51
26 38 52
27 38 51
27 38 52
28 37 51
26 37 51
26 36 52
26 37 52
27 38 51
27 38 52
26 38 52
27 38 52
27 36 52
28 36 52
25 35 51
26 36 51
26 36 51
27 36 51
25 35 51
26 37 51
26 35 51
26 35 51
27 34 51
26 35 52
23 34 52
26 35 52
25 35 52
26 34 52
26 36 51
25 33 51
26 34 51
26 34 52
25 35 51
26 35 51
26 34 50
27 35 51
26 36 51
26 34 52
27 36 52
26 35 52
26 35 52
25 35 52
26 33 53
25 35 52
27 34 52
26 34 52
25 35 53
26 35 53
25 35 53
26 34 52
25 35 52
24 34 50
25 34 51
25 33 51
27 33 51
27 32 51
26 32 52
28 35 52
26 33 51
25 33 52
26 33 52
24 33 52
26 34 52
25 34 51
26 31 51
25 31 51
26 33 51
26 33 51
26 33 51
26 32 50
25 32 51
25 32 51
27 32 51
25 32 51
26 33 51
26 31 52
25 33 53
26 30 52
20 30 51
24 32 52
24 32 51
25 32 51
24 30 50
25 31 50
25 32 51
25 31 51
24 31 51
25 30 52
24 31 50
23 30 51
23 29 51
24 29 51
25 29 50
23 30 50
23 30 50
24 30 49
23 30 50
24 29 50
24 31 49
25 30 48
24 32 49
25 33 48
26 33 51
26 34 51
26 36 52
24 35 53
25 37 51
26 36 52
27 37 52
27 37 52
27 36 52
26 37 52
28 39 52
27 38 51
27 39 51
29 40 52
30 42 51
30 42 51
30 42 51
31 44 52
32 44 53
31 45 52
32 42 52
31 43 51
32 42 51
37 43 51
34 42 50
34 43 50
34 42 49
35 42 48
37 43 49
36 43 49
35 44 49
36 44 50
35 43 48
34 44 49
34 44 48
36 44 48
33 43 48
36 45 48
35 46 47
35 45 48
35 47 47
35 47 48
35 47 48
34 48 46
34 48 47
32 49 46
31 47 46
31 48 46
30 49 47
32 48 46
31 48 46
31 49 45
32 48 46
31 48 47
31 48 47
29 48 46
30 47 48
30 47 45
25 49 47
31 53 45
28 47 49
29 47 46
28 48 46
28 46 45
27 62 54
27 44 45
29 48 47
27 47 47
30 45 47
26 46 48
25 45 48
25 46 47
23 43 48
24 44 48
25 43 48
25 43 47
25 42 46
24 41 44
26 45 46
24 42 46
29 42 49
31 43 48
32 44 48
32 42 50
34 44 49
33 43 49
32 44 51
30 44 47
32 43 49
27 45 50
26 47 49
27 43 51
24 40 52
21 41 52
24 40 49
23 42 50
21 45 52
22 49 54
22 47 52
24 37 47
21 41 47
23 42 49
23 43 48
22 41 51
20 41 49
22 41 48
23 42 47
23 41 47
23 41 49
23 41 51
21 43 50
21 41 50
21 39 49
20 41 48
23 41 48
22 42 48
24 42 49
26 41 48
26 42 46
26 43 47
27 44 48
27 45 48
28 44 47
28 44 47
26 44 49
26 45 48
25 43 48
25 43 49
25 42 49
25 42 49
25 42 48
24 42 49
25 42 48
24 42 49
24 43 48
24 42 48
25 42 49
24 43 48
26 41 48
24 42 48
25 42 49
25 42 49
25 43 48
24 42 48
23 42 48
23 43 49
23 43 47
24 43 48
24 42 49
24 42 48
25 43 49
25 43 50
23 42 49
25 42 49
25 41 49
24 42 48
24 41 49
