36 51 53
36 51 53
36 51 53
14 36 51
36 46 54
36 46 54
38 45 50
38 44 47
39 45 46
41 44 47
40 43 48
40 44 48
39 45 47
39 43 47
39 45 50
40 46 49
39 45 46
40 44 46
41 46 45
40 44 47
40 45 47
40 44 47
39 45 47
41 44 47
42 45 46
41 44 47
41 44 46
41 45 47
40 44 47
41 45 48
40 44 48
39 45 49
39 44 51
39 44 50
40 42 50
40 42 52
38 42 50
41 38 53
44 41 55
47 44 55
47 42 52
46 42 50
45 42 49
42 41 46
39 45 44
36 46 42
34 46 40
29 45 42
31 47 41
33 50 42
31 47 44
35 46 46
32 40 49
32 42 51
35 47 50
35 49 50
34 49 50
33 47 48
34 49 48
33 48 47
32 45 47
31 43 48
31 44 49
32 47 45
31 50 46
33 51 46
33 50 44
34 52 46
34 49 45
36 49 43
36 49 47
35 47 47
35 49 49
36 46 50
35 45 50
33 45 51
36 45 52
37 44 52
34 45 52
36 45 52
36 45 51
37 44 50
37 45 49
36 44 49
38 42 49
37 43 48
39 41 48
37 40 47
38 40 48
40 39 47
39 39 45
39 39 47
38 37 47
39 37 48
40 39 49
39 40 50
38 37 49
38 38 50
40 39 52
38 39 52
38 39 52
37 39 52
36 37 53
38 39 53
37 36 52
35 37 54
36 38 53
33 35 54
34 37 54
32 35 54
32 33 53
33 33 53
32 33 54
31 33 54
30 30 53
31 30 52
30 30 53
30 30 53
30 29 53
29 29 52
29 29 53
30 28 52
29 29 52
30 28 52
29 28 51
28 28 52
29 30 52
29 27 52
29 26 53
28 28 53
28 29 52
28 26 52
28 28 52
27 27 52
28 27 51
29 27 52
29 28 51
28 28 51
28 27 51
28 26 51
28 26 52
28 25 53
27 27 52
27 27 51
27 27 52
28 27 52
28 26 52
28 26 51
29 26 52
28 26 52
28 27 52
27 27 51
28 27 51
28 26 52
29 27 51
28 26 51
29 27 50
28 26 51
28 27 50
27 26 51
26 27 50
29 24 50
29 25 51
27 25 51
28 25 51
28 25 51
27 26 51
28 25 51
27 25 51
28 27 51
28 26 51
29 25 51
29 26 52
27 25 51
28 26 51
27 27 50
27 26 50
27 24 51
27 24 51
27 25 51
27 25 52
28 25 51
27 26 51
28 27 51
28 27 52
28 27 51
28 26 52
29 29 52
29 28 51
27 28 52
28 28 51
29 31 53
29 32 51
29 31 52
29 32 52
32 34 52
31 35 53
32 34 53
31 36 54
32 37 54
33 36 53
33 37 53
33 38 53
34 38 53
35 39 52
36 38 52
38 39 51
38 42 50
38 40 52
38 40 51
37 38 50
37 37 49
38 40 48
37 40 49
38 42 49
40 42 49
39 43 48
40 44 49
40 44 50
39 43 49
38 44 49
38 44 49
39 44 50
38 43 49
37 44 49
38 45 49
37 46 49
37 45 48
38 46 48
38 45 48
38 45 49
38 46 48
37 46 48
36 46 48
37 45 49
39 44 49
37 45 48
38 46 48
38 45 46
38 46 46
38 47 47
36 46 47
39 43 47
38 47 47
38 48 47
36 45 46
37 47 46
37 47 46
37 46 45
37 45 47
38 47 47
39 47 46
37 48 46
38 48 45
38 49 47
38 49 46
39 48 46
38 47 47
38 47 44
38 49 44
38 47 46
39 48 44
37 47 46
38 48 45
38 49 45
37 47 48
39 47 47
37 48 47
37 45 48
37 47 46
37 46 46
36 46 46
36 44 46
36 45 47
36 47 48
36 44 48
36 44 47
36 46 48
36 46 48
36 45 48
37 45 47
37 46 48
36 47 48
38 46 48
36 45 47
36 46 46
36 46 46
35 47 45
34 48 46
34 46 46
35 44 47
37 47 45
38 47 45
38 47 45
39 46 45
41 46 44
42 47 43
42 47 42
43 47 41
43 48 44
43 47 42
41 46 47
40 43 48
41 43 46
36 44 49
36 41 46
31 42 56
31 44 57
32 43 53
32 42 49
32 42 49
32 43 49
32 47 51
33 44 51
30 41 55
30 43 52
31 43 47
31 43 48
31 43 50
30 45 50
30 45 48
28 49 47
28 50 47
28 47 47
29 46 46
29 48 47
29 47 47
30 45 47
28 45 48
29 45 48
30 46 47
29 47 48
30 45 48
28 47 47
29 49 46
31 46 47
31 48 48
30 46 47
30 47 48
28 45 47
30 46 47
28 48 48
28 48 47
29 45 46
28 46 48
29 47 47
29 46 46
30 46 47
29 45 47
31 47 49
30 47 47
30 45 46
30 47 47
29 48 47
29 47 48
28 46 47
29 45 46
28 47 47
28 47 46
30 47 47
29 46 46
28 49 46
29 49 47
