34 33 46
34 46 48
34 46 48
32 47 50
32 47 49
34 46 49
34 45 49
34 45 48
34 46 48
35 46 49
34 45 48
36 46 48
35 45 47
34 47 48
34 46 49
34 44 49
33 45 47
34 46 48
35 46 49
35 45 49
34 45 49
34 46 49
33 46 47
34 45 48
34 45 49
35 46 48
35 46 47
35 46 49
34 46 49
35 45 48
34 47 49
34 47 47
36 49 49
36 48 48
34 47 48
34 46 48
35 46 48
33 48 46
35 47 47
35 48 46
36 47 46
35 48 46
36 46 47
34 47 47
35 47 47
36 47 46
35 46 46
35 48 47
34 47 46
36 48 46
35 49 45
37 50 45
36 49 46
35 49 45
35 48 46
35 50 44
35 50 45
35 49 45
36 50 45
36 48 43
35 50 44
36 50 43
36 51 44
35 51 44
36 52 43
34 51 42
36 50 41
34 52 42
35 50 43
35 52 41
34 52 41
35 52 41
34 50 41
35 51 41
35 50 41
35 53 43
34 51 43
33 51 44
34 50 44
33 50 43
34 49 44
35 50 43
33 52 44
33 50 43
33 51 42
32 50 43
33 50 43
33 50 43
35 50 43
34 50 44
34 51 43
34 51 42
34 51 43
34 52 43
34 51 43
34 51 43
33 51 44
33 50 44
33 50 44
35 49 42
35 50 44
33 52 45
36 52 45
36 49 46
38 52 49
39 51 46
36 46 44
41 62 42
36 49 47
40 50 43
38 49 44
39 45 44
40 45 43
41 48 44
42 48 42
42 45 43
41 48 44
40 47 44
38 38 44
37 49 48
38 46 46
40 48 47
41 46 45
43 45 46
41 45 46
42 48 42
37 42 47
41 46 48
40 46 50
40 47 46
41 52 46
41 49 49
39 46 49
40 47 48
42 46 46
42 44 48
40 44 47
40 44 47
39 43 46
40 43 48
40 43 49
40 46 50
41 44 50
41 44 50
42 43 48
42 41 49
40 41 48
41 42 50
39 42 49
41 39 48
39 39 50
40 40 50
40 40 50
40 40 51
40 39 52
40 38 50
38 38 51
38 39 51
36 36 51
37 36 51
38 37 51
37 38 51
36 37 52
36 38 53
36 36 53
36 38 53
37 37 53
37 35 53
36 36 53
36 35 53
36 37 53
35 35 50
35 37 54
35 36 52
35 34 53
34 34 53
34 36 54
34 35 53
33 33 52
33 35 53
32 34 54
32 33 52
32 32 52
33 35 52
32 34 53
33 33 52
33 33 53
32 35 53
31 33 54
33 34 52
32 33 53
32 33 53
31 33 55
31 33 53
31 33 54
31 34 52
32 31 52
32 33 54
31 33 52
31 32 54
30 33 52
31 33 53
32 31 53
32 32 52
31 33 53
31 32 52
30 32 53
30 32 53
31 32 52
30 32 53
31 33 52
30 32 53
28 31 51
28 31 52
29 33 50
31 33 53
31 34 52
32 34 53
33 36 52
33 36 53
29 31 51
33 35 53
34 36 53
35 37 51
33 37 54
34 38 53
34 38 52
33 39 52
34 38 52
34 37 52
35 37 51
34 39 52
35 39 50
36 40 50
38 41 49
38 41 49
37 42 49
39 40 50
40 42 47
40 42 49
42 42 49
41 44 49
41 43 48
41 44 49
40 45 47
41 44 49
40 44 49
42 46 49
42 47 48
42 46 48
43 45 48
41 45 45
42 46 47
41 47 47
41 46 47
42 46 46
41 47 46
41 46 47
41 47 46
40 46 45
40 46 48
40 46 46
41 46 46
40 47 46
42 46 44
41 45 45
41 47 45
41 48 45
43 50 45
43 46 43
42 48 45
40 44 47
43 46 45
43 45 44
41 49 43
41 45 48
41 44 45
40 44 44
41 43 45
39 41 44
39 42 44
38 45 51
39 44 44
40 47 47
40 45 48
39 46 48
40 44 48
39 45 49
37 47 49
35 42 53
35 46 52
37 42 50
31 41 53
31 44 52
31 40 52
31 39 54
30 36 55
30 40 52
31 40 50
31 39 50
31 39 52
31 38 53
32 41 54
30 40 52
31 40 53
29 40 52
30 41 52
30 41 52
30 40 52
31 40 52
30 41 52
31 39 52
30 41 51
31 40 51
31 39 52
31 40 53
30 39 51
30 39 51
30 39 51
30 41 52
30 40 52
31 39 52
30 40 52
30 40 52
30 42 52
31 40 52
29 39 52
30 39 51
31 40 51
29 40 52
31 40 52
30 39 51
29 40 52
30 40 52
30 39 52
30 40 51
30 41 52
31 39 51
30 39 51
30 40 53
30 40 52
30 39 51
31 39 52
30 40 52
31 39 51
31 39 52
30 41 51
30 40 52
31 39 53
30 40 52
30 40 52
31 40 53
30 40 52
30 39 53
30 40 51
30 40 52
31 39 51
30 39 52
31 40 52
32 40 52
30 39 52
31 40 51
30 38 53
30 40 52
31 39 52
31 40 52
31 41 52
31 39 52
30 39 52
30 39 51
30 39 52
30 41 51
32 40 52
31 40 52
31 40 52
31 40 53
31 39 52
31 39 51
30 40 52
29 40 53
31 39 50
30 39 51
29 41 53
31 39 52
31 40 51
30 39 51
30 40 51
31 40 51
30 39 52
29 40 51
30 38 52
31 39 53
30 38 52
29 39 51
30 39 52
30 40 52
31 39 52
29 40 52
30 39 51
30 39 52
30 40 52
30 40 52
30 39 53
31 40 52
31 40 52
29 40 52
29 40 50
32 39 51
29 39 51
28 40 53
29 40 51
31 38 50
30 38 50
28 39 54
27 39 53
29 38 52
28 39 49
27 39 49
27 38 50
28 40 51
28 40 52
28 38 51
28 39 51
27 41 51
28 39 52
28 39 51
27 39 52
28 39 51
28 38 52
27 40 51
27 41 52
28 40 52
28 39 51
29 39 50
28 38 51
29 38 51
30 41 51
28 42 53
30 40 52
30 40 52
28 40 52
28 40 52
29 39 52
30 40 51
30 40 51
29 40 51
29 39 51
30 39 52
29 39 52
29 39 51
28 40 51
28 40 51
27 39 52
28 39 52
29 41 52
30 40 52
29 40 53
28 40 51
29 39 52
29 39 50
29 40 51
28 40 51
29 41 52
30 40 52
28 39 51
28 39 52
30 40 52
30 41 51
30 41 53
31 40 51
31 40 52
30 39 52
30 40 53
31 41 52
31 39 52
31 40 51
32 41 50
31 41 51
32 41 51
32 40 52
32 41 51
32 39 52
33 40 52
32 41 51
32 42 53
32 40 51
33 42 52
32 41 51
31 42 51
33 41 51
33 41 52
33 40 53
33 40 52
32 41 52
33 41 52
32 40 51
32 40 52
33 40 51
32 40 51
32 41 52
33 40 53
33 41 52
33 41 52
32 40 51
32 41 51
32 40 50
33 42 50
32 41 52
33 40 52
33 40 51
33 42 52
33 40 51
33 41 51
33 41 51
33 39 51
33 41 53
33 39 51
32 39 52
34 40 51
31 40 52
33 40 52
32 40 52
33 40 51
32 40 51
33 40 51
33 42 51
33 39 52
33 40 51
33 41 51
33 41 52
33 41 52
34 40 52
32 41 51
32 41 52
33 40 51
31 41 52
33 39 51
33 41 51
32 41 51
33 40 51
31 41 52
34 39 52
32 40 51
32 40 51
32 41 51
32 40 52
32 41 51
31 41 51
33 40 51
32 41 51
31 40 52
31 41 51
33 41 52
33 41 53
31 41 55
31 40 54
30 40 52
30 41 52
30 39 53
29 37 52
29 39 49
31 38 48
29 38 49
28 38 51
29 38 50
29 40 51
30 37 51
29 40 51
28 39 52
27 39 54
