30 43 33
30 43 49
31 43 50
31 44 50
29 43 50
30 43 50
30 42 51
29 43 51
30 43 50
29 43 50
29 42 51
29 42 51
29 44 50
29 42 51
29 42 50
30 42 51
30 42 51
28 42 51
31 43 50
30 41 51
31 42 49
30 41 50
28 46 50
28 47 47
28 46 48
28 49 48
27 50 48
27 47 52
28 46 49
27 47 49
30 46 48
33 47 47
35 48 49
37 48 48
38 49 49
39 49 47
38 49 45
39 46 44
38 49 42
35 48 43
34 46 42
33 49 42
33 46 43
31 49 44
32 44 46
33 47 46
36 49 44
35 51 45
36 47 43
33 47 43
34 48 46
34 53 48
35 48 45
34 47 47
34 48 47
35 48 47
34 48 47
36 50 47
36 49 45
33 51 44
35 53 43
34 53 43
33 52 43
34 50 43
33 52 43
34 51 43
33 49 45
34 49 46
33 48 45
35 50 47
35 51 46
34 49 47
37 50 47
36 49 47
37 50 46
38 49 45
36 49 44
37 48 45
37 47 46
36 45 46
36 47 46
36 46 46
35 46 46
34 46 44
34 47 45
34 49 44
34 48 46
35 47 46
32 47 47
33 48 48
33 46 49
32 45 49
30 45 49
31 45 49
30 46 48
32 44 48
32 44 48
29 44 48
29 44 50
31 42 49
26 40 48
25 42 49
26 41 49
26 38 48
25 41 51
25 39 50
24 41 49
24 39 49
26 41 49
25 40 50
24 41 51
24 40 50
25 42 50
24 40 50
22 41 50
21 38 48
22 37 49
21 40 50
22 39 49
22 40 49
22 39 50
23 38 50
23 38 49
23 40 49
22 41 50
22 40 48
22 37 49
22 38 49
22 38 50
22 40 49
22 39 49
22 39 49
20 39 48
23 38 49
21 38 48
21 37 47
22 39 49
22 37 48
23 39 48
20 37 48
21 38 49
21 38 49
22 39 50
21 38 50
21 37 49
21 38 48
21 37 49
22 38 49
21 38 49
21 39 49
21 37 48
21 39 49
21 38 49
21 37 50
22 37 49
21 38 50
21 36 49
21 38 49
22 37 48
22 38 49
22 37 50
21 37 48
21 36 50
20 37 48
20 37 49
22 36 49
20 37 49
22 37 48
22 36 49
21 36 49
22 37 48
21 36 49
21 37 49
21 36 49
23 37 50
20 37 49
21 37 49
21 36 49
20 36 49
21 36 49
21 36 49
21 36 49
22 35 49
21 36 48
21 36 49
22 35 49
22 36 50
21 35 48
20 37 49
20 34 50
20 34 47
21 35 49
21 35 49
22 36 50
20 35 50
21 36 48
21 35 49
20 35 49
21 35 49
20 36 49
20 35 49
22 36 49
21 35 49
20 36 48
21 35 49
20 35 49
22 35 49
21 36 48
21 36 49
21 35 48
20 37 48
21 36 49
21 36 49
21 35 49
22 37 50
20 36 49
22 37 49
21 37 48
22 38 49
23 38 49
22 38 48
21 38 48
22 38 49
20 39 48
22 40 48
23 40 49
23 40 49
24 42 50
24 42 48
25 41 49
23 41 48
25 42 50
27 41 49
29 44 50
30 43 50
31 43 51
31 44 51
33 43 50
32 46 49
33 45 49
33 46 48
36 47 48
36 47 49
37 47 48
40 44 47
37 45 46
38 48 43
36 49 45
36 47 46
35 47 46
37 45 46
37 46 46
37 46 46
36 44 46
36 46 45
38 46 46
38 47 45
38 47 43
38 47 43
38 47 44
38 45 43
37 49 44
36 50 46
35 50 45
34 49 44
34 49 47
34 50 46
34 50 46
36 49 48
35 51 44
35 51 44
35 53 44
36 51 43
36 51 43
35 50 44
35 51 44
34 51 44
34 50 44
32 54 47
35 49 45
35 47 45
38 60 56
38 53 50
36 48 45
35 49 46
34 49 45
34 48 44
32 49 43
35 49 48
35 49 43
34 49 45
32 50 45
32 45 47
30 52 48
30 48 46
29 46 45
30 47 48
28 46 46
29 48 47
30 49 47
32 47 47
31 51 47
34 52 47
39 50 45
38 50 44
42 48 44
41 43 46
39 44 42
35 43 44
34 41 49
31 43 50
29 43 47
26 42 52
28 46 54
24 45 50
24 47 51
26 44 49
26 43 51
27 45 50
29 44 49
30 45 50
32 45 50
33 44 48
31 45 49
32 45 49
31 44 49
31 45 48
31 46 48
32 45 48
30 45 49
30 44 49
30 44 49
31 46 49
31 46 49
30 43 49
32 44 49
32 44 49
31 46 48
30 45 49
32 45 50
30 44 49
31 45 49
31 44 48
30 44 49
32 45 49
31 45 49
31 45 50
32 45 49
31 44 50
32 44 49
30 45 49
31 44 50
31 44 48
32 45 50
31 43 49
33 44 50
33 41 52
34 42 50
34 44 49
34 43 49
34 46 49
33 46 47
32 43 45
29 45 46
28 44 46
27 45 47
27 43 48
