35 42 51
35 42 51
35 40 52
35 40 52
35 40 52
35 41 51
35 42 51
35 40 51
35 40 52
34 40 51
35 41 51
33 42 52
34 41 51
35 41 52
34 41 53
35 40 52
35 40 52
34 40 51
34 42 51
34 41 51
35 41 51
34 41 51
35 42 52
34 41 51
34 41 51
34 40 51
34 41 52
35 42 51
34 43 51
34 42 51
35 41 51
34 40 51
35 40 52
34 42 51
36 41 52
33 41 51
34 42 52
35 40 52
35 42 50
35 41 51
35 41 51
35 41 52
35 40 52
36 40 52
36 41 51
34 40 51
34 41 52
35 40 52
36 40 51
34 40 52
35 40 53
34 39 52
35 40 52
35 40 52
35 39 52
35 40 51
35 39 50
37 41 51
34 39 52
33 39 53
34 38 52
33 38 53
34 38 52
33 37 52
35 39 53
34 38 52
33 39 53
34 38 52
34 37 52
33 38 52
33 39 53
33 38 53
34 37 53
32 37 52
33 39 52
32 38 53
33 38 52
34 38 52
33 38 52
33 37 53
34 37 53
34 37 53
34 38 53
34 39 53
33 38 52
33 36 52
33 38 54
32 38 53
32 39 55
32 37 55
31 37 56
32 37 55
33 39 54
34 38 54
35 37 53
36 39 52
39 39 51
40 40 51
43 39 50
43 41 52
42 39 49
42 40 50
42 39 50
42 40 50
40 39 47
39 41 46
38 40 46
37 44 45
36 41 46
37 43 47
38 45 49
38 45 48
37 44 50
38 44 50
40 48 50
41 46 49
40 42 49
41 45 48
40 46 48
40 46 47
39 45 47
39 46 47
40 46 47
39 45 45
40 44 47
39 46 47
39 47 48
40 46 51
38 48 49
40 46 49
40 46 47
40 47 48
40 45 47
41 43 47
40 43 46
38 42 49
39 42 50
38 41 49
40 40 49
39 39 50
40 40 54
38 38 50
37 39 51
37 39 51
37 38 51
38 39 52
35 40 48
35 37 51
34 36 51
33 37 51
32 34 51
32 35 53
31 34 53
32 33 53
31 33 54
30 32 54
30 30 53
29 29 54
29 28 52
30 30 52
30 30 54
28 28 52
29 29 52
29 29 52
29 28 52
29 27 53
29 28 51
29 27 52
29 29 52
29 26 52
28 26 51
28 25 52
28 25 52
29 26 52
28 25 52
27 26 52
27 25 51
28 24 51
28 24 51
29 26 50
28 25 51
28 24 51
26 24 51
28 27 51
26 27 49
27 24 50
28 22 51
28 24 52
27 23 51
28 22 50
28 23 50
29 23 50
28 22 50
28 23 51
29 23 49
29 23 51
27 22 49
28 22 50
27 21 50
29 23 49
28 22 49
29 22 50
28 22 51
28 22 51
29 22 49
28 22 48
27 21 49
29 22 49
27 22 50
29 21 50
28 22 49
28 21 47
28 22 48
28 23 50
27 22 50
28 22 49
29 20 49
27 22 50
28 22 50
27 21 48
28 20 49
29 21 49
27 22 49
28 23 49
29 23 48
28 21 50
28 21 50
28 21 49
27 21 49
28 22 51
29 23 50
29 21 49
27 21 48
28 22 50
27 21 49
27 22 49
28 22 48
28 21 49
27 22 49
28 21 49
28 21 50
28 21 50
29 21 49
29 21 50
29 23 49
27 22 50
27 21 49
28 22 48
29 22 48
28 22 49
27 23 48
28 25 50
28 24 52
29 26 51
28 26 51
28 26 51
28 26 51
30 25 52
29 27 52
29 29 51
29 28 52
30 28 52
32 28 51
31 30 54
33 30 53
32 29 53
34 33 54
34 32 53
34 33 53
34 35 53
35 35 54
35 36 52
36 37 51
38 37 52
39 38 51
39 38 52
39 41 50
40 41 50
40 40 50
41 41 50
42 43 48
41 42 47
43 42 48
42 43 46
42 44 47
42 43 47
43 41 48
43 42 47
44 45 47
43 44 47
41 45 46
42 45 48
43 45 48
43 44 46
42 46 47
42 45 46
43 44 45
41 44 45
43 47 49
44 52 50
41 44 45
41 47 45
42 47 46
42 45 45
42 45 44
41 45 46
43 46 46
45 47 45
44 46 43
43 47 44
43 46 46
42 46 46
43 46 45
43 47 45
43 46 45
42 44 47
43 48 46
41 46 46
42 46 45
42 46 46
42 47 47
41 46 46
41 47 47
40 45 46
40 45 47
40 45 46
41 45 47
39 43 46
39 45 45
40 44 44
39 43 44
39 42 43
41 45 45
42 46 45
42 45 45
42 44 45
44 42 48
44 46 48
43 53 48
37 38 52
38 39 50
41 41 53
40 43 51
39 41 52
38 41 54
39 43 53
35 44 51
35 40 50
34 39 50
33 38 48
32 40 50
29 36 49
32 38 54
32 46 58
30 44 59
30 36 49
32 35 54
36 38 54
36 36 54
36 37 52
36 36 53
34 34 53
33 36 53
34 38 54
33 38 51
34 38 51
32 37 53
34 37 53
33 37 53
35 38 53
35 39 52
35 39 52
33 39 52
34 38 52
33 39 52
35 39 53
34 37 53
35 37 52
34 38 51
34 39 52
34 38 53
34 38 52
34 39 52
33 39 52
35 38 52
34 38 53
34 39 51
35 39 52
34 39 53
35 39 53
35 39 53
35 38 52
36 39 52
33 39 51
34 38 53
34 37 52
34 38 53
36 39 52
34 39 53
34 38 53
34 39 52
34 38 51
35 38 52
35 39 53
34 39 53
34 38 52
33 40 52
34 40 52
34 39 52
34 39 53
34 38 52
34 39 52
35 39 53
34 39 52
34 39 52
35 38 53
33 39 52
34 39 53
35 37 53
35 39 52
35 39 52
35 38 53
35 39 52
36 39 52
34 39 52
34 39 53
34 37 52
35 39 52
34 40 52
34 40 53
33 39 52
35 38 52
33 37 51
34 38 52
33 38 53
34 38 52
34 37 53
34 39 52
34 40 51
34 39 52
33 38 52
35 38 52
35 39 52
34 40 53
33 38 52
35 39 52
34 39 52
33 39 53
33 39 53
33 38 52
34 38 53
35 39 51
33 40 53
33 39 53
35 38 54
35 38 52
33 39 52
35 39 52
34 39 53
35 39 53
35 38 53
33 39 52
34 38 52
35 38 53
35 38 52
34 39 53
34 41 52
35 39 52
34 38 52
34 38 52
33 39 51
34 39 53
35 38 53
34 39 52
35 40 52
34 40 53
34 39 52
34 39 52
35 39 52
35 40 52
34 38 52
