28 49 43
14 28 49
14 28 49
27 50 43
27 50 43
27 49 43
28 49 42
27 50 42
27 50 43
27 50 43
29 50 43
29 50 43
29 50 43
28 50 43
26 49 42
28 50 42
28 51 42
28 50 44
28 49 44
28 50 43
29 49 43
28 50 42
28 51 43
28 50 43
29 50 44
30 51 46
29 53 46
29 53 46
29 53 45
29 49 47
30 47 47
33 49 46
33 57 43
36 54 42
36 55 43
37 53 44
36 51 42
37 49 43
36 49 44
35 46 43
35 48 43
36 41 45
35 42 47
33 42 46
34 40 47
33 41 49
32 43 48
33 41 49
30 41 50
33 43 49
32 42 49
32 44 47
33 46 49
32 45 50
33 45 49
34 46 50
33 45 49
30 44 49
31 46 48
31 44 48
31 45 48
32 51 46
32 47 45
32 46 46
32 45 47
33 49 47
34 47 48
34 47 47
34 50 48
33 46 47
31 50 46
32 46 47
32 46 47
34 48 45
33 50 45
33 48 45
32 50 45
31 49 44
32 49 44
32 50 43
32 52 44
33 50 45
34 52 45
34 51 46
32 52 46
32 51 48
32 53 47
33 52 46
32 50 47
33 47 47
33 49 47
34 46 45
36 48 46
34 47 45
35 45 43
36 46 45
37 45 45
35 44 46
34 44 46
35 44 46
35 43 46
37 43 47
34 43 47
36 43 49
36 44 50
36 44 50
37 43 51
36 44 51
36 43 51
35 42 50
34 44 51
33 42 49
34 42 51
33 40 50
31 40 51
31 41 50
30 41 52
30 38 51
29 40 51
29 40 51
28 41 51
27 41 51
27 40 52
25 38 50
27 40 51
27 38 50
26 38 51
24 35 51
24 36 51
25 37 50
25 36 51
24 37 50
24 36 50
24 37 51
25 37 50
24 37 51
24 37 50
25 36 50
24 37 50
23 38 51
22 36 51
24 37 50
23 36 51
24 36 52
24 36 50
23 36 50
23 35 50
24 35 50
24 35 50
24 35 51
24 37 51
23 36 50
24 36 50
23 35 50
24 35 51
23 35 50
24 35 50
22 35 50
23 34 50
24 34 50
24 34 50
23 35 50
22 35 50
23 34 52
23 33 51
24 35 51
24 34 51
23 34 50
23 34 51
23 33 51
24 34 51
24 34 51
23 34 51
24 34 51
24 35 50
23 34 51
23 34 49
23 35 50
23 33 50
23 33 52
24 34 51
23 33 51
22 33 51
22 33 51
22 34 51
23 33 51
22 33 50
23 34 50
23 33 52
22 33 50
24 35 51
24 33 51
23 33 50
23 33 51
22 33 50
24 31 50
22 33 52
23 32 50
22 32 50
22 32 51
24 33 50
23 31 52
23 32 51
24 33 51
24 32 51
23 34 51
22 32 51
24 33 50
23 31 50
23 32 50
23 33 49
23 32 50
23 31 50
23 31 51
23 32 50
21 31 49
23 33 51
22 33 51
22 32 49
23 33 50
23 33 50
25 32 51
23 33 51
24 34 49
22 35 51
24 34 50
25 34 51
25 35 50
24 34 51
24 35 51
24 36 51
25 36 50
25 37 50
26 38 50
26 38 51
25 40 51
26 39 51
27 41 53
26 40 54
27 41 52
30 38 52
30 41 51
32 41 51
32 42 51
32 42 49
34 43 50
34 44 48
35 42 48
36 42 50
36 42 50
36 43 48
36 43 48
34 43 47
36 44 47
35 44 48
35 45 48
34 46 48
37 46 48
37 47 47
35 48 46
35 49 46
35 48 47
35 48 47
35 47 46
33 47 45
34 48 47
33 48 46
33 47 47
32 47 47
33 47 48
32 47 47
33 48 47
33 48 47
34 48 46
33 51 47
34 48 45
34 48 47
33 48 47
33 48 46
33 49 47
33 47 46
32 48 46
32 48 46
31 47 46
31 49 46
30 49 54
33 47 46
32 48 46
33 46 48
34 47 47
31 48 47
34 52 48
34 51 46
33 48 47
33 49 48
31 48 47
32 48 46
31 48 46
31 50 46
30 47 47
32 50 46
31 49 46
30 49 46
30 46 48
31 46 47
33 46 48
34 46 48
32 46 47
32 47 48
28 47 46
25 45 46
26 45 48
28 44 47
28 44 46
30 44 46
33 43 46
34 45 45
35 42 45
36 43 43
36 43 45
36 44 46
35 44 44
35 49 45
35 52 45
36 53 45
35 52 43
34 51 45
33 59 48
34 61 46
32 56 44
33 54 41
31 49 38
30 49 38
32 52 36
30 56 37
32 52 39
28 55 37
27 52 40
29 49 41
31 52 41
31 54 38
30 54 36
27 51 38
28 53 36
28 52 35
26 52 37
28 51 38
26 54 39
27 54 39
26 54 37
25 53 38
25 52 39
28 51 38
28 51 38
28 51 39
28 51 38
28 52 37
28 52 37
28 51 39
28 52 38
27 53 38
28 52 38
27 51 38
27 51 40
27 51 38
27 53 38
28 52 38
27 52 39
27 51 40
27 52 39
28 52 38
28 52 37
27 53 39
27 52 38
27 52 38
26 53 37
27 51 37
27 52 37
28 51 39
28 51 38
28 51 38
27 51 39
27 53 38
27 52 38
27 52 37
28 51 39
28 52 38
28 52 38
28 52 38
27 51 39
27 51 38
29 51 39
27 52 38
27 52 38
27 52 38
27 51 38
27 52 38
27 52 38
28 52 38
28 51 38
27 52 37
28 52 39
27 52 38
27 51 38
26 52 39
28 53 39
28 52 36
28 52 39
28 51 39
27 52 38
28 52 38
28 51 38
