20 45 44
20 45 44
20 45 33
21 45 43
21 45 43
23 46 45
20 45 44
21 45 44
21 46 46
21 45 44
22 45 45
21 46 45
21 47 44
23 46 45
20 45 44
23 45 44
21 45 45
22 46 44
21 45 45
23 44 45
20 45 46
23 46 44
22 45 44
21 47 45
21 45 45
22 45 45
22 46 45
23 46 45
21 45 44
21 45 44
24 44 44
22 46 44
20 45 45
21 45 44
23 46 45
23 45 45
22 46 45
21 45 44
21 47 44
23 46 45
22 46 45
23 44 46
21 47 45
21 45 45
22 46 45
22 45 45
23 45 46
22 44 44
22 45 45
21 45 43
22 45 45
22 45 44
21 44 45
22 45 46
21 45 45
22 44 44
21 46 45
22 44 44
22 46 46
22 46 45
22 44 46
22 44 47
21 45 47
21 45 46
23 46 50
23 43 49
23 45 48
21 47 48
22 47 47
21 46 49
24 43 50
25 44 51
24 46 52
24 50 50
25 52 47
27 52 46
28 49 43
28 50 40
30 50 40
30 49 38
33 48 39
34 52 40
35 53 40
36 52 41
34 51 41
33 50 41
32 52 42
34 50 43
34 46 42
34 48 44
36 47 45
36 43 42
38 47 43
38 47 45
36 46 45
35 48 46
35 49 46
35 48 42
35 48 43
33 46 45
31 47 44
32 48 44
32 47 45
33 48 45
35 46 44
35 47 45
33 52 45
30 54 45
34 50 46
31 47 47
30 50 47
31 43 45
32 50 45
33 52 45
32 48 46
31 48 45
33 50 43
32 47 44
33 51 44
33 51 45
32 52 44
32 51 43
33 51 43
34 51 44
33 50 44
33 52 44
33 51 43
31 51 44
32 52 44
33 51 44
33 50 44
32 51 44
33 50 46
33 51 45
33 50 44
34 49 44
34 49 44
35 50 44
37 49 45
36 49 45
36 49 45
36 48 46
39 49 44
38 48 45
37 48 45
39 48 46
38 47 45
37 46 47
37 46 47
35 47 48
36 46 49
36 45 49
35 45 49
35 47 50
34 46 50
35 45 51
35 44 51
34 44 50
34 44 51
34 43 50
32 43 49
34 42 49
32 41 51
32 42 51
32 41 50
32 40 52
30 40 52
31 39 52
32 38 51
31 38 51
31 39 52
31 37 52
31 37 52
29 38 51
31 38 52
31 36 52
30 36 52
30 37 51
29 36 52
29 36 52
27 34 52
28 35 52
28 33 52
27 35 52
25 35 52
26 34 53
26 34 52
28 34 52
27 32 52
27 32 52
25 33 52
26 33 52
26 32 51
26 32 52
26 33 50
26 32 52
25 32 53
26 31 52
26 33 52
24 31 52
26 31 52
26 30 51
25 31 51
25 32 51
26 31 52
25 32 51
25 30 51
26 32 52
24 33 52
24 30 51
25 30 51
26 31 53
24 30 51
24 30 52
26 30 51
25 31 51
25 30 49
25 31 51
24 29 51
23 31 50
24 30 51
23 29 49
24 29 51
24 29 51
25 31 50
24 32 51
25 32 50
25 32 50
25 31 50
26 33 51
27 33 51
27 35 51
27 35 51
28 35 50
29 36 50
29 39 52
30 37 51
30 40 50
31 41 52
33 41 52
33 41 51
34 41 51
33 45 51
36 43 51
34 43 50
36 45 49
37 47 51
38 46 49
37 48 49
38 48 50
39 48 50
38 49 50
40 49 49
40 47 48
39 48 49
38 50 46
38 49 45
37 48 45
38 46 45
39 47 46
37 47 44
38 48 44
37 47 43
37 50 44
37 50 43
37 49 44
36 49 44
37 50 44
37 48 44
36 49 44
37 48 43
37 49 43
37 50 43
36 50 42
36 50 42
36 50 42
36 50 42
36 51 43
34 51 43
35 50 42
36 50 43
35 51 43
36 51 43
39 41 39
35 50 42
37 48 42
39 53 43
36 55 42
38 51 43
38 49 44
36 47 44
36 48 42
35 52 43
37 56 42
38 39 44
37 47 45
36 51 44
37 48 45
37 50 43
35 50 45
36 49 46
35 48 46
33 49 44
33 49 45
33 48 47
34 48 47
35 45 48
35 47 48
35 49 48
36 48 47
36 48 47
34 48 47
38 45 48
39 46 47
36 47 46
32 47 45
31 47 47
30 48 47
31 48 46
32 46 45
31 45 45
33 45 45
35 47 45
37 47 44
38 46 45
41 42 45
43 42 45
42 42 47
41 41 46
41 44 44
38 44 48
36 44 49
31 42 46
29 45 43
29 40 45
28 39 52
27 38 48
24 44 46
25 43 50
25 43 50
23 44 51
22 45 52
20 47 52
20 54 61
18 52 63
18 39 56
19 35 48
21 42 46
22 46 45
27 45 42
22 46 43
23 48 43
23 48 45
22 46 45
23 45 46
23 44 47
24 43 46
22 42 47
23 45 46
23 45 45
22 45 46
22 46 47
22 44 45
23 45 46
23 44 46
22 44 46
21 45 45
22 44 46
22 44 46
23 44 45
22 45 46
22 45 46
22 45 46
22 44 46
22 44 45
22 44 45
23 44 45
23 45 45
22 45 45
22 44 45
20 44 46
21 44 46
22 44 47
22 45 45
22 45 45
22 44 45
21 44 45
21 44 45
22 44 45
21 46 44
21 45 46
22 44 46
22 44 44
22 43 46
22 45 45
22 45 46
22 44 46
22 45 46
23 44 45
21 43 45
22 45 46
22 45 45
23 45 45
21 44 45
22 44 46
22 45 46
21 46 45
22 44 45
21 43 45
22 44 45
20 45 45
22 44 46
22 45 46
21 44 45
21 44 46
21 45 46
22 43 45
22 44 46
21 44 46
23 44 46
23 44 45
