33 39 52
33 39 52
33 39 52
32 39 52
32 38 52
33 38 52
33 39 52
34 38 52
32 39 52
33 38 52
34 37 52
33 38 53
32 39 53
33 39 52
33 38 52
32 38 52
33 40 52
32 39 51
33 39 52
33 39 53
32 39 53
33 38 52
33 39 52
34 39 53
32 40 52
32 39 53
34 38 52
33 39 52
32 39 52
34 38 52
33 39 52
34 39 52
32 38 52
33 39 51
33 39 52
33 38 53
33 39 51
32 39 52
33 39 54
33 39 52
32 38 53
33 39 52
32 40 52
32 38 53
33 39 52
33 39 53
32 40 52
33 39 51
32 38 52
33 38 52
32 39 53
33 40 52
33 39 53
32 38 52
32 39 53
33 39 52
33 40 53
33 37 52
33 39 52
35 37 52
33 38 53
32 37 53
31 39 54
31 39 55
33 39 55
33 37 55
34 38 54
35 39 55
39 44 53
37 35 53
40 38 51
39 40 49
41 39 49
40 39 48
39 39 49
38 39 49
37 41 50
36 41 51
36 38 51
36 41 50
35 40 51
38 39 50
37 40 51
35 37 50
36 40 50
37 41 50
38 39 51
37 41 49
39 43 49
38 41 49
38 43 50
38 44 49
39 44 49
39 46 48
39 45 47
39 44 47
39 44 48
41 46 48
40 45 47
41 46 47
41 46 49
40 46 48
40 47 47
39 47 45
41 47 47
42 47 47
41 47 47
39 49 47
40 48 49
39 47 46
40 49 46
39 47 47
39 46 47
40 47 48
41 48 48
42 46 47
41 45 47
40 47 47
40 46 46
42 45 45
41 44 46
42 43 45
41 45 48
41 45 47
42 44 47
41 43 48
41 44 49
42 43 49
42 43 48
42 42 48
41 43 47
42 43 47
41 40 48
41 41 47
41 41 48
41 41 46
41 41 47
40 40 48
40 40 50
39 40 50
38 38 52
37 39 52
37 38 52
37 38 52
35 37 52
35 40 52
34 37 51
32 37 52
32 38 53
33 37 54
32 37 53
32 39 54
31 35 54
29 35 55
28 35 55
29 36 54
29 34 53
30 33 52
29 33 52
28 30 52
28 30 52
29 32 52
29 31 52
28 31 52
28 30 51
28 30 52
27 30 53
27 30 52
27 31 53
27 29 53
27 28 53
27 28 53
27 29 53
26 28 52
26 29 53
26 27 51
26 28 51
27 30 52
27 29 52
27 27 51
26 28 52
26 27 51
26 28 51
25 28 51
26 26 51
26 27 52
26 27 52
26 26 50
25 26 52
26 27 51
26 28 51
26 27 51
25 28 52
26 27 51
27 27 50
27 26 50
27 27 51
27 28 52
26 26 51
26 27 51
25 27 51
26 26 52
26 27 49
26 24 51
26 27 52
27 27 51
25 27 51
25 26 50
26 27 52
25 26 52
26 25 51
26 26 50
26 26 50
25 26 51
26 25 50
25 27 50
25 26 52
26 26 51
24 26 50
26 26 51
26 26 49
26 25 51
26 25 51
25 25 50
25 27 51
25 26 51
25 25 51
27 26 52
26 26 51
25 26 52
26 24 50
25 26 50
26 26 51
26 25 51
27 27 51
26 25 51
25 25 51
25 26 50
25 26 51
26 25 51
26 25 50
25 25 51
27 25 51
26 26 50
26 25 51
26 25 51
25 26 50
25 24 51
26 27 51
27 25 50
25 26 51
26 25 49
26 25 51
25 26 50
27 26 51
26 25 50
25 25 51
25 25 51
27 26 51
24 26 50
26 25 50
26 26 49
26 25 50
26 26 51
25 25 50
27 26 50
26 26 50
25 26 51
25 25 51
25 27 51
27 26 51
25 25 50
25 24 50
25 25 49
26 25 50
25 25 50
26 26 50
26 27 50
27 26 50
26 27 51
26 25 50
27 27 50
26 29 49
26 28 50
25 27 52
27 28 51
27 28 51
25 29 51
28 30 53
28 29 52
28 32 52
29 30 54
29 32 53
27 32 52
28 29 52
29 32 54
30 32 53
32 33 52
32 36 54
33 37 54
33 39 54
34 37 53
35 39 54
35 41 52
37 41 51
38 41 50
39 41 51
38 43 49
39 44 49
40 42 47
41 45 48
41 45 46
41 46 46
42 46 47
42 45 46
43 45 47
41 47 46
42 47 47
41 45 46
40 47 46
40 46 45
40 45 44
39 46 45
39 46 45
41 46 43
41 45 45
42 47 45
41 47 45
42 51 54
41 49 46
42 49 43
42 48 44
40 47 46
40 47 47
41 46 44
40 46 45
41 46 46
40 47 47
39 47 46
40 47 47
41 48 48
40 49 48
39 46 47
41 46 47
40 45 46
41 45 48
42 44 46
42 44 46
41 45 45
42 46 47
44 42 46
42 43 48
44 43 41
44 41 48
41 40 48
43 40 47
42 43 45
41 42 44
38 43 43
40 37 47
39 37 48
37 37 47
35 45 52
35 37 53
34 37 53
34 41 51
31 39 54
31 32 50
29 27 45
25 48 63
26 47 38
35 32 50
30 28 53
31 37 55
33 38 53
32 38 52
33 37 52
33 36 53
32 37 53
34 39 53
34 38 52
34 35 52
33 38 53
33 39 52
32 38 52
33 37 51
32 39 53
33 37 53
33 37 53
33 39 53
33 38 53
33 37 52
34 39 53
34 37 51
34 40 51
35 39 52
33 39 53
32 40 53
33 36 52
33 39 52
34 40 53
33 40 53
34 39 51
35 38 52
35 39 52
33 40 52
34 39 53
34 40 53
34 38 52
33 39 53
34 37 53
32 39 53
32 39 53
34 39 52
33 39 51
34 40 53
34 39 51
34 38 52
33 39 52
33 39 52
34 38 51
33 38 52
33 40 52
33 38 51
34 39 51
33 39 52
33 38 52
34 39 51
34 39 53
34 39 52
34 38 52
34 39 53
34 38 52
33 39 52
33 38 52
35 39 52
34 38 52
33 39 52
34 39 52
35 39 52
34 39 52
35 39 52
34 39 53
33 38 52
33 41 52
33 38 52
34 39 52
34 39 52
33 39 52
34 39 53
34 40 52
34 39 53
33 39 52
33 38 53
34 39 52
35 39 52
34 39 51
33 38 52
33 39 52
34 39 52
33 39 52
33 38 53
33 38 52
33 38 52
34 40 52
33 39 52
33 38 52
35 40 52
34 39 51
34 39 53
34 39 52
34 38 52
35 38 52
33 39 52
34 39 52
34 40 51
34 39 52
33 39 53
34 40 52
32 39 53
34 40 51
34 39 52
33 39 52
