32 39 53
32 39 53
31 38 52
32 39 52
31 39 52
31 39 52
31 38 52
31 38 53
32 39 52
32 38 52
31 38 52
32 38 52
31 39 52
33 39 52
32 39 51
32 37 52
32 37 52
31 38 53
32 38 52
31 39 52
31 38 53
32 39 52
31 38 53
32 40 52
31 39 53
32 39 53
32 39 53
31 39 52
32 39 52
31 39 53
32 39 53
33 37 53
32 38 52
32 38 53
31 42 51
33 41 53
34 44 53
33 44 54
34 43 53
33 43 53
38 44 53
34 41 54
35 41 51
36 42 51
36 45 51
38 43 50
38 43 49
38 43 47
37 42 46
37 41 47
36 41 45
35 41 47
34 42 49
35 44 48
36 42 50
37 45 50
36 45 50
36 46 51
38 48 48
37 43 48
38 45 47
36 43 48
37 44 48
37 47 48
38 45 48
39 46 50
38 46 49
39 46 49
39 46 47
39 46 48
39 46 48
39 46 47
39 46 47
40 44 48
39 44 48
39 44 48
40 44 50
39 44 48
40 42 49
41 42 49
41 42 49
41 41 49
40 40 50
40 42 51
40 40 50
40 39 52
38 37 52
37 34 53
38 34 55
39 33 55
38 31 51
37 34 50
36 34 52
36 34 52
36 32 51
35 31 52
35 30 53
34 31 52
34 31 53
36 32 52
34 34 52
33 35 52
33 33 52
32 33 54
33 33 54
32 32 54
31 31 53
29 32 56
30 31 55
32 31 53
32 33 53
31 33 54
32 32 53
32 33 53
32 33 54
33 33 53
31 32 53
30 33 53
30 32 53
31 33 52
30 32 52
31 32 53
31 32 53
31 32 51
31 33 53
29 31 53
29 31 53
28 30 53
28 31 54
29 31 54
29 30 53
28 29 53
28 30 53
27 30 51
29 29 52
29 30 51
31 28 53
29 30 53
30 30 52
30 28 52
29 30 54
28 29 53
28 28 52
27 27 52
28 28 52
28 27 52
26 26 51
27 27 50
26 28 51
27 25 51
27 25 52
27 26 50
26 26 51
28 25 51
27 25 50
27 26 50
28 25 50
27 25 51
26 25 51
27 25 50
27 26 51
28 25 51
27 27 52
28 27 51
28 27 52
28 28 53
28 28 53
28 27 52
29 30 52
28 29 54
29 29 53
30 30 52
30 29 54
30 29 53
30 29 52
30 31 53
32 32 53
33 34 53
34 34 54
35 35 55
37 35 54
39 35 54
39 33 54
40 34 52
40 34 51
39 35 52
40 35 50
39 35 51
41 37 50
40 36 51
40 37 51
39 36 50
41 37 50
40 37 50
40 39 48
40 39 47
40 40 48
39 41 48
38 38 49
38 41 49
38 42 50
38 42 51
38 43 52
39 44 52
38 44 51
37 44 52
38 43 51
38 44 49
36 41 49
36 44 50
38 42 49
38 43 49
38 43 50
39 42 51
39 44 50
38 42 51
38 41 51
38 43 51
38 41 50
36 41 51
35 41 51
36 41 50
35 42 49
34 42 49
34 41 48
34 41 50
35 41 50
33 41 49
33 41 51
32 42 52
33 41 53
32 40 53
33 37 53
33 38 54
32 35 54
32 33 54
31 35 55
31 34 57
32 35 51
28 36 53
28 34 54
28 32 54
28 32 53
29 33 53
29 35 53
30 36 52
30 36 52
31 39 52
31 41 51
30 40 53
32 41 52
31 41 52
31 40 52
31 40 52
30 39 51
30 39 52
33 39 52
30 40 52
31 38 52
32 38 52
31 38 53
31 39 53
30 39 52
31 37 52
31 37 53
31 36 53
30 38 51
30 38 52
31 36 52
29 37 53
30 38 53
30 38 52
30 36 53
30 37 52
31 38 53
31 38 53
31 36 51
31 38 52
31 37 52
30 36 52
31 37 54
31 38 53
29 38 53
32 38 52
30 36 53
31 38 53
31 39 53
31 38 53
30 37 52
30 38 53
31 39 52
32 39 53
32 38 52
32 38 52
32 37 52
30 37 52
30 38 53
30 39 53
29 37 52
31 38 52
30 38 51
31 38 52
29 37 53
31 38 52
31 38 53
31 37 52
31 36 53
31 38 53
32 37 53
32 38 53
30 37 53
30 38 51
30 38 53
30 38 52
31 38 52
31 38 52
31 38 52
30 39 53
31 39 51
31 38 52
30 38 52
32 38 52
31 39 52
31 37 52
31 38 53
31 37 51
32 38 52
32 37 52
30 38 53
32 38 53
30 37 53
30 36 52
32 38 53
31 38 52
32 38 53
31 39 52
31 38 52
31 38 52
31 38 53
32 38 52
32 38 52
31 37 52
31 39 53
30 38 52
31 39 52
31 38 52
31 38 52
33 38 52
31 39 52
31 39 52
31 38 52
31 39 52
30 37 52
32 39 52
31 39 52
31 38 52
30 38 52
31 38 52
32 38 52
32 37 53
