29 50 44
29 51 43
31 51 44
29 50 43
30 50 43
30 50 42
30 49 43
30 50 43
29 50 43
30 50 43
30 50 43
29 50 43
30 50 43
30 51 44
29 50 43
29 49 43
31 50 43
30 51 43
29 50 44
30 51 43
30 50 43
30 50 44
30 50 44
29 50 44
30 51 43
29 51 45
30 53 46
29 53 46
29 51 48
29 50 50
31 51 50
32 50 50
34 49 51
35 48 51
36 47 49
38 47 49
39 48 48
41 48 45
40 47 44
41 46 44
40 43 43
39 43 43
38 43 43
35 44 43
35 47 46
33 48 43
29 43 41
28 47 46
30 49 46
30 47 46
31 45 46
31 47 46
30 46 46
31 46 49
30 47 48
31 45 49
30 46 49
29 46 48
30 48 47
30 46 49
31 46 48
31 48 48
31 47 49
31 49 49
29 48 46
29 48 46
31 46 48
30 47 46
29 39 52
32 48 47
32 50 46
30 47 47
31 48 47
31 46 45
31 47 45
31 48 46
32 48 46
33 46 47
33 47 48
32 47 48
32 48 46
33 48 47
35 46 48
34 48 47
35 47 48
35 48 48
34 48 49
34 47 48
36 47 47
36 49 48
36 48 46
35 49 47
35 48 47
35 46 47
35 47 48
34 45 47
36 45 47
36 45 49
37 45 49
35 46 49
35 46 48
35 44 49
35 43 49
35 44 49
34 41 49
33 42 50
34 41 51
34 41 51
34 41 52
33 38 50
33 38 51
34 38 53
32 38 52
32 37 52
32 38 52
32 37 52
33 37 52
31 37 53
32 36 53
30 34 53
31 35 52
30 33 54
32 32 53
30 32 53
29 30 52
30 29 51
29 29 53
29 29 53
30 30 52
28 30 52
29 29 51
29 30 52
29 29 53
29 28 51
29 28 53
29 28 52
28 29 52
27 28 51
27 28 52
29 27 53
27 29 52
28 27 51
28 27 52
26 27 51
28 27 52
29 26 52
28 26 52
27 26 52
28 27 51
27 26 52
28 26 51
27 26 51
27 25 52
26 26 52
26 26 51
27 27 50
28 26 51
26 26 52
25 25 50
26 24 51
27 25 50
26 25 51
26 24 51
26 25 50
27 26 51
25 26 50
26 26 51
27 24 51
26 26 51
26 25 51
27 26 51
28 27 52
28 26 51
27 26 52
28 26 52
28 26 50
28 26 51
28 27 51
29 27 52
27 28 52
27 28 53
28 29 52
28 29 52
29 28 53
29 31 52
29 30 51
28 31 53
31 32 53
31 32 54
31 32 54
31 32 53
32 34 53
32 34 54
34 37 53
32 36 52
33 36 53
34 37 52
34 38 52
34 40 52
35 39 52
35 41 51
34 41 52
35 41 49
34 41 51
34 41 49
33 43 50
34 43 52
35 43 51
34 43 49
34 44 49
35 44 50
35 46 49
35 45 48
34 46 49
33 47 49
34 47 49
34 46 50
36 45 50
34 47 48
33 46 49
33 47 48
34 58 50
36 46 47
35 47 48
33 48 48
32 46 48
33 46 50
32 47 50
32 45 50
33 45 49
33 47 49
33 43 49
31 45 48
30 46 50
32 45 50
31 44 50
31 45 50
30 44 50
30 45 49
31 42 51
31 43 50
32 43 50
32 41 51
33 42 50
36 42 52
35 42 52
33 41 52
33 42 51
34 43 52
34 40 51
35 40 51
35 39 51
35 39 51
34 38 50
35 40 51
36 40 50
34 40 51
35 42 52
35 40 51
37 39 49
37 37 46
36 37 46
37 37 45
37 37 44
37 37 42
36 43 49
36 45 48
37 46 45
36 48 49
33 55 50
34 54 43
29 59 47
28 61 53
28 54 50
30 49 45
32 48 43
33 49 43
32 50 45
32 51 47
30 50 45
30 47 45
32 46 45
32 48 46
32 44 43
32 46 45
33 53 46
32 54 42
33 54 40
34 51 37
36 50 37
37 54 32
36 50 32
38 58 34
37 53 35
33 52 33
31 54 35
32 54 40
31 55 40
30 55 39
30 53 40
31 53 39
30 53 39
31 52 39
32 52 37
31 51 36
31 53 37
32 52 38
30 53 38
31 53 38
32 55 38
31 54 38
31 53 37
31 54 38
30 54 37
30 52 37
31 52 37
31 52 37
31 52 37
31 53 37
30 53 36
30 53 37
31 53 37
31 54 37
32 52 38
31 53 37
31 53 37
32 53 37
31 52 37
31 53 38
31 53 37
31 53 37
32 53 36
31 52 38
32 53 37
31 52 37
30 54 38
31 53 37
31 52 37
32 52 37
30 53 37
32 53 36
30 53 38
30 53 38
30 53 37
31 54 38
31 54 37
31 52 37
31 54 36
31 53 38
31 54 37
32 54 37
31 52 38
31 52 37
31 53 37
30 53 36
30 53 37
29 52 37
30 52 38
31 53 37
30 52 36
32 52 37
31 53 38
31 53 38
32 53 37
31 52 37
31 53 37
32 53 37
31 53 37
30 52 38
31 52 37
30 53 38
31 53 37
30 53 37
31 53 37
30 52 36
31 53 37
31 54 37
32 52 37
31 53 37
29 53 37
31 53 37
31 52 37
31 52 37
