27 45 49
27 45 49
27 46 50
28 44 48
28 44 49
27 44 49
28 43 49
28 44 49
28 44 48
29 43 48
27 43 49
28 44 49
27 44 49
28 45 49
28 43 49
28 44 49
27 45 49
28 44 49
28 44 49
27 43 49
28 42 49
28 45 49
27 46 49
28 46 48
28 45 46
28 48 46
27 48 46
28 47 45
27 49 45
26 50 45
27 50 46
27 53 45
28 50 44
30 49 44
30 49 46
32 50 46
32 49 45
35 51 44
35 51 43
36 50 43
36 51 42
37 48 43
35 51 42
36 48 43
34 49 43
34 51 41
32 49 41
32 48 44
31 49 44
31 48 42
32 49 45
33 48 44
32 50 44
33 50 46
31 49 44
34 52 44
32 50 44
32 50 43
35 50 42
35 50 42
33 49 42
34 51 45
34 52 43
37 50 44
35 52 42
35 51 43
37 50 43
35 52 41
35 51 40
35 52 40
35 54 40
34 53 41
34 53 42
35 52 41
36 51 42
36 51 41
35 51 41
34 54 40
35 52 41
34 52 42
34 53 41
35 54 42
33 51 42
34 53 43
33 53 43
33 52 43
33 51 42
34 50 43
34 51 43
34 50 43
35 50 42
34 51 44
35 52 44
34 50 44
35 49 44
36 49 44
36 49 46
35 48 44
35 47 45
35 48 47
33 46 45
32 47 46
32 45 46
30 44 47
30 44 48
29 45 48
30 45 49
28 45 48
28 45 48
28 44 48
27 44 49
28 43 51
28 45 49
27 46 49
28 44 50
28 43 49
27 44 49
28 43 51
27 43 49
27 41 51
26 40 51
26 41 50
25 40 50
26 38 50
26 40 52
25 38 51
25 38 51
26 38 50
26 37 51
23 39 50
25 38 51
24 37 51
23 37 51
23 38 52
24 36 51
24 36 50
23 34 51
25 35 51
23 35 52
23 36 50
22 35 51
23 35 50
24 33 50
24 32 51
24 33 51
23 33 51
23 35 50
23 31 49
23 31 50
23 32 50
24 32 50
24 33 51
23 34 50
23 31 50
23 32 50
23 32 51
23 31 50
23 32 51
23 31 50
23 32 51
23 31 51
24 31 51
22 32 51
24 32 51
24 31 51
23 30 50
23 31 50
23 32 50
23 30 50
23 29 50
22 30 51
24 30 50
23 30 51
23 31 51
23 31 49
23 29 49
22 31 51
23 29 49
23 30 50
23 29 50
22 30 50
22 29 50
23 29 50
24 30 50
23 29 50
22 29 50
22 28 50
22 29 49
22 29 50
23 29 49
22 28 52
23 29 49
22 28 50
22 29 49
22 28 50
24 27 49
22 29 50
23 28 50
23 29 50
22 28 51
23 29 50
22 28 51
22 28 49
21 29 49
22 27 48
22 27 48
23 29 48
24 28 49
22 29 48
22 30 48
23 29 49
22 29 50
24 30 50
24 31 51
25 32 52
26 33 51
26 33 53
26 33 52
26 35 53
26 33 51
25 35 48
24 34 53
26 35 51
24 37 51
27 37 52
27 39 51
28 39 52
30 39 52
30 43 53
32 43 52
32 42 51
31 44 51
31 45 49
31 46 49
35 41 51
35 42 51
35 43 50
36 44 50
37 42 49
34 43 48
35 45 47
37 46 47
35 46 47
34 46 46
35 49 46
34 48 46
36 46 47
35 47 46
33 48 46
34 48 45
33 49 45
33 48 47
32 48 46
32 49 47
32 50 46
32 50 44
31 50 45
31 51 44
31 51 44
31 51 44
31 50 45
32 50 44
32 50 43
30 56 47
33 50 44
31 50 42
31 53 45
32 51 44
32 51 44
32 52 45
33 50 42
34 51 43
32 52 42
34 50 42
33 50 42
33 48 42
32 49 44
34 50 44
36 57 50
35 49 44
35 61 49
32 50 45
32 50 46
29 51 43
29 48 43
32 49 43
32 50 46
30 47 45
30 48 45
31 48 46
31 49 45
31 49 46
29 48 45
27 49 46
28 47 46
27 47 46
27 48 49
29 47 49
29 47 50
31 46 50
31 47 49
33 46 49
34 44 49
35 45 48
36 45 48
35 46 48
36 45 47
37 43 47
36 43 49
37 41 51
38 40 50
38 38 51
37 39 52
38 39 50
36 38 47
37 40 47
35 39 51
34 41 45
32 38 49
31 41 50
29 38 51
30 42 57
29 40 52
30 39 55
29 43 54
30 45 51
29 45 56
28 41 59
30 43 49
30 42 46
32 45 48
29 43 52
30 43 52
31 42 49
31 43 48
32 43 51
32 44 51
32 44 49
31 45 50
30 44 51
31 44 50
31 44 51
31 42 50
32 43 49
32 42 49
31 44 50
31 43 50
30 42 49
32 45 50
31 44 49
31 44 48
32 43 49
32 45 51
30 41 48
31 40 51
32 43 53
32 41 52
31 41 49
32 46 49
32 45 48
29 45 49
31 44 50
31 45 49
31 47 49
31 45 48
32 46 49
32 43 49
31 44 49
31 45 49
32 44 48
31 46 49
31 46 49
31 45 48
31 46 50
30 45 50
32 44 49
31 45 49
30 45 50
32 46 48
32 44 49
31 45 49
31 45 49
32 44 49
31 45 49
31 44 49
31 45 49
30 42 49
31 43 50
31 44 49
31 44 49
32 46 49
31 44 49
32 45 48
33 46 49
32 45 49
30 44 48
