31 27 52
31 27 52
31 28 53
31 28 53
31 29 53
31 27 52
31 28 52
32 29 52
32 28 53
30 27 53
31 28 53
32 28 53
31 28 53
31 28 52
31 27 53
31 29 53
31 28 54
31 29 53
30 29 53
30 28 53
31 27 53
31 27 52
33 28 52
32 28 54
31 28 53
31 29 57
31 32 57
31 32 58
33 32 59
35 36 56
37 37 55
39 39 54
39 40 53
39 39 50
39 37 50
39 36 49
39 37 48
39 34 48
40 35 49
38 35 49
38 36 49
38 36 50
39 34 50
39 36 49
36 35 51
36 31 52
36 33 51
37 37 51
39 40 52
38 38 51
38 39 52
38 41 55
40 40 53
38 39 50
39 39 49
38 38 53
38 40 54
39 41 51
38 43 50
39 41 53
40 40 51
37 42 50
37 40 53
38 38 52
37 38 50
37 38 53
38 38 53
38 37 49
38 37 51
37 36 53
37 36 50
36 35 50
35 32 52
36 30 51
35 30 52
34 26 51
32 29 53
31 27 52
33 28 51
33 27 52
32 26 52
33 27 53
32 27 53
31 24 50
32 26 53
31 23 51
32 24 51
32 25 51
30 24 51
31 23 51
29 22 50
29 21 50
29 21 51
29 22 51
31 22 51
30 21 50
28 21 50
28 23 51
28 22 50
29 21 50
28 21 49
29 21 49
28 20 49
29 21 49
28 21 49
28 21 48
28 20 48
27 20 48
27 21 47
27 21 48
28 20 48
27 18 48
28 20 48
28 20 48
28 21 48
26 21 47
26 20 48
27 22 48
27 20 47
26 20 47
24 17 46
24 18 47
26 18 48
27 20 45
26 19 47
26 19 47
25 19 46
27 18 45
25 19 46
25 18 46
26 20 46
25 18 47
25 18 46
27 20 45
28 18 45
25 17 46
26 17 47
26 17 46
26 18 45
25 19 46
26 19 44
26 18 46
24 16 45
26 18 44
25 19 45
25 18 46
27 18 46
26 18 46
26 18 44
25 19 44
26 18 45
24 16 46
25 17 44
24 17 44
23 17 45
27 18 45
25 17 44
26 18 45
25 18 44
26 19 45
25 18 45
26 17 44
25 17 44
25 16 45
25 17 45
25 18 45
26 17 45
24 18 45
26 17 45
26 18 46
25 18 43
25 17 45
25 18 45
25 18 45
26 18 44
25 17 45
26 17 44
26 17 45
25 19 45
27 18 45
25 18 45
24 19 44
25 19 45
26 16 45
24 18 46
25 17 45
25 17 45
25 16 45
26 17 45
24 18 45
25 18 45
26 18 45
25 19 45
26 19 47
25 19 46
26 18 46
25 18 46
26 18 48
26 18 47
27 19 47
27 20 46
27 20 47
27 19 47
27 17 47
27 17 48
27 19 49
27 18 47
28 19 48
28 20 48
30 19 49
29 20 49
28 20 48
29 19 49
30 21 52
30 21 50
32 22 50
31 22 51
32 26 51
34 27 50
34 26 51
35 27 52
36 29 52
35 30 52
35 30 53
37 32 53
37 33 52
36 35 52
38 33 53
39 35 51
37 37 50
38 37 51
39 37 52
40 38 52
40 38 51
40 39 52
40 38 52
40 39 52
40 38 51
39 37 52
39 39 51
40 38 51
40 38 51
38 37 50
39 38 50
40 39 50
40 40 50
40 39 50
41 39 51
41 40 50
41 40 51
42 41 50
40 42 49
40 43 50
40 43 49
39 41 50
40 41 50
39 40 51
39 40 50
39 42 50
40 43 51
38 42 50
39 39 49
39 42 49
39 41 50
40 44 49
40 40 49
40 42 50
40 41 50
39 44 51
38 37 49
38 37 51
37 41 50
38 39 52
37 36 52
37 39 53
38 37 54
37 37 52
36 36 51
36 40 53
35 37 54
35 35 55
35 32 51
36 36 53
35 35 53
33 36 52
32 32 52
32 31 52
33 33 52
32 32 51
32 31 50
31 32 51
32 31 50
31 32 51
29 28 49
28 29 51
29 29 51
29 25 53
28 27 51
28 30 52
29 29 53
29 25 50
30 23 51
31 31 53
30 25 56
31 21 52
29 22 52
31 27 56
31 28 54
31 27 54
30 27 53
30 25 52
30 27 50
32 26 50
32 29 48
32 27 46
36 19 63
31 27 47
31 30 48
31 27 56
32 28 51
31 27 52
31 29 53
32 35 53
32 33 53
32 28 54
33 26 52
32 28 53
31 29 52
32 29 54
31 30 52
33 29 52
32 28 54
33 31 53
32 30 53
31 29 53
32 29 53
31 30 53
32 31 53
31 30 53
32 30 53
31 30 53
33 28 53
32 29 54
31 30 53
31 29 52
31 29 53
32 30 53
32 30 53
32 29 53
31 29 52
33 30 52
31 30 53
32 30 53
32 31 53
31 29 53
32 28 53
32 30 53
32 30 53
31 30 53
33 30 53
31 29 53
32 29 53
31 30 53
32 30 52
33 30 53
31 29 54
32 30 53
31 29 52
32 30 53
32 29 53
31 30 52
30 30 53
32 31 52
31 29 53
32 30 53
32 31 53
33 30 53
32 30 53
31 29 53
32 29 53
31 29 54
31 29 52
32 30 52
32 30 54
32 31 53
31 30 51
32 29 52
32 29 53
31 30 53
32 31 53
33 30 53
32 31 52
32 30 53
31 29 53
32 30 53
31 30 53
32 30 52
32 29 54
31 30 53
31 30 53
31 30 53
32 30 53
31 30 53
32 28 53
32 29 53
32 29 53
31 30 53
32 30 53
32 30 54
32 29 52
30 30 53
32 29 53
32 28 53
32 29 53
32 30 53
32 30 53
31 29 54
31 30 53
33 30 53
32 28 53
31 29 53
32 29 54
32 30 53
32 29 52
31 30 53
32 30 53
32 30 53
32 30 53
31 31 53
32 29 52
33 30 53
31 30 52
32 31 53
31 29 53
31 30 53
32 30 53
31 30 53
33 30 54
31 30 53
32 30 53
32 29 53
30 29 53
32 29 53
31 30 53
31 29 52
32 30 53
32 31 52
32 30 53
32 29 54
32 30 52
32 29 53
31 30 53
34 29 52
32 30 53
31 29 53
33 30 53
33 29 53
32 30 52
32 30 53
32 30 53
32 30 52
30 30 52
31 30 53
33 30 53
31 30 53
32 30 52
32 31 53
32 31 53
31 31 53
31 30 53
31 30 53
32 29 52
32 29 52
32 29 53
32 30 52
32 30 53
31 30 53
31 29 53
32 29 52
31 29 53
31 30 54
32 30 52
31 29 53
33 30 52
32 31 54
32 30 53
31 28 52
32 30 53
32 30 53
32 31 53
33 29 52
31 30 53
31 28 53
32 30 54
32 30 53
33 29 52
32 30 53
31 29 53
32 30 53
31 30 53
32 29 53
32 30 53
32 30 53
33 30 52
31 30 53
33 30 53
31 29 53
32 28 52
31 30 53
31 30 52
33 29 52
30 29 52
32 31 53
32 30 52
32 29 53
33 30 54
32 29 53
32 29 52
32 31 54
31 29 53
30 30 53
32 29 54
32 29 53
31 30 53
32 28 53
31 28 53
