31 36 53
31 36 53
32 36 53
31 35 54
31 35 52
31 36 52
31 35 54
31 36 53
30 35 53
32 36 52
31 36 53
31 35 53
31 35 52
31 35 53
30 36 53
31 36 53
31 35 52
31 35 53
30 36 53
30 35 53
31 35 52
31 36 52
32 35 53
32 36 53
32 35 53
31 36 53
30 35 53
31 35 53
31 35 52
31 35 53
31 36 53
30 35 52
31 36 53
31 35 53
31 36 52
31 35 53
30 36 53
32 36 53
30 35 53
32 36 52
31 35 53
33 36 53
31 36 53
31 37 53
31 36 53
33 36 53
32 36 56
34 36 57
33 32 55
36 34 55
36 35 56
36 34 56
35 38 55
34 38 54
33 37 52
36 40 52
37 40 51
35 39 50
33 46 51
33 39 50
33 40 49
33 39 53
35 39 52
33 39 50
32 39 52
31 36 50
31 39 50
29 40 52
30 39 48
27 40 49
29 40 49
29 39 47
28 40 49
30 42 50
32 43 49
30 42 48
31 46 48
31 49 48
32 46 47
32 48 47
34 51 44
33 48 46
32 52 47
31 48 43
34 50 49
32 51 47
33 50 47
34 50 48
32 49 47
33 50 47
34 49 44
34 50 45
33 49 45
34 48 46
34 48 46
35 48 47
34 46 47
35 48 49
34 45 49
34 46 48
35 47 48
34 46 49
34 44 50
35 43 49
33 42 50
34 41 49
32 42 51
31 41 50
29 41 50
31 39 51
29 39 51
30 37 51
29 38 51
26 37 51
28 37 50
27 35 51
26 34 50
25 34 51
26 33 51
25 33 50
25 32 51
26 31 52
26 33 52
27 31 52
25 32 52
25 31 51
25 30 52
25 32 52
25 31 53
24 31 50
24 31 50
25 29 52
24 28 50
23 29 51
25 28 50
23 29 49
24 27 50
24 27 52
24 27 50
23 27 50
23 27 50
23 26 51
22 28 50
23 27 50
23 28 49
22 27 50
25 26 50
24 27 49
24 29 50
23 27 49
24 27 49
24 27 50
23 26 50
23 26 49
23 26 50
24 26 50
22 26 49
24 26 49
24 26 51
22 26 49
24 26 49
22 26 50
23 25 48
24 27 49
23 26 48
24 25 49
22 25 49
22 25 48
23 25 48
22 24 48
23 24 49
23 24 49
23 24 48
23 25 50
22 25 49
23 25 49
23 26 49
23 25 48
23 26 49
23 25 48
23 24 48
23 25 49
23 25 48
23 25 48
22 24 48
24 25 49
22 24 48
24 25 49
22 24 49
23 24 48
25 24 49
24 24 49
23 23 49
22 24 49
22 24 48
22 23 48
22 24 48
22 26 48
22 24 48
22 25 48
24 24 49
23 24 47
22 24 47
22 25 49
22 23 48
22 24 48
22 23 49
22 24 48
22 24 48
22 24 48
23 25 47
23 25 48
24 24 48
22 24 48
25 24 49
23 24 48
24 25 49
22 25 48
22 23 48
21 23 48
23 25 48
22 23 48
23 24 48
22 23 48
24 24 48
23 23 48
23 23 49
23 25 48
23 24 48
22 23 49
24 24 48
23 24 48
23 24 49
24 25 47
22 22 49
22 21 49
22 24 47
22 22 48
23 23 48
21 24 48
23 23 48
23 22 48
22 24 49
23 23 48
22 23 48
23 24 48
22 22 48
23 22 48
22 23 48
23 24 48
22 24 47
23 22 48
22 24 48
23 21 48
23 23 47
23 23 47
23 23 48
23 23 48
23 24 48
23 22 48
23 23 47
23 23 48
22 22 47
23 24 46
22 24 48
22 24 48
22 24 48
23 24 48
23 24 48
22 23 49
22 24 48
22 24 48
23 24 48
22 22 47
22 23 47
22 23 46
24 24 48
22 24 48
22 25 49
24 23 49
22 24 49
24 25 49
24 25 50
25 26 50
23 25 49
24 27 49
24 28 49
25 29 49
26 29 52
25 27 51
26 32 51
26 32 53
28 32 51
26 33 52
28 33 53
30 33 52
29 35 52
30 36 50
31 38 51
31 38 50
32 39 50
31 40 49
31 41 51
31 42 49
31 43 49
32 43 50
29 43 48
33 45 50
31 46 48
30 46 48
32 48 47
32 49 47
32 50 48
33 48 47
31 52 44
33 49 46
33 48 45
32 49 45
36 50 52
31 50 45
31 48 42
32 49 47
33 48 45
33 49 43
32 50 44
33 49 44
32 50 44
34 52 42
34 50 41
34 53 43
34 52 42
35 56 42
33 48 43
32 49 44
33 47 43
31 48 43
34 51 42
33 52 45
31 49 45
33 50 45
31 50 45
30 48 48
29 50 50
29 48 47
30 45 43
27 45 43
29 48 45
27 46 47
27 44 47
28 42 45
26 43 46
28 43 49
29 38 50
29 40 49
30 42 49
31 41 49
32 42 50
33 42 51
31 44 52
29 42 52
30 42 50
30 43 53
30 43 52
30 41 53
31 40 54
28 37 53
30 36 53
30 33 53
31 32 52
30 31 51
32 32 52
30 32 52
33 37 56
34 26 61
32 27 51
31 34 53
33 32 61
30 29 52
29 37 52
31 35 53
32 36 52
34 37 53
31 33 53
32 34 53
30 34 54
31 33 52
32 33 52
33 34 52
31 34 53
31 33 53
32 35 53
30 34 54
31 34 52
31 34 54
31 35 53
31 34 54
32 34 52
32 34 53
32 34 53
30 34 53
32 33 53
31 34 54
30 34 52
32 34 53
31 34 53
32 35 54
31 35 53
32 34 53
32 34 53
32 34 52
32 34 53
33 34 53
32 35 53
31 34 52
32 33 53
31 33 53
31 34 53
31 34 53
31 34 53
31 34 52
30 34 53
31 34 53
31 34 53
31 34 52
32 34 52
32 34 53
31 34 54
31 35 53
31 34 53
32 34 54
31 33 54
31 35 53
32 34 53
32 34 52
32 33 53
32 33 53
31 34 53
31 34 53
30 34 53
32 35 53
31 34 53
31 35 52
32 33 53
32 34 54
31 33 53
31 34 52
32 34 53
33 33 52
31 33 53
32 34 52
31 36 53
31 34 53
32 34 54
30 33 52
31 34 53
31 34 53
33 34 53
32 33 52
32 34 53
30 33 54
31 33 53
31 34 52
31 34 53
