31 43 50
31 43 50
31 33 50
30 44 51
30 44 33
31 44 50
32 43 50
33 43 50
32 43 50
33 42 49
31 44 50
32 45 50
32 44 50
33 44 50
32 43 50
31 44 50
31 42 51
32 42 50
33 44 50
32 43 50
34 43 49
32 45 50
33 43 49
32 44 50
33 43 50
33 43 50
32 43 50
32 43 50
32 44 50
33 43 49
32 44 49
31 43 50
31 44 49
32 43 50
31 44 50
32 43 49
32 43 50
32 43 50
33 43 50
32 44 51
32 43 49
32 44 50
33 44 51
32 44 51
32 43 50
32 43 50
31 42 49
31 44 50
32 43 50
31 44 50
33 43 49
32 44 50
32 44 51
32 43 50
31 43 49
32 43 50
32 45 50
32 42 50
32 43 50
32 43 51
32 44 51
33 43 50
32 44 50
32 44 49
32 44 50
32 43 50
33 42 50
32 44 50
32 43 49
32 43 51
34 45 51
30 43 52
31 43 53
32 44 53
32 45 52
29 47 54
32 52 53
34 49 53
36 49 53
39 46 53
41 45 52
41 44 49
41 43 48
40 45 46
39 42 43
38 41 44
38 45 44
37 44 45
38 44 45
38 44 46
40 42 45
39 41 45
36 37 50
38 42 52
41 44 48
42 49 44
37 45 51
40 45 49
39 45 51
41 44 51
40 46 52
40 45 50
40 45 49
39 43 48
39 43 50
40 44 50
40 41 50
40 40 50
41 41 49
38 40 49
39 40 50
40 40 50
39 39 51
38 41 52
40 40 51
39 37 51
39 36 50
39 37 51
40 39 51
38 38 51
40 38 51
38 37 52
38 36 53
37 36 51
37 35 52
37 35 51
35 34 51
36 33 52
34 32 51
34 33 53
34 32 53
34 33 53
34 32 53
35 33 53
36 33 53
32 32 54
33 32 53
33 31 53
33 33 52
32 31 52
32 31 52
32 32 52
32 30 53
32 31 53
32 32 53
33 30 53
31 31 54
32 30 53
32 30 53
30 29 53
31 29 52
32 30 52
30 29 52
31 29 53
30 30 53
29 30 54
28 29 53
30 29 53
30 29 53
29 28 52
29 30 53
30 28 52
29 28 52
30 29 53
30 29 53
31 29 53
30 28 53
31 28 52
30 29 52
29 28 53
29 28 52
30 29 52
29 27 51
30 28 50
28 28 52
30 27 52
29 28 52
30 28 53
29 27 51
30 27 53
29 27 51
28 27 52
29 28 51
28 28 50
28 26 52
30 29 51
30 29 52
31 29 53
31 31 53
30 30 54
31 32 52
31 31 52
31 31 53
31 32 53
31 33 53
31 33 53
31 35 52
32 35 53
31 33 52
32 33 53
31 33 53
31 33 52
33 34 52
33 35 52
35 36 51
35 37 51
36 37 52
36 37 51
38 37 51
39 38 51
39 40 51
41 40 50
41 41 50
40 40 50
39 42 49
40 41 49
40 41 50
41 43 50
41 43 49
40 43 49
41 45 50
42 43 51
41 45 50
41 46 50
42 46 50
42 44 49
41 44 48
41 44 48
39 45 48
40 45 47
42 44 48
40 46 47
40 47 48
41 47 47
39 44 51
40 46 49
41 45 46
41 44 46
41 45 48
43 47 47
41 48 47
41 47 46
40 44 47
41 46 49
41 45 47
42 45 46
40 47 47
39 45 47
40 43 47
37 41 44
37 39 47
37 42 48
37 39 47
37 42 47
38 41 50
38 43 52
41 42 51
40 45 52
41 40 52
39 46 51
36 47 55
34 43 53
36 44 49
34 39 49
32 38 49
30 41 55
28 44 59
34 47 54
32 40 50
32 42 51
33 45 51
33 43 51
35 41 51
33 42 49
33 43 50
33 42 52
33 42 51
34 44 51
34 42 51
33 43 51
32 44 50
32 44 50
34 44 50
34 42 51
33 43 51
34 43 51
32 43 50
32 43 50
33 44 49
34 45 50
33 43 50
34 44 50
33 43 51
33 42 50
33 43 50
33 44 50
33 43 50
33 42 50
34 44 51
34 43 50
33 43 51
33 43 50
34 44 50
33 43 51
33 43 51
31 43 50
34 42 50
34 43 50
34 44 49
33 44 51
32 43 51
34 44 49
33 44 50
32 42 50
32 42 51
32 43 51
32 42 51
32 42 51
32 44 52
32 43 51
33 42 50
33 43 51
33 43 50
33 42 50
32 41 51
31 41 50
32 40 50
32 40 52
33 40 52
34 42 51
32 40 51
31 42 51
33 39 51
32 41 51
33 41 52
32 41 51
33 42 51
32 42 52
32 41 52
32 41 50
32 42 51
32 43 51
33 42 50
34 42 51
32 42 51
31 42 51
33 42 50
32 42 52
32 43 52
31 41 51
32 41 51
31 43 51
34 41 52
32 42 51
31 41 52
32 41 50
31 42 51
32 40 52
33 42 52
32 41 50
30 42 51
32 41 52
32 42 50
31 41 52
32 41 51
30 41 51
30 40 52
33 41 51
30 42 49
30 40 52
30 42 50
30 42 51
31 40 52
31 39 50
28 40 51
29 42 51
29 40 52
28 40 52
30 42 51
31 40 51
28 40 52
28 42 51
30 40 50
30 41 51
29 40 51
29 39 51
30 41 51
30 38 52
30 40 51
30 41 52
31 39 51
28 40 50
30 41 51
30 40 51
28 41 51
29 42 52
30 41 51
30 40 51
