29 41 49
28 39 49
29 39 51
29 42 51
29 40 51
27 41 51
29 40 51
29 40 51
29 40 50
29 40 50
29 39 51
29 40 51
29 41 51
30 41 51
29 41 51
29 39 51
29 40 51
30 39 52
30 40 52
28 40 50
29 41 51
28 41 51
28 40 51
29 39 52
28 39 51
28 39 51
27 40 51
28 40 51
29 40 51
28 41 51
29 41 51
29 41 52
28 40 52
28 40 51
28 39 50
28 38 52
28 40 51
29 40 52
30 39 51
29 39 51
28 40 51
29 39 51
29 40 51
27 41 53
28 41 53
29 40 55
28 40 54
29 40 50
28 43 51
30 46 55
31 47 53
33 46 53
34 46 50
37 46 50
36 46 50
38 46 48
38 46 44
37 44 45
37 44 44
35 44 43
35 42 44
34 42 45
35 42 45
34 43 48
33 45 48
33 45 48
33 46 47
35 47 47
33 47 48
34 47 46
34 49 45
31 48 47
34 48 45
33 51 43
35 50 46
34 51 43
34 52 42
32 48 43
34 51 44
33 47 43
33 50 43
34 49 44
33 50 45
36 50 44
33 52 44
34 51 45
36 52 46
36 51 45
37 51 45
37 52 45
37 51 44
38 50 44
38 51 44
37 50 45
37 48 44
34 47 45
37 48 47
36 47 45
36 47 45
37 46 46
35 45 46
36 44 48
35 44 49
34 42 49
34 44 50
32 42 50
32 44 51
31 41 51
33 41 50
30 42 51
30 40 51
32 39 51
31 39 51
30 37 50
29 37 51
29 36 51
29 35 52
27 34 51
28 34 53
28 33 52
27 33 50
28 33 54
27 30 51
27 31 51
28 31 52
27 32 51
26 32 51
26 31 52
28 32 52
27 30 53
27 32 54
26 32 53
26 31 53
26 30 51
25 31 52
26 30 52
25 30 51
25 30 51
26 30 52
25 29 51
26 29 51
25 30 52
26 29 51
25 30 52
24 30 52
25 28 52
25 28 51
25 29 51
24 29 51
25 29 50
25 27 52
25 28 51
25 29 51
24 27 51
25 29 51
24 28 51
24 28 51
25 28 51
24 26 51
25 29 51
24 28 50
25 27 51
24 28 52
25 28 50
25 27 50
24 27 51
24 28 50
25 27 50
24 27 50
23 27 51
24 28 51
25 26 50
25 28 51
25 28 51
25 28 51
23 28 51
26 27 51
25 26 50
25 27 52
25 27 50
24 26 51
24 26 50
24 26 50
25 27 50
24 27 50
25 26 50
24 26 51
24 26 50
24 26 49
24 27 50
25 28 50
25 25 50
26 24 50
24 25 50
23 24 49
24 27 50
25 26 50
24 26 50
25 25 50
24 25 51
24 25 49
25 25 50
24 25 49
26 26 50
25 25 51
25 26 51
24 25 50
25 25 51
25 26 50
24 24 50
26 24 49
25 25 50
24 25 49
25 24 49
26 25 49
25 24 50
26 25 50
25 25 50
25 25 50
24 26 50
24 26 49
24 26 50
24 26 50
24 25 49
25 25 50
24 24 50
25 25 49
24 24 49
25 25 49
24 24 50
24 26 50
24 26 49
25 26 50
25 24 50
24 25 50
25 26 50
24 28 51
24 27 51
26 28 51
26 28 52
25 28 51
27 30 52
26 30 52
25 28 52
25 30 52
26 30 51
27 31 52
28 31 52
28 30 52
33 31 53
31 34 52
29 36 53
29 36 51
28 38 50
30 40 50
31 40 50
31 41 50
32 42 50
32 41 50
33 42 50
32 44 49
32 46 50
32 43 50
32 45 48
34 49 48
32 47 47
31 47 46
34 49 47
34 48 47
33 49 46
35 49 46
32 45 47
35 52 48
34 50 47
34 50 44
35 47 43
35 48 44
35 49 45
36 49 42
36 49 42
35 52 44
38 49 43
37 51 44
37 53 45
36 55 43
36 53 43
36 49 42
35 50 43
35 51 44
34 49 43
36 47 44
35 51 44
34 51 46
33 51 43
31 51 44
32 49 44
32 47 45
31 47 45
31 48 46
31 45 44
31 45 45
30 46 45
32 45 43
32 46 44
33 45 45
33 46 47
35 44 46
34 49 47
35 45 45
34 48 45
34 47 51
34 45 50
31 43 48
31 42 52
31 40 54
32 35 53
31 36 54
30 34 55
30 35 57
30 38 58
30 37 54
28 35 50
29 38 50
30 41 50
30 44 56
29 38 53
29 38 53
28 40 53
29 36 53
29 37 53
30 36 51
29 37 51
30 39 52
29 37 52
29 37 51
28 37 53
28 39 53
29 38 53
29 38 53
29 37 52
30 37 51
29 37 52
29 37 52
28 37 52
28 38 51
29 38 52
29 37 52
30 37 51
28 37 52
29 37 52
29 37 51
29 37 51
28 36 52
29 37 52
29 38 52
29 38 52
28 39 52
29 38 52
29 37 52
28 37 52
27 38 52
30 38 51
29 39 52
29 38 52
29 38 51
29 38 52
30 38 52
29 38 51
30 38 51
29 39 53
27 38 51
28 38 51
28 37 51
29 38 52
28 37 52
29 38 52
29 38 52
28 37 52
