34 49 44
34 50 45
33 49 45
33 50 44
33 51 45
34 50 44
34 50 45
34 50 45
33 49 45
33 48 45
35 51 45
33 49 44
32 49 45
34 49 44
35 49 44
34 51 45
33 50 45
34 49 45
33 49 45
35 50 45
33 49 44
32 50 46
33 49 45
34 49 44
34 48 46
32 49 45
34 49 45
34 50 45
33 48 45
34 49 45
35 48 46
34 49 45
33 49 45
34 49 46
35 49 45
33 48 45
34 49 44
33 49 45
34 48 44
33 49 45
34 49 45
33 49 45
34 48 45
34 49 45
33 49 46
33 50 46
34 49 45
34 49 44
33 48 46
33 49 46
33 50 47
34 52 46
33 52 47
34 50 47
35 48 45
35 48 46
36 47 47
37 47 47
37 48 46
38 47 47
38 46 47
38 46 48
39 45 49
40 46 48
39 44 47
38 42 46
39 42 47
39 42 46
40 44 48
41 45 49
42 46 48
41 46 49
42 47 48
43 45 48
41 44 47
42 43 48
42 42 47
42 42 47
40 42 47
41 43 47
41 43 48
41 43 48
40 43 48
40 43 47
40 43 48
41 42 48
41 41 48
41 42 50
41 41 51
42 41 49
40 41 49
39 41 50
39 41 51
39 42 52
39 40 52
39 42 52
39 40 54
39 39 53
38 36 52
39 38 52
40 35 51
40 34 51
38 34 50
36 33 51
36 34 51
34 31 51
33 31 52
33 30 51
33 30 52
30 30 53
31 29 51
30 27 53
31 28 52
29 26 53
30 27 52
30 26 52
28 25 51
29 27 51
28 24 51
28 26 52
28 25 52
28 24 51
28 24 51
27 24 51
27 24 49
27 23 50
27 24 50
26 22 51
26 23 49
27 24 50
26 24 51
26 23 49
27 24 49
26 23 51
26 23 49
26 23 50
26 23 51
25 23 50
26 23 51
25 24 49
24 23 50
25 22 48
25 23 49
26 25 49
26 25 51
27 24 49
28 23 51
26 23 50
26 25 49
26 23 49
26 22 49
25 23 48
26 23 50
26 23 49
25 24 48
26 23 49
26 21 48
26 21 49
26 22 49
26 20 48
26 20 46
27 20 48
26 20 47
26 19 47
27 18 46
27 19 46
26 18 45
26 19 44
26 17 45
25 18 45
26 16 43
26 15 44
27 16 43
26 14 42
27 15 43
26 17 41
26 15 42
27 14 42
27 14 42
27 16 41
26 15 41
26 16 42
26 15 42
26 15 43
26 14 43
27 18 44
26 15 44
28 14 45
28 16 44
28 17 45
27 15 46
28 18 47
28 21 47
28 23 50
30 25 50
31 27 48
33 28 49
33 27 51
36 28 52
35 29 52
36 30 50
37 31 52
38 33 50
38 35 51
39 35 50
41 38 48
42 39 49
42 38 49
42 42 50
43 42 50
43 43 51
42 42 48
41 43 48
41 44 50
41 44 49
41 44 50
41 48 54
42 43 51
40 41 48
41 42 49
40 42 50
40 40 50
41 41 49
41 40 48
40 41 49
40 41 50
40 42 49
41 42 48
40 42 49
40 43 49
41 42 48
39 42 47
41 42 49
38 44 50
40 44 50
38 48 49
38 47 48
38 50 47
36 50 44
37 52 40
37 55 40
34 62 46
34 47 39
33 52 41
33 53 43
34 51 43
35 51 42
35 52 42
35 52 42
35 50 42
34 51 43
34 50 43
34 51 42
34 52 43
35 51 42
35 50 41
35 51 42
35 51 42
34 50 42
34 51 42
35 52 42
34 51 41
34 51 42
35 51 42
35 50 43
35 52 42
35 50 43
33 51 42
35 51 43
35 51 43
34 51 42
35 50 42
34 50 42
35 50 43
34 51 42
35 52 42
34 50 43
34 51 43
34 51 42
34 50 43
35 51 42
35 51 43
34 51 42
34 51 43
34 51 44
34 51 42
34 51 42
34 50 42
34 50 43
34 51 41
35 50 43
35 51 42
34 51 42
34 50 43
34 52 42
35 50 41
34 51 42
34 52 42
36 50 42
33 50 42
34 50 42
34 51 41
35 51 42
34 51 42
35 51 43
33 51 42
34 51 42
35 50 41
35 52 42
34 52 42
35 51 43
34 50 43
33 50 42
34 51 43
35 50 42
35 51 43
34 50 42
34 50 42
33 52 41
34 51 42
34 51 43
35 51 42
35 50 42
34 51 43
34 51 43
35 50 42
34 50 42
35 50 42
35 50 42
34 51 42
34 50 42
34 51 42
35 52 42
35 52 42
34 50 43
35 51 42
35 50 43
34 51 43
34 51 42
