29 44 48
29 46 48
28 44 49
28 45 49
28 45 49
29 43 48
28 45 48
28 45 49
28 44 49
29 44 48
28 44 49
29 45 48
28 44 49
28 45 48
28 43 48
28 45 49
28 44 47
28 44 48
29 45 48
29 45 49
28 44 48
28 46 49
27 46 48
29 45 48
28 45 48
28 45 48
28 44 48
28 44 48
28 44 49
29 44 49
29 45 48
28 44 48
27 45 48
28 44 48
27 45 48
28 45 49
28 45 47
29 45 49
28 45 49
28 45 48
27 44 49
29 44 48
27 45 49
28 44 49
28 44 49
28 44 48
27 43 48
29 44 47
27 44 48
28 44 49
29 44 49
28 44 49
27 45 48
28 46 47
27 45 47
25 40 48
25 42 47
23 48 45
24 52 41
25 57 41
26 51 41
30 52 41
29 49 41
29 55 39
28 53 39
23 56 42
26 53 42
27 52 43
26 53 45
33 62 46
33 43 46
32 46 47
30 51 45
33 52 45
31 49 44
33 48 44
34 47 44
33 45 46
32 44 47
32 44 48
31 44 47
30 43 47
30 40 48
30 41 48
31 39 48
30 40 48
30 43 50
29 42 49
29 43 49
32 44 50
30 42 50
30 46 50
30 44 51
29 44 50
31 47 48
32 49 48
32 48 48
33 48 46
31 44 45
32 47 47
32 51 45
32 51 45
31 51 44
32 50 45
32 48 46
31 51 47
33 50 47
34 49 46
35 46 45
33 48 45
31 47 45
32 47 45
33 48 44
33 50 44
33 50 45
34 52 44
31 50 44
33 50 43
33 51 46
31 48 46
32 51 46
32 51 46
34 51 48
33 50 46
32 51 46
32 50 47
33 50 46
32 49 46
34 49 46
34 49 45
36 46 46
35 47 47
35 48 45
34 46 45
34 45 45
34 44 45
34 45 45
36 43 46
35 43 45
36 43 45
34 42 46
35 42 47
35 43 48
35 43 47
35 43 49
37 42 48
36 44 48
35 45 49
34 43 51
33 43 52
33 43 51
32 42 51
33 42 53
33 40 53
32 41 51
31 42 51
32 42 52
31 39 53
31 40 54
29 41 52
29 41 52
29 41 51
28 41 50
28 40 52
27 38 51
29 40 51
28 39 51
29 37 51
28 39 51
28 38 52
26 38 52
28 38 52
27 37 52
27 37 52
27 37 51
28 38 52
27 35 52
25 37 52
27 35 52
26 35 52
27 37 52
26 36 52
27 35 53
27 34 54
27 35 52
26 36 52
27 35 52
26 34 51
25 35 51
27 35 50
27 35 52
27 34 51
27 34 52
26 34 51
26 34 52
25 34 52
27 33 53
26 33 53
25 34 52
27 33 52
26 34 52
26 34 52
27 34 53
28 34 52
25 33 52
26 34 52
25 31 51
27 32 52
27 31 51
26 32 52
26 33 52
26 32 51
25 33 52
26 32 51
27 32 51
27 33 51
24 31 51
26 31 52
26 31 51
25 31 51
25 31 54
26 30 52
26 31 51
26 30 52
25 31 51
25 31 52
25 30 51
26 31 51
25 31 51
25 29 50
25 28 51
26 29 51
25 30 51
26 31 52
27 31 52
26 31 52
26 31 51
25 30 52
24 29 52
26 29 51
25 30 52
25 31 51
23 30 51
24 30 51
25 29 50
25 30 52
25 31 50
26 30 50
25 32 50
26 32 52
26 32 51
25 32 50
27 34 52
26 34 51
27 34 51
28 34 52
27 35 53
27 35 52
27 35 52
27 36 52
28 36 51
28 36 51
31 35 52
31 35 53
30 38 51
31 38 52
31 39 52
31 40 53
32 42 53
34 42 53
35 42 54
34 43 54
36 46 52
37 45 52
38 45 51
38 44 49
38 45 49
38 44 48
37 45 47
38 41 46
38 43 46
38 44 44
40 46 43
39 45 45
38 44 46
39 46 44
37 48 44
38 44 45
36 45 46
36 47 46
35 47 46
34 48 46
33 48 46
35 49 45
35 50 47
34 51 47
34 49 47
34 49 47
34 49 45
33 50 46
34 50 46
32 50 45
34 50 45
34 49 46
32 50 45
34 48 47
33 49 46
33 47 45
33 48 46
33 49 45
33 48 46
33 50 45
34 50 45
32 48 46
33 49 45
35 49 45
34 49 45
33 49 44
34 49 42
33 50 44
31 47 45
31 49 46
32 47 44
32 54 47
31 48 46
32 49 46
33 49 47
32 47 46
35 48 46
33 45 44
31 51 44
31 51 44
32 48 47
32 48 47
33 46 47
30 46 48
30 45 48
30 46 48
30 45 49
30 44 50
31 43 50
30 42 51
32 43 52
32 45 49
32 46 49
31 45 48
33 44 47
32 45 46
33 43 46
33 43 45
33 42 46
33 43 47
31 42 46
30 44 47
29 43 50
27 44 50
25 44 49
25 42 52
25 48 53
23 43 54
23 44 51
24 44 47
23 45 49
24 41 50
21 40 50
22 36 48
22 37 49
21 39 50
22 40 52
21 39 50
24 41 47
21 41 47
22 42 48
23 39 48
23 41 47
22 41 46
22 41 47
23 39 48
22 39 48
21 41 48
20 42 49
21 40 49
21 40 49
22 40 49
21 41 48
21 42 49
21 42 47
21 41 47
21 41 48
21 41 48
21 41 48
22 41 48
21 39 48
22 41 48
22 40 48
21 41 48
21 39 48
22 40 48
21 40 48
21 40 49
22 40 49
22 40 48
21 41 47
21 40 48
21 41 48
22 40 47
22 40 48
21 40 47
20 40 48
21 41 48
22 40 48
21 40 48
21 40 47
21 40 48
21 39 47
22 40 48
21 40 49
21 40 48
22 41 48
22 41 48
22 39 48
21 39 47
21 40 49
22 39 48
22 40 48
21 40 49
22 40 47
21 41 48
22 41 47
20 40 47
22 42 48
21 40 47
20 39 47
20 40 46
22 41 47
21 39 47
20 39 48
