30 34 53
30 34 53
57 30 34
30 35 54
29 35 53
30 35 52
31 37 55
30 35 52
31 34 53
31 35 53
30 35 54
30 36 52
30 36 53
31 35 53
30 34 53
29 35 51
31 36 54
30 36 53
30 35 53
30 36 52
30 35 53
30 37 53
29 34 52
29 36 52
30 36 52
29 35 53
29 35 53
31 39 54
34 42 52
33 44 54
33 40 55
36 43 57
33 33 58
35 34 57
34 37 55
35 37 53
34 40 51
32 40 48
32 43 46
36 48 43
37 51 40
37 50 38
37 50 38
36 50 36
38 50 35
36 52 36
36 54 35
36 53 40
35 53 42
35 53 44
36 49 46
34 48 45
33 47 44
34 43 44
34 43 45
36 45 46
35 47 45
35 48 47
32 49 45
35 44 51
35 47 49
35 47 47
34 44 46
36 48 49
33 43 49
37 46 53
37 46 48
35 46 45
37 44 47
38 46 47
38 45 46
37 44 47
38 48 47
38 45 50
37 47 50
38 48 50
36 47 48
37 45 51
36 42 48
36 46 48
36 45 47
36 46 51
37 46 51
37 45 50
36 44 52
38 44 53
38 42 51
38 39 51
38 38 51
37 37 51
37 36 50
36 33 52
36 30 49
34 31 51
34 28 49
33 25 50
31 25 49
31 25 49
30 24 51
30 23 52
30 26 51
30 27 51
30 28 51
31 26 51
30 25 52
29 26 52
28 25 52
27 25 52
28 24 51
22 24 51
28 23 52
27 23 50
27 24 50
27 23 50
27 22 50
26 23 49
27 22 49
26 23 49
26 21 51
26 22 50
26 21 50
26 24 50
27 23 49
28 23 50
26 23 48
27 22 50
25 21 50
27 19 49
25 22 49
26 21 48
26 22 48
26 21 49
26 22 49
26 22 50
26 22 49
25 21 48
26 21 49
26 22 49
27 21 49
26 21 49
25 21 48
26 20 49
26 21 48
26 20 47
26 20 48
26 21 47
26 20 48
26 21 48
27 21 48
26 20 48
26 21 48
26 19 47
27 20 47
25 19 47
25 20 48
25 20 47
26 19 46
25 20 46
26 19 47
25 19 45
25 19 46
25 18 46
26 20 45
26 18 46
26 19 46
26 18 46
25 19 46
27 19 47
25 18 47
26 18 46
26 19 46
26 20 47
27 21 46
27 18 46
26 18 47
26 19 47
26 19 48
26 20 47
25 21 47
25 19 48
26 19 47
25 20 47
25 20 45
26 19 47
26 19 47
25 19 46
27 19 47
26 19 46
27 20 48
26 20 48
27 21 49
27 21 49
27 21 50
27 20 50
28 21 51
28 21 50
28 22 51
28 22 50
30 24 51
30 25 49
32 25 51
31 25 51
33 26 52
34 28 52
35 27 51
34 29 51
36 31 52
36 31 51
36 31 51
36 31 52
37 37 50
37 36 51
36 38 52
37 38 52
39 40 52
36 39 53
37 39 53
37 40 51
37 40 51
36 40 52
38 41 52
37 42 49
37 41 51
37 42 49
36 43 49
37 42 51
38 47 50
40 46 50
37 43 52
37 45 48
39 43 51
38 44 49
38 42 50
37 42 50
36 42 49
37 43 50
38 42 50
37 41 51
38 41 50
37 41 52
36 43 51
36 43 51
38 41 50
37 43 50
37 43 50
36 42 49
38 41 50
38 42 50
36 43 50
36 43 51
35 41 49
35 41 49
35 41 49
35 39 51
34 40 52
34 41 53
33 43 53
32 41 53
34 43 51
34 41 52
34 44 50
33 43 49
32 43 48
33 41 47
34 43 46
36 42 48
36 41 49
35 41 48
35 41 49
35 41 48
34 40 49
36 40 52
35 38 54
34 36 55
32 36 58
32 34 58
31 32 58
32 39 63
30 19 53
32 32 49
30 35 50
28 40 56
32 34 51
30 28 53
27 36 56
30 32 46
26 38 54
29 37 52
29 37 51
30 44 55
30 39 52
32 39 52
31 40 53
31 42 53
31 37 52
31 36 52
30 36 53
30 38 52
31 36 53
30 38 53
31 36 53
31 36 53
32 37 53
31 37 52
31 37 52
31 37 53
31 37 53
31 36 53
30 36 53
31 35 53
30 38 53
30 39 52
30 37 52
31 36 53
30 36 53
31 38 52
30 37 53
31 37 53
30 37 53
32 37 52
30 37 53
31 37 50
30 36 53
30 36 53
30 35 52
31 37 52
31 38 52
31 37 52
30 36 52
31 36 53
30 37 53
31 36 52
30 38 53
31 38 52
31 37 53
30 37 52
30 36 52
31 38 52
30 36 52
29 38 52
29 38 52
31 37 53
31 37 52
31 38 53
31 38 53
30 38 52
30 38 51
32 37 52
31 36 52
30 38 53
31 37 52
31 37 53
30 36 53
31 39 52
30 37 53
30 38 53
31 37 53
31 38 51
30 38 53
31 38 52
30 39 53
30 38 52
31 38 53
30 37 54
32 39 51
30 40 52
31 38 51
32 38 51
31 38 52
30 39 52
30 38 53
29 37 52
30 36 52
30 38 52
31 39 53
31 38 53
31 38 53
31 38 52
31 39 52
30 38 53
31 37 52
30 39 52
29 38 52
30 39 53
32 38 52
30 38 52
31 39 52
31 39 52
31 38 52
29 38 53
29 39 53
31 37 52
30 38 52
31 38 52
30 39 52
29 39 51
31 38 52
31 38 53
30 39 52
31 39 52
31 38 52
31 39 52
30 37 53
30 38 53
31 38 52
30 38 52
30 38 52
31 38 52
31 38 52
30 38 52
30 38 53
31 37 52
31 38 53
30 38 53
30 38 52
31 39 51
31 38 52
30 38 52
30 38 53
32 39 53
30 38 52
29 37 52
31 39 52
30 38 52
31 39 53
30 38 52
30 38 52
30 39 52
30 39 52
30 38 52
30 38 51
30 38 52
31 38 52
31 38 53
31 38 53
30 40 52
30 39 52
31 38 53
30 39 53
30 37 52
29 37 51
30 39 53
31 38 52
30 40 53
32 39 52
30 38 53
30 38 53
29 39 52
30 38 53
31 38 52
31 38 52
30 39 53
32 38 52
30 36 53
31 37 52
31 38 52
31 39 52
31 37 52
31 39 52
31 37 52
31 39 52
30 38 52
32 40 53
31 38 53
30 39 53
31 38 51
30 38 52
30 38 53
30 39 52
31 39 52
30 38 52
31 38 52
31 37 52
31 37 52
32 38 52
31 39 52
31 37 52
31 38 52
30 39 52
32 38 52
30 38 53
30 39 52
30 39 53
31 39 52
30 39 52
31 39 53
31 40 53
30 38 52
31 39 52
30 39 52
30 38 53
