29 44 49
29 44 32
30 44 49
30 44 50
31 43 49
29 44 49
28 44 48
30 44 49
29 44 49
29 43 50
30 43 49
29 45 49
29 44 49
30 44 51
29 44 49
29 45 49
30 45 49
30 44 50
30 44 49
29 44 49
29 44 49
28 45 49
29 44 49
29 44 49
30 44 50
30 44 49
29 44 49
28 44 49
29 43 49
30 43 50
29 43 49
28 43 49
30 44 48
29 43 49
29 45 50
29 43 49
30 43 49
29 43 49
29 43 49
29 44 49
29 44 51
28 44 51
30 43 52
29 41 52
27 43 52
29 42 52
28 41 52
31 43 53
30 42 51
29 42 50
32 42 50
31 43 50
34 44 51
35 44 50
36 44 49
37 42 47
38 43 47
39 42 46
39 42 47
39 41 47
38 40 46
38 41 48
37 43 47
36 46 48
36 47 49
35 47 48
35 47 46
35 48 47
36 47 47
35 47 47
36 46 46
36 46 46
36 50 46
35 48 46
37 46 46
37 44 46
34 49 48
36 46 50
35 48 47
37 48 49
36 50 48
37 48 46
34 50 48
35 50 48
37 49 45
36 48 46
35 49 48
34 51 46
32 50 46
34 48 45
33 47 44
32 50 45
32 51 46
32 50 45
32 49 46
33 49 48
34 48 49
35 49 50
34 49 48
37 49 49
36 48 49
37 46 47
37 47 48
37 47 47
38 46 47
37 45 45
37 44 46
37 44 48
39 44 48
37 43 49
37 43 48
35 42 46
34 41 48
33 39 48
35 40 51
33 43 51
33 42 49
32 43 50
33 43 50
32 43 50
33 44 50
31 43 50
31 43 50
30 42 51
27 42 52
29 41 51
28 41 51
28 40 52
30 41 50
28 39 51
27 38 50
28 38 51
28 40 52
27 38 51
28 37 50
26 35 49
27 34 53
26 35 53
26 35 49
24 37 51
25 35 53
25 36 50
25 37 52
25 36 52
25 35 52
25 36 51
24 35 52
24 35 53
25 34 51
24 35 52
24 34 51
24 35 51
24 35 51
25 35 51
24 34 50
23 35 49
24 34 51
23 33 51
23 33 52
23 34 51
24 35 52
24 35 52
25 34 52
24 35 51
23 34 50
25 34 51
25 34 52
25 32 51
23 35 51
23 33 50
23 33 50
25 33 51
22 33 51
23 34 51
22 32 51
24 33 51
24 33 51
25 33 50
23 33 51
24 33 51
24 33 51
22 32 49
24 33 51
22 33 51
23 35 52
24 34 51
23 32 52
24 34 51
23 33 50
24 34 51
23 32 50
24 33 49
24 34 50
24 34 51
23 33 51
23 33 50
24 33 51
24 33 50
24 33 51
24 34 51
23 33 51
24 32 51
24 32 52
23 33 50
22 33 51
23 32 51
24 34 51
24 33 50
23 34 52
24 34 52
23 34 51
24 33 52
25 34 52
23 33 51
22 33 51
24 34 50
24 32 50
24 34 51
22 32 51
24 33 51
22 33 50
23 33 50
23 33 51
23 33 50
24 34 51
24 35 50
25 35 51
25 35 51
26 37 50
27 37 51
26 37 51
27 38 52
25 39 51
25 38 52
24 39 51
25 39 51
27 39 52
27 42 51
28 40 52
31 40 53
33 41 51
32 43 48
32 44 47
29 45 45
31 44 48
32 50 49
32 49 47
32 48 49
35 48 48
34 47 49
35 45 47
33 47 47
35 47 47
37 44 47
37 46 47
35 47 46
36 48 47
35 46 47
34 45 47
35 44 47
36 45 48
36 45 48
37 43 49
35 42 47
35 47 46
34 48 47
35 45 47
34 46 47
33 45 48
33 45 49
28 52 53
33 47 50
33 44 48
33 47 49
31 47 47
33 46 48
33 47 48
34 47 48
33 48 47
33 49 47
33 48 48
33 48 47
32 47 47
32 49 46
32 50 47
35 52 52
33 50 47
33 49 45
33 51 47
31 50 45
33 49 46
33 47 45
35 48 45
35 52 47
32 47 46
34 48 47
31 47 46
31 47 45
30 47 46
27 49 48
30 48 49
29 48 49
29 51 49
31 48 47
30 49 47
35 50 48
35 49 47
36 51 46
38 48 47
37 44 47
38 42 44
36 42 44
35 40 48
33 37 49
33 36 47
32 34 52
32 34 55
30 31 55
29 32 55
28 32 54
28 35 54
28 32 54
27 36 55
29 36 59
30 36 56
32 37 50
33 39 50
33 41 55
30 41 53
30 41 50
29 41 50
30 41 51
31 41 51
32 41 51
31 41 51
30 41 52
30 42 51
30 40 50
31 41 51
31 41 51
29 41 52
30 42 51
29 42 51
30 42 51
29 42 50
30 41 52
31 40 51
30 42 51
30 42 51
31 42 52
30 40 51
31 42 51
30 40 50
29 41 51
31 41 52
30 40 51
29 41 51
31 41 51
30 42 50
31 41 51
30 40 51
31 42 51
31 41 50
31 41 51
32 42 51
31 41 52
31 41 52
31 40 51
31 41 51
29 41 51
30 42 51
31 42 50
30 40 52
30 41 52
30 41 52
