36 45 50
36 43 50
35 43 50
36 44 50
35 42 49
35 43 51
36 43 50
36 43 49
34 45 49
35 44 50
33 44 49
35 43 49
34 45 49
35 43 50
34 43 48
35 43 49
35 43 50
35 44 49
35 44 49
36 43 49
35 43 50
36 42 50
35 44 49
35 43 49
34 44 49
35 45 50
33 46 50
34 44 50
37 46 52
36 47 52
37 46 52
40 45 50
42 45 49
41 44 47
42 45 47
40 42 46
40 43 46
39 45 47
36 45 47
37 42 47
36 43 46
38 44 47
37 43 47
36 45 47
35 43 48
35 41 49
35 44 48
36 42 49
36 42 49
38 45 50
39 45 49
37 44 48
39 43 48
37 45 49
36 44 50
37 45 49
37 44 49
36 45 50
37 45 48
37 45 50
37 46 50
36 44 50
37 46 50
37 44 50
37 45 50
36 43 50
37 43 50
37 40 50
37 40 48
39 41 50
39 38 50
39 37 49
36 42 52
37 40 51
38 40 53
34 39 45
36 38 50
36 37 53
36 36 52
33 37 47
33 34 53
32 34 55
30 35 52
28 39 52
29 32 53
30 35 55
29 37 52
28 31 51
27 30 53
28 29 52
28 31 52
28 33 53
28 31 51
27 28 52
28 25 52
28 29 52
28 30 51
27 30 52
27 26 50
27 24 51
28 24 52
28 25 50
27 26 50
27 26 51
26 23 51
27 27 51
27 26 51
26 26 50
27 22 51
26 23 51
28 25 51
27 25 51
27 24 50
24 23 50
27 23 50
26 25 51
26 25 50
27 24 50
28 22 50
26 23 52
27 23 50
27 23 51
26 22 51
27 24 51
27 24 50
27 23 50
27 23 50
26 23 49
26 24 49
27 21 49
28 23 49
27 23 49
27 25 49
26 22 49
28 22 50
27 22 48
26 23 49
26 23 50
27 20 49
27 20 49
26 21 50
28 22 49
27 20 48
27 21 48
27 21 48
27 22 47
27 20 48
26 21 49
27 21 48
26 22 47
26 21 48
26 20 48
27 20 47
27 20 46
27 20 48
26 22 47
26 20 48
27 20 48
28 20 48
27 19 49
28 20 48
28 20 48
27 19 47
26 21 48
27 20 47
28 21 49
26 20 47
27 20 47
26 20 47
27 21 48
27 20 48
26 19 46
27 20 48
28 20 46
27 21 47
26 22 48
27 22 48
27 21 49
27 23 51
27 21 51
27 22 48
28 21 49
27 22 49
28 22 49
26 21 46
27 25 49
26 22 51
28 24 49
27 29 53
28 28 54
27 31 53
27 26 54
26 26 52
28 28 54
28 28 53
29 27 54
28 27 51
28 29 51
29 28 51
31 28 52
31 29 52
30 28 52
32 30 53
31 34 53
33 31 52
33 32 51
33 36 52
35 39 52
34 37 52
36 39 53
35 39 52
35 41 50
36 41 50
37 41 52
37 40 50
37 43 48
37 43 49
37 43 48
38 44 48
40 43 48
37 45 48
38 45 48
38 45 47
38 47 47
38 45 47
38 47 47
38 45 49
38 46 47
37 45 47
38 45 46
37 47 48
36 46 46
37 45 48
37 44 46
39 45 47
38 50 49
38 48 46
38 45 45
37 46 45
38 48 48
36 47 47
37 47 47
38 47 48
37 47 48
37 47 47
37 46 46
37 46 46
34 46 47
35 47 44
36 46 47
36 44 47
34 45 47
35 44 46
35 46 47
37 46 46
37 44 44
40 42 47
41 42 49
42 43 48
42 46 47
42 46 48
44 45 54
35 42 44
28 47 53
36 50 60
32 38 50
35 45 47
36 41 49
34 45 47
29 44 48
31 47 51
32 42 45
29 45 46
32 52 56
32 40 50
33 44 50
35 42 50
35 44 50
35 45 50
34 45 49
36 45 49
35 43 48
36 44 50
35 43 50
35 44 49
36 45 50
34 43 49
35 44 49
35 43 50
36 43 49
36 42 50
35 44 50
35 45 49
34 44 49
36 43 49
34 43 49
35 44 50
35 44 50
35 43 50
35 43 50
35 42 50
35 43 51
35 43 50
35 42 51
34 42 49
36 42 49
33 43 51
35 42 50
36 43 50
34 44 51
35 43 50
35 42 50
36 43 50
35 43 49
36 43 49
35 44 50
36 44 50
34 43 50
35 44 50
36 44 50
36 43 50
35 42 51
34 42 50
36 43 49
35 43 49
35 42 50
35 43 50
35 43 50
35 44 49
35 43 50
35 44 50
36 42 50
35 43 51
36 43 50
35 43 50
36 43 50
36 43 51
35 43 50
35 43 50
35 44 50
36 43 50
34 44 50
35 42 50
35 44 50
35 42 50
35 43 49
35 43 50
35 43 50
35 43 50
35 43 50
34 44 49
35 42 50
34 43 50
35 42 50
34 44 50
34 43 50
34 44 51
35 44 50
35 43 50
