32 41 50
37 33 32
33 42 51
31 42 52
32 42 51
32 40 51
32 42 51
32 42 51
33 41 51
32 41 51
32 40 51
32 41 51
33 41 52
33 41 52
31 40 51
31 41 51
31 41 51
32 42 51
31 41 51
33 41 51
31 42 51
33 41 50
32 41 51
32 40 51
31 41 51
32 41 51
31 41 51
32 40 51
33 41 52
33 41 52
32 41 51
32 42 51
32 41 52
31 40 51
32 40 52
31 41 51
32 40 52
32 42 51
31 41 51
32 40 51
32 42 52
32 41 51
32 41 51
32 40 51
33 41 51
32 42 51
32 41 51
32 41 51
32 41 50
32 42 51
31 42 52
32 40 51
32 41 52
32 41 52
33 42 51
31 40 52
32 42 50
31 41 52
32 41 51
30 43 51
30 43 52
29 44 52
28 45 52
29 49 51
29 49 51
31 48 49
33 45 49
31 46 48
33 47 48
34 45 46
35 46 47
35 46 45
36 44 45
37 46 45
38 45 44
38 46 44
39 46 44
39 46 47
39 47 45
36 48 43
35 49 42
35 49 42
33 51 43
34 51 42
33 49 43
32 53 42
33 50 44
32 50 42
33 51 44
34 50 45
33 54 44
32 53 42
35 50 41
35 50 41
33 53 42
33 52 43
34 50 43
34 51 41
35 52 42
35 52 40
34 54 40
35 54 39
33 54 39
33 53 39
33 52 39
34 55 40
33 54 38
34 54 40
33 53 40
32 52 40
33 54 41
33 53 42
35 53 40
36 55 41
36 53 42
38 53 42
37 52 44
39 50 43
39 51 42
37 50 39
37 48 40
37 49 40
35 47 40
37 48 40
37 48 41
35 49 40
36 49 42
34 47 42
34 50 44
33 49 44
33 51 45
33 52 42
33 51 43
32 51 42
33 49 43
30 50 43
29 50 43
29 50 43
28 49 46
29 49 46
31 48 45
28 49 47
29 49 45
29 48 44
28 48 45
28 48 45
26 47 47
27 47 45
27 48 44
26 48 47
26 47 46
26 46 47
26 46 47
25 45 46
27 45 45
26 46 45
26 47 46
26 46 47
25 47 46
26 44 46
25 45 46
23 45 47
24 44 47
24 44 48
25 45 48
25 44 48
25 44 48
26 45 48
25 44 49
24 44 48
26 44 48
25 43 49
25 43 48
24 42 48
24 43 50
24 44 48
25 45 47
23 44 48
25 43 48
24 44 48
24 42 48
23 42 48
24 43 49
25 43 48
24 42 48
23 44 47
25 41 48
24 43 49
25 42 48
24 43 49
24 42 47
23 43 48
24 43 48
23 44 49
25 42 48
23 41 48
25 42 48
24 42 48
24 42 49
24 41 48
23 43 49
24 43 48
25 41 47
25 43 48
23 43 48
24 43 48
24 42 48
24 41 48
23 43 48
23 43 49
24 42 48
22 43 49
24 42 48
25 43 48
24 42 48
24 42 47
26 43 48
23 42 48
24 42 49
23 42 48
24 42 49
24 42 48
23 44 48
25 42 49
25 42 49
23 42 49
24 42 49
24 42 47
24 42 49
23 42 49
22 41 48
23 41 48
25 41 48
24 42 49
23 42 49
23 42 49
24 42 49
25 42 49
23 43 49
24 43 49
24 42 49
24 41 48
23 41 49
23 41 49
23 42 48
24 42 49
24 40 48
24 41 49
23 42 49
25 40 49
24 41 48
23 41 48
24 40 48
23 40 48
25 41 48
24 41 48
24 42 49
23 42 47
23 42 48
24 42 48
23 41 48
25 43 48
25 41 48
26 43 48
26 43 48
26 46 47
25 43 48
26 45 48
24 44 49
25 46 48
25 45 48
24 46 47
24 46 47
25 47 47
25 46 47
27 49 45
27 47 44
28 49 46
29 48 46
32 46 47
34 47 48
36 45 49
35 47 47
34 50 44
36 48 46
36 48 45
37 49 44
36 50 43
38 49 43
39 51 41
38 50 42
39 48 42
37 48 42
40 48 42
40 46 42
40 47 43
39 48 41
39 49 43
39 49 42
39 49 42
38 47 43
37 50 42
37 49 41
36 50 42
36 50 41
37 52 42
36 50 41
36 52 42
37 51 41
36 50 42
35 51 40
37 51 42
37 52 40
37 51 40
37 52 40
36 52 41
36 52 40
35 52 40
36 52 41
31 56 42
39 54 42
38 52 40
36 50 39
39 50 38
36 51 43
36 52 40
37 53 41
36 52 41
36 51 40
35 51 42
36 50 42
36 50 41
37 56 46
36 50 41
39 58 43
37 52 40
35 52 43
36 51 41
34 50 41
32 51 42
34 50 41
34 50 43
32 50 42
32 50 43
30 48 44
29 49 46
28 52 46
27 51 44
29 50 45
31 53 46
33 54 46
35 53 46
36 53 45
39 52 46
39 48 46
39 48 45
39 46 42
39 45 42
38 44 43
37 41 42
36 41 47
36 40 46
35 35 42
32 33 46
31 40 54
28 40 54
27 39 54
28 36 55
29 37 55
28 37 54
28 36 53
29 36 54
27 35 57
30 36 56
32 39 53
32 39 52
34 38 53
33 39 51
33 39 52
33 40 52
33 41 52
33 43 52
33 41 52
32 41 52
32 42 52
32 40 52
31 39 52
33 39 51
32 41 50
32 41 52
32 41 52
32 41 51
33 41 50
32 40 52
33 39 50
32 40 53
33 41 52
32 40 51
33 39 51
32 40 52
32 41 51
32 41 52
32 39 51
31 38 53
33 40 51
33 40 52
33 42 51
31 41 51
33 41 51
33 42 52
33 41 51
32 41 51
33 41 51
32 42 51
31 41 52
33 41 51
32 40 51
32 40 51
32 41 51
32 41 51
32 41 52
32 42 52
32 40 52
32 40 51
32 41 52
32 40 51
32 40 51
33 40 51
33 40 52
32 39 52
32 41 51
33 41 52
32 41 52
33 41 51
32 41 51
33 41 51
