30 53 49
31 49 47
32 53 47
33 52 46
32 52 45
33 51 46
34 50 46
36 48 46
34 48 45
36 46 45
36 45 46
36 44 47
34 42 46
32 42 47
32 40 48
31 38 49
31 35 50
31 34 50
31 33 51
32 32 50
30 31 50
29 32 49
29 32 51
27 32 52
28 31 54
28 31 53
27 29 52
28 36 51
29 36 53
29 32 51
29 35 51
31 34 52
30 33 54
31 35 53
30 36 53
30 35 54
30 34 54
30 33 52
28 34 51
28 33 51
30 33 52
29 34 51
30 35 52
31 35 53
31 35 52
29 36 50
31 38 50
29 39 50
29 41 49
29 41 50
31 40 47
31 45 47
30 44 47
31 46 47
30 48 43
31 52 43
30 52 42
31 51 41
32 51 42
31 51 42
31 52 39
31 53 39
31 52 38
30 52 40
31 50 39
31 53 42
31 53 42
30 53 43
30 53 46
29 52 46
31 52 46
32 50 46
31 49 47
28 47 46
28 48 47
28 47 45
29 47 43
28 46 44
29 43 44
27 43 45
28 45 45
26 47 44
26 49 45
28 48 47
28 46 47
28 47 49
28 48 47
28 48 46
28 45 48
27 46 49
26 44 49
24 46 50
25 46 48
24 49 48
24 49 49
26 49 49
27 48 48
27 48 47
28 47 47
29 46 48
28 44 48
30 44 48
30 43 46
31 42 47
31 44 48
30 43 49
30 41 48
32 41 48
30 42 47
28 40 48
30 41 50
29 41 49
29 40 50
28 39 51
27 40 50
28 40 50
27 40 52
28 39 51
27 37 51
26 39 51
25 40 51
26 37 51
25 39 51
25 38 50
25 38 51
25 38 49
24 36 51
23 37 49
24 38 49
23 38 50
22 38 49
23 38 50
21 36 50
22 37 51
22 37 50
21 36 50
22 37 50
21 37 50
21 37 49
21 38 50
22 36 49
21 36 49
22 36 48
21 36 49
21 36 49
21 35 49
21 36 48
22 35 48
21 36 50
19 36 49
21 36 49
20 35 50
21 35 48
20 36 49
21 35 49
22 36 49
21 34 49
19 36 48
20 36 49
20 34 50
21 34 50
21 36 49
20 35 49
20 34 49
20 34 49
20 34 49
20 35 48
20 35 48
19 34 48
20 34 48
20 35 48
20 34 49
20 34 48
20 35 49
19 35 49
20 34 48
19 34 48
20 34 48
20 34 48
20 34 48
20 34 47
19 37 48
19 34 49
18 34 48
20 34 49
20 35 48
20 34 48
19 34 49
20 34 48
20 34 49
20 35 49
20 34 48
20 35 48
20 34 48
19 34 48
19 34 48
20 36 49
20 33 48
20 34 49
19 35 49
19 34 48
21 34 48
20 34 48
20 34 49
21 34 48
18 34 48
20 34 48
20 35 49
20 34 47
20 34 48
20 34 48
20 35 47
20 34 48
20 34 49
19 34 48
20 35 48
21 35 48
21 35 48
21 34 48
20 33 48
20 35 48
19 34 47
20 34 49
19 35 48
20 34 49
21 35 49
21 34 48
20 35 48
19 34 49
19 34 49
20 34 49
20 35 49
21 34 49
20 34 48
20 35 48
19 36 48
20 34 48
19 35 49
19 35 49
20 35 49
20 34 47
19 35 47
20 34 47
20 35 49
20 34 48
20 34 49
22 34 48
20 35 48
19 35 49
21 35 49
20 34 49
19 35 49
21 35 49
21 35 49
21 35 49
22 35 49
21 34 48
20 35 49
22 37 49
22 35 50
22 36 51
21 37 51
20 35 50
21 36 52
22 36 52
21 35 51
22 35 51
26 36 49
24 37 51
27 36 51
27 39 48
27 38 49
31 39 49
29 41 48
31 42 49
31 41 47
32 42 48
33 43 50
33 42 48
33 44 50
35 44 49
32 45 49
31 45 49
32 44 48
30 46 48
30 46 47
30 46 48
30 47 49
30 45 47
28 45 49
28 45 49
27 45 49
26 44 51
27 44 49
27 45 48
28 45 48
27 43 47
27 45 48
27 44 48
27 44 48
28 44 49
28 43 49
28 43 50
28 43 48
29 46 49
29 46 50
30 48 50
29 47 49
29 45 46
29 45 47
29 43 47
29 45 46
29 44 47
29 44 47
28 44 47
27 44 48
30 53 61
28 44 45
27 44 48
27 44 44
27 46 48
25 45 47
27 45 48
28 45 47
27 45 49
26 44 49
27 44 50
27 44 50
28 44 48
26 44 48
27 46 51
28 46 50
26 51 47
28 46 50
28 42 51
27 48 49
27 45 45
26 41 43
27 46 44
26 45 47
28 47 48
28 50 50
29 49 50
30 49 48
28 49 46
28 49 45
29 49 46
29 48 45
28 48 44
29 47 46
31 43 47
33 40 48
32 39 48
32 39 49
30 36 48
29 39 50
29 36 51
26 35 51
25 36 51
23 36 52
22 33 50
24 33 49
27 36 51
27 37 49
32 37 49
34 39 51
33 41 50
37 44 48
40 41 48
36 42 47
39 44 45
38 42 45
39 43 49
37 43 46
37 47 48
36 51 52
33 53 53
32 48 51
29 53 58
31 56 51
27 39 44
29 47 51
29 44 51
30 40 48
30 38 47
31 41 48
32 45 51
32 46 55
32 36 48
32 42 50
33 43 51
32 42 51
33 43 51
33 41 50
32 42 50
32 41 52
33 40 51
33 42 51
34 42 51
33 42 51
33 41 50
32 42 51
32 41 50
33 40 51
32 43 50
33 43 51
32 41 51
33 43 50
33 41 51
33 42 51
33 42 50
33 41 50
34 42 51
33 42 50
33 42 51
32 42 50
32 43 50
33 41 51
33 42 51
33 42 50
33 41 51
33 42 49
33 42 52
33 43 51
34 42 50
33 41 51
33 42 51
33 42 52
33 42 51
34 42 49
33 41 50
32 42 51
33 43 51
33 43 52
33 41 50
33 42 50
33 43 50
33 43 51
33 42 50
32 41 50
33 41 50
33 42 51
34 41 50
33 42 51
33 42 50
33 42 51
34 41 51
33 41 51
32 42 50
32 42 50
34 43 51
33 42 50
32 42 50
33 42 50
33 42 51
34 42 50
33 42 50
33 42 51
32 42 50
33 42 51
33 41 51
33 43 49
33 42 50
34 42 51
33 42 50
33 42 49
33 43 51
33 42 50
33 41 50
32 42 50
33 43 50
33 42 50
34 42 50
32 43 51
33 43 50
33 42 50
33 42 51
34 41 50
32 42 50
33 44 50
34 42 50
34 43 51
33 42 50
33 42 50
33 42 51
31 41 51
33 42 50
34 41 50
33 43 50
32 42 50
33 42 50
33 42 51
34 42 50
33 42 50
34 42 50
33 42 51
34 42 50
34 42 51
34 41 50
33 42 50
33 42 51
33 42 50
33 43 50
34 41 50
34 41 50
34 42 50
32 42 50
34 42 51
33 42 50
33 41 50
33 43 50
32 42 50
33 41 51
34 42 49
32 42 50
34 41 49
34 43 50
35 44 51
33 42 51
33 41 51
33 42 50
33 42 51
33 43 50
34 42 50
34 42 51
33 42 50
34 42 51
33 43 49
34 42 50
34 43 50
34 42 51
35 42 50
36 42 51
35 43 50
33 41 51
34 42 50
33 43 51
33 42 51
35 42 50
35 44 49
34 43 51
34 43 50
34 44 50
34 44 50
35 43 50
35 42 50
34 43 50
34 43 50
33 42 50
34 42 49
34 43 49
35 42 50
33 43 50
33 43 49
34 44 49
34 43 49
34 42 50
34 44 49
34 43 49
34 43 50
35 42 50
33 43 49
34 42 50
33 43 50
34 43 50
34 44 50
35 43 50
34 43 50
33 42 50
32 41 50
33 43 50
34 43 51
35 40 52
34 42 52
35 43 52
34 44 51
34 47 52
36 46 52
36 50 52
35 52 49
36 53 47
35 54 45
36 53 45
35 51 44
35 51 43
35 51 41
34 48 41
32 49 42
31 43 44
30 41 44
29 42 45
30 42 46
29 41 46
30 41 48
29 40 48
29 40 48
29 39 50
30 41 52
31 42 51
32 46 50
31 46 47
33 49 46
32 46 47
31 45 50
32 43 50
33 41 50
32 40 51
33 41 50
32 40 51
31 43 51
32 41 51
32 41 51
33 41 51
32 42 51
32 42 52
33 43 51
33 40 49
33 35 52
32 35 52
33 34 51
32 36 51
31 35 52
31 38 53
33 35 52
32 37 51
32 41 50
32 39 50
32 39 50
32 44 50
33 38 50
33 39 51
32 43 52
32 38 52
29 41 53
30 41 51
28 40 55
27 40 55
29 37 52
31 39 52
29 38 51
31 37 51
31 37 51
30 39 52
29 38 52
29 40 53
29 39 51
30 39 51
30 38 52
30 36 51
30 42 52
31 41 52
28 39 52
30 41 52
31 40 50
30 38 49
30 41 55
31 39 51
31 41 51
29 40 54
28 41 52
30 42 52
29 40 50
29 41 50
31 42 50
31 42 48
30 44 49
31 44 49
30 43 48
30 45 49
31 45 47
18 56 61
32 47 56
28 46 50
27 45 49
29 45 48
28 42 45
28 43 46
29 47 49
30 44 48
29 46 47
28 43 50
29 41 50
27 44 49
28 43 49
27 42 48
27 42 48
25 43 50
25 42 50
27 42 49
26 41 49
27 42 49
25 43 48
25 42 47
26 42 47
27 42 49
29 42 46
28 44 47
29 44 48
28 46 46
28 49 48
28 49 50
30 49 52
33 46 52
33 45 52
33 44 53
33 40 52
32 39 53
31 38 50
31 37 51
31 39 51
31 38 50
30 36 50
28 38 50
27 38 50
26 38 51
26 40 51
25 40 52
24 38 49
25 38 50
22 37 50
22 38 50
22 37 51
21 39 51
18 37 50
17 40 51
18 40 50
23 38 50
26 40 50
28 40 50
29 40 49
27 41 48
27 39 50
26 40 49
24 41 50
24 41 53
24 38 52
23 38 50
24 38 50
24 38 49
26 39 50
25 38 50
24 39 50
25 38 51
24 38 52
26 38 51
24 37 50
25 37 51
25 38 51
25 38 50
24 38 51
25 37 50
24 38 50
23 38 51
25 39 50
24 39 50
25 37 51
25 38 51
24 38 50
25 38 51
26 38 51
25 39 51
24 36 51
26 37 52
24 38 49
25 37 50
25 38 50
25 39 51
25 39 51
25 38 51
24 38 51
25 38 51
24 38 51
25 38 50
26 37 50
25 37 50
25 38 51
24 38 51
24 37 52
26 37 51
25 37 50
24 37 49
25 37 50
25 38 51
25 38 51
24 37 50
24 38 51
25 37 51
25 38 51
26 38 51
25 38 51
25 37 50
25 38 51
24 38 50
25 38 51
25 37 50
26 37 51
24 38 50
24 37 51
25 38 52
24 37 51
25 36 51
25 38 50
26 37 51
25 38 51
24 38 50
24 37 51
25 38 50
25 38 50
24 38 51
25 38 50
