29 38 52
29 38 52
28 38 51
30 38 51
28 38 53
28 40 52
28 38 52
28 39 51
28 40 52
27 39 52
28 40 52
28 38 52
29 40 52
28 39 51
29 37 52
28 38 51
28 40 51
26 38 52
28 40 52
28 39 52
28 39 52
27 39 51
28 39 52
28 40 52
28 39 51
28 40 51
27 38 52
29 40 53
28 39 51
30 39 51
30 39 52
28 38 51
27 39 52
28 38 51
28 39 52
28 40 52
29 39 52
29 39 51
28 38 52
27 39 51
28 39 52
28 38 51
28 38 52
27 39 51
28 40 51
28 39 52
29 39 51
29 39 52
27 39 52
28 39 51
29 40 52
28 39 51
28 37 52
28 39 52
29 38 52
28 39 51
29 40 52
28 40 50
27 38 51
28 40 51
27 40 51
29 39 52
28 39 51
28 38 51
29 38 51
27 38 51
28 39 52
27 41 51
27 41 51
26 43 51
27 41 51
29 43 51
29 43 52
28 41 54
29 41 53
29 41 53
31 41 52
33 41 53
34 40 51
37 39 50
36 41 48
34 42 48
34 43 47
33 45 45
34 46 45
32 47 46
31 47 44
32 46 45
33 47 44
31 51 45
30 50 46
33 48 46
34 48 48
34 48 48
35 50 48
33 49 48
33 49 46
34 48 45
33 46 44
33 47 45
35 49 45
34 49 44
35 51 45
34 51 45
34 51 44
33 51 44
33 52 43
33 50 43
33 49 43
33 50 45
34 51 46
35 53 47
34 51 48
33 50 47
33 50 47
32 50 46
34 51 46
34 51 45
34 51 44
35 50 45
35 49 44
37 50 45
37 49 46
38 48 46
38 47 45
37 45 46
38 47 46
38 46 46
38 46 47
37 45 48
37 43 48
35 45 48
35 43 47
34 45 47
32 44 47
33 45 47
34 47 48
34 46 48
33 46 49
31 47 48
32 46 49
31 45 51
30 45 48
29 45 50
30 45 49
28 46 50
29 45 50
28 44 48
28 45 48
28 45 49
29 44 49
30 43 51
30 43 51
29 43 50
29 41 51
30 42 52
26 43 51
29 44 50
29 43 49
27 43 48
28 42 49
28 42 49
28 41 48
27 42 49
29 41 50
28 43 49
26 41 49
27 41 49
27 41 50
27 42 50
25 42 49
27 41 49
25 42 49
26 41 50
27 41 50
27 42 52
27 41 51
26 41 50
26 42 50
26 41 49
27 43 50
26 41 50
26 41 49
26 42 50
25 40 50
26 42 50
25 41 49
26 42 50
25 42 49
26 42 49
25 43 50
26 42 51
26 42 50
25 41 49
25 42 51
25 43 50
27 41 49
26 42 50
25 41 49
26 43 50
25 42 50
25 42 49
25 43 51
25 42 50
25 40 50
25 42 49
24 41 50
26 42 49
25 41 48
25 41 49
25 40 49
25 40 49
26 41 50
25 40 49
25 40 50
26 41 49
26 41 50
25 41 50
26 41 49
25 40 50
25 41 50
25 40 51
26 40 51
24 40 50
25 41 51
24 43 49
25 41 49
26 41 50
25 41 50
26 40 49
28 41 49
25 41 50
26 40 50
24 40 51
25 39 50
25 40 50
26 40 50
25 40 50
25 41 50
25 40 51
25 41 50
25 40 50
25 41 51
25 41 51
26 40 51
25 40 50
24 40 49
25 40 50
24 40 50
25 39 50
25 40 49
25 42 49
25 39 49
25 40 50
25 40 50
24 40 50
26 40 50
24 41 50
25 40 51
25 41 50
24 40 50
26 40 50
26 39 51
25 41 51
25 39 49
26 40 51
26 41 49
26 39 50
26 38 50
25 39 51
26 40 50
25 40 50
25 40 50
25 41 49
26 40 51
26 38 50
24 40 50
24 40 50
25 40 50
26 40 51
26 41 49
26 39 49
25 39 50
26 39 50
24 41 49
25 40 50
26 41 49
25 42 50
25 40 50
26 41 50
25 42 50
26 41 50
27 43 49
26 43 48
26 43 49
24 43 49
27 43 49
27 44 49
26 45 49
25 46 48
26 44 48
25 44 47
24 46 48
26 45 47
27 46 47
27 46 46
29 47 46
28 47 47
29 47 45
31 47 47
32 48 46
32 47 48
35 47 48
36 48 46
37 48 48
35 50 47
35 49 47
34 50 45
36 50 44
36 52 45
36 49 44
37 50 44
38 49 44
37 49 44
37 48 43
38 48 42
37 49 43
39 47 43
37 47 45
38 45 45
37 47 45
37 49 43
37 50 43
36 50 42
35 47 43
36 49 44
35 50 43
37 48 43
36 49 44
37 49 44
36 49 45
36 51 45
34 51 43
33 52 42
33 51 43
34 51 43
33 51 42
33 50 42
33 51 42
31 54 47
36 53 45
34 52 44
34 52 41
35 52 45
31 50 43
34 50 42
32 50 44
35 56 46
33 52 46
33 48 40
34 54 43
34 49 42
34 51 45
34 51 45
34 49 44
33 50 44
32 51 45
32 50 45
31 50 46
28 50 46
29 50 46
28 49 46
30 49 45
33 49 44
34 51 45
36 49 45
38 48 45
39 47 44
39 47 44
40 44 43
37 46 43
36 45 45
34 43 46
31 42 45
30 42 49
28 39 48
27 41 53
21 39 51
18 42 55
20 47 62
25 33 59
26 43 47
30 42 47
30 43 50
29 43 53
29 39 53
29 39 50
30 38 51
30 37 51
29 37 54
29 39 51
29 40 52
30 41 51
29 40 51
29 39 52
30 40 51
30 39 51
29 40 51
29 39 51
29 40 51
28 40 51
29 39 51
30 40 51
28 40 52
29 40 53
30 39 52
28 40 52
28 39 51
29 40 52
29 39 52
29 40 53
29 40 52
29 40 51
29 39 51
29 40 51
30 40 52
29 40 51
28 40 52
30 40 50
29 40 51
29 39 52
30 40 50
28 41 51
30 40 51
31 39 52
28 40 51
28 39 51
28 39 51
29 41 51
28 40 53
29 38 52
29 40 51
29 39 53
29 40 51
29 40 51
28 39 51
28 38 52
29 39 52
29 40 50
28 39 51
28 39 51
29 40 51
28 39 51
29 40 51
