55 28 46
30 44 50
30 44 50
30 44 50
30 43 51
32 45 50
30 43 50
30 44 51
30 43 51
31 43 51
30 43 51
30 43 50
31 43 50
32 44 50
30 44 49
29 43 50
29 44 50
30 43 49
31 44 50
29 44 50
30 43 51
30 42 49
30 44 49
30 44 50
30 42 50
31 42 50
30 43 50
30 43 50
31 43 50
31 43 50
30 42 50
31 43 50
29 44 50
30 43 51
30 43 50
29 42 49
30 43 50
29 43 50
30 43 51
30 44 50
30 43 49
29 43 49
30 44 51
31 43 50
32 43 50
30 43 50
30 44 50
30 43 49
29 44 50
31 43 49
29 44 50
30 44 50
31 42 51
31 43 50
30 43 50
30 43 49
29 43 50
31 43 50
31 43 50
32 44 50
30 43 50
30 43 49
30 43 50
31 43 50
29 43 49
30 44 50
31 43 49
31 43 51
30 42 50
29 43 49
30 46 51
31 44 51
31 44 52
30 44 53
30 43 54
30 42 54
31 41 52
29 41 52
31 40 51
31 42 49
32 43 50
34 43 48
36 42 49
38 45 48
39 44 48
38 43 48
38 45 47
38 44 45
32 50 46
33 47 48
33 46 51
36 43 49
36 41 48
34 43 49
34 44 52
33 44 50
34 44 50
35 42 49
35 43 49
36 43 50
35 44 49
36 44 48
36 44 49
36 43 49
36 45 49
35 48 47
35 50 46
34 48 48
35 48 47
34 49 47
35 50 46
35 49 47
34 45 44
34 51 44
34 49 45
34 50 44
34 50 45
32 51 44
32 52 45
31 51 43
31 52 44
31 52 44
31 51 42
30 49 44
31 53 42
30 51 44
31 51 45
31 52 45
32 52 45
33 50 46
33 50 46
34 49 46
34 48 45
33 50 46
34 48 44
34 49 44
36 48 45
36 47 45
35 47 45
36 46 46
37 46 47
35 44 47
35 44 47
34 43 47
33 44 48
31 43 47
32 42 50
32 43 49
30 42 49
30 43 49
30 42 50
29 43 50
28 41 50
29 40 49
29 41 53
27 39 50
26 39 50
28 39 50
26 39 52
25 37 51
24 38 51
25 35 53
25 36 51
25 34 51
26 33 52
25 34 52
25 34 51
23 30 52
24 32 51
24 32 51
24 31 52
25 32 51
25 32 51
25 32 51
25 32 51
23 33 50
24 32 51
24 32 51
23 31 50
22 31 51
22 31 51
23 31 50
23 31 51
24 30 49
23 30 50
23 30 51
22 30 50
22 29 50
22 29 51
20 29 50
21 30 50
22 29 50
21 29 50
22 30 50
20 29 48
20 29 49
23 28 50
23 28 49
21 28 50
22 29 49
21 28 49
22 28 49
22 27 48
21 27 49
21 27 48
22 27 50
21 28 49
22 28 50
22 28 49
21 29 49
20 27 49
21 27 49
21 27 49
21 26 48
21 28 48
22 28 49
21 28 48
21 27 48
21 27 50
21 28 48
20 28 49
20 25 48
21 28 49
22 27 48
20 27 48
22 27 48
21 27 47
21 28 47
21 26 49
20 25 48
22 27 48
21 26 49
20 26 48
19 26 49
21 26 48
21 26 49
21 27 48
20 27 47
22 28 48
21 27 48
19 27 47
19 26 48
20 27 47
20 26 47
19 26 47
20 26 48
21 26 47
21 26 48
20 27 48
20 26 48
20 26 49
19 27 48
18 27 48
19 27 47
19 26 48
19 28 48
21 26 48
21 26 48
20 26 48
21 26 47
20 27 48
20 28 48
21 27 48
20 27 49
20 28 48
19 27 47
21 28 48
19 27 48
19 27 48
19 28 48
20 26 48
21 27 48
20 28 49
20 28 48
21 27 46
20 28 46
21 28 48
19 28 47
20 28 48
22 29 48
20 30 49
21 30 49
22 31 49
22 31 51
22 32 50
22 33 50
22 33 51
22 31 50
21 32 50
24 32 51
23 34 51
24 34 51
24 35 51
23 35 51
24 36 52
25 38 50
27 39 51
28 38 51
32 38 53
30 39 54
33 40 53
34 40 53
33 41 52
33 41 51
34 42 50
34 43 50
34 42 51
36 42 52
37 41 50
35 43 48
35 44 47
36 45 47
36 46 47
36 46 48
36 43 48
40 43 50
40 42 53
36 43 48
35 46 47
35 46 47
32 43 45
33 45 45
34 44 45
35 47 48
34 48 48
35 49 47
35 49 47
34 49 47
32 50 45
34 50 46
33 49 45
32 49 46
32 47 46
32 51 45
33 50 46
32 50 46
33 50 47
32 50 45
32 47 44
32 48 45
32 48 45
34 51 50
32 51 46
33 51 45
32 48 46
32 48 44
31 47 45
34 52 46
31 48 45
34 52 47
32 48 48
32 48 46
33 48 44
32 48 46
32 49 45
33 49 46
34 48 46
33 49 43
32 49 46
33 49 45
32 48 46
33 46 44
32 49 46
32 50 45
32 47 45
31 49 45
33 50 44
31 50 45
34 49 45
32 47 43
32 50 45
34 47 45
33 48 47
34 46 46
34 46 48
32 48 46
32 47 48
33 49 47
33 49 46
31 47 46
32 48 46
31 49 47
32 48 47
31 48 47
30 47 47
30 46 44
30 47 46
29 49 45
34 49 51
30 49 48
31 47 49
32 48 47
32 46 46
35 42 46
36 39 44
37 42 47
35 42 45
33 40 50
33 40 50
30 41 53
31 43 54
28 46 57
28 46 60
29 40 56
28 40 50
29 36 53
30 35 51
30 36 49
32 33 48
32 36 50
31 39 54
29 41 57
25 45 50
27 44 49
27 45 49
30 42 50
28 42 50
29 42 50
29 42 51
30 41 50
30 42 51
29 42 50
28 43 50
28 43 50
29 42 50
27 42 50
28 42 51
30 43 50
30 43 50
29 43 50
29 43 50
28 42 50
29 42 50
28 42 52
28 43 50
29 43 50
28 43 50
29 43 49
30 42 50
28 43 50
28 42 49
30 43 50
29 44 50
28 42 51
29 42 49
27 43 50
29 42 50
28 43 49
29 43 50
29 42 51
29 42 50
28 42 50
28 42 50
28 41 51
29 42 50
29 43 50
28 42 50
28 44 50
28 43 51
29 41 49
29 41 50
28 41 50
29 43 50
28 42 50
28 43 50
28 41 50
29 42 50
28 42 50
29 42 50
30 42 50
29 43 51
28 42 50
29 42 50
28 42 49
31 43 50
29 43 50
28 42 50
29 43 50
29 41 50
29 42 51
29 43 50
28 42 51
30 42 50
29 43 50
29 42 51
28 41 51
