31 37 52
31 37 33
31 37 53
31 39 52
31 38 52
31 37 52
31 38 52
31 39 53
30 38 51
31 38 52
30 38 52
30 38 53
31 38 51
31 38 52
29 38 52
31 38 52
30 38 53
31 38 53
31 37 52
32 38 53
31 37 52
30 38 52
30 38 53
30 37 52
31 38 52
31 37 53
31 39 53
30 39 53
31 38 52
31 38 52
31 38 52
32 38 53
31 37 53
31 38 52
30 37 53
30 38 56
32 37 53
30 37 54
31 37 53
29 36 55
29 34 54
29 35 53
28 34 54
27 35 56
28 34 56
29 35 55
31 35 56
30 36 56
32 37 55
33 37 54
33 38 54
34 38 52
34 39 52
34 40 51
34 40 49
35 41 49
34 39 48
34 40 48
35 39 48
36 39 48
36 39 49
36 38 49
35 39 49
34 38 49
34 38 49
33 39 49
33 41 51
32 39 50
32 41 51
31 42 51
31 42 51
31 40 51
31 42 51
29 41 52
30 41 52
30 41 52
28 41 51
29 39 51
29 41 50
28 40 51
28 36 52
29 39 51
28 41 52
31 45 50
29 45 50
29 45 50
30 48 49
30 45 49
31 46 51
31 47 48
32 48 50
32 47 49
31 48 48
30 48 48
32 48 49
32 48 49
32 48 49
33 47 50
32 48 52
34 46 51
33 46 52
34 43 49
32 41 49
33 41 49
33 41 49
32 39 50
32 37 51
32 37 51
30 35 51
31 34 53
31 35 54
30 32 52
29 31 52
27 28 52
27 30 53
28 29 52
27 29 51
27 29 53
26 28 51
27 28 51
27 27 51
28 27 52
27 27 52
26 26 51
26 26 51
25 25 50
26 26 50
26 25 49
24 24 50
25 23 50
26 23 50
25 24 49
26 25 49
25 23 49
25 22 49
25 23 49
26 24 50
26 24 50
25 24 49
25 22 50
27 23 50
25 23 49
25 22 49
25 21 48
25 21 48
25 21 48
26 21 47
27 21 48
26 21 48
25 21 49
25 23 49
26 22 48
26 22 49
25 22 49
25 22 48
26 22 49
26 22 47
26 21 48
25 21 48
26 21 48
26 22 48
25 20 49
25 22 48
26 21 48
24 22 49
25 22 49
25 22 49
25 21 48
26 22 48
25 21 48
24 21 47
26 21 48
26 23 48
26 23 50
27 24 50
27 24 50
27 23 49
27 24 49
28 24 50
27 24 50
27 26 52
28 27 51
28 28 51
28 29 52
29 30 53
29 31 53
29 31 53
31 41 58
29 31 53
31 31 52
30 37 54
31 33 52
31 33 52
31 34 53
32 35 53
32 35 53
31 38 53
30 39 53
31 37 51
32 39 51
32 40 51
33 40 51
33 40 51
31 41 52
33 43 52
33 42 52
32 43 51
32 43 51
33 42 50
32 42 51
33 42 49
32 44 51
32 45 51
33 43 51
32 43 51
32 44 50
31 43 50
30 42 50
29 45 55
34 40 49
31 43 50
31 45 51
31 43 50
31 42 50
30 41 50
30 42 51
30 44 51
31 41 52
31 43 50
30 42 50
30 43 49
31 44 50
29 42 51
29 41 50
30 42 50
30 41 49
29 41 50
29 42 51
30 41 53
30 42 55
31 41 53
30 41 53
32 39 54
31 40 52
30 40 52
33 39 51
34 39 51
35 40 50
35 38 51
36 40 49
37 40 49
38 40 50
37 38 48
39 39 47
39 39 45
37 39 44
38 40 42
40 37 40
41 38 39
40 42 43
40 42 42
42 46 46
40 49 47
36 46 42
33 54 47
40 63 57
46 62 59
28 40 43
33 60 35
35 62 34
35 56 33
33 52 35
34 51 36
31 52 35
31 49 36
30 51 37
30 52 37
30 53 37
31 52 38
31 53 38
33 53 37
31 55 37
33 54 37
31 54 37
31 53 37
31 53 37
32 53 36
32 52 36
32 53 36
31 53 37
31 52 38
33 52 37
32 54 36
33 54 37
33 52 35
34 53 35
34 54 35
34 52 35
32 53 36
31 53 36
32 55 38
32 53 38
30 52 38
30 55 37
31 54 37
31 53 37
31 53 37
30 52 37
31 52 38
31 52 39
32 51 38
31 54 37
31 53 38
32 52 39
31 53 38
31 52 38
31 53 38
31 52 38
30 53 37
31 52 38
32 53 39
32 52 38
31 52 38
30 52 36
31 52 38
31 52 39
32 52 38
30 52 38
30 52 39
32 53 38
30 53 39
32 53 39
32 52 38
30 52 39
30 52 38
31 52 39
31 53 38
