39 34 52
38 35 53
39 36 52
38 37 52
38 36 52
37 36 51
39 36 52
38 35 52
37 35 52
38 36 53
39 35 53
38 34 53
37 35 52
38 34 53
38 35 55
38 35 55
36 36 53
33 38 51
35 40 54
34 39 52
36 41 53
38 40 55
39 41 54
42 41 52
44 40 52
48 39 51
50 43 50
50 46 47
49 44 43
48 42 40
45 42 40
42 43 41
40 45 42
38 45 40
37 45 43
36 46 44
33 47 44
33 49 43
34 49 44
36 49 44
35 50 45
34 50 44
35 49 47
34 51 46
33 54 43
34 46 47
35 49 47
37 47 43
37 50 43
36 49 41
37 49 42
37 49 42
37 50 42
37 51 43
37 48 44
39 49 45
37 49 44
36 48 46
36 49 45
35 47 45
35 50 42
37 49 46
36 49 44
37 52 46
38 49 45
39 50 47
40 50 47
42 48 47
41 49 46
42 48 47
43 48 46
43 46 49
43 45 46
43 45 47
41 44 46
42 43 46
41 42 49
41 44 48
41 43 49
40 43 48
41 44 48
42 44 48
39 41 48
36 40 51
38 40 47
37 42 48
37 37 52
36 41 50
35 38 52
33 38 49
33 38 49
34 35 54
32 36 49
33 38 53
32 36 55
31 38 50
33 37 52
31 36 53
30 37 51
31 37 53
31 37 52
33 38 53
30 37 54
31 36 54
31 36 52
31 35 52
31 35 54
31 34 54
31 33 52
31 33 52
32 34 52
31 33 52
30 32 53
29 31 53
29 31 52
30 32 52
31 31 53
29 32 52
30 30 52
30 32 52
30 31 53
30 31 53
30 31 53
32 31 52
30 32 52
29 29 54
29 29 53
29 29 52
30 30 52
29 29 52
30 30 52
30 28 53
29 28 52
30 30 52
30 29 52
29 28 51
29 28 53
30 27 52
29 26 52
28 28 51
28 27 52
28 27 51
29 27 52
28 28 52
28 27 51
29 27 53
28 28 51
29 28 51
29 28 51
27 28 51
28 27 52
29 26 53
28 26 51
29 26 52
28 27 52
28 27 51
29 26 51
29 26 51
29 27 51
29 26 52
27 28 51
28 26 51
29 26 51
27 25 52
28 25 52
28 26 51
29 27 52
28 27 51
28 27 52
27 27 52
28 26 51
29 26 52
29 26 50
27 26 52
28 25 51
28 26 52
29 26 52
28 26 52
29 26 51
30 26 51
28 26 53
27 25 52
28 25 53
28 26 52
28 25 51
27 26 52
28 27 52
27 24 51
28 25 51
27 26 52
28 26 52
28 25 51
28 26 52
29 24 51
28 26 51
28 25 51
28 25 51
29 24 51
28 26 50
28 25 50
29 25 52
30 24 51
29 26 52
28 26 51
28 25 51
28 26 51
28 25 51
29 26 51
29 26 51
29 25 50
27 25 51
28 25 50
27 26 51
29 24 51
27 26 50
27 25 52
27 25 50
27 25 51
29 25 50
28 25 51
28 25 50
28 24 51
27 25 50
27 25 51
27 24 51
27 24 50
27 24 51
28 23 49
26 24 51
27 24 50
28 23 50
26 23 50
27 24 49
29 23 50
28 23 50
28 24 50
27 23 50
27 24 50
27 24 50
27 23 51
27 24 52
27 23 50
26 24 50
27 24 50
27 24 50
28 23 50
28 23 50
27 24 50
28 22 51
28 23 50
28 22 50
28 22 51
28 24 51
28 24 50
29 22 50
28 24 49
27 23 51
28 23 50
28 22 49
28 23 49
28 22 51
28 23 49
29 22 49
28 22 51
27 22 50
28 22 50
27 22 49
27 21 50
28 21 49
27 21 49
27 20 50
26 23 49
27 21 49
29 21 48
29 21 47
29 22 49
29 21 48
27 20 48
26 21 48
27 19 49
26 20 47
26 19 48
26 20 48
27 20 47
27 20 48
28 21 48
27 20 49
26 21 49
27 22 48
28 22 49
27 20 49
26 22 48
28 19 49
28 21 49
27 24 49
26 24 49
29 22 50
28 25 50
28 27 49
30 27 52
28 27 50
31 26 50
29 26 52
31 28 51
32 28 53
31 29 51
32 34 52
34 37 54
33 36 51
33 36 51
34 37 51
35 36 51
34 37 51
36 39 50
35 37 48
36 40 52
36 40 48
37 40 49
38 44 51
38 43 50
41 44 49
41 46 50
41 45 50
40 45 50
38 44 49
39 47 48
39 47 48
38 46 47
38 46 47
38 46 47
38 45 48
35 46 46
36 47 47
36 47 47
36 48 46
36 48 48
36 50 45
37 47 45
37 49 46
36 50 45
37 49 46
37 51 49
37 51 45
38 49 46
38 45 43
37 49 44
36 49 43
39 54 46
35 45 44
36 48 44
36 47 45
35 49 45
35 48 45
35 47 46
37 48 46
35 49 47
35 46 45
36 48 45
34 48 46
36 47 48
35 48 45
35 45 49
37 47 47
36 47 46
35 45 49
35 45 49
35 44 48
36 44 48
35 44 47
36 45 46
36 45 47
38 41 47
37 42 47
39 41 49
41 40 48
41 39 50
42 40 49
42 41 50
40 41 51
39 42 50
38 41 53
36 44 52
35 43 51
32 41 54
31 40 54
30 42 55
30 43 55
31 41 50
32 40 51
32 40 52
32 39 51
33 42 52
35 42 51
35 43 51
33 42 51
33 41 51
34 39 53
33 39 52
33 40 52
34 40 51
33 40 52
33 39 51
34 40 52
32 39 52
34 40 51
33 39 51
33 39 53
34 40 51
34 39 53
34 40 52
33 40 52
33 41 51
35 39 52
34 39 52
33 39 53
34 39 52
33 39 51
