33 48 46
33 48 46
33 49 46
34 49 46
34 49 46
33 49 45
35 49 46
33 48 46
33 48 45
34 48 46
34 48 45
33 49 47
34 50 47
34 48 46
33 48 46
34 48 45
34 50 46
33 49 46
34 48 45
34 48 46
33 48 46
34 48 46
33 47 46
34 48 45
33 48 46
33 49 46
34 47 46
33 48 46
32 49 46
32 48 46
33 49 46
33 48 46
34 49 46
32 49 46
33 48 45
33 47 46
33 48 47
32 49 46
33 48 46
35 48 47
33 48 46
34 48 46
33 48 47
33 48 47
32 47 46
33 48 46
33 48 47
34 47 45
34 48 47
32 48 46
34 47 47
32 48 47
33 47 46
33 48 47
33 47 47
33 48 47
32 49 47
33 47 47
32 48 47
33 50 47
35 47 47
33 47 46
34 48 46
34 48 47
34 47 46
33 50 48
34 48 48
33 49 47
35 49 48
35 49 47
36 48 48
36 48 47
36 47 48
38 47 47
37 48 46
37 46 47
37 47 48
38 45 48
38 46 48
40 44 49
40 45 49
40 45 50
41 44 48
41 41 48
41 42 48
39 40 48
39 38 48
40 39 46
38 38 49
38 41 50
39 43 49
38 44 50
40 45 49
40 44 49
40 43 48
39 43 49
41 43 50
40 42 48
40 41 49
37 42 52
39 43 52
39 42 50
38 42 51
39 41 51
39 41 51
39 42 50
38 41 51
39 41 52
37 40 52
38 40 52
37 40 52
37 40 52
36 39 52
35 40 53
35 38 53
35 36 51
33 36 53
33 38 53
34 37 51
32 36 52
31 35 51
32 36 52
31 35 53
30 34 53
31 34 52
29 35 53
29 33 52
28 34 51
27 33 52
28 34 52
28 35 52
27 34 52
25 34 51
26 34 52
26 33 52
25 33 51
26 33 52
25 33 53
24 34 52
25 33 52
24 33 51
25 33 51
24 35 51
24 33 52
24 33 52
23 33 51
23 33 51
22 33 51
23 33 50
24 33 51
24 32 51
23 34 51
23 34 51
23 34 50
23 33 51
24 34 51
23 34 52
22 32 50
22 33 51
22 34 50
23 33 51
21 33 50
24 32 51
22 32 50
21 33 50
22 33 50
23 32 50
23 33 51
23 33 51
23 32 51
23 33 50
22 32 49
23 32 51
22 31 49
24 33 51
21 33 50
23 34 50
23 32 51
23 33 50
22 32 51
23 33 50
22 33 50
22 33 51
23 33 50
22 33 50
22 31 51
24 33 51
24 32 50
23 34 49
22 32 50
24 32 50
22 33 50
23 32 51
22 33 51
22 32 50
23 33 50
22 33 51
23 32 51
24 33 51
23 33 51
25 33 51
23 32 50
21 32 51
22 33 52
21 33 50
23 31 51
23 32 51
23 34 51
24 32 51
23 31 51
24 31 52
24 33 52
26 32 52
27 32 52
27 34 52
28 34 52
30 34 52
30 34 52
31 34 52
32 34 52
34 35 51
34 37 52
34 36 52
37 36 51
36 37 51
37 36 51
39 37 51
39 38 51
37 39 52
37 38 52
38 38 51
39 39 51
39 38 52
38 38 52
40 40 52
41 40 52
40 39 51
42 42 50
40 40 52
42 40 50
40 40 51
40 42 49
40 41 47
40 39 50
41 40 50
41 40 50
41 41 48
39 41 48
40 38 49
41 40 49
40 40 51
39 37 48
40 40 49
40 39 49
39 39 49
39 40 49
38 40 49
40 41 49
39 40 49
41 42 48
42 43 48
40 45 48
39 47 47
38 47 48
39 48 49
38 48 50
37 47 47
36 48 47
35 48 46
35 47 46
34 50 47
28 53 51
32 49 45
33 47 44
33 49 46
33 49 47
33 48 46
33 48 46
34 49 46
33 48 46
34 49 46
33 49 46
33 48 45
32 49 45
34 49 46
33 49 47
33 48 45
34 48 45
34 49 44
32 50 45
33 48 44
35 50 45
34 48 45
33 49 44
34 49 45
35 50 45
34 49 43
33 49 44
33 49 45
34 50 44
33 49 45
34 49 45
34 49 45
34 50 45
34 49 45
33 49 45
34 50 45
34 49 45
34 50 45
33 49 45
34 50 45
35 49 45
34 49 45
33 49 45
33 50 44
33 49 45
33 49 45
34 50 45
32 49 45
34 48 45
33 50 45
34 49 44
32 49 45
33 49 44
33 49 45
34 50 44
34 50 45
34 48 44
34 50 45
33 50 44
33 49 44
34 48 45
34 50 44
33 49 45
33 50 46
34 50 45
34 49 45
34 48 45
33 50 45
33 49 45
33 49 45
34 48 44
35 49 44
34 49 46
33 50 45
34 50 44
35 49 45
34 49 44
36 49 44
34 49 44
34 50 45
33 49 45
35 49 45
34 49 44
33 50 45
34 49 45
33 49 45
34 49 46
34 49 45
34 48 44
34 49 45
34 49 44
33 50 46
33 49 44
34 50 45
32 51 45
34 48 45
33 50 46
33 51 45
33 48 44
32 50 45
34 49 45
34 50 45
33 48 44
34 48 45
34 49 45
32 48 45
33 50 46
34 49 45
