34 50 44
34 50 44
34 50 45
33 49 44
33 49 45
34 49 45
34 51 45
35 49 45
33 48 44
34 49 45
34 50 45
34 49 45
33 49 45
34 49 45
34 49 45
33 49 45
34 50 44
34 50 44
33 50 45
34 49 44
33 49 45
34 48 45
33 48 45
33 49 45
34 48 45
34 49 45
34 49 45
34 49 45
35 50 44
32 50 45
33 49 45
33 50 44
33 51 45
33 49 45
34 49 45
34 49 45
34 49 45
33 49 46
33 48 45
33 49 46
34 49 45
33 49 46
33 48 46
34 48 47
34 48 46
31 49 47
32 49 47
31 49 47
35 50 45
35 53 44
35 49 46
36 48 46
36 49 45
36 48 46
36 49 45
36 48 47
38 48 47
38 46 47
39 46 48
40 46 47
41 45 46
40 45 46
40 44 47
39 44 45
40 44 46
40 45 46
39 45 46
40 46 47
39 44 47
39 44 47
41 45 49
41 43 48
41 43 48
41 43 49
41 43 49
40 42 50
40 44 50
40 43 50
41 42 49
41 42 49
39 42 49
41 44 50
41 41 50
41 41 50
42 42 49
40 41 48
41 43 47
41 42 47
41 43 47
41 43 50
41 44 51
41 42 52
40 42 50
41 42 50
39 43 52
40 44 50
40 43 49
38 44 50
37 43 52
36 43 51
35 38 52
34 37 54
35 37 53
35 37 53
34 36 53
33 36 52
34 36 50
32 35 52
31 33 52
32 34 52
31 34 53
30 34 52
29 33 52
29 33 51
28 31 51
26 31 52
24 32 51
25 31 51
25 31 51
25 32 50
24 33 50
24 31 51
23 32 51
23 31 52
24 31 51
24 31 51
23 32 50
23 31 50
23 33 51
22 32 51
23 31 50
22 31 50
21 30 51
21 32 50
22 32 50
22 32 51
23 32 51
21 30 50
22 31 51
22 31 50
21 32 49
21 32 49
22 31 50
21 32 50
21 32 49
21 30 50
22 32 50
22 31 48
21 30 49
22 31 49
21 31 50
22 31 50
20 31 50
22 31 50
22 31 50
21 31 50
22 31 49
21 30 50
22 31 50
23 31 50
22 32 50
21 30 50
21 31 50
23 31 50
22 32 51
23 31 50
23 31 50
22 33 51
22 31 50
22 31 51
23 33 51
23 33 51
23 32 51
24 32 51
24 34 52
25 34 50
25 33 51
26 33 51
26 33 52
28 34 53
29 35 52
30 33 52
29 34 52
31 35 52
33 35 52
35 36 52
34 37 52
37 37 52
35 37 51
37 37 51
38 38 52
39 37 51
37 38 52
37 39 52
38 39 52
39 39 51
38 40 52
39 39 52
39 39 51
40 40 51
39 39 52
40 40 52
40 39 51
39 40 51
40 40 50
39 40 50
39 40 51
39 40 51
40 39 50
39 41 49
40 39 41
42 43 51
42 43 48
41 41 50
42 41 47
42 41 49
42 42 51
41 41 50
42 41 49
41 40 50
42 42 49
41 41 50
42 41 50
41 40 49
41 40 49
41 41 50
41 41 49
41 42 48
42 41 48
42 40 50
42 39 48
41 39 49
41 40 50
41 40 48
40 41 49
40 41 48
40 42 47
40 43 48
41 43 47
41 44 46
40 43 48
40 45 49
39 45 47
38 46 49
37 48 49
37 51 48
35 52 47
33 51 46
33 53 47
32 50 46
33 49 43
33 49 45
33 50 46
33 47 46
34 47 46
32 49 47
33 49 45
33 49 44
33 49 46
33 48 45
32 48 45
33 49 45
33 48 45
34 47 46
33 49 46
33 49 44
33 48 45
33 49 45
33 49 44
34 49 45
32 50 45
35 50 45
34 50 45
34 50 45
35 50 45
34 49 45
34 51 45
35 49 45
33 50 45
33 50 44
34 49 44
35 50 44
32 50 44
34 49 44
33 50 46
34 50 44
33 49 45
34 51 43
33 50 44
33 51 45
34 50 44
34 51 44
35 50 45
33 49 43
32 49 44
32 49 45
34 49 44
33 50 45
33 50 45
35 50 43
34 49 44
34 49 44
34 50 45
34 50 44
33 51 43
33 49 44
33 49 44
33 50 45
33 50 43
35 50 45
34 50 44
34 49 44
33 49 45
34 49 45
33 49 45
33 49 45
33 51 45
34 48 44
34 49 45
34 50 45
34 49 45
33 50 44
34 50 44
33 50 44
34 50 44
34 51 44
34 50 44
34 50 45
34 49 44
34 50 44
35 50 45
32 49 44
33 49 44
33 49 43
34 49 46
33 50 44
34 51 44
35 50 43
33 50 44
34 50 44
33 50 44
34 49 44
35 49 44
34 50 44
34 51 44
34 50 43
34 49 44
35 50 44
34 50 43
33 49 44
33 50 44
33 51 43
34 50 43
33 49 44
35 49 44
