28 43 50
28 43 50
28 44 50
28 43 50
27 44 50
27 42 51
27 42 49
27 41 50
26 41 50
27 42 49
28 42 49
28 42 50
28 43 49
27 41 50
29 41 51
26 42 49
28 43 49
27 43 50
27 41 50
27 41 50
27 41 50
27 42 51
28 42 49
27 41 50
28 41 51
27 41 52
26 41 51
26 43 52
24 41 53
24 41 52
23 41 53
26 41 55
25 39 54
29 40 56
30 41 57
30 41 58
31 40 58
34 38 57
36 37 58
38 36 57
39 34 54
42 37 55
42 35 52
43 33 50
44 31 50
42 32 49
41 30 49
40 29 49
36 31 46
37 32 45
35 33 45
36 31 42
39 32 43
34 31 43
34 30 43
36 30 45
35 27 47
37 27 49
36 24 51
36 27 52
35 28 55
35 25 53
37 26 55
35 28 54
35 29 53
36 25 53
34 25 53
34 25 52
33 24 51
33 23 52
32 26 54
34 24 51
35 22 52
35 23 53
35 24 52
35 29 53
38 26 51
37 35 50
37 38 49
38 34 50
38 32 51
36 32 51
37 29 50
37 27 48
41 29 49
38 32 50
37 41 52
38 38 52
37 40 54
39 30 54
41 25 55
37 23 53
37 24 55
35 25 54
37 25 54
33 30 52
37 27 54
39 25 53
36 30 53
37 36 54
34 30 53
33 25 50
24 18 41
35 36 49
36 43 54
34 32 54
37 25 53
37 31 49
36 31 47
39 33 53
37 32 53
35 30 53
35 30 54
38 29 49
38 34 49
37 33 50
36 33 50
36 34 53
38 28 53
39 33 56
37 37 54
40 30 54
36 35 51
37 33 51
38 32 55
35 30 55
39 31 61
34 41 45
37 39 53
36 34 51
34 33 44
33 33 50
36 35 48
39 39 45
42 35 45
38 44 49
37 41 51
36 42 56
36 43 57
38 47 59
37 40 60
37 41 57
39 43 54
37 41 51
36 42 48
37 41 47
34 43 48
34 39 45
35 43 50
35 43 48
37 44 48
36 43 50
37 42 51
36 43 51
34 47 52
35 46 50
35 44 51
35 45 52
35 42 55
36 42 54
37 42 55
37 42 54
36 42 52
39 40 51
38 40 51
37 40 51
37 37 47
37 39 49
37 37 49
37 35 46
37 33 49
38 31 49
35 33 50
36 31 52
35 32 47
36 34 50
37 32 52
34 33 49
34 30 53
34 31 53
34 32 53
35 32 54
32 32 51
32 32 53
31 31 54
30 32 52
30 32 53
31 32 52
29 29 52
29 31 52
30 30 53
28 30 51
28 30 52
29 30 53
27 29 54
28 30 53
25 29 53
26 29 52
26 28 52
26 28 51
26 28 51
26 28 51
25 29 51
23 28 51
24 27 49
24 27 51
24 28 51
24 26 52
24 27 50
25 26 50
24 27 49
25 27 52
25 27 50
25 26 51
23 26 50
23 26 51
24 26 51
24 27 48
23 26 51
24 25 51
24 26 50
23 26 50
23 26 49
23 25 49
24 25 50
24 25 49
26 27 51
24 23 49
22 28 50
23 26 49
23 27 50
23 27 51
23 25 50
23 26 49
24 27 50
24 25 50
24 26 49
23 27 50
24 25 49
23 26 49
25 25 51
23 25 50
23 24 50
23 25 50
23 26 49
24 26 49
24 26 49
23 25 49
24 24 49
24 24 48
23 25 48
24 26 50
23 26 50
25 27 49
23 25 49
25 26 49
25 25 49
24 25 50
22 26 49
24 24 50
23 24 49
24 24 49
23 26 50
24 27 49
23 26 49
24 25 50
24 26 50
24 26 49
22 25 49
23 26 50
24 26 50
22 25 50
23 25 48
23 26 50
22 26 49
23 25 50
23 26 49
22 27 50
23 26 50
23 25 50
25 26 49
24 26 50
23 25 49
24 26 49
23 26 49
24 25 49
24 26 49
24 26 50
25 25 49
24 26 49
24 25 50
23 25 50
22 24 50
23 25 49
23 25 49
24 25 48
24 25 49
24 25 50
24 25 50
24 25 49
23 25 49
24 27 50
24 25 49
24 25 50
24 26 50
23 25 50
24 25 49
24 25 50
24 26 50
25 27 49
23 25 50
25 24 51
24 25 51
25 26 50
25 29 50
24 29 50
24 27 51
24 27 53
25 27 53
24 27 53
25 29 51
27 25 53
26 25 54
28 27 50
28 30 51
30 29 52
30 32 51
31 33 52
32 31 52
33 35 51
34 35 52
34 35 51
34 38 51
37 34 51
36 39 49
36 38 50
39 37 49
37 38 49
35 40 48
35 41 48
36 40 50
36 40 50
34 41 51
37 41 52
33 42 52
34 41 53
32 41 51
33 44 53
34 43 52
33 44 51
34 43 52
34 42 50
33 43 49
34 42 51
35 41 51
35 42 48
30 46 52
35 44 54
33 44 52
34 42 50
34 46 48
32 44 50
33 41 49
33 41 52
32 40 51
34 42 52
34 42 52
33 41 52
32 40 50
30 39 50
32 37 50
30 41 50
32 38 52
31 38 51
32 39 51
31 37 51
31 37 49
30 39 51
31 40 50
30 38 54
32 33 50
35 35 46
38 41 47
37 43 47
41 39 48
44 39 51
46 34 50
47 36 51
44 33 51
44 30 52
41 31 50
39 31 55
36 34 54
33 37 53
26 43 53
28 46 54
27 45 52
29 44 49
30 48 50
29 45 46
28 45 48
28 44 50
28 47 51
30 45 51
32 43 49
31 45 49
30 48 47
32 53 48
32 48 46
31 49 46
31 48 47
31 46 47
31 46 48
32 47 48
30 47 47
30 48 47
32 46 48
30 47 47
31 47 47
30 47 47
33 47 48
31 47 47
31 47 48
32 46 47
32 46 47
31 47 47
31 47 47
31 48 48
31 46 48
32 47 47
31 46 48
31 47 47
32 46 47
32 46 48
32 48 48
31 46 47
31 46 48
