28 42 51
28 42 51
55 28 33
55 28 33
55 28 33
55 28 33
29 41 50
29 41 50
30 41 51
28 42 51
28 41 50
29 42 50
28 43 51
28 42 51
29 42 51
28 42 51
29 42 50
28 42 50
30 42 51
28 41 50
29 41 50
28 42 51
27 42 51
28 42 50
29 43 50
28 42 51
30 42 51
28 41 51
29 41 51
29 41 50
29 42 50
28 43 49
27 42 51
29 41 50
30 43 51
29 42 51
28 42 50
28 42 51
29 42 51
29 42 50
28 42 50
28 42 51
29 42 50
27 43 50
28 42 50
29 41 51
28 41 50
28 43 51
28 41 51
28 42 50
28 43 50
27 42 50
28 42 49
29 42 50
29 41 49
26 43 51
27 44 52
31 37 52
31 42 50
30 40 51
30 41 52
30 42 53
30 39 56
30 42 52
33 39 53
34 40 53
35 37 51
34 38 53
34 42 50
35 43 49
36 43 47
37 44 47
36 44 46
35 43 46
35 45 47
33 42 46
35 43 48
34 44 48
36 43 50
35 48 50
35 49 51
32 52 47
33 48 48
32 46 45
34 48 44
35 50 46
33 50 45
31 50 44
33 51 43
31 53 44
32 50 46
31 51 47
31 52 47
31 51 46
30 51 44
29 52 44
31 52 44
31 52 43
33 50 45
33 52 44
35 52 43
34 51 45
34 50 46
36 49 46
35 47 46
36 47 47
36 46 46
35 47 46
34 45 46
36 45 45
35 44 46
34 44 47
34 46 47
32 46 48
31 46 48
31 45 49
32 44 49
30 44 49
29 46 49
30 44 48
29 44 49
28 42 49
27 44 49
26 41 49
27 40 51
28 40 48
28 43 49
27 42 49
27 41 49
27 40 50
25 38 52
26 40 52
25 39 53
24 39 51
24 39 52
25 38 50
23 38 51
24 38 50
24 39 50
23 38 51
26 37 51
26 38 51
26 36 51
26 35 52
24 34 51
24 34 51
23 35 52
24 35 52
23 36 50
22 34 50
22 33 51
22 33 50
24 33 50
22 34 51
23 34 49
24 34 51
23 34 51
22 34 50
23 34 51
23 34 51
23 33 52
25 33 51
23 33 51
22 34 50
22 32 50
23 33 50
22 32 50
21 31 50
23 32 51
22 34 50
22 30 51
23 33 52
22 34 50
23 32 52
21 32 50
23 32 48
22 30 49
22 31 48
22 31 51
22 32 51
23 32 50
24 32 51
23 31 50
22 31 50
22 30 51
21 31 50
22 31 51
22 31 51
23 32 49
22 32 49
22 31 50
22 31 50
23 30 48
22 30 50
22 30 50
24 29 51
22 31 50
23 29 50
22 30 51
22 31 50
22 31 50
21 30 50
22 30 48
21 30 49
21 31 50
21 30 49
22 30 50
23 29 51
22 29 49
22 30 50
20 30 50
22 29 50
22 29 50
23 29 50
22 29 51
22 30 49
22 29 50
21 30 50
22 30 50
22 30 49
22 30 50
21 29 49
22 30 49
22 30 50
22 30 49
23 29 50
23 30 50
22 29 50
22 29 51
22 31 49
23 31 49
21 30 49
21 29 50
22 29 50
21 28 48
21 29 50
22 30 50
22 29 48
21 30 49
22 30 50
22 29 50
21 31 50
22 30 49
22 29 50
20 29 49
21 28 49
21 29 50
21 29 50
22 29 50
22 30 50
22 31 49
21 31 50
20 29 49
23 30 50
22 30 49
21 29 48
21 30 49
22 29 49
23 30 50
22 30 50
22 29 50
21 30 50
21 29 50
22 29 49
23 30 50
21 28 49
23 28 50
21 30 49
21 30 50
22 29 49
21 28 48
21 28 50
21 30 49
22 29 49
21 29 48
21 30 47
21 29 49
23 30 50
22 29 49
20 29 50
20 30 50
21 30 49
21 29 49
20 28 50
22 30 50
22 29 49
23 30 50
22 29 50
23 29 50
23 30 50
22 30 49
21 27 51
22 29 49
21 29 50
21 30 49
21 31 49
19 29 50
20 29 50
22 30 49
21 30 49
22 29 49
22 30 48
22 30 49
22 29 50
22 30 50
22 30 49
22 33 50
21 31 51
23 31 51
23 32 50
23 33 50
24 34 51
23 34 52
22 34 52
23 35 52
24 33 50
23 34 51
22 36 51
22 36 49
23 36 52
24 35 51
24 37 51
25 39 52
26 39 51
26 40 50
28 41 50
28 40 50
28 41 48
30 43 49
30 44 50
30 44 50
31 42 49
30 44 49
32 44 48
32 44 49
31 45 47
31 46 46
30 48 45
31 48 46
31 45 46
30 46 48
29 47 50
30 45 48
30 45 47
30 46 46
30 47 41
29 47 44
31 48 45
31 50 46
31 49 45
30 51 44
31 52 44
31 53 44
30 52 43
30 52 44
29 52 43
30 53 43
30 50 44
29 50 44
31 52 43
30 51 42
31 51 44
30 52 43
30 50 44
31 50 43
30 48 41
30 51 41
31 50 42
25 49 43
33 51 42
31 51 42
32 50 43
31 55 47
30 52 41
32 51 40
31 54 44
33 51 40
30 54 46
32 52 46
32 49 44
31 52 43
30 52 45
30 47 43
29 50 44
29 49 44
27 48 45
30 50 46
29 51 46
29 49 48
30 51 46
31 48 45
31 50 45
33 49 44
37 45 42
36 45 43
36 42 44
37 42 45
36 43 44
36 40 49
35 43 48
31 44 47
32 47 52
32 47 50
29 46 46
27 50 47
27 45 47
28 46 47
26 46 48
28 48 52
27 48 53
26 45 47
28 44 47
29 49 48
29 49 45
28 52 45
28 49 46
25 47 45
29 45 46
30 46 46
27 46 46
29 47 46
28 48 46
28 48 46
29 47 45
29 46 46
29 47 47
29 48 47
28 48 47
29 46 46
28 47 47
28 47 47
28 47 46
28 46 46
29 47 46
29 46 46
28 47 46
29 47 46
27 48 46
28 47 46
27 47 47
27 47 47
28 46 47
27 46 47
29 46 46
28 47 46
29 47 47
27 48 47
28 46 47
29 46 47
28 45 48
29 45 48
28 46 46
28 44 48
28 46 48
28 46 48
28 47 47
28 46 47
28 46 47
27 45 47
28 46 47
29 45 49
28 46 48
28 47 47
29 46 47
28 46 47
29 46 48
28 45 48
28 45 48
28 47 47
28 47 48
28 47 48
28 47 48
29 46 47
28 47 47
27 46 48
29 46 47
28 45 47
28 45 48
28 47 47
28 46 47
