34 40 51
34 40 51
34 40 52
33 41 51
33 40 51
34 38 52
34 40 51
34 40 52
33 39 52
33 38 51
33 40 51
32 39 52
34 40 52
34 40 51
33 39 52
33 39 52
33 40 51
34 40 53
32 40 52
33 40 52
33 40 51
33 39 52
34 38 53
34 40 52
33 40 51
33 40 52
34 39 51
33 40 52
33 40 51
34 39 52
34 40 52
33 40 51
33 40 51
33 38 51
33 39 51
34 39 53
34 38 51
33 40 52
35 39 50
34 40 52
33 40 51
33 39 52
32 40 51
32 40 51
34 39 51
34 40 51
34 39 52
33 39 51
34 40 52
34 39 52
34 40 51
33 39 51
33 41 52
33 40 51
34 39 52
32 39 52
32 39 51
33 39 51
34 40 52
34 39 52
33 40 51
34 40 52
33 40 52
33 39 51
33 41 52
33 40 52
33 39 52
32 39 52
33 40 51
33 40 51
33 40 51
32 40 52
32 39 52
33 39 51
33 39 52
33 40 52
33 38 52
34 40 52
33 40 51
34 41 51
33 39 52
33 39 52
35 39 51
33 42 52
32 39 52
32 38 52
33 40 52
33 39 52
34 39 52
35 39 52
33 40 52
33 39 51
34 40 51
33 40 52
33 41 51
33 39 51
34 40 52
33 39 52
33 40 52
34 39 52
33 39 51
33 40 51
33 39 52
34 40 52
33 40 51
34 38 51
32 39 52
33 38 51
33 40 51
33 39 51
34 39 52
33 39 52
34 39 51
34 40 52
33 41 52
33 39 51
33 39 52
32 41 52
34 39 51
35 40 52
33 41 52
33 37 55
32 39 52
34 38 52
35 39 52
36 39 52
36 41 51
36 38 52
34 38 51
38 39 52
38 39 52
37 38 52
37 40 51
38 39 51
38 41 51
39 42 50
39 42 51
39 42 51
40 40 50
40 42 50
42 38 51
44 36 49
41 39 49
40 38 48
39 37 48
38 39 49
38 39 49
38 39 49
38 40 50
38 40 50
37 38 51
38 38 52
36 39 52
38 40 52
39 44 50
39 40 51
37 41 50
37 41 49
37 39 50
36 42 51
37 41 54
35 41 54
38 40 53
37 40 53
38 40 52
38 39 51
37 38 51
38 36 51
36 37 50
37 35 49
37 36 50
36 33 51
37 33 51
38 33 52
36 33 52
36 31 53
34 31 52
36 31 54
35 31 53
36 30 52
35 30 52
35 29 52
34 30 52
33 29 52
33 27 52
33 27 52
33 28 52
32 27 51
33 26 52
33 26 52
32 26 51
31 25 51
32 26 52
32 25 52
32 25 51
31 23 52
31 25 51
31 24 51
31 23 50
31 23 51
30 23 50
31 22 51
31 21 51
30 22 50
30 21 51
30 22 50
31 22 50
32 22 50
29 22 49
30 22 51
30 22 49
29 23 50
30 23 49
31 23 49
30 21 50
29 22 48
30 22 50
29 22 49
30 22 49
29 21 50
29 22 49
30 22 50
30 22 49
30 21 50
30 21 49
29 21 48
29 19 49
29 20 50
30 22 49
30 21 49
29 21 49
28 21 49
28 20 48
30 21 49
29 19 49
29 20 49
29 20 49
29 20 49
29 19 50
30 21 48
30 20 49
30 21 48
28 21 50
28 22 49
29 20 48
29 21 49
29 20 48
28 21 48
30 22 50
30 21 48
29 20 49
29 21 49
29 21 48
29 20 49
29 20 48
29 21 49
30 21 49
30 20 49
29 20 49
30 21 49
29 21 48
31 21 49
30 23 49
29 22 49
31 23 50
29 21 49
29 23 50
29 22 50
29 22 50
30 23 50
28 22 50
31 22 50
31 22 51
29 23 50
29 23 50
29 23 50
32 23 50
31 23 51
30 25 51
30 25 51
32 24 51
32 26 52
32 24 52
31 28 52
32 25 53
32 27 53
34 28 53
34 27 53
34 28 53
35 30 52
36 30 52
34 30 51
36 30 51
37 31 52
37 32 50
37 33 51
38 34 50
39 35 50
38 36 50
38 35 51
38 39 51
38 37 51
39 39 52
38 40 53
39 39 51
38 40 52
37 40 52
37 41 52
37 40 52
38 41 52
37 39 51
37 41 52
38 39 52
38 41 51
38 40 52
37 39 51
37 40 51
38 40 51
38 41 52
37 40 50
37 41 50
38 40 51
37 41 51
38 40 50
38 40 51
39 39 50
39 42 50
37 40 50
39 41 51
38 43 50
38 40 50
39 40 51
38 43 50
38 41 50
37 41 51
37 42 50
37 40 51
37 42 52
38 41 50
37 41 50
36 41 50
35 41 49
34 44 48
34 37 49
36 42 51
39 44 53
39 41 47
40 39 50
40 41 54
40 37 49
41 36 49
39 33 53
39 32 48
40 33 48
38 32 49
36 40 56
34 47 53
34 33 54
34 38 60
33 39 52
33 37 52
34 35 51
33 39 51
33 38 56
33 37 52
31 36 52
31 37 53
33 36 51
33 37 52
34 39 53
33 38 52
31 37 52
33 36 52
34 37 51
33 35 53
32 34 52
32 37 52
33 38 53
33 39 52
33 36 53
32 36 51
34 38 51
33 38 52
33 38 52
33 37 52
33 38 53
33 37 53
33 37 52
34 38 52
34 37 52
