32 38 52
32 38 52
33 39 52
32 40 51
32 39 52
33 39 53
33 39 54
33 39 53
34 39 51
33 38 53
33 39 52
32 39 52
32 39 52
32 38 52
33 39 52
32 39 52
33 38 52
33 38 52
33 38 51
33 38 51
31 38 53
34 38 51
33 39 52
33 38 53
34 39 51
33 39 53
33 38 53
33 39 52
33 39 52
34 38 52
32 38 52
33 39 52
33 39 52
33 38 53
33 38 53
33 38 52
32 40 51
33 39 52
33 40 52
31 40 52
32 41 51
32 39 53
32 39 54
30 39 54
29 43 55
30 44 53
30 44 52
30 44 52
31 44 49
33 40 53
34 44 51
35 45 47
36 46 47
36 45 45
37 46 44
38 46 43
39 45 43
38 46 44
37 44 44
38 46 43
37 46 43
36 47 44
36 48 42
35 49 43
33 49 46
32 49 48
30 51 48
33 54 49
33 50 48
35 48 47
34 47 44
34 48 44
33 51 45
34 50 46
35 50 45
34 50 44
32 51 41
35 49 45
33 49 41
34 50 43
34 51 45
33 53 43
31 54 44
29 53 44
32 52 44
32 49 43
31 50 43
29 50 43
30 51 44
29 49 45
30 51 46
30 51 47
32 51 47
31 51 45
32 50 44
34 50 45
34 48 46
35 47 45
34 46 46
36 46 46
35 46 48
36 44 48
38 45 47
37 46 48
37 43 47
36 45 47
34 44 48
33 46 48
32 47 46
32 47 48
33 48 49
31 45 49
32 44 48
29 45 48
30 44 49
29 46 47
30 42 49
31 43 49
30 43 48
29 43 49
28 44 49
28 44 51
29 42 48
26 42 50
26 41 50
26 40 50
25 42 50
25 41 51
25 41 49
25 41 50
25 42 51
23 42 49
25 42 49
24 40 49
25 41 49
26 41 50
26 41 51
27 43 49
26 42 51
26 41 51
26 42 50
27 41 51
25 40 50
25 39 50
25 40 50
25 39 50
25 40 50
25 40 50
25 41 50
26 39 49
25 39 50
25 40 50
26 40 51
25 40 50
26 40 51
27 40 50
25 40 50
26 41 51
25 41 49
26 40 50
27 39 50
26 39 50
25 39 50
26 40 50
25 39 50
25 40 51
25 39 51
23 39 50
23 39 50
26 38 49
25 39 50
24 39 50
25 38 50
25 38 50
24 39 50
25 38 51
25 39 51
25 40 50
23 40 50
24 41 50
24 39 50
25 38 50
24 39 51
25 39 50
25 38 51
24 38 49
24 39 49
24 37 50
24 40 50
26 38 51
24 39 50
24 39 50
24 39 50
25 40 49
25 39 50
23 38 50
23 38 50
24 39 50
26 38 49
24 38 50
24 38 51
24 38 50
24 39 50
24 39 50
24 39 50
25 39 51
25 39 49
25 40 50
24 39 50
25 39 50
24 39 51
25 40 50
24 39 51
25 39 50
23 39 49
24 38 51
23 38 50
24 38 50
25 38 51
24 39 50
23 40 50
25 38 50
24 39 50
24 39 50
25 39 50
25 39 48
24 40 51
25 40 50
26 39 49
26 40 51
25 41 51
26 40 51
25 40 50
26 42 49
26 41 49
25 42 50
26 42 49
26 40 49
26 42 49
26 43 49
27 43 49
26 44 49
25 42 49
24 44 49
25 44 49
24 45 47
27 46 49
28 47 50
29 47 50
31 46 49
33 47 47
33 47 46
34 46 47
35 45 46
35 46 48
35 44 48
36 45 48
37 49 47
39 48 49
39 46 49
36 47 47
36 45 45
37 45 46
38 45 47
37 45 47
37 46 47
38 47 46
38 47 44
40 48 45
40 46 44
38 47 44
38 47 45
38 46 45
38 47 46
37 46 46
37 47 46
37 46 48
39 46 47
37 50 47
37 46 47
37 49 46
37 47 46
36 49 44
37 48 46
36 48 46
36 49 45
36 48 45
36 49 44
37 50 45
36 49 45
37 49 44
36 48 45
34 49 45
35 50 43
35 50 44
36 50 43
33 50 43
37 50 44
36 52 43
36 53 44
38 49 43
37 51 42
36 49 43
38 49 46
36 49 46
37 51 47
37 49 46
35 46 43
34 50 45
34 51 44
35 54 42
37 50 43
34 48 45
34 48 45
35 50 44
34 50 45
35 48 45
34 49 46
35 48 46
34 48 45
34 48 45
34 49 46
33 49 47
34 50 46
32 48 45
33 50 45
33 49 44
33 48 44
33 49 45
33 48 46
32 50 46
33 51 45
33 49 45
33 48 46
32 48 46
33 49 45
33 48 46
31 49 46
31 49 47
30 50 46
29 51 46
29 49 49
30 51 49
33 52 46
35 52 45
38 50 43
39 47 42
40 45 44
42 43 44
41 40 45
41 39 44
42 39 42
40 36 47
39 42 47
37 40 49
35 43 48
35 45 45
32 46 49
31 46 49
31 46 49
30 46 55
31 42 52
30 42 50
31 44 59
32 37 62
32 35 47
32 42 46
31 43 51
32 42 53
31 46 54
30 44 51
30 42 49
32 43 51
32 39 50
28 40 51
32 38 52
31 40 51
30 39 53
29 40 51
30 41 51
31 42 52
32 43 51
32 42 51
31 41 52
33 41 51
30 42 50
31 42 51
30 43 51
31 41 50
32 42 50
30 40 51
32 42 51
31 42 50
32 41 51
30 41 51
32 41 51
31 41 51
31 41 51
31 42 51
31 41 51
32 42 51
32 43 52
32 41 50
31 41 50
30 42 50
32 42 51
31 41 51
31 41 51
30 42 51
32 41 50
31 40 50
32 41 50
31 42 50
32 40 51
32 42 51
30 41 51
31 41 51
31 40 50
31 42 52
33 40 50
31 43 51
32 41 51
33 42 51
32 42 51
31 42 51
31 41 50
33 41 51
31 42 51
31 42 50
31 42 50
31 42 52
32 41 51
31 42 51
32 41 51
31 40 50
