30 47 47
30 47 47
29 47 48
30 48 46
30 48 47
31 49 47
32 47 47
31 46 46
31 46 47
32 46 46
32 47 46
33 47 46
32 45 45
31 48 47
31 47 46
29 47 46
30 47 46
29 47 47
29 48 48
29 47 47
30 47 47
29 47 47
29 47 48
30 47 48
28 46 48
30 48 48
30 47 48
29 46 47
30 46 48
31 47 48
30 45 48
30 45 47
29 47 48
30 49 48
30 48 48
30 48 47
28 47 48
28 45 48
28 44 48
32 41 51
28 42 50
28 43 49
30 43 50
29 42 49
30 43 50
29 43 49
29 42 50
31 44 49
31 45 48
32 45 48
31 46 48
33 47 48
33 48 48
34 48 49
34 49 48
34 49 46
35 50 47
36 49 46
36 48 46
35 49 46
35 49 47
35 48 47
34 46 47
34 47 47
35 46 47
35 45 48
34 44 47
33 44 47
33 44 48
33 42 47
35 42 48
35 46 49
35 48 49
36 46 48
37 45 48
37 47 47
37 47 48
38 45 48
37 46 47
38 43 47
36 41 48
37 42 48
37 45 47
38 47 49
35 48 46
34 46 47
36 49 47
33 48 46
29 44 49
37 46 49
38 48 46
35 47 47
37 47 46
36 46 46
37 49 46
38 48 45
39 51 46
39 51 46
39 49 47
38 47 47
35 50 48
35 49 49
36 48 50
37 48 50
37 48 50
37 46 49
37 45 47
35 44 43
36 44 46
39 44 46
39 45 45
38 43 45
38 41 47
38 44 46
39 43 46
39 43 48
38 42 48
40 42 47
40 40 48
40 40 49
38 40 48
39 40 51
40 41 50
38 41 50
38 39 50
39 39 51
38 40 51
38 39 52
37 39 51
37 40 51
36 37 53
36 39 52
36 40 52
36 38 51
36 39 54
34 37 54
33 34 53
33 34 53
32 34 52
32 33 52
31 33 52
31 33 52
29 32 52
30 33 52
31 31 52
31 32 52
30 34 53
29 32 53
29 31 53
30 32 52
31 33 52
30 32 52
28 32 53
30 32 53
28 34 53
29 33 52
29 33 54
29 31 53
29 33 53
28 30 52
28 32 53
29 30 54
29 30 53
26 31 53
28 30 52
26 31 52
27 29 51
28 29 52
27 30 52
28 29 52
27 29 51
27 29 51
26 27 50
27 30 51
26 28 51
27 29 51
28 27 52
28 29 52
26 30 51
27 27 52
27 27 51
26 28 51
27 28 51
27 28 51
28 30 51
26 27 51
26 27 53
26 28 52
25 28 52
27 28 51
27 28 51
27 27 52
27 28 50
27 27 52
26 28 52
28 27 51
26 28 53
27 26 52
26 28 52
28 27 52
27 27 51
27 27 51
28 27 51
27 28 51
27 28 52
27 26 51
28 27 51
27 27 51
26 26 50
27 27 50
27 26 51
25 25 51
26 28 51
26 25 50
27 26 51
26 25 51
26 25 50
26 26 52
27 27 50
27 29 51
28 27 51
28 29 52
28 29 52
26 30 52
28 30 52
29 32 52
29 32 53
29 31 53
30 33 53
30 33 54
30 33 53
29 33 54
31 33 53
29 36 53
29 35 53
32 34 53
32 35 52
32 35 52
32 36 52
32 36 52
35 36 52
35 38 53
35 39 53
36 39 52
36 41 53
36 39 51
37 39 51
38 41 50
37 41 49
39 40 50
38 40 49
39 40 48
39 40 48
41 41 48
40 43 48
39 44 49
40 43 48
42 45 49
39 44 49
41 44 48
40 44 48
40 44 48
41 46 48
41 45 48
40 44 48
40 45 47
40 45 47
40 45 47
40 45 46
40 47 46
40 46 46
39 45 46
40 47 48
39 46 46
40 46 47
40 47 46
40 46 47
40 47 46
40 47 47
39 47 46
40 49 45
41 48 46
41 50 45
41 48 46
38 47 46
40 49 46
40 47 46
39 47 46
39 48 45
40 47 45
42 47 46
40 49 45
40 46 46
40 49 46
39 46 46
40 46 47
39 45 47
40 47 48
38 47 47
37 45 47
37 47 46
38 45 46
37 43 48
35 43 47
37 46 46
36 47 48
35 45 47
36 45 47
36 45 47
37 43 46
39 45 45
38 44 46
40 43 47
41 42 45
41 42 44
39 42 46
41 41 45
38 42 52
39 42 51
39 41 51
35 40 59
34 41 57
32 42 56
31 40 55
29 42 55
30 42 52
31 42 48
31 42 49
32 45 51
29 43 51
29 42 50
31 43 50
31 43 50
31 43 50
30 43 50
31 43 50
31 43 50
31 43 51
30 43 50
31 43 51
30 43 50
30 43 52
31 43 51
29 42 50
30 41 50
31 43 51
31 42 51
30 42 50
31 42 50
31 42 50
31 41 51
30 42 51
30 42 51
30 41 49
31 42 51
30 43 49
30 42 52
31 42 50
31 43 50
31 42 50
30 42 51
30 42 50
29 42 50
30 42 50
31 43 51
31 41 51
29 41 51
32 42 50
30 42 50
31 43 51
30 41 50
30 43 50
31 42 51
30 42 50
30 42 51
28 41 51
29 42 50
