31 48 44
31 49 44
31 49 44
31 49 45
30 48 45
31 49 45
30 49 46
32 49 45
32 50 45
31 49 45
31 47 45
29 49 44
31 48 45
31 49 45
31 49 44
31 49 46
32 50 45
32 49 46
31 49 46
31 49 45
30 48 45
32 49 45
31 49 45
32 49 45
32 48 46
31 49 45
32 49 46
32 49 46
31 50 45
32 49 46
31 49 45
32 49 45
30 49 45
31 49 46
31 48 45
31 48 45
31 49 45
31 49 44
30 49 44
31 50 45
31 50 45
31 52 46
32 49 47
32 49 47
31 48 48
32 49 48
32 50 49
31 49 48
33 47 48
31 50 50
33 49 50
34 46 50
34 46 50
35 46 49
37 46 49
37 44 50
38 42 51
37 42 50
38 42 49
36 42 50
37 44 51
40 42 49
39 41 49
32 38 46
33 42 46
33 42 47
30 41 44
29 42 46
28 43 46
29 45 47
31 44 48
31 44 49
30 45 48
32 45 51
31 45 50
30 45 50
31 42 50
31 42 50
29 43 50
29 42 50
29 42 51
29 42 49
30 43 50
30 43 51
30 44 48
28 45 49
30 46 49
30 47 48
30 47 48
30 48 46
26 41 53
29 45 53
30 49 47
30 47 50
30 45 47
30 46 46
30 46 50
31 46 48
34 47 48
33 46 48
32 49 48
32 49 48
33 47 49
32 48 48
33 47 48
32 46 49
33 45 49
32 44 49
32 42 49
33 43 49
33 42 49
33 42 51
34 42 50
33 41 51
33 41 52
33 40 53
33 38 52
32 38 52
31 36 55
31 36 54
31 34 51
30 32 55
31 33 53
28 33 53
31 34 53
28 30 52
28 31 53
28 31 53
27 30 52
28 30 51
28 29 52
28 30 53
28 29 52
29 28 52
28 29 52
28 29 52
26 28 52
28 27 51
27 27 52
27 27 52
26 27 53
26 26 52
27 27 52
26 27 52
26 27 52
27 27 52
26 25 51
25 27 51
26 26 50
26 25 50
26 25 50
27 24 50
25 24 50
26 23 50
26 23 50
26 23 49
26 23 50
26 23 50
26 21 48
26 23 49
26 23 50
25 22 50
26 22 50
27 22 50
26 22 50
25 23 49
25 22 49
26 22 49
24 23 48
25 20 49
25 22 48
24 23 48
26 22 48
26 22 47
25 22 47
25 22 49
26 21 49
26 23 49
26 21 49
25 23 48
26 21 49
25 22 49
25 23 48
25 22 48
26 22 48
24 22 50
27 22 49
26 23 50
26 22 49
26 23 49
26 23 49
26 24 50
26 24 51
27 25 51
26 24 51
26 24 50
26 24 51
26 25 50
26 22 49
26 23 49
25 23 49
26 23 48
26 24 49
26 23 48
25 25 48
26 24 49
27 26 50
26 25 50
27 26 51
27 26 51
27 27 50
24 29 55
26 27 52
26 30 54
30 32 53
27 28 52
28 29 50
28 28 52
28 28 52
29 30 53
30 30 54
29 31 53
31 33 52
31 35 53
32 35 54
31 36 52
32 37 53
32 39 53
31 37 54
32 37 52
31 38 54
32 39 51
32 39 52
31 40 52
31 40 52
33 39 52
32 40 52
32 40 51
33 42 51
32 42 51
33 42 51
32 42 50
33 41 49
33 43 49
31 44 51
32 45 50
32 44 52
33 45 50
33 45 52
34 44 50
33 44 49
32 44 49
33 43 50
32 43 49
31 43 49
29 42 51
32 47 51
28 44 53
32 44 51
31 42 51
32 43 50
31 41 50
29 42 50
30 43 51
29 40 49
28 42 49
30 39 50
30 41 50
29 41 53
29 41 52
27 45 53
30 43 54
30 45 53
31 43 52
32 44 53
34 43 53
34 44 52
32 44 52
31 42 51
33 43 49
33 43 50
31 41 49
33 43 48
32 40 48
33 40 49
33 42 48
34 42 50
35 40 50
35 40 51
36 41 51
37 38 52
39 38 50
39 37 50
41 38 50
40 37 48
40 35 45
40 35 41
40 38 42
41 37 41
43 39 44
44 45 48
44 42 41
38 56 50
36 52 44
39 55 35
37 62 35
35 61 35
34 57 37
29 49 43
30 49 52
37 58 38
37 60 31
35 59 32
33 56 31
34 56 33
34 56 34
34 54 30
32 52 31
30 52 33
30 52 33
28 53 32
29 53 31
29 52 31
30 55 31
29 54 31
29 54 31
31 54 32
31 55 32
30 52 32
31 51 32
31 52 31
30 52 32
31 52 31
30 54 33
28 54 34
30 53 32
30 54 32
32 54 32
29 54 31
31 53 31
30 53 31
30 53 32
31 51 31
30 54 31
30 54 32
30 53 31
30 52 31
31 54 31
32 54 31
33 53 30
32 53 31
33 53 31
32 52 31
34 52 31
32 51 30
33 53 31
31 54 31
32 55 33
31 54 32
32 54 32
32 54 32
32 55 32
30 53 32
31 53 31
30 54 32
31 52 31
31 53 32
32 53 31
31 54 31
32 54 31
31 55 31
31 54 31
32 54 31
32 53 31
31 54 32
33 53 31
32 53 32
32 54 33
33 54 33
32 52 33
34 54 32
33 53 29
31 55 30
32 55 33
32 54 32
32 55 31
34 53 30
35 53 31
33 52 31
34 51 30
32 51 32
31 53 32
30 54 32
31 54 32
32 54 31
31 56 32
32 54 31
33 54 30
32 53 31
30 53 31
