26 33 40
26 40 50
27 40 51
26 39 51
25 41 50
27 40 51
27 41 50
27 40 50
26 41 50
26 40 51
27 39 51
26 40 51
26 41 51
26 39 51
26 40 50
27 41 51
25 40 51
26 40 50
28 40 51
26 40 50
26 41 50
26 39 51
27 40 51
26 40 51
26 40 51
27 39 51
27 40 51
26 40 51
26 41 51
26 39 51
26 39 51
26 39 50
25 41 50
27 40 51
27 40 51
27 39 51
26 41 51
26 41 51
26 41 51
26 41 51
28 41 50
27 42 50
27 42 50
28 42 49
28 43 49
29 45 48
28 45 48
27 44 49
28 45 48
29 46 49
29 46 50
29 47 50
30 48 50
29 47 49
30 47 50
32 46 49
30 49 50
32 48 49
32 47 49
31 47 48
32 47 49
33 46 48
32 47 48
33 47 48
33 47 47
33 47 47
33 48 47
32 47 46
32 45 44
32 46 43
30 46 43
30 50 41
29 49 41
28 49 39
28 48 39
27 49 40
26 50 41
28 49 42
28 51 42
28 52 44
29 50 45
28 50 46
30 50 47
32 48 46
31 48 47
33 48 48
32 48 48
32 46 48
32 48 48
32 46 47
31 48 47
33 48 46
31 49 45
33 49 46
31 50 46
31 50 44
32 50 45
32 49 45
31 50 44
32 50 45
31 50 44
32 51 46
32 51 46
32 51 46
32 50 46
32 51 45
31 51 46
31 50 45
31 50 45
30 49 45
28 52 45
28 52 46
28 50 47
29 50 46
31 49 46
30 48 46
32 49 44
33 47 44
34 47 43
32 45 43
34 46 43
36 53 46
33 43 42
35 40 45
33 41 48
33 45 50
28 50 53
30 48 53
29 48 52
29 46 51
30 46 51
31 48 50
31 47 49
31 47 51
33 48 51
33 47 49
34 47 50
33 44 51
34 44 51
35 43 51
35 41 53
35 42 52
38 41 51
39 40 51
40 40 51
40 39 49
41 36 49
42 33 47
43 34 45
40 33 46
41 34 46
41 32 46
40 34 47
37 34 47
37 37 49
36 38 50
34 37 52
34 36 54
33 37 52
33 37 53
36 39 51
32 41 52
32 39 53
31 40 52
33 42 50
32 44 53
32 42 53
31 41 52
32 44 51
29 45 52
29 43 52
31 42 47
27 46 51
30 45 52
30 44 51
29 46 52
32 50 50
31 48 48
31 47 49
29 44 50
31 46 48
31 43 51
31 40 48
31 48 47
32 45 48
32 44 49
32 46 49
33 47 50
34 46 50
33 47 48
31 46 48
35 45 48
34 46 49
34 46 49
34 45 48
34 47 49
35 48 49
38 47 48
34 48 48
35 47 48
36 48 49
36 48 49
37 46 49
36 46 48
35 44 49
35 46 48
36 45 49
36 46 49
35 45 50
36 44 50
35 43 50
35 43 50
33 42 51
33 41 51
34 40 51
33 40 52
33 40 52
33 42 54
32 40 51
33 39 53
32 37 52
33 39 52
33 39 51
32 37 52
34 36 53
32 36 51
32 38 52
33 34 53
30 34 52
30 35 53
29 32 52
31 33 53
30 32 53
29 31 52
29 30 54
30 29 52
30 30 51
30 30 52
29 29 52
30 29 52
29 30 53
28 29 53
30 29 52
28 29 52
29 27 52
29 27 52
29 28 52
29 29 52
29 29 53
28 27 52
28 27 52
29 27 52
29 26 51
28 26 52
28 28 53
29 27 52
28 25 52
28 26 52
28 26 51
27 25 51
28 26 51
29 25 51
28 24 51
27 25 52
28 24 51
28 25 52
27 25 51
28 25 51
27 26 51
28 27 51
28 24 51
28 24 50
26 24 50
26 24 50
26 23 50
26 23 50
26 23 51
26 23 50
26 22 51
27 23 50
27 23 51
28 23 50
28 24 50
27 24 50
26 24 50
25 23 50
27 24 51
27 24 50
27 22 50
27 24 50
28 23 50
27 23 51
28 24 49
26 23 50
26 24 50
28 24 51
27 26 50
28 26 50
29 27 51
28 28 52
29 28 51
30 29 51
30 29 51
30 31 51
30 32 51
30 32 54
31 33 54
31 34 53
31 34 53
31 36 54
32 37 54
31 37 53
31 37 53
30 38 51
31 38 52
31 38 52
31 39 52
32 40 52
33 40 52
33 41 52
31 42 49
33 40 53
33 42 51
33 42 51
33 39 52
31 40 51
31 41 52
33 41 49
32 42 52
31 44 51
34 44 49
33 43 51
32 42 51
33 43 50
32 43 51
33 42 50
33 43 48
32 42 50
32 43 49
31 45 51
32 44 50
33 43 49
32 43 49
33 45 49
32 44 49
33 45 50
31 48 52
32 38 45
34 46 52
31 47 50
31 45 49
30 44 49
32 44 50
32 45 50
32 44 49
31 45 50
29 43 50
32 44 49
32 43 50
32 46 49
33 44 49
31 42 51
31 43 51
31 45 52
32 41 52
31 40 54
30 44 54
31 40 52
32 38 50
34 40 53
35 38 52
34 38 50
35 38 52
36 41 51
37 40 51
35 38 51
35 40 51
36 37 50
36 39 52
37 38 53
36 36 50
37 36 50
38 37 52
36 34 50
39 36 48
38 38 49
36 36 49
39 39 50
37 38 47
38 37 43
37 43 52
37 46 49
34 44 48
32 48 52
30 53 51
28 56 54
29 55 50
31 51 47
30 51 49
31 50 45
31 52 42
32 51 44
29 52 47
28 49 45
28 48 45
30 49 44
31 49 45
30 51 44
31 49 44
30 51 44
31 52 45
30 50 45
31 48 44
31 48 44
32 46 43
31 48 45
29 47 45
29 45 48
29 46 47
28 49 47
28 51 45
29 52 44
30 52 42
31 53 39
31 51 40
32 50 40
33 51 39
32 51 39
34 53 39
33 51 36
31 50 38
32 53 41
33 51 43
34 52 37
33 56 32
31 56 30
32 53 31
32 53 32
33 54 33
31 55 33
29 51 36
31 54 35
31 55 34
30 54 33
30 53 33
31 52 34
31 53 34
30 52 34
30 53 33
30 53 34
30 53 34
30 54 35
30 53 34
30 53 35
30 54 35
30 53 34
30 53 35
30 53 34
30 54 35
30 54 35
30 53 35
31 52 35
31 54 36
32 52 35
33 52 35
32 51 35
31 51 36
31 52 36
31 52 36
31 54 36
30 54 36
31 53 35
30 54 35
31 54 35
30 53 35
31 53 36
30 54 35
31 53 36
30 53 37
31 53 36
31 53 35
30 54 35
32 53 36
30 53 36
30 52 36
29 53 35
30 53 35
29 54 35
30 53 35
30 52 35
30 54 36
32 54 36
30 53 37
30 52 35
30 53 36
30 52 35
30 53 36
32 53 35
30 52 36
31 52 36
30 52 35
31 53 35
30 54 35
30 53 35
30 53 36
30 52 37
30 53 36
30 53 36
30 52 36
31 54 35
