32 48 47
32 48 47
32 46 48
34 47 48
33 47 48
33 47 48
34 47 47
33 47 47
33 47 47
33 47 48
34 48 48
33 48 47
33 48 46
33 48 47
33 47 48
34 48 47
34 48 47
33 47 47
33 47 48
33 47 47
33 47 47
33 48 46
33 46 47
33 46 47
32 47 46
33 47 48
32 47 47
33 47 48
33 47 47
33 47 47
33 47 48
33 46 47
33 47 48
33 47 47
32 47 48
33 47 48
33 47 47
33 48 47
34 46 47
32 47 48
33 46 47
34 46 47
33 46 47
33 47 47
33 48 48
33 47 48
32 48 47
33 47 47
33 47 49
32 47 48
32 48 47
33 50 47
33 50 47
34 50 47
36 49 47
36 48 47
36 47 46
37 49 48
39 46 46
39 46 47
39 46 47
39 44 47
39 45 46
40 43 48
39 43 48
39 41 48
39 42 49
40 42 49
41 42 49
40 42 51
41 41 50
41 41 50
40 41 49
41 40 49
41 39 49
40 42 49
40 42 47
39 45 47
42 42 48
40 45 46
41 42 51
39 42 53
40 43 53
38 42 51
39 40 51
39 41 52
39 41 52
36 40 52
37 40 53
37 38 53
35 37 53
37 36 52
36 37 53
34 35 52
33 36 52
33 36 51
32 34 51
33 35 52
31 35 51
31 34 52
31 33 52
31 34 53
29 32 53
31 33 53
30 34 52
28 33 52
29 33 53
29 32 54
28 34 51
28 34 52
27 34 52
27 33 53
26 32 52
25 32 52
27 32 51
24 32 53
25 33 52
25 31 53
25 34 51
25 33 51
24 31 51
25 32 50
24 32 51
22 32 50
24 32 50
24 32 51
23 33 51
22 32 51
22 32 51
23 31 50
24 32 51
23 31 51
24 32 51
23 33 51
24 31 51
23 31 51
24 32 51
23 32 50
24 32 51
21 32 50
23 33 51
24 31 51
22 32 52
23 31 50
23 32 51
23 33 51
23 33 52
25 33 51
25 33 52
25 33 51
25 33 52
25 34 52
26 34 52
26 33 52
27 34 52
27 34 52
28 35 50
28 34 51
30 35 51
29 36 51
33 36 51
33 37 51
33 36 52
35 38 50
36 36 51
36 38 51
36 38 51
37 40 52
38 39 51
38 38 50
36 39 51
39 40 52
40 41 52
40 42 50
40 42 50
40 41 50
41 44 52
42 42 50
44 42 52
43 43 48
41 44 48
41 43 49
41 43 51
40 42 50
42 41 50
42 38 49
40 39 52
39 44 50
40 45 50
41 41 50
41 40 49
40 40 49
41 41 50
41 42 49
42 41 48
40 41 48
40 40 48
40 40 49
39 42 49
42 41 48
41 41 48
41 42 49
41 40 48
41 41 48
42 41 50
42 41 50
42 41 49
42 42 48
41 45 49
41 46 49
38 45 46
39 48 46
38 49 45
38 51 45
37 50 44
36 50 43
35 51 42
34 56 42
34 53 42
35 51 39
36 50 40
35 52 43
34 49 43
34 50 43
35 50 43
35 51 42
35 52 41
36 51 42
36 52 42
35 50 42
35 51 42
36 51 42
36 50 41
34 50 41
34 50 42
35 51 42
36 51 42
35 49 41
36 51 42
35 52 42
34 51 42
35 51 42
36 50 42
35 50 43
34 51 43
34 52 42
36 51 44
35 51 43
35 51 42
35 50 42
36 51 42
35 50 42
35 50 43
35 50 43
35 51 42
35 51 42
36 50 42
35 50 42
34 51 42
36 51 43
35 51 42
34 51 42
35 50 43
35 50 42
35 50 42
36 51 42
35 51 42
36 50 42
35 52 42
35 50 42
35 52 42
