29 37 52
29 37 52
31 35 53
31 37 53
30 36 53
31 38 53
30 37 52
30 37 52
30 36 52
30 37 53
30 36 53
30 38 52
31 36 53
30 36 53
31 36 53
29 36 52
30 37 52
30 36 52
31 38 52
31 38 52
31 38 52
31 38 52
30 37 53
31 37 52
30 37 53
31 38 53
30 35 52
29 36 53
30 38 54
31 38 53
31 39 54
33 39 53
32 39 52
32 40 53
32 41 53
34 42 51
34 41 51
34 43 51
35 43 51
35 43 51
35 43 50
36 43 50
37 43 49
38 44 49
37 44 48
38 44 49
39 44 48
41 45 47
38 43 47
39 44 48
39 43 49
37 42 47
39 42 49
37 42 49
38 41 49
39 43 49
40 43 49
40 43 49
39 44 48
39 43 49
41 44 49
40 45 48
41 44 50
40 43 49
41 42 50
41 43 49
41 43 49
41 43 49
41 42 49
40 42 49
41 41 49
40 42 50
40 42 50
40 41 49
40 43 50
39 42 51
41 41 49
40 42 48
41 41 50
41 43 50
41 41 50
39 41 49
40 42 49
41 43 49
41 43 48
40 41 51
41 40 50
40 40 52
40 41 50
39 41 51
38 40 51
39 41 50
39 43 53
38 42 51
36 41 51
37 39 51
37 37 51
36 37 52
37 38 52
36 37 52
35 36 52
35 36 54
35 36 52
34 35 52
32 36 52
32 35 53
32 35 52
32 35 51
33 35 52
33 35 53
33 34 53
31 34 53
31 34 52
31 34 52
31 33 52
32 33 53
30 34 52
30 34 53
29 33 52
30 33 52
28 33 53
28 33 53
28 33 52
28 32 52
28 32 53
28 31 53
26 32 52
27 32 53
27 32 53
27 33 52
26 32 52
27 33 51
26 32 52
25 31 52
26 31 52
26 32 51
25 32 50
24 31 51
24 31 51
24 32 52
25 32 51
24 32 51
24 32 51
23 32 51
24 31 51
24 32 51
24 33 51
24 32 51
26 33 52
24 32 52
25 30 51
24 31 52
24 32 52
25 32 51
24 32 52
25 31 51
24 33 52
26 31 51
25 33 52
25 32 51
26 31 51
25 32 52
24 32 52
24 32 52
25 31 52
25 32 52
26 31 51
27 32 52
28 33 52
28 34 52
28 32 52
27 33 52
28 33 52
27 33 51
28 33 51
31 34 50
30 36 52
31 36 51
31 35 52
32 36 52
32 37 51
34 37 53
36 38 52
35 38 51
35 39 54
35 38 52
35 38 53
37 38 52
36 38 52
36 38 52
38 40 52
38 37 52
38 39 52
38 39 52
38 40 51
38 40 51
39 40 51
39 39 51
38 40 50
40 39 50
39 40 50
39 39 50
39 41 50
40 41 51
39 42 51
39 40 51
39 41 52
40 41 50
40 39 51
40 40 50
39 39 49
39 41 50
39 41 51
40 40 50
40 41 50
39 41 50
40 39 50
41 42 50
41 42 50
40 40 51
40 39 50
42 40 52
40 38 48
41 41 50
40 42 51
40 41 51
39 40 50
39 40 52
41 42 50
39 40 50
40 39 51
40 41 51
40 40 49
40 41 50
42 40 51
41 42 50
41 40 49
40 41 50
41 40 49
40 41 50
41 41 50
40 41 50
40 42 50
40 40 49
41 41 49
40 41 49
39 41 48
38 42 49
40 41 50
40 41 49
39 42 49
39 43 49
41 43 49
40 44 49
40 42 49
39 43 50
41 42 50
40 42 49
40 42 49
39 43 50
39 46 49
37 45 48
37 45 46
38 47 44
36 50 44
34 54 44
34 56 46
34 51 44
35 50 44
35 49 45
34 48 48
34 48 48
33 45 48
33 46 47
33 47 47
34 47 47
34 47 46
34 47 46
33 46 47
33 47 46
34 46 47
34 46 47
34 48 47
34 49 48
33 48 46
32 47 48
31 47 47
33 46 47
33 48 46
32 47 47
33 47 47
33 48 47
35 47 46
33 48 47
35 47 47
33 48 46
34 48 46
35 48 46
34 46 46
35 48 47
34 48 46
33 48 47
33 47 46
33 48 46
35 48 46
34 48 46
34 47 46
33 48 46
33 47 47
33 48 47
33 47 47
34 47 46
33 47 46
34 47 47
33 47 47
33 48 46
33 48 48
33 48 47
34 47 47
34 47 47
33 47 46
33 47 47
33 49 46
33 49 46
34 48 47
33 50 47
33 47 46
34 47 46
33 49 47
33 48 48
34 48 45
32 48 47
34 49 47
34 48 46
34 49 47
34 48 47
33 48 47
34 49 46
32 48 47
34 48 46
33 47 46
34 49 47
33 48 47
34 48 47
33 48 47
34 47 47
32 47 47
34 47 47
34 47 47
34 48 47
34 47 47
34 47 47
33 48 47
34 48 47
33 48 47
33 47 47
33 48 47
33 47 47
33 48 47
34 47 47
33 48 47
33 47 46
33 48 47
33 49 46
33 46 46
34 48 47
33 49 47
32 48 46
34 48 47
33 47 46
33 47 46
33 48 47
33 48 47
33 46 47
32 47 47
33 48 47
33 48 47
32 48 46
32 48 46
32 48 46
33 48 47
33 48 47
33 47 48
32 48 47
34 47 46
33 47 47
33 47 46
33 47 47
33 48 47
32 48 47
33 49 47
34 48 48
35 47 46
33 48 47
33 48 47
33 46 47
33 48 46
33 47 47
33 48 47
32 47 47
33 47 47
34 48 46
33 48 47
33 48 47
32 47 46
34 47 47
34 47 48
33 47 47
33 47 47
33 47 46
34 48 48
34 47 47
32 49 46
33 48 46
34 47 46
33 47 47
34 47 47
34 48 47
33 47 47
33 48 46
34 48 47
33 48 47
34 47 47
35 48 47
32 48 47
33 47 46
32 48 47
33 47 46
34 48 46
33 49 47
32 47 47
35 47 46
34 48 47
32 48 47
34 47 46
33 48 46
