35 43 50
35 43 50
35 44 49
35 44 49
34 45 50
35 44 50
34 44 49
35 44 50
35 45 50
35 44 50
35 44 50
34 44 50
35 45 49
35 44 49
34 45 49
35 44 50
35 45 49
35 44 49
35 43 49
35 43 50
35 44 50
34 44 50
34 44 49
34 44 49
34 44 50
34 43 50
34 44 48
34 43 49
34 44 50
36 45 49
35 44 49
35 44 50
34 44 49
34 44 50
35 43 49
35 44 48
33 45 49
34 44 51
33 44 50
35 45 49
36 44 51
35 44 50
33 45 49
36 44 49
33 44 49
34 45 49
34 45 50
34 43 50
34 44 50
34 45 49
35 45 49
34 44 50
36 44 49
34 44 50
34 45 49
34 44 49
34 44 50
36 43 50
33 44 49
34 44 49
34 44 50
35 44 50
35 44 49
35 43 49
35 45 49
35 44 50
34 43 50
34 43 50
35 45 49
34 44 49
33 43 51
33 43 49
35 45 50
35 44 49
34 45 50
34 44 49
35 43 50
34 45 49
34 45 50
35 44 50
34 45 51
35 44 52
33 47 55
34 45 54
35 47 52
35 49 51
36 50 54
39 48 51
41 44 50
40 45 47
42 46 46
41 45 46
43 43 44
40 41 43
41 41 45
40 40 43
38 41 44
38 45 45
39 42 45
37 35 47
37 41 50
40 48 48
38 43 46
41 44 48
39 45 48
40 46 50
41 46 48
41 45 51
40 44 50
40 43 50
39 44 49
40 45 50
41 45 50
40 43 48
39 43 50
41 43 50
41 44 51
41 42 49
41 43 51
40 41 50
41 40 50
41 40 50
40 40 51
40 39 50
42 40 52
39 39 50
40 39 52
39 38 49
39 37 50
38 39 50
38 38 51
39 36 51
39 35 51
38 35 50
38 35 52
38 36 52
36 35 52
37 36 54
37 35 52
35 33 54
36 34 53
34 34 52
35 33 53
35 32 52
34 34 53
34 33 53
33 33 53
35 34 52
33 31 54
33 31 54
31 32 53
31 32 54
33 31 53
32 31 54
30 32 52
31 32 55
31 30 52
31 30 54
32 31 53
31 30 53
30 30 52
31 31 52
31 30 53
32 30 53
31 31 53
31 30 52
32 30 51
30 29 53
31 30 52
30 30 52
30 28 52
30 30 53
30 29 53
30 28 53
29 30 53
28 28 52
31 28 52
29 29 54
29 28 52
30 29 52
29 28 53
30 28 51
29 28 52
30 29 51
28 28 52
29 27 52
30 28 52
29 28 53
29 26 53
29 27 51
30 28 52
30 26 52
30 29 51
30 27 51
29 29 50
29 28 52
30 29 52
29 29 52
30 29 53
30 30 52
31 30 52
30 32 53
32 32 52
30 32 54
32 33 53
32 34 53
32 33 54
30 34 52
30 33 52
32 34 52
32 35 52
33 33 50
34 35 50
37 38 51
36 40 50
38 39 49
40 38 50
40 36 50
41 39 52
41 42 52
41 43 53
40 42 52
41 44 52
41 41 51
41 41 52
41 41 52
40 41 50
40 43 49
41 44 48
40 44 50
41 45 50
41 44 48
41 45 49
40 44 49
42 45 49
40 43 48
40 45 48
41 45 48
42 44 47
43 45 48
41 43 47
41 43 47
42 45 47
39 46 48
40 44 48
40 44 48
42 42 49
44 47 48
43 43 47
45 44 48
40 42 48
41 42 49
40 45 48
41 45 47
41 43 46
39 44 48
40 44 47
40 41 47
36 39 45
37 39 47
37 36 49
38 41 48
38 41 46
38 42 49
38 43 49
39 44 51
38 43 52
38 45 51
37 45 53
37 45 53
37 41 52
35 45 52
35 44 51
34 42 50
33 41 50
33 43 50
32 42 49
32 43 49
32 42 53
32 43 56
34 43 53
31 43 50
32 42 50
32 43 53
31 44 51
32 44 51
33 43 50
32 43 51
30 43 49
32 44 49
32 42 51
32 43 51
33 42 50
34 43 49
33 42 51
32 42 51
32 43 51
34 43 51
33 43 50
32 42 51
33 42 50
31 43 50
32 42 50
32 44 49
31 42 51
33 43 51
32 43 51
31 43 49
31 43 51
31 43 50
32 44 50
31 43 51
33 42 52
32 42 51
32 43 51
32 42 50
32 42 50
33 43 50
31 44 51
32 42 50
33 42 51
32 42 50
32 42 51
32 43 50
32 42 50
33 43 51
32 42 49
31 43 51
31 43 51
32 43 50
32 43 51
32 43 50
33 43 49
32 43 52
31 42 50
30 43 50
31 42 50
31 43 50
31 43 51
32 42 50
31 42 50
31 43 50
31 43 52
31 43 50
32 43 50
31 43 51
31 42 51
31 42 51
30 42 50
30 42 51
31 43 50
31 42 51
31 42 50
31 42 51
31 42 50
31 42 51
32 43 50
31 44 51
31 44 50
31 42 51
31 42 50
32 43 50
31 42 50
31 43 50
32 42 51
32 43 50
31 42 51
31 43 50
31 41 50
31 43 50
31 43 50
31 43 50
31 42 50
31 43 50
31 42 50
31 41 51
32 43 50
31 42 50
31 44 51
33 42 50
32 42 50
31 42 50
32 42 50
31 42 50
31 43 50
31 43 51
31 43 50
30 43 51
32 43 50
31 43 50
