31 37 53
31 37 53
31 37 53
30 36 53
32 35 53
30 36 53
31 39 53
30 36 53
31 37 52
31 37 52
31 37 53
32 37 51
31 38 53
32 38 53
31 37 54
31 38 53
31 37 52
31 36 53
30 38 53
30 38 55
32 40 55
33 41 55
33 41 53
33 40 53
34 41 54
35 39 53
34 41 53
37 43 51
38 41 50
36 41 50
38 40 48
37 40 49
37 38 49
37 39 50
37 41 49
37 41 49
38 40 49
37 41 49
37 42 49
37 41 49
38 43 50
38 43 48
36 42 48
37 44 51
38 46 50
35 43 51
38 45 52
35 47 51
38 45 50
38 43 50
36 42 47
36 43 48
39 43 48
39 44 48
38 44 50
39 43 50
38 42 49
38 43 50
37 44 51
39 44 49
39 45 49
38 42 48
40 43 49
39 44 50
39 44 50
39 43 51
40 44 51
39 43 50
39 44 50
41 43 49
40 41 50
40 41 50
39 38 50
39 39 50
40 39 50
40 40 51
41 40 51
41 40 52
41 41 52
41 40 52
40 40 51
40 41 50
39 37 50
41 39 50
38 35 50
37 35 50
36 34 51
39 35 50
37 31 52
37 31 54
37 33 52
37 33 53
37 35 52
35 34 58
34 31 52
38 36 52
36 34 53
38 33 53
34 32 53
37 32 52
35 31 52
35 31 52
36 29 55
34 31 53
33 31 53
32 29 54
33 29 53
32 30 52
33 27 52
33 29 52
32 28 51
32 27 51
31 27 52
31 26 53
29 26 53
31 25 52
27 22 53
31 27 53
31 26 52
30 29 50
31 26 53
30 18 53
30 24 53
29 20 50
31 25 50
28 26 49
30 25 50
28 18 53
30 26 50
28 22 51
28 21 51
28 21 50
29 22 50
27 21 51
29 22 50
28 22 49
28 21 49
30 22 49
28 21 49
29 21 49
29 23 50
27 20 49
29 19 49
29 19 48
29 20 48
28 19 49
28 18 48
29 20 47
28 19 48
28 20 48
29 20 47
28 19 47
28 19 48
29 17 47
27 19 47
28 17 47
28 18 47
29 19 47
29 19 46
29 17 47
28 19 47
28 17 46
26 17 46
27 19 45
28 17 44
28 16 45
28 16 45
27 15 45
27 16 45
27 16 44
29 17 45
29 16 44
27 15 44
27 15 45
27 15 43
27 18 44
28 17 44
26 16 43
27 16 43
27 15 43
28 16 43
27 16 43
27 16 44
27 16 43
28 15 43
28 16 43
27 16 45
27 16 43
27 16 42
27 15 42
27 15 43
26 15 42
28 15 42
28 16 42
28 16 42
26 16 42
27 16 43
26 15 42
27 14 42
28 15 42
26 16 42
25 14 42
25 14 40
26 14 41
27 15 43
26 15 40
26 16 41
26 14 40
25 15 40
27 15 40
26 13 41
27 15 41
26 14 41
25 15 40
27 13 41
26 15 41
26 14 40
26 14 40
26 12 39
26 14 40
26 14 40
26 15 40
27 15 40
26 15 39
25 14 40
27 14 39
27 14 39
25 15 40
27 14 39
26 14 41
26 14 39
26 14 39
26 12 38
26 14 39
26 14 38
26 14 39
25 13 40
26 14 38
27 12 39
26 14 40
26 14 38
26 13 38
26 14 38
25 13 38
26 14 38
26 13 37
26 14 38
25 14 38
25 13 37
26 16 38
26 13 37
26 13 39
25 14 38
27 14 40
25 13 38
25 13 37
26 13 37
26 13 36
25 14 38
26 13 37
25 14 37
25 13 37
25 13 37
25 14 36
24 13 35
25 14 36
26 15 36
25 13 36
25 14 36
24 13 37
25 13 36
24 14 36
25 13 36
26 12 36
25 13 36
25 13 37
26 14 36
23 13 35
25 13 37
25 12 35
24 14 36
25 14 36
25 13 36
25 13 36
24 14 37
26 14 36
26 15 37
26 14 38
25 14 37
25 13 39
25 12 38
25 14 38
25 13 39
25 14 40
25 14 40
26 14 41
25 15 41
27 15 42
25 17 42
27 17 43
27 17 42
27 17 44
26 16 44
25 15 45
26 15 45
26 14 44
27 15 43
26 14 41
25 14 41
25 15 40
26 14 41
26 15 41
25 15 41
27 15 39
26 15 38
26 16 38
24 13 39
25 13 37
26 13 38
26 13 38
25 14 37
25 15 38
25 15 38
25 14 38
27 13 38
25 13 38
25 14 37
25 13 38
24 14 37
24 13 37
24 13 36
24 11 37
25 13 37
25 17 37
24 15 37
25 13 38
24 15 37
26 13 37
23 14 36
26 12 37
25 12 36
25 14 36
26 13 36
24 15 37
25 14 37
26 13 37
24 12 37
24 14 36
25 14 37
24 14 36
24 13 35
24 15 36
23 13 37
25 13 35
24 13 35
24 13 35
25 13 36
24 13 36
24 14 35
25 12 36
24 14 35
24 12 36
25 15 35
26 13 36
25 13 35
23 13 35
25 13 35
25 14 36
25 14 36
25 14 35
24 14 35
25 14 35
24 14 37
25 14 38
26 15 38
25 15 39
26 14 41
26 13 40
26 15 42
25 15 42
26 14 40
26 16 43
26 16 42
26 16 43
26 17 44
27 17 43
26 16 45
27 17 46
27 17 47
27 17 47
28 16 46
29 16 46
29 17 45
29 17 45
28 17 45
28 18 47
30 19 47
30 21 47
31 22 48
31 23 49
32 24 49
31 23 50
33 26 52
33 26 52
34 28 53
35 28 53
34 28 53
34 31 53
34 31 53
35 34 53
36 32 54
35 32 54
34 33 53
35 34 52
36 36 53
35 34 53
35 35 53
35 35 53
36 35 53
35 36 53
34 36 52
36 36 54
37 38 52
35 38 54
36 36 52
34 35 52
37 35 52
35 35 53
35 37 51
36 38 53
36 38 52
37 38 51
37 37 52
36 38 53
37 38 54
37 39 53
36 39 53
36 37 53
36 38 53
35 38 52
36 38 51
34 37 52
35 37 52
35 38 51
36 37 53
34 37 52
35 38 52
36 39 52
36 37 52
35 38 52
34 38 53
33 39 51
34 38 51
34 38 52
34 38 52
34 37 53
33 39 53
33 40 53
34 40 54
32 38 53
35 40 53
34 40 51
34 38 51
33 41 51
36 41 53
33 42 53
32 41 53
32 39 54
32 39 53
32 41 52
32 39 53
33 40 51
33 39 52
33 40 53
32 39 52
33 39 51
31 39 51
31 39 53
32 38 53
31 37 52
30 37 51
30 38 52
31 39 52
31 39 52
31 39 51
32 38 52
31 40 52
31 40 53
31 38 53
31 37 52
31 38 53
32 37 52
30 36 52
29 33 53
30 34 54
30 33 54
29 33 54
29 34 52
29 37 52
29 35 55
32 34 56
30 34 54
30 35 52
31 36 54
31 34 54
31 35 53
32 36 53
32 34 52
32 33 53
31 32 53
30 32 52
32 32 52
30 32 53
30 32 52
29 32 52
31 32 52
30 32 54
30 33 53
30 33 53
30 31 52
31 33 53
31 33 53
32 32 52
30 32 53
31 33 54
31 33 52
30 34 52
31 33 54
30 35 53
32 34 54
31 35 53
31 33 53
30 33 53
30 34 51
31 33 53
31 34 53
32 34 52
31 35 53
31 35 53
31 34 53
30 34 53
30 35 52
30 35 53
31 35 53
31 34 53
31 34 53
31 36 53
30 34 55
31 35 53
29 34 53
31 35 53
31 34 53
31 33 53
30 36 54
30 34 53
30 35 54
30 34 54
30 34 53
31 35 52
30 34 53
30 35 52
30 35 54
32 35 53
30 34 54
32 35 52
31 34 53
31 35 53
31 34 53
31 35 54
30 35 53
31 35 53
30 35 54
30 34 53
30 34 54
31 35 53
31 35 53
30 35 53
31 36 53
30 35 53
32 35 53
31 35 52
31 34 53
31 34 53
30 36 53
32 36 53
31 36 52
32 36 54
32 34 53
29 34 53
29 34 54
31 36 52
30 34 52
30 37 53
31 35 53
30 35 53
31 35 52
30 35 53
30 35 52
32 34 53
31 36 53
31 35 52
31 36 53
31 34 53
31 36 53
31 36 54
30 35 53
31 35 53
30 35 53
31 35 52
31 36 52
30 36 54
31 37 53
31 36 53
31 36 53
31 35 52
31 37 53
31 36 53
31 36 52
31 35 53
30 35 53
30 38 52
32 37 54
31 36 53
31 37 53
32 36 52
