33 38 53
34 36 52
33 37 52
33 38 52
34 37 54
33 37 53
33 37 53
33 36 52
33 36 53
32 37 53
33 37 52
34 38 53
34 37 53
34 36 53
33 36 52
34 37 53
34 36 53
33 36 53
33 36 52
31 35 52
33 36 53
33 35 53
33 36 54
34 37 59
33 34 56
35 34 58
36 37 57
35 39 56
36 39 53
37 39 51
36 40 53
36 42 50
36 43 49
35 42 48
35 43 48
34 43 47
33 44 47
31 44 45
31 43 47
31 44 46
31 44 48
31 45 46
30 48 46
31 46 48
33 45 50
31 42 51
30 45 51
29 45 50
30 47 49
30 47 49
30 45 51
32 48 45
32 49 42
31 46 45
34 46 46
33 44 46
34 46 46
32 46 47
32 45 46
32 48 47
31 49 47
32 46 48
32 46 48
32 49 47
34 46 48
34 45 48
33 49 47
35 45 48
35 48 46
35 47 46
38 49 46
37 44 46
37 46 44
37 47 48
38 47 47
36 47 47
39 47 46
37 47 46
38 47 46
39 48 45
39 45 45
40 45 44
39 47 44
38 44 48
38 49 45
39 48 47
36 47 48
37 49 49
37 50 48
36 51 48
38 49 51
38 50 49
39 51 50
38 49 48
37 49 45
37 46 45
38 46 45
35 47 47
35 43 47
33 44 47
35 42 50
34 40 52
34 40 52
33 41 52
33 40 52
32 41 51
32 39 49
32 39 48
32 39 51
30 37 50
33 38 51
32 36 53
33 38 52
33 37 53
32 36 52
32 35 54
31 34 55
32 35 50
30 31 54
31 33 52
31 33 52
28 30 51
30 32 52
30 29 52
30 31 52
32 32 53
30 32 54
30 32 53
31 33 53
31 30 53
30 31 54
29 30 52
30 28 53
28 29 52
30 29 52
29 29 53
29 29 51
29 30 51
30 29 52
31 28 51
31 26 52
29 29 53
29 28 51
29 27 52
29 27 52
29 26 52
28 26 52
29 26 52
28 25 52
30 26 51
30 26 50
29 26 52
30 25 51
26 21 53
29 27 52
30 26 51
30 26 51
29 26 51
27 22 51
29 28 50
31 22 51
29 25 51
29 23 50
30 22 51
29 24 51
29 24 49
29 23 52
28 23 50
28 24 50
30 23 52
29 23 50
28 23 50
28 23 51
29 22 51
29 23 50
30 22 51
30 24 50
28 23 49
30 23 49
29 22 49
30 23 50
30 22 50
30 22 49
30 22 51
30 23 50
29 23 50
30 22 50
29 21 49
30 22 50
30 21 50
30 22 49
29 21 49
30 21 50
30 22 49
30 22 51
30 21 50
30 24 50
30 23 51
30 21 49
29 22 50
30 20 49
30 22 50
29 22 49
31 20 49
28 22 49
30 23 49
30 21 49
28 21 49
30 21 49
29 23 50
29 21 50
29 22 50
29 21 50
31 21 49
30 21 49
29 21 48
30 22 48
30 20 49
30 21 48
30 21 50
29 21 48
29 20 50
28 21 48
31 20 50
29 21 51
30 21 49
30 20 49
30 21 49
29 21 50
30 22 49
29 20 48
29 20 49
30 20 49
31 21 49
29 20 48
30 20 49
30 20 49
29 20 49
30 21 49
30 21 49
29 21 49
30 21 48
30 20 50
29 19 50
29 21 48
30 20 50
30 21 49
30 21 50
30 19 49
30 20 48
30 20 49
30 20 48
30 20 47
30 19 49
29 22 49
30 20 48
29 21 47
29 21 49
29 20 49
30 20 48
30 20 50
29 21 49
31 20 48
30 20 48
30 20 48
31 19 48
31 20 49
29 21 49
31 19 49
29 20 47
31 19 48
30 19 48
29 19 47
29 18 49
31 21 48
29 20 48
30 21 49
31 22 49
30 21 49
30 20 48
28 24 51
30 21 50
29 22 51
30 21 50
31 22 51
29 23 51
30 26 51
31 25 51
31 25 52
32 25 51
31 25 53
32 26 52
31 25 50
31 29 52
31 27 52
31 32 50
33 33 51
34 34 51
35 35 52
35 37 51
36 37 52
34 37 52
37 38 54
35 40 54
35 39 53
35 38 53
34 40 52
36 38 52
34 41 50
35 40 51
35 41 50
36 43 48
36 38 51
34 41 53
34 44 52
35 41 50
34 43 50
35 42 50
35 44 51
35 45 48
34 47 50
34 47 52
36 49 50
35 44 47
36 48 50
37 45 53
33 43 52
33 43 51
33 43 49
33 44 49
32 42 51
31 44 49
31 44 50
32 44 51
29 43 52
29 43 50
27 44 50
28 43 50
29 41 49
29 40 47
33 39 47
34 38 47
35 38 47
37 43 45
37 41 48
38 37 46
40 41 47
39 38 51
40 36 51
39 34 52
39 36 53
40 33 50
39 36 55
38 37 56
38 35 51
38 35 54
39 39 55
37 38 53
38 42 54
37 44 53
39 44 53
37 43 52
36 44 52
36 43 51
36 41 52
36 46 55
38 46 54
37 40 50
37 41 50
36 43 51
37 44 51
37 44 50
35 44 49
35 44 50
36 43 50
36 42 50
36 44 49
36 44 49
35 45 48
35 45 49
36 44 48
36 45 50
35 43 50
37 45 49
37 43 49
35 43 49
36 44 50
35 45 49
35 44 49
34 43 50
35 44 49
35 45 50
35 45 49
35 44 49
36 44 49
36 46 49
36 43 51
35 45 50
36 43 50
35 43 49
36 44 50
35 43 50
34 44 49
35 43 50
35 44 50
35 44 50
35 44 50
35 43 49
35 44 49
35 43 49
36 43 50
36 43 50
35 43 50
35 44 49
34 44 50
35 43 51
34 43 49
35 44 51
34 44 50
35 44 50
35 44 50
35 44 49
36 43 50
35 44 49
35 43 50
35 44 51
35 44 49
35 44 50
36 43 51
35 43 50
35 44 50
36 42 50
36 42 50
37 43 50
34 42 49
35 43 51
34 43 50
35 43 50
34 44 50
34 43 50
34 44 50
34 42 50
35 44 50
35 44 49
34 43 49
35 44 50
35 43 50
35 43 50
35 43 50
35 43 49
35 42 50
35 43 49
35 44 51
35 44 54
35 48 52
37 50 51
40 52 55
40 47 51
41 45 50
