29 45 49
30 45 48
29 45 49
29 45 48
30 45 49
30 45 49
29 45 48
29 44 49
30 44 49
30 45 48
30 46 48
29 45 49
29 44 48
30 45 50
30 45 49
29 44 48
30 45 48
28 46 49
30 44 50
30 45 51
29 43 51
29 45 50
30 44 50
29 45 51
31 45 52
32 46 51
32 43 54
30 42 56
32 39 53
33 41 50
33 42 50
34 41 48
33 44 47
37 43 44
39 43 45
40 42 45
40 45 44
40 44 44
41 46 43
41 48 44
36 48 45
35 48 46
35 47 46
35 49 47
33 47 45
34 48 46
34 49 47
34 52 44
34 49 45
34 50 46
36 50 45
36 48 44
37 51 46
35 51 44
34 51 49
34 49 44
33 52 44
34 51 45
33 51 44
33 51 44
33 49 42
33 51 42
33 52 43
30 53 43
32 52 44
34 52 45
33 52 45
34 52 45
35 51 47
35 50 47
35 49 46
37 48 46
37 47 46
37 46 47
37 46 46
38 46 47
39 45 47
38 43 48
37 42 47
36 43 47
37 43 47
35 42 46
34 44 47
34 44 48
34 45 47
33 45 49
32 42 51
29 41 51
28 42 50
29 42 49
28 40 50
26 41 52
27 39 49
25 39 51
25 40 50
24 39 49
25 39 52
24 38 52
24 37 49
24 37 53
25 35 48
23 35 50
24 35 50
22 35 49
21 35 51
23 34 51
22 34 50
23 34 51
23 34 51
23 32 48
22 33 50
21 34 49
22 32 49
22 33 49
21 33 50
22 33 49
21 31 49
22 32 50
21 31 49
21 32 49
21 32 51
22 31 50
24 31 50
21 31 49
20 31 50
22 32 50
21 29 50
20 32 50
21 31 49
21 31 49
19 31 48
20 30 49
20 31 49
21 31 48
20 30 49
21 31 49
20 31 49
21 31 50
20 31 50
20 30 48
20 31 49
20 30 50
22 31 49
21 29 50
20 30 48
20 29 49
20 30 49
20 29 48
20 31 49
20 31 48
21 30 50
20 29 48
22 30 50
19 30 49
20 30 49
20 30 48
21 30 48
20 28 47
19 28 48
19 30 48
20 29 48
20 29 48
20 30 49
18 31 47
19 30 48
21 30 48
21 29 49
19 29 49
20 30 47
20 30 49
19 30 48
20 28 49
20 29 48
20 30 47
20 29 48
20 29 49
19 29 48
21 30 48
21 30 48
19 30 48
20 30 48
20 29 49
19 30 49
20 29 49
20 30 48
21 30 47
21 29 49
20 29 48
20 29 49
20 30 48
20 30 48
20 29 48
19 30 48
19 29 47
20 30 49
20 30 47
19 30 48
20 30 47
20 31 48
20 29 47
20 31 47
21 32 48
21 31 48
21 33 51
22 32 51
22 35 49
21 36 51
23 34 52
22 34 50
23 35 53
25 35 51
23 36 51
25 36 52
26 39 50
26 39 53
26 39 52
27 39 51
27 40 52
29 41 51
29 41 52
29 41 51
31 42 52
31 40 51
31 42 51
32 42 50
33 42 50
32 42 50
34 43 49
32 44 49
34 43 48
32 42 48
35 42 48
34 42 49
36 43 49
37 40 46
34 44 44
34 44 46
36 42 49
37 42 52
36 43 51
36 44 50
37 47 50
36 47 50
34 45 47
35 46 48
34 47 49
35 47 49
33 49 47
32 49 46
32 50 46
33 49 46
34 50 46
32 48 46
33 50 45
32 49 46
34 50 45
33 50 46
31 49 46
31 51 46
31 50 46
32 49 46
32 49 45
32 47 45
36 47 48
31 50 44
32 49 42
32 49 43
31 49 49
33 48 45
34 49 44
32 48 45
31 49 45
34 49 45
32 51 46
33 49 45
32 48 46
32 52 49
33 48 46
32 46 44
31 48 46
32 49 47
31 48 45
32 47 45
32 50 46
31 48 45
33 47 47
31 48 44
30 47 47
30 47 46
29 47 46
30 50 48
30 49 46
31 50 48
33 50 46
34 47 46
35 48 47
35 43 47
37 42 45
36 39 43
36 38 40
35 40 45
32 38 50
23 46 49
24 43 58
27 39 56
29 40 55
28 41 53
29 43 56
28 40 53
31 39 51
31 40 50
32 39 51
30 39 52
31 40 53
32 41 51
33 43 51
30 42 50
31 42 50
31 42 51
31 41 51
30 41 51
31 42 51
31 42 50
31 42 51
32 43 52
31 42 51
31 42 52
30 42 50
30 41 50
30 42 51
31 42 51
30 42 51
31 41 51
31 42 50
31 41 51
30 41 51
31 42 51
31 41 51
31 42 50
30 41 52
32 42 51
32 42 51
31 43 50
31 41 50
31 41 51
31 42 51
32 42 51
31 42 51
32 42 51
31 42 50
32 42 51
31 42 50
