33 49 43
33 49 43
35 51 42
34 50 42
34 51 43
34 51 42
33 51 42
33 50 42
34 50 42
34 50 43
33 51 42
33 51 43
34 51 43
34 51 43
34 51 42
34 51 43
34 50 43
34 50 43
33 50 43
34 50 42
33 50 43
33 50 43
33 50 43
33 50 43
34 51 43
35 51 42
34 50 43
33 50 44
34 51 44
33 52 43
33 51 44
34 50 43
34 50 43
34 51 44
32 51 43
33 51 44
32 51 43
34 51 43
32 53 44
34 51 43
35 49 44
36 48 43
36 49 44
35 50 44
35 50 44
36 50 43
35 50 44
36 50 45
38 50 44
37 48 44
38 49 45
38 48 45
37 49 46
38 51 46
39 48 45
39 49 46
39 48 47
37 46 46
40 46 46
40 44 45
40 46 46
39 47 47
40 45 47
40 45 47
40 44 48
39 43 47
40 42 48
38 42 49
40 41 48
36 44 49
39 44 49
41 40 48
40 43 49
41 43 49
41 43 48
41 43 49
40 44 50
39 41 50
39 41 51
39 43 52
39 44 51
38 42 51
38 43 52
36 43 52
37 42 53
37 40 52
37 39 50
38 37 50
37 36 51
36 37 50
35 35 51
35 34 51
33 33 50
32 34 52
32 34 52
32 32 52
31 32 52
32 32 52
30 31 52
29 32 52
28 31 53
27 29 54
28 30 52
27 30 51
26 31 53
25 31 52
26 28 52
26 30 52
24 31 51
26 31 53
26 30 51
25 31 51
24 31 52
25 30 51
26 29 53
25 29 51
24 30 51
24 29 51
24 28 50
25 28 51
24 28 50
24 30 51
24 31 51
23 30 50
25 30 50
24 30 51
25 31 51
25 31 50
23 28 51
23 27 51
24 29 50
24 28 51
24 29 50
23 28 52
23 29 51
24 28 51
25 29 50
24 28 51
23 29 51
24 28 51
24 27 51
24 28 51
24 28 50
24 29 52
23 29 51
23 28 51
25 29 51
23 29 51
24 28 51
25 29 52
25 29 51
26 30 50
25 28 51
25 29 52
24 27 51
24 28 51
24 29 51
25 28 51
24 27 52
25 28 51
25 29 51
24 28 52
26 28 52
25 29 52
26 29 51
26 30 52
28 31 53
29 31 52
29 30 53
30 32 51
32 34 52
31 34 52
33 34 53
34 35 52
32 34 52
35 36 53
35 37 53
37 35 51
38 36 52
37 38 51
39 39 50
38 38 51
40 40 51
39 40 51
40 40 51
40 39 52
39 39 52
39 41 51
40 40 52
39 41 52
41 39 50
40 40 50
39 42 51
41 40 49
41 41 50
40 40 49
41 41 49
41 41 49
40 42 51
42 41 49
41 43 57
41 41 48
41 43 49
42 41 50
41 40 49
42 42 49
41 38 50
40 42 50
40 41 49
40 40 50
41 41 49
40 40 48
40 40 50
40 41 48
40 41 49
39 41 49
39 41 50
41 40 48
40 41 50
40 42 48
41 43 49
39 44 48
40 46 48
38 46 46
37 46 46
37 48 46
37 50 46
36 50 46
35 49 44
36 50 45
34 51 44
34 53 46
33 53 46
32 49 42
34 49 44
32 50 44
33 51 44
35 51 44
34 48 43
34 50 44
34 49 43
34 49 44
33 51 44
34 50 44
35 49 44
34 51 43
34 50 43
34 51 44
35 50 44
34 50 44
34 50 43
35 49 43
34 51 43
35 51 44
35 51 44
34 50 44
33 51 43
34 49 43
33 51 43
35 50 44
34 51 44
35 51 45
33 51 44
35 49 43
34 51 43
35 49 44
34 49 45
34 50 43
34 50 44
34 50 44
35 49 44
33 51 44
34 49 44
33 50 44
35 51 43
35 50 44
33 50 43
34 50 44
34 50 44
34 50 43
34 50 44
34 51 43
34 50 43
34 50 44
34 50 44
35 49 44
34 50 44
34 49 44
34 50 44
34 50 44
34 50 45
34 51 43
35 49 44
34 50 44
34 50 45
34 49 43
33 49 44
35 50 44
34 49 44
35 50 43
34 49 43
35 49 45
33 50 43
34 49 44
33 49 44
34 50 44
34 51 44
35 49 44
34 50 43
34 50 44
34 51 44
33 50 43
34 50 44
34 50 44
34 50 44
34 50 44
33 50 43
33 50 44
34 50 43
34 50 43
35 51 43
35 50 44
33 49 44
35 50 44
34 49 43
35 50 45
34 49 43
33 49 45
34 50 43
34 51 44
33 50 44
33 50 43
33 50 45
35 49 43
34 50 44
33 50 43
34 49 44
34 50 43
34 50 44
34 49 43
34 49 44
33 50 44
33 51 43
34 50 45
34 49 44
33 51 43
33 50 44
