34 51 43
34 51 43
34 51 43
35 50 41
35 50 43
34 51 43
33 51 42
35 50 43
35 50 43
34 50 42
35 50 43
35 50 43
34 51 43
34 51 43
33 51 43
34 50 43
33 50 42
35 52 44
34 50 43
35 51 44
33 50 43
34 49 44
34 51 43
34 50 43
34 49 42
35 51 42
34 51 43
34 50 43
34 50 43
35 51 42
34 50 43
34 50 43
34 50 42
35 50 43
34 50 44
35 50 44
34 51 43
35 50 43
35 50 43
34 51 42
35 50 43
34 50 44
34 50 44
34 49 43
34 50 43
34 48 43
34 50 44
35 49 45
33 50 44
34 49 44
34 48 45
35 49 45
33 48 45
33 49 45
33 50 47
34 50 46
34 49 45
35 49 46
35 48 45
34 49 45
35 48 44
34 48 46
33 49 46
33 48 45
32 49 46
34 49 46
34 49 46
34 49 46
33 48 46
32 49 46
32 47 46
32 48 46
32 49 47
33 49 46
33 49 46
32 51 47
32 50 46
32 50 45
34 49 46
34 49 45
34 48 46
36 48 47
35 48 48
36 47 47
36 47 46
35 46 47
35 46 47
35 46 47
35 46 48
36 45 49
36 47 49
37 46 48
38 46 49
38 44 48
37 45 48
38 44 49
40 44 49
40 44 50
41 44 51
42 43 51
40 45 49
40 42 48
41 42 48
40 41 47
40 40 47
39 39 46
38 39 47
38 40 49
39 40 48
37 42 49
39 42 49
37 43 49
39 44 50
39 43 49
40 43 50
41 43 49
40 43 49
40 46 49
40 43 48
40 42 46
38 44 50
41 44 50
39 42 50
39 42 50
38 42 51
40 45 51
39 42 51
39 42 50
39 42 50
39 42 51
40 42 52
39 42 50
38 42 51
37 42 51
37 42 51
35 41 52
35 40 53
36 39 52
35 39 53
33 39 52
33 38 52
34 38 53
34 36 53
34 36 52
34 37 51
33 36 53
32 35 52
31 34 51
31 33 51
30 34 52
29 32 51
29 33 52
29 33 53
28 31 51
28 32 52
27 32 52
26 31 52
26 32 52
26 32 52
25 31 51
25 32 52
26 32 52
25 31 52
26 30 52
24 31 52
24 31 52
25 30 52
25 31 51
24 31 51
24 31 52
23 31 52
24 31 51
24 31 51
24 30 51
24 29 50
23 32 52
22 32 51
25 32 50
22 31 50
24 30 52
24 31 51
23 31 51
24 31 50
24 30 51
24 31 50
23 31 51
23 31 52
23 32 51
23 32 50
23 31 51
23 30 51
22 30 51
23 30 50
22 30 50
22 31 51
23 30 51
23 30 50
23 30 51
22 32 50
23 30 51
23 32 50
22 31 50
23 30 51
23 31 51
23 30 50
23 31 50
23 31 50
23 31 50
21 30 50
23 31 51
23 31 52
22 30 51
24 31 51
23 30 50
23 31 51
24 31 51
22 30 51
22 31 50
22 31 51
25 31 51
23 31 51
23 31 51
24 30 50
24 32 50
22 30 51
23 30 51
23 32 50
23 31 51
24 31 51
24 31 49
24 31 51
24 30 49
24 31 50
24 31 50
24 30 51
23 31 51
24 31 50
24 29 52
23 31 51
23 32 51
24 31 52
25 31 51
25 32 52
25 32 50
26 31 52
25 32 52
26 32 51
28 33 52
28 32 52
28 33 53
28 34 52
29 34 52
29 34 52
31 34 52
33 35 52
33 35 51
34 36 52
36 36 52
37 38 52
37 38 51
39 38 51
39 38 51
40 39 50
40 38 51
39 40 50
40 39 51
41 39 52
41 40 51
42 40 51
39 39 50
41 41 51
42 40 50
40 41 50
41 41 50
41 47 55
41 41 51
42 41 51
42 41 49
44 41 48
43 41 48
42 40 50
40 39 50
41 40 51
41 40 49
42 40 49
42 41 49
43 41 49
41 40 49
42 39 48
42 40 48
42 38 49
42 40 49
41 40 50
42 40 48
41 40 49
42 41 50
42 40 50
43 41 49
42 41 48
42 44 48
40 45 47
38 44 47
40 45 48
38 45 48
38 46 49
37 45 50
36 44 50
38 44 49
37 44 49
38 42 50
37 42 48
37 43 47
37 43 47
37 44 48
37 46 47
35 50 44
34 51 42
33 60 46
33 52 42
34 50 41
34 51 43
35 50 45
35 48 45
33 50 45
34 50 44
33 50 44
34 50 44
34 50 44
34 50 46
32 49 45
35 51 45
33 50 44
34 49 44
33 49 44
33 49 44
34 49 45
34 51 43
33 50 44
34 51 44
33 51 44
34 50 44
34 50 43
33 50 44
33 50 44
35 50 44
33 50 44
33 49 44
33 49 44
34 49 44
34 49 44
33 49 45
35 48 44
32 50 45
33 51 45
34 50 44
35 49 44
33 49 44
35 50 45
34 49 44
34 48 44
34 50 45
34 49 45
33 50 44
33 49 45
33 51 44
33 50 45
34 50 44
34 49 45
35 49 45
33 48 45
34 49 45
34 49 45
34 49 44
33 49 45
35 49 44
33 48 45
34 49 46
35 50 45
33 49 45
34 49 46
34 49 45
34 50 45
33 49 45
33 49 45
34 49 45
33 50 46
33 49 45
33 49 45
34 49 44
33 48 44
32 49 46
33 49 45
34 47 45
34 49 45
33 49 46
34 50 45
33 49 45
32 49 46
33 48 45
32 48 45
33 49 45
33 49 44
33 50 44
34 49 45
33 49 45
33 49 45
33 49 45
33 49 45
33 48 45
35 49 45
34 50 44
33 50 45
34 48 45
33 48 45
33 49 45
33 49 44
32 49 44
33 50 44
33 48 45
32 50 46
33 49 45
33 49 45
34 50 45
33 49 45
32 49 45
33 49 45
