29 34 52
29 34 52
30 35 53
31 35 52
31 34 53
30 36 52
31 35 53
30 34 54
31 35 52
31 35 53
30 35 53
31 36 53
29 34 54
30 35 52
31 35 52
30 34 52
30 35 53
30 35 53
29 35 53
30 34 53
30 35 52
30 35 52
30 34 53
30 35 53
30 36 53
30 36 52
30 36 53
30 36 53
31 36 52
30 36 52
31 35 53
31 36 52
31 35 52
31 35 53
31 35 53
30 35 53
30 36 54
31 36 52
31 35 53
29 34 53
30 34 53
29 35 53
31 35 53
30 35 53
29 36 53
30 36 52
30 34 53
31 35 53
30 35 52
30 36 53
31 34 54
29 35 53
31 36 53
29 36 53
30 35 53
31 35 52
30 35 53
30 34 53
30 35 52
31 35 52
29 35 53
31 35 54
30 36 52
29 36 52
30 34 53
30 35 52
29 35 53
30 34 52
30 35 53
29 35 53
30 35 53
30 34 53
29 35 53
32 36 54
30 34 53
29 36 55
31 36 56
32 40 54
31 39 53
34 39 52
35 40 53
35 37 53
35 38 52
34 37 53
36 40 55
35 38 53
35 37 52
35 37 52
34 37 52
36 35 50
35 34 51
36 36 49
35 37 50
35 38 49
35 39 49
34 40 50
34 41 49
35 41 50
35 41 51
35 41 51
35 41 50
36 41 49
36 41 49
35 42 51
35 43 50
34 45 51
36 46 51
36 44 50
35 44 50
34 44 49
35 44 50
35 46 53
34 44 52
36 46 49
36 46 49
36 43 49
37 43 50
36 43 49
38 43 50
38 43 48
39 42 49
40 42 49
40 43 47
41 43 48
41 43 49
41 42 49
40 42 49
40 41 49
39 40 49
39 38 49
38 38 50
39 36 49
39 37 51
39 35 51
38 37 52
38 37 52
37 36 53
37 36 53
36 35 54
36 36 53
37 35 53
36 35 53
35 36 53
34 35 54
35 35 52
36 35 52
35 35 51
35 34 53
34 34 51
34 32 54
34 32 52
32 31 52
34 31 52
34 29 52
32 29 53
33 30 53
33 27 54
31 29 54
31 28 54
32 28 53
31 28 52
30 26 53
30 25 52
30 24 51
30 24 50
29 23 51
30 25 51
29 24 51
29 24 51
27 24 51
28 24 50
28 23 52
29 24 51
29 23 51
29 24 50
28 21 50
29 22 49
29 22 49
30 23 49
29 21 49
28 20 50
29 20 49
29 20 49
28 21 49
28 21 48
27 21 48
30 21 50
27 19 49
29 20 49
29 20 48
28 19 47
28 19 48
28 20 48
28 20 47
28 20 49
29 18 47
29 19 47
29 19 49
29 19 48
28 19 47
27 19 48
27 21 48
29 20 47
28 18 48
29 19 48
27 19 49
28 18 48
28 19 48
30 19 47
28 19 48
28 20 47
29 20 47
28 19 47
29 20 47
29 20 48
29 21 49
31 21 49
28 22 49
30 22 50
30 21 50
29 21 50
29 22 50
30 21 49
30 22 49
30 23 50
30 23 51
30 23 51
30 23 51
30 24 51
31 25 52
32 27 51
32 28 51
31 28 51
33 29 53
34 30 54
34 33 53
33 32 54
35 32 53
36 37 53
35 36 53
35 38 53
34 38 53
35 39 52
36 39 51
37 38 51
35 40 51
37 42 50
36 42 49
37 44 49
37 43 49
37 43 49
36 43 50
36 43 48
34 48 56
37 47 49
36 47 50
36 43 49
35 44 49
35 43 50
36 42 50
34 43 49
35 46 49
34 45 49
34 45 49
34 43 50
36 43 50
34 42 50
33 43 49
33 43 49
33 44 47
35 44 48
36 45 50
35 46 51
35 46 50
36 46 50
35 43 50
36 45 50
36 43 50
35 43 50
35 43 49
35 41 51
36 41 51
34 41 52
36 40 50
35 40 50
35 39 49
35 38 49
35 38 49
37 39 50
36 38 50
36 37 51
35 38 52
36 39 52
37 38 53
35 38 52
35 38 52
35 38 52
37 38 53
37 40 53
36 39 53
37 40 57
36 38 52
35 41 51
37 39 51
37 40 51
37 39 51
37 41 51
37 39 52
36 38 51
37 39 51
34 40 51
36 39 53
37 39 51
37 39 52
38 39 52
36 38 52
37 38 52
36 38 52
35 38 51
35 39 51
36 39 52
36 40 50
37 41 52
37 39 51
36 40 52
36 40 51
36 39 51
35 39 51
36 41 52
36 40 51
35 40 51
35 40 52
36 40 51
36 39 52
36 40 51
35 39 53
35 39 51
35 40 51
35 40 51
34 40 50
35 41 51
35 40 52
36 41 50
37 41 50
36 40 50
36 40 51
36 41 51
36 38 52
36 41 52
36 40 52
35 39 53
34 39 53
34 37 52
34 38 53
33 37 54
33 37 52
33 37 53
34 36 53
34 36 52
34 37 52
35 38 52
36 40 52
32 39 51
32 34 53
32 41 50
34 40 50
33 39 51
32 41 52
31 38 54
32 38 51
31 38 55
32 46 53
31 37 52
33 41 50
33 42 50
33 42 51
33 41 52
31 42 50
31 43 51
33 40 51
33 42 50
32 41 50
32 42 51
33 42 50
32 44 51
32 42 51
32 40 51
33 41 50
33 42 50
33 42 51
33 42 51
33 43 51
32 42 51
33 42 50
33 42 50
31 41 51
32 43 50
33 42 51
32 42 51
33 43 52
32 42 51
32 42 51
33 41 50
32 42 51
32 41 51
32 42 50
32 41 51
32 41 51
33 42 50
34 40 50
32 43 51
32 42 51
32 42 51
33 43 50
34 42 51
33 43 50
34 42 50
33 41 51
32 40 50
32 42 51
33 42 51
33 42 51
32 41 51
32 43 51
32 41 50
33 42 51
32 42 51
