22 53 39
22 53 39
23 53 39
24 53 40
25 52 41
26 50 42
27 52 42
29 49 43
30 48 44
31 49 45
32 47 47
34 47 47
36 45 47
37 44 49
38 44 48
40 42 48
42 43 48
41 41 46
43 41 46
43 43 47
41 39 46
40 43 47
41 43 49
41 44 49
42 44 49
41 45 49
41 45 48
40 44 49
39 44 47
40 45 48
42 44 48
40 43 47
38 43 47
39 43 47
37 42 45
36 41 47
35 40 48
34 39 48
34 39 51
33 38 50
34 39 50
33 37 51
30 38 51
33 39 52
35 38 52
36 39 52
34 42 50
33 40 52
33 41 52
31 40 51
30 44 49
32 42 51
31 41 51
32 40 48
32 40 53
33 36 52
35 39 51
32 42 52
32 43 49
30 42 50
34 38 52
32 41 52
33 40 53
33 40 52
33 36 54
33 37 54
32 37 52
34 42 49
32 39 51
33 33 55
34 30 52
34 37 49
34 37 52
36 40 52
36 39 53
35 39 53
36 33 50
36 36 52
38 32 51
34 31 52
35 33 50
35 35 50
37 39 50
36 39 49
37 40 54
36 38 52
37 37 52
34 39 52
34 37 50
34 39 51
33 36 52
32 39 50
35 38 47
33 41 47
31 46 46
30 44 47
31 50 48
34 47 49
33 49 51
33 50 53
34 48 53
34 46 51
35 43 51
34 45 48
32 44 46
32 42 45
32 44 49
31 44 47
31 45 48
30 45 49
29 45 49
29 45 50
28 45 50
30 46 47
28 45 49
26 46 52
27 49 54
27 50 54
29 50 56
28 50 54
29 49 51
31 47 49
32 45 48
33 43 49
34 43 48
36 40 48
38 39 48
39 38 48
39 37 48
41 36 43
38 36 47
40 35 48
38 35 45
39 36 48
39 34 50
40 35 47
38 35 51
39 33 50
38 35 50
38 35 52
39 34 52
36 35 51
36 33 54
33 33 53
33 34 54
34 33 54
32 33 53
31 33 53
29 34 54
30 34 54
30 34 53
29 33 53
29 33 54
28 33 53
29 32 53
29 33 53
28 34 53
27 33 53
28 34 53
28 32 52
27 33 52
29 31 52
26 34 52
28 33 53
26 32 52
25 34 52
26 33 51
25 32 52
26 33 52
25 33 52
25 32 53
24 32 52
24 30 52
25 31 52
26 31 52
26 33 51
25 31 51
24 32 51
25 30 53
25 30 51
24 31 52
25 30 51
26 31 50
25 31 51
25 31 51
26 30 51
23 29 50
24 29 51
26 29 51
25 31 51
24 30 49
25 29 50
24 29 51
25 30 52
24 28 51
23 28 51
24 28 50
24 28 52
25 28 50
24 29 51
24 29 51
24 29 51
25 29 50
24 28 51
24 30 50
25 28 50
25 29 51
25 29 50
25 28 51
24 28 51
26 29 51
25 29 50
25 29 51
25 29 51
25 29 51
24 29 50
25 28 50
24 28 52
25 29 51
26 28 51
26 28 50
25 28 51
26 27 51
25 28 51
24 28 51
25 30 51
25 29 51
23 27 51
24 28 52
25 28 51
25 29 51
25 28 52
26 27 51
24 30 51
26 29 51
24 28 51
24 28 50
26 27 52
25 29 51
24 28 50
25 29 50
25 27 51
25 28 50
25 28 51
24 28 51
25 29 52
24 28 52
25 27 51
23 28 51
24 28 50
26 29 51
24 29 51
25 28 51
24 27 50
26 28 51
25 27 52
25 28 52
24 28 51
24 28 51
25 28 51
24 29 51
25 27 51
26 29 51
25 28 50
24 29 50
24 28 51
25 28 51
25 29 51
24 28 51
24 28 52
23 29 50
25 28 50
24 28 51
25 28 51
24 29 51
25 28 51
25 28 51
24 29 50
25 29 51
24 27 51
25 28 51
23 28 51
24 28 51
25 28 51
24 27 51
25 28 51
24 28 50
25 27 50
25 27 51
24 29 50
25 28 51
24 28 52
24 29 50
25 28 51
24 28 52
24 27 50
25 28 51
25 27 52
24 28 51
25 29 51
25 28 52
24 28 50
24 28 52
25 28 50
25 28 51
26 28 50
26 28 50
25 27 51
24 28 50
25 29 51
24 27 50
23 28 51
24 27 51
24 28 51
26 28 51
25 29 51
24 28 51
24 28 50
25 28 51
25 27 50
24 28 50
23 28 51
25 28 51
24 27 50
24 27 50
24 28 52
24 30 51
24 28 51
25 27 51
25 28 51
24 28 51
25 28 50
24 29 51
24 28 51
24 27 51
25 28 51
25 28 50
24 28 51
25 29 53
24 29 51
25 29 51
25 29 53
25 30 51
26 30 51
27 30 51
28 32 51
27 30 52
27 31 54
27 31 54
27 31 55
28 32 54
29 34 55
32 34 55
32 35 54
35 36 53
34 38 52
35 38 52
34 37 51
35 38 52
38 36 50
35 38 48
37 37 48
38 35 49
38 36 47
40 36 49
39 37 46
40 41 48
40 39 49
40 39 48
39 41 47
40 42 49
40 40 48
38 42 48
37 41 50
36 42 49
35 42 51
35 42 51
34 42 52
33 42 50
34 42 51
33 43 50
32 43 51
32 42 52
32 43 53
30 43 50
31 44 53
31 42 51
30 44 51
30 42 52
30 42 51
31 42 50
29 43 50
31 40 50
30 41 50
31 42 49
31 41 49
30 44 50
29 46 51
30 47 50
29 46 51
31 44 50
29 41 49
30 39 49
30 43 50
27 42 49
30 42 50
28 43 50
29 41 46
29 44 49
32 43 49
34 44 49
33 49 49
35 48 50
34 50 45
36 49 48
36 49 46
36 49 43
33 51 42
33 50 41
34 51 41
32 51 40
32 52 42
32 49 42
31 52 41
31 50 41
32 51 40
31 51 41
31 51 42
32 52 42
34 51 40
33 50 40
34 51 40
32 49 36
32 53 41
33 51 42
35 51 41
34 52 41
34 52 39
33 54 41
32 51 40
34 51 40
34 51 41
34 52 43
35 51 42
34 50 42
32 51 41
35 49 42
34 50 42
34 50 43
34 51 42
35 49 44
37 47 45
35 52 47
36 46 47
36 45 47
38 37 47
36 43 48
34 44 49
37 40 48
35 45 49
36 43 49
37 37 53
37 41 52
38 41 52
36 45 51
35 41 49
37 41 49
37 41 50
35 43 51
34 43 50
37 42 50
36 42 49
34 42 48
35 40 50
37 39 47
38 39 48
38 41 49
37 43 48
34 47 50
36 45 50
34 44 50
33 44 51
34 42 51
33 43 53
36 38 51
37 41 52
35 41 51
35 37 55
36 38 52
36 41 51
36 34 53
33 35 49
34 38 53
36 36 52
37 33 54
36 32 53
35 34 55
34 32 52
36 33 53
34 33 51
33 34 52
35 36 50
32 32 51
40 25 59
30 37 57
32 37 54
34 35 50
33 36 51
33 35 54
30 34 54
30 37 53
30 37 53
28 32 55
26 32 54
25 34 53
29 35 52
28 37 51
30 37 49
33 38 49
33 37 47
36 36 46
36 37 47
38 38 46
41 36 44
42 36 45
43 35 47
41 36 46
44 37 47
42 38 50
43 41 51
43 40 51
38 44 52
38 48 50
38 51 50
38 50 51
40 50 49
41 49 48
38 52 48
37 47 44
34 52 48
35 56 47
38 48 45
36 49 46
36 48 43
35 49 45
35 49 45
36 47 43
34 50 44
34 48 45
35 47 45
35 47 44
35 49 44
35 51 44
35 50 43
35 50 44
35 50 43
34 50 42
35 50 43
35 50 44
34 50 44
35 51 44
34 49 43
35 50 44
36 50 44
35 49 43
37 50 43
35 48 43
36 50 43
36 49 44
