30 41 51
31 42 50
31 44 50
31 42 50
32 42 51
30 41 51
31 42 52
29 42 51
31 42 51
31 42 51
31 42 51
31 41 50
31 42 51
32 42 51
32 43 51
30 42 50
32 42 51
32 43 51
31 42 51
30 41 51
32 42 51
32 42 50
31 42 50
31 43 50
31 41 50
31 42 51
32 43 51
31 42 50
32 42 50
32 42 51
32 42 51
30 43 50
31 44 51
32 43 50
31 42 51
32 43 50
33 41 51
31 43 50
32 42 51
32 42 50
33 43 50
32 42 50
31 42 51
32 42 50
31 43 51
32 42 51
32 43 50
31 43 51
31 43 51
31 42 50
30 42 50
31 43 50
32 41 50
33 44 51
31 43 51
31 44 50
32 42 50
32 42 50
31 43 51
31 43 52
32 42 51
32 42 51
32 43 51
33 44 51
32 43 50
32 43 51
31 43 51
31 42 50
31 43 50
31 43 51
32 43 51
31 42 50
33 43 51
33 43 52
31 42 50
31 43 50
31 42 51
31 44 51
32 43 50
32 42 51
32 43 51
30 43 51
31 42 51
30 42 50
33 43 51
32 43 51
32 43 51
32 43 51
32 42 51
32 42 50
31 42 51
32 40 51
30 43 52
29 43 54
30 41 51
31 47 50
31 47 51
31 46 51
34 46 53
35 47 54
38 45 52
37 46 51
40 45 50
37 44 48
39 45 47
40 43 46
40 44 44
39 44 44
40 42 45
39 45 46
38 41 45
37 44 46
38 43 47
37 41 47
37 42 52
36 46 49
39 48 48
40 47 50
44 44 51
41 46 51
39 46 50
39 46 49
40 44 50
40 41 49
39 42 49
40 42 49
40 42 50
40 41 51
40 40 50
39 42 50
39 42 51
39 41 50
40 39 51
41 38 50
41 39 50
41 37 50
39 37 51
39 39 52
39 36 51
38 37 52
38 38 52
38 36 51
39 36 51
39 36 52
37 35 53
36 34 51
36 35 52
35 34 53
35 33 53
35 33 52
34 33 52
35 32 52
33 33 52
34 32 52
33 32 54
34 31 54
34 32 53
35 32 54
34 34 54
33 32 54
34 31 53
33 30 53
32 32 53
33 32 52
33 31 53
34 31 53
32 31 53
32 30 53
32 30 53
32 32 54
32 30 52
31 29 52
31 29 52
32 30 51
30 30 53
31 29 53
32 29 53
31 30 53
33 29 52
32 29 52
31 30 52
30 30 53
31 30 53
31 30 52
31 29 53
30 29 52
31 29 52
31 29 52
31 29 52
30 29 52
31 28 51
31 28 52
31 30 53
31 29 52
30 30 53
30 30 53
30 29 52
31 29 52
30 29 52
29 29 52
31 28 52
31 29 52
31 31 52
33 31 51
32 32 52
33 33 53
33 32 52
31 32 54
33 34 55
33 34 52
32 35 52
33 34 53
33 35 52
34 36 52
34 36 52
34 36 51
36 37 50
37 36 50
39 39 50
38 40 50
39 38 51
39 40 50
42 41 50
40 41 53
41 40 52
40 41 52
40 42 51
38 42 50
40 44 51
39 42 51
41 42 52
40 43 50
40 43 49
40 45 48
39 42 51
41 44 48
39 44 49
40 44 48
39 44 46
40 43 47
39 43 48
39 44 47
39 44 49
40 45 50
40 43 47
42 44 48
40 42 48
39 44 48
40 45 47
40 44 48
43 50 50
45 46 45
41 43 48
38 44 49
37 43 48
37 39 46
37 36 44
37 39 46
38 42 47
36 45 48
37 42 47
39 45 50
39 43 51
38 45 49
38 45 52
36 43 53
37 44 51
36 44 52
34 44 52
35 43 52
34 42 50
32 43 49
32 40 50
31 42 49
29 40 48
29 40 47
30 46 51
27 47 62
29 40 58
30 42 50
29 42 48
31 41 48
30 41 51
30 41 51
29 41 49
29 41 51
30 43 51
29 41 51
29 42 50
28 42 50
28 42 50
29 41 51
29 42 50
29 43 49
29 42 52
28 41 50
29 42 51
28 43 51
30 43 50
28 43 51
28 42 51
29 42 51
29 42 50
29 43 50
29 44 50
29 44 50
28 43 50
29 43 50
30 42 50
28 42 49
29 42 51
29 43 50
29 43 51
29 43 51
28 43 51
29 41 51
30 42 49
28 43 50
28 43 50
30 43 50
29 43 50
29 42 50
29 43 51
29 43 51
27 43 51
27 43 51
29 42 49
29 43 50
28 44 50
28 42 50
28 42 51
28 40 49
29 42 49
28 42 50
29 43 50
29 43 50
28 42 50
28 42 51
28 41 50
29 42 50
30 42 50
28 42 50
29 42 51
29 43 51
29 42 51
29 42 50
28 42 49
28 42 48
29 43 49
29 44 51
30 44 52
27 44 50
29 43 50
28 42 49
29 41 50
27 41 49
28 42 49
30 42 49
32 45 48
30 44 49
29 42 49
30 43 50
30 43 51
31 44 51
31 43 50
31 44 51
31 42 50
31 42 50
30 43 49
32 43 49
31 43 49
32 45 50
32 46 51
32 45 51
30 42 51
32 44 51
31 45 50
31 44 50
32 44 50
32 44 49
33 46 49
32 45 49
32 44 49
31 44 50
32 43 50
32 43 49
33 44 50
32 44 49
32 44 49
32 44 50
