28 41 50
30 41 50
30 42 50
30 42 52
30 41 52
30 41 50
29 40 50
30 41 50
29 41 51
30 42 51
30 41 51
29 40 51
29 41 51
29 42 51
29 42 50
30 42 50
29 41 50
30 41 51
31 42 50
29 42 50
28 42 50
29 42 50
30 42 50
29 42 51
30 43 51
30 43 49
30 42 49
30 42 50
30 41 50
29 42 50
30 41 50
30 41 50
30 41 50
30 41 50
29 42 51
29 43 50
30 42 52
30 40 51
30 41 51
30 41 52
30 42 51
29 40 51
30 40 51
29 41 52
30 42 51
29 40 51
28 42 51
28 42 51
29 41 50
29 42 50
30 42 51
29 41 51
30 41 51
30 42 52
29 42 51
31 41 51
29 42 51
29 41 50
30 41 52
29 42 51
30 41 51
30 41 51
31 41 51
31 41 50
29 41 50
31 43 51
31 45 51
32 45 50
32 45 52
34 44 53
33 43 52
32 42 54
30 39 53
31 38 55
31 39 56
32 38 55
35 39 55
33 38 55
34 38 53
36 37 53
35 36 52
37 36 51
37 37 50
36 39 50
35 40 49
35 41 48
34 40 50
32 41 49
32 40 48
31 40 48
30 41 47
30 41 48
27 41 47
30 42 48
29 43 51
29 42 48
28 47 48
28 49 48
30 47 47
30 47 48
30 47 48
32 46 47
32 48 47
33 50 46
32 49 45
32 49 46
33 50 45
32 50 47
33 51 47
33 51 47
32 50 45
32 50 44
30 49 44
31 48 44
32 47 45
33 47 44
33 46 44
34 48 47
33 48 47
33 47 47
33 50 47
32 50 46
33 50 45
33 50 44
34 51 45
33 50 45
34 50 44
33 50 46
36 49 47
35 50 45
35 49 47
35 48 47
35 48 46
34 48 45
35 47 45
34 50 44
36 50 46
35 49 47
36 47 47
35 47 47
34 47 48
35 46 49
33 45 48
34 46 49
33 44 49
34 42 50
36 42 50
32 39 49
30 38 49
31 38 50
31 40 49
29 39 51
28 38 51
29 37 51
30 36 51
28 38 52
27 35 51
27 36 51
28 33 51
26 34 51
24 34 51
24 33 50
24 34 51
23 33 51
23 31 52
24 33 51
25 33 51
23 29 52
24 30 51
25 32 50
26 31 52
26 30 52
24 30 51
24 28 50
23 28 49
24 29 51
23 26 50
24 27 51
23 26 50
23 28 50
24 25 50
25 26 50
24 25 50
23 27 49
24 25 50
23 27 50
23 26 50
22 26 50
22 27 49
24 25 48
22 25 49
22 26 50
23 24 48
23 25 49
24 26 49
24 25 50
23 24 47
22 27 49
23 24 47
23 25 48
24 24 48
23 25 49
24 25 50
23 23 49
23 25 49
22 25 49
22 25 49
24 24 48
22 24 47
23 25 48
23 23 48
23 24 49
24 23 48
23 25 48
23 25 49
22 24 48
23 24 48
24 24 49
23 25 49
21 24 48
23 24 49
22 24 49
23 25 49
23 24 49
23 24 49
22 24 48
24 24 49
23 23 48
24 24 48
23 23 48
22 24 47
23 22 49
23 23 48
24 24 48
24 24 49
23 24 49
22 23 49
22 24 49
23 24 47
23 22 49
22 23 47
23 23 48
24 22 47
23 24 47
23 24 49
23 22 49
23 24 47
24 22 48
22 24 48
23 22 47
23 24 49
23 22 48
23 23 48
23 24 48
22 23 47
22 24 48
23 22 48
23 22 48
22 23 48
24 22 47
22 24 48
23 22 49
23 23 48
24 24 49
24 24 49
21 25 48
24 24 48
23 22 49
22 23 48
21 24 49
23 24 48
22 23 48
21 23 48
23 23 48
23 23 47
22 23 48
23 22 48
22 23 48
22 24 48
21 23 47
22 22 48
23 24 47
22 23 49
23 24 48
23 24 47
22 23 48
23 22 48
22 21 47
23 23 48
23 21 47
22 23 47
23 23 47
22 23 47
22 24 48
24 23 48
22 23 48
22 23 47
23 23 48
22 23 47
21 23 46
22 22 47
21 24 47
22 22 48
24 23 48
23 23 47
23 22 48
23 23 49
22 25 48
23 24 48
22 24 49
22 24 47
23 24 47
22 25 47
23 26 49
24 28 49
24 28 50
24 30 52
25 32 53
24 33 52
25 31 53
24 34 54
25 32 53
27 32 52
26 35 53
29 34 51
29 35 52
29 36 52
31 39 50
34 40 50
34 39 48
33 40 50
33 40 49
34 41 51
33 41 51
35 41 51
34 44 50
32 42 50
35 43 50
34 44 50
35 46 49
34 47 48
34 45 48
34 45 49
34 49 47
32 48 49
34 48 48
32 50 46
33 49 46
34 47 45
33 49 45
34 49 44
34 50 44
36 45 48
34 50 45
35 52 44
35 52 48
34 50 43
35 49 44
34 49 45
35 48 44
35 48 43
35 49 44
36 50 43
35 50 44
36 50 46
35 49 45
39 50 44
37 50 44
34 50 44
34 48 46
35 50 45
34 49 43
33 49 46
32 51 45
31 50 45
30 49 48
29 49 45
27 48 47
28 46 46
28 48 47
30 45 46
29 46 48
30 46 47
32 43 48
31 42 49
33 40 49
34 38 50
33 39 52
34 37 51
36 35 50
37 36 51
36 34 53
35 35 52
34 35 53
33 36 53
32 35 53
32 37 53
33 37 52
32 37 53
32 38 54
33 39 53
32 38 53
33 37 54
33 38 56
33 43 52
32 38 51
34 36 52
35 37 53
35 36 51
37 34 52
35 34 56
32 36 58
29 35 52
29 38 50
31 39 52
31 40 51
29 44 53
27 40 52
29 37 52
31 36 53
30 36 52
29 38 51
31 40 52
32 39 52
30 39 52
30 38 52
29 38 51
30 39 52
31 39 53
29 38 51
30 39 51
31 40 52
29 40 52
31 39 52
30 38 51
30 40 52
30 37 52
29 38 52
30 39 52
29 38 52
30 39 51
29 38 52
30 39 52
30 38 52
30 39 51
31 39 52
30 38 52
29 38 52
29 39 53
31 39 52
31 39 52
30 38 51
29 39 52
29 38 53
30 40 52
31 39 52
30 39 52
30 39 52
30 38 53
31 38 52
30 39 50
29 38 52
31 39 52
30 39 52
30 38 51
30 40 52
31 39 52
29 38 52
31 39 52
30 38 52
31 40 52
29 39 52
31 38 52
30 39 51
30 40 52
30 39 51
30 39 53
30 39 51
29 38 52
