32 41 52
31 41 52
31 40 51
31 41 50
31 42 51
32 41 51
32 40 52
31 41 50
31 40 51
31 42 51
31 41 52
31 41 52
31 41 51
31 42 52
31 40 51
32 40 51
31 41 51
31 41 52
31 42 51
31 41 50
31 41 51
31 41 52
31 40 51
31 42 51
31 40 51
32 41 51
31 41 51
31 40 51
31 40 51
32 40 52
32 42 51
31 41 52
32 41 51
32 41 51
33 41 51
32 41 51
31 42 51
31 41 51
30 40 50
32 41 52
32 42 51
31 42 52
31 42 52
31 41 52
31 41 52
31 41 52
32 40 52
32 42 51
31 42 51
31 42 52
31 40 51
31 40 51
32 41 51
32 40 51
32 40 51
32 41 52
32 42 52
31 41 51
32 40 51
30 40 51
31 41 51
31 41 52
31 41 52
32 40 52
32 40 52
33 39 51
31 41 52
30 41 53
30 42 54
32 41 54
30 43 54
32 42 54
34 40 54
33 41 54
33 41 52
35 41 51
35 41 50
35 42 47
36 41 50
37 42 48
38 42 46
38 44 45
38 43 45
39 45 45
37 46 45
37 44 45
38 44 45
36 43 44
35 53 45
35 48 50
35 48 48
34 50 47
33 49 49
35 49 48
34 47 47
33 48 49
34 48 49
37 47 49
37 51 46
36 47 44
33 49 47
36 48 44
35 49 45
36 50 47
35 49 47
34 50 46
33 50 46
31 48 44
32 51 45
33 51 44
34 51 45
34 50 47
35 49 47
36 50 46
37 49 47
38 46 47
39 48 46
36 48 45
38 48 45
38 46 46
40 46 44
38 45 44
39 45 45
39 45 46
39 45 45
38 43 46
37 44 45
36 45 46
36 45 45
36 46 48
36 46 47
35 47 48
34 46 48
34 48 48
33 47 49
32 45 49
32 45 49
31 46 49
32 44 49
33 45 49
31 45 50
31 43 49
29 45 49
28 45 50
30 44 50
29 43 51
31 43 50
29 45 51
30 43 51
31 44 50
31 43 51
32 44 49
30 43 49
31 44 49
29 40 50
28 42 50
28 41 48
27 42 49
28 42 50
27 41 51
26 41 52
27 41 51
26 40 51
27 40 51
27 41 48
25 40 50
26 41 50
27 41 51
26 42 52
26 41 51
25 42 50
26 41 51
26 39 52
24 39 50
26 39 51
27 40 51
26 40 50
27 40 51
25 40 49
26 40 49
26 40 51
26 40 50
26 38 50
24 40 50
25 40 51
26 39 50
27 40 50
26 40 50
26 40 52
26 39 51
27 40 52
25 39 52
26 38 51
26 39 50
25 39 51
26 38 49
27 37 50
28 39 50
25 38 50
26 38 50
26 39 51
28 40 50
27 41 53
26 40 51
27 40 51
26 41 52
26 40 51
26 39 51
27 40 51
27 38 50
26 39 50
27 39 52
25 38 50
26 39 50
26 40 50
26 38 51
26 40 50
27 38 51
26 38 51
26 38 52
28 38 51
27 37 52
26 39 52
26 39 52
26 38 51
27 37 50
26 38 50
27 37 51
26 38 51
28 37 51
26 37 50
26 39 51
27 39 52
27 38 52
27 37 53
27 39 52
25 39 51
25 37 50
27 38 50
27 37 51
27 37 51
27 38 51
28 38 51
26 38 51
26 37 51
25 39 50
25 37 52
27 37 52
25 37 51
27 38 52
26 37 51
27 37 51
26 38 52
26 37 50
25 38 51
25 36 51
27 38 52
27 36 52
27 37 51
26 38 51
27 38 51
25 37 53
26 38 52
26 37 52
25 38 51
27 37 51
25 38 51
26 36 50
27 37 51
25 36 51
27 36 50
26 37 51
25 39 51
26 37 51
26 38 51
26 37 50
27 38 51
26 37 51
26 39 51
25 37 52
25 38 50
24 36 51
25 37 50
26 38 50
26 38 50
26 39 50
27 38 50
28 40 52
28 41 50
27 40 51
27 41 51
26 41 50
25 38 50
26 39 50
26 42 50
27 41 48
28 42 49
28 42 49
28 43 48
28 43 49
30 44 49
33 44 50
34 45 50
36 46 49
35 48 50
36 49 50
38 48 51
36 47 48
36 48 48
38 49 47
38 49 47
38 48 46
38 46 45
40 46 44
41 44 44
39 46 45
40 47 43
40 45 44
41 45 44
41 46 44
41 47 45
40 46 45
39 48 46
38 47 44
37 49 43
36 49 43
37 50 43
36 49 44
36 51 43
36 50 43
35 51 43
35 49 43
35 49 45
35 49 45
36 48 44
33 49 44
34 50 43
33 50 44
33 50 44
34 50 44
34 51 44
34 51 44
35 51 44
33 51 44
35 51 44
36 46 44
35 50 45
34 47 44
34 49 45
35 50 45
35 50 45
35 51 42
35 50 43
34 50 41
35 49 43
35 50 43
35 50 43
29 45 40
36 54 42
35 52 43
36 50 41
34 50 43
33 49 43
34 56 50
35 49 46
34 52 46
32 49 44
32 49 43
31 50 44
31 51 46
31 49 44
33 49 49
33 50 46
31 54 50
33 52 49
33 51 45
34 53 46
33 54 47
35 50 47
36 48 43
38 44 44
38 41 44
38 40 41
36 39 42
35 38 45
34 35 46
34 36 48
34 34 52
33 32 53
30 32 56
28 28 54
30 30 56
30 34 55
30 34 51
30 35 51
33 37 59
30 35 62
33 35 55
32 39 50
33 38 49
33 40 49
30 42 53
30 44 53
31 42 51
31 42 50
30 41 51
31 42 51
31 45 50
31 43 49
29 42 50
30 42 51
29 42 50
30 42 50
30 43 50
30 42 51
30 42 51
30 42 50
30 42 51
30 42 50
31 41 51
30 41 51
29 41 51
31 41 51
31 41 51
30 41 51
31 41 52
30 40 51
31 43 50
31 40 52
30 42 52
31 40 51
31 42 51
29 41 52
30 41 51
30 42 51
30 40 51
31 41 51
32 41 50
31 42 51
31 41 52
30 41 51
31 41 51
31 41 51
31 41 51
30 42 51
30 41 51
31 43 51
30 42 51
30 41 51
