32 35 53
32 35 53
32 34 54
30 35 53
30 35 53
31 35 53
30 35 54
31 35 53
30 34 53
31 35 53
31 34 53
31 35 53
31 35 53
31 35 53
31 35 53
32 34 53
31 34 53
30 33 53
31 34 53
31 34 53
31 35 54
30 33 53
31 34 54
31 36 53
29 36 55
32 37 52
31 37 53
33 40 53
33 41 53
34 39 51
34 41 51
34 43 53
32 39 52
34 40 52
34 42 51
34 35 52
34 40 52
35 40 51
33 42 51
34 42 52
35 40 52
34 37 51
34 38 50
33 40 50
33 42 49
34 43 51
34 41 52
33 41 52
34 43 50
33 45 52
34 46 53
33 46 54
34 45 52
35 46 52
36 44 52
36 45 51
36 44 52
37 43 51
36 42 51
35 43 51
36 38 51
36 39 50
36 39 50
35 40 51
35 39 52
34 38 50
33 37 51
34 38 51
33 38 51
34 38 51
33 35 53
34 32 52
34 33 53
33 33 53
33 31 52
34 28 53
33 29 54
32 32 54
32 31 52
33 25 53
33 28 53
34 29 52
33 25 51
32 25 51
31 28 52
32 23 51
33 23 52
32 24 51
32 25 50
32 24 52
33 23 51
33 23 51
32 22 52
33 23 50
33 21 50
32 21 51
32 24 51
34 24 51
33 23 51
33 23 51
35 27 52
33 29 53
32 30 53
33 32 53
32 33 53
34 33 53
32 35 52
33 33 53
34 34 52
34 36 52
35 35 51
34 35 51
35 34 51
36 35 52
36 34 52
35 35 52
34 38 54
35 36 54
36 35 53
34 36 55
35 38 54
33 35 54
32 36 53
32 35 55
35 41 55
31 39 55
33 37 54
33 37 53
33 38 53
31 41 53
33 37 52
32 39 53
34 39 52
33 36 51
31 34 53
31 36 55
31 36 55
33 34 53
31 32 53
31 32 52
33 33 53
31 36 52
33 35 51
34 35 52
33 35 52
32 36 52
33 35 52
33 37 52
32 38 53
33 40 53
33 40 51
32 40 50
32 38 52
33 40 52
30 39 54
30 39 55
32 36 53
31 40 54
29 34 56
29 30 52
32 34 53
30 41 53
30 37 53
30 34 52
30 34 54
29 36 52
30 38 53
30 37 53
31 37 53
29 35 53
30 37 52
31 37 53
31 37 53
30 36 53
30 36 52
30 37 52
31 36 54
30 36 52
31 37 53
31 37 53
32 37 52
31 38 52
30 37 52
32 38 53
31 38 53
31 38 53
31 37 52
31 37 52
32 38 52
32 38 52
32 37 53
31 38 52
30 39 51
31 37 52
31 39 53
30 38 52
31 39 53
32 36 52
31 39 52
31 38 52
31 38 52
31 39 51
31 38 52
32 38 51
31 38 53
30 37 52
32 38 52
31 37 53
31 37 53
30 37 53
30 37 53
31 38 52
31 39 52
31 38 52
32 37 53
30 37 52
32 36 52
32 38 53
32 38 53
31 38 52
30 38 53
31 38 53
31 38 52
31 38 51
32 38 53
31 36 53
31 38 53
31 38 53
32 38 53
31 38 52
31 37 53
30 38 53
31 38 51
31 37 53
30 38 53
32 38 52
32 39 51
30 37 52
30 37 52
32 38 52
32 38 53
31 38 52
31 38 51
31 37 53
