34 41 51
34 41 51
33 41 51
33 42 52
33 40 52
34 43 52
33 43 50
33 42 51
32 43 51
33 41 50
32 44 52
34 44 52
35 44 50
35 44 50
37 47 50
37 47 50
38 46 49
39 45 47
39 46 47
38 47 48
40 46 48
40 47 47
41 46 46
41 45 46
42 45 47
42 44 46
41 43 44
41 46 45
41 44 45
40 43 44
39 46 44
38 41 46
39 42 48
39 47 42
40 50 46
42 45 48
43 44 47
42 46 47
42 48 43
43 43 44
42 49 43
41 46 43
41 47 44
41 47 45
43 48 45
42 47 47
42 50 47
42 50 47
41 49 46
40 48 45
41 45 47
41 45 45
40 45 45
39 46 47
41 47 47
42 47 46
42 47 46
42 46 45
42 46 45
42 45 47
41 43 46
41 44 48
40 43 47
41 44 47
44 42 47
41 43 48
40 43 47
41 42 47
40 42 48
41 43 49
40 42 49
40 41 49
39 42 49
39 41 49
40 41 49
39 42 50
37 42 50
39 43 49
37 41 50
39 42 51
39 41 50
37 42 52
37 43 51
38 41 52
37 40 50
37 40 52
36 40 51
38 40 52
36 40 51
36 41 50
35 41 52
36 41 52
36 41 51
36 40 52
37 41 51
36 40 51
35 40 51
34 40 51
35 40 54
36 39 53
35 40 52
36 41 53
37 38 51
34 40 52
34 38 52
35 41 52
35 40 51
35 39 51
37 39 52
34 39 50
36 39 51
35 39 52
35 40 52
35 39 53
35 39 51
34 38 53
35 39 51
34 40 52
34 39 52
33 39 51
34 39 53
35 39 52
34 39 52
34 39 52
33 39 52
34 40 53
33 38 52
34 39 52
34 38 53
35 38 53
35 39 52
32 39 51
33 39 52
33 40 51
32 37 52
32 38 53
32 39 53
33 38 52
30 39 53
33 38 52
33 39 53
34 39 51
34 39 53
35 39 53
34 39 51
33 39 52
33 39 52
32 41 52
34 41 52
33 41 52
32 39 52
34 40 52
35 40 52
33 42 51
34 40 51
34 42 50
35 41 51
36 41 50
37 40 50
38 42 49
37 41 50
38 42 50
37 42 50
41 42 47
40 44 48
42 43 47
42 43 47
42 43 47
42 43 46
42 44 48
43 43 48
41 42 48
40 44 46
41 42 46
41 44 46
43 45 46
42 46 46
42 47 45
43 47 46
42 46 47
41 47 46
41 46 46
41 46 45
41 47 44
43 48 46
43 47 46
41 47 45
42 47 44
43 49 44
42 49 46
42 48 46
41 48 43
42 47 44
40 46 43
41 49 44
41 48 43
42 48 44
43 46 44
41 48 44
41 49 43
43 48 43
48 56 40
42 47 44
44 51 43
41 49 44
41 46 44
40 45 43
41 46 42
42 49 44
42 47 44
44 49 43
42 49 43
43 46 43
41 48 44
42 48 45
42 47 44
43 47 44
41 47 43
39 46 44
43 49 43
43 48 44
41 48 45
41 47 44
40 47 43
41 48 44
40 48 42
41 46 46
42 47 46
40 47 45
40 47 46
38 46 44
39 46 45
39 43 46
38 43 46
39 45 46
37 44 45
37 47 42
37 43 43
41 45 43
42 45 47
41 45 48
41 41 49
37 44 51
35 46 55
34 41 54
34 43 54
31 47 54
32 43 53
31 42 52
31 39 51
30 44 54
33 44 54
31 43 52
32 43 50
33 42 48
33 42 49
31 43 50
32 44 51
32 43 52
32 44 52
33 43 50
33 42 51
32 42 50
32 43 51
34 43 51
32 43 50
32 42 50
31 43 50
31 42 51
32 42 51
32 42 50
32 43 51
33 42 51
32 43 51
32 43 50
32 42 51
33 40 51
32 41 50
32 42 51
31 42 51
32 40 52
31 41 52
33 41 52
30 41 52
32 41 52
29 41 54
30 39 52
30 40 51
32 41 51
32 40 51
30 38 52
30 37 51
32 37 50
30 38 51
30 37 54
31 38 53
33 39 53
31 39 52
32 38 52
31 37 53
32 36 51
31 38 53
32 39 52
33 39 53
31 39 53
32 36 53
32 37 52
33 37 51
31 36 53
32 39 53
32 36 53
31 36 53
32 34 54
32 34 52
32 36 52
32 34 54
32 36 54
32 35 52
33 37 52
32 35 52
31 35 53
32 36 53
30 28 55
32 41 55
31 32 51
32 33 52
33 37 53
31 37 53
33 34 54
32 34 54
32 35 54
32 36 54
31 34 51
32 33 51
32 35 55
33 33 53
32 35 52
31 35 51
31 37 53
32 37 53
33 37 53
32 35 53
33 37 54
32 35 54
30 34 54
31 35 51
31 35 51
31 34 53
32 36 53
31 34 53
30 35 54
32 35 54
32 34 53
32 34 52
34 36 53
33 35 53
34 36 51
32 36 52
33 36 52
32 35 54
31 37 53
31 38 52
31 38 52
32 39 51
33 39 52
32 38 51
31 38 51
32 39 51
32 40 51
32 39 52
