36 44 48
36 44 48
37 43 49
36 44 50
36 43 49
35 44 49
36 43 48
36 44 49
36 44 49
37 45 49
37 44 49
36 43 49
37 44 49
36 42 49
36 44 49
36 44 49
37 42 50
37 44 49
36 43 49
36 44 50
36 43 49
37 44 50
36 43 49
37 44 49
37 44 50
36 42 50
37 44 49
36 43 50
37 43 49
36 44 50
37 43 50
37 43 48
37 44 50
37 45 49
36 43 49
36 44 49
37 42 49
37 44 49
37 43 49
37 42 49
37 44 49
36 42 49
36 44 48
36 44 49
36 43 49
37 44 49
37 43 49
36 43 50
37 45 49
37 44 49
37 43 49
37 43 49
36 44 50
37 43 49
37 43 49
36 45 49
36 43 49
37 45 49
36 44 49
37 45 50
36 43 49
37 44 49
36 44 50
37 43 51
37 44 49
36 43 49
36 43 49
37 44 48
36 43 50
36 44 49
36 43 49
36 44 49
36 43 49
37 43 49
37 44 51
36 42 49
37 43 49
37 42 50
39 43 51
39 44 50
37 44 50
38 44 51
38 45 50
37 44 51
38 43 52
39 45 53
38 44 52
40 45 51
39 44 51
39 46 49
40 45 51
40 45 51
38 44 48
36 45 48
37 47 47
35 45 46
34 44 46
33 43 46
34 43 47
33 42 46
32 42 45
31 41 47
30 43 46
30 41 48
31 40 48
31 41 49
31 41 50
30 41 51
31 42 51
31 43 51
32 41 52
32 42 50
31 45 51
31 43 49
32 45 48
31 44 52
30 46 52
31 43 50
32 44 52
31 45 52
30 43 50
31 40 51
31 39 51
30 39 50
30 39 50
30 40 50
31 39 52
30 39 51
30 39 52
30 38 52
31 38 53
31 37 52
32 37 52
31 36 53
30 37 52
29 36 52
29 36 53
29 36 52
30 36 52
29 36 54
19 40 63
29 35 50
29 37 53
31 34 52
29 33 49
29 31 50
29 31 52
29 31 52
28 33 52
28 34 52
29 36 54
31 35 52
31 38 53
33 33 54
32 37 54
32 34 54
32 36 54
30 35 52
32 35 53
30 34 52
31 36 51
32 33 52
30 34 51
29 35 52
28 35 51
30 36 50
31 36 51
30 35 51
31 38 48
30 43 46
33 43 45
32 47 43
32 48 45
33 50 47
33 51 45
34 52 50
34 49 51
36 49 51
33 48 52
33 45 50
32 45 50
32 47 50
33 45 48
29 42 48
31 47 48
28 45 46
29 48 44
27 49 44
29 49 46
29 49 45
33 48 44
31 49 45
32 47 44
31 48 45
31 49 44
32 48 46
31 48 47
30 49 48
29 48 47
30 48 46
29 47 47
29 48 47
28 50 49
28 52 50
31 51 50
33 49 48
33 49 46
31 48 47
33 45 48
35 45 47
35 43 47
33 44 46
34 42 45
33 42 46
33 40 47
32 41 47
31 41 48
30 39 47
30 39 48
29 40 49
30 41 49
28 41 50
27 40 50
28 41 51
27 39 51
26 39 52
27 39 51
26 38 51
25 38 51
25 38 51
24 36 51
23 37 50
23 37 50
24 38 50
23 37 51
23 36 51
23 36 51
22 36 51
21 36 50
22 35 50
24 35 50
22 35 51
22 34 49
21 35 50
21 35 49
23 35 51
22 35 50
21 36 49
22 34 50
21 35 50
22 34 50
20 34 49
20 35 50
21 34 50
20 34 49
21 34 49
20 33 49
21 34 50
21 34 50
21 34 49
21 33 50
20 34 49
21 33 50
21 33 48
21 34 49
20 34 49
20 33 49
20 32 49
21 33 50
21 32 49
21 33 49
20 32 50
21 33 50
21 33 50
20 34 49
21 34 48
21 33 49
21 33 49
20 33 49
21 33 50
20 31 50
20 32 49
20 31 49
20 32 49
21 33 49
21 32 50
21 35 49
21 33 49
21 33 49
20 33 49
20 32 48
21 33 50
20 33 50
21 34 49
20 33 49
21 33 49
21 33 49
20 32 48
21 33 50
21 33 49
20 32 49
21 33 48
20 33 49
20 32 50
19 32 49
20 32 50
20 32 49
20 34 48
20 33 49
21 32 49
19 32 50
20 32 48
20 33 49
20 33 48
22 32 50
21 31 49
21 32 50
20 32 49
20 32 49
20 33 49
21 32 49
20 33 50
20 32 49
20 32 49
20 31 49
20 31 49
20 32 49
21 33 49
20 33 49
21 32 49
20 33 49
20 33 49
20 33 50
19 32 48
20 32 50
21 31 49
20 33 49
20 32 49
22 32 48
20 32 50
20 30 49
20 32 49
20 33 49
20 31 49
20 32 49
19 32 49
20 32 49
22 33 49
21 32 49
19 32 49
21 33 49
21 33 49
20 33 49
20 31 48
20 32 49
20 30 49
21 33 49
22 33 48
20 33 48
21 32 49
20 32 49
21 32 49
20 33 49
21 32 49
21 32 49
22 32 50
21 31 50
20 31 49
21 32 49
21 33 50
22 34 49
20 31 48
20 32 49
20 31 49
20 32 49
20 33 49
21 31 50
20 32 49
21 32 49
21 32 49
20 32 48
20 32 49
19 31 49
20 31 49
21 31 49
21 30 49
21 33 49
21 33 48
21 32 48
22 33 48
21 32 50
20 32 50
21 33 48
20 32 49
22 32 50
19 31 48
21 32 49
21 32 49
20 32 49
18 32 50
21 33 49
20 32 49
20 33 49
21 31 49
20 33 49
21 32 49
20 33 49
20 32 49
19 32 49
20 32 49
20 33 49
21 34 49
22 32 49
21 32 48
22 32 49
21 34 49
21 32 49
21 32 49
20 33 49
20 33 49
20 31 50
22 33 50
21 33 50
21 33 49
21 32 49
21 33 50
21 33 50
20 33 49
20 33 50
21 32 50
21 34 49
22 33 49
22 34 49
21 35 50
22 34 49
21 34 48
21 33 49
21 34 50
20 33 49
21 33 49
21 33 50
22 32 50
21 32 50
21 34 49
20 33 49
21 32 50
20 33 49
21 33 49
22 33 49
20 33 50
20 32 49
20 33 49
20 32 48
21 33 49
21 33 50
20 32 49
20 31 49
20 32 49
21 33 49
21 32 48
21 33 48
21 32 49
19 32 49
21 31 50
20 32 49
19 33 49
20 33 49
20 32 50
20 32 49
20 32 49
21 32 49
21 33 49
20 32 50
21 32 49
21 32 48
20 32 49
20 33 49
21 33 49
20 32 49
20 33 49
20 32 49
21 33 49
20 32 49
21 31 49
19 32 49
20 32 50
20 31 49
20 32 49
20 32 50
21 32 50
22 32 50
21 33 50
19 34 50
21 33 49
21 33 49
21 32 49
21 32 49
20 33 49
22 32 50
22 33 49
20 31 50
20 32 50
22 33 51
21 34 50
23 34 52
22 35 52
21 36 51
22 34 52
23 36 52
23 36 52
24 36 51
25 35 52
25 36 52
25 36 51
27 36 52
26 36 51
28 38 50
28 37 51
30 36 51
30 38 49
32 38 49
32 39 49
34 40 49
33 41 48
33 42 48
33 42 48
32 41 49
34 41 49
33 43 48
32 43 50
31 43 48
31 44 48
31 44 49
31 46 48
30 44 49
30 46 48
30 46 48
30 47 47
30 46 48
31 46 48
30 47 49
29 47 48
29 47 48
28 46 49
29 46 49
29 45 49
29 45 48
29 46 48
29 46 47
29 45 47
30 45 47
30 50 49
30 42 44
30 50 50
28 46 47
32 49 48
30 48 46
27 46 46
28 44 48
29 44 46
26 48 46
27 43 46
27 47 45
27 47 44
27 48 45
29 51 45
30 51 43
33 53 43
34 56 41
36 55 41
36 53 39
34 52 38
35 53 37
32 53 34
30 55 36
31 52 37
33 52 39
32 55 38
32 52 37
32 52 37
32 54 39
33 52 38
33 51 41
32 52 42
34 51 42
33 48 41
33 50 44
33 49 45
32 48 44
35 48 46
34 49 45
34 47 45
35 47 44
33 49 46
32 48 45
34 47 45
33 45 46
35 46 47
33 45 47
33 46 47
34 44 49
34 43 49
34 41 50
35 39 51
35 42 50
34 40 50
34 42 51
33 41 53
33 41 48
33 41 46
33 45 47
31 47 45
32 46 47
32 43 45
33 45 46
35 45 46
34 47 47
33 47 47
34 49 49
34 46 48
34 45 50
33 43 53
33 43 51
32 41 52
32 40 54
31 39 53
30 38 54
31 38 52
32 37 52
31 34 51
30 34 50
30 37 51
30 38 53
31 35 50
30 37 54
31 38 53
31 39 53
32 39 52
33 38 53
31 39 54
32 38 53
29 37 54
29 38 53
31 38 53
32 38 54
33 37 53
32 36 53
32 37 53
33 38 52
32 38 52
33 38 51
34 38 50
33 39 44
35 45 54
30 37 54
32 39 55
32 40 52
32 42 51
33 41 51
33 41 51
30 41 51
33 43 51
32 42 51
33 43 51
32 43 52
32 43 51
30 41 50
30 42 50
29 44 49
28 44 49
29 43 48
30 45 48
30 43 47
31 45 49
31 43 48
32 43 47
31 44 47
31 45 44
33 45 44
35 45 44
32 46 44
34 47 43
36 49 43
34 51 44
37 48 44
38 46 44
36 50 46
38 49 47
37 48 46
34 49 47
36 51 46
33 52 44
32 55 46
33 52 47
33 53 44
35 49 49
36 44 47
38 40 48
37 45 48
38 45 52
36 46 48
33 48 47
33 49 46
34 48 48
32 47 47
31 46 47
35 47 48
33 46 47
34 46 47
34 47 48
33 44 48
34 46 48
36 47 48
36 46 48
36 46 47
35 46 47
35 46 47
34 46 47
34 46 46
35 46 47
35 47 47
35 47 47
34 47 46
35 47 47
35 47 47
35 47 47
34 47 47
35 46 47
35 46 48
35 46 47
34 47 48
35 45 48
33 46 47
33 46 47
34 46 47
34 45 47
34 46 47
36 47 48
34 46 47
34 46 48
34 46 48
34 47 47
34 47 48
35 45 47
34 48 47
34 46 47
34 47 48
34 47 47
33 46 47
34 46 47
36 46 46
34 46 46
34 47 46
34 47 48
35 46 47
34 46 47
34 47 48
34 46 47
35 46 48
34 47 47
34 46 46
35 46 46
36 46 47
34 46 48
34 46 46
36 46 47
35 46 48
35 46 47
34 46 47
35 46 47
35 47 47
34 47 47
35 46 48
36 48 47
34 48 47
34 48 46
35 46 47
36 46 47
34 47 47
34 47 47
34 46 46
34 47 47
36 47 47
35 48 48
35 48 47
34 47 46
34 47 46
35 47 47
34 45 47
34 46 47
34 47 47
35 48 47
35 46 47
33 48 48
34 45 47
35 46 46
35 46 46
35 48 47
34 46 47
35 45 46
35 46 47
35 46 48
35 46 47
35 47 48
