33 46 47
33 46 47
31 47 48
31 46 48
33 47 48
33 48 48
32 47 47
32 46 48
32 47 47
34 46 48
32 47 48
32 46 47
33 46 48
32 46 47
33 47 48
33 47 49
32 47 48
33 47 47
32 47 48
33 47 48
32 48 47
33 46 48
33 46 47
34 47 48
33 47 47
32 46 48
34 47 48
33 47 48
32 46 48
32 46 48
32 45 48
33 47 47
33 46 47
32 46 47
32 47 48
33 46 49
32 47 48
33 47 48
32 47 48
32 47 48
32 46 48
33 46 47
32 48 48
33 47 48
33 47 49
33 46 48
32 47 48
32 48 48
32 47 49
32 49 49
33 52 49
32 49 49
36 49 49
33 47 49
38 48 49
37 50 48
38 47 47
39 46 48
39 47 49
40 46 46
39 44 46
40 43 46
40 43 44
38 44 43
38 43 46
39 44 44
39 45 44
41 45 46
44 46 44
44 46 44
44 42 41
44 45 46
39 47 46
41 53 41
40 45 41
42 46 41
44 48 42
43 47 43
43 47 42
43 46 42
43 49 43
41 49 44
43 47 43
43 48 45
43 47 43
41 49 44
44 49 42
43 48 43
43 48 44
43 48 43
42 48 43
43 47 43
42 46 43
43 47 43
43 49 43
44 48 44
44 48 44
45 49 45
46 46 45
43 47 46
43 45 45
43 45 43
45 45 44
43 44 44
45 45 45
46 47 44
45 44 43
44 45 45
46 45 45
46 46 45
43 47 44
43 44 46
43 44 44
43 45 45
44 46 44
44 44 43
42 45 44
44 44 45
42 45 47
43 45 46
43 45 46
43 44 46
42 44 47
42 45 47
39 46 46
43 44 47
40 45 49
39 44 48
40 44 47
40 46 47
40 45 47
39 43 49
40 44 47
41 44 48
41 44 50
36 46 49
39 44 48
38 43 48
39 44 48
40 42 48
39 44 50
39 44 51
40 42 49
38 44 48
37 43 49
37 43 48
38 43 50
37 44 50
37 43 49
38 43 50
37 42 49
38 43 50
38 44 50
36 43 50
37 41 51
36 40 49
37 42 50
36 42 50
36 41 49
36 43 50
36 42 51
36 43 50
36 42 52
35 42 51
36 42 51
35 41 51
35 42 51
36 42 51
35 40 51
36 40 52
36 42 52
34 41 50
34 41 52
35 41 52
34 40 51
34 42 52
35 41 52
33 40 52
33 40 51
32 42 51
33 41 52
33 40 51
34 39 52
34 41 51
34 40 52
33 41 51
33 40 52
34 40 51
34 40 52
34 41 52
35 40 51
33 40 53
32 38 52
33 39 52
33 39 51
33 41 52
32 41 51
32 41 52
32 40 51
33 40 51
32 41 50
32 39 51
34 42 50
35 42 50
35 44 50
35 42 51
37 43 51
38 46 55
36 43 51
35 43 52
37 42 49
35 43 50
36 43 49
37 44 50
37 43 50
37 44 49
36 44 48
38 44 47
38 44 47
39 44 48
40 44 45
41 43 45
43 44 45
44 43 44
43 43 46
44 46 45
43 45 46
43 44 45
43 45 44
43 43 46
44 45 46
44 46 45
44 46 44
45 46 45
44 47 44
43 48 44
43 47 44
45 46 44
43 45 46
43 47 44
44 47 44
44 48 44
44 48 43
44 47 44
42 46 44
43 47 44
43 47 42
42 48 43
42 47 45
44 48 44
43 47 43
42 47 43
43 47 43
43 46 42
37 44 46
43 48 44
44 48 44
44 47 42
43 46 42
44 49 42
44 48 45
44 47 39
41 45 44
42 47 45
43 48 42
43 48 41
43 49 44
41 46 44
42 48 43
43 47 44
42 47 44
42 45 43
42 47 44
42 47 44
40 45 45
39 43 45
40 48 45
39 44 47
39 45 44
42 47 45
39 43 48
41 46 48
40 47 48
40 45 48
40 45 47
42 46 46
39 40 47
39 46 48
37 46 49
36 41 49
32 39 52
33 47 54
32 44 52
33 43 54
34 44 52
32 39 52
33 41 53
33 43 51
33 41 50
32 43 51
32 42 51
34 43 50
31 41 52
32 41 52
33 40 52
32 42 51
31 40 51
32 43 50
33 42 50
32 43 51
33 41 51
33 41 51
32 42 52
31 42 52
31 42 51
32 42 51
32 41 52
32 42 52
32 42 51
32 42 51
32 41 51
31 42 51
32 41 52
33 43 51
32 42 53
32 42 51
32 41 51
31 42 52
31 42 51
31 43 50
32 42 50
31 42 52
32 42 51
31 42 53
31 42 52
30 42 51
32 43 50
31 42 52
30 39 52
30 41 48
29 42 49
29 42 50
28 42 51
27 42 51
27 42 51
30 42 51
31 41 50
29 41 51
31 42 51
29 42 50
27 41 50
28 42 50
28 41 51
29 41 51
29 41 51
30 42 51
29 43 51
29 41 51
30 40 49
29 42 49
30 42 49
30 44 50
29 43 50
29 43 51
29 42 50
30 43 51
28 42 50
30 42 49
30 40 48
31 42 50
30 44 51
30 43 49
31 44 50
31 43 52
31 41 51
32 44 51
32 45 51
30 42 51
32 42 50
32 41 49
32 42 51
32 42 51
31 42 50
33 43 50
32 42 50
32 43 51
32 42 52
32 41 51
32 41 50
33 42 51
33 42 51
32 42 51
31 43 52
33 43 51
33 42 51
32 43 52
32 42 51
33 43 52
32 42 51
33 42 52
31 42 50
32 43 50
32 42 51
32 42 51
32 42 51
32 41 51
