31 39 51
51 41 33
31 39 51
31 40 51
30 40 52
31 40 52
32 39 52
31 39 51
32 38 52
31 39 52
31 39 52
32 39 52
31 38 52
32 39 51
31 39 51
31 39 51
31 40 51
30 39 51
32 40 51
31 40 51
31 39 52
31 40 52
32 39 52
32 39 51
32 38 52
31 38 52
31 41 51
30 39 51
30 38 53
31 37 52
32 38 50
32 39 51
31 40 52
30 39 52
30 40 52
31 38 53
30 38 53
31 38 52
32 38 52
32 38 52
31 39 52
32 40 52
31 38 51
30 38 52
31 39 52
30 39 53
31 38 52
30 37 51
31 40 52
33 38 52
32 38 52
31 38 52
31 38 52
31 40 52
31 39 52
32 39 52
31 39 53
32 40 54
34 39 54
34 39 55
35 39 54
37 41 54
34 40 55
36 41 55
36 40 55
36 41 54
35 40 54
36 39 54
36 39 53
35 38 53
35 37 52
34 35 50
33 36 50
33 37 49
31 36 49
31 39 50
32 39 50
32 40 49
30 42 51
30 43 48
32 43 48
30 45 48
31 44 47
32 46 48
32 45 50
32 45 46
34 47 46
34 48 48
34 50 46
33 48 46
33 50 47
33 49 48
36 51 45
36 50 41
33 50 43
32 48 46
32 46 47
33 51 45
32 51 45
33 50 46
33 50 47
35 50 46
35 50 45
35 49 45
35 48 44
35 49 44
35 50 45
35 50 43
36 50 45
37 50 45
36 49 45
37 49 45
37 49 45
39 48 45
38 46 45
36 47 46
38 46 47
37 46 48
37 44 48
36 45 48
38 46 48
36 44 48
35 41 50
34 43 47
34 42 48
33 41 49
30 39 50
30 41 49
30 41 50
29 38 51
30 39 51
27 39 52
27 37 51
26 37 51
27 36 52
26 35 51
25 35 50
24 35 50
25 33 50
24 34 50
24 32 52
25 33 51
24 33 52
23 33 51
24 33 51
24 33 52
24 32 51
24 32 52
21 32 51
23 32 51
22 31 51
22 32 51
23 31 51
23 30 51
23 32 51
23 30 51
22 29 51
22 29 50
23 30 50
23 30 50
23 30 50
23 29 50
22 28 50
20 27 49
22 30 49
23 29 50
22 29 49
21 27 49
22 27 51
20 26 47
22 26 49
22 26 48
20 25 49
23 28 49
22 26 49
22 25 49
21 24 47
22 26 49
23 25 48
22 25 49
22 25 48
22 24 47
21 25 49
22 26 47
21 25 47
21 25 47
23 26 48
22 25 47
21 25 49
22 24 49
21 25 48
22 23 48
21 26 47
22 25 49
21 25 48
23 23 47
22 25 48
22 23 48
22 22 48
21 24 48
22 24 47
22 23 47
22 23 47
22 22 47
22 24 47
21 23 47
21 23 47
22 24 47
22 24 47
22 24 48
22 25 48
22 23 47
22 23 48
21 23 47
22 24 47
22 23 47
21 23 47
21 24 47
21 24 47
22 24 47
21 23 47
21 24 47
22 23 47
22 23 47
21 23 47
22 23 47
21 23 47
21 23 47
21 23 46
22 24 46
22 23 47
21 23 47
21 23 46
21 23 47
22 24 46
21 22 47
21 24 47
21 22 47
22 22 47
21 23 46
21 24 48
21 24 46
22 23 47
21 23 47
20 23 47
20 23 47
21 24 48
20 25 47
21 23 46
22 23 46
21 23 47
20 22 47
21 23 47
22 23 47
21 23 47
22 23 47
22 23 47
21 24 47
22 23 46
21 23 47
20 21 47
20 23 46
22 23 47
22 23 48
21 23 46
22 23 48
21 23 47
21 22 47
22 23 46
22 23 48
22 23 46
21 23 46
20 23 46
22 22 46
20 24 46
22 22 48
22 23 47
21 24 47
21 24 47
21 24 46
22 23 46
21 22 47
21 23 46
21 23 45
21 23 46
21 23 46
21 23 47
22 23 47
20 24 47
22 25 47
23 25 48
23 25 49
22 27 50
22 27 49
23 25 50
24 29 50
23 30 50
24 28 51
25 31 52
24 28 51
25 30 50
24 32 50
25 30 51
26 31 50
25 33 53
26 32 52
27 34 52
28 35 55
28 36 53
29 36 53
29 37 53
29 39 52
31 41 51
32 41 52
33 40 50
34 42 50
35 41 51
36 41 50
34 42 50
35 42 50
35 41 49
35 42 50
36 43 47
35 44 49
37 45 47
35 44 48
36 45 47
35 48 47
36 47 48
35 46 47
34 49 47
35 47 48
35 47 48
34 47 47
34 47 46
34 46 46
33 43 45
35 47 46
36 47 47
36 48 44
38 56 55
36 50 48
35 49 46
36 48 46
36 48 44
34 49 45
35 49 46
35 47 45
35 50 45
35 48 45
35 47 44
34 50 45
35 49 44
35 50 45
34 50 46
35 49 45
35 48 45
34 50 45
35 50 46
35 48 46
35 49 45
34 48 46
33 49 44
34 50 46
32 50 47
32 47 45
32 46 47
30 47 45
27 47 43
29 47 48
28 46 50
29 46 48
29 46 50
29 44 51
28 43 49
30 43 49
32 41 50
32 42 49
34 40 49
32 41 51
34 41 48
33 39 50
35 38 52
34 37 50
35 37 49
35 37 52
34 37 50
35 37 49
34 36 51
35 36 54
35 38 50
35 39 52
34 38 53
34 38 54
35 40 51
34 40 53
35 40 53
33 39 51
33 40 52
33 38 53
32 40 51
33 40 54
32 45 59
33 38 60
31 34 50
30 35 50
30 39 55
30 37 53
29 35 52
30 36 51
30 38 53
31 37 52
32 36 53
30 37 53
30 38 52
30 37 53
31 37 52
29 38 53
30 37 52
32 37 52
31 37 53
30 37 53
30 37 52
31 37 53
31 36 53
30 37 52
31 36 52
31 37 52
30 37 53
31 37 52
32 37 52
32 37 52
30 36 52
30 37 52
31 37 52
32 36 52
31 37 52
31 37 51
30 37 53
31 36 52
31 38 53
31 37 52
30 37 52
31 37 53
32 37 52
30 36 53
31 37 53
30 36 52
32 38 52
30 36 53
31 37 53
32 38 52
31 37 52
29 37 53
31 38 52
31 37 53
31 38 52
32 36 53
31 36 53
31 36 53
31 37 52
31 37 52
31 36 52
30 37 52
30 35 53
