31 46 48
31 37 33
32 46 48
33 44 49
34 46 48
33 45 48
32 47 49
31 45 48
32 45 48
31 45 49
31 45 49
33 46 49
33 46 48
33 45 49
31 45 48
33 46 49
33 45 49
31 46 49
32 46 48
31 46 49
32 46 48
32 46 49
32 46 49
32 45 48
33 45 49
33 45 48
32 46 49
32 46 48
33 45 49
31 46 48
32 46 48
32 45 49
31 45 48
31 45 48
32 45 49
32 46 49
31 46 48
32 46 48
31 46 48
33 46 49
32 45 48
31 45 49
32 45 49
31 46 48
33 45 49
33 45 49
33 46 49
32 45 49
31 45 49
32 45 48
32 46 49
32 45 48
33 46 49
32 45 49
33 45 49
32 45 49
32 44 48
33 45 49
32 45 50
32 44 49
32 44 49
32 45 49
31 46 49
31 46 49
31 44 49
32 44 49
32 45 49
32 45 49
31 44 50
31 47 49
32 49 49
31 51 49
33 50 47
34 50 49
37 49 51
38 48 50
39 45 50
40 43 49
38 43 47
40 42 47
39 41 46
39 42 47
38 40 47
38 41 48
39 40 49
39 41 49
38 43 48
38 42 49
40 44 49
41 44 48
39 42 47
40 41 49
39 41 47
40 41 48
39 42 48
40 43 49
40 44 48
40 44 50
41 44 49
40 42 48
41 43 49
40 43 49
41 44 48
41 42 48
40 44 49
40 42 50
39 42 49
40 43 51
39 41 50
40 42 52
39 41 52
39 42 51
40 41 51
38 41 49
38 43 50
37 40 51
37 41 52
36 40 53
37 40 53
37 39 54
37 38 52
36 38 51
35 38 51
34 37 50
33 35 50
33 37 52
31 36 51
32 36 53
31 35 52
31 37 53
30 35 52
29 34 52
28 35 53
28 36 53
28 34 52
28 34 51
27 34 51
27 33 51
27 34 52
26 33 51
26 33 53
26 34 51
25 33 51
24 33 51
23 32 51
24 34 51
23 33 51
22 33 51
22 33 50
22 32 51
22 33 50
23 35 50
23 33 51
24 32 49
21 33 50
22 34 50
22 33 50
21 33 50
22 32 50
21 33 50
21 33 51
21 33 49
21 32 50
22 33 50
22 34 49
21 33 49
22 33 50
21 34 48
22 33 49
21 33 50
21 33 50
21 33 49
21 33 49
20 33 49
21 32 49
19 33 49
21 33 50
20 34 48
21 33 49
20 32 49
21 34 49
21 33 48
19 33 49
20 33 50
20 32 49
19 33 49
20 34 49
19 34 49
21 33 48
21 33 49
21 33 48
19 34 49
20 35 49
20 33 49
21 33 49
20 33 48
20 33 48
21 32 49
20 34 49
19 32 49
20 33 48
20 33 50
20 34 50
20 32 50
20 34 50
22 33 50
22 33 49
21 33 50
21 33 50
20 33 50
20 34 50
22 34 50
23 34 49
23 34 51
23 35 50
25 35 50
26 35 52
26 35 52
26 35 52
28 36 52
28 35 53
29 36 52
29 35 52
30 36 53
31 36 53
31 37 52
31 36 52
31 35 51
31 36 52
31 36 52
34 37 52
35 35 52
35 37 52
37 38 52
38 38 52
39 38 52
39 38 51
39 37 51
39 38 51
38 38 52
40 38 51
39 40 51
42 41 50
41 40 51
40 40 51
41 41 51
41 40 50
40 41 51
41 40 50
41 40 50
40 41 50
41 40 51
42 41 49
41 41 49
42 42 49
40 45 55
41 41 49
42 40 50
40 43 52
40 42 51
40 42 51
42 40 49
41 40 50
41 42 49
39 41 50
40 40 49
39 40 51
40 41 50
41 40 49
42 41 49
42 42 49
42 42 49
42 40 49
43 41 48
41 40 49
42 40 50
42 42 50
43 41 49
41 41 49
41 42 49
42 41 49
41 42 48
40 41 48
41 40 49
42 41 49
41 41 49
39 42 49
39 42 49
38 43 48
36 46 52
35 47 51
35 46 49
33 48 51
33 46 48
32 46 49
33 45 51
35 43 50
34 43 52
31 42 51
32 44 51
31 43 50
31 44 50
31 44 50
33 43 49
33 41 50
32 42 50
32 44 51
31 43 51
32 42 50
31 43 50
31 41 52
32 39 52
31 41 51
30 41 51
32 40 51
31 41 52
33 42 51
32 43 52
32 40 51
31 41 50
30 43 51
31 43 51
33 43 51
32 43 51
32 44 50
33 44 50
32 43 50
31 44 51
33 43 50
32 43 50
32 44 50
32 45 50
32 44 49
32 44 50
32 44 50
32 44 50
32 44 49
33 45 50
32 44 49
32 45 50
32 43 50
32 44 50
32 43 49
33 43 50
32 44 49
32 43 50
32 43 50
32 44 50
32 43 49
34 43 50
33 44 50
33 44 50
33 45 49
33 44 49
32 44 50
32 43 50
33 43 50
31 44 49
31 43 49
31 44 50
32 44 49
32 44 49
32 44 49
32 44 50
32 44 49
33 44 50
31 44 50
33 44 50
33 43 50
33 44 50
32 44 50
32 45 50
32 44 50
33 44 50
32 44 49
33 45 50
33 42 50
32 43 50
33 44 50
32 44 49
32 43 50
32 44 50
33 44 49
34 44 50
33 43 49
33 44 50
33 43 49
33 44 51
33 44 49
32 44 50
33 44 49
32 44 51
32 44 50
31 45 49
32 44 49
32 44 50
33 43 50
33 44 49
32 44 49
31 43 50
