28 44 48
55 28 44
28 43 49
28 43 49
28 43 48
28 44 49
29 44 49
27 43 48
27 43 50
26 44 50
27 42 50
29 43 49
28 44 49
27 44 50
29 44 49
28 44 49
29 44 49
28 44 49
28 44 49
27 44 48
27 44 49
29 44 50
28 43 50
29 43 49
29 43 49
28 43 50
28 44 49
28 43 50
27 43 50
27 43 49
27 42 50
29 44 50
28 44 50
28 42 50
27 42 51
28 42 49
27 43 49
28 43 50
27 43 49
28 43 49
27 42 50
28 43 49
28 44 49
27 42 50
26 43 49
28 43 50
28 43 48
28 43 50
27 43 51
28 42 51
27 43 50
26 45 53
27 40 52
27 42 52
30 42 54
32 41 53
32 41 52
35 40 51
36 41 49
35 39 51
36 38 50
34 42 50
35 40 49
34 42 49
34 42 48
33 44 47
32 45 48
34 47 48
31 45 47
33 46 48
35 46 49
32 46 49
34 48 50
33 46 48
34 45 47
35 48 47
32 46 47
34 47 49
36 49 46
34 50 46
33 48 47
33 50 47
33 49 46
33 52 44
33 52 46
32 51 45
31 52 45
31 49 45
30 51 45
30 50 44
34 52 45
32 53 45
34 51 46
34 50 47
36 48 47
36 48 48
36 48 48
37 47 48
37 45 47
38 43 46
37 46 47
38 44 48
37 44 47
37 44 46
36 42 44
36 42 45
35 43 46
35 45 48
35 44 51
34 42 51
34 44 51
32 44 50
32 45 51
30 45 52
30 43 52
30 43 52
30 42 52
29 41 51
29 40 52
32 39 51
28 40 50
30 41 51
30 39 48
28 41 52
26 38 51
27 38 50
27 37 53
28 36 51
29 36 52
26 36 52
27 35 50
26 36 52
25 36 51
26 34 50
26 36 52
24 35 52
26 35 52
25 35 53
24 36 53
26 34 52
28 35 53
25 34 52
26 33 51
25 32 51
24 31 51
25 32 51
23 34 50
24 33 50
24 33 50
23 34 51
24 34 51
23 33 52
25 33 51
25 32 52
25 31 52
24 31 52
23 32 51
23 31 52
24 32 52
23 32 51
23 32 52
25 32 50
26 32 52
23 32 51
25 32 51
25 32 52
25 32 51
23 32 52
24 33 50
24 31 52
23 32 51
25 32 51
25 31 51
25 32 52
24 32 52
23 31 51
25 31 51
24 31 50
23 31 50
24 31 51
23 32 51
24 31 50
23 32 50
23 31 51
24 32 51
24 32 50
23 29 50
24 32 51
24 30 52
24 31 50
23 31 51
22 30 50
24 31 51
24 31 51
23 30 52
23 31 51
23 31 51
23 31 52
25 32 50
25 31 51
24 31 51
24 30 51
23 31 51
23 31 50
22 31 50
22 30 50
23 31 49
24 29 51
24 31 50
24 30 50
23 31 50
21 31 52
23 30 51
23 30 51
24 31 51
24 30 52
23 30 51
22 30 50
24 29 50
23 31 50
23 29 50
25 29 50
23 30 50
22 31 50
24 30 50
23 31 50
23 30 50
24 30 50
22 31 50
23 32 50
23 32 51
23 31 51
25 32 51
25 33 51
25 33 51
25 34 51
26 33 51
25 34 53
24 34 51
25 34 52
25 35 52
24 37 53
25 36 51
25 39 50
25 36 52
25 38 50
27 40 50
29 41 51
28 43 50
30 43 51
31 44 51
31 45 50
32 45 50
32 45 50
32 43 49
33 42 49
33 41 49
33 43 49
35 42 49
35 41 48
34 41 49
34 41 49
34 40 48
35 41 48
35 42 49
34 43 51
31 43 50
32 44 49
30 44 50
31 44 50
29 42 49
31 43 50
30 43 50
30 44 51
32 45 51
30 45 49
30 45 49
30 45 50
32 46 49
32 45 50
30 45 48
32 46 48
31 47 49
31 45 49
31 45 48
31 45 48
31 45 49
30 46 47
33 46 47
32 47 47
33 46 46
33 49 49
30 47 49
33 45 47
32 48 48
33 48 47
32 47 45
33 46 46
33 48 48
33 46 47
34 47 49
32 52 50
33 47 47
31 48 48
31 46 48
30 49 47
32 44 49
32 49 50
30 46 50
31 45 52
31 45 51
32 47 51
33 47 50
34 46 48
35 45 48
37 43 47
38 41 45
36 38 47
36 40 46
36 38 44
36 37 48
34 37 51
35 35 48
32 37 50
32 41 54
32 38 54
31 40 54
32 41 58
32 43 59
31 37 53
30 39 50
32 38 52
30 38 52
32 38 54
23 31 53
27 37 53
27 38 52
27 38 52
29 38 51
30 40 51
30 40 51
30 41 51
29 41 52
29 40 51
29 40 51
28 39 51
29 40 51
28 40 51
28 38 51
28 40 52
28 40 51
29 39 52
28 41 51
29 40 51
29 40 51
28 40 52
29 38 51
29 39 51
28 39 51
29 37 52
27 39 51
29 39 52
29 39 51
28 39 52
28 39 51
29 40 52
29 39 51
27 40 52
30 39 52
28 38 51
28 41 52
29 39 51
29 40 51
29 39 52
29 41 52
29 39 52
29 40 51
