31 33 53
32 31 53
33 32 53
32 33 52
31 31 53
33 32 53
32 33 54
32 32 53
33 32 53
32 32 53
32 32 53
32 32 52
32 33 52
33 32 53
32 32 53
32 33 54
31 32 53
33 33 54
32 33 53
33 33 53
33 32 54
32 32 54
32 32 53
33 32 54
33 32 54
32 31 53
31 32 53
33 32 53
33 32 53
33 32 53
33 32 53
33 32 53
33 33 53
32 31 54
32 33 53
32 32 53
32 31 53
32 32 53
33 33 53
33 31 54
32 32 54
33 32 53
33 32 52
32 33 54
32 32 54
32 33 53
32 31 53
32 32 54
32 32 52
33 32 53
32 32 53
31 32 53
33 33 53
33 31 54
32 30 53
32 31 53
32 31 54
32 35 54
32 34 53
33 36 53
32 38 53
34 39 54
35 37 53
35 39 53
33 40 52
34 41 52
34 38 53
34 37 54
33 35 53
33 36 53
34 34 52
34 36 51
35 35 50
32 35 50
33 36 52
32 35 50
31 34 51
31 35 51
31 37 52
32 37 53
32 36 53
32 39 53
31 38 53
31 37 52
31 36 53
32 38 53
32 41 51
31 41 52
33 42 53
32 41 53
33 39 53
33 41 52
34 41 55
33 41 52
33 42 53
34 41 53
33 42 52
36 41 52
35 39 52
35 42 53
35 40 52
35 41 50
36 39 51
34 40 52
35 41 51
35 40 51
36 40 50
35 40 52
35 38 51
34 38 52
35 38 51
33 40 51
34 39 52
34 38 51
34 36 51
33 40 53
33 39 53
33 36 53
32 36 53
33 38 54
33 37 52
33 37 51
34 36 53
34 38 51
33 38 53
32 38 53
31 34 54
32 35 54
32 36 54
32 35 53
33 33 53
31 36 53
32 34 54
32 35 53
32 31 53
33 32 53
33 33 52
32 34 53
31 31 53
32 32 54
33 34 53
32 32 53
34 31 52
32 32 53
32 33 53
31 31 54
32 33 55
32 33 53
33 32 53
34 33 53
33 32 53
32 33 53
32 31 53
31 30 52
32 31 52
32 32 52
32 33 53
34 33 52
32 31 52
32 34 54
33 38 52
33 38 52
34 36 51
35 36 54
34 38 52
34 38 53
34 39 54
33 38 54
35 36 53
34 38 51
34 39 52
35 37 51
35 38 52
34 38 51
35 39 50
34 37 51
34 38 52
36 39 53
35 37 52
35 37 51
36 38 52
34 39 52
34 39 54
34 38 53
33 38 53
34 40 54
33 40 53
36 38 52
34 40 53
34 40 52
34 39 53
34 40 53
32 40 52
32 40 52
33 39 53
32 39 52
32 40 50
31 39 49
32 39 54
32 39 52
32 39 52
31 39 52
32 36 52
33 38 52
33 38 52
32 39 53
33 36 53
32 35 54
32 33 53
33 36 53
32 38 54
33 36 53
33 34 52
32 35 52
33 36 53
33 37 53
31 36 53
32 38 51
31 35 52
33 38 54
34 39 54
33 39 52
31 37 52
32 37 51
32 37 53
31 38 53
30 37 52
33 37 52
30 37 53
33 40 54
32 36 54
33 37 53
31 36 53
33 35 53
32 36 52
31 35 54
32 34 53
33 34 54
32 33 54
32 33 54
33 34 53
33 33 52
32 33 52
32 33 53
32 31 54
32 32 54
33 33 53
32 33 54
31 34 54
31 34 52
32 34 54
32 34 52
31 32 53
32 35 53
31 35 54
30 34 53
31 34 52
31 34 54
30 34 52
31 35 53
31 34 53
30 34 53
31 33 54
30 34 53
32 35 53
31 35 53
30 35 53
32 33 53
30 33 54
30 34 53
30 33 53
31 34 53
31 34 53
32 35 53
31 34 53
32 34 53
31 34 54
30 35 54
31 33 53
31 34 53
32 33 53
31 34 53
31 34 53
32 34 53
31 36 53
31 35 53
30 35 53
31 33 54
31 34 52
31 34 53
31 34 52
31 35 53
31 34 53
31 34 53
30 35 53
31 33 53
32 34 53
31 36 53
31 34 53
31 35 52
30 34 52
32 35 53
31 34 53
31 34 53
30 34 53
31 33 52
31 34 53
31 34 52
30 33 53
31 35 54
32 34 53
31 34 53
30 34 53
