34 49 45
34 49 45
34 49 33
33 49 44
33 49 44
34 49 45
34 50 45
33 49 44
35 49 45
34 50 45
33 50 44
33 48 45
33 50 45
34 49 46
33 48 45
33 50 46
34 49 46
34 49 45
32 49 45
34 49 46
33 48 46
34 48 46
33 48 47
33 48 45
33 48 46
34 48 46
32 48 47
33 48 48
34 49 48
32 50 48
32 50 47
33 51 48
34 49 47
36 49 46
35 50 46
35 48 46
35 47 47
36 48 47
38 47 47
38 45 47
38 44 48
39 46 47
39 44 47
39 44 46
40 44 47
39 44 47
39 44 48
39 43 48
39 44 49
40 42 47
39 43 49
38 44 49
39 43 49
39 43 49
40 44 48
41 42 47
41 42 49
40 42 49
40 43 49
41 44 50
41 43 49
41 43 49
42 43 48
40 43 48
41 41 47
39 41 49
40 43 52
39 43 51
40 44 51
39 41 51
39 41 51
39 40 51
38 42 51
36 40 52
37 40 53
39 38 53
36 37 52
36 38 51
36 37 50
34 36 50
34 35 50
33 33 52
33 33 51
31 33 51
32 33 53
30 33 52
30 33 52
30 33 52
28 32 52
27 32 52
27 31 52
26 33 52
25 34 51
26 34 52
25 33 52
24 33 52
25 33 51
25 32 51
25 32 52
25 32 52
24 31 52
24 31 51
25 32 51
23 31 51
23 31 51
23 32 51
24 32 50
23 30 51
24 30 51
24 31 50
24 32 51
23 32 51
24 32 51
24 31 51
22 31 52
24 30 51
23 32 51
24 31 51
24 31 50
24 31 51
24 30 51
23 32 49
23 30 50
23 31 50
23 30 50
23 31 50
23 31 51
22 31 50
23 31 51
22 30 51
24 31 49
22 31 50
22 31 51
22 31 51
23 31 51
23 30 49
24 30 51
23 31 51
24 29 50
22 31 50
23 31 50
23 30 51
24 31 51
24 29 50
23 31 51
24 31 51
22 30 51
24 31 52
23 32 51
23 31 51
23 31 51
24 31 52
23 31 51
23 30 51
23 31 53
24 32 52
25 32 51
26 31 52
25 33 52
26 32 52
27 33 52
27 33 53
29 34 51
29 34 52
31 33 52
31 34 51
31 34 52
33 35 51
35 36 51
35 36 50
37 38 51
38 38 51
37 39 52
39 40 51
39 40 52
37 40 51
39 41 52
40 41 51
40 39 51
39 41 52
39 41 52
39 41 52
40 40 51
40 40 50
40 40 51
40 41 52
40 41 52
40 41 51
39 39 52
40 40 52
39 40 51
40 40 50
40 41 50
40 39 49
40 41 50
39 41 50
41 40 51
40 40 50
39 40 50
39 41 51
40 41 51
39 40 51
40 40 49
39 39 50
41 40 50
40 39 51
40 41 50
39 41 50
40 40 50
39 40 50
39 39 51
39 40 50
39 39 48
37 40 48
40 40 48
39 41 47
40 41 49
40 41 47
42 43 48
42 44 46
39 45 46
39 47 45
40 47 44
37 50 45
38 50 45
38 50 46
37 50 44
37 50 45
36 49 45
36 51 45
35 52 45
32 60 47
33 48 44
33 49 44
34 51 44
34 49 44
33 49 44
35 50 44
34 50 44
34 50 44
34 49 44
34 48 44
33 50 44
34 49 43
35 50 43
35 49 43
35 49 44
35 50 43
34 51 43
35 49 43
34 50 42
35 51 44
34 50 43
35 52 43
35 51 42
34 50 43
35 51 41
35 50 42
34 50 42
35 51 42
34 51 42
35 51 42
35 51 42
34 50 43
36 51 44
35 51 43
34 50 43
34 51 42
34 50 43
34 50 42
35 51 42
34 50 42
33 51 43
35 51 42
34 51 44
35 52 43
34 50 43
34 51 43
34 50 43
34 50 42
34 51 42
34 50 43
34 51 42
35 51 43
32 50 42
33 51 42
34 50 44
34 50 42
34 50 42
34 49 43
34 51 43
34 50 42
34 51 42
34 51 43
35 50 42
35 51 43
34 50 42
35 50 42
34 52 45
34 50 44
34 50 44
34 50 43
34 50 43
34 51 43
33 50 42
33 51 42
35 50 42
35 50 43
33 50 43
34 51 43
34 50 43
36 50 43
34 51 42
34 50 43
34 50 42
34 52 43
34 50 43
35 50 43
33 50 43
35 50 43
34 51 43
35 50 43
34 52 42
34 50 43
35 50 43
34 52 42
34 50 43
34 50 44
35 49 43
33 50 43
34 51 43
35 50 42
34 51 43
34 50 43
34 51 43
34 51 43
34 52 43
33 51 43
34 51 43
33 51 43
35 50 42
34 50 42
35 51 42
34 50 43
34 51 43
34 51 43
34 50 42
34 49 43
34 51 43
34 52 43
34 50 43
34 51 42
35 51 43
35 50 43
34 50 44
35 51 43
34 50 43
34 50 43
35 50 43
34 51 43
34 51 43
34 51 43
34 51 43
34 51 43
33 50 43
33 50 42
