42 44 46
42 44 33
41 45 47
43 45 46
42 45 47
41 44 47
42 45 46
42 45 47
42 45 46
42 44 46
43 44 46
42 44 47
42 46 47
42 44 47
42 44 47
42 44 46
42 45 46
42 44 47
43 46 47
42 43 46
42 45 46
43 45 47
42 44 46
42 45 47
43 45 46
44 45 47
42 46 47
42 44 47
42 45 47
42 44 47
43 46 46
42 45 47
41 44 46
42 44 47
42 44 47
41 44 47
42 45 46
42 45 47
41 45 46
41 45 47
42 44 47
42 45 48
42 46 48
41 45 46
42 44 46
41 45 47
42 45 47
42 45 47
41 44 46
41 45 47
42 45 47
41 44 47
41 44 47
43 44 48
41 43 48
41 43 48
42 42 49
41 43 50
41 43 49
41 45 47
41 44 47
41 44 48
40 44 48
40 45 47
39 44 49
40 43 48
39 42 47
38 44 48
39 44 48
39 43 49
41 44 48
39 44 49
39 43 48
40 44 48
42 44 48
41 45 48
41 45 48
40 44 48
41 43 50
40 43 49
39 46 48
39 45 48
40 43 48
41 44 48
39 44 47
40 43 48
41 44 47
39 45 49
39 45 49
39 45 50
37 43 50
38 45 51
39 43 52
39 42 50
38 41 51
38 42 50
37 41 49
38 40 49
39 41 51
37 40 51
38 38 51
37 39 51
37 39 52
36 37 52
35 37 51
35 38 51
34 37 51
34 36 52
33 36 52
33 35 53
33 33 53
33 33 53
32 36 53
31 32 52
30 32 53
31 32 52
30 31 52
29 32 53
28 31 52
29 31 53
29 32 52
27 31 53
29 31 53
28 31 51
27 30 53
27 31 52
26 32 53
28 32 53
28 31 53
27 31 54
27 32 53
30 33 53
28 32 53
29 31 53
28 32 52
28 31 52
28 32 53
28 32 53
29 32 52
28 30 52
28 30 51
27 31 52
28 30 53
28 32 52
28 32 53
28 32 53
28 32 52
28 32 52
29 32 52
27 30 52
28 32 53
27 30 52
28 32 53
27 31 53
28 32 53
28 32 53
28 32 53
30 32 53
29 33 53
30 34 53
30 33 52
30 33 53
30 33 54
30 33 53
30 32 53
30 32 53
31 34 53
31 34 53
30 33 53
30 33 53
30 33 52
31 33 55
30 34 52
31 33 54
31 35 53
31 35 52
32 36 54
33 36 53
33 36 53
32 37 52
34 38 52
34 38 52
34 38 52
35 39 51
36 41 52
35 39 51
37 41 51
36 39 52
39 40 50
38 42 50
38 41 50
38 41 50
39 42 51
38 43 50
38 42 51
39 42 51
38 43 50
37 43 50
39 44 51
37 42 51
37 47 56
37 42 50
39 43 50
37 44 51
37 41 47
38 43 51
38 41 49
37 42 46
37 43 49
37 44 51
39 44 51
38 44 48
39 45 49
40 44 48
40 43 49
39 41 50
40 43 50
40 44 48
40 45 48
42 45 49
40 43 49
41 44 48
41 45 48
40 44 49
40 43 48
40 44 48
40 44 48
40 44 48
39 45 48
41 44 47
40 43 48
40 45 48
42 43 48
40 44 48
40 44 48
40 44 47
41 44 49
40 45 48
39 44 48
40 42 49
39 44 48
39 42 48
39 44 49
40 44 48
40 43 50
40 43 49
40 44 48
39 43 49
39 41 47
39 42 47
39 43 47
40 41 47
39 42 48
41 41 47
40 43 48
40 42 48
40 43 48
40 43 49
40 43 49
40 42 49
39 44 49
38 46 49
39 45 49
39 45 48
38 47 49
38 45 50
39 47 49
37 45 47
35 46 48
33 48 50
33 46 49
32 44 50
33 43 51
31 44 55
32 39 51
31 39 52
32 39 51
32 41 51
34 42 51
32 43 51
34 44 51
35 43 51
33 43 50
32 42 51
33 42 51
33 42 52
32 43 50
34 42 51
33 43 51
33 42 51
33 42 50
33 42 51
32 42 50
33 43 51
32 43 51
33 43 51
33 42 51
33 42 51
33 42 51
33 42 50
32 42 51
33 44 50
33 42 50
33 42 50
32 43 50
33 42 51
32 42 51
33 43 50
33 42 50
32 42 50
33 42 51
32 41 51
33 41 50
33 42 51
33 42 51
34 43 51
32 41 51
33 42 50
34 43 50
33 43 51
34 43 51
32 42 51
33 42 50
33 42 50
33 43 50
32 43 51
33 42 50
33 41 51
33 43 50
33 42 52
33 42 51
32 43 50
31 43 50
34 42 50
33 42 50
32 43 50
33 42 50
33 42 51
32 43 51
33 44 50
33 43 51
32 42 50
