33 33 32
31 37 54
31 36 53
31 37 52
32 37 52
32 37 52
31 36 54
31 37 53
30 37 53
31 37 53
32 37 52
30 37 52
31 35 52
31 36 53
29 37 52
31 36 52
31 37 53
32 37 53
30 38 53
31 36 54
32 36 52
32 37 53
30 37 52
30 37 52
30 37 53
31 36 52
31 37 52
31 37 53
31 36 52
31 37 53
31 36 53
32 38 52
32 36 52
32 37 53
31 36 53
31 37 53
31 37 53
31 36 53
30 37 53
31 36 52
30 36 54
31 36 53
30 38 52
33 38 53
30 36 53
31 36 53
30 36 53
31 37 53
30 37 53
31 37 53
32 38 53
30 36 53
30 36 54
30 36 52
31 37 53
30 36 52
30 39 52
32 36 54
30 36 54
30 39 52
31 40 55
30 41 54
33 38 52
34 37 51
33 39 51
33 42 52
34 41 52
34 40 52
33 39 53
34 39 52
34 37 53
34 35 52
32 38 52
33 39 50
33 39 51
33 38 51
30 39 52
30 37 51
31 37 53
31 38 51
31 42 50
31 40 51
31 40 52
31 44 51
32 43 52
33 45 54
34 45 53
33 44 52
34 44 51
34 44 52
35 44 52
35 43 51
35 41 52
35 43 50
35 41 51
34 40 51
35 41 52
33 38 51
36 39 50
34 38 51
33 36 52
33 35 51
33 34 52
33 38 52
32 36 52
33 34 52
33 34 52
32 32 55
33 31 53
33 31 52
32 26 52
31 27 52
32 29 54
32 27 52
32 24 51
31 25 51
33 25 51
31 23 51
32 23 50
32 23 50
32 20 49
31 19 50
31 22 50
32 22 49
32 19 49
32 20 47
32 18 47
32 17 46
29 19 48
32 18 47
32 17 46
31 16 46
30 16 46
31 17 47
30 18 45
30 15 47
32 17 47
31 17 46
30 16 46
31 17 47
31 17 45
31 18 44
32 16 46
30 16 47
30 17 46
31 15 46
30 16 48
30 16 47
31 15 46
31 17 46
32 20 48
34 21 47
34 24 49
36 26 50
36 27 50
35 28 50
35 33 51
36 38 53
36 37 52
35 38 52
33 40 50
32 40 53
32 37 52
31 37 52
33 37 52
31 37 52
32 36 54
31 39 54
31 37 54
32 40 54
33 38 54
30 37 53
32 37 54
30 37 56
32 38 54
32 38 53
30 36 54
31 39 53
30 37 54
32 36 53
31 36 53
32 35 52
32 35 54
31 34 54
31 35 54
32 34 54
33 34 53
31 35 52
31 35 53
32 35 51
32 35 51
31 32 51
32 33 51
32 34 52
31 34 52
31 34 52
31 33 55
31 33 55
30 35 54
31 33 55
31 37 54
30 36 53
30 36 53
30 36 52
30 36 53
27 37 52
31 34 51
29 34 51
30 35 53
30 33 51
26 34 55
28 33 58
29 32 51
29 37 54
31 35 53
30 35 54
30 36 54
30 33 53
30 34 53
30 37 53
29 36 53
30 35 53
30 36 52
30 35 53
31 35 52
31 36 53
31 36 52
30 35 52
31 35 52
30 36 53
30 36 53
31 36 53
30 34 53
31 35 54
31 35 53
30 35 53
30 34 54
31 35 52
31 35 53
30 35 54
31 36 53
30 36 53
31 36 52
30 36 52
31 36 53
31 36 53
30 35 52
31 36 52
31 36 53
31 36 54
32 35 53
30 36 53
30 36 53
30 36 53
30 34 53
30 35 53
30 35 52
30 35 52
31 36 53
31 35 53
31 36 53
30 35 52
31 36 53
31 36 52
31 35 52
31 34 53
30 35 52
30 35 53
30 34 53
30 36 53
30 36 53
30 35 53
31 35 52
30 35 53
30 34 53
31 36 53
33 36 52
31 35 53
30 35 53
31 36 52
31 36 53
31 35 54
30 36 54
30 36 53
30 35 53
30 36 53
30 35 53
30 35 52
31 36 53
32 34 53
30 36 54
31 36 53
30 35 53
31 36 53
32 36 52
31 35 53
30 36 52
31 34 53
30 35 53
30 36 53
31 36 52
31 36 53
31 35 53
31 36 52
29 35 53
30 35 53
31 35 52
30 35 52
31 36 53
29 35 53
29 36 53
31 36 53
30 35 53
32 36 53
29 35 53
30 35 53
30 34 53
32 35 52
30 35 52
30 35 52
30 35 53
31 36 53
31 36 53
30 36 52
30 36 53
31 36 52
30 36 52
29 35 53
30 34 53
30 35 53
31 36 53
30 36 52
30 35 52
31 35 53
31 37 52
30 35 52
31 36 54
32 35 52
31 35 53
31 36 53
30 35 52
30 35 53
31 36 52
32 36 52
30 37 53
31 35 53
30 37 53
31 35 52
30 35 53
31 34 52
32 35 52
31 35 52
30 35 53
31 35 52
31 34 53
30 35 53
30 35 53
31 35 53
30 35 52
30 34 53
30 36 52
30 36 53
30 36 53
31 36 53
31 35 52
31 35 53
31 36 53
31 36 53
31 35 52
32 35 53
30 35 53
31 35 53
30 36 53
30 35 53
29 36 54
31 35 53
31 36 52
31 36 53
31 34 53
29 35 52
30 35 52
31 35 53
31 34 54
30 35 54
30 36 53
30 36 53
30 35 52
32 35 53
31 35 52
30 37 53
31 35 52
31 35 53
30 35 53
31 34 53
31 36 52
30 35 53
30 35 53
30 36 53
31 36 53
31 35 53
30 35 53
31 35 52
31 35 52
31 36 53
31 35 53
30 36 53
30 36 53
31 35 53
30 36 53
29 36 53
31 35 53
31 36 52
30 35 56
31 36 52
30 35 53
30 36 52
30 36 52
31 36 52
30 36 52
31 35 53
31 36 53
30 35 53
31 35 53
