30 45 50
30 45 50
30 45 50
30 45 49
30 43 49
29 44 50
30 43 50
29 43 50
30 43 50
30 44 50
30 43 50
30 45 49
31 44 49
29 44 49
31 44 49
30 44 50
30 44 50
29 45 49
30 44 51
29 43 51
28 43 51
27 43 53
28 43 53
28 45 53
29 45 52
30 45 51
29 45 50
26 44 50
32 45 52
32 43 50
33 42 49
35 45 52
36 44 52
38 43 49
38 42 49
40 41 48
41 43 47
43 41 47
43 40 46
43 42 45
43 41 44
43 44 43
41 43 44
38 44 44
37 48 45
36 49 44
35 48 44
36 47 44
35 47 47
35 49 46
37 47 48
37 46 48
36 47 47
37 48 48
36 47 48
36 47 47
35 46 46
34 47 47
35 45 46
36 47 48
35 47 47
35 47 47
36 48 46
33 49 46
34 45 45
34 48 46
36 48 46
36 48 48
36 47 48
37 48 49
35 48 49
36 46 48
38 48 49
36 48 48
36 46 48
37 47 48
37 45 49
38 44 47
37 45 49
38 42 49
37 42 49
36 42 49
37 41 50
36 42 50
36 43 50
37 40 51
37 39 52
38 41 51
36 38 52
36 39 50
36 38 52
35 39 50
33 37 51
35 36 52
34 36 52
34 35 53
34 36 51
33 34 53
34 33 52
34 33 52
33 34 51
33 32 52
31 32 52
30 30 53
32 30 52
32 30 53
31 31 53
31 31 53
32 30 54
32 30 53
31 30 53
33 31 52
30 30 51
32 31 52
29 30 53
30 31 52
29 29 51
30 28 52
28 29 52
30 30 52
31 30 52
31 29 52
29 28 52
30 29 53
29 28 54
30 28 52
31 29 52
31 28 54
29 29 52
30 28 52
30 29 51
29 28 52
29 28 52
29 28 52
31 27 52
29 28 52
28 27 51
30 27 52
30 28 51
29 27 52
28 26 52
30 29 52
30 27 52
29 27 52
30 27 52
30 27 53
29 27 52
29 27 51
29 26 51
30 27 52
30 26 50
29 28 50
29 26 52
29 27 51
29 26 51
29 27 51
29 27 52
30 25 51
28 26 51
28 27 51
28 26 52
29 26 52
29 26 50
29 27 52
28 27 52
28 26 51
29 25 51
28 25 51
28 27 52
29 24 51
28 25 51
29 26 51
28 26 50
27 26 51
28 26 50
28 25 51
29 26 51
29 26 52
29 27 52
29 27 52
30 26 52
28 27 52
28 26 52
29 26 52
29 26 53
29 27 52
29 25 51
29 27 52
30 27 51
28 27 53
28 25 51
30 27 51
28 27 51
28 27 52
27 26 51
28 28 52
29 27 52
29 28 52
29 29 53
31 28 51
31 30 52
31 30 51
32 30 52
30 30 52
31 32 53
32 33 52
32 33 54
31 34 53
32 35 53
32 35 52
34 34 52
33 36 53
34 36 53
34 36 52
35 36 51
36 38 52
36 38 51
35 37 50
36 38 52
36 39 51
36 40 51
36 40 51
37 38 50
37 40 51
37 40 51
36 40 50
37 43 50
38 43 50
38 41 51
36 44 50
37 36 48
37 45 51
37 45 49
36 44 50
37 45 51
36 43 49
37 44 49
37 43 48
37 45 49
37 44 49
37 45 48
38 45 48
36 44 48
37 43 50
38 44 47
37 44 48
38 45 48
37 44 47
37 45 48
38 46 49
37 46 47
39 47 48
38 48 48
37 48 48
36 47 46
37 47 48
40 48 49
37 46 48
38 47 48
35 48 47
37 46 46
37 46 48
37 46 46
37 46 48
36 45 47
36 46 47
37 46 47
35 46 46
36 47 48
36 45 47
36 44 48
35 44 49
35 45 47
35 46 48
37 46 48
37 46 47
38 46 47
38 42 47
41 43 46
41 43 47
42 42 46
44 43 44
42 44 44
42 44 42
44 43 40
43 42 42
42 44 47
42 42 45
38 44 54
37 43 51
36 41 52
33 42 55
34 37 51
32 40 55
31 43 54
31 43 52
28 43 51
29 41 53
31 39 55
31 39 55
29 40 53
30 40 51
33 42 51
32 42 51
31 41 51
31 41 51
33 42 50
32 41 52
31 39 52
32 38 52
31 39 51
32 42 52
34 41 51
32 44 51
29 41 51
31 41 52
31 42 52
31 41 50
31 42 51
31 41 51
31 41 51
32 42 50
32 42 50
31 42 52
31 41 50
32 41 51
31 41 50
31 42 51
32 43 50
32 42 51
31 43 51
32 42 50
31 42 50
32 41 50
33 41 50
32 42 51
30 42 51
32 43 51
30 41 51
31 42 50
31 42 51
30 42 51
30 42 51
31 42 50
31 42 52
31 41 50
30 42 50
31 42 50
33 42 50
32 42 51
31 42 50
