24 50 43
24 50 43
38 24 50
24 48 43
24 47 43
25 49 43
26 49 43
23 48 43
25 49 43
25 49 43
26 49 42
26 48 43
26 49 42
25 48 43
25 48 43
25 48 43
24 48 43
24 48 43
25 48 42
25 49 43
25 49 43
24 48 43
24 48 43
24 49 43
24 49 43
26 49 43
25 49 43
25 49 43
24 49 44
24 50 43
24 49 43
25 51 44
26 49 44
26 48 43
25 49 43
26 50 42
25 48 41
26 48 42
27 48 42
27 49 44
27 50 47
28 53 48
29 56 51
29 56 50
30 55 51
28 53 49
30 53 48
30 52 48
32 50 46
32 49 44
33 46 44
34 44 46
34 44 45
34 41 45
35 40 45
35 38 46
35 35 47
32 36 48
32 35 46
29 42 46
26 44 47
29 46 48
28 45 48
28 43 48
28 46 48
29 46 46
30 47 48
29 45 49
30 45 46
30 45 47
31 50 44
27 51 46
29 46 47
30 51 46
28 50 47
30 49 45
29 50 44
29 51 44
27 50 47
27 50 46
27 53 48
28 51 47
28 51 47
27 51 47
29 52 47
30 50 47
31 48 48
32 48 46
31 48 46
32 47 46
31 47 45
32 48 44
34 47 44
35 44 46
35 44 45
35 45 46
36 43 47
36 43 46
35 44 47
35 44 48
35 45 47
35 45 48
35 43 49
35 45 49
34 45 49
35 44 47
35 46 48
34 44 47
33 44 50
32 43 49
32 43 50
32 43 52
31 42 51
30 43 51
29 43 52
29 40 53
28 40 51
30 40 52
28 40 50
29 40 51
28 38 51
29 38 51
29 39 51
28 39 51
28 40 52
28 38 52
28 38 52
28 37 53
28 39 52
27 37 51
25 35 52
27 35 52
27 34 52
27 35 52
28 34 51
26 33 52
28 33 52
27 32 52
28 33 51
26 33 51
26 34 51
25 33 52
28 32 52
27 32 53
26 33 52
27 32 51
27 32 52
27 32 52
26 34 51
25 32 52
26 31 53
26 31 52
25 31 53
26 31 52
26 32 53
27 30 53
26 31 52
26 30 51
26 31 53
26 31 52
25 28 51
26 30 51
25 29 52
25 28 51
26 29 50
25 29 51
25 28 50
25 26 51
25 29 50
23 28 51
27 28 52
25 27 51
24 28 51
26 27 51
24 28 50
25 28 51
25 27 50
25 26 52
24 27 50
23 27 50
24 27 49
24 27 49
23 27 48
24 26 50
24 25 50
24 26 51
24 26 50
24 26 50
24 25 50
24 27 50
23 26 50
23 26 50
22 27 49
23 26 51
23 26 50
24 26 49
23 25 49
23 26 49
23 25 49
23 25 49
23 26 48
22 26 49
22 24 49
22 25 50
24 27 49
24 27 48
24 28 49
22 29 49
22 28 48
24 30 49
24 30 49
23 30 49
25 31 52
25 30 51
24 35 52
26 34 54
25 33 52
26 35 55
26 35 54
26 38 54
28 37 54
26 40 52
30 40 54
31 40 53
32 39 52
33 39 51
34 38 49
36 40 47
33 38 47
33 38 48
33 39 50
33 40 48
33 42 49
34 40 49
33 43 49
34 45 48
32 45 50
30 47 50
31 46 51
32 47 50
31 48 50
31 48 50
30 47 49
31 46 50
32 48 48
30 47 48
32 46 48
30 45 47
30 45 47
30 45 47
30 46 47
31 48 48
30 46 47
32 48 47
32 49 47
32 49 47
29 50 46
31 49 45
30 49 46
31 51 46
31 49 46
32 47 46
31 50 43
29 48 44
29 47 45
31 54 49
29 46 46
31 53 47
29 49 47
28 46 46
27 47 46
28 46 46
26 43 47
26 46 47
26 44 48
24 39 49
25 42 49
23 41 48
25 39 45
24 42 43
25 43 44
28 41 44
29 42 43
32 45 46
32 45 45
32 45 44
31 49 45
29 52 42
26 54 44
27 54 45
25 55 46
25 56 48
26 53 47
24 54 45
25 48 44
26 49 46
25 50 44
22 53 43
24 55 39
25 54 39
24 49 38
22 52 39
24 56 34
26 52 34
22 52 41
24 51 42
25 51 41
25 52 39
25 52 40
26 52 39
27 50 40
26 50 40
25 49 39
24 50 40
24 51 40
23 49 40
24 50 40
23 50 41
24 49 43
25 48 43
25 48 43
25 49 42
24 49 42
25 48 43
24 49 42
24 47 43
23 49 44
24 48 43
24 48 43
25 49 43
24 48 44
25 48 43
24 50 43
24 50 43
25 49 44
25 49 44
25 48 44
24 47 43
24 48 44
24 47 44
24 48 44
24 48 44
25 47 42
24 49 44
23 49 43
26 48 44
25 47 44
23 47 44
25 48 44
24 48 43
24 48 43
23 48 44
24 47 44
23 48 44
24 48 44
24 49 44
23 48 43
24 47 43
26 47 44
24 49 44
24 47 43
24 48 43
24 47 44
24 48 44
24 48 43
25 48 43
24 47 43
24 49 44
24 49 44
25 48 44
