26 34 52
26 34 52
26 34 52
27 33 51
26 33 52
27 35 52
26 34 52
27 33 53
26 33 52
27 34 52
26 33 51
28 33 52
26 33 53
26 32 52
27 34 51
27 33 52
27 33 52
28 34 53
26 33 52
26 34 53
27 32 53
26 32 52
27 33 52
28 34 52
28 34 52
27 33 53
26 34 52
27 32 52
28 33 52
27 35 53
27 33 53
27 32 52
27 34 53
27 34 53
26 34 51
27 35 52
27 33 52
26 34 51
27 35 52
28 33 52
26 34 52
27 34 52
26 34 52
26 33 52
26 33 52
27 33 52
27 33 53
28 33 52
26 33 52
27 34 51
27 33 52
27 34 53
28 33 52
27 34 52
26 35 52
25 32 53
27 32 53
28 33 53
27 33 52
26 34 52
27 34 52
26 34 52
27 35 51
28 33 53
26 33 53
28 34 52
26 35 53
27 33 52
26 33 51
26 33 53
27 33 52
26 32 53
26 33 50
24 33 52
25 35 52
25 33 53
26 36 53
27 35 53
28 35 52
29 34 52
27 35 54
28 34 53
28 34 53
28 33 50
29 36 51
29 37 52
28 37 51
28 38 51
30 38 52
30 38 52
31 37 52
30 37 51
31 38 52
31 38 52
31 40 52
33 40 51
31 39 50
31 39 52
32 39 53
32 40 51
33 41 51
33 41 51
33 43 50
32 42 50
32 43 50
33 43 50
33 44 50
33 43 51
32 44 51
32 44 50
32 46 50
32 45 51
34 46 51
33 46 50
32 47 50
33 47 50
34 46 50
34 45 50
33 46 50
35 47 50
35 47 51
35 43 50
35 45 50
35 45 51
35 44 51
35 42 51
34 44 50
34 40 51
35 43 50
33 41 50
34 39 50
34 39 52
34 40 51
33 41 52
32 37 52
33 37 51
35 37 52
34 35 51
34 35 52
33 35 51
33 34 52
34 33 52
32 34 52
32 32 53
32 31 52
32 31 53
31 31 53
31 30 52
31 29 52
30 31 53
31 30 53
31 30 53
32 31 55
31 30 53
31 27 53
30 27 53
30 29 54
30 28 52
29 28 51
30 26 52
31 26 53
30 26 52
30 27 52
30 26 52
30 25 51
31 26 53
30 27 52
29 24 52
30 25 52
30 24 52
30 26 51
30 25 52
31 25 51
30 25 51
30 26 52
29 25 51
30 24 50
30 23 50
30 22 51
29 24 50
30 23 50
30 22 49
30 22 51
30 22 49
30 22 50
30 22 49
27 21 49
29 22 49
28 21 48
28 22 49
27 18 48
27 20 48
28 19 48
27 19 47
28 18 47
28 17 46
27 19 47
27 19 48
25 19 47
27 19 47
27 19 48
28 19 47
27 20 47
27 19 47
28 20 47
26 19 47
27 18 46
25 19 47
27 19 48
26 19 47
26 19 46
26 18 46
26 18 46
26 20 47
26 18 46
26 18 45
27 20 46
26 19 48
27 19 47
28 23 48
29 22 49
30 23 51
31 23 48
31 21 48
32 23 49
34 27 50
33 30 50
32 28 51
35 33 52
35 38 53
36 37 51
36 36 50
36 42 51
36 43 52
36 42 51
35 43 51
35 44 51
35 46 52
34 45 51
36 46 50
34 46 51
34 46 50
34 47 51
35 44 51
35 44 50
34 45 48
33 46 49
31 48 49
32 46 49
32 47 49
32 46 48
32 46 49
32 46 51
32 46 50
31 45 49
30 44 52
32 44 51
30 44 51
30 43 52
31 44 53
32 44 53
32 43 53
32 42 54
33 42 50
30 38 50
33 38 52
35 36 52
33 40 50
34 37 51
32 42 50
31 41 48
32 36 47
36 35 50
35 37 46
32 42 46
32 41 51
33 39 50
29 40 54
29 46 61
32 39 60
34 39 56
32 36 54
31 35 52
29 31 51
27 36 54
24 27 54
25 28 54
27 31 51
26 32 51
25 34 54
26 33 51
26 32 50
26 32 52
25 33 53
28 33 53
26 32 54
26 30 51
26 33 51
26 32 53
25 32 52
26 33 53
26 33 52
26 33 53
26 33 53
27 33 51
27 33 52
25 32 52
26 33 52
26 34 52
25 33 51
27 33 51
26 34 53
27 33 52
26 33 52
27 34 52
27 33 52
27 33 52
28 33 52
27 32 53
26 32 52
26 32 53
26 33 52
27 32 52
26 32 52
28 33 52
26 33 52
27 33 52
27 34 53
26 34 52
26 34 51
26 33 51
26 34 52
27 32 53
27 33 52
26 34 52
27 33 51
25 32 53
25 33 52
28 33 52
26 32 53
26 33 52
26 32 51
25 33 53
26 33 52
26 33 53
26 34 52
26 34 52
26 34 54
27 32 52
26 33 51
26 33 52
27 33 52
26 33 52
26 34 52
26 33 52
26 33 52
26 32 51
27 33 52
27 33 52
27 34 52
27 33 52
28 33 53
27 34 52
26 34 52
26 33 52
26 33 51
27 34 52
28 33 52
27 33 52
27 33 52
27 32 52
27 33 52
27 33 52
26 33 53
26 33 53
27 33 52
28 33 51
27 33 52
26 33 52
26 35 53
27 33 52
26 33 51
26 34 52
27 34 52
26 33 52
27 34 53
27 33 51
27 33 52
26 32 52
27 33 52
25 32 52
27 33 52
26 33 53
27 34 53
26 33 52
27 33 53
26 33 52
27 33 53
26 33 53
26 33 52
27 34 52
26 33 52
27 33 52
25 34 52
26 34 52
27 34 52
26 34 52
26 34 51
26 33 52
28 34 52
27 33 52
27 34 53
27 32 53
27 34 53
27 33 53
25 32 51
27 32 52
25 33 52
27 32 52
26 32 52
27 33 52
27 34 52
25 33 52
26 33 52
27 34 53
27 34 52
27 34 51
26 31 52
27 34 52
27 34 52
27 33 53
27 34 52
27 33 52
28 33 52
27 32 52
26 34 53
26 33 52
26 34 52
27 34 52
27 32 52
26 34 52
27 32 52
28 32 52
26 33 52
26 33 52
26 34 51
26 35 52
27 33 53
26 33 53
25 32 52
26 33 52
27 34 52
26 33 52
