31 36 54
30 35 53
30 35 53
30 35 53
32 37 52
31 37 53
30 36 53
31 37 53
30 36 53
31 37 54
31 35 52
31 37 53
31 36 52
30 37 51
31 36 53
31 36 53
30 36 53
30 36 54
30 37 53
31 35 51
32 37 53
30 35 53
30 37 53
32 37 52
31 36 53
31 36 52
31 36 52
31 37 52
31 37 53
32 37 54
31 37 53
31 37 52
31 37 52
31 37 53
31 38 53
30 36 52
32 36 52
31 37 53
32 35 53
31 35 53
31 36 52
31 36 53
30 37 53
30 37 53
32 37 52
31 37 53
31 36 53
32 35 53
31 37 53
30 36 53
30 36 52
31 36 53
31 36 52
31 36 53
31 37 53
31 37 52
31 37 53
32 37 53
31 35 53
31 36 52
30 36 54
31 37 53
32 36 53
32 37 52
31 36 53
31 37 52
32 36 52
32 35 54
31 36 54
31 35 52
31 37 53
31 36 53
31 36 52
32 40 52
33 41 55
34 44 54
34 44 53
37 47 52
36 44 52
35 44 49
36 48 48
37 47 47
38 47 47
38 46 45
37 47 46
37 45 44
38 42 45
37 43 45
37 42 45
37 40 47
35 42 47
37 40 50
37 44 48
38 45 48
38 44 48
37 44 50
38 47 51
39 48 49
38 49 48
39 48 47
39 47 47
39 47 47
40 46 47
39 44 46
39 44 47
39 45 46
38 48 46
39 48 48
39 49 48
34 44 56
40 49 50
40 48 48
40 46 47
39 47 46
39 48 46
38 45 46
38 44 48
38 44 48
39 44 46
37 46 45
37 45 46
39 44 46
38 46 48
40 45 48
40 45 49
39 44 50
40 47 47
41 44 48
43 41 49
51 38 49
49 34 48
45 39 48
41 41 48
40 42 50
39 41 48
38 40 48
37 40 48
37 41 48
39 43 51
40 45 51
39 43 50
40 44 48
40 44 49
39 41 50
40 41 50
39 39 52
41 38 50
42 36 51
43 37 50
43 38 50
43 41 50
43 40 51
43 39 50
42 39 50
42 35 50
42 36 51
42 36 50
42 36 49
43 35 50
43 36 50
42 37 50
43 37 51
42 35 53
41 36 53
41 36 53
41 35 52
42 35 52
40 36 50
40 33 49
40 33 53
40 35 52
38 34 52
38 34 51
38 34 52
38 34 51
38 35 53
38 33 53
36 35 52
39 34 52
37 32 53
37 33 55
38 34 54
37 33 54
39 34 54
37 34 54
37 33 53
36 33 53
37 31 52
36 32 54
35 29 52
35 30 52
35 28 53
35 28 52
33 27 51
33 26 51
31 27 52
32 26 52
32 27 51
31 25 52
31 23 51
32 24 51
30 25 52
31 24 51
30 24 53
31 22 50
29 22 50
30 20 51
29 23 50
29 22 49
28 23 50
29 21 50
28 20 49
29 20 48
28 20 49
28 20 49
28 21 48
28 19 49
27 21 49
28 20 48
28 21 49
28 21 48
27 20 49
29 20 48
28 19 49
28 20 49
27 19 47
28 19 48
29 18 48
27 19 48
27 19 47
28 19 47
28 18 47
29 20 47
28 17 47
26 19 46
27 19 45
26 19 47
27 19 47
28 19 48
28 19 47
27 18 47
27 19 47
28 19 46
27 18 46
27 18 46
27 18 47
26 18 46
28 19 46
28 18 47
27 19 46
26 17 47
28 19 46
27 21 46
28 22 49
28 20 49
29 21 48
28 21 49
29 21 51
29 21 50
29 24 51
30 24 51
31 26 52
32 26 53
32 25 55
32 26 54
32 28 54
32 28 55
33 27 53
33 28 53
34 29 53
35 31 53
37 31 53
36 32 53
37 32 53
38 33 52
38 32 51
37 33 51
38 32 50
37 33 50
38 33 50
37 33 50
37 34 49
37 36 50
38 37 51
39 39 52
41 39 52
40 41 52
41 42 51
41 41 51
40 42 50
40 40 50
41 40 50
38 39 51
39 40 51
40 40 51
39 39 51
38 41 49
37 41 51
37 42 51
38 40 51
38 42 49
31 34 50
34 28 45
36 36 53
37 40 51
36 40 52
36 40 55
36 41 50
38 40 52
37 39 51
35 39 51
36 41 51
36 41 51
37 40 52
36 41 49
35 40 49
36 41 49
35 39 50
36 40 49
34 41 50
35 40 51
35 40 51
36 40 52
37 39 51
35 39 52
36 36 54
35 35 55
30 38 62
32 37 49
32 34 52
31 38 52
30 37 52
29 35 52
27 35 54
30 34 53
30 35 53
31 37 53
30 37 53
31 38 53
31 38 52
33 39 52
32 39 53
32 38 51
31 39 52
32 39 52
30 36 54
31 38 53
32 38 52
32 38 53
31 38 52
31 37 52
31 38 52
32 38 52
32 36 52
31 38 52
32 38 52
31 37 52
31 36 52
31 37 53
31 38 52
33 37 52
30 36 53
33 36 52
32 38 52
31 38 52
31 37 53
31 37 53
32 38 52
29 38 52
32 39 53
31 39 53
31 38 52
31 38 52
31 37 52
32 37 54
30 38 52
31 38 53
30 38 52
32 39 53
32 38 52
31 38 53
31 38 52
30 39 52
31 38 53
31 39 53
30 39 52
32 38 53
31 38 53
31 39 52
31 39 52
31 38 53
31 38 52
31 38 52
31 38 52
33 39 52
33 38 53
31 38 52
30 38 52
31 39 52
32 39 53
32 39 52
32 38 52
32 38 52
32 39 53
32 39 52
32 39 52
32 38 52
31 37 52
31 38 51
31 38 51
32 37 53
30 39 53
31 38 52
31 39 52
32 39 52
30 39 52
