26 33 52
26 33 52
26 33 51
26 32 51
25 33 52
26 31 51
26 32 52
26 32 52
26 31 51
25 33 53
26 33 52
27 32 51
25 33 52
26 32 52
26 32 52
26 33 51
25 32 51
26 32 51
27 32 52
26 32 52
25 33 52
25 31 52
25 33 51
25 33 51
26 32 51
26 32 52
27 33 52
26 33 52
26 32 53
26 32 51
25 32 51
26 31 52
27 33 52
26 32 52
26 32 50
25 33 52
26 32 52
25 32 53
27 32 53
25 32 52
27 33 52
27 33 52
26 32 52
26 33 52
25 33 53
27 31 51
25 32 51
26 33 52
25 31 52
25 33 53
25 33 53
26 32 52
27 33 52
26 32 51
26 31 53
26 30 52
26 31 51
26 31 51
26 32 52
26 32 53
25 32 52
27 33 52
26 33 52
26 32 51
26 31 52
25 31 53
25 31 52
26 31 51
25 33 52
27 33 52
24 33 52
27 31 51
26 32 52
26 31 52
26 31 53
26 31 52
26 31 52
25 31 52
24 33 52
25 32 52
25 32 52
25 30 52
26 31 52
26 31 51
26 32 51
26 33 52
26 32 52
26 33 52
26 31 51
27 31 52
25 32 52
26 32 51
26 31 53
26 31 52
26 33 51
25 30 52
27 31 53
26 31 52
26 31 52
25 33 52
26 32 52
25 31 52
25 31 52
25 31 52
26 31 52
25 31 52
26 32 52
27 32 52
25 31 52
26 30 52
26 32 52
26 32 51
26 31 51
25 31 52
25 33 51
25 29 52
28 32 53
26 34 53
26 34 54
25 33 53
25 31 54
26 33 52
25 33 53
25 32 53
26 30 52
26 31 52
27 33 52
26 32 51
27 31 52
27 35 53
27 37 53
29 36 51
29 36 49
29 34 52
29 37 52
29 36 51
29 36 52
32 37 53
31 36 52
31 37 53
31 39 52
30 38 52
32 38 52
31 39 51
32 38 51
32 42 52
34 40 51
33 39 51
33 40 51
33 42 52
32 42 51
32 42 51
33 44 52
34 43 52
32 43 52
33 44 53
34 44 52
33 42 53
33 42 53
33 43 51
33 42 51
33 42 52
33 43 51
35 42 52
34 41 51
35 40 51
35 41 51
35 41 52
36 41 51
35 40 52
36 40 51
36 40 51
36 40 52
34 40 51
36 40 52
35 39 52
36 38 52
35 38 53
36 37 51
35 38 51
36 37 52
36 37 52
36 35 52
35 37 52
35 36 52
35 36 52
35 36 52
34 34 54
34 35 52
33 34 52
33 34 54
34 33 53
33 35 53
32 33 54
32 32 53
33 33 52
33 33 54
32 33 53
32 32 53
33 32 53
33 33 54
32 32 52
32 32 53
33 31 54
33 32 53
32 33 54
33 33 53
32 32 53
32 31 54
32 32 52
32 32 53
33 30 54
32 31 54
32 33 53
32 31 53
33 32 53
32 31 52
33 31 53
33 32 54
32 29 53
31 31 53
31 31 53
32 31 53
33 31 53
33 31 53
32 31 53
31 30 54
32 31 53
33 29 53
30 30 52
32 30 53
34 29 53
31 30 52
31 31 52
31 29 53
31 28 54
31 30 53
31 29 53
31 29 53
30 30 53
30 30 52
32 31 53
31 30 53
31 30 53
32 29 53
32 30 52
32 29 53
31 30 52
32 30 52
30 29 52
30 29 52
30 29 52
29 28 53
31 27 52
30 31 52
30 30 51
31 30 50
31 30 52
31 32 52
32 32 50
32 33 52
32 34 53
34 34 53
33 36 53
33 36 53
34 35 54
32 37 54
34 37 53
33 39 53
32 37 54
34 39 53
33 38 53
33 39 52
34 38 52
34 38 53
34 40 51
33 39 51
34 39 50
35 40 50
34 40 50
35 40 51
36 41 49
35 40 50
35 42 50
34 43 50
36 44 51
34 43 50
35 45 50
34 45 49
35 45 50
34 44 51
33 43 50
35 43 50
34 44 51
34 46 51
33 46 50
34 43 49
33 44 49
33 46 49
35 45 49
35 47 51
34 46 52
31 43 47
31 44 51
31 43 52
31 42 53
31 42 51
31 43 51
32 43 49
32 43 51
30 41 48
31 34 47
30 28 51
32 33 53
33 36 53
30 33 52
28 30 50
25 29 50
25 32 53
26 31 51
24 28 51
25 30 52
25 28 51
25 28 50
24 33 50
23 37 50
24 30 55
26 34 53
26 31 54
25 31 52
24 32 52
25 32 51
25 31 51
25 32 52
26 32 52
24 33 52
25 33 51
25 32 51
25 32 53
26 32 52
26 31 52
25 32 52
26 32 52
26 32 50
26 32 51
24 32 52
26 32 52
25 30 51
26 31 51
27 32 53
25 31 51
26 32 52
26 31 52
27 31 52
25 32 50
26 31 52
26 32 52
25 33 52
25 33 52
26 32 51
26 33 52
26 33 52
25 33 52
25 32 52
25 33 52
26 33 51
26 33 52
26 33 52
25 34 52
25 33 52
26 33 52
26 33 52
26 33 51
27 33 52
26 32 52
26 33 51
23 33 50
26 34 51
27 33 53
24 33 51
27 33 52
26 33 51
25 34 52
26 32 52
26 33 53
27 31 52
26 34 52
27 34 52
27 32 52
26 32 52
26 32 52
26 33 53
26 33 52
26 33 52
26 32 52
27 34 53
26 32 53
26 33 53
26 34 53
25 33 53
28 33 52
27 34 52
27 34 52
25 32 51
26 32 52
27 32 53
27 32 52
27 34 52
26 32 52
25 33 53
26 32 51
26 33 53
26 33 51
26 32 51
26 32 51
27 33 53
26 34 52
27 32 53
27 32 52
26 33 52
27 32 52
26 33 52
26 33 52
25 32 52
27 32 52
25 33 51
27 34 51
26 32 52
26 33 52
26 33 51
27 33 52
27 32 51
26 32 53
26 33 52
27 34 52
26 34 52
26 33 51
26 33 53
26 33 51
26 32 51
26 33 52
26 33 53
26 33 52
26 33 52
25 33 51
26 32 52
26 33 52
26 33 52
27 34 53
26 34 52
26 32 52
28 33 52
27 33 52
26 33 52
26 33 52
25 33 52
26 33 53
27 34 51
27 33 53
26 33 52
28 34 52
26 33 52
26 32 53
26 34 51
27 32 53
26 33 52
27 32 51
26 32 52
28 34 52
27 33 52
26 33 52
27 34 52
26 33 52
26 32 52
27 34 52
26 34 51
26 33 52
27 34 53
26 34 52
25 33 52
26 34 52
26 33 52
26 33 52
26 33 53
26 33 52
26 33 53
27 32 53
25 33 52
26 34 52
26 33 51
26 33 52
27 32 51
26 34 52
27 33 52
27 32 52
27 33 52
