30 42 52
30 42 52
29 43 51
30 41 50
30 42 51
30 42 51
29 41 50
30 42 51
29 42 51
30 41 51
30 41 52
29 40 52
29 42 52
30 41 53
30 41 52
30 42 52
31 42 51
31 42 51
30 41 50
31 40 50
30 41 51
30 42 50
30 40 50
31 39 49
33 42 49
31 42 53
33 43 52
32 41 51
33 40 51
31 41 51
29 41 51
31 41 52
30 41 52
30 41 51
30 41 53
29 41 51
32 41 51
30 41 50
31 40 52
31 39 51
31 41 51
30 40 52
31 41 52
31 41 52
31 41 51
30 41 51
30 41 51
31 41 51
30 41 52
30 41 51
30 39 50
29 40 53
29 40 53
31 39 52
30 39 51
29 42 54
31 42 54
33 46 56
33 48 54
34 47 52
36 47 49
38 47 49
38 43 48
39 45 45
40 46 43
39 45 45
38 43 46
37 43 45
38 43 46
36 43 47
36 43 48
37 37 47
38 38 49
37 40 50
38 44 50
39 44 53
39 48 48
39 44 50
40 44 47
41 44 48
40 44 50
41 46 50
40 46 50
41 45 49
40 45 49
42 46 50
40 45 49
40 43 50
41 44 49
41 43 49
39 40 51
39 41 51
40 41 50
40 40 52
41 39 49
39 40 50
40 40 51
39 40 52
40 38 51
39 37 50
39 36 51
38 37 51
39 37 50
39 38 50
38 36 52
38 35 51
36 35 52
37 34 51
36 36 52
36 35 52
36 36 52
35 34 54
37 34 53
36 33 53
35 33 53
34 32 53
33 34 52
34 32 53
35 33 53
34 31 52
33 31 53
34 31 53
33 32 54
33 32 54
34 32 53
32 31 53
34 31 53
33 31 52
32 31 52
33 30 53
32 30 52
31 30 53
32 31 53
33 30 51
31 29 53
31 30 52
32 30 53
31 30 53
31 30 53
32 30 52
31 31 54
31 29 52
30 28 53
32 30 52
30 30 53
30 28 52
30 30 52
31 29 53
30 29 51
31 30 53
31 29 52
31 29 53
29 30 52
29 28 52
29 30 52
30 28 51
31 29 52
31 29 52
31 30 52
31 30 54
32 30 53
32 30 54
32 32 53
31 32 53
31 33 53
33 34 53
32 33 53
33 33 54
33 34 53
32 33 54
34 34 52
34 35 53
35 36 51
34 36 51
37 36 51
36 37 51
37 38 49
38 37 49
38 38 49
39 39 50
41 39 51
41 40 51
39 41 51
39 41 51
40 42 51
39 42 50
41 43 51
39 42 51
40 42 51
39 43 50
39 43 51
39 43 51
41 43 51
39 45 50
39 43 49
41 44 48
40 43 48
39 44 50
40 45 49
39 43 49
41 48 49
39 44 49
40 43 48
40 43 48
39 44 49
40 43 47
41 44 48
40 44 50
42 42 49
41 43 48
40 44 48
41 45 48
41 44 49
40 44 46
42 46 50
40 45 46
42 44 48
39 43 49
39 43 50
39 45 48
38 44 48
38 41 48
38 43 47
37 41 47
36 38 46
38 40 43
35 43 47
37 48 46
38 44 49
40 40 49
40 40 46
39 44 52
38 43 52
32 42 54
29 40 55
29 45 53
27 41 55
29 41 56
28 37 52
27 39 54
28 40 53
29 42 53
29 41 52
30 42 50
29 40 51
29 41 52
29 41 51
31 39 50
28 41 52
30 41 52
30 42 52
30 41 52
30 40 53
30 41 51
30 40 50
28 40 52
30 40 52
29 41 51
30 42 51
29 41 51
30 41 52
29 41 51
30 41 51
31 41 51
31 41 51
29 41 52
30 41 51
29 41 50
30 42 50
31 41 50
30 42 52
30 42 51
29 41 51
31 42 51
30 39 52
30 39 52
29 40 51
29 42 51
30 42 51
29 42 51
29 41 51
30 43 51
31 41 51
29 41 50
30 41 51
29 41 52
30 41 52
30 41 52
30 40 50
29 41 50
31 40 50
31 41 50
31 42 50
31 40 51
30 40 52
30 40 51
30 40 51
31 41 50
31 41 51
31 40 50
29 41 51
29 40 52
30 40 52
29 40 51
31 41 51
30 43 51
30 41 53
31 40 51
31 39 52
30 39 51
30 40 50
30 40 50
33 41 51
30 40 52
32 40 51
32 39 52
32 42 50
31 41 51
31 40 51
32 41 51
31 41 51
32 43 51
31 43 51
32 42 51
31 41 51
32 41 51
32 42 50
32 41 51
31 42 51
33 42 52
33 42 52
32 43 51
33 42 50
32 41 50
33 42 51
32 43 50
33 42 51
33 44 51
33 43 51
34 42 51
33 43 50
33 42 51
34 42 50
33 44 53
33 42 52
33 44 51
34 42 50
33 43 51
33 42 51
32 44 51
32 43 50
32 42 50
33 42 51
32 42 50
32 41 50
32 43 51
32 41 51
32 42 51
31 42 52
33 43 52
32 42 51
32 42 52
31 42 51
31 42 50
31 41 50
29 42 50
31 41 52
31 42 51
31 40 51
