32 40 51
32 40 51
32 42 53
31 41 52
31 40 51
31 40 52
31 41 51
32 41 51
31 40 51
32 39 51
31 41 52
32 40 51
31 39 51
32 41 51
31 40 51
32 40 51
33 41 52
31 41 52
31 40 51
32 40 52
32 39 52
32 40 51
31 41 53
32 40 52
32 40 52
33 40 52
32 40 51
32 40 51
31 41 52
32 40 53
31 39 51
31 39 52
30 39 52
32 39 52
32 40 53
31 39 52
31 39 52
31 40 51
30 41 52
31 40 52
32 41 52
31 40 51
32 40 52
32 43 52
31 44 52
32 44 51
32 45 50
32 46 51
35 46 51
35 45 49
33 44 50
35 44 49
35 43 49
36 43 47
35 43 49
37 42 49
37 44 50
38 44 51
39 44 50
38 44 50
38 44 49
39 43 49
39 44 48
39 44 48
39 44 49
38 43 49
39 43 48
39 43 49
39 43 48
39 42 49
40 43 48
39 43 48
39 42 49
38 42 49
39 42 50
40 41 49
41 41 48
41 43 47
39 43 46
38 43 49
39 44 51
39 47 51
40 47 50
41 42 47
42 42 47
40 39 52
40 42 51
39 45 50
40 44 51
40 42 51
40 42 51
40 41 50
40 43 52
39 42 50
38 42 50
37 41 51
36 38 53
36 38 53
35 37 52
35 36 52
34 37 52
33 37 51
34 36 52
33 36 53
34 36 51
32 36 52
31 33 52
31 34 52
30 33 52
28 32 53
29 31 53
29 31 52
28 33 53
27 33 53
28 32 52
28 31 52
26 32 52
27 33 53
25 32 53
26 31 53
26 31 52
24 33 52
25 33 51
24 31 51
23 32 52
24 31 51
25 32 51
23 32 51
23 31 50
23 32 51
24 32 51
24 32 51
24 32 51
23 31 50
24 33 51
23 32 50
23 32 51
22 32 51
23 31 50
23 32 51
23 32 50
23 32 50
22 33 51
23 32 51
22 31 50
22 33 50
22 32 50
22 31 50
23 32 50
21 31 49
21 32 50
23 32 50
23 31 50
23 31 51
22 32 50
22 31 51
21 32 51
23 32 51
22 33 50
22 31 50
23 32 50
23 33 50
22 31 50
22 32 50
23 32 51
22 32 50
22 32 50
23 33 51
22 32 50
22 32 50
23 33 50
22 31 50
21 32 50
24 33 51
23 33 51
21 32 51
25 33 52
22 35 51
24 33 52
24 33 52
25 33 52
25 34 52
26 34 52
27 34 52
27 33 52
28 33 52
29 35 51
29 35 51
33 37 50
33 37 50
33 36 51
35 39 50
37 38 51
37 39 52
39 39 51
40 39 51
39 39 51
40 39 51
40 42 51
41 41 50
41 41 50
41 42 50
39 42 50
40 41 52
40 41 50
40 41 50
41 42 57
41 43 51
42 43 49
43 43 48
42 43 48
40 42 50
41 41 50
41 41 50
40 41 51
41 40 48
41 41 50
41 42 49
40 41 51
39 40 50
39 41 49
39 40 49
39 41 49
39 40 49
39 38 48
40 40 47
39 41 48
40 41 48
40 42 48
40 42 48
40 44 49
41 44 47
40 45 49
39 44 49
38 47 47
38 48 50
36 50 51
34 54 49
35 51 48
34 47 47
32 46 46
32 45 49
31 46 51
32 45 49
33 42 50
32 43 50
32 45 50
33 45 49
32 45 50
33 45 49
33 45 49
32 45 49
32 46 50
34 45 49
32 46 48
33 43 48
33 44 50
32 45 49
32 44 50
33 45 49
32 44 49
32 45 49
33 45 49
31 45 49
32 44 48
33 45 49
33 45 49
31 45 50
32 45 49
32 45 49
32 44 49
33 45 49
33 45 50
32 44 49
32 45 50
32 46 49
32 45 48
33 44 49
32 45 49
32 45 49
32 44 49
32 44 49
31 44 49
32 44 49
33 44 50
33 44 49
33 43 47
32 45 50
32 44 50
32 45 49
33 46 49
32 44 48
33 45 49
