33 47 49
33 33 49
58 33 47
33 47 48
33 47 48
32 46 48
32 47 48
33 46 49
32 45 49
33 46 49
33 46 48
34 46 50
33 45 49
33 46 50
33 46 48
32 46 49
33 45 48
32 47 48
31 45 48
33 47 49
33 47 48
34 46 49
33 45 48
33 45 49
33 46 48
33 47 48
32 46 48
32 46 48
33 45 48
33 45 48
33 45 49
33 46 48
32 47 48
32 47 48
32 45 48
32 46 49
33 46 48
33 45 49
33 46 49
32 47 48
33 45 48
32 45 49
32 46 48
33 46 49
33 46 48
33 45 48
33 46 48
32 45 49
33 46 48
32 46 48
33 44 49
32 46 49
32 45 48
34 46 48
32 46 48
32 45 48
33 45 48
33 45 47
32 46 48
33 44 48
33 45 48
33 45 49
33 44 48
32 46 48
33 45 49
33 45 49
32 44 49
33 44 49
32 44 49
32 44 49
32 46 50
34 48 48
31 48 49
32 46 50
33 47 48
33 47 48
34 47 49
35 46 49
34 46 48
34 45 49
36 45 48
36 45 49
37 44 49
37 45 49
36 44 49
38 44 49
37 44 49
37 44 49
37 43 49
41 44 49
38 43 49
39 43 50
38 41 49
39 41 49
41 41 50
40 41 48
41 41 50
42 42 50
41 43 49
40 41 49
40 41 48
41 40 48
41 41 48
39 41 48
39 42 49
39 42 48
40 43 49
40 41 49
40 42 49
41 42 50
40 43 50
42 42 49
42 42 48
42 42 48
40 45 48
41 42 48
42 42 48
40 43 50
41 43 51
40 43 50
40 42 52
40 43 50
40 43 51
40 43 51
39 43 51
39 42 51
37 39 54
38 41 53
38 39 54
38 38 51
37 38 50
38 39 50
35 36 50
34 36 50
34 35 50
33 35 50
32 36 50
30 35 51
30 34 52
29 35 52
27 34 51
28 34 52
27 33 51
25 35 52
25 35 52
25 35 53
24 34 52
23 33 52
24 33 52
23 34 51
21 33 51
23 34 52
24 33 50
24 32 50
22 33 52
21 33 50
22 33 51
22 34 50
22 32 51
22 32 50
22 33 50
21 32 50
22 33 50
21 32 51
23 32 50
22 33 51
22 33 50
21 32 51
23 32 50
23 33 51
23 33 51
22 32 51
23 33 50
22 32 52
23 33 50
20 33 51
22 33 50
23 32 50
22 32 50
23 33 50
22 32 50
22 33 50
22 31 50
22 32 50
22 32 50
22 33 51
23 33 51
23 33 51
22 32 51
24 34 51
23 34 51
24 34 52
24 33 51
24 33 52
25 33 52
25 34 51
24 33 52
26 34 52
27 35 52
28 34 52
27 35 53
28 33 53
28 33 52
29 35 54
29 35 53
32 34 52
31 36 51
35 35 50
35 35 49
35 37 50
37 37 50
37 38 51
38 37 51
38 38 52
38 38 51
40 38 51
39 40 52
39 39 52
39 39 52
40 40 51
42 40 52
40 41 51
41 39 51
41 40 51
41 39 51
41 40 50
40 41 50
40 40 49
41 40 61
41 43 52
41 41 49
43 42 51
40 40 47
41 40 50
39 40 50
42 40 49
41 41 50
40 42 50
41 41 49
42 39 48
41 41 49
40 40 49
40 40 49
41 40 49
40 41 49
41 41 48
42 42 50
42 41 49
42 42 48
42 42 47
41 44 47
41 43 44
40 44 47
40 45 47
40 47 47
39 46 48
38 47 47
39 48 47
38 49 47
36 49 46
37 50 45
36 47 45
35 47 45
33 50 47
31 58 49
32 45 43
33 49 45
32 50 47
33 48 47
33 48 46
34 47 46
33 49 45
32 49 46
33 49 46
32 47 46
33 47 46
34 48 46
34 48 47
33 48 47
33 49 46
34 48 47
33 48 46
33 47 46
34 47 46
33 48 46
34 48 46
33 47 46
34 48 45
33 50 46
33 48 45
33 48 45
34 49 45
33 48 45
33 47 46
34 50 45
33 49 46
34 49 46
34 49 46
34 48 45
32 49 46
35 48 45
33 49 45
33 48 45
33 48 45
32 49 46
33 49 46
33 49 46
33 49 46
33 49 44
33 49 45
34 49 45
33 49 46
34 48 45
33 49 47
33 49 45
33 48 46
33 50 45
33 48 46
34 49 47
33 49 46
34 49 45
32 49 46
34 50 45
33 51 46
34 49 45
34 48 46
35 49 46
32 50 45
34 48 45
35 49 44
34 48 45
34 50 45
34 49 46
33 48 45
33 49 46
34 49 46
32 49 45
34 48 45
33 50 46
33 49 45
34 50 45
34 47 45
32 49 46
