17 41 33
38 37 52
38 37 33
36 38 51
36 36 51
37 38 52
36 38 52
37 37 52
37 37 51
37 36 52
37 37 52
36 37 52
37 38 52
37 38 52
37 36 52
38 38 51
37 37 52
38 37 51
38 37 52
38 37 52
36 37 52
36 37 52
37 37 51
37 37 52
37 36 52
37 37 52
36 38 52
37 36 51
36 36 52
37 38 52
37 38 53
35 36 52
37 37 51
37 37 52
36 37 52
37 37 52
37 37 51
36 36 51
36 36 52
35 37 53
32 39 53
32 41 53
34 42 53
34 41 53
35 42 53
38 40 55
41 39 55
41 40 53
42 41 52
41 39 53
43 38 50
43 39 48
44 39 49
44 39 49
44 37 48
43 38 48
42 38 48
41 40 47
39 41 48
37 39 46
38 37 47
38 39 47
38 37 47
38 40 48
38 43 49
38 42 48
38 45 48
37 45 48
37 45 48
38 45 50
38 45 48
37 46 48
37 47 48
36 46 47
37 47 47
37 47 47
37 46 47
38 46 48
38 45 47
36 46 47
37 46 47
38 44 47
38 44 47
38 45 46
39 46 47
40 45 46
39 46 45
40 46 46
39 46 46
38 45 47
37 46 48
37 47 47
39 47 47
39 46 48
39 46 48
39 45 47
39 47 47
38 46 48
39 46 46
37 46 47
38 45 47
37 46 47
37 45 46
37 44 46
39 47 47
37 46 48
37 45 47
38 47 47
37 46 46
38 46 49
38 46 48
37 46 47
37 46 47
37 47 48
37 47 47
39 47 47
38 46 49
37 46 48
37 46 47
36 45 47
37 46 49
37 46 48
37 45 48
37 45 47
38 44 48
38 44 48
37 44 49
39 44 49
38 43 49
39 44 50
38 43 49
37 44 49
37 44 50
37 44 50
37 44 50
37 43 50
37 44 49
38 42 52
37 41 51
37 39 51
36 37 50
36 36 49
36 36 50
35 37 52
37 36 51
35 35 51
36 34 52
35 34 52
36 34 51
34 34 53
35 35 52
35 33 52
35 33 52
33 32 53
35 33 53
34 32 54
34 31 53
33 32 53
34 31 53
34 31 52
34 30 54
33 31 52
33 29 52
32 31 53
33 29 53
32 30 52
33 28 52
32 28 53
32 29 51
33 30 51
34 29 52
32 28 52
33 29 52
32 28 52
32 29 53
33 29 52
33 28 53
33 28 52
31 28 53
31 28 52
33 28 52
32 29 52
33 27 52
32 28 52
32 28 52
32 28 53
32 27 53
31 28 52
32 28 52
32 29 53
32 28 52
33 28 52
32 29 53
34 28 52
34 27 52
34 27 53
34 28 52
32 29 52
31 28 52
32 27 52
32 27 53
32 28 52
33 27 52
32 27 52
33 27 52
32 27 52
33 28 53
33 28 52
32 26 51
33 27 52
32 27 51
33 27 52
32 27 52
32 28 51
32 26 52
32 28 53
31 28 53
32 28 52
32 28 52
33 27 53
32 27 52
32 29 52
31 26 53
32 28 52
31 28 52
32 27 52
32 29 53
32 27 53
32 29 51
33 28 52
33 27 53
31 27 52
33 27 52
33 28 52
32 27 52
33 27 53
33 28 52
33 28 52
33 29 52
33 29 51
32 29 52
31 29 51
33 33 51
33 33 51
33 32 50
33 33 54
34 37 54
34 37 53
33 38 52
33 38 53
34 39 52
35 39 50
34 39 51
34 42 51
35 41 50
35 43 51
35 44 52
37 40 49
36 43 50
34 45 51
36 44 48
37 46 47
37 45 47
37 45 47
37 47 47
38 46 46
37 45 44
37 46 45
38 49 47
37 51 45
37 52 45
35 50 44
37 49 45
36 46 44
36 48 45
36 48 44
35 47 45
37 56 45
38 49 47
38 45 46
36 49 46
36 47 46
36 49 46
37 47 45
36 48 47
34 47 46
34 47 47
32 44 46
31 42 47
34 41 50
38 41 49
37 43 47
39 41 50
41 34 51
43 37 49
42 38 48
43 36 50
42 37 50
41 40 48
42 39 50
41 39 52
43 38 49
41 42 49
43 40 53
40 38 52
40 39 51
39 37 52
39 34 54
39 34 53
38 35 52
37 35 54
37 35 51
35 37 50
33 40 52
