25 45 48
25 45 48
26 44 48
26 44 48
25 45 48
26 44 48
24 44 47
25 45 48
26 45 47
26 43 48
26 45 47
27 45 49
24 45 48
25 44 48
26 44 48
26 44 48
26 45 48
25 45 47
26 45 47
26 44 48
25 45 48
25 46 47
26 45 47
26 45 48
26 44 49
25 44 48
26 45 48
25 44 48
25 44 48
26 44 49
25 44 49
25 44 48
26 44 48
26 45 47
26 44 48
25 44 48
23 44 47
26 43 48
25 45 48
26 44 48
25 44 48
24 45 48
26 43 48
25 44 48
24 44 48
26 45 48
24 43 48
26 44 47
26 45 48
25 44 49
25 44 48
25 44 48
25 44 49
24 45 47
24 45 47
24 43 48
24 44 48
26 44 49
25 44 48
25 42 48
25 44 48
24 43 47
25 42 50
25 41 49
23 44 50
24 46 49
23 49 51
26 49 48
27 50 48
24 52 49
28 46 49
28 47 49
29 50 49
28 50 47
29 50 45
30 49 44
30 50 44
31 48 43
31 48 46
32 48 47
31 48 47
33 49 49
35 48 49
35 47 50
36 49 51
36 48 49
36 43 44
36 46 45
37 49 43
38 48 42
37 51 41
35 52 41
35 50 41
35 51 42
33 50 41
34 48 42
32 47 45
33 45 45
33 45 43
32 44 46
33 40 50
34 41 47
33 47 48
36 47 46
34 51 47
34 48 47
34 47 47
34 48 48
34 48 47
32 51 48
33 48 48
32 48 47
32 47 45
32 46 45
31 48 44
30 51 45
31 48 44
31 50 44
33 51 46
33 51 45
31 50 45
34 51 44
36 49 45
36 50 44
35 50 44
34 50 43
35 47 43
35 49 44
36 48 44
36 49 45
38 49 47
37 49 47
39 47 46
38 48 45
38 49 45
39 47 45
41 46 46
41 45 46
42 46 48
40 46 47
41 48 48
42 44 49
41 44 49
40 45 49
39 44 49
37 42 48
37 40 49
36 45 50
38 42 50
37 40 51
38 43 51
37 42 52
37 41 52
35 42 52
35 41 53
34 41 51
35 40 52
34 39 53
33 40 51
32 38 51
32 39 52
32 38 51
30 39 52
31 38 50
29 39 52
30 38 52
30 37 51
29 37 52
27 36 52
29 37 53
29 36 53
29 38 51
28 36 53
28 36 51
30 35 53
29 35 52
28 36 52
27 36 52
29 36 52
29 36 53
28 35 53
27 35 53
28 35 53
27 34 52
28 35 52
27 34 52
27 36 52
27 35 52
27 34 53
27 35 52
27 34 53
27 35 52
27 35 51
27 34 52
27 34 52
26 33 52
27 34 52
27 32 52
27 35 52
27 33 52
26 33 51
27 33 52
26 33 52
27 33 52
26 33 51
25 32 52
25 33 51
27 33 52
27 33 52
26 34 52
25 34 53
26 32 52
26 33 52
24 33 51
25 33 52
24 34 51
24 34 51
26 33 51
26 34 51
27 34 52
26 33 50
28 33 51
29 34 52
30 34 52
31 35 49
32 37 50
33 37 50
36 38 50
35 41 52
36 43 53
37 42 51
35 42 53
37 42 52
38 42 51
38 44 50
39 45 51
40 46 51
40 48 49
41 46 49
41 47 50
41 48 47
40 50 47
40 47 46
42 47 46
41 47 45
41 46 45
39 49 44
40 49 43
38 46 44
38 47 45
38 49 44
36 49 46
36 48 45
34 50 44
35 48 45
34 51 43
33 51 43
35 47 43
33 48 44
33 49 45
33 52 44
31 51 44
33 50 44
32 51 43
33 50 43
34 51 44
31 50 52
33 50 45
34 48 43
33 49 43
32 52 44
34 41 43
30 55 42
29 50 47
32 48 48
32 47 44
32 47 46
32 49 48
32 44 48
33 48 46
34 46 49
33 46 48
33 47 48
34 44 47
30 44 45
30 48 44
32 47 44
34 43 40
38 49 42
40 45 42
44 44 42
45 44 41
43 48 43
41 45 44
40 44 46
33 47 45
30 46 48
30 41 50
27 41 52
26 41 47
20 44 46
20 39 47
19 41 48
19 40 50
20 40 49
21 41 50
24 48 59
21 50 62
22 56 63
21 41 55
22 45 50
22 40 46
21 40 43
20 44 43
21 47 45
20 46 46
21 43 47
21 42 47
23 40 47
22 40 47
22 44 47
22 44 46
23 44 47
24 44 46
24 44 46
23 44 48
22 42 46
23 43 47
21 43 46
23 44 47
22 45 46
23 43 47
22 44 47
22 43 47
22 44 46
21 44 47
22 43 47
23 43 45
23 43 47
22 44 46
22 43 48
22 42 47
21 43 47
21 43 47
23 42 46
21 44 46
23 44 46
21 43 47
21 43 46
23 43 47
22 42 45
22 42 46
21 44 46
22 43 46
22 44 46
22 44 46
22 45 45
22 44 46
22 43 45
20 42 45
20 43 46
19 42 46
20 42 46
19 43 46
21 42 45
21 41 46
20 43 46
20 43 44
20 45 45
20 43 46
20 43 46
20 43 46
21 43 45
21 43 47
21 43 45
20 43 47
21 43 45
21 44 46
22 42 46
20 43 46
21 44 46
21 42 44
21 44 46
21 43 46
20 43 47
22 44 45
20 43 46
20 45 45
21 43 46
20 43 45
21 43 46
21 42 47
20 43 45
21 43 46
21 43 45
20 44 45
21 44 46
20 42 45
21 43 46
21 42 46
21 42 46
21 44 46
22 43 45
20 44 46
20 43 46
20 44 46
