33 40 51
34 41 51
33 42 51
33 40 51
34 41 51
34 40 50
34 42 49
34 40 51
34 41 51
35 41 51
35 40 51
34 41 51
32 42 51
35 41 51
34 40 50
33 42 51
34 41 50
33 42 52
33 41 52
35 42 52
33 40 51
34 41 51
34 41 51
33 41 52
34 41 51
34 42 51
33 41 51
34 41 51
34 41 52
34 41 51
34 40 51
34 39 52
33 41 51
34 41 52
34 42 52
33 43 52
33 38 51
32 40 53
33 41 51
35 41 52
34 41 53
35 41 51
35 41 52
38 39 51
38 40 51
38 41 50
39 43 49
40 43 50
42 43 49
40 42 49
41 41 50
41 42 46
40 42 48
39 44 48
40 43 48
39 42 47
39 42 49
37 40 48
36 42 49
37 43 51
36 41 50
36 43 51
35 50 52
38 42 46
38 42 51
37 43 48
37 43 49
37 43 51
38 43 51
37 44 51
38 41 51
39 41 52
38 42 52
38 42 53
38 42 51
39 40 52
37 40 51
38 39 50
36 37 51
36 37 50
38 35 50
37 34 51
36 34 50
36 33 51
36 33 51
35 33 52
36 32 52
35 32 53
34 32 53
33 30 53
33 30 53
34 29 53
33 29 55
32 28 53
32 27 52
32 26 53
33 27 53
30 27 52
32 26 51
30 26 52
30 25 52
31 27 51
31 26 51
31 26 51
31 25 52
31 24 52
30 24 51
30 23 51
31 23 51
31 24 51
30 22 51
30 22 50
29 22 50
31 23 51
30 23 50
30 24 50
31 21 50
30 24 50
30 22 50
31 22 50
29 22 49
30 22 49
30 21 49
30 22 50
30 21 49
29 20 49
30 22 50
30 22 50
30 21 48
30 21 49
30 20 48
30 20 50
29 22 49
30 21 49
31 20 48
31 19 48
30 20 48
30 21 49
29 21 49
30 22 50
29 19 51
30 20 49
29 22 49
29 20 49
30 19 50
29 20 50
30 21 50
29 23 49
30 21 50
29 21 48
30 21 49
29 20 48
30 21 49
31 21 48
29 21 49
30 22 50
30 20 48
29 20 49
30 19 49
30 21 49
30 21 49
29 20 49
30 21 49
30 20 50
30 21 48
30 21 49
30 22 50
29 21 49
31 21 49
30 20 50
30 22 49
30 21 49
30 22 50
30 22 49
31 22 49
30 22 49
31 21 48
30 19 48
30 20 49
28 21 49
30 20 49
30 22 49
29 20 48
29 22 50
29 20 49
30 21 49
29 22 49
30 20 49
30 21 48
30 20 49
29 21 49
30 20 49
30 21 50
30 21 49
29 21 49
30 21 50
29 21 50
30 21 49
28 20 48
30 20 49
29 20 49
29 20 49
30 20 50
30 21 49
29 21 49
29 21 49
28 21 49
31 20 49
31 20 48
30 21 49
30 20 48
30 20 49
30 20 49
30 21 49
31 21 48
30 21 50
30 21 49
29 20 50
28 21 49
30 22 49
31 20 50
30 22 49
31 21 49
29 20 50
30 20 48
30 23 49
31 23 48
30 21 49
30 20 48
30 22 49
29 22 49
31 22 50
30 23 50
30 22 50
29 22 50
30 22 51
30 23 50
31 23 49
31 23 50
31 21 51
31 23 51
30 24 51
31 24 51
31 24 51
31 25 51
31 26 51
32 24 51
32 27 51
33 26 53
33 27 53
33 30 52
35 29 53
34 29 53
35 30 53
34 32 55
36 29 54
36 32 53
36 34 54
36 32 52
37 33 51
38 34 52
38 33 51
38 34 50
37 35 51
39 35 49
38 38 50
38 39 50
38 40 51
37 40 52
38 41 53
38 41 51
36 41 51
37 41 51
38 41 51
37 40 51
38 42 51
36 40 51
38 41 51
38 40 50
37 41 53
38 40 49
38 44 51
39 43 49
38 41 50
39 42 50
39 43 50
38 42 49
38 43 50
38 42 49
35 41 50
36 44 53
39 42 49
40 44 50
41 41 49
38 41 47
36 42 51
37 42 48
36 41 47
37 41 49
38 41 48
37 41 49
39 42 51
38 39 50
36 41 54
32 52 51
33 44 52
32 40 54
33 43 49
34 45 51
35 45 49
35 41 47
34 45 49
34 46 51
34 46 52
33 43 50
34 43 49
34 47 49
34 44 49
33 45 50
35 45 49
33 45 49
34 45 50
33 43 49
33 44 49
34 44 49
33 46 48
33 45 49
35 43 49
34 43 49
34 47 49
33 43 49
34 43 50
34 43 49
34 43 50
32 44 50
34 43 49
33 43 50
32 42 50
34 43 50
35 42 50
33 44 49
35 43 50
34 43 51
33 44 49
34 43 49
33 43 51
33 43 50
33 44 50
33 44 50
33 43 50
33 43 50
33 45 49
33 43 49
34 43 50
33 42 50
32 43 51
34 43 49
33 44 50
34 43 50
34 44 50
34 44 51
32 44 49
32 46 50
34 44 50
33 43 49
33 41 49
33 43 50
33 43 50
35 43 49
33 43 48
33 44 50
33 44 49
33 43 50
34 43 51
33 44 49
33 43 50
34 43 51
33 43 50
33 44 50
34 43 50
33 44 50
34 44 50
33 44 50
33 43 50
34 44 49
33 43 50
34 43 50
34 42 49
33 43 50
33 43 49
34 43 49
33 44 50
33 44 50
35 43 49
