29 38 52
28 37 52
30 38 52
29 40 51
28 38 52
28 38 51
29 38 52
29 38 51
28 38 51
29 40 52
29 39 51
29 38 51
28 40 51
29 39 51
29 39 51
29 39 52
28 39 51
28 39 52
30 37 51
30 38 52
29 39 50
30 39 52
28 39 52
29 38 52
29 39 52
28 38 52
29 38 52
29 38 52
28 38 51
29 40 51
28 39 51
27 40 52
29 38 53
28 37 52
27 38 51
28 38 52
28 38 52
29 39 51
29 38 53
29 38 51
30 39 51
28 38 51
28 39 53
28 38 52
28 39 52
29 40 51
29 41 51
28 40 52
28 39 51
28 40 52
28 41 52
28 39 51
27 40 52
27 41 52
27 45 53
27 40 53
28 41 53
29 40 54
30 42 52
32 43 55
32 43 51
33 44 51
34 45 48
35 45 46
34 44 46
34 44 45
35 44 45
31 47 46
33 45 45
34 45 45
31 46 47
31 48 47
32 48 48
32 46 49
33 45 47
33 48 46
35 46 48
34 48 47
35 48 48
34 48 49
32 47 49
34 47 48
36 49 47
34 51 46
34 49 46
33 51 46
33 50 46
32 50 44
31 49 44
30 50 45
31 52 45
30 51 46
30 51 44
30 51 47
31 51 45
32 53 48
35 51 47
34 49 47
36 49 48
36 48 48
37 45 47
37 45 48
37 46 47
37 43 45
36 44 47
38 43 47
36 43 47
36 43 47
36 42 47
35 42 48
36 42 50
34 42 50
35 44 50
34 43 51
32 44 51
31 44 52
31 43 51
32 42 53
31 42 51
31 41 52
31 39 49
30 39 51
31 39 52
30 39 49
27 36 51
29 38 50
27 37 49
27 37 52
26 37 51
26 38 52
27 36 52
25 37 53
25 37 50
24 35 52
25 34 51
23 37 51
24 36 51
24 35 51
24 32 51
23 34 52
23 35 51
24 33 52
23 34 51
22 34 51
23 33 52
24 34 51
24 34 52
23 34 51
23 33 51
24 33 50
22 33 50
24 33 51
22 32 49
23 33 51
24 32 49
24 32 50
22 32 50
22 31 50
22 31 50
24 30 49
23 31 50
22 32 50
23 31 50
22 32 50
21 31 50
22 30 51
21 30 49
22 32 50
22 30 51
20 31 51
22 32 50
23 30 51
23 31 50
22 30 49
21 30 49
23 32 50
22 30 50
22 30 51
22 31 49
23 30 50
22 29 49
21 28 50
22 29 49
21 29 49
22 30 50
21 28 50
21 29 49
21 30 49
22 30 50
22 29 50
21 29 50
21 29 50
22 29 49
21 29 50
20 29 49
22 29 49
20 30 50
21 30 50
21 29 49
21 28 50
21 30 49
21 29 49
22 29 50
20 29 49
22 29 49
21 28 50
21 29 50
21 29 49
20 30 49
21 28 50
19 28 49
21 28 49
19 29 48
22 30 49
22 28 49
20 29 48
20 29 50
21 28 48
20 28 49
21 29 49
21 29 49
20 29 49
21 30 48
21 29 48
20 28 49
20 29 48
21 29 49
20 29 48
20 28 48
20 28 49
22 28 49
21 29 49
21 27 49
21 29 48
21 28 48
20 28 49
20 26 49
21 29 48
21 29 48
21 27 49
22 29 48
21 28 48
20 28 48
22 28 49
20 27 49
20 27 49
21 28 49
20 28 50
21 28 48
21 29 48
21 27 49
20 27 48
19 28 49
21 28 48
20 27 48
21 28 48
20 29 50
21 29 49
21 30 49
21 28 49
22 31 49
21 31 50
22 32 50
22 30 50
24 31 51
23 31 50
21 32 49
23 33 49
22 31 50
25 33 50
25 34 50
26 35 52
27 36 52
26 37 52
26 39 51
28 40 52
29 40 52
30 42 52
32 43 51
31 42 52
32 43 50
34 43 50
34 44 50
35 43 49
35 43 49
37 41 47
37 43 44
35 48 46
36 48 47
36 48 50
36 44 49
34 44 49
37 44 49
36 47 48
36 46 46
36 47 45
35 49 45
34 48 44
36 48 44
34 47 45
33 46 44
34 49 44
34 50 48
33 48 50
33 46 49
32 46 48
32 49 45
33 48 44
32 48 46
33 49 46
32 48 45
30 50 46
32 51 48
33 49 47
32 49 46
31 50 46
29 49 46
33 49 48
31 50 46
29 47 42
30 48 44
31 49 46
31 48 45
32 47 46
31 47 46
34 47 48
31 51 46
31 51 48
31 47 47
31 47 47
30 47 48
32 45 48
32 44 49
30 45 49
28 45 52
29 45 51
28 44 51
31 45 53
32 43 52
34 42 52
35 40 50
36 40 46
37 38 48
37 38 46
37 37 46
37 38 47
37 37 52
38 35 48
33 36 51
35 37 54
32 38 54
31 40 52
30 38 52
29 38 47
23 37 54
28 39 62
27 34 59
26 38 52
29 37 53
30 37 51
28 40 51
29 41 53
25 39 50
28 41 50
25 40 52
26 41 51
26 40 51
27 40 50
29 40 51
28 41 51
28 40 51
28 41 51
28 40 51
28 41 52
27 40 51
28 40 52
27 40 51
28 39 51
29 40 51
26 42 51
27 40 52
29 40 51
27 39 51
28 40 51
29 39 52
29 40 52
29 39 51
28 40 51
27 39 52
29 40 51
28 39 52
28 39 52
27 40 51
27 40 51
27 39 52
28 39 50
28 39 51
28 40 51
27 39 52
27 40 52
28 39 51
27 39 52
28 39 52
28 40 50
28 40 51
29 40 52
28 39 52
28 38 52
28 39 51
28 39 52
28 39 51
28 40 51
28 40 52
28 38 51
29 39 51
27 39 51
28 40 52
29 39 51
28 39 51
28 40 52
29 39 51
28 40 52
27 40 51
28 39 51
28 39 52
28 40 51
28 40 50
28 40 51
