29 44 50
29 44 50
38 29 44
31 44 50
31 44 50
31 33 44
31 44 50
31 43 50
31 42 51
32 42 50
31 42 51
31 42 52
32 41 51
30 41 50
30 43 51
31 41 52
30 41 52
29 40 50
30 49 55
29 53 53
30 51 50
29 56 46
29 56 46
30 56 46
32 56 45
32 54 44
33 53 43
34 55 41
33 52 42
32 51 42
33 50 40
32 48 39
31 48 39
32 46 40
30 46 39
32 44 40
33 45 41
33 45 43
35 40 45
32 44 45
33 49 47
33 46 47
33 48 50
33 49 49
34 48 46
35 46 48
31 47 46
31 50 44
30 46 46
31 47 47
31 47 48
31 48 48
31 50 47
31 48 47
31 49 47
32 49 47
34 47 48
33 48 46
34 49 46
34 49 44
34 47 45
33 44 45
36 45 47
35 47 47
37 44 49
39 46 49
37 45 50
38 48 49
37 48 50
37 48 51
37 46 50
38 46 50
38 44 50
38 44 51
37 43 51
37 42 52
37 42 49
36 41 50
36 41 50
37 39 50
35 42 49
34 41 49
34 41 51
34 39 51
33 39 52
32 38 53
32 37 52
32 37 52
31 36 53
31 36 53
31 35 54
29 36 54
30 37 53
29 34 53
29 35 53
30 36 53
29 33 53
30 35 52
29 33 53
28 31 52
28 31 52
27 32 52
27 33 53
27 31 52
29 32 51
27 32 53
28 32 53
27 31 52
27 31 52
27 30 51
27 30 52
27 31 51
27 32 52
26 30 53
27 31 51
25 29 52
25 31 52
26 30 52
26 30 53
27 30 52
27 31 52
26 31 51
26 30 51
26 29 51
25 29 51
26 30 51
25 29 51
26 28 52
25 28 51
26 30 52
25 30 51
26 30 51
26 29 51
27 30 52
25 30 51
26 28 52
26 29 51
27 29 52
26 30 52
25 29 52
25 30 52
26 30 52
26 27 51
25 28 51
25 29 51
24 29 51
24 29 50
24 28 49
24 29 50
24 28 50
26 32 50
27 30 51
27 31 51
27 31 50
28 33 52
27 34 52
29 34 51
29 33 52
29 33 52
30 36 52
31 35 52
30 37 52
32 37 53
33 39 52
34 41 52
35 39 52
34 41 52
35 43 52
35 44 51
35 45 50
37 44 49
39 46 50
39 48 49
39 48 48
38 47 47
39 48 49
39 48 46
35 49 46
36 49 47
37 49 46
35 50 45
35 49 45
34 51 45
33 49 45
35 50 46
32 48 46
32 47 46
34 47 46
33 47 45
33 47 46
33 46 45
33 47 43
32 47 44
32 47 44
33 47 46
34 49 46
34 49 43
33 49 46
34 49 45
34 50 44
34 51 41
33 50 43
34 49 43
31 62 52
31 55 46
32 43 47
30 49 47
28 47 44
29 47 45
29 46 46
28 45 49
31 49 47
32 47 48
32 48 48
28 50 46
29 47 48
28 47 46
29 45 43
32 45 43
29 43 41
33 43 41
35 45 42
34 42 43
35 43 43
38 41 44
35 40 52
33 41 49
34 42 47
30 41 57
28 47 55
28 42 54
26 43 57
25 44 53
27 40 49
30 39 48
26 57 63
31 33 55
27 45 45
23 44 47
23 40 50
25 42 49
25 44 47
26 44 47
26 42 47
26 45 47
26 44 46
26 45 46
28 44 48
30 45 48
29 47 48
29 50 47
31 49 49
32 52 48
32 49 50
31 47 49
30 45 49
30 45 49
30 43 48
30 46 47
28 46 47
28 45 48
28 44 48
29 44 49
29 45 48
29 45 49
30 44 48
29 45 49
30 46 49
28 44 49
30 45 48
28 45 49
28 46 48
29 45 48
28 44 48
28 44 49
28 44 49
29 45 49
28 46 48
29 45 47
29 45 49
29 45 47
30 46 48
28 45 49
29 47 49
30 46 48
30 45 47
29 46 48
29 45 48
31 46 48
29 45 47
29 46 48
28 48 48
30 45 47
30 46 48
29 46 48
30 44 48
29 46 47
29 45 48
29 45 47
30 47 49
29 46 47
29 45 47
30 45 48
30 46 48
30 46 49
29 46 47
31 46 48
28 46 48
30 45 48
30 46 48
30 46 48
30 45 48
30 46 48
29 46 47
29 47 47
30 46 47
29 46 48
29 46 48
29 46 48
29 47 48
30 46 47
29 47 48
29 47 48
30 46 47
30 46 48
29 46 47
30 48 48
31 47 48
30 47 47
30 46 48
30 46 47
30 48 48
30 47 48
30 48 47
29 47 47
29 47 47
29 47 48
29 46 48
30 47 48
30 46 48
30 48 48
30 46 48
29 46 48
28 46 47
29 44 48
28 46 48
28 45 47
