31 31 53
31 31 53
02 31 31
32 32 53
32 32 54
30 31 54
31 32 53
31 33 54
32 32 53
30 33 53
32 33 53
32 32 54
31 31 53
33 33 53
32 32 53
31 32 53
31 32 54
30 33 52
31 33 53
31 32 54
31 31 53
32 32 54
32 33 53
32 32 53
32 32 53
31 32 54
32 32 53
31 33 52
31 31 54
32 31 53
31 33 52
32 33 54
31 30 54
31 31 53
33 33 54
32 31 54
31 31 53
32 32 53
31 33 54
31 31 53
32 31 53
31 30 53
31 32 54
32 32 54
31 32 52
31 33 54
31 32 54
30 32 55
32 34 56
31 37 54
32 38 54
33 38 54
33 40 53
35 40 56
34 40 55
36 37 53
35 38 53
35 38 53
36 36 52
35 36 50
38 37 50
35 36 48
37 42 49
36 46 51
36 41 48
36 42 49
38 42 52
38 43 49
36 43 49
36 45 50
36 41 50
37 38 51
37 41 52
37 41 49
36 39 48
38 38 49
37 39 50
37 39 49
38 39 52
39 38 51
38 39 52
39 37 52
39 40 51
37 44 51
39 41 54
40 39 50
39 41 50
39 42 49
38 40 51
40 41 50
39 39 50
39 42 49
38 41 50
38 41 52
38 42 52
38 44 53
37 42 51
39 41 51
39 43 52
40 42 52
39 42 52
38 42 52
41 40 50
38 39 51
38 36 52
37 36 54
35 36 46
38 34 52
38 34 52
37 34 51
36 37 49
37 33 51
35 33 54
34 35 51
34 33 53
35 32 54
32 33 53
34 33 53
33 34 53
35 31 52
34 32 50
32 34 51
32 32 53
30 29 50
29 31 52
29 28 51
28 31 53
28 29 53
29 30 52
26 29 53
26 28 52
26 26 52
25 28 53
24 28 50
24 26 50
25 25 50
25 26 50
25 26 51
26 27 50
24 26 52
25 27 50
24 26 51
26 25 51
24 25 51
23 24 51
23 25 51
23 27 49
24 26 51
24 25 51
24 24 50
23 25 50
23 25 48
24 24 49
23 24 50
24 23 49
23 25 49
23 26 49
24 24 49
22 23 49
24 24 49
23 24 50
23 24 48
24 25 49
23 24 49
23 25 49
23 24 50
23 25 49
23 25 48
24 22 49
24 23 49
24 24 49
24 24 48
25 23 49
24 22 49
24 22 48
23 23 48
23 24 48
24 22 49
25 22 48
25 21 48
22 24 48
25 23 48
22 22 47
23 23 50
23 22 47
24 22 47
23 23 47
24 23 48
23 23 47
23 21 47
25 22 48
24 23 48
24 22 46
23 21 48
25 21 48
24 22 47
24 21 48
23 21 46
24 23 47
25 21 47
24 20 47
23 21 46
25 22 47
22 20 46
23 20 47
24 20 47
23 20 46
24 20 46
24 21 46
24 20 46
24 21 47
23 20 47
24 19 47
24 20 46
25 19 47
24 21 46
23 20 46
24 20 47
23 20 46
25 20 47
24 20 47
23 20 46
24 21 46
24 20 47
24 21 46
24 21 47
24 19 48
24 20 46
24 22 47
24 22 47
23 21 47
25 20 47
23 20 47
24 21 46
24 20 47
23 20 47
23 22 46
25 20 47
25 20 46
23 21 46
24 20 47
23 21 47
24 22 47
24 20 47
24 21 47
24 21 47
23 21 47
23 21 46
24 20 46
22 21 46
23 23 47
22 21 46
24 23 46
24 21 46
24 20 47
24 21 47
24 21 47
24 22 48
25 21 48
24 21 48
24 21 47
25 20 47
23 20 48
24 22 48
24 22 47
25 21 48
24 22 48
25 25 48
26 23 48
24 22 48
25 23 50
27 21 50
26 22 50
26 22 50
26 23 52
26 24 51
28 23 50
27 24 52
26 23 52
27 24 52
30 26 51
29 26 51
31 25 52
31 28 50
32 28 53
33 28 52
32 29 51
33 32 52
34 33 52
35 33 51
35 32 52
36 33 51
37 35 51
36 35 52
39 38 58
36 35 51
39 39 52
39 38 51
40 40 50
40 40 51
40 40 50
39 42 50
38 43 50
39 41 52
39 42 51
39 40 50
39 42 50
39 41 53
38 40 51
40 41 50
40 39 50
38 41 50
38 42 50
41 42 50
37 37 52
39 41 50
41 40 51
40 41 52
39 42 52
40 41 50
41 40 49
40 40 50
38 41 49
39 38 50
39 37 49
38 40 50
36 37 51
39 38 52
39 39 52
38 40 50
39 39 51
39 39 51
38 38 51
38 40 51
38 38 50
38 35 51
39 37 51
38 35 53
36 36 50
36 36 52
36 36 53
36 37 52
35 40 54
35 37 53
34 35 52
31 34 51
31 35 52
32 31 53
33 32 55
33 34 54
33 35 54
33 32 53
34 37 54
34 37 53
34 37 53
34 33 54
34 34 54
33 38 54
35 41 53
35 38 54
36 37 53
36 38 51
35 38 52
35 38 53
35 37 52
35 36 49
36 41 52
36 44 53
35 39 50
36 38 52
35 39 53
34 40 52
34 40 52
36 45 50
35 39 51
36 41 52
35 43 52
35 45 49
35 41 51
36 41 51
36 43 52
34 43 50
35 42 50
35 41 50
36 43 52
37 41 48
33 46 50
34 43 49
37 43 53
34 44 51
36 41 50
34 41 49
35 44 47
34 47 49
35 47 51
33 46 50
35 44 46
34 44 48
35 46 49
35 47 49
34 45 48
36 46 47
35 46 48
36 45 48
35 45 48
35 45 48
35 46 48
34 49 49
34 48 47
35 44 46
35 46 49
35 47 47
34 45 47
35 46 47
34 48 48
34 48 48
35 48 47
34 47 47
35 48 47
35 47 45
35 48 46
34 49 48
34 49 46
34 47 45
34 48 46
34 47 46
34 47 47
35 46 48
34 47 49
34 48 49
35 45 47
34 47 46
34 48 47
35 48 48
34 49 47
34 47 47
34 47 47
35 47 47
34 49 46
34 47 46
33 46 47
33 47 46
34 49 46
34 48 46
35 48 48
34 47 48
34 48 46
35 47 46
36 47 47
34 48 48
34 47 47
35 47 46
34 47 46
34 48 47
34 47 47
35 48 47
34 47 48
34 48 46
34 46 47
35 48 48
34 48 47
35 49 47
35 46 47
35 48 46
35 48 45
34 48 47
35 48 47
34 48 47
35 47 45
35 47 46
35 47 48
34 46 48
34 48 46
33 47 47
35 47 47
34 47 47
35 47 47
34 47 47
35 47 46
34 47 46
34 47 47
34 46 47
34 48 46
34 47 46
34 46 46
34 48 48
34 48 45
35 48 47
35 47 47
34 48 47
34 49 47
33 47 47
34 47 48
34 48 46
34 48 47
33 48 46
35 49 46
34 47 48
34 48 47
35 47 46
34 47 47
35 47 46
35 49 47
35 48 46
33 48 47
34 48 46
33 47 47
35 48 47
34 47 47
34 48 47
34 48 47
34 49 46
34 49 47
35 47 47
