37 40 52
37 42 51
40 40 52
39 40 51
39 39 51
41 40 50
42 41 51
41 40 50
42 40 48
41 40 49
40 40 47
41 41 48
40 43 48
40 42 47
39 41 47
38 42 48
39 43 49
40 42 48
39 42 49
39 44 48
39 43 49
41 45 49
39 44 48
40 43 49
40 44 48
40 45 48
41 45 48
39 47 50
40 47 50
41 46 46
39 44 48
40 47 48
38 46 49
39 45 47
37 46 51
40 47 49
40 44 49
40 43 51
40 43 49
38 41 51
38 39 51
39 41 49
39 38 50
37 36 50
37 35 50
37 34 50
37 32 52
35 33 52
35 33 53
33 31 53
34 31 52
33 30 53
33 30 52
30 29 53
32 28 52
32 28 52
30 29 52
32 27 53
31 30 52
31 26 53
30 26 53
31 27 52
28 27 51
29 26 53
28 25 51
29 25 51
28 24 51
29 23 51
28 23 50
28 24 51
28 23 50
26 23 51
27 23 51
27 23 50
26 24 50
28 23 50
27 23 49
27 21 50
27 21 51
27 21 50
27 22 49
28 22 50
29 22 49
27 22 50
27 22 50
28 21 49
28 21 50
28 20 48
27 21 50
28 22 49
28 21 48
29 21 48
27 22 49
28 21 49
29 20 48
28 22 48
28 21 48
28 23 48
27 21 49
27 22 48
28 23 50
28 24 49
28 24 50
28 24 51
27 25 52
28 25 53
29 26 52
29 27 51
30 26 53
29 24 52
28 25 52
30 26 52
29 26 52
30 28 52
30 28 53
32 29 52
31 29 53
32 29 53
33 31 53
33 31 53
34 30 53
35 33 53
35 34 54
36 34 53
36 36 51
38 34 50
37 37 53
38 37 51
38 38 52
37 40 52
39 38 52
38 39 52
39 40 51
40 41 50
40 41 50
41 42 49
41 42 48
42 42 48
41 44 48
40 43 48
41 44 48
42 42 49
41 43 48
44 43 48
42 44 48
42 41 45
41 42 47
42 44 46
42 44 46
43 43 46
42 44 45
43 44 44
42 45 45
42 46 46
41 44 45
41 45 46
43 43 44
44 49 47
41 46 45
41 47 46
41 45 47
41 46 47
40 48 46
41 45 45
39 46 47
39 46 47
40 47 46
38 47 47
38 46 47
37 46 48
37 46 48
37 46 48
38 45 48
37 44 47
36 45 48
38 46 49
37 46 48
35 41 49
35 42 48
35 45 49
37 36 52
39 39 48
38 41 49
39 40 49
36 42 50
35 42 51
34 44 51
37 45 52
37 45 53
37 45 54
36 44 54
37 44 52
37 39 52
36 38 49
33 36 42
33 34 44
34 37 46
39 62 63
29 39 36
32 29 49
33 41 52
34 38 52
34 40 52
35 40 52
35 42 51
35 41 53
34 41 52
35 40 52
33 39 52
34 38 51
35 40 53
35 40 51
34 41 52
34 40 51
35 40 52
35 39 51
35 40 51
36 40 51
35 40 52
35 40 52
34 39 51
35 40 52
36 40 51
35 40 52
35 39 51
36 40 52
35 39 51
36 42 51
35 40 51
36 42 51
35 40 52
36 40 52
35 40 52
36 40 52
34 40 51
35 41 52
35 40 52
36 40 52
36 40 51
36 40 52
36 39 51
36 39 52
36 40 51
36 40 52
35 40 52
35 39 52
35 40 51
35 41 51
35 40 52
36 40 51
35 41 52
35 41 51
35 40 52
35 41 52
35 40 52
35 41 52
35 40 51
36 39 52
35 40 52
37 40 52
36 40 52
36 41 52
35 41 52
34 41 52
34 40 51
36 41 53
36 41 52
35 39 50
35 40 52
35 40 52
35 40 52
35 41 52
36 40 52
35 40 52
36 41 52
37 40 50
34 41 52
36 41 51
36 38 52
35 41 51
36 39 51
35 39 52
35 41 52
36 40 51
35 41 52
34 41 52
36 40 51
35 41 52
36 40 51
34 41 51
36 41 52
36 40 51
35 39 51
36 41 52
35 41 51
36 40 51
36 40 52
35 40 51
34 40 51
35 40 51
36 39 52
36 41 51
36 41 51
35 42 53
35 41 51
34 41 52
35 39 50
35 41 52
35 41 52
36 40 51
35 40 51
36 40 52
35 40 52
36 41 52
35 41 52
36 40 51
35 41 52
35 40 51
35 40 51
36 41 51
36 40 51
35 41 52
35 41 52
35 40 52
35 40 52
36 41 51
35 40 52
35 41 52
36 42 51
35 40 51
35 40 51
35 42 52
37 40 52
36 41 51
36 40 51
37 41 51
36 41 51
35 40 51
35 40 52
36 41 52
35 42 51
35 41 52
36 41 51
36 40 52
35 40 52
35 40 51
35 41 51
36 40 52
34 42 52
34 41 52
34 39 51
35 40 52
36 40 52
36 40 52
35 40 52
