32 39 52
32 33 32
02 32 33
02 32 33
02 32 33
02 32 33
02 32 33
02 32 33
02 32 42
32 40 51
32 39 51
32 39 53
31 37 52
32 37 53
32 39 52
32 39 52
31 39 52
31 39 52
32 39 51
32 38 52
32 39 52
32 39 52
31 39 53
33 39 52
32 40 53
32 40 52
32 38 52
33 38 52
31 39 52
33 38 52
33 39 52
31 40 52
31 39 52
32 40 53
32 40 52
35 41 52
36 41 54
37 41 57
35 42 59
37 43 60
38 39 59
38 34 57
36 37 53
36 38 50
35 39 48
36 38 48
34 37 49
36 37 47
34 36 47
35 37 46
33 36 47
34 39 49
35 40 50
34 39 52
35 39 52
35 39 52
34 40 53
36 41 52
36 41 53
35 40 52
36 39 52
34 42 51
35 45 50
36 43 49
36 44 49
37 41 50
37 39 51
36 41 50
34 43 51
35 42 52
36 41 52
35 40 51
37 40 51
38 40 51
37 39 51
37 38 52
37 38 53
37 37 53
35 38 53
36 35 54
38 36 55
38 37 53
37 36 52
37 36 52
37 33 48
35 33 48
33 32 51
34 29 51
34 26 50
33 27 53
31 25 53
30 24 52
30 26 51
30 25 51
29 24 51
28 26 52
29 25 51
26 26 51
27 26 52
27 26 52
26 25 51
25 25 51
24 25 51
24 26 50
23 25 51
24 25 51
23 25 50
23 25 50
23 24 50
24 25 49
24 24 48
25 25 49
24 25 49
24 24 49
25 26 48
24 25 49
24 25 49
24 25 49
24 24 49
24 24 49
24 24 49
24 24 48
23 24 50
23 24 49
24 22 48
23 24 49
22 24 48
24 24 48
23 24 49
23 24 48
23 23 49
24 24 48
24 23 50
24 25 50
24 25 48
23 25 48
24 24 49
22 25 49
22 25 49
23 24 48
23 23 48
24 22 48
24 23 48
23 23 47
23 24 48
22 24 47
24 23 46
22 23 48
23 23 47
23 23 46
23 24 47
23 23 47
21 23 47
21 23 46
23 23 49
21 23 48
22 23 47
22 23 47
22 22 47
21 23 47
22 23 47
22 23 48
22 22 47
23 23 47
23 23 47
22 24 48
22 22 48
21 24 46
22 22 47
21 22 46
22 23 47
23 23 47
23 24 48
21 22 48
22 23 48
23 23 47
24 23 48
24 22 46
23 21 47
22 23 46
23 22 47
22 24 47
21 23 46
22 23 46
23 24 47
22 23 47
22 23 47
22 23 48
23 22 48
22 24 49
22 22 48
23 24 50
23 24 49
23 25 50
23 25 51
22 24 50
23 25 50
25 25 51
25 24 51
26 24 52
27 25 53
28 25 53
29 25 53
31 27 52
32 27 52
35 29 51
34 32 52
36 29 51
35 29 51
36 30 50
38 31 50
38 33 51
38 33 50
36 34 51
38 34 51
38 37 51
38 36 51
38 38 52
38 38 54
38 36 54
39 37 55
38 37 54
39 39 53
37 38 51
37 39 52
38 41 51
38 40 51
38 39 51
37 41 51
36 41 50
37 39 51
36 39 57
37 41 51
38 41 52
37 41 51
37 42 51
37 39 50
36 40 51
38 39 52
36 43 52
38 42 49
39 38 54
39 39 51
39 42 50
37 40 52
37 40 50
36 38 52
36 38 51
34 40 51
32 41 49
34 40 51
32 40 52
33 41 54
33 40 54
34 39 52
33 41 52
32 39 51
31 40 51
32 38 51
33 38 51
32 36 50
33 32 53
34 29 54
33 30 55
32 29 55
31 29 55
30 30 54
29 32 56
30 32 56
32 33 55
32 34 54
33 34 55
34 33 55
33 34 55
33 35 53
33 36 54
32 34 54
33 35 53
31 36 51
30 37 51
29 37 50
29 36 50
29 34 50
28 33 50
28 34 51
28 33 52
27 31 52
28 31 50
27 30 51
27 30 52
27 32 53
27 31 52
26 32 55
25 29 54
27 31 55
29 31 56
29 30 55
30 33 57
30 33 52
31 38 55
30 32 55
29 30 52
32 33 53
31 35 54
31 36 53
33 34 53
31 34 53
31 33 54
29 34 53
32 35 52
31 37 52
31 38 53
31 39 52
33 40 53
31 40 52
32 39 53
31 37 53
30 36 52
33 37 53
32 38 53
31 38 52
32 37 53
30 36 53
29 39 51
30 37 53
30 38 52
31 37 52
32 37 52
31 38 53
30 38 52
32 39 53
30 38 53
31 38 53
32 38 52
32 38 53
32 39 53
32 39 52
31 37 53
30 38 52
32 40 53
30 38 52
30 37 53
32 39 52
31 39 52
30 40 51
32 38 52
32 38 51
32 39 52
31 38 52
31 39 52
32 38 52
32 38 53
31 38 52
31 38 52
33 37 52
32 38 53
32 39 52
31 37 53
32 38 53
31 38 52
31 38 53
32 39 52
32 39 51
30 38 52
32 38 52
31 38 52
30 39 52
32 40 51
31 38 52
31 38 53
32 37 52
32 38 52
32 39 52
31 39 52
31 39 52
31 39 51
31 38 52
32 38 53
31 39 51
31 39 53
31 39 52
31 40 52
31 38 51
31 39 52
32 39 52
31 38 52
31 38 52
31 39 52
31 38 52
32 38 53
31 39 52
31 39 52
33 39 51
32 40 52
32 38 52
31 39 52
32 39 53
32 39 52
31 40 52
32 38 51
31 38 52
30 40 52
31 39 52
33 38 51
32 39 53
32 39 52
31 39 53
31 39 53
32 39 51
31 39 53
31 39 51
33 38 52
31 39 51
32 40 52
31 38 52
31 40 52
30 39 52
31 39 52
32 38 53
31 40 52
31 39 52
32 39 53
31 39 51
32 40 52
32 39 52
33 39 52
30 40 52
31 39 52
32 39 52
31 39 52
30 38 52
33 39 52
31 39 52
31 39 52
31 39 51
31 40 52
31 39 52
32 39 52
33 39 51
32 40 53
31 39 52
31 40 51
32 40 51
32 39 52
31 40 52
32 39 51
31 40 52
31 40 52
32 40 52
30 40 53
32 39 51
31 40 52
32 40 52
32 40 52
32 40 52
32 39 52
31 40 51
31 39 52
31 39 52
32 39 52
30 40 53
31 40 52
32 40 52
32 41 51
31 39 52
32 40 53
31 40 52
31 40 52
29 38 52
31 40 51
32 39 51
