28 36 52
30 36 52
29 37 53
30 37 53
30 36 52
30 37 52
29 36 52
30 36 52
29 37 52
31 36 53
30 36 51
30 36 53
30 38 53
30 37 52
30 37 53
29 37 53
30 37 53
30 36 52
29 37 52
28 37 52
30 36 52
30 37 52
30 36 52
30 36 53
30 37 53
30 36 53
29 38 51
29 37 52
32 36 53
29 36 54
30 35 54
31 33 54
30 37 52
31 35 55
32 34 55
31 33 55
33 35 54
32 36 54
32 38 53
32 37 54
33 38 54
33 38 53
33 38 53
32 38 52
34 39 50
33 38 50
35 38 51
34 40 54
34 36 53
36 35 53
36 37 53
35 39 53
35 38 51
35 40 48
34 40 49
33 41 49
33 43 47
32 42 49
33 43 46
30 44 47
30 44 47
31 47 47
30 48 43
30 49 47
31 47 46
30 50 44
32 51 47
33 49 47
33 49 46
33 51 47
33 54 44
33 50 45
35 49 43
34 53 39
33 49 43
33 52 45
33 51 42
35 51 45
33 51 44
34 50 44
34 51 45
35 50 42
35 50 42
34 50 43
34 50 43
34 50 43
35 52 44
38 51 44
36 51 43
34 51 45
36 51 46
36 50 45
35 49 46
35 47 46
36 48 48
35 46 48
35 47 48
34 46 49
35 44 49
35 45 48
34 46 49
34 43 49
34 43 49
34 43 48
31 41 49
31 40 49
30 40 51
29 39 50
29 38 50
29 39 51
27 38 51
26 37 51
27 38 51
27 37 52
27 36 52
27 36 51
27 35 52
26 35 51
26 34 52
28 33 52
27 33 51
26 34 52
26 32 52
25 32 51
25 32 51
26 32 51
23 31 50
24 31 50
25 31 51
24 30 51
23 31 50
24 31 52
24 29 51
24 31 50
22 28 51
23 30 51
24 29 51
21 30 52
23 31 51
23 29 51
23 29 51
23 29 51
22 31 51
23 29 50
23 28 50
24 31 51
23 29 51
23 28 50
23 29 50
24 28 50
23 28 50
23 28 50
22 27 50
22 29 50
22 28 49
21 27 49
22 28 49
23 27 51
24 29 50
25 27 51
23 27 50
23 29 50
23 27 51
22 27 49
22 28 50
22 28 50
22 27 49
22 28 50
24 28 49
22 28 51
23 28 49
23 26 50
24 27 50
23 27 49
23 27 49
23 27 50
23 27 50
24 28 50
24 28 50
24 28 49
23 28 49
23 27 50
24 25 50
23 27 51
23 27 50
23 27 50
24 26 49
25 27 50
23 27 51
23 27 49
23 27 49
24 27 49
22 25 49
23 26 50
23 25 50
23 27 49
23 25 50
22 24 49
24 25 50
23 24 49
24 25 49
23 25 49
23 25 50
24 26 49
23 26 49
24 25 49
23 26 49
23 25 50
23 25 49
23 25 49
22 25 50
23 24 48
23 26 48
23 24 49
24 25 49
24 25 49
23 25 49
23 25 49
23 25 50
23 25 50
22 26 50
23 26 49
22 24 50
24 24 50
24 26 49
24 23 49
24 24 49
23 24 49
24 24 49
24 25 50
23 26 50
25 25 51
23 26 48
24 27 48
23 25 49
23 25 49
23 24 49
23 25 49
23 25 49
23 25 49
23 25 48
22 26 48
24 25 49
22 25 49
22 25 49
23 25 49
23 25 49
22 24 50
23 26 49
23 26 49
25 26 48
22 27 49
24 27 49
24 27 50
24 26 51
25 29 49
25 28 50
24 28 50
23 29 51
24 30 52
24 29 52
24 31 50
24 30 51
23 30 51
24 29 52
25 30 51
24 32 50
26 31 52
26 33 51
26 35 51
26 33 52
26 34 53
25 35 52
26 35 52
27 36 52
27 37 52
28 38 52
29 39 51
29 39 51
30 40 50
32 39 51
31 40 48
32 41 49
34 40 48
34 43 48
35 45 47
35 44 48
34 47 48
35 46 49
34 45 50
32 46 49
33 45 49
32 47 48
33 47 46
33 46 46
33 49 46
32 49 44
31 47 44
35 52 51
35 50 45
34 53 50
35 51 44
33 51 42
32 52 45
35 51 44
34 50 43
35 49 43
36 52 44
35 50 42
35 49 42
36 51 44
36 52 43
37 52 43
34 49 40
35 49 43
32 45 43
34 53 45
33 52 45
33 51 45
32 50 45
31 48 46
29 48 47
29 47 47
27 47 48
28 47 49
29 47 48
28 47 47
28 47 47
27 44 45
29 43 46
29 41 48
29 39 46
30 38 46
29 39 50
32 36 51
31 38 47
33 31 53
34 29 54
32 28 49
32 21 50
31 23 53
30 30 52
31 29 54
30 30 54
29 33 55
30 34 55
29 32 55
31 34 55
31 33 53
31 33 53
30 35 55
31 31 58
31 31 56
32 32 53
31 33 52
28 34 56
30 32 56
29 32 52
30 35 51
32 36 54
30 35 54
30 34 52
31 34 53
31 35 53
30 37 53
30 35 52
30 36 53
30 34 51
31 34 53
30 34 53
29 35 52
31 35 52
31 36 53
30 36 54
30 36 53
30 35 53
30 35 52
29 35 53
30 35 52
29 36 53
30 34 52
29 35 53
29 34 52
31 35 52
29 34 52
29 35 52
30 34 53
30 36 54
30 35 52
30 34 53
31 35 52
30 35 53
30 35 53
30 33 53
29 36 53
29 36 52
29 35 52
31 35 52
30 35 53
30 35 53
30 34 53
28 36 53
29 36 52
30 35 52
31 34 53
30 37 52
30 35 52
30 35 53
30 35 52
31 36 53
30 36 52
30 35 52
29 35 52
30 37 53
30 35 52
29 35 53
