37 39 51
36 39 51
00 36 39
36 38 53
37 38 52
35 38 52
38 38 52
37 37 52
35 38 52
35 37 52
36 37 52
36 36 52
37 38 52
35 39 52
36 38 52
36 39 51
35 38 52
36 37 52
36 38 52
36 37 53
35 37 53
37 38 53
35 37 52
36 38 52
35 38 52
36 36 52
35 38 53
35 36 53
36 36 54
35 37 54
37 38 55
35 34 53
37 40 58
36 42 57
35 47 57
36 48 56
38 47 53
38 44 51
39 44 49
40 41 48
39 41 47
38 41 47
37 41 49
38 37 48
36 39 47
35 40 48
34 38 47
32 39 48
32 39 48
31 39 50
32 41 49
32 41 49
32 41 49
31 43 48
33 45 48
33 41 49
33 44 47
33 45 51
33 44 50
32 47 45
33 44 53
33 46 51
34 47 48
31 50 49
33 50 44
33 46 45
34 48 46
33 47 46
34 47 45
33 48 46
31 46 46
33 48 47
33 50 45
35 49 47
34 49 46
36 50 48
36 50 48
35 50 46
36 50 44
35 49 45
36 47 44
35 49 44
36 48 45
35 48 47
36 49 47
34 48 48
34 47 49
36 48 49
34 48 48
35 48 48
36 49 45
34 50 46
36 48 50
35 48 48
35 47 47
36 47 46
37 48 46
38 47 47
37 46 46
39 43 49
38 42 47
36 46 45
37 44 45
37 44 46
39 44 47
39 44 47
39 45 46
39 45 47
38 42 48
39 44 47
40 43 48
40 44 48
40 44 48
40 43 48
40 42 51
39 42 49
37 43 47
36 43 48
36 42 49
35 41 49
34 43 51
36 42 52
35 41 52
35 43 51
36 43 51
36 42 51
35 41 51
35 41 52
35 41 52
34 42 52
35 41 53
34 42 51
33 42 51
33 40 51
32 41 51
32 41 51
32 39 50
32 41 51
31 40 50
32 40 51
32 40 52
30 40 51
32 41 50
31 42 51
30 40 52
32 40 52
31 40 52
31 38 50
30 40 53
29 39 52
30 41 51
30 38 51
30 37 53
29 39 51
28 39 51
29 38 52
29 37 53
29 37 52
28 37 52
29 37 50
27 36 52
28 38 51
28 38 52
29 38 51
29 36 51
28 38 51
27 37 52
28 37 51
29 38 53
28 38 51
27 37 52
28 39 51
28 38 52
28 38 51
27 39 52
27 38 51
28 36 52
28 34 52
28 35 53
28 35 51
27 35 52
27 37 52
26 36 53
26 35 52
27 37 52
27 35 52
28 37 51
28 37 52
27 36 52
27 36 53
29 37 52
28 37 52
27 37 51
26 36 51
29 37 52
27 35 52
26 37 51
27 36 52
26 36 51
28 36 52
27 35 52
27 35 52
26 35 52
27 36 52
26 35 51
26 36 53
26 35 52
27 35 52
26 36 52
27 37 51
27 35 52
28 35 51
27 36 52
26 34 52
26 35 51
27 36 51
27 35 53
27 34 52
26 35 52
26 33 52
27 34 52
26 36 52
25 34 52
27 36 52
27 36 52
26 36 53
27 33 51
26 35 53
26 35 51
26 35 52
26 35 53
26 33 52
28 35 52
27 34 52
25 34 52
26 34 51
26 34 53
26 34 52
26 35 52
26 35 52
28 35 52
28 34 53
28 34 52
27 35 53
27 35 53
27 35 53
28 34 53
27 34 53
28 33 51
26 35 52
28 35 53
27 36 53
26 34 53
28 35 52
28 34 53
27 35 52
27 35 52
27 35 53
26 35 52
26 34 51
26 34 52
27 34 52
27 33 52
26 35 53
27 34 52
29 34 51
27 34 51
28 33 51
27 34 51
29 32 52
28 34 53
28 34 53
27 34 52
28 34 53
27 33 53
27 34 53
28 34 52
28 34 52
28 33 51
26 33 52
27 32 51
27 33 53
27 33 53
28 34 52
28 35 53
29 34 52
27 32 53
28 34 53
28 34 52
28 34 54
29 35 53
27 33 52
28 34 52
28 33 53
29 34 52
28 33 52
27 34 53
28 33 53
27 32 52
27 34 52
29 33 52
27 34 52
28 33 52
28 35 52
28 34 52
28 35 52
28 34 53
28 34 53
28 34 53
27 34 53
29 35 52
29 35 52
30 37 53
29 36 52
30 36 52
30 35 52
29 36 51
29 37 51
29 35 53
30 38 51
31 37 53
30 37 51
32 38 51
33 41 51
34 40 52
35 40 51
36 42 51
35 42 50
36 43 48
34 44 52
35 43 50
36 40 49
36 44 50
37 42 49
37 43 49
39 44 48
38 43 46
39 46 48
40 46 49
39 45 49
39 47 49
37 47 49
37 48 48
38 47 47
38 46 47
37 47 47
37 46 47
36 47 47
37 47 48
37 50 47
38 49 49
37 43 49
35 44 49
35 44 46
36 46 47
36 45 48
36 43 45
37 46 48
36 46 49
37 48 47
37 47 46
38 47 48
39 46 48
36 46 47
36 47 46
37 44 46
36 47 47
36 48 49
36 45 46
35 45 46
37 49 48
36 47 48
36 48 46
36 50 45
41 52 49
36 45 47
34 43 45
36 50 49
36 47 49
35 47 48
35 45 47
35 46 47
34 45 50
34 46 48
31 53 46
32 50 50
37 44 51
39 44 50
42 40 50
44 34 50
46 34 48
45 31 47
46 31 45
43 29 45
43 31 44
41 32 44
39 33 51
40 32 49
38 32 48
39 36 54
39 39 50
37 36 51
35 40 52
36 38 54
33 38 56
32 37 53
32 39 58
33 40 56
29 41 55
32 38 53
32 42 56
34 38 53
31 37 51
32 36 51
29 40 56
30 36 51
31 37 53
29 40 52
31 38 52
34 37 53
34 38 53
35 38 53
34 38 52
34 36 52
33 36 52
33 37 52
34 38 52
34 38 53
34 37 53
33 39 52
34 39 52
33 37 52
33 37 52
33 39 52
34 37 52
34 38 52
33 37 53
33 38 52
34 37 53
34 36 52
34 38 52
32 38 53
34 38 52
33 38 52
33 38 52
34 39 51
34 37 52
34 37 52
34 40 52
32 38 52
33 38 52
33 37 52
33 38 53
33 38 52
34 38 53
33 38 53
34 38 52
33 39 52
34 38 53
33 39 53
33 38 53
32 39 52
33 38 52
34 38 52
32 38 52
34 36 52
33 38 54
33 39 52
34 37 52
33 37 52
34 38 53
34 35 52
34 39 52
32 36 53
32 38 51
