30 43 49
31 41 50
29 42 50
30 42 51
30 42 50
30 42 50
29 42 50
29 43 50
30 43 51
30 42 50
29 43 50
30 42 50
30 42 51
29 42 50
29 42 49
30 42 51
31 42 51
31 41 49
31 42 50
30 43 50
31 41 50
30 41 50
30 41 51
30 42 51
29 41 50
29 42 51
31 41 51
31 41 50
29 42 52
29 43 50
28 45 52
31 45 51
31 45 50
31 47 49
34 45 48
34 47 47
35 50 50
37 51 48
37 50 48
40 48 48
39 48 47
40 47 48
40 47 46
40 45 47
39 44 45
39 45 45
38 45 45
37 46 45
39 44 44
37 46 45
37 46 45
35 46 44
36 46 45
37 46 46
36 45 47
36 43 48
37 44 48
36 44 46
36 45 47
36 46 48
37 47 47
34 45 47
32 46 51
38 42 48
38 47 44
38 49 50
40 47 47
38 49 47
37 49 46
37 51 48
37 48 49
36 48 49
37 48 48
36 46 49
37 46 50
38 45 50
37 46 49
37 46 49
39 45 50
39 46 49
37 46 48
39 44 48
39 45 48
39 43 48
38 43 48
40 43 47
40 43 46
41 41 48
40 42 48
40 43 47
41 40 48
42 39 49
39 38 48
38 39 50
38 38 49
39 37 50
37 36 50
36 35 51
35 35 52
35 37 52
33 35 53
34 31 52
33 37 50
30 35 54
31 33 52
30 32 54
30 32 54
29 32 54
28 32 53
28 31 53
26 30 53
28 30 53
26 31 52
26 31 53
26 31 51
27 30 52
26 30 52
27 30 52
26 29 52
27 29 51
26 29 51
27 29 51
26 30 50
25 30 51
26 29 51
25 28 51
24 28 52
26 29 51
25 29 51
27 29 51
25 29 52
24 29 51
26 30 51
25 29 50
25 28 51
25 29 51
25 29 52
25 28 51
24 29 51
26 27 51
25 29 51
25 28 51
25 29 51
25 29 50
25 27 50
25 28 51
26 28 51
26 27 51
26 28 50
26 29 51
25 29 52
25 29 51
26 28 50
26 28 52
26 29 51
26 29 52
25 28 52
25 29 52
24 30 51
26 30 50
26 30 51
26 30 51
26 30 51
26 30 51
28 32 52
27 33 52
29 33 52
28 32 51
29 34 53
27 34 52
29 34 52
30 35 53
30 35 53
30 36 54
31 37 53
31 37 53
32 37 54
31 36 53
33 38 53
32 37 53
33 38 53
33 38 54
34 38 53
35 38 52
36 39 53
36 39 52
36 38 52
36 38 51
38 39 50
39 38 50
37 39 50
39 39 50
39 39 50
40 41 50
39 40 50
40 40 50
40 41 49
39 40 48
39 41 48
40 41 48
39 43 49
38 41 48
39 40 48
38 40 49
38 42 51
40 42 49
39 43 50
38 42 50
38 44 48
38 44 49
39 43 49
38 42 49
39 42 48
38 43 47
39 44 48
39 43 49
38 45 49
39 47 49
38 46 49
39 46 49
39 46 49
40 45 48
41 47 50
40 46 49
40 46 48
38 45 47
39 46 47
38 44 47
39 46 46
39 43 45
36 46 50
39 47 46
38 47 48
38 46 48
38 45 49
38 45 47
37 46 47
39 46 48
38 46 47
37 46 47
38 45 47
39 44 47
38 45 48
38 45 47
36 44 47
38 44 47
38 45 48
38 45 48
39 48 50
41 51 48
36 40 48
38 44 49
36 45 49
35 43 49
34 45 47
35 44 47
34 46 49
34 43 48
32 44 48
31 45 46
33 45 44
32 46 43
33 46 45
35 45 44
36 45 44
39 44 45
39 42 48
41 43 46
43 45 48
41 44 49
40 44 51
38 45 54
37 44 52
34 42 57
34 41 55
35 43 52
31 44 56
30 45 52
31 39 53
33 42 52
33 46 49
32 43 47
31 47 50
30 41 51
33 41 49
34 40 48
32 41 49
33 42 49
32 42 50
32 44 51
33 40 50
32 44 49
32 44 50
31 48 51
30 45 50
31 45 51
31 42 50
30 43 50
31 43 50
30 44 49
31 44 49
31 45 50
30 46 49
31 44 50
31 45 50
30 44 51
30 44 50
31 43 50
30 42 50
31 42 51
30 41 50
30 43 50
31 41 51
29 41 50
31 44 51
31 44 50
32 44 51
30 43 49
32 43 50
29 44 49
30 43 50
30 43 49
29 43 50
31 44 49
31 42 50
30 44 50
31 43 49
30 45 50
31 45 49
32 44 49
31 43 50
29 43 49
31 43 48
32 44 49
31 45 49
30 44 49
31 45 49
31 44 49
31 44 50
30 45 49
31 44 50
32 44 49
30 44 50
31 44 50
30 45 50
31 45 49
31 45 48
31 44 48
32 44 50
32 43 48
32 45 49
32 45 49
32 43 49
