30 43 52
31 45 50
32 44 52
33 44 53
33 46 47
35 46 49
35 49 48
35 48 45
35 49 45
35 48 44
34 44 45
34 47 44
31 46 45
32 47 45
31 47 45
32 47 46
31 48 45
32 49 45
33 48 47
33 49 47
32 49 45
35 48 47
34 52 45
33 52 47
34 48 46
34 48 44
33 49 46
33 51 47
33 49 44
32 51 47
32 52 47
30 49 46
31 50 46
32 51 44
31 52 43
30 50 46
32 50 46
32 50 46
34 49 48
34 50 48
36 49 49
36 48 49
36 48 50
37 44 50
37 45 49
36 43 48
35 42 46
36 44 46
36 43 45
33 44 46
35 43 46
34 43 47
34 43 47
32 43 49
33 43 50
33 43 49
33 41 49
31 41 50
32 41 51
29 40 52
28 40 52
29 39 50
28 39 51
29 37 50
27 38 51
27 38 50
27 38 52
26 39 51
26 37 53
27 37 53
26 37 52
28 38 52
25 35 53
25 35 51
25 35 51
25 34 53
25 35 51
25 34 51
26 34 51
25 34 51
26 34 51
25 34 51
24 34 51
24 34 51
24 33 52
25 33 52
24 32 52
23 32 52
23 32 50
23 32 51
25 32 51
24 32 50
24 32 51
24 31 49
23 32 51
24 31 51
23 32 51
25 32 51
23 32 50
24 32 52
22 32 50
24 32 50
24 31 50
22 31 51
24 31 53
23 31 52
23 31 51
23 31 51
23 31 52
21 30 50
23 30 50
23 31 50
24 31 50
23 31 51
23 31 50
22 29 51
22 30 51
24 31 50
23 30 51
23 30 50
22 31 51
22 30 50
24 29 50
23 28 50
23 30 49
23 30 51
22 30 50
22 30 50
23 30 50
21 29 51
23 29 50
23 28 50
22 29 51
21 29 50
23 29 49
21 29 50
22 28 49
22 28 49
22 28 49
23 28 49
22 28 49
23 28 48
23 28 50
23 29 51
22 29 50
22 28 50
22 28 50
22 28 51
22 28 50
22 29 50
22 29 50
23 29 50
22 28 49
20 29 51
23 30 50
20 28 51
22 29 50
23 29 50
22 29 50
23 28 49
23 28 50
21 29 49
22 28 50
22 29 49
21 29 49
22 29 50
22 29 50
22 28 50
23 28 50
23 29 49
22 29 50
22 28 50
23 29 48
21 29 50
22 28 50
23 29 49
21 29 49
22 28 49
22 28 50
23 30 49
23 29 49
22 29 49
22 28 50
22 29 49
22 29 49
23 29 50
23 30 52
23 32 51
23 31 49
24 33 52
25 33 50
24 34 51
25 33 53
24 34 52
23 35 52
25 35 53
25 35 52
26 35 53
26 38 52
26 39 51
27 38 52
28 38 51
30 39 52
30 39 53
31 40 52
32 41 51
33 41 50
33 40 49
35 41 49
32 42 50
33 42 50
32 41 50
33 38 50
35 38 50
33 41 50
34 41 50
35 40 50
34 42 48
36 41 48
35 42 48
35 43 48
36 44 49
37 43 49
35 44 49
34 45 50
33 44 51
33 46 49
33 46 48
35 41 49
36 41 51
37 43 51
36 46 50
36 47 49
35 43 50
35 44 49
35 45 48
34 46 49
33 47 47
33 50 49
34 47 48
34 46 48
31 46 48
35 52 48
33 50 47
35 46 46
34 46 47
34 48 47
35 48 47
33 46 47
32 48 45
35 49 52
34 48 48
33 47 47
34 47 45
34 47 47
32 47 48
31 45 49
32 45 48
34 46 48
31 46 47
32 45 47
31 45 49
33 47 47
32 45 48
35 51 49
32 45 46
31 47 50
27 48 46
27 46 48
27 47 51
27 49 50
27 49 48
32 49 46
36 40 40
36 43 40
37 41 38
36 40 42
33 33 56
32 37 56
33 30 58
31 32 58
30 36 55
26 37 57
27 38 53
27 38 52
26 37 50
25 36 51
27 35 56
29 38 52
30 41 50
29 44 52
29 43 51
29 44 50
29 43 50
30 43 51
32 42 50
30 41 52
30 41 50
31 42 51
28 42 52
29 41 50
31 41 51
30 41 51
30 41 51
30 43 51
31 41 51
30 42 51
31 42 51
31 42 50
29 42 52
29 40 51
29 41 51
29 41 51
29 41 52
30 42 51
29 42 51
29 40 51
29 40 52
28 40 51
30 41 52
30 40 51
30 42 51
29 42 51
30 41 52
30 41 52
29 41 51
30 42 52
30 40 51
29 42 50
29 41 52
29 41 51
30 42 50
29 41 51
30 40 51
31 42 51
30 41 51
30 41 51
30 41 51
30 42 51
31 42 52
29 41 51
30 43 51
29 42 51
28 41 50
29 42 50
29 41 51
29 40 52
