35 43 49
35 43 52
36 43 51
35 43 50
36 44 51
35 44 50
35 44 50
35 43 50
35 43 50
36 43 50
35 43 49
35 44 50
35 42 49
34 42 50
35 43 49
35 42 51
34 43 50
35 45 50
34 44 50
35 43 49
35 42 51
35 43 51
36 43 51
35 43 50
34 44 50
36 43 50
35 43 50
36 44 51
37 43 52
36 44 52
37 44 51
36 42 52
37 42 50
36 43 50
36 42 50
37 42 50
35 42 49
36 41 48
35 43 49
35 39 49
35 41 48
34 39 48
33 41 48
34 42 49
35 42 49
35 43 51
35 44 51
34 44 51
35 45 52
34 47 51
35 49 51
34 43 51
34 47 50
34 44 48
33 41 48
34 43 50
34 44 50
33 45 51
34 44 52
35 46 52
33 44 51
35 46 50
36 44 49
36 46 48
36 44 48
38 42 47
38 42 48
41 42 50
42 41 48
41 42 49
38 43 46
36 43 45
36 43 47
38 45 48
38 45 50
38 45 49
38 46 51
39 48 50
39 47 48
39 46 48
40 45 49
38 45 48
38 45 49
39 45 50
41 45 49
40 43 47
41 41 46
40 41 48
41 41 47
43 40 44
42 40 45
41 41 47
40 39 46
40 41 49
37 38 49
39 39 50
37 39 51
36 39 52
35 37 54
33 40 55
33 37 55
33 38 54
32 38 54
34 37 55
32 35 54
31 35 52
31 35 53
31 34 53
30 35 51
31 34 51
29 34 52
30 32 51
29 34 52
29 34 53
29 33 52
30 35 53
28 34 53
28 33 53
28 33 53
28 34 53
28 34 53
29 34 52
27 35 52
27 33 54
27 32 53
26 33 53
27 32 52
26 33 53
26 32 53
26 31 52
27 31 52
27 30 52
26 32 52
26 32 53
27 31 52
25 30 51
27 31 52
25 30 52
26 30 51
26 30 52
26 29 52
25 29 51
26 31 52
27 29 52
26 28 52
26 28 51
25 28 52
28 28 51
26 29 51
28 28 50
26 28 52
27 29 52
26 28 51
25 28 53
26 28 51
25 30 51
25 28 52
26 28 51
26 28 52
27 27 51
26 28 50
26 28 52
27 27 51
26 27 51
25 27 51
25 27 51
28 28 51
26 28 52
27 25 50
26 25 51
27 27 51
27 26 51
26 27 51
27 27 50
26 26 51
27 26 52
26 26 51
27 27 51
26 26 50
27 26 50
27 26 50
27 26 50
26 26 50
26 24 50
26 26 51
27 26 50
26 25 50
25 26 50
27 26 51
27 26 51
26 26 50
26 26 50
26 26 50
25 25 51
25 27 51
27 28 52
27 28 52
27 28 51
27 30 53
28 31 52
27 31 52
27 28 53
26 30 52
27 30 53
29 30 51
29 32 52
29 32 54
31 34 54
33 36 53
33 37 55
33 37 54
34 38 53
36 38 53
36 37 51
37 38 52
36 40 52
37 38 52
38 41 52
41 40 49
40 40 48
40 41 48
39 39 50
39 39 47
39 40 48
38 40 47
38 40 48
38 41 48
40 43 49
38 42 49
37 43 48
37 43 49
36 44 48
37 44 49
37 46 49
37 46 50
38 45 50
36 44 49
37 46 49
37 45 50
36 45 49
34 45 49
36 46 49
37 44 49
37 43 50
36 46 48
35 48 50
36 46 48
35 45 48
34 44 49
34 42 49
33 43 49
31 43 49
32 42 50
34 44 51
34 45 50
32 43 49
33 45 50
35 44 49
35 43 49
37 43 47
38 42 48
37 43 50
36 44 52
37 43 54
36 42 53
35 42 52
35 42 53
35 42 51
34 41 50
36 40 50
36 40 49
35 40 48
36 40 49
37 39 48
36 40 49
36 40 49
37 39 50
36 40 50
37 41 51
35 41 51
37 41 51
37 40 51
36 40 51
37 42 52
38 40 51
36 39 51
36 39 51
36 40 50
36 40 50
36 40 49
36 40 49
36 39 50
37 39 51
36 39 51
37 40 52
37 38 53
37 40 52
37 39 50
36 41 51
38 39 51
38 38 51
38 39 50
36 38 51
38 37 52
36 38 52
38 37 52
36 36 52
38 36 52
38 37 52
37 39 52
38 37 52
37 39 52
37 38 51
36 38 53
36 40 53
37 38 52
36 39 51
37 40 51
35 37 52
36 39 51
34 37 52
33 38 53
34 41 56
34 40 54
35 41 53
35 41 51
36 41 50
37 39 50
37 40 50
36 39 50
37 39 52
35 42 52
35 41 51
33 40 50
34 41 51
35 40 52
33 42 52
34 40 52
33 41 52
31 41 52
31 41 52
32 38 52
31 39 51
32 41 53
31 39 52
30 40 52
33 40 51
32 42 51
32 41 50
31 39 51
32 40 51
32 41 52
33 41 51
33 41 52
