05 32 43
32 43 49
33 44 49
32 44 51
33 44 49
33 43 50
33 45 49
32 44 49
33 45 49
32 44 49
31 43 49
32 44 50
33 44 50
32 44 50
32 45 50
33 43 49
32 43 51
33 43 49
32 44 50
30 43 50
33 44 50
32 44 50
32 45 51
32 44 50
32 44 50
32 44 50
31 44 50
32 44 50
32 43 50
32 45 49
33 42 49
32 42 50
33 44 50
33 44 50
32 44 50
33 43 50
32 44 50
32 44 50
32 44 50
32 43 50
32 44 50
32 45 50
33 43 49
33 44 48
32 45 50
32 45 50
32 45 49
33 44 49
33 43 49
32 43 50
33 44 49
32 44 50
31 43 49
32 43 50
33 45 49
31 43 50
32 43 50
32 44 50
33 44 50
32 43 50
32 44 50
32 43 49
33 43 49
33 43 50
32 45 51
32 44 50
33 45 49
32 44 49
31 45 50
32 43 49
33 44 50
31 44 50
32 44 50
33 44 51
32 44 49
32 44 50
32 43 50
31 45 51
32 45 50
33 43 51
31 44 50
32 44 50
33 43 49
31 43 50
34 44 50
32 44 50
33 44 51
31 44 50
31 43 49
33 45 50
32 42 50
33 43 50
32 43 51
32 44 50
33 42 50
32 45 51
31 44 50
33 46 51
34 45 50
33 45 50
34 46 51
35 47 50
36 47 51
37 47 50
38 46 49
39 45 50
39 44 48
39 43 48
39 44 48
39 42 47
41 42 47
41 41 47
41 42 48
42 41 48
42 42 48
41 41 47
40 41 48
41 41 48
40 42 48
39 42 49
41 42 49
40 43 49
40 43 48
41 43 48
41 44 49
41 43 49
41 42 49
40 42 49
41 41 50
40 43 50
42 44 49
41 42 49
42 42 47
41 45 48
40 44 47
41 44 49
41 43 49
40 43 49
40 44 49
40 43 48
40 43 49
40 43 50
39 42 49
40 43 50
40 42 50
38 42 50
40 42 50
39 42 51
39 42 52
38 41 51
37 39 52
37 41 52
36 40 53
36 39 52
36 39 52
35 38 52
35 38 52
34 38 51
33 37 52
31 36 52
33 36 52
32 35 52
31 34 52
31 36 52
30 35 52
30 34 52
30 34 52
29 35 52
28 34 52
27 33 52
27 35 51
26 34 51
26 34 52
26 33 52
25 32 51
27 35 51
25 34 51
24 33 52
22 35 52
25 35 51
24 35 52
23 35 50
23 33 53
23 34 51
24 34 50
23 35 51
23 34 50
24 34 51
23 33 50
22 35 50
21 35 51
22 35 49
22 35 51
23 34 50
21 34 50
22 35 50
21 35 50
21 33 49
22 34 49
22 35 49
21 35 49
22 34 49
21 34 49
21 34 51
22 34 50
22 32 50
20 36 50
22 35 49
22 33 50
22 35 49
22 35 50
21 34 50
21 34 50
21 34 49
22 33 49
21 34 49
21 34 49
21 34 49
21 33 49
21 34 48
21 34 50
22 33 50
21 34 50
21 33 49
22 32 50
21 33 50
22 33 50
22 33 49
21 34 50
21 34 50
22 34 50
21 33 50
22 34 50
22 34 50
21 34 51
23 34 50
22 34 51
24 34 51
24 33 51
22 34 51
22 33 52
23 34 52
23 35 51
23 34 51
23 35 51
24 35 51
22 35 52
24 34 52
26 34 53
26 34 52
26 37 52
28 35 52
29 34 52
31 36 51
33 36 51
32 35 51
33 36 52
34 35 51
35 35 51
36 36 51
38 36 51
37 37 51
38 39 52
39 38 52
40 40 51
40 39 51
40 40 52
40 39 52
40 40 52
40 40 52
41 38 51
41 39 51
39 39 50
41 38 50
41 39 50
41 40 52
40 39 49
41 40 50
41 40 51
40 41 50
38 40 51
41 35 43
42 40 48
42 43 54
43 41 48
43 43 50
41 39 50
40 39 50
42 41 51
42 41 50
42 43 50
40 40 50
40 38 49
41 42 49
40 41 49
40 41 48
39 40 48
40 38 46
42 39 47
42 40 49
42 41 49
42 43 48
42 44 48
42 45 48
41 47 48
40 46 47
40 47 50
40 46 49
41 45 47
39 46 47
38 47 48
37 48 47
37 50 45
35 51 47
35 48 48
34 49 46
36 48 48
35 47 46
34 47 48
32 47 54
31 41 49
33 43 49
32 46 47
31 47 47
32 47 47
32 47 47
32 46 48
33 45 49
32 46 48
32 46 49
33 46 48
33 46 48
33 46 48
32 46 49
33 47 47
33 46 49
33 46 48
34 46 48
33 47 48
33 46 47
32 47 48
32 45 48
33 46 48
32 47 47
33 46 48
34 47 48
34 45 49
34 47 48
32 48 47
33 47 48
32 48 48
32 45 47
32 45 48
33 46 48
33 47 48
34 46 47
33 47 48
32 47 47
33 48 47
33 46 47
33 46 48
33 46 49
33 46 48
32 46 48
32 47 47
33 47 49
33 47 48
32 47 47
33 47 48
33 46 47
32 45 47
34 46 47
34 46 48
33 46 48
33 48 47
32 47 47
33 47 47
33 47 47
34 46 48
32 45 47
34 46 47
33 47 47
33 47 47
33 47 47
33 47 47
34 46 47
35 46 47
34 48 48
32 47 48
32 46 48
33 48 47
33 46 47
34 48 48
32 47 47
34 46 48
32 46 49
33 46 48
33 46 48
34 45 47
34 46 47
33 48 48
32 46 47
32 48 48
33 47 47
