13 36 36
12 37 35
57 12 37
11 37 35
12 36 35
12 35 35
11 36 34
10 35 36
09 34 36
09 35 36
12 34 38
14 35 38
13 36 39
12 33 38
11 34 38
12 34 40
13 36 40
13 34 42
12 35 42
13 37 44
12 39 46
14 41 49
16 42 50
20 42 51
22 41 50
26 40 50
29 43 51
29 40 50
31 40 50
32 39 49
32 40 47
33 40 47
31 42 46
29 40 43
28 39 42
25 39 42
24 36 44
20 33 43
17 36 47
15 35 50
13 30 44
11 31 44
13 31 44
13 32 45
14 29 48
14 28 46
14 30 45
15 31 51
16 29 50
16 29 47
20 32 47
19 31 47
19 31 47
18 30 47
18 30 47
18 28 47
18 30 48
18 31 47
17 31 47
17 32 47
15 30 46
14 31 47
11 30 46
12 32 48
13 31 47
13 33 48
12 36 49
12 36 47
16 37 46
19 39 47
21 41 48
25 40 47
31 43 46
36 40 49
38 39 48
38 39 50
40 34 53
38 32 54
35 23 54
27 39 51
33 41 57
37 44 59
35 53 54
37 57 52
41 47 49
34 47 41
29 48 39
28 48 40
23 53 42
23 44 41
20 45 41
20 41 45
18 42 46
19 41 48
17 37 46
16 43 49
17 44 53
18 37 49
15 46 51
20 45 50
19 48 50
19 46 47
26 49 48
27 47 49
32 43 48
36 42 45
38 41 45
41 36 47
41 35 44
42 33 44
41 30 46
40 31 49
40 26 50
39 13 54
34 18 53
37 31 59
38 42 62
38 47 54
37 47 49
33 43 48
30 45 46
24 50 44
28 46 41
29 49 47
29 48 43
31 51 47
29 57 41
24 52 41
30 47 48
28 45 43
28 58 39
40 37 50
34 46 43
29 46 47
25 44 57
24 52 48
26 46 38
30 43 41
33 45 41
31 44 43
33 50 46
30 46 46
28 42 47
27 41 55
23 43 53
24 47 50
28 46 49
29 51 46
29 43 47
28 44 47
27 42 48
32 36 55
28 35 53
28 38 55
30 39 52
26 38 50
28 41 51
29 38 51
29 41 51
31 36 47
30 36 50
30 34 53
29 35 53
28 32 56
28 38 58
27 39 57
29 37 53
28 29 51
25 42 45
31 32 48
33 31 44
34 35 42
32 32 37
31 44 47
25 48 47
19 52 44
18 55 45
16 52 47
14 51 45
16 55 48
18 48 47
19 45 47
15 46 48
15 49 47
20 53 50
24 52 47
29 49 47
32 42 45
31 43 46
30 39 44
27 37 43
22 35 47
13 30 46
19 33 53
23 29 57
25 32 52
25 36 52
16 33 41
22 25 48
20 28 50
19 36 57
30 42 56
32 41 54
29 39 53
23 39 48
20 34 44
21 33 45
26 31 50
28 40 50
28 36 55
25 36 52
20 34 54
19 33 52
21 26 51
20 33 47
19 27 51
21 22 51
22 40 50
29 42 47
22 24 51
19 36 51
21 31 51
23 31 51
24 33 50
22 29 51
23 31 50
23 32 51
22 31 49
23 32 49
23 31 50
23 31 50
22 31 50
23 31 50
22 31 50
22 31 50
23 31 51
23 31 50
22 30 50
22 32 51
21 31 51
23 32 50
23 32 50
22 30 51
22 31 50
23 32 51
23 32 50
22 30 50
22 30 50
22 31 51
22 31 50
23 31 50
22 31 49
22 32 51
23 31 51
23 30 50
24 32 51
23 31 51
24 29 51
23 30 50
23 31 51
21 31 51
23 30 50
23 31 50
22 30 50
22 30 51
23 31 50
23 30 50
23 32 50
22 31 50
23 32 50
23 31 50
22 30 50
24 31 51
23 31 50
23 30 50
21 30 49
20 29 49
19 32 51
15 35 50
13 31 52
13 34 49
16 39 51
20 41 48
26 41 46
33 45 42
36 46 39
38 45 42
37 46 47
33 45 46
31 47 45
30 54 47
25 54 43
22 52 45
24 52 37
26 56 38
28 54 36
31 54 36
29 53 33
29 52 32
28 54 34
28 55 32
28 53 33
29 52 32
27 53 32
27 54 33
28 53 35
28 52 34
27 53 35
28 54 34
28 54 35
27 53 37
28 52 38
26 53 39
26 54 39
26 53 42
26 51 41
25 50 43
26 47 45
26 46 46
26 46 46
26 44 48
25 43 48
27 42 48
27 42 48
25 43 48
26 41 49
26 41 49
25 43 50
25 42 50
26 43 50
26 41 50
27 42 50
27 41 49
26 42 49
27 43 49
24 41 50
26 42 49
26 40 50
26 41 50
25 41 50
26 42 50
27 41 51
25 40 49
25 40 50
27 41 50
26 43 50
26 41 51
26 41 51
25 41 50
26 40 50
27 40 50
26 39 50
26 40 50
26 40 51
27 41 49
27 40 50
25 42 50
26 41 50
26 40 51
26 40 49
27 41 50
28 42 50
27 41 49
27 41 48
27 42 50
26 43 50
25 40 48
26 40 49
25 43 50
26 42 49
25 44 50
25 49 49
27 51 46
28 51 44
30 50 45
29 49 42
30 48 41
30 48 39
25 51 37
26 52 33
26 53 34
23 52 34
21 53 29
20 54 30
21 52 29
20 53 27
22 50 27
22 48 26
21 48 23
22 47 23
19 50 22
17 48 19
16 48 22
18 48 24
17 51 24
15 52 25
16 53 26
20 51 28
22 51 27
25 51 32
27 52 31
28 51 32
32 52 36
32 55 33
31 53 32
33 52 36
32 52 37
29 52 34
28 52 35
26 53 35
28 50 34
28 53 31
27 56 30
28 50 27
28 50 30
27 50 31
28 52 30
26 54 30
25 52 28
25 53 29
26 54 30
26 51 30
24 50 28
27 52 29
28 49 30
27 49 29
27 48 29
28 49 28
28 52 27
28 51 28
29 51 27
26 52 27
23 52 25
23 51 25
23 52 30
23 50 29
23 51 29
25 53 31
24 52 30
25 52 29
24 54 29
25 53 29
26 53 29
26 53 30
26 53 31
23 50 31
23 51 29
21 52 29
20 50 29
20 49 29
22 50 29
22 52 31
24 51 32
26 53 33
25 52 33
25 51 35
26 52 34
26 51 33
26 49 32
24 51 31
22 51 30
22 49 31
21 51 30
20 53 31
21 50 31
21 52 31
24 53 33
25 52 33
27 51 31
26 52 32
22 52 32
20 50 31
19 50 31
18 51 33
20 49 32
20 48 32
20 48 31
21 51 31
22 51 29
23 52 32
23 52 33
24 50 31
24 51 33
25 52 33
23 50 34
23 50 34
22 49 33
24 52 33
22 52 34
22 53 32
23 51 32
23 51 31
25 51 31
25 52 31
24 53 32
25 51 32
23 52 33
25 51 32
25 50 32
26 52 32
22 55 33
19 53 33
18 59 33
20 53 36
22 52 40
32 47 42
24 41 43
25 35 47
23 32 49
23 36 45
23 35 42
25 38 48
25 44 49
26 44 47
26 46 43
24 47 39
23 49 38
23 50 41
21 50 38
19 50 35
19 51 35
17 56 37
20 51 33
21 51 31
22 55 35
26 50 33
25 48 29
24 53 31
23 53 29
21 51 27
22 51 28
22 51 28
21 51 27
21 52 30
22 51 29
22 52 29
23 53 30
22 50 30
24 50 32
23 51 31
21 51 31
22 51 31
22 49 32
21 50 31
20 51 31
20 48 32
22 51 35
23 49 35
24 49 35
22 53 37
26 50 38
22 53 36
24 50 38
26 53 37
25 52 35
26 51 37
26 52 36
27 53 36
28 52 34
29 55 34
25 40 33
27 36 31
26 55 35
30 62 35
30 58 31
29 37 35
29 50 39
35 53 40
30 62 30
28 59 25
19 44 25
22 53 37
28 44 47
27 62 32
29 63 26
27 54 30
29 44 35
25 42 47
26 47 37
31 63 16
29 60 21
26 43 31
25 18 40
27 44 38
28 63 21
32 62 20
25 32 20
26 23 31
25 41 44
26 63 31
29 63 19
26 43 17
27 46 39
24 38 49
24 62 35
33 63 18
30 53 17
29 45 30
26 15 42
25 36 43
27 63 24
36 62 19
29 39 23
28 25 36
22 40 46
22 63 33
32 63 21
28 59 23
28 44 19
26 17 34
22 42 47
22 62 35
32 63 22
29 60 22
28 58 31
24 17 39
20 45 43
23 63 29
34 63 20
26 54 23
27 43 34
24 28 44
26 51 40
28 63 23
32 62 21
23 38 26
26 35 35
24 45 44
23 62 25
34 63 18
29 45 23
24 28 33
21 46 42
22 61 33
33 63 15
31 50 19
25 28 31
23 48 44
25 56 34
31 63 15
33 56 20
25 33 31
22 49 42
23 56 39
30 63 20
34 61 13
26 28 27
25 29 41
24 47 38
30 62 23
36 62 16
26 33 23
27 38 35
23 45 42
29 58 30
30 63 17
29 49 23
29 35 29
23 25 45
22 46 42
29 63 22
33 62 16
28 34 18
26 25 34
17 45 48
23 61 34
37 63 14
34 55 16
24 38 28
24 31 43
24 38 41
31 63 21
38 63 11
35 59 17
28 34 30
24 41 45
20 53 37
32 63 16
36 56 12
28 31 27
26 36 42
26 51 36
35 63 15
34 60 13
27 36 27
27 31 43
28 42 34
34 63 16
38 58 12
27 36 26
27 26 40
27 42 37
33 63 16
39 61 12
27 36 24
27 28 40
25 42 39
33 63 17
37 62 14
30 39 21
26 35 36
25 40 39
30 62 19
38 63 09
33 39 20
26 34 38
24 45 42
29 61 23
33 63 11
31 51 22
26 30 37
23 47 42
27 60 24
33 63 13
31 53 18
27 24 32
25 44 46
25 62 26
32 63 16
32 62 22
25 34 30
30 36 39
33 46 37
32 63 22
33 61 18
26 35 23
28 19 36
27 42 40
29 52 28
36 63 14
30 58 23
26 48 30
28 27 41
29 42 40
28 62 21
35 63 17
33 61 24
26 50 34
26 18 39
24 45 37
25 60 21
34 63 17
27 44 23
29 30 35
25 40 43
26 52 39
30 63 19
36 62 17
27 41 18
27 26 35
25 45 41
26 58 35
31 63 16
34 58 19
28 59 35
25 17 40
23 39 37
24 63 24
35 63 18
31 41 23
30 38 35
26 24 45
24 46 38
27 63 21
36 63 16
30 35 20
28 22 32
24 45 42
26 55 33
25 63 21
36 62 21
29 36 23
34 30 37
28 39 43
22 58 35
31 63 22
30 59 21
30 57 35
26 18 40
24 41 43
26 63 27
34 63 18
29 53 24
30 51 35
26 23 43
27 43 39
29 63 22
37 63 16
29 42 23
28 23 35
23 40 45
26 55 33
37 63 14
36 56 21
30 42 32
29 39 42
23 47 36
31 63 22
38 61 18
32 55 25
30 36 34
27 46 44
24 62 29
35 63 19
34 57 22
31 34 35
27 33 44
24 60 31
36 63 19
36 56 18
28 31 31
25 45 42
27 58 32
35 63 20
35 57 19
28 35 29
29 31 42
25 53 36
36 63 20
36 58 18
29 30 27
28 29 41
25 49 35
33 63 20
38 60 18
30 28 25
27 28 41
24 41 37
31 63 19
39 61 19
30 27 28
25 28 42
22 53 36
24 63 23
26 54 26
23 41 31
23 57 36
31 63 33
37 61 32
33 57 33
32 58 29
22 42 29
08 30 22
16 60 30
19 46 35
24 48 40
23 43 39
21 53 37
27 59 32
37 55 37
39 42 33
32 60 26
15 58 32
00 26 42
03 57 43
20 53 36
52 63 25
52 52 31
39 51 39
06 50 39
00 28 28
15 49 35
28 45 36
40 62 39
59 63 31
40 54 36
13 49 32
00 44 46
04 53 36
19 51 35
37 59 42
58 61 29
44 51 32
21 47 36
00 44 42
00 56 37
16 51 37
35 61 46
55 63 34
46 49 38
26 43 38
01 43 41
00 40 39
13 50 35
31 46 43
52 61 38
51 47 38
32 41 43
06 41 41
00 34 31
12 50 40
27 44 44
49 61 43
50 56 36
33 48 42
06 51 39
00 30 46
07 54 43
23 46 44
47 60 43
50 56 38
32 46 41
07 51 39
00 36 46
08 53 43
21 46 44
47 59 41
49 58 35
30 50 41
14 55 37
00 47 46
03 53 39
18 48 39
47 62 38
53 62 33
41 53 43
18 57 38
00 46 47
00 62 35
17 55 33
43 61 36
56 63 35
41 56 40
16 55 34
00 37 41
02 61 38
20 42 40
45 62 36
53 62 33
40 54 46
31 49 38
05 44 39
00 44 34
15 55 38
28 46 42
55 61 34
54 56 31
38 45 38
10 47 36
01 42 37
12 56 36
25 49 38
53 61 35
55 58 29
42 47 36
14 51 35
00 32 41
06 60 37
22 47 39
51 62 33
58 62 30
42 48 36
17 49 35
00 29 39
06 62 35
20 50 33
51 61 34
61 63 30
41 49 45
13 44 37
00 47 38
05 53 36
24 45 38
58 59 33
60 59 31
31 39 39
00 46 41
00 49 33
11 59 35
45 58 36
59 63 27
39 52 37
10 47 40
00 49 39
07 58 34
31 57 33
57 62 31
49 55 39
20 42 43
00 44 37
09 48 32
38 48 32
50 61 30
38 58 39
09 47 46
04 49 35
20 53 34
46 50 29
44 59 34
26 58 40
04 45 40
07 52 32
18 49 33
44 51 29
52 58 28
37 56 38
10 52 41
01 45 39
13 53 39
31 55 35
55 62 24
52 53 28
35 47 34
02 49 42
03 45 34
11 48 38
31 52 39
56 62 30
55 53 27
37 43 32
04 49 40
01 43 37
13 49 36
32 51 33
57 60 29
55 51 30
34 44 36
03 51 38
02 34 35
16 50 40
37 52 35
62 63 26
45 54 30
16 45 38
00 45 41
08 48 37
37 43 34
54 63 27
32 56 38
09 32 41
14 50 28
19 48 25
21 40 27
24 52 31
29 52 37
29 47 36
27 54 35
25 54 37
25 53 35
20 54 34
20 52 31
18 51 32
16 48 32
16 50 28
16 49 30
18 47 29
18 49 29
19 51 28
20 48 28
20 49 30
20 49 30
21 49 32
24 50 33
26 53 33
22 51 33
22 48 35
20 49 32
17 52 32
18 51 32
16 51 30
17 51 30
18 50 31
17 51 32
20 50 32
22 48 32
20 51 32
24 50 32
23 49 31
23 50 32
23 50 31
23 51 31
23 52 30
25 53 29
25 47 32
23 51 32
23 54 29
22 51 30
23 49 30
22 51 29
22 51 29
23 51 28
22 49 26
21 49 24
21 48 23
19 48 26
18 50 26
18 49 25
20 45 24
18 51 29
21 49 29
20 48 29
20 55 33
21 50 31
21 49 32
19 48 31
19 44 30
18 47 29
19 48 28
20 46 29
20 51 28
20 46 28
20 48 28
19 49 28
20 46 28
20 46 27
18 48 28
19 46 29
19 47 26
21 49 29
21 48 30
19 49 29
21 48 29
18 48 30
18 48 29
18 48 29
17 47 29
16 47 28
16 47 27
17 48 29
20 48 30
20 49 30
21 49 30
22 50 31
22 51 32
20 48 31
19 49 32
16 49 30
17 49 31
19 49 30
19 47 31
20 48 32
18 50 31
19 51 30
20 48 30
21 50 31
22 54 34
22 51 36
24 52 35
24 49 38
26 52 35
26 53 37
25 53 33
29 47 30
26 51 30
25 37 31
31 42 35
34 45 41
33 62 26
28 63 22
25 55 23
20 23 34
21 50 44
33 54 38
37 63 17
34 62 16
28 48 29
22 18 39
23 46 42
31 59 21
38 63 14
28 42 20
25 26 33
24 41 40
26 60 32
33 63 16
35 60 17
27 42 21
23 21 37
25 47 41
31 62 26
36 63 12
30 53 23
29 35 35
26 35 43
28 54 36
31 63 15
38 62 14
30 46 18
25 21 35
23 51 42
29 58 34
34 63 11
34 50 13
30 50 28
25 26 42
25 46 38
30 57 23
33 63 12
34 62 12
29 37 22
26 24 39
23 46 40
29 57 31
31 63 08
33 54 20
30 44 39
25 34 42
23 50 35
29 63 14
37 60 14
29 37 23
26 23 40
20 49 44
25 57 28
34 63 09
31 52 15
32 45 29
26 30 44
26 48 38
30 63 20
38 62 12
28 32 21
27 22 33
22 49 41
21 60 28
31 63 12
37 62 14
28 39 28
25 22 40
21 45 38
28 58 23
36 63 10
32 55 20
28 43 36
25 45 42
27 52 35
31 63 17
37 58 16
29 32 28
27 43 38
28 50 37
33 63 18
36 60 20
29 32 29
28 31 38
26 45 34
33 62 18
38 62 20
33 49 30
27 33 37
27 46 36
32 62 23
36 63 15
34 49 22
28 36 37
24 52 42
31 60 26
39 63 14
34 53 19
29 37 33
27 50 39
30 62 26
38 63 14
32 52 20
29 39 34
29 26 41
28 46 36
36 62 19
42 62 16
32 36 30
28 31 40
30 46 35
36 63 20
41 60 21
32 29 28
30 31 38
32 49 33
37 63 19
38 57 17
32 28 28
27 28 38
30 46 32
36 63 15
39 60 15
32 26 27
29 26 42
30 51 35
36 63 18
40 59 17
33 27 29
27 31 39
30 50 32
37 63 15
37 57 16
32 31 28
28 29 41
29 49 36
35 63 18
39 61 18
33 38 27
29 28 39
29 46 35
33 63 21
37 61 17
31 37 25
27 28 36
26 45 37
30 63 22
38 63 17
30 46 27
27 34 37
26 53 37
29 61 25
35 63 17
34 55 24
29 37 35
26 41 37
29 52 35
31 62 17
37 63 19
28 33 29
28 23 41
25 51 38
30 60 27
34 63 16
30 48 22
27 31 33
25 35 41
31 54 40
32 63 17
39 63 15
32 43 28
29 26 36
24 45 42
27 54 40
30 63 18
38 61 15
30 41 21
27 25 38
21 51 43
26 60 32
33 63 14
33 56 17
31 37 29
25 21 41
25 51 39
31 60 24
35 63 15
30 47 22
28 48 34
26 36 41
25 54 35
32 63 20
37 62 16
29 38 22
29 30 33
28 41 35
34 62 17
39 63 15
30 38 27
26 27 38
26 44 36
32 62 15
39 62 17
31 32 26
28 28 38
29 48 31
36 63 16
40 56 14
30 35 26
28 35 39
29 48 33
34 63 10
38 58 14
28 29 24
29 29 39
31 43 34
38 63 16
40 59 16
27 31 26
28 30 40
32 45 34
34 63 14
39 60 16
31 34 24
29 32 35
28 46 32
33 63 19
40 63 14
32 37 21
28 29 38
27 48 36
31 61 19
38 63 12
32 43 24
26 32 41
27 50 41
26 62 22
28 63 19
32 61 23
30 56 40
27 39 35
27 50 34
32 61 21
32 62 24
31 43 27
27 27 36
23 50 41
29 61 26
32 63 18
28 45 22
24 23 36
21 48 42
27 63 27
38 63 18
30 36 26
25 34 32
22 51 39
23 60 31
31 63 19
28 59 22
26 37 29
24 48 36
23 47 34
31 63 23
37 63 25
29 37 27
31 27 31
24 37 40
25 59 26
33 63 23
28 52 27
27 41 28
30 43 34
27 42 38
30 55 32
38 63 24
32 55 25
30 36 30
25 38 37
28 50 38
29 60 29
33 63 22
31 55 26
28 32 36
22 32 43
24 58 37
31 63 23
34 63 22
28 48 32
26 31 38
25 44 36
31 63 30
35 63 25
29 51 30
25 33 38
23 42 40
27 61 28
36 63 23
30 44 26
28 20 30
21 42 38
22 51 28
34 63 22
32 63 24
32 43 27
26 27 33
22 47 41
24 49 30
31 63 18
32 59 23
26 53 31
26 32 35
22 49 39
25 63 31
33 63 24
30 41 26
27 27 32
20 48 39
25 53 32
31 63 18
31 58 24
26 56 34
24 23 38
22 48 39
26 63 30
32 63 25
29 36 26
25 19 32
20 44 39
22 43 29
32 62 19
31 58 25
26 61 39
25 20 38
20 47 41
27 63 32
33 63 24
29 29 27
24 24 33
22 46 40
24 48 30
30 61 16
30 57 25
26 56 33
26 37 39
23 50 41
29 63 29
33 63 24
28 35 28
25 28 34
21 49 39
24 55 25
26 63 19
27 35 25
27 27 31
23 45 39
26 55 34
30 63 17
29 62 24
22 61 40
25 36 40
24 51 42
29 63 32
29 61 26
28 47 32
28 50 29
29 62 32
29 52 32
27 51 35
15 35 31
17 61 34
20 57 36
25 46 37
39 56 27
47 63 28
41 57 32
22 45 35
04 39 35
05 38 34
15 57 28
44 61 21
57 62 24
42 56 33
14 56 34
00 43 36
14 54 30
44 53 21
47 62 26
27 45 34
25 51 30
20 30 32
24 38 34
26 46 33
22 62 34
24 60 32
21 60 35
20 57 36
20 57 34
21 55 33
22 51 32
22 50 34
19 56 31
21 52 36
21 51 35
19 53 35
20 47 34
20 49 33
19 52 32
21 51 31
22 51 31
24 51 30
24 51 32
24 53 33
25 52 31
23 49 30
23 51 30
23 51 31
23 50 30
23 51 29
22 54 29
22 49 29
22 51 27
24 51 27
24 48 29
23 47 29
20 50 29
20 52 34
21 49 32
22 50 30
21 53 32
21 51 30
21 48 33
22 47 31
21 49 30
20 49 29
20 51 30
20 50 27
20 49 28
20 50 27
18 48 25
18 48 26
18 51 27
18 46 28
20 50 31
22 49 31
22 48 32
23 52 31
23 50 33
23 50 32
22 50 31
20 49 31
20 51 28
20 48 29
19 49 29
22 48 30
21 48 30
18 48 33
19 48 32
17 47 32
17 48 33
16 51 34
17 50 34
20 49 36
23 51 35
23 51 34
21 51 35
19 50 34
16 50 36
15 50 37
16 47 38
17 52 39
19 54 40
21 50 41
23 50 40
24 50 41
24 46 40
26 46 40
29 47 41
33 48 39
35 51 34
36 47 33
24 50 31
02 47 37
05 41 40
15 54 42
29 44 43
57 62 32
49 55 33
26 46 39
00 46 44
00 48 38
15 49 35
41 58 37
60 63 28
56 53 36
33 49 36
00 48 43
00 40 37
19 46 36
44 48 38
57 63 29
41 51 34
17 52 36
00 42 44
04 54 34
19 58 34
48 62 33
54 61 30
38 46 37
07 55 39
01 34 41
10 49 39
32 45 36
59 63 32
54 52 34
31 44 37
00 49 42
00 45 37
14 47 39
37 53 35
56 63 30
46 57 36
26 46 44
00 33 47
02 58 34
17 56 38
31 55 37
54 56 32
47 46 37
28 50 36
01 49 42
03 53 37
15 49 40
35 50 41
54 59 35
46 44 38
26 45 37
01 57 36
01 52 37
14 44 39
42 52 39
54 63 30
33 55 37
05 55 42
00 53 37
12 44 37
48 48 33
46 63 34
25 60 42
01 47 43
06 51 35
30 47 36
52 61 33
30 62 39
06 41 47
06 53 36
24 56 34
41 48 30
47 61 34
25 55 46
03 43 46
11 49 38
37 52 37
48 62 31
27 57 40
04 35 39
14 44 28
22 45 28
27 40 31
28 54 36
27 43 29
22 56 36
20 56 38
19 53 36
18 56 33
18 57 37
18 50 34
18 49 32
17 51 31
17 49 31
17 50 29
19 50 29
18 49 31
17 47 30
18 50 30
18 49 32
18 49 29
16 49 31
18 48 32
18 47 31
17 48 31
19 49 31
19 47 32
20 46 30
23 51 36
22 44 35
19 47 33
18 50 33
15 51 34
16 52 35
19 50 35
19 53 37
23 53 38
23 50 35
23 54 37
25 51 35
25 52 33
26 53 33
28 53 30
29 49 27
28 53 32
29 36 32
31 31 37
34 54 36
32 63 20
23 62 17
24 40 27
21 25 37
26 52 43
34 59 23
41 63 16
24 44 18
25 18 32
22 48 38
27 61 30
31 59 19
40 63 11
28 44 21
28 39 34
24 28 41
31 47 34
33 63 12
38 62 11
25 42 20
24 23 38
25 52 40
30 60 30
34 63 08
37 56 13
30 46 31
23 20 41
21 51 37
29 59 29
37 63 09
35 56 16
29 42 32
25 23 42
26 46 36
29 61 18
37 63 05
30 52 16
30 47 34
24 40 41
25 54 35
35 63 12
41 59 13
30 36 27
29 33 37
24 53 34
33 63 16
39 57 15
32 27 23
29 27 36
27 47 34
33 63 18
41 63 16
32 40 26
28 36 39
24 46 36
29 62 23
38 63 10
32 56 22
29 35 35
27 48 39
32 62 22
40 63 11
33 58 20
26 39 36
24 49 39
30 60 26
41 63 14
36 57 20
29 39 37
25 44 35
32 58 24
39 63 16
36 54 16
30 36 31
28 43 39
28 49 36
33 63 25
38 63 17
33 44 25
30 33 36
27 51 35
33 63 25
39 63 20
31 46 24
30 38 35
27 52 36
30 61 25
40 63 16
34 56 19
31 40 33
28 42 36
32 56 29
37 63 18
39 60 15
30 32 25
28 28 37
30 45 34
34 63 22
37 62 19
31 36 24
27 26 39
27 47 38
32 62 20
36 63 14
33 47 27
30 32 36
24 48 38
30 60 28
36 63 18
34 60 21
29 50 32
26 24 39
24 53 39
30 60 26
33 63 13
32 50 24
30 39 36
27 27 46
31 57 40
34 63 21
37 62 16
32 55 22
27 22 36
25 50 40
29 61 32
34 63 19
36 61 19
28 54 26
26 30 40
22 49 37
31 60 28
38 63 13
32 54 21
29 45 28
26 28 43
26 51 36
31 63 16
39 62 16
31 31 28
26 39 35
26 39 39
33 61 29
37 63 07
29 51 23
27 41 38
23 52 41
33 63 20
37 63 10
23 33 22
19 19 37
09 46 38
15 49 35
18 57 27
22 59 21
26 62 25
28 56 30
30 51 30
28 54 31
26 50 34
25 48 32
21 51 29
18 48 30
17 47 30
17 50 31
17 48 32
19 46 33
19 50 33
20 50 33
21 50 33
19 49 33
18 50 32
20 50 34
19 48 34
19 49 34
18 49 34
19 50 35
20 48 35
20 49 35
20 49 35
19 49 34
20 50 36
20 51 35
18 51 35
22 53 37
21 50 34
24 54 35
25 50 37
24 52 35
24 52 35
26 55 32
27 57 28
31 51 34
28 34 35
30 22 39
29 48 44
33 63 25
27 63 19
22 49 22
23 24 31
25 48 42
35 53 41
33 63 23
35 63 20
32 53 21
26 46 32
23 21 40
22 47 39
27 63 26
41 63 12
34 49 20
33 23 33
23 39 39
31 53 32
29 63 16
32 60 21
29 55 28
26 22 41
25 52 38
31 62 27
34 63 11
38 56 14
30 45 23
26 23 38
22 44 36
29 53 26
36 63 12
34 52 19
29 45 28
27 50 36
31 54 31
35 63 14
42 62 14
32 30 25
32 34 38
27 44 33
33 63 16
41 58 15
31 28 23
30 29 36
30 46 34
33 61 19
39 63 12
35 47 22
30 31 34
27 48 35
33 59 25
38 63 13
37 56 20
31 41 34
30 47 37
30 60 28
34 63 11
37 56 18
33 35 32
29 46 36
31 58 31
34 63 15
34 53 19
30 34 31
25 40 41
24 59 36
29 63 34
31 59 34
33 59 31
36 62 33
38 54 27
32 52 24
27 42 26
26 41 28
20 40 33
14 50 40
13 48 45
26 62 37
32 56 38
52 60 30
50 45 24
38 48 29
17 56 29
01 47 35
05 55 30
14 53 34
40 56 29
56 62 27
47 52 35
27 49 34
05 51 35
02 43 30
19 60 30
25 55 36
47 58 33
52 58 30
39 49 32
19 52 29
00 46 43
01 62 32
16 57 31
43 60 33
59 62 28
45 51 35
23 51 33
00 42 44
02 60 35
18 53 26
44 60 29
56 62 28
35 55 38
09 53 38
01 45 37
11 49 35
39 51 26
54 62 26
34 54 34
11 39 38
13 45 29
20 50 27
22 40 29
23 54 40
26 51 37
25 62 39
24 57 42
21 58 37
21 49 36
19 46 36
19 51 38
16 50 36
17 47 35
16 50 38
17 52 36
17 48 36
18 46 38
19 51 38
18 48 37
18 48 37
19 47 37
17 49 38
16 51 39
15 51 39
17 50 39
19 53 38
20 51 39
21 49 38
23 52 37
23 48 40
25 45 40
24 49 37
29 45 41
32 51 35
37 49 38
30 47 32
17 54 31
00 31 35
01 62 42
15 60 36
38 59 37
60 63 30
49 57 34
25 47 38
00 45 42
02 51 40
12 58 41
34 52 41
60 62 27
52 49 33
31 47 37
01 50 45
00 43 39
15 46 30
31 44 29
49 62 29
47 51 31
33 37 33
07 49 40
00 40 42
04 56 30
23 52 28
43 59 37
56 62 37
47 48 38
21 53 31
00 41 41
00 60 37
15 56 37
35 47 35
53 62 33
53 52 33
34 42 33
04 53 37
00 40 37
07 49 32
21 48 38
49 62 31
51 58 31
39 49 34
12 56 34
00 39 37
01 58 32
19 62 32
42 63 35
58 63 30
39 50 35
31 47 36
03 49 37
00 42 32
18 43 29
34 38 33
56 61 32
54 52 36
33 51 42
07 61 46
00 49 45
11 49 32
30 45 34
51 60 30
55 54 31
39 45 37
12 54 39
00 51 41
07 56 34
35 49 32
55 62 32
52 58 32
27 47 38
07 55 41
02 57 41
19 47 37
57 54 32
56 63 37
25 55 43
01 43 38
03 44 27
19 46 32
47 52 34
47 63 41
34 59 42
11 48 45
07 50 35
22 49 35
57 49 28
54 57 32
26 51 38
03 52 47
02 57 43
22 51 35
52 54 26
51 61 30
27 45 40
07 40 41
09 50 36
35 49 31
55 62 29
49 58 34
22 49 38
08 44 30
13 41 27
20 49 23
39 54 29
41 62 33
47 63 30
40 63 35
32 58 29
24 48 30
21 33 35
23 49 32
32 50 27
29 62 16
39 63 09
33 51 18
29 42 33
27 40 42
31 51 36
36 63 10
42 63 07
30 41 23
30 25 40
27 45 38
33 62 23
41 63 08
37 56 16
30 37 34
29 31 37
33 53 30
38 63 09
42 61 17
32 32 28
27 29 42
31 48 35
33 62 16
40 63 09
32 49 26
28 35 42
25 50 37
32 58 23
40 63 10
37 57 15
28 39 33
28 38 39
34 56 32
36 63 14
37 62 15
27 34 29
28 31 41
30 57 38
34 58 25
34 63 09
29 45 20
28 23 38
24 50 37
28 59 29
34 63 15
37 59 17
31 41 23
28 32 39
24 49 41
29 62 27
36 63 11
32 54 21
31 36 36
27 27 44
31 53 37
30 63 15
37 63 15
31 35 29
28 26 43
25 44 38
28 62 21
32 63 12
25 49 27
21 38 40
19 39 46
19 61 39
28 63 26
38 59 29
37 59 29
36 53 25
31 54 27
17 46 33
04 26 38
08 41 42
16 54 42
35 61 34
58 62 25
49 51 33
24 44 38
06 48 37
06 48 33
13 53 37
35 54 33
55 60 25
51 53 32
29 51 32
02 53 38
02 42 40
16 62 37
29 43 32
57 58 25
51 56 28
28 48 37
12 49 35
07 43 40
15 45 32
22 45 29
25 36 28
26 45 26
25 57 31
22 57 33
20 50 31
20 53 37
21 55 41
18 54 34
19 51 35
19 49 36
19 48 35
18 48 35
18 49 34
17 48 34
16 49 34
18 49 34
19 51 35
18 50 34
20 50 35
18 47 36
17 48 35
18 48 36
17 46 35
18 49 35
18 48 36
18 48 35
19 48 36
19 50 37
19 50 35
20 49 36
21 48 36
19 47 36
19 48 38
17 50 37
16 51 37
18 53 39
20 53 39
20 54 41
21 52 39
23 51 38
24 47 39
26 47 38
26 49 36
28 48 39
29 55 37
33 42 33
30 53 30
14 50 27
00 30 35
05 58 39
19 55 33
41 62 36
58 63 29
45 56 31
22 48 27
00 38 44
01 60 39
10 62 40
39 59 37
62 63 24
49 48 33
28 48 35
00 48 43
00 50 39
13 49 35
30 49 36
59 63 26
55 49 31
35 43 38
06 55 32
00 49 47
07 52 36
24 51 36
52 62 32
55 60 28
38 46 36
16 53 37
00 54 40
07 50 33
20 60 36
38 61 38
58 63 27
50 49 33
34 47 36
07 53 39
00 36 41
06 48 29
24 55 38
52 63 33
55 59 33
42 48 33
16 53 31
00 46 42
04 55 35
22 60 33
48 62 37
60 63 31
44 49 37
17 44 37
01 48 35
05 50 35
12 51 38
33 55 39
55 62 31
47 53 36
26 50 47
08 50 50
10 57 39
21 53 37
46 52 32
46 51 34
37 51 40
14 43 44
04 47 39
17 49 40
44 50 38
57 62 37
45 58 40
21 44 43
07 45 44
11 52 40
20 49 47
40 58 46
58 61 34
43 46 37
22 46 46
04 42 48
09 45 40
31 50 41
53 50 39
46 51 46
29 51 49
06 42 48
14 46 40
33 46 43
53 58 40
45 53 47
33 48 45
10 45 47
11 50 42
26 49 40
45 49 43
49 57 40
40 50 44
25 45 43
09 43 44
13 48 39
21 42 43
34 52 46
53 58 38
51 56 37
41 45 44
22 50 40
03 49 46
05 57 45
19 54 37
28 50 44
46 55 39
56 60 30
49 49 35
29 53 35
01 48 45
04 52 40
18 48 39
35 51 33
45 62 30
54 63 30
42 50 35
20 49 33
00 44 38
06 51 31
30 57 29
54 62 29
50 62 38
32 59 39
08 42 34
10 47 24
21 58 30
32 55 36
47 61 35
43 55 34
37 47 36
19 47 24
04 46 30
11 53 30
21 52 32
47 60 27
57 63 26
41 53 37
21 51 35
02 47 37
11 51 28
26 53 28
51 54 23
50 55 26
21 49 39
07 46 40
15 51 33
32 51 29
53 58 21
43 59 29
20 46 38
05 45 38
15 52 30
33 54 32
59 60 21
46 61 31
21 44 38
05 43 33
15 46 24
24 49 24
35 54 22
39 56 27
38 62 31
35 62 35
35 60 33
34 62 26
26 51 25
30 46 23
29 37 30
30 41 32
36 54 24
37 63 11
33 60 17
26 42 27
24 27 37
30 48 34
37 59 16
43 63 07
33 53 21
27 31 35
26 30 40
30 48 32
33 61 16
40 63 09
36 47 26
30 31 37
27 51 34
33 58 29
32 62 09
41 62 15
28 39 23
29 30 39
25 51 36
27 62 27
32 63 09
37 61 15
28 40 34
29 33 42
33 50 36
30 62 13
39 62 16
30 39 30
25 22 43
26 48 37
30 62 18
34 63 12
30 42 28
28 27 38
26 55 31
29 63 23
19 42 28
18 50 30
19 44 29
18 42 27
23 61 26
24 61 27
24 57 27
25 57 32
25 52 34
24 48 32
26 52 33
24 50 31
22 46 28
22 47 29
19 48 30
18 50 30
17 50 30
16 48 31
19 47 31
17 48 30
19 49 31
19 47 30
20 48 31
19 48 30
19 49 31
20 49 32
19 50 31
19 49 31
19 50 32
19 49 31
18 50 32
18 49 32
19 48 32
18 49 33
18 49 32
18 48 33
19 50 34
18 51 33
19 50 35
21 48 36
22 52 36
22 52 36
22 51 38
23 50 34
25 51 37
25 53 36
25 52 33
25 52 33
25 56 28
28 56 30
30 51 30
31 35 37
27 30 38
27 48 40
29 62 19
28 63 15
22 53 23
22 27 37
23 43 42
35 49 42
29 63 19
35 63 16
23 32 21
24 23 35
22 54 38
30 53 37
29 63 18
36 62 17
28 37 26
27 28 39
22 46 42
31 52 37
28 63 17
38 63 16
31 37 23
26 25 39
22 48 43
23 59 34
28 63 15
37 63 15
28 39 25
30 34 39
22 48 45
25 54 33
30 63 12
39 61 18
28 33 25
28 26 38
23 47 41
29 56 27
33 63 08
34 56 19
28 37 34
27 38 41
26 53 36
29 62 19
36 63 16
33 41 25
29 33 39
27 45 37
30 60 24
34 63 12
33 55 22
29 41 38
26 48 38
28 56 27
31 62 16
38 63 17
33 48 26
27 31 41
24 50 38
28 60 24
36 63 11
32 55 23
26 35 41
24 50 40
26 63 25
31 63 21
24 49 29
19 45 38
20 55 38
23 63 32
33 61 32
33 59 32
33 54 31
34 55 31
25 48 26
21 42 39
09 41 33
12 30 33
18 54 30
29 51 35
48 62 28
45 55 33
31 44 35
13 47 33
01 43 32
09 49 34
23 56 39
47 58 31
45 53 32
29 43 36
08 48 39
05 49 32
11 48 29
27 55 35
51 59 31
47 54 32
35 49 35
14 54 37
00 45 37
07 58 33
18 54 36
27 48 39
48 55 32
56 58 27
46 45 29
25 52 30
00 47 41
03 55 37
16 62 34
25 55 33
45 56 31
53 52 31
46 43 30
27 52 29
05 51 36
03 52 34
13 53 35
24 55 33
49 57 26
51 51 25
41 47 33
21 50 27
05 52 32
03 50 31
16 51 30
18 59 31
41 62 27
54 61 25
45 48 33
28 54 31
05 51 37
03 48 36
13 49 34
32 55 28
54 60 25
52 50 27
36 45 37
11 52 34
03 51 33
10 54 32
23 55 30
48 61 27
46 53 28
21 42 36
04 42 40
12 44 33
26 51 27
49 55 20
39 58 34
12 46 42
10 46 34
15 49 26
39 52 21
46 63 28
34 51 38
16 49 37
12 39 34
20 45 30
27 52 30
38 62 31
41 63 34
36 62 34
31 56 31
26 45 37
20 36 35
27 48 36
28 62 17
32 63 16
30 43 27
29 18 40
26 51 43
35 57 24
38 63 12
29 51 25
25 40 41
23 52 42
36 63 26
40 63 13
26 48 30
15 29 39
11 49 37
16 49 40
15 51 29
18 60 24
24 63 29
26 59 29
27 54 29
29 54 30
26 54 31
25 50 33
26 49 33
25 46 31
23 46 32
22 46 33
20 47 31
19 48 31
18 48 31
17 49 31
16 48 31
16 50 32
18 49 32
18 50 32
18 50 33
18 50 32
18 49 32
18 48 30
16 47 31
18 49 30
16 49 32
18 47 32
18 47 33
19 47 33
19 46 32
20 46 32
22 48 33
21 48 32
22 49 33
20 50 32
19 52 31
19 50 32
18 51 32
19 50 33
19 49 32
20 51 34
19 50 33
19 47 34
21 48 35
21 47 34
19 50 34
20 50 33
19 49 33
20 50 34
17 49 34
20 49 35
19 48 36
19 48 33
19 49 35
19 48 36
19 49 34
18 48 33
18 49 35
19 50 35
19 50 35
20 50 36
21 50 35
20 48 35
21 47 35
21 49 34
19 48 36
18 49 35
19 47 36
20 47 36
19 46 37
20 47 37
20 49 38
21 50 38
22 47 39
24 49 41
26 49 43
28 51 46
29 49 48
29 50 47
28 48 45
27 48 45
26 44 41
25 47 41
23 47 41
20 45 39
19 43 39
20 44 43
18 45 40
15 44 42
15 44 41
17 46 43
18 47 44
20 49 42
21 46 44
20 47 43
21 47 44
22 45 42
21 44 41
20 46 42
20 46 42
18 48 43
19 48 40
21 41 45
20 44 44
18 45 46
20 42 47
19 46 45
19 40 45
20 41 48
18 42 48
16 41 49
13 46 47
11 45 45
14 47 44
15 46 42
17 50 41
22 50 40
24 43 39
26 46 38
29 47 37
31 48 34
31 51 33
32 51 31
33 50 31
32 49 29
31 52 29
32 50 29
31 52 29
30 51 28
31 49 26
31 51 28
28 49 28
29 51 27
29 51 27
27 51 27
25 55 25
24 55 22
25 56 22
26 53 22
25 50 23
27 51 23
25 50 22
25 50 23
25 49 23
27 49 23
26 50 23
24 52 24
25 50 25
23 52 24
23 56 26
25 50 27
24 49 27
24 50 30
23 53 31
23 55 30
24 51 31
23 51 34
24 47 33
22 49 35
21 52 38
22 49 39
21 49 40
20 49 40
20 48 40
20 49 41
20 39 44
20 37 42
18 37 49
19 35 48
20 37 48
20 39 48
19 36 48
20 37 47
21 39 49
20 37 48
20 38 47
20 41 46
20 42 45
18 44 44
18 45 45
18 44 43
18 44 41
20 48 41
22 49 41
18 47 39
21 47 37
20 48 38
19 47 38
19 48 38
17 45 38
16 45 40
18 44 40
18 46 40
18 45 42
17 44 42
17 45 42
17 44 42
16 44 42
15 43 43
17 42 42
19 43 41
22 44 42
20 44 41
18 46 42
19 44 42
19 44 42
18 44 42
18 42 41
17 43 41
18 43 42
17 42 44
19 42 43
18 43 44
18 44 45
20 45 44
21 47 43
21 47 43
22 46 42
23 48 41
22 46 39
24 49 40
24 48 41
26 48 41
26 49 40
27 49 40
27 47 40
25 49 38
24 50 39
23 51 37
20 50 37
22 50 36
21 51 34
19 50 36
18 50 35
18 52 34
20 51 32
19 51 33
20 50 35
20 49 33
21 50 31
20 51 32
19 50 32
21 50 33
21 51 31
19 50 32
21 49 33
16 56 33
19 50 34
21 51 39
22 48 37
23 52 35
23 49 33
21 51 31
22 48 33
20 47 33
19 51 32
20 51 31
20 46 33
20 51 33
18 52 33
19 51 33
21 52 33
21 50 33
22 55 34
23 54 33
25 53 33
25 53 32
26 52 31
27 50 32
27 51 31
26 50 31
26 48 30
24 49 32
23 48 32
23 49 33
20 52 33
20 52 34
19 50 32
18 51 33
19 50 33
20 50 33
19 49 34
20 49 33
19 50 34
21 51 34
21 51 34
21 49 35
20 48 35
20 49 34
22 50 35
21 49 34
22 52 36
21 50 35
22 50 35
22 51 36
22 50 36
24 52 36
22 53 36
25 51 36
25 51 36
27 53 36
25 51 37
24 48 34
25 43 37
22 47 40
22 50 39
22 48 40
24 45 40
25 51 41
23 53 39
24 51 38
24 52 36
25 53 37
25 51 37
26 51 37
24 50 37
22 51 39
21 51 38
23 51 39
23 51 38
22 51 39
23 52 37
25 52 38
23 51 38
25 50 37
25 52 36
25 53 37
25 51 36
