12 36 35
12 36 35
12 36 35
12 36 36
12 36 36
12 36 36
11 34 35
11 36 35
11 36 35
13 36 34
13 36 35
11 37 36
12 36 33
11 37 34
12 36 34
10 35 34
12 35 32
11 36 34
09 36 33
10 35 34
12 35 36
14 34 36
13 35 38
13 33 38
12 34 37
12 34 37
10 32 39
11 33 39
12 35 41
12 35 40
12 34 42
11 36 42
09 38 43
11 38 45
13 42 46
16 42 47
20 43 48
23 43 48
25 45 47
27 43 45
29 45 45
29 44 42
29 44 42
29 43 41
29 41 40
26 39 38
23 42 40
21 41 41
14 43 44
11 41 44
10 37 46
10 38 46
13 31 45
16 33 47
16 32 44
15 34 41
16 36 43
15 35 44
16 35 42
15 34 47
15 33 47
17 35 48
17 33 49
17 31 46
16 33 46
16 34 45
14 38 46
13 36 45
13 36 44
13 39 44
13 43 45
14 45 42
20 44 42
22 44 43
24 45 40
27 46 39
29 45 40
29 45 45
29 51 42
28 48 41
28 48 43
28 51 41
25 50 42
24 51 43
23 52 42
22 52 40
24 53 41
24 53 40
24 53 38
25 53 40
25 52 40
27 53 40
27 51 40
27 49 41
26 51 40
28 48 39
28 48 41
28 48 42
30 47 41
31 49 42
30 51 43
29 51 43
30 54 42
30 53 41
32 52 41
30 52 40
31 54 40
30 52 36
29 54 35
26 55 34
26 52 30
26 42 29
26 55 33
26 51 28
27 51 30
28 53 27
29 55 26
31 54 25
31 54 27
31 55 30
30 54 28
30 47 27
26 50 27
26 57 30
26 54 31
27 55 32
30 56 33
31 54 32
29 56 35
32 56 36
30 50 33
31 49 39
31 49 38
28 47 37
30 50 40
29 50 43
30 50 43
30 52 44
30 50 44
31 48 45
28 49 44
29 50 45
31 48 45
28 47 47
29 48 45
30 47 45
29 47 48
29 47 46
29 48 47
30 48 47
30 48 47
28 45 46
29 48 48
29 46 48
30 46 47
29 46 47
30 47 48
30 44 47
29 48 48
29 45 47
29 46 47
29 47 47
29 45 47
30 46 48
29 47 47
30 46 48
29 45 47
30 46 48
30 47 48
30 46 48
30 46 48
31 45 48
29 46 47
29 45 49
30 45 48
29 45 48
29 46 49
30 46 47
30 44 49
30 46 48
29 46 48
29 46 47
29 46 48
29 45 47
29 46 47
29 45 47
29 45 47
29 45 46
29 46 49
31 47 48
27 45 44
28 46 48
30 45 50
29 45 49
27 43 48
28 47 47
27 50 46
27 49 43
28 50 43
30 49 42
28 52 39
28 52 41
28 51 39
28 51 36
27 52 37
26 52 37
27 52 34
27 54 35
27 53 35
27 52 34
26 53 32
26 52 34
26 50 34
26 52 33
25 52 35
25 51 34
26 52 32
27 53 32
27 53 34
26 53 34
27 54 32
26 55 33
25 54 34
27 54 34
28 52 32
27 54 34
29 53 35
28 53 35
29 53 34
28 55 36
28 56 34
29 56 35
28 55 35
30 54 35
31 53 36
30 54 37
30 53 37
33 51 38
32 51 42
30 52 44
31 48 44
33 44 45
28 44 46
24 41 45
23 35 47
19 39 49
17 33 46
17 32 46
17 33 48
18 29 50
19 32 56
21 36 56
23 33 53
23 28 47
22 33 50
23 33 53
22 30 51
23 31 50
22 30 50
22 31 49
22 29 50
23 31 50
23 31 50
22 30 50
24 31 49
23 31 48
22 30 50
22 29 50
22 29 49
23 30 51
22 30 50
23 31 50
23 31 52
22 31 49
22 31 50
22 31 51
21 30 50
23 30 50
22 30 51
23 29 50
23 32 49
22 29 50
22 31 50
22 30 50
23 30 50
23 31 51
22 30 50
23 32 49
22 29 50
22 31 50
23 29 49
23 31 50
22 30 50
21 30 50
23 31 49
23 30 51
22 30 49
22 29 50
21 29 50
22 30 50
22 30 50
23 31 49
22 30 51
22 31 51
22 30 50
21 31 50
21 30 51
24 30 50
24 31 50
21 31 50
22 30 49
22 31 51
22 30 48
21 30 49
22 31 50
22 30 50
22 30 49
23 30 50
21 28 51
21 31 51
20 33 52
15 33 44
16 33 48
17 35 48
18 35 48
20 35 48
21 35 47
21 36 45
21 41 44
25 39 50
25 39 49
24 38 51
25 39 51
25 43 53
23 40 51
22 39 50
22 34 51
23 31 53
23 32 52
22 30 50
19 27 48
21 28 48
24 34 53
21 29 49
20 29 47
21 25 44
21 29 44
20 35 49
22 41 50
20 48 45
22 38 50
22 40 48
23 41 49
22 40 49
23 47 47
23 45 48
23 48 44
23 47 40
22 46 45
22 48 44
22 47 40
20 49 38
19 48 38
20 53 38
19 51 36
21 50 33
22 51 34
23 51 30
23 55 25
23 53 28
25 52 27
25 55 28
28 53 30
27 51 29
26 51 27
26 50 30
28 51 29
27 45 25
23 52 29
24 49 27
22 45 22
21 52 25
24 50 26
22 49 21
22 49 25
23 51 26
24 50 25
22 51 23
20 52 24
21 45 28
17 50 26
15 51 26
16 50 28
18 52 25
20 52 22
24 49 23
26 47 22
27 47 23
26 45 25
26 46 26
24 47 28
22 48 28
20 50 29
19 50 27
20 50 28
23 50 28
21 51 27
25 50 27
22 49 28
24 52 27
22 51 27
22 50 28
23 51 29
21 49 25
23 50 24
23 49 26
23 51 26
23 52 25
25 51 26
24 51 27
24 51 28
22 50 27
22 51 27
22 51 26
21 51 25
21 50 27
22 52 28
24 51 27
25 52 28
26 53 30
26 51 29
24 50 28
22 50 28
22 49 28
21 50 29
21 51 30
19 51 31
19 53 33
21 52 35
21 51 36
22 51 35
20 53 35
22 51 36
20 51 34
22 49 32
22 48 33
22 50 34
22 48 33
22 48 34
24 48 34
23 48 34
25 49 34
29 51 33
27 56 32
29 52 33
23 48 30
15 46 29
07 46 35
04 49 29
13 62 27
32 61 32
49 63 29
46 51 28
33 47 28
11 43 34
03 28 36
11 48 29
16 52 29
37 58 29
45 60 31
39 54 32
28 53 27
01 49 34
02 57 33
16 54 30
26 46 31
47 62 26
48 48 28
35 49 32
19 49 26
00 36 39
04 54 28
17 46 24
32 59 36
58 63 19
49 53 30
30 48 31
03 42 38
00 15 39
03 57 26
09 48 28
31 59 34
56 63 20
48 53 30
31 46 32
03 45 35
00 42 33
11 50 28
25 44 33
52 62 26
55 56 26
34 44 30
11 42 34
00 23 36
01 48 31
16 50 32
41 61 30
55 63 26
41 47 32
19 47 33
00 33 41
01 61 33
19 51 27
35 61 33
59 63 24
42 56 33
21 41 32
00 43 36
01 54 32
13 52 29
29 53 33
51 62 27
50 47 32
30 45 33
13 47 28
00 30 33
08 53 29
15 49 38
42 61 32
49 62 32
38 52 33
10 49 34
00 45 31
08 47 31
27 59 33
52 61 26
49 55 33
22 39 38
08 45 39
04 41 35
10 43 31
28 55 29
51 61 29
45 53 32
19 46 38
00 43 43
06 44 29
31 54 26
51 62 27
41 61 39
15 46 46
00 42 39
11 42 29
33 55 28
47 63 27
38 58 34
14 46 43
02 45 38
11 47 29
33 51 27
54 62 24
41 61 35
12 44 44
04 46 38
14 43 29
39 52 26
46 62 24
28 62 34
04 50 47
06 51 39
22 45 29
49 54 23
48 55 27
34 50 36
14 54 32
02 38 38
08 52 31
14 62 31
31 50 29
52 62 25
49 55 28
37 59 25
01 41 38
02 53 33
08 57 31
25 49 32
49 62 25
48 58 27
46 52 32
24 45 31
04 42 33
00 45 29
11 58 25
35 55 25
59 63 20
50 59 32
21 44 35
02 39 31
03 43 27
19 51 24
44 58 24
47 55 24
24 51 35
01 43 34
04 45 20
37 51 16
53 60 23
39 63 35
22 56 38
14 38 32
17 37 19
23 43 21
31 46 23
38 63 21
42 63 24
33 63 28
27 54 23
27 46 26
20 27 34
27 40 34
30 62 10
35 63 05
29 38 18
26 29 30
26 43 36
31 54 23
36 63 06
34 52 11
28 41 24
25 37 33
26 51 34
32 62 10
34 62 09
33 30 17
24 23 34
26 45 34
30 57 14
36 63 07
29 48 18
26 38 28
26 28 33
25 44 34
26 62 09
34 63 11
31 41 24
27 30 30
24 43 35
28 56 25
27 63 05
38 59 12
27 49 27
25 22 41
24 44 35
25 58 14
37 63 04
31 50 20
26 43 34
25 27 44
22 47 35
28 63 12
37 63 10
31 47 26
26 11 36
21 42 37
19 59 22
31 63 06
34 60 14
26 51 34
25 19 42
21 46 37
22 63 14
35 63 08
29 43 22
28 29 37
25 37 38
22 54 24
27 63 07
37 62 14
29 45 28
26 23 41
21 47 37
22 63 17
36 63 05
30 45 18
27 18 39
23 40 38
29 46 26
28 63 05
34 62 11
28 50 32
27 32 41
23 34 40
25 46 28
26 63 00
35 63 11
28 35 28
23 25 42
22 46 35
25 58 16
37 63 03
31 51 15
25 32 36
25 42 41
24 56 20
36 63 05
32 49 17
26 29 36
23 44 39
26 61 12
38 63 04
33 43 22
23 31 42
21 47 38
26 63 09
41 63 04
34 36 21
25 29 40
24 45 34
27 63 12
38 63 06
32 37 25
23 28 43
23 47 35
30 63 08
40 62 04
31 34 26
24 23 44
25 44 35
28 63 09
34 59 12
23 39 36
18 32 42
19 61 26
28 63 21
31 59 26
34 62 28
33 61 27
30 46 26
22 42 32
04 26 38
07 36 24
16 59 27
20 51 33
34 54 30
61 63 15
38 58 26
14 42 35
00 35 38
10 62 34
13 57 29
40 62 24
51 56 22
42 55 33
21 56 31
01 43 34
00 61 28
10 60 28
27 46 31
56 55 26
57 51 28
31 42 33
13 48 32
00 36 30
03 62 27
18 47 32
50 62 28
56 62 24
22 40 34
02 44 37
02 47 33
14 43 28
47 57 21
52 50 25
17 52 35
01 51 39
00 52 33
16 57 28
51 60 16
46 53 25
16 48 40
00 49 41
04 50 34
32 54 24
51 62 16
36 55 26
05 43 39
06 50 36
27 54 29
50 54 17
41 54 25
09 41 41
08 42 34
25 48 24
36 54 22
46 63 24
31 62 34
05 48 42
04 50 29
16 51 23
41 58 23
41 58 27
24 57 34
05 43 39
08 51 34
32 48 27
45 60 19
27 53 29
04 41 42
08 56 37
33 48 30
56 63 16
36 56 27
11 43 38
04 42 34
13 45 26
34 45 20
38 44 18
32 58 21
27 61 30
29 58 28
30 63 29
29 62 28
25 51 25
24 29 36
23 40 33
25 58 13
32 63 03
27 48 21
25 32 35
25 38 38
30 57 17
34 63 01
32 57 20
26 31 39
23 33 43
31 48 26
33 63 02
36 55 11
24 45 35
24 26 41
29 49 30
30 63 02
37 57 11
25 46 37
23 16 39
21 49 38
25 63 14
35 63 05
28 42 27
27 29 40
22 51 38
28 63 09
35 62 12
25 39 25
18 24 34
09 48 33
09 62 27
16 52 22
20 55 22
22 58 24
24 55 24
24 55 27
22 54 31
22 50 33
22 46 31
22 50 32
21 48 28
22 47 30
20 45 29
19 44 28
18 43 29
18 44 27
17 43 30
15 42 33
15 45 30
16 47 31
18 45 35
18 47 32
16 49 32
18 46 33
17 45 34
16 49 32
15 50 34
18 47 34
20 47 32
18 50 34
20 49 33
18 49 33
17 48 34
15 49 34
16 49 34
17 49 34
19 50 35
20 50 34
22 50 34
21 50 36
20 50 37
22 50 36
20 50 37
20 49 37
18 50 35
16 52 35
18 52 37
18 54 36
19 53 31
22 51 36
24 50 36
25 51 36
30 51 38
28 57 37
36 44 31
29 51 29
01 40 33
00 55 29
04 56 28
18 46 31
46 61 27
55 62 26
39 49 33
11 46 29
00 35 38
01 42 33
14 51 27
50 62 22
55 56 23
37 53 33
07 48 33
00 36 41
05 52 38
16 41 30
53 62 14
58 61 19
39 46 34
07 31 38
00 47 39
05 52 32
17 47 29
52 60 22
52 60 27
31 46 33
05 52 33
00 50 39
11 54 26
32 48 31
57 62 18
47 55 31
19 42 38
00 46 40
03 48 27
18 43 23
50 55 20
53 56 29
26 44 40
00 46 38
03 47 30
28 53 27
53 61 16
44 57 28
09 39 39
09 44 33
19 44 25
45 53 16
47 60 28
32 50 38
14 45 31
11 36 25
18 39 23
29 45 23
34 61 25
41 63 24
35 63 30
26 60 32
21 41 32
25 33 37
24 39 33
24 63 09
38 63 07
25 46 20
23 35 34
25 32 42
30 49 28
31 63 05
35 62 12
26 36 30
24 23 43
23 45 33
26 61 03
42 63 08
32 36 24
24 10 40
20 49 36
21 62 10
37 63 03
29 46 19
26 27 38
24 37 40
25 54 22
29 63 03
35 61 11
25 45 31
23 20 42
22 41 39
23 57 20
27 63 02
32 59 14
25 44 32
25 25 41
25 42 34
25 62 08
35 62 13
31 34 26
26 21 38
22 44 35
21 62 15
34 63 07
29 44 21
25 18 41
22 44 37
23 57 22
27 63 04
36 61 14
25 39 33
25 21 44
24 45 35
26 63 09
33 62 14
30 40 27
25 19 40
21 45 36
25 62 12
39 63 09
27 37 21
27 38 35
19 47 36
23 63 14
35 63 08
29 38 24
25 29 39
24 43 30
27 63 11
39 63 11
29 35 26
25 26 40
24 44 31
33 63 09
40 59 11
29 35 32
23 23 44
25 53 27
35 63 02
38 52 12
25 35 37
22 39 39
23 61 20
29 63 09
40 62 10
32 35 28
26 27 43
24 47 33
28 63 09
38 62 09
32 33 27
23 18 45
23 48 35
34 63 03
37 61 10
27 32 30
22 22 45
26 47 34
32 63 07
39 62 11
28 35 30
24 25 45
25 49 32
31 63 04
39 59 10
27 37 30
24 29 41
24 56 29
33 63 04
34 57 13
26 34 35
19 45 38
23 60 23
35 63 02
33 51 13
23 31 39
19 48 38
25 63 15
35 63 05
31 43 22
23 23 45
23 45 40
33 63 06
41 58 13
20 31 33
14 24 40
13 51 37
11 52 22
17 61 17
21 62 16
26 57 21
31 56 29
32 53 33
32 49 30
26 47 29
22 44 31
18 48 31
18 46 29
15 48 29
13 50 29
18 53 30
17 49 30
20 49 31
20 48 31
20 48 30
20 49 30
20 50 30
21 50 31
19 49 30
21 48 31
19 49 32
19 49 31
19 50 31
18 49 34
19 50 32
19 52 32
22 53 31
23 54 30
25 53 33
25 53 34
25 54 30
27 56 30
27 45 27
24 44 38
27 29 40
27 39 40
24 62 18
31 63 08
22 49 21
19 20 37
18 49 40
31 53 34
27 63 09
35 61 14
27 44 31
26 18 40
22 49 38
22 62 15
37 63 07
30 37 23
26 14 39
24 47 41
18 63 14
34 63 11
28 39 27
25 21 45
24 48 41
29 56 22
32 63 05
28 46 22
25 30 43
19 49 39
23 63 20
38 63 06
31 41 25
28 30 41
24 55 38
27 63 16
38 55 13
28 39 30
19 22 34
14 47 34
12 50 25
16 53 23
21 58 27
23 57 24
24 60 18
30 58 27
31 49 29
27 51 32
26 47 33
23 45 29
18 51 26
18 48 31
17 48 32
16 48 31
17 49 32
19 49 32
18 50 31
19 49 31
18 49 33
19 52 31
20 48 32
20 47 33
20 48 33
21 47 31
23 48 31
20 49 33
19 51 31
18 49 35
19 51 33
16 53 33
19 51 32
21 56 31
22 52 30
24 55 31
24 52 29
24 53 31
26 52 30
27 51 29
27 62 32
29 43 29
28 34 40
26 36 37
28 50 37
29 63 05
32 63 17
24 46 30
18 15 40
22 55 38
27 56 26
28 63 08
35 62 15
29 38 24
25 27 40
24 50 40
23 62 21
34 63 07
29 50 19
29 34 33
26 32 39
29 49 36
26 63 07
32 63 19
28 32 29
25 23 39
23 44 36
28 62 12
42 63 08
31 53 20
25 35 38
23 45 42
23 60 20
38 63 05
32 50 17
26 29 38
21 44 40
26 62 21
40 63 08
29 42 19
26 27 39
23 47 37
27 63 14
39 63 08
31 38 21
25 26 40
22 47 36
26 63 16
40 63 07
33 40 23
23 24 42
24 29 41
28 52 28
35 63 05
36 58 16
27 35 33
27 37 38
30 51 27
33 63 12
32 60 20
30 31 31
27 34 37
30 50 32
29 63 11
36 63 18
25 43 31
23 17 39
24 50 37
21 63 17
33 63 13
28 49 22
26 22 35
22 46 35
30 52 26
28 63 10
33 61 15
28 36 30
25 18 41
24 45 34
26 63 12
32 62 16
31 37 26
25 22 37
21 46 33
28 58 18
34 63 05
27 46 16
26 24 36
23 34 37
26 54 30
29 63 10
35 55 15
30 29 28
26 22 38
24 49 36
24 63 15
32 63 14
31 40 25
28 20 38
20 48 35
22 60 19
30 63 06
36 62 14
30 40 25
25 18 38
20 46 34
22 59 20
33 63 03
30 49 16
30 28 33
24 29 41
22 59 29
26 63 10
33 59 11
31 32 26
26 25 37
25 45 29
28 63 15
35 62 09
29 36 27
23 23 37
24 45 30
29 62 10
36 62 08
29 38 24
25 21 41
24 43 32
31 63 08
38 57 12
28 32 32
24 35 37
26 62 20
35 63 04
28 52 21
16 20 33
08 52 32
10 52 29
19 54 23
22 63 22
27 60 22
30 56 27
29 52 36
29 52 32
26 47 27
25 44 31
23 43 30
20 45 28
15 47 30
15 51 31
15 48 29
16 48 30
18 49 31
19 51 31
19 52 33
18 51 34
20 53 35
20 53 34
19 53 33
21 52 33
22 51 34
22 54 33
23 50 34
27 47 36
30 51 31
34 43 36
35 45 35
27 53 23
08 49 28
03 39 32
06 57 38
20 48 32
51 61 23
54 58 21
43 44 29
17 51 28
00 42 40
02 51 31
16 61 32
44 62 25
59 63 19
44 51 30
19 50 30
00 51 40
05 50 30
13 61 30
44 63 22
59 62 16
42 50 32
18 50 30
00 53 42
01 57 32
14 41 26
49 60 16
59 61 15
36 46 32
11 54 33
00 55 40
06 48 33
29 48 29
56 62 12
54 52 20
27 46 35
00 54 38
02 52 34
32 52 24
55 63 14
52 60 25
21 40 37
12 41 39
18 41 25
20 45 26
22 47 29
26 60 27
27 62 31
24 53 34
23 53 36
22 54 35
21 50 34
19 45 34
18 48 36
18 54 34
20 49 35
20 47 35
20 49 36
21 49 36
20 48 36
20 49 36
21 50 39
19 51 37
19 49 37
20 50 39
20 52 38
21 54 37
22 51 35
24 52 35
24 53 36
28 50 38
28 53 36
31 50 38
38 42 33
33 50 23
08 53 28
00 37 31
03 52 30
22 47 33
47 63 26
61 63 20
47 47 28
21 51 30
00 42 41
00 59 30
15 52 27
38 62 30
62 63 15
53 50 29
28 52 32
00 47 34
03 50 28
06 52 30
21 49 33
56 63 25
58 62 22
28 42 30
03 44 29
06 52 29
12 46 32
31 60 37
55 63 21
51 51 22
23 41 33
04 47 34
06 55 35
19 53 34
51 53 25
56 55 25
31 56 41
03 43 40
09 44 31
29 58 23
48 62 17
39 59 31
12 46 42
08 52 33
23 50 26
48 51 15
48 60 20
18 50 36
08 44 41
21 49 32
44 55 15
43 56 21
17 44 35
16 43 36
21 45 23
22 41 20
22 39 25
22 57 27
23 58 25
24 59 27
25 50 33
21 53 26
22 56 27
22 51 31
20 47 27
20 47 26
19 47 30
18 48 26
18 52 27
18 49 28
21 48 28
18 50 27
19 50 28
19 51 30
18 51 29
19 52 28
21 52 30
21 49 30
24 55 29
24 54 31
25 52 30
25 55 31
26 56 27
27 52 24
25 43 32
26 30 33
27 40 35
26 60 23
33 63 13
28 57 23
22 38 38
21 29 39
27 56 39
29 58 24
37 63 11
25 51 17
27 32 36
21 35 40
30 49 37
28 63 11
33 62 17
27 49 31
26 10 37
21 49 38
20 63 22
34 63 10
29 47 18
28 16 37
24 41 38
27 53 33
24 63 12
37 62 15
34 41 26
28 15 40
22 53 39
19 63 22
29 63 09
32 56 19
29 30 34
24 28 38
28 48 36
21 63 22
31 63 09
29 49 20
28 29 37
24 35 36
26 55 28
27 63 14
35 58 15
31 44 29
27 18 38
24 50 37
24 61 19
34 63 14
33 46 20
29 33 31
25 41 32
28 55 29
25 63 12
33 55 18
28 41 28
26 24 34
26 51 31
27 63 13
31 61 18
30 37 25
26 31 35
22 47 32
26 62 19
34 63 13
29 48 21
26 39 35
23 35 36
24 58 27
27 63 11
34 57 12
27 41 31
24 18 40
24 53 38
28 63 10
37 62 14
31 45 24
26 11 39
20 52 39
23 59 28
27 63 10
36 57 15
29 34 27
28 25 38
23 47 35
22 63 12
32 63 14
32 53 14
28 39 29
25 36 37
23 53 25
31 63 08
36 61 16
26 30 34
22 38 39
25 59 19
34 63 04
30 45 20
25 29 36
25 44 34
28 63 14
35 60 13
29 41 29
25 26 41
26 53 29
34 63 08
33 55 16
24 36 33
19 47 31
14 55 28
11 48 16
15 55 17
22 56 23
25 52 24
28 51 26
28 53 30
29 47 29
26 52 28
22 57 27
21 48 26
20 39 27
19 46 31
15 47 32
18 49 32
19 49 33
18 51 33
17 50 32
18 50 33
19 50 33
18 50 32
18 49 32
18 51 32
20 51 32
21 48 33
21 53 32
25 52 34
26 53 29
24 55 32
25 52 32
26 56 30
24 51 27
25 60 34
27 34 37
26 18 34
29 50 40
26 63 14
33 63 20
23 48 29
21 09 40
20 54 42
28 59 30
32 63 10
33 58 17
27 55 34
24 18 43
25 54 42
26 61 21
35 63 11
29 43 15
28 20 35
21 49 38
22 62 33
27 63 13
36 61 16
29 40 27
25 18 38
22 52 39
26 62 20
37 63 08
33 41 17
27 22 37
21 42 38
21 59 28
29 63 09
34 61 17
26 33 34
24 33 41
26 49 33
32 63 11
36 58 17
27 28 34
23 32 39
26 58 28
34 63 14
32 50 19
24 30 36
18 47 36
21 62 26
24 56 24
23 49 26
24 56 26
29 53 27
30 62 25
32 62 27
31 54 25
26 47 22
20 45 25
13 29 27
10 30 23
15 54 27
24 58 27
49 61 20
48 48 25
32 53 24
13 45 21
00 41 28
03 51 26
17 46 24
46 59 17
54 62 19
34 58 30
02 48 38
01 46 33
20 45 23
51 56 09
36 58 18
10 39 35
16 38 28
19 40 20
19 40 23
17 54 28
22 60 31
25 63 31
25 54 32
25 46 32
22 57 33
19 52 30
20 48 30
18 49 32
18 48 33
16 48 31
19 46 32
17 50 34
16 51 32
16 51 35
17 52 34
19 54 35
21 53 33
21 53 33
24 49 33
25 47 34
27 48 33
29 52 32
31 52 33
34 54 29
29 56 33
26 47 27
14 50 27
00 25 30
04 54 30
15 52 20
40 59 27
62 62 19
55 61 27
24 51 29
00 35 42
00 61 27
08 62 26
36 61 24
61 62 18
51 56 31
27 51 33
01 43 37
05 44 26
12 43 23
30 57 28
61 63 16
54 55 25
26 49 34
01 45 33
00 40 35
04 36 25
29 53 27
57 63 19
55 57 23
34 50 31
05 47 37
00 40 35
08 52 32
24 56 26
50 61 21
56 57 22
42 53 27
15 48 31
01 42 38
02 56 25
14 62 26
43 62 27
59 63 24
43 50 32
24 48 27
01 45 37
12 49 29
16 46 29
43 51 24
56 60 21
52 52 25
32 44 34
00 44 36
07 47 27
21 49 25
55 53 14
51 54 22
16 49 35
04 46 34
13 50 28
43 49 19
44 60 24
14 55 35
16 50 33
27 43 34
47 57 18
35 62 23
10 38 29
14 49 23
18 44 26
19 47 23
20 44 27
23 58 31
24 58 28
27 56 28
24 52 27
21 52 29
21 53 31
20 52 31
17 50 28
18 50 29
18 48 31
17 49 30
17 46 31
17 46 30
16 49 28
18 49 31
19 49 31
17 49 30
18 52 32
18 52 30
20 51 30
22 53 32
22 51 31
25 52 32
27 50 31
26 54 28
25 56 28
25 52 26
24 48 29
25 36 38
26 25 36
25 45 41
24 62 17
31 63 14
23 55 24
20 22 39
21 39 40
30 54 32
32 62 13
37 63 15
25 44 27
21 14 41
20 51 42
24 60 29
32 63 11
32 60 17
26 44 33
25 21 41
23 51 37
28 62 18
34 63 13
29 36 19
25 21 35
22 52 36
25 63 31
26 63 14
33 60 16
27 42 29
22 25 42
26 46 36
26 62 12
34 63 11
29 38 23
26 26 37
21 45 38
24 59 27
28 63 10
32 62 17
26 45 30
24 19 40
23 50 34
27 63 13
33 63 11
29 34 23
24 24 39
21 50 37
25 61 27
29 63 05
29 61 18
27 36 33
27 18 41
22 42 36
25 63 19
32 63 13
30 37 24
26 30 37
25 44 35
24 62 20
35 63 15
31 44 25
24 25 37
26 43 32
33 63 15
36 61 18
27 33 35
25 32 38
28 59 27
33 63 10
30 49 21
23 37 40
25 50 34
29 63 18
35 62 14
25 37 30
15 23 40
17 46 35
15 45 33
14 54 15
21 63 19
24 62 23
25 56 27
30 54 32
29 45 29
25 50 30
20 52 32
19 47 31
17 46 30
15 49 30
16 49 30
15 50 32
17 48 32
16 47 32
16 47 32
17 51 32
18 50 32
18 51 32
22 54 32
22 51 34
23 53 31
24 50 33
24 49 34
23 54 30
26 54 31
25 51 26
24 54 33
27 31 38
28 28 36
28 50 35
27 63 10
30 63 18
20 44 31
17 15 43
21 53 42
27 62 21
36 63 13
31 40 21
23 22 37
21 46 37
24 61 31
28 63 14
33 61 20
27 32 35
22 24 39
25 46 39
27 62 20
34 63 16
31 34 24
23 16 40
21 48 37
23 63 18
34 63 14
29 34 24
24 24 39
21 51 36
26 62 19
30 63 16
28 44 25
24 23 40
21 51 36
28 62 18
35 63 13
26 38 25
25 35 32
22 43 32
27 60 20
35 63 11
33 48 20
27 34 36
24 46 37
26 62 20
32 62 13
32 55 18
29 31 33
22 39 36
30 63 14
39 62 12
29 34 26
24 29 39
23 59 31
29 63 10
27 54 23
22 36 32
17 48 36
21 62 32
29 63 27
33 57 27
31 56 25
33 51 28
28 50 25
30 54 25
26 47 26
20 45 27
04 34 34
05 33 28
18 50 28
34 61 25
58 63 16
50 54 28
28 49 28
06 35 28
01 46 29
11 54 27
31 49 29
57 61 14
49 60 22
12 47 34
01 47 36
19 50 29
46 57 15
41 57 18
11 42 35
14 41 30
20 49 23
18 37 26
17 51 30
24 57 26
28 63 36
27 51 35
23 55 30
20 54 33
20 47 36
17 46 34
15 54 31
17 50 34
17 49 33
17 47 32
18 50 33
20 48 35
20 47 35
19 50 34
18 51 36
18 49 36
17 52 34
17 53 36
19 52 36
19 53 33
21 54 34
24 51 36
26 49 35
28 49 35
29 49 33
33 47 35
34 53 32
25 46 25
14 44 29
01 38 32
07 48 34
18 54 28
39 62 31
59 63 21
46 53 28
25 45 30
00 45 39
01 48 32
12 53 32
32 62 29
58 63 19
52 50 28
31 48 30
03 47 32
00 42 36
06 47 33
23 53 31
50 62 19
48 60 24
41 39 24
09 45 30
00 37 39
03 45 31
17 62 32
46 63 24
57 62 26
35 44 31
14 51 33
00 49 41
04 54 35
11 44 26
28 52 33
53 62 20
49 50 28
25 44 32
01 54 39
03 48 35
14 45 30
34 56 32
59 63 17
46 52 27
16 41 40
00 49 39
07 51 33
30 52 29
54 60 17
45 56 27
13 40 41
06 47 36
18 43 32
47 49 18
44 62 26
15 54 39
09 35 34
19 42 24
26 41 15
26 41 20
22 62 40
25 48 34
25 48 37
20 56 36
19 50 33
19 54 31
19 55 30
17 51 31
17 51 32
17 50 31
18 48 30
17 50 30
16 49 31
18 49 32
17 50 32
18 51 32
20 53 33
21 54 31
23 52 33
23 54 33
23 54 31
24 51 35
25 55 27
23 53 27
26 56 28
24 49 31
27 31 37
26 33 34
27 54 35
27 63 11
32 62 18
15 40 33
16 16 42
25 55 39
27 62 19
37 63 12
30 38 17
24 23 35
22 45 39
28 58 35
28 63 14
31 62 20
27 46 29
25 18 40
22 48 38
25 59 19
30 63 06
31 49 20
23 32 36
21 44 41
22 57 27
30 63 11
35 57 17
27 29 37
24 42 40
25 57 24
34 63 07
31 53 18
25 31 39
22 44 38
26 61 21
37 63 06
33 50 23
23 31 40
21 49 37
26 63 18
39 63 08
32 45 23
23 27 43
19 45 36
27 63 14
41 63 07
32 44 23
23 28 42
21 50 37
27 55 34
31 63 12
39 62 17
26 35 32
24 28 42
26 52 35
29 62 13
37 63 14
26 33 27
26 21 42
25 50 37
28 61 19
32 63 11
26 38 20
23 24 39
21 50 37
27 63 25
30 63 10
29 55 20
25 22 36
23 35 37
28 49 35
32 63 16
37 55 21
29 28 29
28 25 39
23 49 36
26 63 21
33 63 15
27 44 23
26 22 35
22 52 33
24 62 28
30 63 13
30 53 21
30 33 31
23 23 38
26 52 36
27 63 15
36 63 16
29 32 21
26 25 37
23 45 37
25 61 24
31 63 08
31 48 22
28 28 33
23 45 36
24 61 22
32 63 10
30 55 21
25 39 28
26 24 39
25 45 28
31 63 11
40 61 15
28 35 30
27 30 40
26 50 32
32 63 12
36 58 16
28 31 28
25 41 36
26 54 31
29 63 14
37 60 20
28 30 30
27 38 38
26 54 26
33 63 11
34 56 20
23 33 34
21 47 37
22 63 28
23 63 20
21 51 32
21 46 33
24 61 26
32 62 32
37 59 28
36 57 22
29 44 22
21 44 23
03 28 38
14 35 26
16 50 28
24 56 31
50 62 22
55 58 18
35 54 29
06 47 27
00 40 33
02 50 28
26 47 23
61 58 16
52 51 20
15 52 30
00 41 42
08 47 33
46 62 15
45 62 16
32 47 23
08 34 33
12 38 27
16 49 24
17 44 32
25 54 25
28 62 38
25 59 34
22 49 28
21 53 30
19 53 35
18 51 31
17 49 29
17 45 33
17 48 33
16 46 32
17 49 33
17 51 33
18 56 33
18 50 35
20 52 37
20 56 34
23 50 34
24 52 34
23 50 34
27 50 36
28 54 31
34 52 32
35 45 29
25 50 25
03 48 31
00 41 31
09 55 31
22 48 29
49 62 26
55 57 25
37 49 25
09 53 31
00 40 39
05 45 27
22 49 31
55 62 20
57 57 21
32 47 28
02 45 36
00 41 34
06 37 26
27 57 29
60 63 19
52 53 27
24 49 32
00 45 33
03 42 31
15 48 25
21 48 31
53 62 22
55 57 24
37 44 28
08 55 32
00 39 31
09 48 29
22 48 33
52 62 24
53 60 23
38 41 38
14 54 30
00 51 35
05 51 35
19 50 34
50 58 22
53 61 20
38 49 40
11 51 32
01 38 36
07 50 30
18 62 30
45 63 28
55 63 28
44 46 30
18 45 29
00 41 35
08 53 27
25 54 31
50 60 28
47 58 29
20 53 38
00 44 34
10 47 24
36 42 25
52 63 27
40 56 29
07 41 33
02 49 37
17 50 25
49 58 23
52 60 29
30 55 33
06 41 30
09 38 25
16 42 25
33 46 22
45 62 21
44 63 27
33 62 30
28 54 23
21 45 30
20 27 36
14 44 34
28 50 26
26 63 01
37 63 11
28 37 30
21 12 44
25 55 34
31 59 14
37 63 02
29 52 13
21 33 40
19 47 40
26 62 17
32 63 02
35 47 15
23 27 35
22 46 35
26 62 16
37 63 03
32 46 21
23 30 37
22 53 33
29 61 15
37 63 04
32 42 21
24 27 39
24 52 35
28 61 21
36 63 03
30 48 20
24 32 39
19 54 36
28 62 18
35 63 03
30 43 18
23 36 36
21 52 36
27 61 23
38 63 04
35 58 15
24 28 35
20 41 35
26 62 17
34 63 07
29 41 25
24 25 39
27 52 33
32 63 14
38 62 09
32 41 24
23 32 40
26 28 35
30 52 27
33 63 07
32 57 13
26 38 34
20 21 46
27 51 36
31 62 13
40 63 10
31 39 20
26 26 36
20 47 34
27 61 23
30 63 04
30 53 17
25 20 37
19 42 33
28 56 30
28 63 15
35 62 17
26 43 28
26 24 38
25 49 35
26 63 18
29 63 07
29 48 23
25 15 42
21 52 34
25 63 11
40 63 14
28 34 27
25 23 41
24 48 34
31 62 11
36 61 17
28 34 26
23 18 44
25 47 34
29 63 05
36 61 13
26 31 32
21 16 40
11 47 32
13 41 29
13 42 22
15 63 18
21 62 21
26 57 23
32 53 30
29 50 33
26 50 33
24 49 34
19 46 32
19 48 31
15 47 33
17 48 33
16 48 29
15 49 32
17 47 32
16 50 30
16 49 32
18 50 32
19 52 30
19 52 33
22 52 30
22 54 32
24 52 34
22 52 31
25 50 35
26 54 27
26 44 25
27 56 32
25 35 34
26 26 36
28 54 37
28 63 12
30 59 17
24 30 29
22 20 40
25 54 39
28 63 20
33 63 11
29 43 20
26 16 38
21 46 37
31 54 32
29 63 15
35 63 15
30 41 27
25 14 43
21 49 40
25 63 15
40 63 09
31 38 22
25 24 36
22 49 35
27 63 16
38 63 11
28 41 25
26 28 40
25 49 33
32 63 12
35 63 10
30 49 25
23 31 39
23 54 39
23 63 20
25 62 23
23 54 32
26 54 35
29 62 28
32 61 28
35 57 29
30 51 29
22 44 26
08 33 40
06 28 27
18 62 19
24 58 29
40 62 30
53 60 28
42 51 31
17 50 32
00 46 32
05 53 31
17 52 27
46 57 24
50 57 24
22 55 36
02 48 43
08 48 35
28 48 24
50 56 19
43 48 27
20 56 35
02 50 39
08 53 32
12 60 34
40 58 27
58 62 18
43 52 29
17 43 36
01 49 38
01 38 32
14 56 23
31 52 29
57 57 22
54 53 24
37 52 26
04 51 35
00 39 37
01 56 32
17 57 26
35 57 28
56 61 21
50 46 27
31 47 30
06 54 32
00 42 35
15 46 30
25 51 32
42 60 28
47 60 27
39 47 27
17 54 27
01 51 31
04 56 32
18 47 24
29 57 33
57 63 17
49 53 26
24 38 33
05 48 36
06 57 34
14 46 30
40 52 23
51 61 23
41 51 28
17 49 37
02 52 33
09 52 28
16 42 28
40 53 25
57 62 19
43 56 30
21 56 35
01 47 34
07 47 29
14 51 28
35 52 25
51 63 18
44 61 30
23 43 37
07 36 42
14 51 36
22 53 24
31 63 20
27 49 31
26 31 35
27 56 40
27 61 27
30 63 24
21 56 25
20 36 33
21 39 36
23 52 31
31 63 20
27 59 19
23 27 32
19 42 39
23 54 35
26 63 17
27 63 19
24 21 33
21 52 35
24 52 31
26 62 21
26 61 21
24 39 30
21 40 35
25 54 31
30 63 20
30 56 20
24 29 32
18 46 38
25 45 29
23 63 18
31 61 16
28 38 26
24 32 36
21 58 38
23 63 24
25 58 17
24 33 24
24 32 36
22 56 36
25 63 25
31 63 20
23 35 30
22 26 39
20 56 33
27 61 20
32 63 12
24 40 26
20 29 39
21 54 37
25 61 21
31 63 17
26 43 24
24 32 36
22 34 35
24 53 33
28 62 16
33 62 16
23 43 28
20 48 32
20 61 42
25 60 23
33 63 17
38 57 19
27 22 37
20 50 36
25 60 35
26 62 12
33 62 12
29 44 23
25 31 40
23 46 42
29 62 17
29 63 06
31 38 23
24 19 43
20 49 41
28 63 08
39 63 05
25 29 25
16 23 42
10 50 41
13 49 33
20 60 26
27 62 24
31 60 27
36 54 30
39 51 28
35 53 28
29 50 27
25 49 27
19 48 24
21 53 39
19 53 29
24 50 32
21 57 31
24 53 29
27 50 32
28 49 33
27 53 33
27 54 33
28 54 31
27 50 30
22 60 30
31 55 28
29 54 27
25 54 36
24 49 37
23 47 30
21 51 29
21 50 28
22 51 28
21 52 28
21 51 28
24 52 27
25 52 27
23 51 29
26 52 29
25 52 31
26 51 29
26 51 28
24 52 29
24 52 29
23 49 29
23 51 28
23 50 27
21 52 27
21 49 26
21 50 28
20 50 28
20 49 29
18 48 29
19 51 28
19 50 29
20 49 30
21 50 28
21 51 27
22 49 29
22 50 30
21 52 29
20 49 28
22 50 31
22 50 31
23 51 32
23 51 35
24 51 35
23 52 38
26 53 37
24 51 37
25 51 36
25 50 34
23 46 34
21 51 35
22 47 33
20 49 32
20 51 35
20 49 37
17 48 35
17 50 37
17 49 39
19 49 39
20 46 41
19 45 42
19 43 41
14 44 43
15 43 44
14 44 42
12 45 42
14 44 41
14 45 39
15 45 39
18 46 38
18 46 37
22 44 40
23 45 40
23 45 40
25 41 41
26 43 43
27 41 42
27 42 42
26 44 42
23 45 41
24 44 41
22 45 42
18 50 42
18 47 38
14 49 38
15 47 38
14 45 37
12 45 34
12 45 36
10 45 34
12 42 33
12 43 33
12 42 33
10 42 33
12 40 32
12 40 32
14 40 33
14 40 32
13 40 33
13 39 33
12 40 33
12 38 32
13 39 34
12 40 34
13 40 34
12 39 34
12 38 35
12 38 34
12 39 35
13 38 34
13 38 34
13 38 34
12 39 35
11 39 33
13 38 35
13 40 34
12 40 35
13 39 35
13 39 35
11 39 34
13 38 34
13 39 34
12 40 34
14 39 34
12 39 34
12 39 35
14 38 34
12 38 34
13 38 34
12 41 34
13 39 34
12 39 34
13 39 34
13 38 34
12 40 34
11 39 34
12 38 36
13 38 35
12 38 34
12 39 35
13 39 35
14 38 34
12 38 35
11 37 34
13 38 34
13 36 35
12 37 34
11 37 34
12 39 33
13 38 35
12 38 34
13 39 34
11 38 34
13 39 34
12 38 34
12 38 33
13 37 35
13 39 34
12 38 35
13 37 33
12 38 34
12 38 34
13 36 34
13 39 34
12 38 34
13 37 33
13 37 34
13 40 36
