26 51 36
26 51 36
26 51 37
25 51 37
26 51 37
27 51 37
26 51 37
23 51 38
25 51 39
26 51 39
25 52 39
25 50 38
26 49 39
24 48 39
24 47 39
23 47 39
20 48 39
21 47 40
21 47 42
19 47 43
19 49 43
21 47 43
22 47 44
23 48 46
23 47 45
22 47 45
22 49 45
23 48 44
23 48 43
24 45 44
22 47 43
22 45 43
22 45 44
21 47 44
21 44 44
22 43 44
22 43 45
21 42 46
21 41 45
20 45 45
20 44 47
20 41 47
20 43 46
21 39 47
22 39 47
21 41 47
21 39 47
18 41 49
20 39 48
20 38 47
19 38 48
19 39 48
20 37 49
20 36 45
18 38 49
20 37 49
17 35 47
16 38 47
14 37 46
14 40 47
17 39 48
18 40 46
20 42 43
24 44 42
24 43 45
28 43 43
29 49 43
29 47 43
30 49 43
28 49 44
27 51 44
27 49 43
26 47 42
24 48 45
24 50 43
22 49 42
22 49 42
23 49 41
22 48 41
22 47 42
22 48 39
20 51 37
21 49 39
22 49 39
20 49 39
22 48 39
23 49 39
22 50 40
22 50 38
22 48 39
22 50 39
21 49 38
22 49 38
22 49 39
22 48 40
22 49 39
21 49 39
21 50 39
21 49 38
21 49 40
22 49 39
22 50 39
20 48 40
22 49 39
22 48 39
21 49 39
21 49 39
22 49 38
22 49 39
21 50 40
22 49 40
21 49 39
22 48 40
22 48 40
21 50 39
22 49 40
23 48 39
23 49 39
22 49 39
23 49 40
23 50 40
22 49 39
22 49 39
22 47 39
22 49 39
22 50 37
21 50 38
20 48 38
21 48 37
22 48 38
24 49 38
25 50 38
25 50 38
25 50 40
23 51 37
18 53 38
17 51 39
17 51 37
19 52 39
18 51 39
20 48 41
21 53 43
22 51 43
23 53 43
24 54 42
25 52 41
27 52 40
28 50 39
28 51 38
29 51 38
27 52 38
28 53 35
30 50 37
28 40 37
32 15 34
28 47 45
28 59 34
22 63 33
30 60 32
29 39 36
31 29 42
32 49 44
32 56 36
29 63 30
33 57 29
29 42 34
28 26 42
29 49 41
31 60 30
33 63 24
33 56 28
28 40 36
26 30 43
28 48 41
29 62 25
32 63 19
30 50 31
26 40 38
24 33 45
28 53 41
27 62 24
30 63 19
28 49 29
27 30 37
25 36 45
31 52 44
27 63 26
33 62 22
28 47 27
27 24 37
23 53 43
28 62 33
27 63 29
32 60 28
27 52 36
26 23 40
22 52 42
25 62 28
29 63 21
32 57 23
27 36 34
25 42 43
26 48 36
28 63 21
36 62 25
29 46 30
30 34 37
32 30 41
29 48 35
31 63 21
36 55 23
29 33 34
28 27 41
26 49 40
32 63 22
40 59 25
33 36 33
29 28 40
28 51 41
30 63 21
37 62 24
32 45 32
27 29 39
27 52 41
28 62 28
35 63 25
32 57 29
27 26 36
24 48 39
29 56 36
30 63 23
34 60 24
31 36 34
28 28 41
26 48 42
29 63 25
37 63 24
34 49 31
28 21 34
26 37 38
29 54 37
29 63 28
31 63 26
29 50 29
27 30 36
24 44 41
28 56 33
26 63 25
36 62 25
27 44 30
28 32 38
28 44 41
28 63 26
34 63 18
33 44 27
29 31 36
28 46 38
28 62 23
35 63 18
35 54 27
28 33 38
29 30 41
27 52 36
32 63 21
39 58 22
28 30 33
27 33 42
30 54 39
35 63 20
36 57 23
25 36 34
23 35 39
22 57 41
27 62 37
30 63 27
34 63 29
37 57 32
32 61 35
29 45 28
24 45 35
12 33 40
13 43 41
18 46 40
24 51 37
54 63 28
51 55 28
35 44 41
06 43 44
06 45 40
16 50 41
39 52 33
54 63 26
33 49 39
10 32 41
15 50 30
20 56 25
21 42 37
24 52 43
25 56 38
28 59 45
28 51 41
24 52 41
22 53 44
21 45 44
20 47 39
20 50 39
19 49 39
19 48 40
20 50 41
20 48 42
21 47 42
21 49 43
20 50 43
19 49 43
20 51 43
21 49 43
20 51 43
20 50 43
22 52 41
25 50 41
26 50 42
26 49 40
31 48 41
34 48 39
34 58 38
35 43 34
26 51 37
07 51 41
02 35 37
10 61 43
24 44 42
49 62 33
55 62 30
40 38 50
20 51 42
00 47 46
06 58 35
14 55 44
37 56 40
59 63 29
47 46 33
28 51 42
03 50 43
00 27 37
11 50 43
30 41 43
51 63 34
48 55 27
42 43 46
18 53 40
00 44 51
06 59 36
14 44 39
32 47 42
51 63 36
50 50 30
39 42 39
16 52 39
00 39 45
07 62 33
19 53 41
39 46 43
58 63 30
47 37 37
30 48 40
08 53 42
00 38 41
07 50 37
26 50 46
48 61 38
51 62 34
39 44 37
16 45 43
06 47 42
08 48 34
14 41 45
44 54 39
54 63 33
40 44 40
19 49 44
05 47 44
09 48 43
33 52 39
57 62 30
43 54 39
17 51 49
04 44 46
12 49 41
38 51 34
51 63 30
29 58 42
03 39 52
16 48 41
37 50 39
50 63 32
29 58 37
09 36 46
17 49 34
24 49 30
25 43 31
26 54 33
27 57 39
27 48 42
28 49 44
28 52 41
26 56 39
23 51 42
22 51 41
18 57 39
18 51 38
15 47 38
18 50 37
17 50 38
18 50 38
18 51 38
18 54 37
20 50 38
22 50 38
23 54 39
24 51 37
27 52 37
27 54 36
28 57 34
29 49 32
26 61 36
30 38 37
29 23 39
26 50 44
30 54 35
28 63 28
30 62 28
25 47 34
26 24 37
26 49 43
30 59 36
29 63 25
36 61 26
29 40 31
29 35 36
27 45 41
28 59 30
35 63 24
32 55 23
29 31 36
26 45 41
27 56 31
35 63 21
34 60 24
28 33 34
28 41 42
30 51 35
32 63 23
34 61 24
28 38 35
27 26 41
30 48 36
32 63 22
38 61 23
29 38 36
28 25 42
29 49 38
32 63 22
38 62 23
30 38 33
27 25 41
29 49 36
31 63 21
39 62 23
31 39 32
28 24 41
26 54 39
29 63 22
38 63 18
29 51 33
28 34 40
26 53 39
30 62 30
33 63 22
37 58 25
29 28 42
23 48 40
29 58 29
33 63 23
31 57 24
32 48 37
28 33 42
31 55 40
30 63 26
32 62 24
33 42 31
32 22 36
31 52 40
33 61 32
31 63 25
32 59 34
26 30 41
27 30 46
27 53 40
30 63 27
32 63 24
29 52 31
30 28 39
27 48 41
32 55 37
28 63 23
31 54 27
28 34 34
27 28 38
25 53 37
27 61 30
29 63 27
31 52 31
28 30 36
27 34 39
31 52 36
28 63 26
35 60 26
27 38 33
29 34 37
26 49 36
28 63 24
39 62 24
29 42 32
30 33 40
27 46 36
29 63 24
35 63 18
29 42 32
26 27 46
28 52 46
32 63 28
35 61 26
28 46 28
21 39 31
18 48 36
18 47 38
21 58 33
23 62 35
26 56 35
28 52 34
29 54 38
28 49 40
27 46 40
27 48 40
24 46 43
21 44 43
21 46 42
18 52 43
16 48 44
17 47 44
17 48 44
18 47 47
18 47 44
20 52 46
20 50 46
22 51 46
24 50 44
25 48 44
25 47 44
26 47 42
28 46 43
29 46 41
31 49 41
34 38 39
35 49 39
24 50 37
10 53 40
02 41 40
13 50 44
23 47 47
44 49 39
49 62 35
39 44 41
18 47 44
01 43 43
03 54 42
17 55 39
43 59 37
46 59 36
36 48 41
08 49 48
06 44 39
15 49 43
38 54 38
49 61 34
39 50 41
19 49 44
02 44 43
10 54 36
22 51 42
51 58 34
48 54 36
37 51 37
28 48 38
05 51 40
05 40 37
16 58 38
27 55 44
48 62 32
48 58 28
39 46 46
16 52 37
00 49 46
06 59 39
19 53 39
49 52 32
58 63 27
40 39 34
08 50 42
04 44 44
17 47 39
38 51 39
54 63 27
30 48 33
07 38 39
13 48 37
17 57 37
27 41 32
27 59 39
28 52 39
27 47 43
25 48 45
23 56 45
22 53 43
21 44 45
20 47 43
19 49 43
17 45 43
16 45 45
16 48 45
18 49 47
19 47 47
21 53 44
21 52 44
23 48 44
25 47 43
25 48 43
28 45 41
32 49 40
36 51 36
36 39 37
28 50 36
12 53 41
02 35 46
07 57 43
19 62 38
40 59 40
56 62 35
52 60 35
31 46 41
09 46 46
08 42 40
16 43 39
29 50 45
46 58 35
47 52 34
31 48 40
11 43 48
06 48 40
16 48 39
29 57 43
48 57 38
45 54 36
36 43 48
12 46 42
10 43 39
21 48 35
41 59 42
46 63 39
38 57 44
27 50 39
07 42 36
17 48 31
20 47 33
33 53 31
32 63 37
41 63 30
40 49 34
29 60 38
23 55 40
23 37 37
19 44 38
29 55 32
31 63 18
36 62 24
31 37 35
25 20 44
29 53 41
32 61 23
35 63 20
28 54 30
29 35 41
25 50 47
29 58 30
33 63 17
32 54 27
27 27 38
28 53 39
34 63 24
39 58 21
25 42 35
23 35 32
17 55 39
19 51 39
16 57 32
19 58 27
23 62 27
25 61 27
28 51 26
28 55 32
28 54 35
26 52 37
26 48 37
22 45 37
21 43 39
20 47 40
19 49 42
17 49 41
18 47 42
21 45 42
19 46 43
19 46 43
18 45 42
19 45 42
21 46 40
19 47 41
20 48 40
21 46 41
19 47 41
20 47 42
19 47 41
20 47 41
18 46 42
19 47 41
19 46 42
21 44 40
21 46 40
21 46 41
21 48 41
22 49 41
21 50 41
22 48 41
19 47 41
20 49 42
20 48 41
18 45 41
19 45 40
19 45 40
19 46 39
20 48 39
21 47 41
20 48 40
19 47 41
20 49 40
20 48 40
21 47 41
19 48 40
20 47 38
20 49 39
19 48 39
19 49 39
20 48 39
18 47 39
18 48 38
18 47 39
17 50 39
19 48 38
17 47 40
18 46 43
19 47 43
20 45 45
20 43 46
21 43 47
23 41 47
24 41 45
23 40 46
23 40 46
21 38 43
23 43 44
19 44 46
21 42 47
21 42 48
22 41 48
22 39 46
21 38 47
20 36 46
18 37 46
19 39 46
17 37 47
18 36 46
19 36 47
18 37 47
18 36 47
18 33 47
16 33 50
16 32 49
17 32 48
17 32 50
16 31 49
15 30 49
15 32 47
15 34 48
15 34 46
13 36 44
16 37 45
18 37 44
20 37 42
23 39 46
24 42 42
24 40 42
25 41 45
26 41 47
26 43 46
28 43 50
27 45 50
26 43 49
24 43 50
23 44 48
21 43 47
21 43 49
19 41 45
18 44 46
17 44 46
16 44 44
17 44 43
18 45 43
18 44 42
18 44 43
17 43 42
18 44 42
18 45 42
19 44 41
19 44 42
19 44 41
18 45 42
16 44 41
17 44 41
17 43 41
17 41 39
17 42 39
16 41 39
16 44 39
15 42 38
14 41 38
