28 33 29
28 51 29
28 53 32
27 51 33
28 53 31
28 52 29
26 53 33
25 51 32
26 53 30
26 53 29
24 52 31
25 52 30
26 51 32
27 51 33
26 54 32
25 55 34
27 51 34
27 53 35
27 51 36
27 51 38
28 53 37
29 51 37
29 51 38
26 54 36
25 53 36
25 52 37
24 52 36
22 51 36
24 52 36
24 50 37
25 50 37
24 52 39
24 51 38
22 49 38
22 50 38
19 50 38
18 50 37
17 49 38
18 50 38
18 49 37
20 50 36
22 49 37
24 50 38
24 49 38
22 50 40
22 49 40
20 49 42
21 44 42
19 43 42
19 45 46
19 44 46
20 44 44
20 41 45
20 44 43
21 45 45
22 43 45
19 43 45
16 47 43
13 46 43
14 49 43
17 48 43
17 48 43
19 52 42
26 54 39
30 50 39
32 46 40
33 53 40
34 50 42
33 45 42
35 51 39
33 45 43
29 47 42
30 49 40
25 56 44
26 48 43
30 48 41
29 56 37
32 53 39
35 48 40
35 53 38
32 52 37
30 51 37
28 53 35
26 55 37
24 54 36
24 52 38
23 50 37
24 53 36
25 52 38
22 52 36
23 52 40
22 52 39
23 54 38
24 57 40
23 55 39
22 54 39
24 56 37
26 51 37
31 52 36
33 49 36
34 49 36
34 51 34
35 53 32
34 55 33
34 53 34
33 52 32
31 55 33
30 56 34
32 52 35
33 52 32
32 56 32
33 55 31
29 52 31
31 53 31
26 54 34
28 49 39
27 55 35
30 51 34
31 52 33
28 50 33
30 50 36
30 56 34
31 50 36
27 50 37
27 56 35
27 57 34
30 53 35
29 53 34
28 54 38
28 55 36
30 50 36
29 52 35
28 51 36
27 50 36
28 51 35
26 51 35
25 52 36
26 52 35
26 52 35
27 51 36
27 53 34
26 51 33
28 53 33
29 54 33
29 54 34
28 54 34
29 54 32
29 56 31
29 54 32
28 50 34
28 51 34
28 52 31
29 53 32
30 53 30
30 55 30
30 53 31
32 53 32
32 55 32
32 60 33
31 62 34
31 60 34
32 56 35
33 55 35
35 55 34
36 52 35
36 53 36
36 52 38
36 52 37
38 51 36
37 53 36
38 52 38
40 51 37
39 50 38
37 50 38
38 52 38
38 50 38
38 51 38
37 53 36
37 52 36
36 53 35
36 54 34
39 54 32
38 57 32
38 55 32
39 53 32
40 53 32
39 51 32
40 52 32
39 52 33
39 52 32
39 50 33
38 50 33
39 50 33
39 50 33
39 49 35
39 50 33
39 51 33
38 53 33
39 53 34
37 53 33
39 51 34
39 52 34
38 53 35
39 52 33
36 53 34
37 52 35
36 53 34
37 52 35
37 52 34
38 51 35
37 53 35
38 53 33
36 53 34
37 52 33
36 54 34
37 53 33
38 52 34
37 53 34
36 52 33
36 53 33
36 55 33
36 56 32
35 55 32
34 51 32
37 50 32
39 49 33
39 52 32
38 54 31
38 54 31
38 53 30
38 52 28
38 52 30
39 51 30
38 53 30
36 54 29
38 54 31
38 53 30
38 53 32
38 54 33
38 52 32
38 54 31
37 53 32
40 53 33
39 53 33
39 53 32
40 52 33
40 51 34
41 51 34
39 50 35
41 52 34
41 51 35
41 52 35
40 52 36
39 52 35
39 52 34
40 49 37
40 51 34
41 52 34
40 52 35
40 52 36
41 52 36
40 51 37
41 51 36
41 52 36
43 52 35
41 51 37
40 52 36
42 51 36
40 51 36
40 50 37
42 50 36
40 52 36
40 52 37
41 50 35
42 51 37
41 49 36
41 50 37
41 49 37
41 49 38
42 51 39
40 52 38
40 51 38
41 51 37
41 48 37
41 53 39
42 50 38
41 47 40
40 51 38
41 50 39
41 51 39
40 50 38
41 51 39
41 51 39
42 51 37
40 49 40
41 50 39
41 51 40
40 51 39
40 50 39
42 51 39
39 50 39
41 48 39
42 50 39
41 51 39
41 50 39
42 51 39
41 51 40
41 50 40
41 50 39
41 50 40
40 50 39
41 49 40
42 51 40
42 52 39
42 50 41
41 48 40
41 48 41
42 51 41
41 51 40
41 48 41
40 48 39
39 52 39
41 54 39
41 50 39
41 51 43
41 51 40
41 50 39
41 50 41
41 48 39
40 48 39
41 49 39
42 51 39
41 49 39
42 48 38
42 50 39
42 51 40
40 50 40
39 49 41
38 50 40
39 51 40
38 53 41
38 52 40
37 52 40
37 52 39
37 51 39
38 52 38
38 50 38
39 52 37
38 54 37
37 54 37
37 54 36
36 54 38
37 54 37
36 53 38
36 52 38
35 52 38
37 51 38
37 52 38
37 51 37
37 52 38
38 51 38
37 53 38
38 52 38
37 51 38
38 51 39
37 51 37
36 51 39
36 52 38
36 51 37
36 53 37
37 53 37
36 52 37
37 51 37
36 53 38
36 53 38
35 52 37
35 55 38
34 53 38
36 53 37
35 53 38
35 54 37
34 52 37
33 51 38
37 52 37
38 51 38
37 53 37
38 51 38
39 51 37
38 52 37
39 53 36
38 51 37
38 52 39
36 52 34
37 49 42
39 52 38
37 54 38
39 53 36
38 52 38
38 54 38
38 51 39
40 52 38
40 51 38
40 51 38
37 50 40
38 51 40
39 52 38
38 52 37
37 50 37
38 50 37
39 50 38
39 52 38
40 52 37
38 51 40
37 53 39
38 53 38
39 52 39
39 51 38
39 51 38
39 50 37
39 49 37
38 53 37
39 51 38
40 51 37
40 52 38
38 52 37
38 52 37
39 51 37
39 52 39
38 54 39
40 51 39
41 54 32
39 53 41
41 52 41
39 53 35
38 48 37
39 50 37
39 52 36
40 52 36
39 51 37
38 52 37
38 52 38
36 50 42
39 49 36
38 54 37
39 51 38
38 53 38
38 53 37
38 52 37
38 53 37
39 51 38
38 51 38
37 55 37
37 52 39
38 56 36
38 50 36
39 54 38
40 56 37
39 52 36
39 51 37
39 53 38
38 53 38
38 52 38
36 50 38
36 54 39
37 53 38
38 52 37
39 50 39
39 52 37
37 53 38
38 49 39
39 51 38
39 49 37
40 48 39
39 49 37
39 50 41
40 52 37
37 50 36
43 57 35
38 54 35
38 55 31
37 55 32
35 55 31
35 53 31
34 54 31
33 53 31
32 53 31
30 54 32
29 55 32
30 53 33
28 55 33
26 55 35
26 53 36
22 55 31
20 56 35
19 56 31
19 56 31
21 54 32
24 54 31
26 55 31
28 56 32
29 52 35
30 54 39
31 54 38
34 54 42
35 52 40
36 51 39
37 50 38
38 47 38
37 45 36
34 48 38
30 53 40
28 51 36
29 50 39
29 50 39
30 50 38
32 50 37
33 53 38
34 54 37
35 54 36
35 54 36
35 53 36
35 50 37
36 53 36
34 54 36
33 54 36
31 58 34
26 55 35
26 53 35
29 54 35
30 54 35
30 52 36
32 55 35
35 55 36
34 50 36
35 51 36
34 53 35
34 51 36
32 55 39
34 51 35
29 54 33
30 57 33
30 54 34
30 54 34
31 52 32
32 53 33
32 53 35
31 54 34
30 54 33
31 54 33
31 53 34
31 51 34
31 53 33
30 53 32
30 53 32
29 53 32
30 54 33
30 54 33
29 54 35
29 54 32
27 53 33
27 53 34
27 54 33
27 55 33
27 52 32
25 53 35
26 53 33
25 54 33
28 53 33
27 52 34
26 53 33
26 54 34
27 54 33
26 51 34
26 51 34
25 52 34
26 52 33
27 52 33
26 52 34
27 53 33
28 52 33
26 53 34
25 52 33
25 52 34
27 52 34
24 52 34
25 52 34
25 52 34
25 52 32
26 52 35
26 52 34
26 51 34
27 52 34
26 53 33
26 53 33
26 53 34
25 51 33
26 52 33
26 51 34
25 53 33
25 52 34
26 51 33
25 52 34
26 52 33
25 51 33
26 52 34
26 53 33
26 53 32
25 52 34
24 51 33
25 51 34
24 52 34
24 53 33
24 53 33
25 51 33
24 52 34
24 52 35
25 51 34
26 50 33
26 53 34
26 50 33
26 49 33
26 52 33
27 50 34
24 51 33
25 50 32
22 50 34
23 50 32
22 52 34
21 50 34
20 50 34
20 51 33
19 53 33
20 50 33
19 51 32
21 49 32
21 52 32
20 50 30
21 51 31
20 50 32
19 48 32
19 49 30
17 50 30
17 49 31
20 48 29
19 49 30
19 48 31
19 49 31
19 48 31
18 49 31
18 49 31
19 49 30
20 49 31
20 48 30
19 48 31
19 49 32
19 48 31
19 50 31
19 48 32
19 50 31
19 49 31
21 50 32
19 48 31
20 48 31
21 48 31
21 49 31
20 49 31
20 50 32
19 48 32
17 49 31
17 48 31
17 48 31
18 47 32
19 49 32
21 50 32
22 50 31
21 51 32
21 49 31
21 48 32
21 49 31
19 50 31
17 48 30
18 48 31
17 50 31
18 48 31
18 49 32
19 49 31
17 49 31
18 49 32
19 49 32
20 49 31
20 48 32
20 49 32
20 50 31
20 49 31
19 50 32
20 50 32
20 49 33
21 50 32
23 49 31
21 50 32
21 51 32
21 50 32
21 51 30
22 50 31
21 51 32
20 51 31
21 50 32
21 49 32
22 50 33
20 51 32
23 50 33
22 52 33
23 50 33
23 51 34
23 50 32
23 51 34
23 51 34
23 51 34
23 51 35
24 52 36
23 51 36
24 51 35
25 52 36
26 51 36
26 52 34
25 53 36
27 52 34
25 53 34
25 52 35
25 52 33
26 53 34
26 53 34
26 52 33
26 52 33
26 53 33
27 55 34
24 56 36
27 54 36
27 55 37
28 56 38
30 55 37
31 54 35
32 55 36
33 53 37
32 54 37
32 54 38
33 54 37
32 53 38
33 53 39
34 54 39
35 53 39
35 50 40
36 50 41
35 48 40
35 47 40
35 45 41
37 46 42
36 47 41
35 47 41
37 46 42
36 48 42
35 49 43
35 46 44
35 46 43
38 49 45
39 47 46
37 50 46
36 51 46
38 50 47
38 50 48
39 50 46
39 50 47
37 50 46
35 44 47
33 45 46
33 42 46
38 44 45
42 48 47
51 45 43
49 44 45
43 45 45
34 44 47
23 47 52
27 49 53
31 42 49
55 48 46
62 46 39
54 47 43
34 46 44
19 42 51
22 49 52
26 40 50
53 43 48
62 45 39
55 45 40
47 45 45
27 45 49
15 44 57
24 49 53
42 49 47
63 41 38
62 58 41
58 41 43
34 44 45
16 43 55
19 52 54
33 43 50
62 40 39
63 56 38
61 42 43
38 44 38
17 43 50
17 49 52
29 40 49
59 45 41
63 52 38
60 45 40
56 41 43
35 45 44
15 45 53
19 53 54
37 47 46
63 41 39
62 59 43
56 40 43
32 45 43
15 45 50
21 50 53
39 42 46
63 45 41
62 46 49
51 42 49
27 38 49
15 38 51
21 46 52
43 44 45
63 48 39
62 54 45
46 43 45
22 40 49
11 48 49
21 49 48
55 44 40
63 57 32
60 52 40
42 45 42
19 45 45
17 54 46
28 50 48
53 48 41
63 50 33
57 49 36
41 46 41
24 46 46
15 50 47
26 51 48
49 49 43
63 47 33
60 50 37
44 48 43
33 46 45
15 45 49
20 57 50
31 45 45
62 44 37
63 57 39
56 48 46
33 47 42
17 46 47
17 53 48
31 40 49
62 42 42
63 54 48
53 39 51
30 40 48
16 35 48
20 47 52
36 41 46
63 47 44
59 43 49
45 31 50
27 33 49
20 41 46
28 41 51
55 37 50
61 60 55
53 41 48
35 30 44
24 39 43
27 43 42
47 50 42
58 63 50
50 54 46
37 36 41
27 38 42
30 37 43
42 45 43
53 63 46
50 60 47
40 48 42
29 25 41
33 34 41
38 44 44
43 55 40
57 63 46
46 46 43
41 44 42
34 25 41
31 42 44
36 48 42
52 63 45
47 49 43
40 46 43
35 29 39
35 39 45
36 50 45
49 63 47
48 52 41
41 46 41
36 30 40
33 32 45
38 42 45
48 63 44
49 61 42
43 54 43
36 30 42
33 23 45
34 40 44
45 63 42
51 63 44
43 43 41
39 37 44
36 27 44
39 41 46
46 61 45
49 63 44
46 46 39
40 48 42
34 22 43
36 36 47
40 45 42
51 63 45
48 53 41
38 50 46
41 45 46
35 20 43
38 39 47
40 50 43
55 63 46
49 46 44
39 52 44
35 24 41
35 28 44
39 40 42
50 62 46
50 62 44
42 46 42
40 37 44
37 29 43
41 43 45
44 53 42
51 62 43
49 45 43
42 46 41
34 30 40
41 49 40
43 41 41
51 62 41
53 62 42
46 48 41
35 32 39
34 41 39
38 40 39
47 53 41
53 63 39
44 49 40
38 35 42
32 25 43
40 44 43
44 54 38
55 63 38
47 49 39
39 37 40
35 28 44
40 49 45
36 50 40
45 56 39
54 63 46
48 50 43
38 38 42
33 31 43
34 34 45
45 57 47
50 63 53
48 50 48
37 34 41
33 30 40
35 37 44
37 42 47
50 63 57
48 56 50
38 32 45
32 32 41
37 31 42
37 39 46
47 62 51
47 62 51
37 36 46
34 34 43
37 30 42
37 39 45
47 61 52
48 62 53
38 37 45
33 34 44
34 26 41
36 38 45
42 53 49
49 63 57
43 46 45
35 33 41
35 33 39
39 33 43
41 48 48
47 63 50
47 55 48
41 47 43
35 26 40
35 24 41
40 39 46
43 62 47
49 63 47
46 48 44
38 20 42
35 24 43
36 41 43
43 63 49
49 62 49
46 53 45
39 36 42
38 28 40
40 43 43
39 57 44
46 63 45
46 47 42
40 35 39
38 30 41
42 39 42
40 62 44
49 63 44
45 51 42
37 27 41
41 32 42
39 49 42
47 63 47
49 52 44
39 39 42
39 29 40
38 41 41
40 61 43
49 63 43
47 51 42
36 28 41
37 26 41
42 41 41
46 63 47
51 62 43
42 47 42
37 27 40
38 31 43
40 43 41
42 62 47
50 63 46
47 50 43
38 30 39
40 26 39
42 39 42
44 62 44
50 63 45
47 50 42
39 34 40
39 23 40
40 40 42
40 62 45
49 63 46
45 52 43
37 30 41
39 27 40
39 44 42
45 63 44
48 53 42
41 41 42
41 31 43
40 28 43
42 50 45
45 63 47
47 53 43
44 49 40
42 39 42
37 23 41
40 42 43
43 63 43
50 62 43
44 48 42
39 40 40
38 29 39
42 39 44
42 51 43
48 63 46
48 46 40
43 45 41
38 28 41
37 28 44
39 43 43
41 57 43
53 63 44
47 40 39
40 46 43
40 33 43
35 21 44
43 41 43
44 63 49
48 63 51
46 52 42
38 32 43
38 22 39
36 34 44
40 52 49
45 63 55
47 49 46
41 43 43
38 29 40
37 32 44
39 43 47
44 63 56
45 57 47
41 38 44
37 33 40
37 32 44
38 42 50
43 62 56
46 53 45
41 42 43
35 33 41
37 38 47
38 44 48
44 62 55
43 46 44
38 39 43
37 39 43
36 47 48
35 46 46
37 45 43
41 48 46
39 52 46
47 54 45
47 51 45
47 51 46
46 50 44
44 44 45
43 51 45
43 46 46
46 43 43
47 51 46
42 47 45
37 39 43
31 29 47
27 36 48
32 44 50
48 47 44
62 51 36
59 55 40
50 45 42
36 41 48
24 38 49
30 46 49
36 43 49
61 43 38
62 57 36
55 45 44
43 44 44
28 44 48
27 44 47
31 48 50
49 42 44
63 46 37
59 56 39
49 44 42
35 42 42
19 37 49
27 50 50
36 45 47
60 42 38
63 61 35
57 39 42
44 42 41
28 43 47
26 47 48
30 54 51
38 43 49
60 43 37
63 54 36
58 43 43
44 48 44
27 48 49
23 44 46
30 49 46
49 40 40
63 47 34
61 56 40
54 43 44
37 44 47
23 44 46
29 50 46
37 45 45
61 45 40
63 52 39
57 47 44
47 40 41
35 45 46
23 37 47
29 49 47
44 38 47
62 41 38
61 54 42
56 43 47
41 42 46
31 36 49
28 41 49
36 38 48
53 35 44
61 47 44
59 46 49
48 36 47
37 36 45
31 39 44
33 41 48
46 38 43
58 49 45
59 57 47
55 45 45
42 40 42
32 35 39
33 47 42
39 50 45
56 59 43
56 59 44
50 44 42
41 39 41
37 41 40
39 36 39
46 46 41
52 60 43
52 61 45
46 48 39
39 42 38
37 28 40
40 39 40
45 55 40
52 63 44
52 44 42
46 37 40
40 25 41
41 43 43
41 51 43
49 63 43
49 44 38
44 47 41
41 31 41
40 36 43
37 45 41
48 63 41
49 55 39
45 51 43
41 34 44
38 26 42
39 45 44
44 62 40
50 63 42
48 44 40
42 48 43
39 27 41
38 29 41
40 49 40
48 63 40
50 58 41
45 50 43
41 35 42
40 26 43
43 48 43
44 60 42
49 63 42
44 46 38
41 35 37
39 31 38
39 44 41
41 54 36
48 63 38
49 46 39
44 46 41
41 33 40
41 43 42
41 48 40
49 63 39
50 57 36
44 46 37
39 28 37
42 44 40
40 53 40
46 63 42
50 53 35
44 47 38
42 31 38
42 33 40
42 47 39
45 63 40
50 62 39
45 51 40
42 35 39
41 27 39
40 46 41
43 46 39
45 63 43
49 61 38
45 51 41
40 36 39
42 32 42
40 46 42
42 54 41
46 63 39
46 50 38
41 43 41
40 39 41
39 28 38
41 48 37
45 61 40
51 63 43
48 49 42
42 41 42
39 31 38
39 38 41
41 47 39
46 63 43
50 61 41
45 51 41
42 43 40
38 25 38
39 45 43
40 45 40
46 63 46
49 54 38
44 54 43
39 36 40
39 25 40
40 47 43
44 56 37
49 63 40
45 45 39
42 41 39
40 30 39
39 39 44
42 47 41
42 55 41
49 63 44
46 51 40
41 41 41
39 20 39
38 45 41
41 49 38
49 63 43
47 50 40
43 51 42
41 37 41
41 25 41
41 49 42
43 59 42
49 63 44
44 45 37
41 39 40
37 23 37
38 45 42
40 58 39
47 63 42
47 48 40
42 51 43
41 36 42
38 25 42
38 47 42
44 63 42
46 62 40
43 52 43
38 24 38
39 33 40
42 54 43
45 62 49
47 60 47
41 40 41
38 32 39
39 33 43
38 52 45
47 63 53
46 50 43
39 40 39
37 37 39
38 32 41
38 46 46
41 63 51
46 62 48
40 39 42
36 30 38
38 35 46
39 39 43
47 63 51
48 62 48
40 39 43
36 29 40
38 37 43
39 44 42
45 63 47
48 60 45
45 46 40
40 45 41
37 32 42
43 45 42
42 59 43
44 63 45
40 44 38
39 41 38
38 31 39
40 44 43
39 62 40
45 63 42
44 49 39
39 38 41
38 29 40
41 46 43
43 55 41
45 63 41
45 48 39
40 44 39
39 29 37
42 46 42
41 49 40
47 63 41
47 50 37
45 41 39
39 34 38
41 39 43
42 41 41
43 62 44
49 62 38
45 50 37
41 33 37
40 40 42
41 41 41
44 63 42
50 61 37
44 44 37
39 33 38
41 43 42
41 45 41
44 63 42
47 52 37
43 43 36
38 32 38
38 46 42
39 47 40
42 63 39
44 55 37
42 47 40
39 42 42
40 43 38
43 56 45
47 51 42
45 55 43
40 52 43
38 45 40
40 47 41
40 47 40
42 54 40
44 54 39
44 48 41
44 49 41
46 42 40
43 44 43
40 51 46
35 44 45
34 46 44
35 49 43
44 44 40
50 56 39
49 51 40
42 51 42
32 44 41
35 49 41
38 49 40
53 42 36
62 48 34
54 51 35
50 50 40
36 51 42
29 50 44
32 49 46
40 48 42
62 52 30
58 54 35
54 36 32
44 47 36
28 54 45
24 53 48
31 54 45
52 48 37
62 49 31
53 49 32
48 48 35
32 51 39
21 53 44
26 53 43
46 49 37
62 50 28
51 53 31
46 52 33
29 52 38
21 55 44
27 56 42
48 51 35
61 52 30
56 56 30
52 48 31
36 50 36
29 52 41
22 52 44
26 54 41
49 49 33
63 51 27
57 47 28
50 51 32
32 55 37
18 53 44
23 52 46
41 49 37
63 54 26
58 53 26
46 52 30
30 52 38
19 48 46
26 52 42
50 51 32
63 52 22
63 43 24
46 52 36
31 51 42
19 48 45
27 53 40
49 49 31
63 54 23
61 46 27
46 51 33
32 51 40
23 52 41
27 56 39
44 51 34
61 50 26
58 45 27
51 50 31
40 50 35
26 54 40
25 57 41
30 51 39
51 49 31
63 50 24
61 44 26
46 55 31
39 54 32
20 55 38
20 50 42
29 55 39
52 51 31
63 53 22
59 48 23
45 52 31
26 55 38
19 49 42
23 53 43
39 53 38
62 43 26
63 61 29
54 54 34
37 43 39
27 43 43
22 43 42
33 49 42
58 50 34
62 63 35
54 55 34
38 41 38
23 45 41
21 50 44
31 44 40
52 57 33
59 63 33
50 45 31
35 35 38
29 45 37
29 59 40
40 62 39
46 60 36
46 56 33
41 47 27
38 41 26
40 51 31
40 58 33
45 59 35
44 52 34
42 45 30
41 37 30
41 42 28
44 42 29
46 60 30
43 62 38
39 54 37
43 48 34
41 35 34
40 47 37
40 57 35
46 63 38
44 44 34
41 49 30
38 33 31
40 50 34
40 51 33
45 63 38
47 58 40
41 47 37
40 40 38
38 33 36
42 45 35
41 59 33
49 62 36
47 46 36
44 38 38
40 30 37
43 45 36
40 51 34
43 63 35
45 59 39
42 48 40
39 42 38
35 41 38
38 44 38
40 62 37
43 63 43
40 52 41
38 39 37
33 32 37
37 47 36
40 61 33
47 63 41
46 62 39
39 41 37
36 44 38
34 38 39
34 52 37
39 61 35
45 63 37
42 47 35
39 43 34
35 36 33
38 51 31
40 55 32
43 62 29
46 59 32
42 38 29
41 42 35
38 50 31
38 51 30
41 63 28
43 58 29
42 49 30
40 42 31
37 38 31
39 49 29
41 63 30
45 62 32
40 51 32
36 40 29
41 44 25
46 44 24
45 51 30
45 62 31
45 62 32
43 50 28
40 42 27
38 43 31
42 49 32
44 59 33
50 63 33
46 50 29
42 36 28
40 34 32
39 51 31
39 61 32
48 63 34
46 52 33
42 39 31
40 35 32
40 44 32
40 63 32
45 63 32
46 54 36
41 39 33
40 31 32
40 51 33
41 63 33
45 60 34
42 51 33
35 36 33
34 48 33
35 56 33
37 58 37
45 58 37
48 50 38
46 54 40
46 54 38
40 48 36
36 43 39
36 44 39
39 47 39
45 48 38
49 51 40
51 49 38
52 35 40
44 57 40
37 52 43
27 48 46
23 47 45
28 49 41
58 45 28
63 61 26
53 54 32
36 48 39
18 48 46
19 52 45
32 50 40
49 47 32
63 58 22
60 51 28
42 52 37
20 51 45
17 54 41
30 53 38
61 48 25
63 52 21
58 46 30
34 54 39
16 51 44
17 51 43
33 48 36
63 47 23
63 63 22
59 50 31
29 49 40
11 49 44
17 50 44
41 47 34
63 54 23
63 59 25
52 52 35
25 53 40
09 48 46
19 53 40
46 48 30
63 57 22
62 55 24
45 55 33
11 51 41
04 50 46
25 46 43
61 49 26
63 62 26
59 45 28
33 53 32
12 52 43
13 45 45
38 51 41
63 41 33
63 58 31
61 54 37
34 44 39
14 46 47
17 48 48
42 44 38
63 58 31
62 60 34
45 44 40
20 44 44
15 50 45
28 46 43
61 49 33
63 62 30
57 55 36
31 44 39
12 45 49
17 50 46
38 43 40
63 55 34
62 62 36
51 51 40
29 49 43
13 45 44
21 50 43
35 48 38
62 50 28
63 62 29
57 48 34
34 53 40
09 52 46
12 47 42
34 51 38
63 48 24
63 62 29
55 49 39
35 51 43
15 48 44
15 51 39
29 50 35
62 46 25
63 63 25
60 53 32
46 52 36
21 51 44
11 50 45
22 46 41
46 60 36
63 46 33
62 61 38
49 46 39
29 47 44
18 44 41
22 48 43
42 44 39
63 58 38
59 57 41
46 48 41
27 40 36
21 42 37
26 49 38
38 62 40
49 63 37
47 59 35
40 50 37
34 41 33
35 45 34
40 48 33
45 62 35
49 62 32
44 50 30
37 40 28
35 30 31
38 43 35
40 59 34
49 63 36
49 47 36
45 43 36
40 30 35
41 48 34
42 61 34
49 63 36
49 47 37
45 44 36
41 29 34
42 44 35
42 45 33
45 63 33
53 59 34
48 43 36
42 21 41
37 32 36
42 60 34
50 63 34
50 50 39
43 46 38
40 33 37
35 35 37
39 53 35
48 63 36
49 46 35
43 39 37
41 32 36
41 46 38
43 57 33
49 63 30
49 51 34
44 38 35
42 34 38
42 43 39
42 63 35
49 63 33
49 51 34
42 28 36
39 45 38
41 57 35
47 63 34
47 52 33
42 32 37
40 33 36
41 44 38
42 62 34
48 63 34
47 50 36
39 35 38
40 34 38
42 48 36
47 63 35
52 62 33
47 55 33
42 43 36
40 30 40
36 38 38
36 58 36
45 63 36
51 54 36
46 50 38
41 35 39
39 28 40
40 42 42
43 63 38
50 63 36
47 53 37
39 46 38
38 30 37
38 37 42
40 49 38
46 63 40
50 57 37
47 54 35
39 33 38
37 27 39
39 41 42
42 62 38
51 63 38
50 50 39
45 55 38
40 37 37
40 35 41
39 40 42
40 44 40
47 63 39
51 60 38
46 53 38
41 35 41
37 27 41
40 39 44
41 52 41
48 63 33
50 61 36
46 48 38
44 45 38
39 34 38
39 41 37
42 44 36
44 61 36
49 62 35
45 46 36
40 39 37
38 33 40
41 49 45
41 56 39
47 63 38
48 52 41
45 51 37
44 36 36
39 35 38
35 55 42
47 58 41
47 60 42
44 44 37
42 34 37
39 31 40
39 44 42
44 60 44
51 63 48
46 44 40
40 35 38
36 27 38
40 43 43
41 56 48
50 63 52
47 47 40
40 41 39
36 25 39
38 42 45
40 50 46
47 63 51
49 59 42
44 38 39
39 34 40
37 31 39
37 41 43
42 55 45
49 63 46
47 57 41
42 38 38
41 40 42
40 30 43
42 44 41
44 61 38
50 63 39
47 47 40
44 38 42
38 26 44
40 39 42
37 62 38
51 63 37
49 48 36
45 35 39
41 30 41
41 41 41
39 54 38
46 63 38
51 55 37
45 42 37
42 31 39
41 39 40
39 48 40
45 62 41
52 57 37
46 43 37
40 30 39
39 39 42
40 48 40
48 63 41
52 52 36
44 40 41
40 20 41
37 45 38
42 63 39
49 63 37
49 52 39
42 30 40
38 30 44
38 44 39
47 63 37
50 58 35
45 49 37
37 41 39
39 37 42
40 49 44
45 60 45
46 57 48
42 47 42
39 52 42
38 44 41
42 46 40
45 50 40
48 44 39
49 53 42
54 50 41
51 45 42
47 48 43
37 44 44
30 43 42
27 49 43
34 47 45
55 41 41
63 56 40
58 50 44
47 46 42
29 42 42
22 43 42
29 52 43
51 44 41
63 53 34
60 54 36
48 46 39
30 46 43
22 42 45
28 49 44
43 47 42
62 49 34
63 60 36
56 47 37
34 50 41
18 46 46
27 53 48
38 50 48
55 47 42
63 44 31
62 46 29
48 48 34
18 54 44
05 41 48
25 50 45
54 43 39
63 51 30
59 57 39
45 44 42
30 46 46
17 45 46
25 50 47
44 36 42
62 41 40
63 53 49
55 41 51
39 38 48
25 36 47
25 41 48
36 40 48
62 36 41
63 57 51
52 40 48
39 37 45
20 34 46
24 42 54
35 41 53
62 36 45
62 60 51
55 38 48
44 37 45
25 36 50
25 46 48
27 43 46
49 41 44
63 53 40
62 55 44
49 42 44
29 44 46
15 43 48
25 53 45
29 50 46
56 43 40
63 49 32
61 57 42
46 44 44
26 46 43
14 41 47
26 52 47
46 42 43
63 41 31
63 60 37
54 38 43
35 47 48
17 47 49
26 53 50
35 47 47
61 42 37
63 57 35
60 49 43
43 44 41
24 50 47
14 43 47
26 54 46
46 45 43
63 41 35
63 59 40
57 40 42
34 48 44
16 52 49
22 52 48
33 46 43
61 40 35
63 56 37
60 49 41
45 43 43
26 43 48
15 48 44
26 54 40
44 45 36
62 53 32
57 56 37
46 47 42
30 50 44
24 48 44
18 50 39
25 53 39
44 47 41
62 50 36
56 59 40
47 47 40
32 53 44
17 49 43
22 62 40
30 52 38
46 46 35
61 54 35
52 57 38
37 49 40
25 59 42
19 50 40
25 42 39
39 32 43
61 30 49
59 42 55
50 34 55
36 38 57
21 38 51
25 39 49
36 36 48
62 36 47
54 41 57
45 33 53
31 36 53
19 34 50
28 40 52
36 34 50
60 33 52
62 44 55
52 39 53
36 38 48
25 40 50
27 44 49
37 35 49
56 37 47
60 59 46
55 46 50
46 45 49
27 43 46
18 45 45
28 45 43
45 37 40
60 42 37
52 46 47
41 37 51
25 48 48
29 49 46
39 44 45
60 38 42
57 50 49
52 43 55
32 49 51
19 43 45
27 44 46
49 39 45
63 42 33
60 45 41
45 38 48
25 46 51
22 45 47
27 42 46
57 40 42
63 45 38
57 43 48
41 42 52
22 45 55
26 48 49
38 42 42
62 40 33
61 49 41
50 37 51
28 47 54
19 43 50
29 45 48
53 39 44
63 46 37
54 44 46
36 36 47
19 44 48
17 44 47
28 47 43
47 41 42
61 46 36
52 45 45
32 42 44
17 48 40
25 52 34
33 49 40
38 52 43
38 60 45
37 55 42
37 51 40
36 54 37
34 56 37
33 53 36
31 55 36
28 56 37
28 56 37
27 56 37
26 56 36
26 56 34
27 55 35
25 56 34
25 56 35
25 55 36
23 54 36
24 54 35
23 54 35
23 51 36
23 52 35
24 51 34
24 51 34
25 51 34
24 51 33
24 51 33
24 52 35
26 52 34
25 53 34
26 52 35
25 54 36
24 53 36
24 53 36
23 52 35
25 53 36
25 52 34
25 53 35
26 51 33
25 51 35
25 52 35
24 53 34
24 52 35
25 53 35
24 51 35
25 52 34
24 52 34
25 53 34
25 52 34
24 51 34
25 52 34
24 52 34
25 51 34
25 51 34
25 53 34
25 53 34
26 53 35
24 52 35
26 51 34
24 53 35
25 51 34
25 51 34
25 51 33
27 52 34
26 51 34
27 52 34
27 51 34
26 53 34
26 53 34
24 54 33
24 54 35
23 52 34
24 53 34
25 52 34
26 53 34
26 53 33
27 52 33
30 52 31
31 52 31
33 52 29
33 52 30
30 52 33
28 51 32
23 54 31
21 52 34
18 52 35
19 53 35
21 56 34
19 53 30
22 56 32
25 49 33
26 53 31
26 54 30
25 51 28
24 52 30
24 52 31
22 50 32
25 52 31
24 52 31
25 53 30
25 51 33
25 50 31
26 52 30
26 50 28
24 54 30
24 51 34
24 52 31
26 54 30
26 52 28
24 52 30
24 49 32
26 53 31
26 52 29
26 51 29
23 52 32
23 52 32
22 53 30
20 52 28
21 55 32
20 53 32
22 54 32
23 54 32
25 52 33
24 51 33
25 51 32
26 51 32
27 49 33
28 50 33
27 49 33
25 51 33
26 50 32
26 52 33
27 52 33
26 51 33
26 50 33
26 52 33
25 52 34
25 53 33
27 51 34
25 55 34
25 56 33
26 53 35
26 55 35
26 56 35
26 57 35
27 53 36
27 55 35
28 54 35
29 52 37
28 53 36
29 53 37
30 54 35
31 55 36
33 55 37
34 55 37
35 46 37
37 49 37
33 55 38
31 49 40
25 56 44
23 52 41
31 52 39
44 51 36
61 57 33
50 52 36
39 52 42
19 50 46
15 49 43
27 53 41
33 46 39
56 43 31
56 60 37
51 46 39
33 49 39
17 51 47
24 58 48
32 51 45
51 40 37
60 52 35
49 47 39
35 48 38
18 54 45
18 50 45
26 52 46
42 44 41
61 48 35
52 56 41
46 41 42
29 50 44
24 44 48
28 51 50
37 38 49
56 46 39
57 53 45
50 38 47
34 40 47
22 40 47
27 47 46
37 42 43
60 48 42
52 56 46
42 48 44
25 44 44
25 47 41
28 49 42
40 56 39
47 63 37
43 60 39
39 49 38
37 44 31
37 49 32
36 52 36
38 56 34
43 63 36
37 55 31
31 38 30
30 39 32
38 52 34
45 63 34
45 54 34
38 47 30
32 34 27
32 45 30
39 55 34
43 63 34
45 54 33
38 52 30
32 31 31
32 44 31
38 57 29
45 63 31
45 53 33
40 43 32
35 39 32
36 50 35
39 60 31
46 63 31
44 55 30
37 43 35
32 26 36
33 49 38
41 63 32
48 63 30
44 55 35
37 36 34
33 31 36
35 46 36
41 63 32
47 62 33
42 49 35
35 38 34
35 44 37
36 47 37
37 63 34
45 62 32
43 61 36
37 43 34
39 35 34
38 35 36
38 50 35
41 63 33
43 60 35
40 52 34
38 40 35
35 35 37
34 48 35
43 63 35
48 59 34
40 51 36
37 32 34
36 35 36
38 49 34
41 63 38
47 62 35
39 48 34
37 41 37
37 36 36
39 46 37
39 58 32
46 63 33
44 50 32
39 47 34
35 36 35
40 44 38
34 60 30
43 63 37
42 55 38
37 50 37
36 43 35
35 49 34
38 55 36
45 63 36
43 55 37
36 40 36
32 31 35
35 39 35
38 60 36
50 63 39
42 55 39
35 39 37
34 32 35
36 46 38
39 46 39
43 63 38
46 62 39
40 49 36
33 33 34
36 30 36
36 48 38
43 63 36
49 61 38
42 54 38
35 29 34
34 41 36
38 46 38
40 63 35
47 61 34
45 53 36
37 33 36
37 46 37
35 51 35
42 63 37
46 58 35
43 49 36
36 35 35
38 44 36
39 56 34
47 63 35
46 59 36
38 34 34
37 32 39
36 42 35
41 63 36
49 62 33
45 53 36
37 34 34
36 47 37
37 48 35
41 63 35
47 60 33
42 48 36
34 33 38
37 44 40
35 56 35
45 63 35
45 62 36
42 53 36
38 39 37
34 31 36
38 48 33
45 63 33
46 62 37
40 48 36
36 36 36
36 35 39
40 41 41
38 63 35
45 63 39
43 60 37
35 38 35
31 26 37
33 50 38
35 61 32
39 63 40
41 56 40
35 47 37
35 48 38
35 52 38
42 49 37
42 52 39
41 56 39
40 46 34
38 51 38
43 56 40
49 48 40
45 58 46
44 49 44
35 42 45
31 51 46
28 47 45
31 52 46
34 50 44
54 42 40
59 46 40
45 54 45
36 46 43
23 50 45
22 48 44
31 50 43
36 48 42
62 45 32
56 63 36
48 47 39
23 54 45
11 43 46
25 54 45
46 48 39
63 50 28
57 62 31
48 47 42
24 51 44
13 48 48
26 56 45
34 49 42
62 46 31
62 62 31
53 43 36
28 48 42
15 50 42
21 57 49
35 54 44
59 45 33
62 63 33
53 49 40
32 46 44
18 48 45
24 50 47
34 41 44
55 43 42
58 54 47
48 41 47
40 38 45
24 41 44
27 44 42
34 45 46
48 55 44
53 63 47
45 47 43
37 51 40
36 30 34
33 57 38
37 58 39
44 63 39
49 62 36
45 44 36
36 35 36
33 43 39
36 55 35
43 63 32
44 49 32
36 37 31
34 31 34
33 43 38
36 63 34
46 63 31
39 59 30
31 33 32
32 35 32
34 51 28
38 63 29
45 56 31
38 43 30
29 35 31
28 44 29
31 59 26
31 63 25
33 57 28
34 51 30
32 57 29
33 57 32
33 57 29
34 54 31
30 54 31
31 55 29
31 50 28
30 51 30
31 56 29
30 53 28
28 53 29
26 54 29
25 56 28
26 53 29
26 53 29
25 55 30
25 52 29
25 52 31
25 52 30
26 53 30
25 52 31
24 52 31
26 54 30
26 53 32
26 51 33
27 53 32
26 53 32
27 53 33
28 52 33
25 52 33
25 52 35
26 51 34
26 52 33
25 52 32
23 53 34
25 53 36
26 53 32
25 52 32
24 53 32
24 54 34
25 52 37
26 51 33
28 52 28
29 53 30
24 50 32
25 56 38
24 51 39
26 51 35
29 51 28
27 52 29
26 52 31
23 53 37
24 51 39
26 52 34
26 51 29
29 54 30
25 51 32
25 55 39
25 52 39
27 53 32
28 50 29
26 50 29
25 53 31
24 53 34
24 52 35
24 53 30
22 52 28
23 53 31
24 53 30
23 53 30
25 54 34
27 51 32
26 52 32
27 54 33
28 52 32
30 52 33
29 52 32
28 53 32
27 52 31
28 53 33
27 52 32
26 52 31
26 51 31
26 52 31
26 52 31
26 53 31
26 52 31
27 52 32
28 53 32
27 53 32
30 53 32
29 52 31
30 51 31
29 52 32
30 51 32
27 53 31
26 52 32
27 54 32
25 54 33
26 51 31
25 55 30
26 53 34
26 53 35
27 54 34
29 52 30
27 51 30
28 53 33
27 51 35
27 53 33
28 52 31
26 53 33
27 53 35
26 53 32
26 54 32
28 52 34
28 51 32
27 53 32
27 52 31
28 54 33
26 51 35
27 53 33
29 52 29
26 53 31
27 52 34
28 52 33
28 55 31
26 53 31
25 52 33
27 51 32
29 52 29
27 51 31
24 54 33
24 53 36
25 51 33
26 52 32
26 53 33
28 53 31
26 56 32
26 53 34
27 52 34
27 54 33
26 53 32
26 52 33
26 52 32
26 52 33
27 52 33
26 52 33
26 52 33
26 53 33
28 53 33
25 52 34
26 51 34
25 51 34
26 52 34
26 53 33
26 52 33
26 52 34
26 52 33
26 52 34
26 53 33
25 52 33
25 52 35
25 54 34
26 52 35
26 51 33
26 52 34
25 52 34
25 52 34
25 51 34
26 51 34
26 51 34
25 54 33
26 52 34
26 52 34
26 52 34
26 53 33
25 53 33
26 53 33
25 54 33
25 52 33
26 52 34
26 53 33
27 52 34
27 54 33
27 53 34
26 53 33
26 53 33
27 52 33
26 53 32
28 52 32
31 53 31
31 52 30
32 51 32
29 52 32
27 54 32
25 54 33
25 52 35
24 52 35
24 55 35
24 56 36
23 55 35
25 53 34
28 53 34
30 53 34
28 52 34
27 53 32
29 54 36
29 51 34
28 53 32
29 53 31
27 51 31
27 53 36
27 53 35
27 53 33
29 54 31
29 51 32
28 54 35
29 53 35
29 53 34
29 54 30
28 53 33
27 54 37
28 51 37
29 53 32
30 54 30
28 53 31
26 54 35
27 53 38
28 53 32
32 55 29
28 50 31
25 54 38
25 53 37
28 52 37
32 55 31
32 52 30
29 53 33
27 54 34
28 52 37
29 53 32
29 54 30
26 51 32
25 55 35
27 55 39
28 53 37
30 54 32
29 55 31
27 54 35
26 54 38
25 54 35
26 52 34
26 52 34
26 52 34
27 53 33
27 52 35
27 52 35
27 52 35
29 52 34
29 52 35
28 52 36
29 53 36
28 53 36
27 55 37
27 54 36
27 51 37
27 51 37
25 52 38
26 51 36
27 50 37
26 52 36
26 50 37
26 52 36
26 51 35
25 51 36
27 53 37
26 52 36
25 53 36
26 52 35
27 53 36
26 53 36
28 53 37
26 55 35
25 54 37
27 53 37
26 53 36
25 52 37
26 52 37
25 53 36
27 54 36
28 53 37
28 52 36
29 55 34
29 52 34
28 47 33
31 41 33
30 40 36
27 60 46
19 54 49
09 62 27
23 63 38
26 49 40
30 39 34
30 37 33
32 42 35
30 37 41
20 55 46
03 63 27
11 63 41
23 50 41
36 33 30
39 44 37
31 29 40
25 45 44
08 60 38
02 63 40
19 55 45
24 50 41
37 30 30
40 38 37
32 41 43
15 49 50
00 56 26
03 63 42
17 47 44
29 37 33
41 23 29
37 44 40
28 42 50
10 53 40
00 63 29
15 57 44
22 43 42
33 36 30
43 30 30
35 38 42
24 48 53
04 54 29
00 63 40
16 50 46
27 39 37
38 29 33
36 40 38
29 42 45
13 49 48
00 49 24
11 63 44
18 46 43
23 48 36
25 48 37
25 44 39
23 47 37
21 47 37
23 48 37
21 49 38
23 50 38
24 48 39
24 52 41
27 49 40
27 49 40
29 49 40
29 52 40
28 52 40
28 52 41
29 53 39
28 51 38
27 49 38
25 52 41
24 49 40
22 49 41
22 48 40
20 48 42
18 45 42
18 47 43
17 48 41
17 44 42
18 47 42
17 43 41
16 41 43
17 40 43
18 41 43
16 42 46
16 44 43
18 41 43
16 42 43
15 46 42
14 46 42
15 48 40
19 50 40
20 48 40
28 46 39
26 45 41
28 43 41
28 44 43
29 42 45
27 40 45
21 37 45
19 36 46
17 38 46
15 39 44
14 39 44
12 40 44
11 41 45
15 62 61
15 39 43
19 41 38
17 39 39
15 42 40
16 42 39
15 44 41
13 40 39
16 42 39
14 43 41
14 41 40
14 41 38
15 41 38
14 43 40
16 43 38
15 42 40
15 41 40
15 42 39
15 42 39
14 41 40
14 42 39
14 41 39
14 40 39
13 43 38
14 41 38
14 41 39
17 41 38
16 42 39
16 40 39
15 40 38
15 41 38
15 40 38
15 41 38
14 41 39
14 40 39
14 41 38
13 40 38
13 41 37
14 39 38
14 39 36
15 40 38
14 40 39
13 40 37
14 39 38
13 40 39
14 40 38
14 40 37
13 40 37
14 39 39
13 40 39
14 40 38
14 39 39
14 40 39
14 40 39
14 39 40
13 39 38
15 41 39
14 40 39
15 39 39
14 39 39
14 41 39
15 40 38
14 39 38
13 39 39
13 39 39
13 40 38
14 40 39
15 40 40
14 40 39
15 40 39
15 39 39
14 40 39
14 41 39
