12 38 35
12 38 35
12 39 35
13 38 34
12 38 35
12 40 35
14 39 35
14 39 34
13 38 35
13 40 35
13 39 36
10 39 34
11 37 35
12 39 35
12 37 33
11 37 33
12 35 33
12 34 33
12 36 33
11 37 34
12 36 34
13 37 34
11 38 35
13 38 34
13 37 34
12 38 35
12 37 35
12 38 36
11 38 34
13 38 35
13 38 35
12 38 34
13 37 35
14 39 34
13 38 34
13 37 35
13 38 35
13 38 35
11 38 35
11 37 35
11 38 35
11 38 35
11 35 35
09 37 35
12 37 34
10 36 35
10 39 35
11 41 38
11 43 38
13 43 41
15 45 40
15 48 40
17 49 40
19 51 38
18 49 37
20 51 36
20 50 36
22 51 36
22 53 35
24 52 34
24 51 33
25 52 34
26 50 35
27 49 36
26 49 37
25 48 39
24 47 41
22 45 43
24 44 43
23 44 42
20 41 44
18 41 45
17 41 46
14 40 45
16 40 45
15 39 45
14 40 45
17 42 48
18 41 47
19 42 47
22 41 49
22 40 48
19 39 46
20 42 46
20 42 48
20 42 47
20 40 48
20 38 48
21 39 47
22 38 49
20 40 46
19 40 46
17 42 47
17 39 48
17 42 48
16 43 46
16 41 45
18 44 47
16 46 45
17 44 47
19 52 45
21 52 40
25 50 44
29 48 42
30 46 39
34 49 41
37 47 44
39 48 40
39 45 50
32 44 48
34 41 46
33 45 47
25 46 50
21 49 45
23 58 40
29 54 39
03 48 48
24 61 49
27 50 40
23 41 43
25 49 46
23 46 42
22 44 47
21 43 49
23 46 47
21 50 46
24 49 42
26 47 43
28 48 42
27 50 39
31 51 39
30 51 38
28 52 38
28 52 38
25 52 42
25 49 43
25 47 44
25 50 43
27 51 43
26 50 43
23 49 44
22 44 46
20 36 46
24 46 52
25 40 46
24 43 49
21 49 47
21 48 45
24 47 47
23 48 44
21 48 42
20 49 45
18 48 47
14 49 46
16 49 45
19 47 45
22 46 42
24 45 41
25 49 42
27 50 39
29 50 39
27 46 41
26 50 41
25 49 46
25 48 48
26 49 48
25 47 50
26 49 50
28 47 48
28 48 47
30 46 50
30 46 48
31 47 46
30 48 47
29 44 43
27 46 46
27 47 43
30 49 42
33 46 40
36 52 40
37 53 40
36 51 41
37 52 37
35 54 37
36 54 36
35 55 38
36 53 38
36 54 37
35 56 35
36 53 33
35 54 33
37 54 35
36 51 31
37 53 33
35 53 35
37 53 36
37 50 37
36 53 39
35 52 40
36 52 41
36 48 40
35 50 47
37 48 47
36 48 46
37 47 46
36 46 45
37 45 46
37 45 45
36 46 46
37 45 46
36 48 49
35 45 47
36 45 49
36 44 48
35 44 49
37 45 49
36 43 49
35 44 49
36 45 49
35 45 50
36 44 48
36 45 49
35 44 48
35 43 49
36 44 49
35 44 49
35 43 49
33 43 49
35 42 49
34 44 50
35 43 50
35 43 50
35 44 50
35 44 50
35 42 50
34 43 49
34 43 49
34 43 50
34 44 51
34 42 50
34 43 51
35 42 51
35 43 50
34 44 51
34 42 49
33 43 50
34 43 51
33 42 50
34 43 50
34 42 51
34 43 50
33 43 51
33 42 50
33 43 50
33 43 50
33 42 49
33 42 51
33 43 50
33 41 48
32 41 51
34 46 50
36 47 49
35 46 47
35 49 46
36 50 42
35 51 42
35 50 42
36 49 42
34 49 42
35 51 42
33 52 45
35 51 42
35 52 40
34 52 43
35 50 41
34 50 39
36 48 40
35 51 42
36 51 41
35 55 40
34 52 41
34 54 41
34 52 41
34 50 40
32 48 39
33 52 39
34 52 41
33 51 40
35 53 41
34 52 41
33 52 39
33 51 39
34 52 40
35 51 38
34 54 39
34 52 40
34 51 40
35 52 39
35 53 39
35 52 41
35 51 41
35 51 41
35 52 39
34 52 39
35 53 39
35 50 38
34 52 39
35 53 41
35 53 41
34 52 39
34 49 38
37 54 40
36 51 39
36 55 37
34 53 38
34 52 36
34 55 37
34 53 38
34 56 36
33 46 35
36 53 36
35 59 32
35 52 37
36 53 35
36 52 36
34 52 36
35 53 38
36 51 39
35 52 43
35 49 43
36 49 45
35 48 45
35 49 45
36 48 47
36 48 46
36 47 46
36 46 47
36 45 46
36 44 49
35 44 48
35 45 48
35 45 48
37 45 48
35 46 49
35 47 48
34 45 48
36 44 49
35 43 49
35 45 49
35 44 48
37 44 50
36 44 49
36 46 49
35 45 48
36 44 49
34 44 49
35 44 50
36 43 49
35 44 50
36 44 50
35 44 49
34 44 49
35 44 49
35 44 50
34 43 50
35 44 49
35 44 51
35 44 50
34 44 50
34 42 49
35 42 48
35 44 50
35 42 49
35 43 48
36 44 50
35 45 50
35 42 48
36 43 49
35 42 52
33 38 45
32 42 50
32 47 53
31 53 49
33 54 44
33 51 42
35 48 41
35 54 40
34 50 41
33 51 39
36 52 38
34 53 37
32 53 40
35 52 36
33 53 37
33 52 38
34 52 38
33 53 39
31 52 43
31 50 38
30 54 41
29 55 41
28 53 41
28 54 42
29 54 43
30 53 43
31 52 42
32 49 43
33 49 44
32 49 45
31 47 46
32 47 48
30 45 49
29 45 49
27 40 50
27 41 50
26 38 50
25 38 50
25 36 48
23 37 48
22 36 51
23 37 48
22 36 50
22 34 50
24 34 51
23 32 50
18 36 48
21 32 53
25 33 54
25 35 49
24 33 48
24 35 52
24 34 51
24 35 51
23 35 51
23 34 52
22 35 51
23 33 53
24 34 50
23 32 48
24 34 51
22 34 51
24 33 51
23 32 51
23 33 49
24 32 49
24 34 52
23 32 50
23 33 51
24 33 50
22 33 51
24 32 51
23 33 49
23 34 51
23 33 50
25 33 51
22 32 49
22 31 49
23 35 52
22 35 53
22 38 51
19 40 52
18 35 51
19 37 50
21 38 51
22 39 50
24 40 47
27 43 48
30 46 46
32 44 43
35 46 41
37 46 42
37 48 43
36 50 40
33 53 42
33 57 40
31 57 37
31 55 37
30 54 36
29 54 36
29 53 33
30 52 33
29 54 32
29 51 31
30 54 30
29 54 28
31 54 26
28 52 27
28 49 27
30 53 26
30 52 27
30 53 27
29 55 27
28 53 25
28 50 28
28 51 26
27 50 26
25 51 25
26 52 23
28 51 25
29 53 26
28 51 28
28 53 28
26 53 29
26 53 31
27 53 31
26 51 31
25 53 32
26 53 30
25 52 31
25 54 32
26 55 32
25 54 31
26 53 33
24 52 31
25 54 32
25 51 31
26 51 32
26 51 34
28 52 36
28 53 36
27 51 35
25 51 32
24 54 33
23 51 31
23 51 31
22 52 32
23 53 32
24 53 32
25 52 33
26 52 34
27 52 34
28 52 35
26 51 33
27 53 33
24 52 34
25 53 34
25 53 33
25 52 33
26 51 33
25 51 34
26 51 33
26 53 34
27 52 34
27 52 34
25 52 34
27 51 35
27 53 34
26 52 34
26 52 36
26 51 35
28 52 35
29 52 35
27 53 35
27 55 35
27 53 34
26 50 34
26 50 35
26 50 33
26 51 34
26 53 36
26 54 35
25 53 36
23 52 35
23 53 36
22 52 36
23 52 37
24 49 39
25 52 39
26 55 39
28 55 40
27 53 40
28 55 40
27 52 38
27 52 40
27 53 39
28 51 39
29 52 37
29 52 37
29 53 35
30 60 34
30 42 36
29 34 39
31 40 41
33 49 34
32 63 26
30 63 23
27 32 29
24 28 38
30 54 44
33 60 32
37 63 18
32 51 25
30 36 35
28 39 42
32 51 40
31 63 21
32 61 20
32 35 27
27 25 42
29 51 41
29 61 25
36 63 12
28 50 23
29 32 32
26 34 42
29 58 31
33 63 16
30 58 17
29 43 26
26 19 42
28 45 40
27 62 20
31 63 12
29 46 23
24 25 34
26 08 42
27 54 40
27 62 28
37 63 15
30 57 19
28 38 33
26 25 42
29 49 37
31 63 20
36 62 19
28 33 30
25 25 39
27 50 38
26 62 24
33 63 15
32 51 24
30 42 34
27 36 42
27 49 37
29 63 19
38 59 15
30 37 24
23 29 37
23 52 41
30 62 27
36 63 16
33 50 23
25 37 35
23 48 43
24 59 37
33 63 18
36 63 12
32 37 27
28 31 42
26 53 48
26 62 27
37 63 12
31 46 24
26 33 37
25 49 43
28 61 29
35 63 16
32 54 22
26 31 33
24 50 42
26 55 36
33 63 20
35 63 15
31 56 24
28 40 33
26 45 45
26 52 35
38 63 15
39 60 19
29 46 31
29 34 46
27 45 41
34 63 22
40 62 18
30 37 27
28 30 39
28 49 39
34 63 24
39 63 21
31 38 28
29 27 38
31 51 35
34 63 22
36 62 23
30 33 27
27 30 36
29 52 35
33 63 24
39 62 25
32 41 29
28 25 39
29 48 39
29 63 25
35 63 20
35 49 25
30 40 33
27 25 42
30 51 33
37 63 16
31 60 27
28 36 32
27 23 43
29 50 38
28 63 23
34 63 20
30 45 26
30 31 36
25 38 40
26 62 31
28 63 21
35 63 15
32 49 23
28 28 36
26 42 42
25 58 31
35 63 16
36 61 19
31 39 30
30 30 39
28 51 37
31 63 19
38 58 17
32 37 29
29 24 40
28 48 35
31 63 18
38 53 18
30 35 32
28 36 39
28 54 27
35 63 17
34 55 20
29 35 33
29 45 40
29 60 28
34 63 16
34 51 21
26 33 37
21 52 39
21 63 37
29 63 29
35 62 31
33 54 25
33 61 28
30 53 23
26 41 27
14 34 30
16 41 19
19 49 32
20 52 39
30 48 41
36 52 40
41 53 36
23 50 39
09 54 39
05 47 40
16 61 31
27 45 31
49 59 31
41 50 37
27 50 34
11 51 33
00 40 35
12 48 34
28 44 36
46 62 33
42 52 32
29 58 37
10 58 36
00 42 34
11 63 37
24 35 40
48 63 31
46 51 33
33 51 36
11 54 36
00 52 34
06 61 32
16 46 36
42 61 38
46 62 33
38 50 39
17 51 40
00 46 42
02 55 37
12 50 35
39 61 37
50 63 34
40 48 38
21 47 40
00 48 39
05 49 34
13 48 41
37 61 36
52 62 31
41 50 38
21 45 39
00 48 37
05 52 35
15 56 40
22 52 43
44 62 36
48 60 33
39 50 33
17 51 35
00 48 37
05 55 36
21 50 40
38 52 41
53 62 31
43 50 37
22 44 38
00 51 37
02 51 34
15 49 40
39 47 37
53 63 29
41 51 38
23 49 40
00 46 40
07 53 33
22 46 37
32 47 37
53 63 32
45 48 37
21 40 44
02 50 37
05 46 30
15 42 34
41 59 35
47 61 36
38 55 42
20 49 38
00 49 35
10 54 33
17 49 39
39 48 37
52 63 32
39 55 41
19 45 36
00 34 39
14 61 33
25 53 35
37 47 31
41 63 36
38 63 42
23 45 39
11 32 40
16 45 44
28 55 33
42 63 30
27 47 37
13 45 35
17 51 35
33 47 28
41 62 26
25 49 36
06 46 46
12 54 40
30 47 29
48 60 25
28 59 37
08 40 41
17 48 32
24 48 27
25 43 25
26 61 31
29 60 33
28 58 33
25 55 35
25 49 36
25 49 33
23 56 30
21 54 33
22 50 29
23 54 32
23 53 30
21 52 31
22 51 28
23 52 29
24 49 29
24 49 31
26 51 33
24 49 31
25 49 33
25 55 34
23 50 34
22 50 34
21 51 34
22 53 34
21 49 34
22 50 34
24 52 35
23 51 34
26 50 36
25 51 35
27 50 34
28 52 34
28 50 34
26 52 36
26 53 36
23 51 37
22 49 39
22 51 41
24 53 40
22 56 40
25 51 39
24 54 36
26 52 38
28 51 36
27 51 35
27 52 37
25 54 37
26 52 35
25 48 39
25 52 35
26 53 37
27 55 36
27 52 37
27 52 36
26 53 37
25 54 35
25 53 35
27 50 37
25 52 36
24 54 35
27 49 35
27 53 36
26 54 33
27 50 33
27 54 34
27 53 32
27 52 34
27 53 33
27 50 33
26 52 33
27 54 34
26 52 33
25 52 33
27 53 34
26 52 34
26 53 33
25 54 31
24 50 32
24 53 34
25 53 31
22 54 33
22 51 33
21 56 33
21 52 33
21 54 35
22 56 35
24 51 35
25 48 37
23 51 38
23 49 39
23 46 39
25 47 37
27 53 38
26 48 38
26 49 37
24 50 38
24 50 39
22 50 38
21 49 40
20 51 40
19 49 39
21 50 39
21 51 41
22 50 39
22 50 40
23 50 39
22 49 40
21 49 40
22 49 40
21 49 40
21 50 41
23 50 39
24 54 41
24 50 40
25 51 40
25 54 41
25 49 41
25 49 40
27 51 40
28 52 39
28 53 37
29 51 35
30 48 38
21 20 31
31 59 42
28 58 38
34 59 34
32 57 37
29 44 40
28 37 45
31 45 43
30 57 29
32 63 22
28 57 26
27 45 36
20 32 46
27 49 46
31 63 25
34 63 20
26 36 27
22 23 40
20 52 42
26 62 31
32 63 21
31 57 23
28 42 35
22 21 44
25 51 41
27 63 23
33 62 23
28 39 29
24 14 38
22 52 41
24 62 28
32 63 23
30 53 27
27 41 37
24 30 41
22 60 32
26 63 20
32 56 26
28 46 36
28 20 43
26 49 43
28 61 33
35 63 27
29 45 31
25 30 38
26 33 42
28 54 37
30 63 24
33 51 30
25 34 37
25 28 44
28 45 44
28 63 27
35 63 28
25 32 36
26 31 44
23 46 38
28 63 27
33 62 31
27 35 37
24 29 44
24 49 41
30 63 25
35 59 27
27 35 36
26 34 43
26 50 39
33 63 27
36 62 29
25 44 36
22 28 45
25 51 42
31 63 27
32 63 28
28 63 33
23 35 39
25 41 41
35 63 29
36 56 30
27 35 39
29 52 40
30 63 28
31 62 22
24 37 30
22 26 43
27 52 42
32 63 26
36 63 23
34 57 28
25 28 38
26 34 42
27 53 37
32 63 25
32 62 25
27 45 35
22 11 42
25 57 41
28 62 27
33 63 27
27 46 30
26 28 39
23 46 38
26 57 30
31 63 24
32 60 26
29 38 38
23 18 41
25 54 44
27 63 21
34 62 29
29 36 28
28 31 36
27 53 39
27 63 26
31 61 28
26 35 29
23 30 34
23 54 39
26 63 28
32 63 23
28 39 25
21 31 29
23 62 42
28 58 35
34 63 26
33 60 26
31 42 30
24 22 42
24 52 43
32 63 26
36 63 31
29 31 32
24 31 35
24 59 37
27 53 27
33 63 30
25 48 29
29 38 31
24 45 35
25 55 29
32 63 27
30 53 30
28 37 31
27 31 36
25 43 35
32 63 23
35 62 26
27 29 30
24 16 38
22 51 40
31 61 21
36 60 24
28 40 31
25 35 37
25 52 39
30 63 27
31 62 28
28 29 28
26 23 34
24 53 35
29 62 28
31 63 25
26 47 28
25 17 35
22 60 37
26 56 24
31 63 24
29 45 27
25 35 31
24 47 35
26 51 31
30 63 24
30 55 27
25 42 32
24 31 37
27 57 41
26 63 30
34 63 28
29 40 31
25 14 35
22 62 38
25 55 41
28 63 29
31 62 29
27 40 33
25 18 38
23 60 39
28 62 25
32 63 27
27 38 31
24 12 35
22 60 39
27 62 26
30 63 27
25 43 33
24 26 35
22 62 39
27 63 27
29 63 26
26 45 34
23 25 35
25 59 36
28 63 26
32 62 29
26 41 35
25 17 39
26 57 40
28 63 28
30 63 28
28 46 30
23 24 36
22 59 41
27 63 28
30 63 28
26 43 34
25 32 38
27 52 35
30 63 32
28 60 34
28 31 29
26 27 34
26 56 37
25 63 32
25 57 30
23 45 33
24 37 37
24 54 38
26 57 32
32 62 32
33 56 35
29 52 35
26 46 31
20 48 34
24 49 29
19 55 35
24 48 38
31 49 34
36 52 29
41 63 32
35 59 33
23 52 33
03 25 29
11 63 34
17 54 33
26 61 28
42 55 28
42 58 33
36 55 29
20 60 32
01 45 37
12 45 35
21 56 29
36 53 29
60 63 22
30 45 38
09 40 40
18 57 31
26 41 22
23 38 27
20 40 29
24 61 29
31 63 35
29 57 39
27 54 35
25 50 31
23 51 35
22 51 37
24 51 31
25 51 29
26 51 32
28 50 30
24 52 31
25 53 32
25 54 32
23 54 33
26 50 34
25 54 38
26 58 36
24 52 34
26 50 36
25 54 37
26 51 38
27 54 33
26 54 33
27 52 35
27 53 35
26 51 34
27 54 35
29 51 36
27 49 35
27 54 34
27 55 36
28 53 35
29 51 34
28 54 35
28 54 35
29 52 33
29 55 34
25 52 34
24 54 33
24 51 35
23 52 36
21 51 36
21 55 36
23 53 38
23 51 38
24 50 37
25 52 38
26 52 38
25 53 37
27 50 39
30 49 40
30 51 39
28 50 37
28 50 39
27 49 38
24 51 36
22 51 37
24 49 39
22 51 38
21 48 38
21 49 40
23 51 40
22 51 40
22 50 41
23 52 43
23 54 41
24 52 42
24 51 42
24 53 39
25 48 43
26 50 42
26 48 41
27 48 42
29 44 40
29 48 38
36 46 42
33 47 37
29 49 38
20 48 39
00 32 46
13 58 48
25 53 38
44 55 34
57 63 33
41 57 40
21 50 41
00 44 49
12 57 40
23 53 36
45 59 34
54 62 32
36 51 42
17 51 42
00 46 47
10 57 39
30 48 36
48 62 33
49 44 32
29 54 39
02 52 50
08 52 43
14 57 39
31 44 35
55 63 25
44 51 33
23 50 43
00 50 49
11 56 37
31 45 34
55 62 26
51 46 31
32 47 41
01 52 50
05 50 40
23 52 33
48 53 30
50 63 28
36 53 38
14 55 45
01 48 46
15 54 35
32 46 34
50 62 26
44 50 34
27 48 44
07 51 46
08 48 38
24 49 32
39 49 31
52 63 30
35 55 39
17 53 45
00 47 45
11 54 37
28 46 35
55 62 28
49 50 33
26 45 43
04 55 44
07 52 38
21 50 35
48 56 31
46 62 30
24 51 45
03 46 49
08 56 40
25 46 33
50 47 18
42 55 27
15 52 49
06 52 51
20 48 35
44 53 21
45 55 26
21 49 46
06 50 51
15 52 40
40 52 28
50 61 21
30 57 36
03 49 51
11 58 43
31 54 29
55 55 19
42 54 29
10 48 50
08 51 46
26 47 34
48 51 23
39 57 29
19 53 46
10 48 49
21 56 38
47 49 26
41 48 31
25 57 47
09 49 51
19 52 42
34 50 34
50 54 27
33 60 43
08 50 52
20 53 46
25 58 42
43 50 34
39 48 40
27 54 46
21 43 48
23 49 45
30 48 42
39 46 37
41 40 35
34 50 45
19 48 56
17 47 49
30 48 40
43 46 39
37 50 44
28 49 55
16 43 53
25 49 43
33 45 43
41 47 43
35 49 47
23 50 52
17 44 48
25 48 41
27 51 42
42 47 43
42 46 46
32 54 50
17 45 47
17 45 38
21 44 43
28 42 48
45 58 39
42 55 36
25 46 43
15 55 42
06 48 46
14 45 42
24 55 36
38 58 31
41 63 32
27 52 46
20 40 46
20 37 51
22 56 45
33 57 30
34 62 30
27 44 29
20 51 41
20 55 45
24 49 37
30 59 19
32 63 21
27 53 26
20 50 39
21 51 48
24 52 37
31 62 16
27 59 23
24 51 26
24 44 39
21 40 44
30 63 18
37 63 24
28 51 30
26 48 31
20 41 41
22 52 36
29 63 17
36 63 18
30 56 29
24 49 31
20 37 38
22 44 35
30 62 20
34 63 21
27 57 30
28 46 32
20 41 42
23 49 33
30 62 15
39 63 13
26 56 27
18 60 39
19 41 48
32 47 33
36 57 12
38 54 16
26 32 26
22 38 39
22 52 38
27 63 21
40 63 16
27 58 28
25 49 35
25 46 40
27 53 31
35 62 20
36 55 18
29 36 28
21 47 37
23 52 38
33 62 22
37 62 20
29 43 26
23 38 37
22 49 36
31 62 19
35 62 16
26 44 25
22 46 37
22 46 40
30 63 20
36 63 21
25 52 29
22 45 36
24 49 33
33 62 25
34 63 21
25 53 32
26 42 36
24 46 32
32 59 25
28 63 20
20 59 32
22 32 38
26 45 30
32 62 22
22 47 26
19 43 28
18 48 30
19 61 23
22 63 18
27 58 25
28 55 29
31 53 29
29 48 31
28 49 31
26 48 33
25 49 31
24 52 34
22 48 33
21 53 33
22 54 32
23 54 33
23 53 33
24 53 34
24 51 33
25 52 31
26 48 32
26 52 34
28 49 34
29 49 33
28 49 33
29 50 32
25 57 35
24 51 37
24 51 37
24 53 35
24 55 38
24 53 38
22 54 36
25 53 36
26 55 36
24 54 34
25 53 34
26 53 36
28 51 37
27 52 34
29 53 36
29 51 37
28 53 34
27 51 37
26 53 36
23 53 33
22 52 34
20 51 37
23 54 37
24 51 37
22 49 37
25 52 41
25 53 40
24 52 40
26 54 40
25 50 37
25 50 38
25 48 38
25 50 39
25 49 38
24 50 38
24 49 37
24 51 38
24 51 38
23 48 36
23 48 38
22 56 39
22 51 37
23 47 37
22 50 36
22 53 37
23 50 37
22 50 34
22 53 36
24 50 37
24 51 35
23 52 37
23 51 36
24 51 37
21 52 36
23 51 35
23 50 37
24 53 35
22 51 34
22 53 37
24 50 37
22 51 38
23 51 37
23 52 39
23 52 38
23 51 36
23 51 41
25 55 39
26 51 35
26 51 38
28 52 39
29 52 38
29 53 37
30 59 34
30 59 33
27 42 36
28 38 38
29 34 43
29 45 43
34 55 31
33 63 21
32 54 27
27 34 36
23 44 48
29 55 41
39 63 24
39 63 21
25 30 35
24 27 43
28 54 42
38 63 21
43 60 24
26 30 33
23 32 41
26 55 36
38 63 18
38 60 26
26 28 39
20 25 42
28 58 26
39 63 13
36 54 26
26 30 40
22 47 43
29 61 27
36 63 17
31 50 24
25 28 39
24 52 38
28 62 26
37 63 19
31 55 31
22 18 43
24 53 39
33 63 20
38 62 19
28 37 34
24 28 44
30 54 39
34 63 22
40 62 24
27 38 35
21 17 44
23 57 38
27 62 30
36 63 18
35 52 24
29 39 33
23 26 41
27 52 40
34 62 22
38 63 21
27 42 27
24 27 36
25 54 36
30 61 28
36 63 20
33 53 27
27 29 35
23 32 37
28 54 36
31 60 19
37 63 20
28 41 25
28 32 40
25 45 45
27 59 29
39 63 14
37 53 24
25 32 32
27 45 41
26 52 36
37 63 19
39 61 25
25 28 33
25 35 37
29 55 34
39 63 22
41 59 27
30 35 36
27 34 42
27 57 33
39 63 19
38 58 24
27 32 36
24 36 39
30 57 31
38 63 17
38 62 25
25 32 37
26 31 40
28 53 38
35 63 19
41 60 17
29 36 29
23 30 40
29 52 38
34 63 19
44 61 17
30 35 27
24 29 39
28 51 41
34 63 17
41 63 15
29 36 30
23 24 40
26 56 37
37 63 18
44 62 17
29 38 28
24 30 41
27 51 37
34 62 18
44 62 19
30 37 29
24 26 41
27 54 37
32 62 22
42 63 18
30 42 29
23 28 38
26 56 40
34 63 19
41 63 18
32 44 29
25 26 40
30 56 40
33 62 24
36 63 22
31 55 30
26 30 35
26 50 34
31 63 27
34 63 23
35 51 27
29 36 36
23 27 38
34 54 40
35 63 26
39 63 27
25 35 34
24 24 41
27 59 39
29 63 27
34 59 31
22 38 37
25 41 40
22 55 38
33 63 33
42 63 36
33 41 33
35 58 33
31 52 29
25 48 28
11 36 38
11 47 32
17 55 41
26 54 33
54 63 27
51 54 28
37 45 37
15 54 38
00 45 40
10 53 35
25 56 31
57 59 24
50 49 33
24 52 40
03 40 46
13 50 38
30 58 31
56 63 17
36 46 38
13 36 41
16 48 36
25 53 30
20 39 32
20 44 32
27 59 37
31 61 42
30 57 38
27 52 37
26 49 39
24 46 39
22 50 38
21 52 39
19 50 38
21 52 37
21 51 38
22 50 40
23 51 39
22 49 40
22 48 41
22 51 41
24 50 39
23 50 40
23 50 39
22 51 40
22 49 41
23 48 39
21 51 41
22 50 41
23 50 41
25 48 40
26 48 40
24 50 41
23 50 41
24 50 41
23 50 44
22 51 42
23 52 43
22 50 43
23 56 42
26 52 42
26 48 42
29 46 41
30 49 37
34 51 40
35 54 37
35 49 36
26 54 37
11 50 40
05 45 43
09 49 43
18 62 36
41 53 35
61 63 24
51 42 29
29 53 38
00 55 50
08 54 48
22 55 41
44 48 39
62 63 25
47 41 33
28 45 36
00 54 42
06 48 40
19 53 37
43 57 35
60 63 26
45 46 34
21 49 40
00 50 44
08 58 39
21 54 40
41 52 37
58 63 25
47 43 32
27 43 37
04 56 45
02 51 46
14 46 37
40 44 36
59 63 27
46 46 35
35 43 35
07 51 43
03 48 39
13 45 37
29 48 37
53 63 29
47 56 33
31 46 42
11 55 43
04 50 37
12 48 37
39 51 31
50 62 30
47 53 37
31 47 45
10 51 42
11 55 37
21 53 38
48 47 30
47 59 34
31 58 40
17 46 39
07 48 37
16 56 36
33 54 37
52 58 30
45 56 34
28 50 38
06 55 38
04 44 40
14 58 39
24 58 40
47 60 32
50 58 28
41 45 34
20 57 36
00 36 42
12 61 28
21 63 36
42 58 35
56 63 28
44 47 35
29 53 34
03 49 42
08 52 32
21 47 34
31 57 39
50 61 33
50 57 31
34 48 36
20 49 37
00 40 40
10 58 33
21 61 32
40 59 34
55 63 33
44 49 39
24 48 37
05 49 39
06 46 39
17 55 38
26 47 37
49 61 28
44 59 31
29 53 42
08 46 48
12 55 37
30 55 35
52 50 22
39 51 32
16 48 44
10 50 40
23 55 37
49 50 28
45 58 33
26 55 42
04 46 44
16 53 38
37 53 30
53 60 24
39 49 35
17 49 47
08 49 42
20 56 35
43 46 27
44 62 28
33 54 36
09 48 47
14 54 37
29 53 31
51 60 24
40 57 33
17 49 39
04 45 41
22 50 34
45 50 31
47 62 36
34 51 38
13 46 39
13 43 30
23 49 30
28 52 30
42 46 29
38 62 35
43 57 31
37 62 31
37 63 33
32 55 28
22 42 33
19 32 36
31 54 32
34 56 25
35 63 13
34 58 19
27 32 29
27 40 40
32 53 35
38 63 19
42 63 20
29 32 29
23 30 37
25 52 36
32 63 16
40 62 21
29 40 30
27 33 43
27 51 37
32 62 20
37 63 16
32 50 30
26 27 40
31 56 38
32 62 19
36 63 14
27 47 24
23 23 40
23 54 40
30 61 31
34 63 13
35 54 19
28 36 33
25 33 40
32 60 36
33 63 17
40 63 19
31 43 31
22 10 45
25 57 44
32 63 22
34 62 21
25 41 34
21 38 40
21 52 39
27 63 33
32 62 31
41 62 32
39 55 26
31 48 24
29 54 30
08 39 36
14 44 36
20 53 38
28 52 37
56 61 27
53 58 29
25 46 41
04 42 43
11 50 42
39 56 29
41 63 24
21 43 34
20 39 38
21 50 34
21 46 34
21 60 35
25 57 33
27 59 36
27 55 38
26 53 37
27 51 36
24 50 37
23 48 36
24 50 38
22 50 36
21 48 35
21 46 37
22 49 38
22 51 38
20 51 36
21 50 36
20 49 36
19 51 35
19 49 36
19 49 36
20 50 36
19 51 35
21 50 36
20 50 35
21 49 35
20 48 35
21 49 35
20 50 35
20 49 35
22 49 35
21 50 34
21 50 35
23 50 35
21 49 35
21 49 35
20 49 35
20 50 34
21 50 35
22 50 35
22 50 35
21 52 35
20 51 34
21 50 35
21 51 34
23 52 36
24 51 36
25 51 37
23 52 35
23 52 35
22 52 35
21 52 34
21 51 35
22 51 35
22 50 36
22 51 36
24 50 37
24 51 38
25 51 37
25 51 37
24 50 40
24 51 41
23 52 39
25 48 41
22 51 43
22 53 41
22 51 41
24 50 43
24 51 41
24 54 41
25 48 43
26 50 41
28 51 41
28 50 43
30 47 41
33 52 39
36 49 36
35 47 35
32 53 34
12 51 40
00 27 39
14 63 43
21 44 40
48 57 33
60 63 28
42 47 40
17 52 41
00 44 50
09 50 39
19 59 37
45 62 33
54 61 27
43 46 35
21 54 34
00 44 49
10 63 36
20 62 35
49 59 31
58 63 26
43 44 34
18 55 41
00 46 50
12 60 35
22 52 37
48 59 31
57 63 24
43 43 37
22 55 40
00 47 44
12 48 34
34 51 29
55 63 24
46 54 30
26 51 38
06 50 39
11 46 30
17 51 32
34 43 30
42 52 28
39 57 30
47 62 30
41 62 34
30 63 35
29 58 30
22 34 36
22 42 37
29 57 29
36 63 05
41 62 19
32 42 29
26 23 44
27 55 42
34 63 18
38 63 16
30 41 30
25 35 41
29 51 39
39 63 17
37 57 21
20 38 30
18 29 39
24 55 43
17 50 33
24 61 28
31 63 29
33 60 29
32 51 33
31 53 31
31 51 30
32 49 32
33 52 34
35 56 37
36 53 39
35 54 39
32 55 38
30 49 36
28 56 36
27 56 36
25 54 35
25 52 35
24 50 35
27 53 36
29 54 37
32 54 38
33 51 37
35 52 36
32 54 38
34 53 38
32 51 38
33 54 38
35 55 37
34 53 36
35 51 38
34 55 37
34 54 35
32 51 36
33 52 36
33 51 34
29 51 35
31 52 35
33 53 39
37 57 38
35 50 34
32 51 38
28 52 38
29 56 36
27 54 33
29 54 33
30 54 34
30 54 34
29 53 34
32 52 33
30 52 35
31 52 36
31 54 35
31 53 36
31 51 36
30 53 34
30 52 33
29 52 34
28 54 33
27 53 33
26 56 33
28 54 32
28 53 34
25 54 32
25 53 33
24 54 32
25 53 30
24 53 31
25 52 32
26 52 32
26 52 32
27 52 31
25 53 35
26 52 36
27 50 35
27 54 36
27 52 39
25 51 39
26 54 39
24 53 39
23 53 42
23 52 42
24 50 42
28 50 43
28 48 43
30 48 44
29 46 45
31 47 45
30 46 44
29 49 43
25 45 42
24 50 40
21 45 39
22 44 41
22 43 43
20 42 46
22 42 49
20 42 47
20 42 46
20 41 48
19 40 47
20 43 48
20 41 49
19 39 47
18 40 48
20 40 48
19 41 48
19 40 46
19 40 47
20 41 47
18 41 46
20 43 49
19 41 48
19 39 46
19 40 46
18 40 47
20 39 49
18 38 48
17 40 47
17 40 47
18 39 47
18 38 47
18 42 47
18 41 46
17 42 46
18 42 46
19 42 46
20 41 45
20 42 45
21 40 45
21 42 46
23 41 44
24 42 44
24 42 46
22 42 46
25 44 45
23 46 46
26 44 46
25 45 46
25 43 43
26 45 44
25 45 43
24 45 41
25 45 42
23 45 43
21 44 42
18 46 44
17 43 42
14 45 42
14 44 41
11 45 40
11 44 39
11 44 38
11 43 38
12 42 40
13 42 38
15 42 38
15 43 38
15 42 37
13 42 36
14 42 38
13 41 35
12 41 35
14 42 36
13 41 37
13 41 37
14 39 34
16 41 37
14 42 36
15 40 36
14 41 36
14 43 37
15 41 37
13 42 37
13 42 36
13 41 36
13 43 36
14 42 37
12 40 36
14 42 35
14 41 35
13 40 35
12 42 35
15 42 36
14 42 36
13 41 36
14 41 36
13 41 35
15 40 36
13 42 36
14 42 36
14 42 37
14 40 36
14 41 36
13 41 36
14 41 35
13 43 35
13 42 35
12 41 36
14 42 36
15 43 36
15 42 36
14 43 37
15 42 35
15 41 35
14 41 35
14 43 35
14 43 36
13 43 36
14 42 36
14 43 34
15 41 36
14 41 35
14 42 36
14 42 36
14 42 35
14 41 35
14 43 35
14 41 35
13 42 36
15 41 35
14 42 36
13 42 36
14 41 36
13 42 35
14 41 36
13 41 36
15 40 37
14 41 36
13 40 36
14 40 36
14 41 37
14 40 36
14 41 37
