39 57 42
37 33 32
40 59 39
40 57 35
41 51 36
41 44 35
37 44 35
39 41 36
40 50 37
36 52 37
37 50 39
38 51 40
36 52 41
39 55 42
38 52 42
38 51 41
38 52 42
38 51 40
39 48 38
37 47 36
35 47 38
37 50 43
34 53 44
34 56 43
33 53 43
31 51 47
31 51 44
33 54 42
35 52 45
34 50 44
34 48 43
35 50 43
33 50 43
34 48 45
36 50 44
36 49 44
37 47 44
37 47 46
35 48 45
35 49 44
36 49 44
35 48 44
34 49 44
35 50 43
33 50 44
32 49 45
33 49 46
33 48 46
31 50 45
31 48 45
33 49 45
34 49 45
34 49 46
34 50 45
33 50 45
33 50 44
33 50 45
33 50 44
32 49 45
32 51 44
33 50 44
33 50 44
32 50 45
33 49 45
33 49 45
32 50 44
33 50 44
32 50 44
32 50 45
33 49 46
33 48 45
32 47 45
32 49 44
32 48 45
32 47 45
32 46 44
33 45 45
34 45 45
35 49 48
33 51 49
33 49 49
35 46 49
36 43 47
38 44 45
36 47 45
35 45 44
33 47 43
32 49 45
32 48 44
31 50 44
30 51 44
31 51 44
31 50 44
29 50 45
29 51 45
31 50 45
28 51 44
29 50 45
31 50 45
30 51 43
29 50 44
30 49 43
30 51 43
30 51 43
31 50 42
32 51 42
30 49 43
29 52 42
29 52 43
30 50 42
29 50 43
30 51 42
28 50 43
29 50 42
29 49 44
29 51 43
28 50 44
30 49 43
28 49 44
29 50 43
30 49 43
30 50 43
29 50 42
31 51 40
30 54 42
29 53 42
28 51 41
29 50 40
27 51 42
27 50 40
28 51 39
28 50 40
29 51 37
27 52 41
29 52 42
29 52 41
31 52 40
31 51 41
30 51 40
28 53 39
29 52 40
29 51 40
28 52 39
28 52 39
28 50 39
28 51 40
28 51 38
29 52 39
27 52 38
27 53 40
28 53 38
28 52 39
28 52 38
28 52 38
28 52 38
28 52 38
27 53 38
27 52 38
27 53 36
27 54 36
27 53 37
27 53 35
27 54 33
28 54 32
27 53 32
26 53 32
25 52 31
27 52 31
25 49 30
24 52 29
24 50 29
24 51 26
24 54 24
25 50 30
28 49 26
27 51 26
26 52 27
26 53 27
26 53 27
28 51 28
28 51 27
28 53 26
26 53 26
26 52 27
26 52 28
28 52 29
27 53 28
26 55 30
27 51 30
27 53 31
25 51 30
26 53 30
26 52 31
26 50 31
28 51 31
27 51 31
27 51 31
27 54 31
26 52 29
25 53 29
25 53 29
25 53 29
25 53 29
25 52 29
26 52 29
26 52 30
25 53 29
25 52 29
26 52 29
25 52 29
25 53 29
25 52 30
25 50 29
25 52 29
26 52 28
24 51 28
26 52 29
26 51 28
25 51 29
26 52 28
24 51 29
24 53 30
23 53 32
24 51 31
25 52 33
27 50 34
21 49 34
24 52 33
20 55 31
22 50 32
21 51 31
22 51 31
23 51 33
23 53 32
24 52 33
25 50 34
24 49 35
24 53 35
24 52 36
22 52 32
25 49 34
25 50 36
25 52 33
24 47 33
23 51 31
22 51 32
19 49 32
20 51 31
23 52 29
21 51 28
23 53 31
25 52 29
24 53 29
26 53 31
25 52 29
23 50 29
23 52 28
20 51 30
19 49 30
20 50 29
19 52 29
19 52 30
20 51 31
22 50 30
24 51 30
28 50 29
28 50 30
30 49 30
29 51 30
26 52 30
19 52 29
14 51 28
14 51 29
17 50 30
19 51 29
22 49 29
27 52 29
27 51 30
27 51 31
25 52 30
24 53 34
23 52 35
23 51 31
23 50 32
23 50 31
22 49 32
23 51 31
22 52 28
22 52 29
22 52 30
25 48 31
23 54 30
25 51 31
24 51 30
23 48 38
22 50 34
22 53 32
22 52 31
24 51 33
23 52 31
24 51 30
24 53 33
23 52 31
22 49 36
24 49 35
27 50 31
27 49 29
24 50 31
21 52 31
22 47 33
20 54 28
23 56 25
21 51 29
23 52 33
23 51 36
24 51 39
23 50 34
23 52 32
27 53 35
21 49 33
23 48 33
23 51 35
25 50 33
21 50 31
22 54 33
22 53 35
20 48 34
21 51 34
26 53 34
23 49 35
23 50 35
23 51 35
23 50 33
25 53 35
24 55 34
25 50 32
22 52 31
24 51 33
23 51 32
24 53 32
25 52 33
24 51 33
23 51 32
23 52 34
25 50 33
24 53 32
23 51 32
25 51 32
24 52 31
24 51 33
25 54 33
25 51 32
24 52 31
26 53 30
26 53 30
25 52 31
27 51 32
25 53 31
24 53 33
25 52 34
26 51 35
23 53 38
24 52 36
24 53 37
24 49 37
24 49 37
25 52 33
25 54 36
26 52 35
26 53 32
25 53 33
24 52 32
24 52 35
25 52 33
25 52 35
24 53 35
24 53 35
23 51 33
24 53 34
25 52 33
25 51 34
26 51 34
25 51 33
25 53 33
25 52 33
26 53 33
25 52 32
26 54 33
23 55 38
25 50 36
24 51 36
23 52 37
25 52 39
23 50 39
25 47 39
23 46 44
25 47 44
25 54 44
26 48 42
26 47 43
25 47 41
24 47 42
26 48 44
26 49 43
25 50 42
23 50 43
23 49 43
24 48 42
25 48 42
25 49 43
24 48 43
25 48 42
24 48 42
25 49 43
24 48 44
24 48 43
25 50 43
25 48 42
26 49 42
25 50 41
25 50 41
25 50 41
23 51 41
23 50 39
24 50 39
23 50 39
23 49 39
23 49 38
23 50 40
23 50 39
23 50 38
24 50 39
23 51 39
24 50 39
25 51 38
24 50 37
25 51 39
24 51 38
25 52 38
24 52 37
26 51 37
25 49 37
24 49 37
24 50 40
23 52 41
23 48 40
23 51 41
24 49 42
25 51 41
23 50 40
22 49 39
22 46 40
23 45 40
22 53 36
26 50 38
25 51 36
24 54 34
27 54 31
25 52 28
21 51 27
22 53 28
22 53 29
24 49 29
25 53 27
25 50 24
23 51 24
24 52 26
25 54 30
24 53 29
25 51 28
26 49 27
26 49 27
27 49 28
24 50 28
24 51 29
21 53 30
24 54 29
24 51 31
24 52 31
22 52 31
24 51 32
24 51 32
23 51 33
24 53 32
25 52 33
25 53 34
25 53 32
25 52 32
25 53 33
25 51 32
25 52 33
25 51 33
27 52 32
26 51 33
25 51 33
26 53 32
26 52 33
25 52 32
25 54 33
25 52 32
25 54 33
26 51 33
26 53 32
26 52 32
26 52 33
26 52 33
27 53 34
27 53 33
26 53 32
26 52 32
25 53 32
25 52 32
25 52 32
25 52 32
26 52 32
25 52 32
26 54 32
27 53 32
27 53 32
26 53 33
26 53 32
26 52 33
26 52 32
26 53 33
26 53 33
27 52 32
26 52 33
26 53 33
27 51 33
26 52 32
26 53 33
26 52 33
26 52 33
27 52 32
27 52 33
26 52 32
26 53 34
26 52 33
26 53 33
27 52 32
26 53 32
27 54 32
25 52 33
25 53 33
27 52 32
26 53 33
25 52 32
26 51 34
26 54 32
26 52 32
26 52 32
25 52 33
25 53 33
27 52 32
27 53 32
26 53 31
26 53 33
26 53 32
27 52 32
26 53 32
26 52 32
27 52 33
26 54 32
26 52 31
26 51 32
27 52 32
26 54 31
26 53 31
26 53 31
25 52 31
26 53 32
26 53 32
26 52 31
25 54 32
26 53 32
26 52 33
25 53 32
26 52 33
26 52 33
25 52 34
27 52 32
27 52 34
25 52 33
25 52 34
26 52 33
26 52 32
26 53 33
25 53 32
24 53 34
25 53 33
25 51 35
26 51 35
25 53 34
25 51 35
24 53 35
24 52 36
24 50 36
23 52 36
24 51 35
24 51 36
24 51 35
24 52 35
24 51 33
25 51 36
28 49 36
27 49 36
26 51 37
26 50 37
26 48 37
26 48 36
25 49 38
23 51 37
22 51 38
22 53 37
21 54 39
19 55 40
20 53 38
18 52 38
19 50 39
20 50 38
19 50 39
17 50 39
18 51 40
18 52 40
21 49 42
23 48 41
24 50 40
26 49 39
27 51 39
28 48 39
28 47 37
27 50 37
25 49 40
24 51 41
23 49 41
23 50 42
24 50 42
24 50 42
26 50 41
26 51 43
26 51 43
27 51 40
27 52 39
27 54 40
27 53 39
28 53 38
27 51 38
28 50 37
28 50 38
30 49 38
28 54 39
30 52 38
29 53 37
31 54 38
34 51 39
32 51 37
34 51 37
34 51 38
34 50 39
33 56 37
33 50 34
30 47 37
31 48 35
35 58 40
42 55 39
40 53 34
35 51 46
25 43 51
32 59 49
40 58 33
44 56 30
39 49 35
30 45 51
22 47 46
31 59 39
43 61 30
47 53 33
36 47 34
28 42 48
22 47 44
29 58 37
41 62 31
43 55 28
34 45 35
27 41 48
19 51 46
27 62 41
44 62 28
45 55 26
37 50 34
21 44 49
18 44 50
31 58 37
47 61 27
43 53 32
30 51 38
20 42 55
24 52 45
37 58 33
43 61 30
43 58 28
31 47 36
23 44 49
20 49 47
34 55 39
48 59 29
42 60 28
30 46 38
20 43 56
21 51 45
38 53 35
48 63 26
41 48 41
25 42 42
25 44 52
26 55 40
41 59 32
44 63 26
32 57 22
24 34 46
22 44 55
27 53 48
42 53 36
47 63 24
34 53 18
27 29 30
19 42 38
32 47 38
35 62 41
37 63 44
37 59 40
35 61 35
36 59 28
27 54 20
24 47 25
25 48 43
29 55 50
35 60 50
34 60 29
34 54 11
29 40 18
20 51 57
20 50 63
42 63 44
44 63 18
38 61 10
24 40 26
10 45 59
21 42 58
41 62 46
45 62 34
37 62 22
30 47 10
20 42 32
11 45 62
27 48 62
47 63 45
42 63 20
39 53 14
22 40 26
16 45 62
16 43 63
41 61 46
52 63 27
38 62 18
26 51 24
14 42 48
17 38 60
33 49 53
49 63 46
43 62 26
32 61 15
21 37 26
14 35 46
16 42 59
34 52 51
48 63 45
41 62 23
34 53 23
20 42 29
14 46 57
25 39 59
41 56 45
48 63 39
37 61 22
30 48 24
18 36 38
19 40 58
29 43 57
45 62 45
45 62 28
35 60 15
19 52 19
18 45 48
18 40 56
37 53 49
45 63 43
42 60 24
33 56 18
21 39 33
16 41 55
26 40 57
45 61 44
47 63 32
36 61 17
23 45 22
18 39 52
23 37 62
42 57 47
46 63 37
40 62 22
34 53 22
23 47 27
20 40 49
25 43 56
40 58 47
47 62 42
39 58 25
30 48 28
18 38 28
17 42 49
24 42 54
45 59 47
49 63 42
41 55 26
18 52 27
19 60 43
36 52 49
41 62 42
31 56 40
18 42 23
24 22 35
25 55 33
48 63 39
53 62 37
36 54 25
21 30 36
19 46 50
32 61 44
50 62 34
46 58 31
30 48 37
20 30 52
18 63 30
40 61 34
51 62 31
41 60 31
25 35 42
18 35 45
19 45 42
29 59 41
50 60 30
50 61 32
32 50 34
21 26 50
18 54 38
30 62 38
46 62 30
48 62 22
35 49 29
24 35 45
19 39 49
23 63 42
42 59 33
50 63 27
42 44 40
31 43 40
20 34 54
22 60 43
36 57 35
51 63 28
43 54 33
33 46 37
20 34 55
18 54 41
29 59 37
47 63 29
45 62 25
37 51 28
21 35 45
23 34 51
25 62 42
41 60 32
48 63 26
39 60 28
34 50 31
20 41 45
24 39 54
28 51 42
42 60 34
45 63 31
40 58 30
25 32 35
21 35 48
26 44 51
42 56 42
48 62 43
37 58 38
26 38 39
21 40 51
25 46 52
39 62 40
50 63 34
38 54 35
26 45 40
18 28 50
26 48 49
38 61 44
48 62 37
38 57 34
29 41 38
22 32 49
24 46 49
30 59 48
40 62 40
42 61 36
32 41 37
24 44 43
27 39 48
28 43 46
35 63 40
40 62 40
37 60 38
29 43 40
24 33 40
29 50 44
29 41 49
39 63 45
39 61 37
30 39 39
25 37 38
30 43 43
31 49 43
36 63 43
38 61 41
30 40 34
24 35 34
29 47 39
31 49 49
36 63 48
40 62 39
31 51 28
21 30 32
24 46 37
31 56 44
42 62 50
45 63 38
33 46 27
21 31 32
23 43 40
32 55 36
41 63 37
37 55 37
30 46 28
24 41 33
29 45 39
35 54 38
42 63 38
36 58 33
26 44 29
22 38 37
27 52 38
32 50 39
40 63 33
41 62 34
28 43 31
21 46 36
26 47 41
30 49 38
38 63 35
41 62 32
30 44 32
22 44 39
25 43 44
33 53 38
46 63 34
41 60 31
27 45 38
14 39 46
22 46 44
35 53 38
49 63 33
39 53 33
24 45 40
17 33 49
24 51 43
29 53 39
49 63 26
48 61 31
35 46 40
20 39 47
21 31 47
24 56 44
46 63 38
51 63 33
36 42 33
16 36 46
15 28 56
22 49 46
36 59 42
56 63 34
39 44 35
28 36 41
19 31 52
24 50 42
36 63 39
50 63 35
40 49 38
27 39 39
16 38 53
23 56 46
36 56 41
48 62 35
42 57 38
34 45 41
24 39 49
24 45 43
32 52 44
46 61 40
49 62 37
38 49 41
23 32 46
20 41 43
29 49 49
45 60 42
42 62 35
35 61 37
31 30 48
13 58 27
29 45 48
36 49 41
42 61 38
35 62 40
35 36 47
18 55 35
28 40 52
32 53 42
48 52 45
47 62 37
35 45 39
25 37 41
22 58 44
29 52 46
43 54 44
50 62 38
37 57 33
24 38 41
20 34 53
27 58 45
40 57 42
46 63 30
40 49 35
30 50 37
23 33 52
20 51 42
31 58 44
46 63 36
44 59 33
35 42 39
22 39 47
25 37 46
27 58 42
38 58 39
45 63 35
39 51 36
27 44 36
22 29 49
26 40 43
34 51 49
46 62 45
41 62 39
31 44 40
26 35 43
21 37 45
29 48 50
41 63 42
41 62 39
34 53 36
24 34 40
24 40 45
29 49 49
42 62 43
42 61 39
33 48 37
25 40 38
23 29 43
26 49 51
40 63 44
43 63 36
37 58 37
25 39 37
25 33 46
28 48 48
35 63 43
41 63 40
35 55 35
27 43 37
27 30 42
30 44 45
33 62 45
39 63 42
35 62 36
29 48 37
28 34 38
29 49 45
30 46 48
36 63 46
38 60 38
35 57 35
28 45 33
25 29 36
29 47 42
32 59 44
40 63 48
38 62 40
30 44 29
23 31 35
29 47 39
32 49 45
41 63 49
41 58 44
34 51 37
26 30 33
26 54 33
29 49 44
35 63 46
39 62 43
37 59 35
28 33 28
23 39 31
28 48 41
36 62 43
42 63 45
41 58 35
31 45 26
24 38 26
28 48 37
36 55 39
41 63 41
38 56 34
30 45 28
26 35 33
28 42 41
34 60 36
42 63 39
41 63 37
31 45 28
24 37 31
29 51 37
33 50 35
38 63 35
41 62 36
33 51 28
23 39 34
25 45 38
30 46 33
37 63 33
42 63 35
33 45 31
24 44 35
25 41 38
27 47 36
33 63 38
40 63 35
33 53 33
28 41 32
27 42 38
31 49 39
37 63 37
44 63 34
33 55 32
26 42 32
22 39 39
28 51 39
42 62 36
42 62 36
34 52 34
24 49 37
18 40 37
24 54 39
37 57 35
51 63 32
50 63 32
37 47 33
20 47 31
20 56 39
25 52 38
39 59 32
50 53 30
44 62 32
35 48 35
25 43 43
22 37 42
26 55 39
43 62 40
52 62 33
45 50 30
30 46 35
16 41 46
24 50 45
34 57 38
52 63 32
48 63 29
35 41 41
22 40 45
22 50 38
33 49 39
45 61 36
49 62 33
38 49 37
23 37 48
23 44 43
33 52 39
45 59 34
47 56 31
40 56 37
25 36 45
27 40 45
29 50 42
42 61 37
47 62 32
47 63 33
37 43 39
22 39 45
27 36 44
27 55 39
44 63 31
48 62 32
36 47 38
26 37 45
27 42 49
29 60 43
39 58 33
48 63 24
38 56 35
30 37 43
20 37 51
26 56 40
35 55 41
48 63 32
47 57 33
34 46 33
20 40 48
23 39 48
28 55 44
43 59 39
48 62 27
38 59 29
32 38 39
19 38 50
27 55 43
36 53 42
47 63 34
47 63 36
35 40 39
30 39 48
25 46 47
25 45 36
39 48 42
48 62 36
41 62 37
29 43 41
20 36 45
25 43 44
33 50 45
46 63 39
54 54 45
36 48 38
26 39 43
21 54 38
25 52 48
34 50 39
52 63 38
44 60 29
29 37 43
21 36 46
26 52 51
32 50 43
44 62 37
46 63 31
35 45 36
23 42 42
26 34 53
29 52 48
36 54 39
47 62 39
43 57 38
31 42 42
23 33 48
22 43 49
35 59 46
47 63 35
41 56 32
25 35 40
17 40 50
21 44 48
30 50 50
41 63 40
46 63 36
35 55 36
25 32 42
20 35 46
25 38 47
34 63 41
45 63 40
38 60 34
27 45 38
24 32 42
26 44 46
32 62 48
40 63 42
38 62 34
28 43 35
23 29 37
27 46 47
33 61 48
40 63 45
38 62 37
28 40 34
24 35 34
29 46 42
30 48 48
38 63 46
40 62 39
32 43 37
24 41 32
26 39 35
32 48 41
33 53 46
40 63 46
40 59 39
30 38 28
23 35 34
26 48 41
30 47 43
34 62 48
40 62 43
39 60 35
27 33 27
24 39 31
29 47 41
34 61 45
40 63 50
40 62 38
32 42 29
21 29 27
27 52 36
34 60 44
38 61 46
43 63 39
33 47 33
24 35 29
26 39 34
31 58 36
40 62 45
39 63 40
35 53 30
25 34 31
27 44 34
31 46 38
35 62 36
42 63 38
34 54 30
25 37 33
26 38 35
29 47 37
35 63 33
44 63 37
36 52 33
25 43 35
21 32 38
24 43 39
32 50 37
38 63 37
45 63 34
34 44 31
25 42 37
23 37 41
28 52 36
38 63 38
45 63 37
35 53 37
20 46 36
18 40 43
30 51 41
39 56 31
48 60 32
40 59 33
27 42 41
18 32 47
26 44 42
29 62 43
48 63 37
45 57 33
34 41 33
16 34 47
24 43 46
33 43 47
43 63 39
51 63 33
36 43 37
22 32 39
23 32 52
26 58 44
37 59 42
48 63 34
44 57 34
29 32 36
26 38 50
27 45 49
30 56 46
38 58 43
46 59 33
41 54 37
28 38 48
25 43 50
23 49 40
35 60 44
47 63 40
45 55 38
33 44 40
24 37 49
24 46 41
33 57 42
44 60 38
44 60 34
32 47 40
20 32 46
24 40 42
29 54 43
39 61 44
45 63 37
40 55 34
25 37 39
21 34 53
26 60 43
32 58 44
46 63 36
43 62 32
33 50 33
23 37 40
25 31 53
30 52 45
33 47 43
42 62 47
42 61 41
31 46 42
25 41 45
19 37 47
28 41 48
36 61 48
46 63 39
38 54 36
26 41 41
21 23 44
28 46 50
36 62 48
41 62 40
35 50 34
27 47 37
22 35 46
26 41 49
34 60 46
40 63 43
39 62 39
26 33 38
22 37 41
26 42 44
30 50 52
40 63 45
39 54 39
30 41 38
23 40 38
27 45 43
28 48 48
34 62 48
37 63 40
33 49 33
25 35 37
26 39 45
28 43 42
36 62 47
38 63 45
34 50 34
22 32 33
19 35 34
26 42 41
34 60 47
40 63 43
38 55 37
28 42 32
22 34 36
23 47 38
33 59 41
39 63 40
33 56 38
26 44 31
22 41 36
25 46 42
33 55 42
40 63 38
36 58 35
25 47 34
18 36 42
24 48 40
32 57 45
41 63 38
40 57 36
26 45 37
17 41 45
25 52 42
31 49 34
46 62 31
39 54 35
31 57 37
18 43 44
23 39 42
29 52 43
43 62 37
44 63 35
32 50 34
16 33 46
19 38 46
26 52 46
32 51 41
48 63 33
46 59 34
31 43 39
18 28 47
19 48 41
27 56 50
44 63 35
46 62 34
31 42 35
20 38 42
24 45 48
28 53 45
38 61 40
46 63 37
35 49 36
22 37 40
19 42 49
25 53 45
33 55 44
44 63 38
42 63 36
31 42 38
21 33 43
26 39 45
31 50 43
44 63 39
46 62 37
32 45 38
18 32 42
25 39 47
31 51 49
39 62 43
47 63 32
37 53 29
23 31 42
19 36 49
28 44 47
28 54 43
38 60 40
43 63 34
39 58 34
28 39 35
19 32 49
28 42 46
30 49 48
38 60 43
44 63 41
33 46 39
21 32 43
21 41 46
29 55 46
36 63 45
41 57 40
31 45 39
22 35 42
25 46 44
28 56 48
35 62 45
38 62 40
31 44 37
23 45 37
24 34 41
26 48 50
35 62 43
37 60 41
32 52 38
25 39 37
26 38 41
27 42 48
34 62 48
37 63 44
34 58 36
25 49 35
24 37 37
27 42 41
29 41 48
31 63 47
39 63 43
33 48 36
22 31 35
23 42 38
29 42 41
31 63 45
39 63 47
37 60 39
28 36 31
20 33 34
26 49 37
29 49 45
38 59 50
39 61 45
32 51 34
22 27 33
23 52 32
29 54 45
33 48 49
42 63 45
36 54 35
24 38 31
21 38 37
25 45 40
32 58 41
36 63 43
33 51 37
27 42 33
26 43 34
28 47 41
33 58 40
37 63 41
36 62 40
28 48 32
20 35 35
24 49 39
33 48 40
35 63 39
39 62 39
30 44 33
20 43 36
24 37 40
25 48 41
35 63 42
42 63 38
34 51 35
24 47 33
14 39 38
22 48 42
29 48 44
41 63 35
41 55 36
33 47 33
19 44 43
21 34 38
29 53 41
37 63 40
45 61 37
32 44 38
20 36 43
22 45 44
33 56 46
43 62 38
44 62 33
36 45 39
19 38 45
22 49 46
32 48 41
33 52 46
43 62 43
43 62 37
36 44 40
17 31 47
23 41 44
32 48 45
40 62 42
49 63 37
36 46 37
20 32 41
26 37 41
26 54 42
37 62 44
45 63 38
42 59 32
24 35 38
17 37 42
29 43 48
26 55 46
42 62 41
43 63 33
36 50 34
24 40 36
22 32 50
27 53 40
32 57 42
45 63 39
43 60 35
31 44 37
17 31 47
25 48 43
29 50 44
38 61 43
45 63 37
40 54 33
34 48 31
22 33 41
24 36 47
27 51 42
28 61 45
44 62 42
42 63 31
37 45 34
21 31 41
23 41 45
25 48 44
34 58 46
47 63 38
42 61 35
27 42 39
17 29 46
21 44 45
31 55 43
42 61 41
46 63 33
38 46 39
24 38 36
23 32 44
24 57 38
31 58 47
44 62 40
46 63 34
36 45 37
22 33 39
21 42 47
25 56 44
32 56 44
45 63 37
44 62 37
31 50 32
16 32 42
26 31 47
25 53 44
31 55 45
44 63 42
42 63 32
34 48 31
20 35 35
23 33 50
26 54 44
33 58 41
44 63 36
41 62 32
29 42 34
15 31 46
26 47 42
29 56 41
38 62 41
45 63 36
38 58 31
27 40 38
19 29 43
26 46 42
29 59 44
42 63 46
43 63 33
36 44 32
22 34 38
25 40 42
26 52 46
32 56 47
44 63 38
41 62 35
32 48 38
22 32 39
25 40 43
29 53 44
42 57 44
46 63 37
40 54 36
31 55 34
23 31 41
26 40 43
33 53 49
40 54 43
44 63 35
40 50 37
25 47 35
22 34 44
26 52 45
31 54 46
41 61 42
44 63 36
34 53 33
24 36 43
18 34 50
27 46 48
32 62 48
46 63 38
42 57 32
26 40 39
19 35 47
26 47 45
35 62 40
43 63 38
37 60 34
26 34 38
22 40 41
24 44 44
30 61 46
41 63 40
41 59 33
30 47 37
21 37 43
21 39 43
26 47 44
38 63 38
44 63 36
41 60 34
33 51 37
21 35 40
21 45 41
27 44 43
36 63 44
43 63 39
35 52 34
23 41 33
19 38 39
25 45 45
31 62 41
40 63 39
41 62 36
31 42 37
23 39 37
26 36 41
26 38 45
32 62 42
40 63 38
35 60 32
26 50 36
24 31 36
26 48 42
30 61 42
36 63 44
38 63 38
30 37 32
24 39 36
27 34 37
27 45 44
31 60 45
38 63 43
35 62 36
26 49 35
25 35 37
25 39 40
29 47 45
34 63 51
40 63 45
38 59 37
29 45 31
23 30 34
27 50 38
30 49 43
36 63 41
39 62 46
32 59 35
24 33 35
24 37 32
29 43 41
34 61 43
37 63 45
38 61 42
29 43 33
21 31 30
28 50 34
30 45 47
39 62 51
41 63 45
33 54 33
20 28 30
22 49 32
29 48 43
36 62 44
39 63 47
37 61 39
27 39 29
21 37 26
29 55 31
31 54 42
37 53 48
41 63 42
33 52 28
23 37 30
25 41 38
30 63 36
36 57 40
38 63 41
37 60 36
31 46 28
24 35 32
28 51 38
30 44 39
35 63 39
39 62 37
32 51 29
23 39 33
25 48 38
29 47 41
36 62 37
39 63 36
31 51 33
21 40 36
23 37 36
27 45 36
33 63 38
40 63 39
35 53 33
24 51 32
18 33 37
25 49 37
34 58 41
40 63 36
37 57 34
29 47 33
20 36 38
23 46 38
29 48 39
34 63 38
38 62 36
30 48 32
22 43 36
23 39 39
27 48 38
34 63 40
39 63 37
35 52 32
30 43 32
23 40 38
22 42 39
27 49 36
37 63 40
43 63 36
33 50 34
25 45 34
17 36 40
24 49 38
31 51 41
43 63 37
47 57 36
35 48 35
19 44 35
11 35 47
23 57 40
30 54 43
45 59 36
47 61 35
35 47 36
25 50 36
15 44 40
25 44 40
35 62 41
46 62 36
39 52 34
26 43 41
17 38 40
25 51 40
32 61 44
44 61 39
42 58 35
34 49 33
18 40 43
23 43 47
32 51 42
38 63 39
48 63 36
38 59 33
27 45 35
19 43 38
17 31 48
25 52 43
33 55 42
49 63 41
41 60 33
29 42 36
16 32 44
21 45 45
30 48 49
43 62 42
49 63 35
35 51 34
23 34 41
27 42 46
28 53 43
39 53 42
45 62 35
42 58 35
28 45 41
19 36 43
28 43 44
30 49 44
40 63 42
46 63 32
35 50 33
23 32 37
21 35 48
25 56 46
36 56 43
45 63 34
43 60 31
28 38 38
16 41 44
28 40 47
28 55 44
38 61 42
45 63 35
42 63 32
31 53 30
21 33 39
20 34 54
29 50 43
31 52 46
41 62 44
42 62 43
30 50 37
16 24 38
21 44 49
29 60 45
39 63 41
42 56 35
30 44 37
21 35 40
20 47 44
29 61 44
40 63 39
42 61 33
30 46 34
20 36 40
20 47 43
28 57 44
37 63 42
43 61 36
35 48 33
23 35 36
19 36 40
23 42 47
32 61 44
42 63 38
38 61 33
27 46 34
19 33 35
24 48 43
31 60 44
39 63 42
40 61 37
36 53 35
26 48 34
23 33 35
26 50 41
33 62 42
37 63 42
36 61 34
31 41 35
25 42 35
26 38 38
29 45 43
31 62 44
36 63 41
35 61 36
28 47 36
25 38 35
27 48 39
29 46 43
33 60 42
36 62 40
33 60 39
27 39 33
24 33 35
29 47 40
30 50 40
36 63 45
40 63 43
33 48 34
20 31 34
26 42 34
29 46 40
33 57 42
39 63 49
38 62 42
28 34 29
21 29 30
25 48 36
32 61 43
34 63 47
42 63 49
38 58 39
27 38 30
22 40 27
25 46 39
33 55 47
42 63 45
40 56 39
28 47 32
23 37 31
25 47 32
31 56 42
36 63 41
39 62 38
31 44 32
22 32 30
24 47 35
31 55 39
36 63 39
39 62 39
31 44 32
23 39 33
25 45 36
28 51 37
39 63 42
45 62 40
31 52 34
18 37 35
15 45 39
26 49 42
36 57 37
46 62 36
39 51 37
30 50 37
20 37 45
19 43 42
30 58 39
35 63 38
48 62 32
41 55 35
27 43 40
14 34 45
22 52 43
34 58 42
46 63 40
44 62 33
32 46 33
20 42 38
21 37 48
29 50 43
36 51 42
45 63 39
42 62 34
29 45 36
18 28 43
21 46 45
31 54 47
43 62 40
47 63 36
36 49 36
23 33 39
23 36 46
25 55 39
34 59 41
46 63 36
44 59 34
30 41 39
20 34 43
24 54 41
30 55 41
40 63 40
47 63 32
35 55 34
23 38 38
16 30 50
25 42 46
28 55 43
36 62 44
40 63 37
37 54 32
28 37 38
18 32 46
25 45 48
32 58 45
44 62 38
40 56 36
29 40 38
23 38 44
25 45 44
33 62 45
41 63 37
37 55 33
26 42 36
23 35 41
28 46 45
34 62 46
41 63 38
36 60 35
26 44 34
23 36 37
27 45 46
34 60 45
39 63 44
38 62 35
29 43 32
22 38 31
26 45 39
31 45 45
35 63 50
39 61 40
33 53 32
22 32 27
23 39 35
24 49 39
30 51 46
40 63 43
42 63 41
35 52 32
23 33 27
24 43 35
27 52 41
35 60 43
43 63 42
36 60 35
27 40 27
23 39 29
25 49 38
34 57 43
40 63 39
37 58 31
23 35 34
24 36 36
26 45 38
29 55 37
37 63 38
36 57 32
29 48 28
23 36 31
27 49 36
30 54 38
35 63 36
38 62 34
32 49 29
23 32 31
25 46 36
30 46 36
34 63 36
42 63 34
35 49 28
21 35 34
22 42 36
24 48 36
30 54 39
36 63 34
38 60 33
30 45 27
22 36 36
25 50 38
31 54 41
36 63 33
41 62 32
34 47 29
23 39 36
24 40 40
27 50 37
34 63 38
43 63 34
37 52 31
27 44 31
18 38 40
23 45 38
29 55 39
43 63 35
45 59 31
32 45 33
20 42 36
19 39 40
27 54 38
36 62 39
48 63 34
40 51 28
27 52 32
17 39 40
22 49 41
28 53 38
38 62 33
44 61 34
41 48 34
28 47 34
22 40 37
29 48 43
30 60 42
39 62 36
45 59 38
34 48 35
19 41 39
21 44 45
30 53 43
38 62 39
49 63 34
41 52 37
27 44 40
17 41 46
25 49 43
31 53 44
42 62 42
48 63 34
35 49 34
21 35 42
21 37 44
26 53 43
32 56 44
45 63 37
41 62 33
31 41 41
21 34 42
22 50 38
29 50 43
41 62 37
51 62 37
35 52 33
21 37 43
20 35 45
27 57 41
37 57 40
45 63 36
41 58 33
29 42 37
21 40 42
17 43 45
27 59 39
32 55 39
41 62 34
44 62 31
36 56 34
21 38 42
26 36 51
29 47 42
30 53 46
42 62 42
42 63 24
30 53 15
20 35 37
19 44 36
26 42 39
32 60 41
36 62 43
40 63 43
39 62 40
30 59 29
23 51 23
22 35 29
23 46 43
35 55 51
42 63 37
36 58 14
29 40 26
20 30 42
21 46 50
29 56 46
39 63 43
45 63 27
35 46 22
21 37 30
16 44 51
25 45 48
34 61 43
38 63 43
44 61 30
37 60 25
26 43 28
19 30 55
22 43 52
31 54 47
38 63 45
41 61 28
35 62 26
24 41 31
17 34 48
22 44 52
31 53 44
37 63 42
41 62 34
32 42 27
18 33 33
25 47 36
26 62 41
33 63 41
37 58 34
29 42 28
20 32 29
24 47 36
28 61 42
34 63 42
35 57 36
26 40 29
23 35 34
24 47 37
33 59 44
38 63 40
36 59 36
26 41 34
19 43 35
22 45 40
31 52 44
36 62 44
46 63 40
35 51 36
22 48 30
13 37 42
19 51 43
28 49 45
33 62 44
48 59 37
37 63 35
29 47 35
14 35 43
23 36 46
25 50 40
31 62 52
48 63 42
42 51 34
30 42 36
14 35 44
20 47 45
31 48 46
36 61 45
47 63 39
38 56 32
24 35 39
12 25 51
20 51 43
31 50 46
41 63 42
46 63 35
36 47 31
24 35 42
21 39 49
21 50 43
34 56 43
44 63 41
42 63 37
34 41 37
25 35 40
25 35 43
21 54 40
31 54 47
45 62 42
43 61 37
29 50 36
20 29 44
22 38 43
28 49 44
36 61 42
47 63 37
40 55 35
25 43 42
17 30 47
23 53 43
33 54 42
41 62 43
45 63 36
35 54 32
21 35 36
16 36 53
26 52 46
33 54 45
40 62 40
42 61 43
34 52 38
23 32 38
19 36 42
25 48 47
35 63 40
42 62 37
35 47 37
24 34 43
23 44 42
26 51 45
32 62 45
38 63 39
40 57 36
30 42 36
24 39 40
24 45 44
29 57 47
35 62 42
38 56 38
32 48 36
25 46 37
24 37 41
26 44 46
32 62 43
41 63 40
36 59 35
26 43 34
22 35 38
24 46 44
33 61 42
38 63 45
39 62 39
29 42 35
23 41 33
23 36 37
30 50 45
31 59 46
37 63 44
33 59 34
24 43 29
21 36 31
24 50 41
33 59 43
39 63 48
39 60 42
30 47 33
20 31 25
22 46 35
28 54 41
30 60 43
42 63 42
37 59 31
31 44 29
24 34 34
25 48 39
28 57 37
32 63 37
34 58 34
27 39 31
24 38 35
26 46 38
29 60 38
35 63 39
36 62 35
28 42 32
21 38 34
26 48 38
31 53 39
34 63 41
38 61 38
27 43 34
18 43 34
20 49 40
30 50 44
40 63 35
40 62 32
30 50 36
19 39 41
20 39 45
25 47 40
32 63 36
45 63 32
40 52 35
27 40 41
15 30 44
23 48 40
27 52 44
34 63 41
46 63 39
39 51 35
30 39 35
18 41 45
24 49 45
31 47 45
37 62 41
46 63 38
37 52 36
25 44 35
21 29 46
23 49 42
31 54 43
43 63 38
46 62 36
31 47 36
20 30 43
23 41 41
30 47 42
31 62 41
47 63 34
42 61 32
28 36 40
16 41 45
27 46 44
28 49 42
35 62 40
45 63 34
39 59 30
25 42 32
18 31 50
25 50 46
34 45 49
38 62 43
46 63 31
33 54 21
25 49 21
12 29 33
23 37 37
28 53 38
32 63 40
39 63 39
38 61 36
36 60 33
27 56 29
22 43 24
21 37 29
27 49 39
37 62 36
44 63 26
34 49 16
26 33 18
22 36 35
22 56 40
35 63 34
43 63 25
33 51 19
17 35 25
15 40 36
25 60 37
39 63 34
53 63 30
45 56 37
32 51 39
12 35 29
11 33 31
21 47 35
39 63 33
50 63 32
39 57 28
22 36 40
15 36 50
25 52 43
35 63 37
44 63 33
47 62 30
30 49 30
13 36 40
22 46 43
28 41 49
39 63 37
49 63 31
37 52 31
21 35 32
16 33 44
22 58 42
28 52 40
25 50 41
27 60 47
31 61 40
35 55 37
32 47 36
30 44 37
28 43 38
28 44 44
27 51 44
22 48 40
16 47 42
14 52 48
12 49 48
16 44 48
21 46 50
25 48 47
27 48 44
32 48 44
31 44 42
28 46 39
22 48 39
17 47 43
15 47 43
17 46 45
19 45 46
23 45 46
27 45 45
29 49 44
33 50 44
30 52 41
22 50 40
16 48 41
13 47 44
16 46 45
22 44 47
29 48 44
32 52 42
32 52 43
25 49 41
19 47 41
16 45 44
15 45 44
21 43 46
25 45 46
28 51 44
31 51 45
28 47 43
26 46 41
21 45 41
18 46 41
20 44 44
22 47 44
24 50 47
26 50 48
26 49 47
29 48 46
31 50 46
27 49 43
24 48 43
21 47 46
21 47 46
24 45 47
29 46 46
32 48 44
33 50 44
27 50 42
22 49 42
19 47 44
20 47 49
22 47 52
23 49 49
28 53 44
31 56 44
33 53 47
35 48 44
31 48 39
28 51 39
31 47 42
29 49 36
28 58 36
28 42 40
23 47 33
30 54 33
39 61 33
41 55 37
31 44 45
23 42 48
28 51 47
36 56 39
48 63 29
39 61 28
26 40 32
14 42 47
26 50 49
34 51 44
47 63 28
47 60 26
30 53 28
17 41 43
22 42 50
27 49 50
34 58 39
40 61 37
46 62 23
30 50 18
21 36 32
24 45 39
29 49 37
32 56 35
36 63 32
38 63 37
36 62 32
31 53 26
22 41 22
19 35 31
21 58 38
37 63 35
43 58 20
36 41 16
27 32 23
23 48 38
29 57 42
41 63 27
37 57 18
21 41 20
17 37 30
24 57 37
37 63 34
57 63 29
44 54 37
25 50 42
10 26 31
14 38 29
27 48 34
49 63 27
48 60 31
30 43 32
10 29 47
19 46 45
33 60 42
40 63 33
54 63 26
36 54 25
15 33 42
08 40 47
30 50 43
42 63 37
54 63 28
38 50 27
16 33 30
02 33 45
24 53 45
25 51 43
27 53 45
30 63 42
43 60 31
39 50 36
31 41 38
27 46 37
25 56 40
18 48 42
12 49 42
10 47 46
12 46 50
19 47 50
28 46 48
31 46 45
35 50 43
30 51 41
21 47 39
14 46 40
12 48 42
13 45 44
23 45 45
30 47 44
35 51 43
32 51 45
25 50 42
22 48 41
15 48 42
11 46 44
17 44 45
25 45 46
32 47 46
34 52 44
33 53 44
26 49 41
19 46 41
15 47 42
15 45 42
19 43 47
26 45 47
30 51 45
31 52 43
30 49 42
22 49 40
18 45 41
17 46 41
18 46 43
22 45 45
21 46 45
23 47 46
24 45 46
25 46 45
24 47 44
27 47 44
24 47 46
25 46 45
25 47 46
24 48 45
26 48 46
26 46 46
26 46 45
25 42 42
25 42 38
26 38 39
31 54 55
32 59 55
14 20 32
14 62 52
25 48 57
23 46 46
24 44 45
24 45 44
23 44 44
23 46 44
24 49 45
24 50 44
26 50 44
26 50 42
28 49 41
27 51 39
27 52 39
27 49 40
28 53 41
29 51 42
28 49 42
29 50 39
30 51 38
30 51 39
29 48 40
29 46 40
32 53 42
29 51 43
30 47 43
30 52 43
29 54 48
27 48 47
29 46 46
29 44 46
30 45 45
30 50 44
27 53 44
28 50 41
25 48 42
27 46 47
28 47 45
27 45 43
28 47 45
31 49 43
30 51 45
30 52 43
30 51 43
29 49 44
29 50 44
28 49 44
27 48 44
27 48 44
27 49 42
27 49 43
27 49 44
27 50 42
28 51 43
28 49 43
27 50 43
28 50 43
26 50 41
24 52 43
25 52 42
25 52 42
25 52 41
26 48 41
27 49 41
28 50 40
27 50 41
29 51 41
27 51 41
28 51 41
27 51 41
26 50 42
25 51 41
25 51 42
25 51 41
25 51 41
24 49 42
24 48 43
24 51 43
23 47 43
25 48 44
24 47 43
25 48 44
25 49 44
24 48 44
24 48 44
25 48 44
26 49 43
26 50 44
26 51 45
26 51 45
25 52 44
24 51 46
24 51 47
23 51 47
22 53 47
24 50 45
26 47 41
29 46 39
30 43 36
31 44 36
34 39 36
35 38 46
32 63 38
15 36 47
14 35 51
31 63 49
29 41 43
29 50 41
29 50 42
29 53 43
29 54 44
30 54 44
27 52 42
29 54 42
29 52 44
28 52 42
29 50 43
30 48 44
29 47 44
29 49 44
29 48 43
30 47 45
30 48 44
30 47 44
31 48 45
32 49 45
31 47 45
30 48 45
31 47 43
31 48 45
31 49 46
30 49 44
30 49 45
29 49 44
30 49 44
31 51 46
31 49 46
29 48 45
29 49 45
31 48 45
29 49 46
30 50 46
31 48 44
30 48 45
30 48 45
31 50 45
31 49 45
30 49 44
31 48 44
31 48 45
32 49 44
31 47 45
30 48 45
31 49 45
30 49 45
31 49 45
30 50 45
31 49 45
30 50 44
32 49 44
32 51 45
30 50 44
32 49 45
32 50 45
