12 38 36
12 39 36
12 40 36
12 39 35
13 39 36
12 38 35
12 38 35
12 39 35
11 38 36
11 39 35
12 38 36
13 38 35
13 38 35
12 38 35
12 37 35
13 37 35
13 38 36
11 38 36
13 37 35
13 38 35
13 38 35
11 37 35
11 37 36
12 37 34
10 37 35
11 39 35
12 37 35
12 38 35
13 43 35
13 42 35
13 45 37
14 43 36
14 46 37
15 49 38
17 51 37
17 52 39
23 51 39
23 52 39
24 52 40
25 51 38
28 51 36
28 52 36
27 51 37
29 49 35
30 50 36
29 47 34
26 46 33
25 44 37
22 47 34
19 44 35
16 45 37
15 44 39
11 44 40
12 42 43
14 47 43
16 46 42
19 49 43
18 49 43
21 52 43
22 48 44
24 51 42
23 52 43
25 49 42
23 48 42
22 49 41
24 49 40
24 49 40
23 51 42
24 49 41
25 49 40
22 50 39
24 50 40
24 48 41
25 47 40
25 49 40
23 50 39
23 50 39
24 52 41
24 48 38
25 51 39
25 53 38
25 51 38
26 49 37
24 50 38
24 52 39
24 49 39
23 52 41
24 48 39
23 52 40
25 52 40
24 49 39
23 51 37
22 52 39
21 51 35
21 54 36
22 53 37
23 53 34
21 53 35
24 54 32
22 54 30
25 53 30
26 54 30
26 55 29
29 56 28
31 56 29
33 55 27
33 54 29
36 52 33
37 53 35
34 52 36
35 52 36
33 53 37
31 56 39
30 55 41
25 52 39
28 55 43
32 52 42
35 52 44
38 50 46
39 47 42
42 43 39
41 43 38
40 44 39
39 41 38
34 43 40
29 44 41
26 45 44
21 49 48
16 46 43
15 45 47
14 45 49
12 44 47
15 38 48
13 41 45
14 36 48
15 38 47
17 40 47
17 38 48
18 37 49
18 37 48
15 40 45
17 36 48
17 38 47
13 39 43
12 39 49
15 39 49
15 44 48
17 45 49
21 39 49
23 45 48
27 46 47
28 43 48
31 45 46
33 45 46
35 40 39
36 52 44
36 47 42
36 49 40
38 52 43
38 51 42
37 51 40
39 52 40
36 47 40
37 51 41
37 52 41
36 52 38
36 53 40
37 53 39
36 52 37
37 52 36
36 52 37
36 52 38
38 52 40
37 55 39
38 53 39
38 54 38
37 51 38
36 50 40
38 51 38
38 51 38
38 51 39
39 52 36
37 53 38
39 53 37
38 53 36
39 53 37
38 53 38
38 51 38
38 53 37
38 52 37
38 51 37
38 49 38
37 51 37
38 52 39
36 50 38
36 53 38
37 54 37
37 53 36
36 52 39
37 52 42
36 51 40
36 50 43
36 50 44
34 46 45
37 47 48
37 47 47
37 47 46
36 46 48
36 42 48
35 45 49
35 45 51
34 44 48
34 43 50
35 43 50
37 43 50
35 44 50
34 43 50
34 42 49
34 43 50
35 44 50
35 45 51
34 42 51
35 43 50
34 44 51
36 43 50
35 41 50
35 42 49
34 42 50
33 43 50
35 42 51
34 42 50
34 44 49
35 41 51
34 42 50
34 42 52
35 43 51
34 41 51
33 42 50
36 43 51
34 42 51
34 40 51
35 44 51
35 41 49
35 39 51
35 40 49
33 37 49
33 37 49
34 39 51
31 39 53
31 45 53
31 47 52
34 45 51
34 45 51
35 49 45
36 47 44
36 44 44
34 49 45
35 49 40
34 51 41
34 53 40
34 55 40
34 54 39
34 52 40
34 48 41
34 46 40
32 47 42
29 47 44
30 48 43
27 48 44
25 47 43
25 47 44
22 50 46
22 48 46
23 48 44
21 46 47
22 48 49
22 47 48
21 47 49
19 51 47
17 47 49
14 50 47
15 51 49
14 49 48
17 47 49
22 46 48
27 38 51
34 36 53
40 33 51
41 37 53
42 38 52
39 42 49
39 43 49
37 44 49
34 48 48
31 42 46
29 45 44
28 42 48
28 42 51
24 42 52
24 42 51
23 38 49
23 36 50
22 35 48
20 38 49
19 33 48
20 32 46
17 37 46
21 34 53
22 40 51
27 37 52
25 32 51
22 34 53
22 37 50
20 29 53
24 35 50
24 36 50
21 35 51
24 33 52
23 36 46
23 34 50
25 34 49
23 34 49
23 34 51
22 33 50
23 35 52
23 33 54
22 33 47
22 34 48
23 34 52
22 33 48
23 33 51
24 33 50
24 35 55
24 33 52
23 33 48
22 35 52
22 33 49
22 33 50
24 34 52
23 33 48
23 32 52
23 33 51
22 31 50
24 34 49
22 34 52
22 33 49
23 33 50
23 32 50
22 32 51
22 32 50
20 33 51
20 37 48
14 41 50
15 38 49
16 42 51
19 43 50
25 43 50
28 43 48
33 41 46
37 43 44
39 42 40
39 45 39
39 51 42
37 51 39
34 51 39
33 58 36
30 59 39
30 58 38
30 51 32
30 53 32
31 55 30
32 52 30
32 53 31
32 53 31
27 55 33
28 54 33
27 54 30
29 52 33
29 50 32
30 51 30
30 51 30
31 52 31
32 51 31
31 52 32
30 50 32
32 51 32
28 54 31
27 51 31
28 51 32
27 51 30
27 50 30
25 53 33
26 54 31
24 55 28
22 55 31
24 53 30
22 54 29
25 53 31
22 53 33
25 53 32
26 52 32
25 50 31
24 49 31
23 52 33
23 52 32
24 50 31
23 52 32
23 53 31
23 54 30
21 50 31
22 53 33
23 52 33
25 53 33
24 51 33
23 50 32
22 52 34
24 52 34
24 50 35
24 51 38
25 53 38
25 52 37
26 53 38
27 53 39
27 52 39
25 54 35
27 52 38
25 54 34
27 52 36
28 56 33
27 58 33
29 58 33
27 44 30
32 25 41
27 48 35
30 63 25
31 59 22
24 41 29
25 25 41
31 49 47
30 63 20
36 63 16
25 37 22
25 19 42
23 50 46
30 59 39
33 63 18
30 62 18
31 41 33
28 16 49
27 53 43
30 63 19
34 57 18
29 35 30
28 21 44
29 47 41
30 63 17
33 61 19
30 44 30
31 14 47
28 50 45
26 62 19
31 63 17
31 42 28
28 19 41
22 48 42
25 63 24
31 63 12
29 59 23
30 40 35
26 27 47
28 54 39
24 63 19
36 62 15
29 46 30
28 12 44
26 48 41
27 62 25
33 63 16
31 52 23
29 35 40
26 37 46
24 51 29
29 63 17
39 62 17
30 34 30
29 29 42
26 54 38
31 63 16
36 61 18
29 31 34
28 35 43
25 57 34
34 63 15
33 57 21
29 31 39
28 43 42
23 62 25
32 63 12
33 55 25
29 33 39
28 43 42
26 63 23
34 63 14
31 49 26
28 33 40
27 48 37
30 63 21
35 60 17
29 38 29
27 28 42
28 57 37
32 63 16
37 59 17
29 33 34
25 32 44
23 61 34
32 63 14
35 53 20
31 43 28
26 24 42
26 50 39
30 62 19
37 63 18
29 38 31
29 25 41
29 48 38
31 63 20
37 63 19
27 43 30
26 29 41
23 47 41
29 61 24
35 63 15
28 57 22
29 43 38
26 24 46
29 59 35
30 63 19
37 62 17
29 40 26
27 18 40
23 51 40
29 63 25
34 63 13
30 47 22
29 21 37
27 41 41
28 57 35
29 63 16
35 63 16
29 45 29
27 10 42
26 53 41
25 63 25
33 63 12
29 52 21
30 39 28
28 21 42
26 49 39
27 62 26
32 63 14
28 53 24
27 42 37
25 39 42
24 58 31
32 63 14
34 54 21
27 29 38
26 41 43
24 58 24
35 63 11
34 53 21
27 30 42
25 49 41
24 63 19
34 63 15
30 54 33
24 29 46
28 56 42
24 62 31
25 60 31
29 63 35
29 56 30
32 61 29
33 59 28
25 42 25
15 39 38
13 33 33
17 52 35
27 46 36
44 47 36
38 45 39
33 54 34
26 51 32
18 55 33
11 52 38
12 43 37
13 57 36
31 46 38
40 54 40
51 54 34
31 62 39
03 51 40
02 33 32
13 50 37
30 54 42
54 63 28
45 48 39
26 48 40
00 43 35
08 48 30
11 45 46
39 59 36
52 63 27
36 50 37
13 50 39
00 43 33
03 62 33
20 43 39
46 63 29
53 58 27
29 48 44
06 50 37
00 27 41
14 58 36
34 36 37
59 63 19
39 52 36
11 46 42
00 44 42
07 49 37
38 47 33
49 62 23
38 57 32
14 41 46
02 49 40
14 49 33
42 50 30
43 61 30
23 61 41
03 43 43
09 50 38
20 52 40
57 59 22
45 54 30
09 44 43
00 37 38
11 46 38
46 56 28
48 59 26
27 55 41
06 47 43
07 48 35
15 49 38
29 57 33
58 62 23
46 58 32
18 47 35
00 43 39
00 58 40
17 56 33
36 62 34
59 63 23
44 55 25
14 49 34
00 29 43
09 53 32
19 55 39
57 63 22
45 56 32
29 58 39
04 41 37
06 46 30
18 43 29
26 41 23
20 49 28
25 59 30
27 51 32
24 52 38
21 62 33
22 50 31
20 48 35
21 56 33
21 52 28
22 48 30
21 52 27
21 49 25
21 49 26
21 48 26
21 50 28
22 49 27
22 49 27
21 51 27
21 51 27
21 49 28
21 49 27
22 51 26
21 50 28
22 52 28
21 49 28
22 51 27
22 50 27
21 49 28
22 49 28
22 52 28
21 50 30
20 49 31
19 52 29
19 53 28
18 51 31
19 51 30
21 52 33
22 46 37
23 57 32
24 53 34
27 53 35
25 56 34
25 53 35
26 55 33
24 58 29
25 57 33
26 36 36
29 21 43
28 49 38
29 63 24
27 63 21
25 42 33
25 15 43
25 49 46
32 63 25
36 63 20
23 31 23
25 19 39
24 49 40
27 61 26
35 63 10
27 56 21
24 29 40
22 44 42
25 62 21
36 63 18
30 45 25
25 27 41
26 49 37
25 61 26
34 63 12
29 52 23
24 25 39
27 46 39
26 63 20
38 63 16
30 48 28
24 26 43
24 51 36
30 63 18
38 62 18
30 29 30
25 23 43
24 54 34
33 63 17
33 59 19
26 30 33
24 32 43
28 54 31
31 63 17
31 60 20
26 31 35
23 49 40
23 62 27
33 63 19
29 47 26
24 23 38
25 52 35
27 62 22
34 63 18
28 49 31
26 27 39
25 49 41
28 62 20
29 63 21
30 47 31
28 24 39
24 52 38
29 52 34
26 63 19
34 62 23
26 43 33
27 19 41
24 54 35
29 61 25
31 63 17
27 42 24
25 15 36
22 52 38
26 60 26
29 63 15
31 55 24
27 26 35
18 32 39
25 54 35
25 63 17
33 63 17
30 36 30
25 21 43
21 50 38
26 63 18
34 62 18
27 32 32
25 29 43
22 55 37
22 63 20
30 61 24
26 37 30
24 31 38
24 51 41
22 63 28
28 63 33
27 46 36
28 56 29
31 56 30
30 55 29
24 41 28
12 34 28
12 43 28
06 50 32
31 58 39
34 53 41
39 62 29
35 59 28
12 42 35
05 26 32
09 57 34
16 48 34
43 60 25
50 62 28
33 56 36
11 52 37
00 39 35
03 49 37
24 54 35
58 62 19
42 54 34
08 35 43
05 50 40
26 50 33
35 49 25
25 32 29
22 40 23
16 51 44
26 55 36
27 54 30
30 59 34
24 61 33
24 58 27
22 52 27
20 49 29
21 53 29
20 49 32
21 50 30
21 49 29
24 54 34
25 54 33
26 54 36
26 51 36
27 57 33
25 55 31
24 50 34
23 53 31
22 54 31
22 49 31
22 52 32
22 55 33
22 52 35
23 52 34
24 51 33
24 52 34
24 54 35
25 53 36
27 48 35
23 52 36
23 52 37
22 49 37
23 51 36
23 51 36
26 52 35
23 54 35
25 49 35
26 52 35
26 54 35
26 49 36
25 52 36
23 52 38
24 49 37
25 52 36
24 54 37
23 49 36
24 53 36
26 50 37
25 51 38
24 51 37
24 50 37
22 54 36
20 53 36
20 49 35
20 52 33
19 51 33
19 52 32
19 53 31
20 53 33
21 53 34
23 52 36
22 51 39
25 53 39
28 52 39
29 48 40
28 51 39
28 47 38
24 50 36
22 51 37
22 50 33
22 48 36
21 51 37
20 50 38
22 50 38
21 50 41
21 50 41
20 50 42
19 49 43
19 52 41
20 52 39
21 48 43
22 47 42
23 51 41
23 50 39
25 46 42
26 46 38
29 44 40
30 57 40
33 44 34
31 49 36
15 47 34
00 35 41
04 54 41
20 44 38
42 59 35
49 63 31
39 50 38
15 47 41
00 36 44
04 56 37
20 46 40
50 63 27
50 59 33
26 35 45
02 46 42
04 50 40
19 49 36
49 58 29
45 54 32
28 38 42
02 50 42
05 48 40
17 43 41
47 54 28
50 63 29
26 46 43
02 45 41
04 47 40
14 44 37
40 58 30
44 63 28
42 51 30
26 49 38
00 46 46
02 47 44
16 59 34
41 51 32
49 63 27
39 51 32
13 52 37
00 29 46
05 56 30
28 57 31
55 63 27
45 51 33
18 49 40
00 35 45
07 51 35
39 46 28
48 63 25
19 51 43
02 33 41
12 44 28
20 53 26
22 43 27
21 60 34
26 61 29
27 48 30
27 49 35
23 53 33
23 49 33
22 47 37
19 58 33
20 51 29
21 46 31
19 49 34
21 56 33
21 50 36
20 47 37
20 50 37
23 50 39
23 48 40
23 46 39
20 50 40
20 48 41
20 47 36
18 51 34
17 51 35
20 49 35
19 50 35
21 48 35
20 52 35
22 50 35
21 50 36
23 50 34
22 52 31
22 52 31
22 50 34
19 52 33
20 50 32
20 48 35
20 49 38
21 49 38
18 49 39
18 51 41
19 50 40
20 50 41
21 51 41
21 52 38
23 49 37
22 48 36
23 48 38
24 46 37
25 49 36
31 47 36
33 52 34
31 48 35
19 51 31
06 50 28
01 41 38
07 63 38
28 42 34
51 59 28
50 53 28
34 52 38
02 50 43
00 25 40
14 55 34
28 39 34
51 63 29
51 57 28
37 49 33
00 42 43
00 41 40
14 48 38
31 39 33
57 62 26
49 52 30
31 45 34
00 43 40
00 47 39
10 59 37
30 47 35
58 63 23
50 50 30
25 45 35
00 45 41
00 50 44
12 60 32
38 41 30
56 63 24
43 45 35
36 48 34
08 52 36
00 46 43
10 60 28
24 43 33
54 62 22
48 53 26
28 51 39
03 51 36
01 44 34
14 54 31
40 53 27
53 63 23
37 51 36
11 46 41
00 43 38
15 52 34
49 53 20
45 58 24
20 48 42
01 46 43
10 48 32
38 59 28
44 63 25
29 56 35
02 43 41
08 52 35
35 57 29
44 62 24
28 51 32
05 38 39
16 55 34
39 49 29
42 60 26
28 58 36
15 44 35
10 44 31
16 49 28
21 48 27
29 48 27
33 49 30
34 61 32
37 63 29
32 62 24
32 52 25
24 50 30
20 32 34
21 48 39
22 59 29
31 63 09
29 56 16
27 40 25
26 34 37
27 49 36
29 62 16
36 63 11
31 45 23
26 27 37
22 48 38
24 62 19
34 63 10
31 46 20
25 27 36
20 46 37
24 62 22
32 63 07
29 53 23
25 29 36
23 44 38
25 62 26
31 63 10
32 55 18
25 27 33
24 42 37
26 53 35
29 62 17
35 63 11
31 50 23
28 26 38
23 46 37
24 61 24
32 63 09
34 58 17
28 44 32
27 25 42
28 53 35
29 62 13
36 63 15
31 38 25
26 16 40
27 55 34
27 62 18
32 63 13
31 41 23
29 34 38
23 51 34
32 58 23
30 63 10
29 47 27
22 32 42
26 53 37
33 63 15
29 56 16
18 23 27
16 38 35
11 54 33
18 60 25
23 60 25
25 61 25
27 57 25
29 54 26
31 51 27
28 48 30
28 48 30
26 48 29
24 50 29
22 48 28
21 48 31
18 50 29
18 50 28
18 48 30
19 50 31
19 53 30
20 49 30
20 49 31
21 50 31
22 51 32
22 50 31
22 51 31
22 51 32
20 51 33
21 51 32
21 50 33
20 51 34
20 53 34
20 50 33
22 49 34
21 52 34
20 51 35
21 52 34
21 51 34
20 48 36
23 51 38
24 53 34
24 50 38
25 52 35
26 54 34
26 54 35
25 54 35
26 57 32
25 61 30
26 49 33
28 37 36
26 21 38
27 54 44
29 63 28
29 63 25
25 46 24
23 23 36
21 50 39
25 59 36
27 63 19
32 62 23
28 43 35
25 14 41
23 54 42
23 61 27
32 63 14
31 57 23
26 34 36
23 23 41
24 51 38
26 63 23
36 63 19
29 37 28
26 27 40
22 49 39
23 61 27
30 63 14
32 55 24
27 40 36
22 24 42
26 49 38
26 56 31
29 63 14
32 60 22
27 34 36
23 22 42
23 52 37
30 63 19
36 63 18
28 34 29
26 35 40
24 47 37
26 63 19
36 62 18
30 39 32
26 24 41
26 52 40
27 63 18
37 62 18
29 36 29
25 29 38
24 52 36
27 63 20
36 62 20
31 35 26
27 27 39
25 49 37
29 63 21
38 63 19
30 32 27
24 23 40
24 52 38
28 63 18
38 63 19
31 35 27
26 26 37
27 51 37
27 63 17
29 63 14
32 58 23
29 35 35
23 36 37
27 57 28
32 63 14
34 61 25
28 41 33
26 28 39
25 46 34
31 63 15
37 63 19
29 39 28
27 29 38
25 48 34
27 63 19
36 63 20
27 39 27
25 42 36
26 49 35
29 62 23
34 63 20
34 50 24
28 36 32
23 48 33
26 56 30
28 63 17
32 62 21
25 38 32
23 28 40
25 53 34
31 63 18
36 61 20
28 36 35
24 29 41
25 55 33
32 63 17
35 63 18
30 47 27
24 28 40
22 54 37
28 62 23
33 63 16
28 52 26
27 32 37
24 39 38
26 52 34
28 63 17
35 62 22
29 32 31
30 23 43
25 54 40
24 61 23
33 63 16
30 56 25
26 43 38
26 21 42
25 54 37
27 63 17
35 62 21
29 34 33
28 21 42
26 54 38
29 63 18
33 61 22
27 29 33
17 30 35
18 49 35
17 44 34
16 56 23
20 62 24
25 62 29
26 54 29
27 51 28
26 51 30
24 48 32
25 48 31
20 49 31
21 48 32
20 48 31
21 50 29
23 48 31
22 47 30
24 52 29
23 51 28
25 49 28
23 51 28
23 52 29
22 50 28
20 50 27
21 50 27
21 50 27
20 52 27
20 50 28
20 51 29
21 51 29
20 52 30
21 51 31
20 54 31
22 52 30
22 51 31
21 53 33
21 52 32
22 51 34
21 53 36
23 50 37
25 51 37
24 48 37
24 57 33
26 56 35
27 52 38
26 56 33
27 56 33
26 59 31
26 48 33
30 34 39
24 25 39
27 46 45
24 63 21
32 63 22
27 44 27
27 31 36
26 35 40
28 53 40
27 63 22
34 63 24
29 46 31
23 13 38
21 57 39
26 59 31
21 63 13
27 51 21
29 26 36
28 30 44
31 52 39
30 63 25
32 63 25
27 47 29
25 14 36
19 55 38
24 62 27
31 63 18
29 55 27
30 40 34
26 15 41
24 51 38
26 59 28
28 63 18
32 56 23
27 45 32
28 25 39
26 49 37
26 63 22
33 63 20
29 45 24
26 18 38
21 46 35
22 59 29
29 63 18
34 57 22
28 39 28
29 25 41
25 48 37
23 63 21
35 63 15
30 49 26
26 24 38
22 46 36
21 62 22
34 63 11
32 54 26
28 34 38
26 43 41
24 58 28
30 63 12
33 58 23
27 29 40
22 40 36
25 62 20
38 63 14
32 48 28
27 31 44
25 47 39
21 58 28
32 63 15
30 20 24
28 52 33
22 51 40
26 61 26
37 59 19
33 46 21
29 49 29
26 36 35
25 45 33
29 63 24
34 60 19
30 42 30
26 25 41
26 51 38
32 63 14
37 62 19
25 34 32
26 29 44
28 55 37
32 63 17
35 61 21
27 35 30
26 33 40
26 53 34
35 63 19
31 53 26
25 26 38
26 54 39
24 62 32
27 63 24
26 56 36
22 51 39
24 57 30
29 57 28
33 57 24
30 50 24
28 47 28
23 52 35
24 52 39
20 50 36
07 37 38
08 52 40
20 62 30
31 55 29
49 62 24
44 41 28
33 57 32
04 52 36
03 38 38
19 37 36
38 53 27
46 63 26
24 45 36
16 42 35
19 46 23
19 39 29
14 47 35
19 56 34
21 61 36
25 53 35
23 53 36
21 52 36
22 47 36
21 45 33
20 50 32
18 50 32
18 50 33
18 49 32
19 49 31
19 50 33
20 49 34
20 49 33
18 50 32
19 48 33
20 48 34
19 48 33
18 48 34
17 47 34
17 48 34
17 46 35
19 48 34
19 48 36
21 48 35
21 47 35
21 50 37
21 51 35
20 50 35
20 49 36
20 48 36
22 49 35
20 48 35
19 49 36
18 48 35
19 49 34
20 49 36
20 49 35
21 50 35
20 50 35
20 50 34
21 49 35
23 51 36
26 50 35
24 50 36
24 51 36
22 51 35
21 51 36
19 53 34
20 51 35
20 52 35
21 51 35
21 53 37
20 51 37
20 52 37
20 53 38
20 52 40
21 50 40
22 52 40
22 52 39
23 49 40
24 52 39
23 49 38
23 48 36
21 45 37
22 43 38
23 45 37
22 46 38
26 46 39
27 49 38
32 44 40
33 44 33
25 56 29
07 49 32
00 35 38
06 55 40
18 47 38
39 59 35
55 63 28
45 50 38
23 50 41
00 41 43
02 44 39
15 53 36
32 53 36
53 63 25
48 49 36
29 47 40
00 45 41
01 34 41
12 47 35
20 56 32
41 62 29
51 63 28
42 51 35
18 45 40
00 44 43
05 52 33
14 58 35
37 58 31
52 63 27
42 51 36
24 48 38
00 46 45
01 55 42
14 56 34
34 58 34
54 63 23
45 47 32
28 44 41
00 43 42
02 46 38
16 44 37
32 44 39
54 62 30
50 55 32
33 45 42
12 50 40
00 47 43
04 57 37
15 56 35
41 51 32
55 62 26
46 48 34
32 43 39
00 52 39
01 46 43
12 47 35
18 51 37
46 62 31
55 63 29
39 44 36
12 51 36
00 46 41
06 57 35
18 48 36
43 62 30
51 62 27
39 48 35
17 54 35
00 50 41
03 61 35
19 53 36
49 51 26
49 62 27
35 53 40
06 52 42
05 41 42
14 45 33
39 45 30
54 63 18
37 55 35
11 42 40
10 34 31
16 41 28
18 52 24
18 50 30
21 62 35
26 61 33
28 49 31
27 49 35
26 52 36
23 48 33
22 51 32
19 49 33
18 49 32
18 50 29
17 50 32
19 51 35
18 51 33
19 52 34
19 53 34
20 50 34
20 51 34
19 49 35
18 50 35
20 51 35
20 49 38
20 52 37
18 49 36
19 51 37
19 51 39
19 53 38
20 50 39
19 50 37
21 43 40
21 55 36
23 46 35
23 40 39
22 46 38
23 48 37
26 45 41
23 53 35
31 42 41
32 45 34
27 53 29
08 51 31
00 31 38
09 56 39
20 44 39
41 60 35
51 63 29
47 57 34
27 47 39
00 49 40
05 40 38
17 41 36
27 45 44
51 62 29
51 58 31
33 43 42
03 52 41
02 40 39
14 52 38
34 55 36
53 62 27
47 51 33
26 42 43
02 53 41
06 46 37
15 49 41
40 59 35
51 63 28
37 53 34
14 48 44
04 48 39
15 46 34
48 52 26
42 58 33
23 51 43
04 44 49
17 45 34
44 54 29
37 61 34
13 51 41
14 47 37
35 50 36
42 59 32
23 61 35
15 49 36
17 34 30
23 43 27
25 48 25
23 48 36
25 52 34
25 55 33
26 53 32
22 57 35
22 55 35
22 53 35
21 53 34
19 53 31
19 50 30
20 51 32
19 52 32
20 50 32
19 50 33
20 53 33
18 52 34
19 50 35
19 50 36
21 54 35
23 52 36
24 53 34
26 54 36
26 55 35
26 52 34
27 57 32
27 56 30
26 46 32
25 40 36
24 19 36
27 49 42
25 62 21
32 63 21
27 54 29
25 40 37
27 33 39
24 50 39
28 62 23
36 63 14
31 59 24
24 35 37
23 43 43
26 53 29
32 63 14
35 59 23
29 30 36
27 39 40
28 52 30
30 63 15
34 60 21
27 32 37
23 35 42
26 55 31
33 63 13
35 60 22
28 33 35
26 36 40
28 50 31
34 63 15
36 60 21
28 32 34
24 32 41
28 52 30
33 63 15
37 55 20
27 36 35
24 33 40
28 50 31
33 63 15
36 59 20
28 32 34
24 40 40
29 50 34
30 63 18
38 63 16
30 36 27
25 33 43
26 53 35
32 63 17
36 61 18
32 38 28
26 33 40
29 51 33
30 63 16
38 62 18
29 37 29
26 31 42
26 51 34
31 63 16
36 61 17
29 37 31
25 26 44
28 51 36
30 62 16
36 63 19
31 47 31
27 30 40
27 55 37
26 62 24
32 63 15
30 50 27
26 34 37
24 51 36
25 61 27
31 63 15
30 52 24
27 34 36
27 44 36
28 59 27
31 63 20
35 63 24
28 44 30
25 30 38
23 51 37
27 62 24
33 63 15
33 52 26
31 27 37
25 47 35
29 57 35
29 63 18
36 60 25
28 34 35
29 26 43
25 57 39
27 62 23
31 63 22
28 40 31
29 32 38
24 51 36
31 60 27
31 63 18
28 56 27
27 31 38
22 41 37
28 49 35
25 63 18
35 62 26
31 32 34
27 24 42
22 52 38
24 62 23
32 63 17
31 54 27
28 29 38
22 44 37
24 57 30
24 63 14
34 63 19
30 42 29
29 29 37
23 44 37
26 58 30
28 63 14
35 57 22
29 32 34
23 27 39
24 52 38
27 61 25
31 63 19
33 53 24
27 30 33
25 44 38
22 61 28
27 63 15
33 60 25
30 35 35
25 36 41
23 57 31
29 63 12
32 51 24
25 30 39
22 51 36
26 62 21
31 63 16
18 35 26
18 42 31
20 49 30
22 56 30
22 59 27
24 57 26
26 57 22
29 52 20
29 49 23
29 48 22
25 48 23
26 46 24
24 48 21
22 47 22
23 46 21
23 49 20
23 47 22
22 48 20
21 50 21
22 48 23
22 49 21
23 48 19
23 48 23
22 48 24
23 50 23
23 50 25
23 49 26
22 49 28
23 53 30
23 51 30
24 51 30
22 51 32
23 52 33
20 50 31
21 50 31
20 50 34
22 49 34
19 49 35
19 50 35
20 49 38
21 50 39
22 49 38
22 49 40
20 49 39
20 51 39
20 49 41
20 51 41
21 53 41
20 50 40
20 54 40
22 49 41
24 42 40
24 46 38
28 44 42
29 44 41
29 57 37
35 42 36
34 49 35
21 57 35
03 44 41
02 50 38
14 62 36
30 49 39
48 61 36
47 57 36
29 54 39
06 47 41
06 38 38
16 46 36
34 58 33
57 63 29
45 53 36
19 47 43
00 47 41
11 53 37
21 45 39
41 56 34
51 63 29
39 50 37
21 52 40
00 50 45
03 54 40
19 60 38
35 44 40
53 63 29
47 61 32
35 51 40
20 56 33
00 35 43
08 62 29
20 48 33
34 50 39
50 63 32
48 54 35
32 51 35
07 43 39
03 43 36
13 48 33
26 56 34
51 63 27
49 62 33
32 52 39
11 48 39
01 40 39
15 47 32
24 51 31
48 62 28
48 58 31
36 51 39
16 59 36
00 45 41
03 55 40
14 57 34
44 52 31
53 63 26
44 48 32
27 50 35
01 50 39
03 45 34
15 51 36
32 46 37
54 63 28
54 63 26
42 52 34
21 50 38
00 48 39
04 53 38
15 54 35
42 54 31
50 63 27
41 49 33
18 53 36
00 46 43
05 52 38
18 49 37
39 50 33
53 63 25
44 45 33
27 54 34
03 47 41
05 45 34
15 52 38
29 53 35
54 62 27
47 55 32
34 44 39
02 51 41
11 51 33
22 43 38
44 48 25
39 63 27
21 41 35
16 36 35
18 51 24
21 45 23
16 46 29
23 63 28
28 61 31
29 51 28
29 44 29
26 46 28
25 58 26
24 52 32
25 56 30
22 48 29
21 46 27
26 51 30
24 53 27
23 61 18
22 56 19
27 49 23
27 42 27
27 43 24
24 42 23
22 51 19
24 52 18
23 48 20
23 49 19
22 48 21
22 47 22
22 47 19
23 46 20
23 48 21
24 48 20
26 48 22
23 46 21
23 48 22
23 48 22
22 49 20
25 50 19
23 48 21
24 49 22
21 48 24
21 49 25
24 50 26
25 47 26
26 49 28
27 52 29
25 49 29
25 49 27
25 48 25
24 51 25
22 51 26
23 52 28
21 49 26
21 50 25
19 51 28
22 51 27
21 51 29
22 51 30
21 54 31
20 54 31
21 49 31
22 50 33
23 52 33
22 47 35
24 52 36
25 56 35
26 53 33
24 53 33
26 54 37
27 54 32
26 57 31
29 48 26
25 39 30
24 43 37
28 28 40
27 51 41
31 60 25
31 63 21
28 56 24
26 33 35
20 30 42
29 52 41
28 63 22
35 63 20
33 60 25
26 44 33
24 16 42
24 56 42
26 62 26
34 63 16
33 49 26
30 40 37
26 29 41
29 52 39
25 63 19
32 63 19
28 43 26
26 33 39
21 47 43
23 62 22
35 63 17
31 48 27
27 35 36
26 47 41
26 62 22
33 63 16
30 44 26
26 30 39
27 49 35
29 63 22
37 62 16
29 39 29
25 25 41
25 53 38
33 63 15
36 59 20
29 33 32
25 35 40
28 49 33
33 63 15
36 58 21
28 35 38
25 25 42
25 55 37
30 62 17
37 62 15
31 32 30
25 31 42
27 52 35
32 63 14
36 57 19
26 35 39
21 43 38
28 60 28
35 63 10
31 49 23
23 29 40
14 48 32
15 47 31
15 42 31
15 62 21
21 63 22
26 57 22
28 56 28
30 52 31
29 51 34
27 43 35
23 45 35
19 55 33
16 51 30
17 50 32
16 50 32
17 51 32
18 50 35
19 49 34
18 53 33
18 52 34
20 51 35
19 52 34
19 52 36
22 53 35
24 52 32
26 53 37
25 53 33
27 50 35
25 53 32
26 56 32
27 44 31
28 48 36
27 25 39
26 43 43
27 61 23
31 63 23
27 59 26
26 46 34
22 21 42
25 52 40
31 62 17
36 63 15
32 44 26
28 38 43
20 37 45
25 54 40
28 62 19
33 63 13
31 43 22
29 29 36
22 38 36
28 50 33
28 63 18
34 63 18
33 41 28
28 37 39
23 51 39
25 60 30
25 63 12
35 63 17
26 42 30
23 14 39
22 52 40
29 62 19
38 63 19
29 41 30
24 34 35
14 47 33
18 48 35
16 40 29
18 56 25
23 62 26
26 57 32
26 61 29
28 53 32
25 50 35
24 53 30
20 50 32
20 47 32
19 50 32
17 48 32
17 50 33
19 48 33
20 50 34
22 51 36
22 50 36
20 51 37
19 50 36
18 49 36
18 51 36
19 52 38
21 49 39
22 51 36
26 55 37
25 52 35
26 49 37
25 53 35
25 54 34
26 56 33
27 48 32
29 44 38
24 14 41
28 54 48
29 59 29
27 63 20
28 58 25
26 34 34
23 26 42
25 50 43
29 63 28
35 63 24
32 57 30
28 38 36
24 19 40
23 50 40
23 62 30
27 63 20
27 55 23
29 35 28
27 26 39
26 55 39
30 63 26
34 61 28
28 39 32
28 27 38
24 52 36
24 63 24
32 63 17
31 51 26
27 28 36
24 47 37
24 62 22
32 63 16
32 51 24
28 38 30
29 32 38
27 51 34
29 63 21
35 60 21
30 37 30
27 31 37
27 52 34
31 63 19
34 58 23
29 36 32
27 44 36
28 60 25
31 63 15
30 51 23
27 37 36
25 51 39
25 58 31
29 63 18
33 55 21
28 38 33
23 43 35
24 62 32
23 62 28
23 55 33
24 52 36
26 58 31
25 59 31
30 56 31
30 54 31
29 52 28
25 42 27
20 35 33
12 34 38
09 35 39
13 62 36
23 61 39
53 63 25
51 63 27
38 48 33
14 50 36
00 42 40
06 55 37
19 54 33
46 62 26
42 63 28
23 54 42
07 30 42
21 47 37
40 62 20
32 60 27
14 32 36
18 41 37
22 53 30
20 46 31
22 52 36
23 62 33
26 61 35
24 51 38
23 46 40
22 51 40
19 55 37
19 51 36
18 48 35
18 49 35
18 50 36
19 48 38
18 49 37
19 51 37
19 51 40
19 51 39
19 52 38
21 52 40
21 50 38
21 52 36
23 50 40
22 50 40
25 50 38
29 50 39
33 49 36
31 60 33
34 45 32
24 52 34
00 43 38
04 46 40
14 61 37
32 48 38
53 62 27
51 60 29
35 48 37
01 46 41
03 36 37
17 48 36
34 43 38
56 63 28
53 54 31
34 45 38
00 48 42
03 45 36
15 43 36
31 45 36
55 63 30
50 58 31
31 40 39
04 49 34
08 46 35
17 45 37
45 52 30
52 63 29
41 52 33
19 47 37
00 49 40
10 51 34
10 61 35
28 55 35
51 62 29
48 59 30
40 47 34
07 52 36
02 39 38
10 54 30
31 49 33
50 62 29
49 58 32
29 52 39
03 54 37
08 39 32
20 53 27
37 53 36
47 62 31
38 49 38
15 46 43
09 49 30
18 46 33
39 45 33
41 63 33
32 57 40
08 45 40
08 46 32
32 50 29
44 60 32
38 59 36
21 50 40
09 43 29
18 43 25
25 49 30
36 51 32
35 61 30
37 63 33
36 62 34
32 58 31
28 56 30
23 37 37
19 41 36
29 49 25
30 63 09
32 61 19
27 37 31
29 36 43
29 52 38
31 63 16
37 63 17
27 33 28
24 22 43
24 57 38
29 61 21
34 63 12
31 43 24
27 32 40
22 49 38
28 61 30
31 63 13
33 48 24
30 32 36
27 44 34
36 57 36
28 63 18
33 63 20
27 39 33
23 17 44
26 52 39
29 62 16
36 62 19
30 32 32
27 30 44
25 51 36
29 63 17
34 59 22
23 34 33
22 38 42
19 44 40
20 61 32
26 61 24
35 62 32
39 61 30
34 54 28
26 47 26
09 34 37
11 34 35
15 46 36
22 48 36
39 59 30
60 63 24
32 54 39
04 47 39
08 36 38
19 52 37
39 56 22
31 63 30
17 34 38
24 45 38
24 52 39
23 40 40
26 62 33
33 61 40
34 55 41
33 53 41
30 51 39
27 49 40
23 50 42
24 48 42
24 52 43
26 53 41
25 51 40
27 51 40
30 52 40
30 52 41
30 53 40
31 55 38
30 52 39
29 52 39
30 53 40
27 51 37
29 47 38
25 50 39
27 52 39
34 57 39
32 58 40
33 53 38
26 49 38
24 50 38
22 52 36
23 53 36
24 54 36
24 53 36
26 53 36
27 52 36
27 52 36
27 53 37
28 52 37
28 53 37
28 53 37
27 51 38
28 50 39
25 51 38
26 51 37
25 51 37
24 51 37
24 53 35
22 51 33
22 52 33
23 51 35
21 51 34
20 50 36
21 50 36
21 49 38
20 53 36
21 52 41
21 51 43
22 49 42
24 50 43
25 46 41
27 47 41
25 46 41
26 46 38
24 48 40
22 46 40
22 46 39
18 48 39
19 46 38
19 48 37
17 48 37
18 49 40
19 48 41
20 48 43
22 46 44
23 50 41
21 46 46
20 49 41
18 53 41
20 50 45
20 49 44
21 50 43
18 50 42
21 49 42
22 49 38
21 49 41
22 49 42
22 51 36
22 52 41
25 49 40
25 50 38
27 51 37
27 49 41
27 49 38
25 49 36
27 49 36
26 48 34
24 49 35
23 51 35
22 50 36
22 50 36
20 52 36
21 52 35
24 52 35
23 48 34
23 47 34
22 49 33
21 48 34
19 47 33
22 43 35
21 44 35
21 46 35
20 46 36
17 44 36
17 45 35
16 45 34
12 45 34
08 46 36
07 44 35
10 43 34
10 43 35
12 40 36
12 41 36
11 41 37
12 40 37
13 40 38
16 38 37
15 39 36
14 38 37
13 39 38
10 38 36
12 38 34
12 39 35
13 39 35
13 39 33
12 39 33
13 38 35
11 38 35
12 39 36
12 37 36
13 38 34
12 39 35
11 39 34
12 39 35
12 39 34
12 39 33
13 40 34
11 39 34
11 40 35
13 39 35
12 39 36
13 38 35
13 38 35
13 40 35
13 39 35
12 39 35
13 38 34
12 38 34
12 39 33
11 39 34
12 39 35
12 39 34
12 39 36
12 38 34
12 38 35
12 37 35
13 39 34
13 40 34
13 40 34
12 39 34
13 38 35
12 39 34
12 40 34
13 38 35
12 38 34
13 39 35
14 38 35
13 40 34
13 38 33
13 39 35
12 39 35
