22 49 35
22 49 35
22 52 35
22 52 35
21 52 34
22 51 34
20 50 35
22 52 34
22 50 34
22 51 35
21 51 33
20 50 34
21 49 33
21 49 33
20 51 35
18 49 34
19 48 34
16 53 34
18 52 35
18 51 32
19 50 33
19 53 33
21 50 33
21 51 33
24 51 34
25 50 35
25 51 36
25 50 38
25 51 39
26 49 40
25 49 41
25 47 42
22 45 41
21 48 41
21 48 43
21 47 41
22 47 41
21 47 42
22 47 42
22 47 42
24 48 42
20 49 41
22 49 40
24 47 38
22 49 37
24 49 36
24 50 36
23 49 37
24 50 37
23 49 36
23 52 36
23 51 37
23 50 37
24 50 38
21 52 37
22 51 38
22 52 38
24 52 39
23 50 39
22 50 39
22 53 37
23 51 39
23 50 39
23 50 39
22 50 38
22 50 37
23 49 38
23 50 38
23 49 37
22 51 38
22 51 38
22 50 38
22 49 38
23 49 37
22 50 37
22 49 38
22 49 38
23 52 38
23 51 39
22 50 38
23 49 38
23 49 38
22 51 38
23 50 38
23 50 38
23 50 37
22 49 38
24 50 38
22 51 37
23 50 40
23 50 38
22 51 38
23 50 37
23 50 39
22 50 38
24 51 37
23 49 37
23 50 37
22 51 37
22 49 37
23 49 37
24 49 37
22 51 38
23 51 38
22 51 38
22 49 38
20 51 38
20 49 37
21 50 37
22 49 38
23 49 37
24 50 38
24 50 37
25 50 38
25 49 37
24 51 37
23 50 36
20 54 34
21 50 34
21 50 35
22 51 34
23 50 35
23 49 35
22 49 35
23 50 34
20 50 35
20 50 35
19 50 36
19 50 35
19 51 36
21 50 36
22 51 36
25 52 35
25 52 35
26 51 34
25 51 35
23 51 35
21 51 35
20 51 35
19 50 36
19 50 36
20 50 35
21 50 35
21 50 36
24 50 37
24 51 36
26 52 38
25 52 37
27 51 37
26 51 36
26 51 36
23 51 35
23 51 36
22 51 35
22 52 35
22 50 35
20 50 35
21 49 36
20 50 36
20 50 35
21 50 36
22 48 36
21 51 35
18 52 36
18 48 37
19 50 36
22 50 36
24 50 36
24 51 35
25 52 35
23 52 36
24 51 36
24 51 36
25 52 36
25 52 36
23 52 36
24 52 36
24 51 35
25 52 34
24 53 34
24 51 34
23 52 33
23 52 32
25 53 32
24 50 31
26 50 32
25 51 30
25 52 30
26 51 32
26 51 31
26 52 31
27 51 30
26 52 29
25 51 30
24 52 29
25 51 29
25 50 31
25 50 29
25 52 30
26 51 31
26 49 31
27 50 32
26 51 31
25 51 32
23 52 32
21 53 33
21 52 32
22 53 31
21 53 31
21 52 31
19 52 29
17 52 31
17 52 29
16 50 31
18 50 30
21 51 32
22 54 33
24 53 34
25 52 36
26 53 36
26 55 36
27 49 38
27 50 35
28 51 37
26 51 34
25 51 34
27 52 33
27 54 33
27 55 32
30 54 36
30 46 34
29 44 30
33 33 36
33 44 37
33 53 32
26 63 25
23 62 22
30 40 28
25 31 36
29 53 41
32 61 30
32 63 21
25 54 25
27 34 31
28 53 41
33 53 35
29 63 25
29 57 20
31 38 25
27 29 39
30 47 42
27 63 28
28 63 20
26 49 26
29 40 34
28 28 44
29 46 43
28 63 24
33 62 22
29 41 29
30 28 39
25 49 44
26 62 36
28 63 24
31 55 23
31 34 30
29 23 43
28 49 44
27 63 34
31 63 24
30 54 27
30 45 36
27 22 43
29 45 43
31 59 31
30 63 23
32 54 22
30 44 35
29 29 44
27 47 42
29 63 25
36 63 23
27 48 36
30 35 40
26 44 44
26 63 28
36 63 23
37 43 29
33 33 40
27 49 43
31 50 42
32 63 22
36 61 22
33 35 32
32 28 43
28 50 43
31 63 25
38 62 23
33 35 35
34 24 41
29 52 44
31 63 25
39 62 25
34 48 32
29 27 41
27 57 46
29 63 32
36 63 28
38 50 29
33 25 36
27 52 41
28 63 28
37 63 27
35 54 31
33 31 37
28 53 41
28 58 32
33 63 23
35 56 25
26 37 35
28 38 45
29 45 43
34 63 24
38 63 19
33 45 31
30 27 42
26 46 37
29 63 26
35 62 24
35 51 34
33 40 42
31 51 44
29 63 30
33 63 24
32 49 29
27 31 37
27 56 42
29 61 31
38 63 20
36 46 23
31 27 34
26 49 44
30 56 41
33 63 23
38 59 25
32 40 33
30 27 41
30 51 42
30 63 28
35 63 25
37 50 24
31 33 35
28 36 40
32 49 41
31 63 28
37 63 28
32 48 32
29 29 39
27 54 41
28 62 32
34 63 25
36 55 29
27 34 36
29 43 38
30 52 40
31 63 31
34 62 26
28 44 29
31 32 38
30 50 39
31 58 32
31 63 25
31 59 29
28 47 32
30 20 38
27 51 44
26 61 33
28 63 26
34 60 24
29 42 34
30 19 40
27 56 43
25 63 29
32 63 22
33 58 23
34 42 30
31 20 41
27 53 45
28 63 29
34 63 21
34 47 24
33 39 33
30 31 41
29 51 41
30 63 27
38 62 25
33 44 29
32 29 33
28 51 37
29 53 35
28 63 25
33 59 26
27 42 33
29 29 37
27 51 41
27 63 33
32 63 25
33 53 23
32 40 24
35 35 36
28 45 44
26 59 34
32 63 21
39 56 22
31 37 33
30 30 38
27 46 39
31 63 22
40 62 20
33 41 27
31 29 36
26 47 41
27 63 27
39 63 20
36 50 27
31 36 35
29 49 43
28 60 33
35 63 22
36 56 21
30 40 33
31 28 41
31 47 40
32 63 24
41 62 19
33 42 27
31 33 41
29 51 40
32 63 28
37 63 21
37 49 29
32 34 38
30 54 42
29 62 31
34 63 21
35 50 25
32 31 34
26 52 42
30 62 33
36 63 22
33 52 26
28 30 36
23 52 41
22 63 38
28 59 30
20 63 34
34 61 35
35 61 28
31 56 28
26 45 30
23 41 33
13 27 38
20 48 34
20 53 37
34 55 40
52 60 38
48 61 40
41 50 36
24 52 38
05 45 43
07 45 41
22 51 37
37 54 39
57 62 31
46 51 42
27 53 42
13 46 37
06 46 35
14 56 40
23 50 48
47 59 38
53 62 33
38 52 39
18 47 36
03 46 38
09 53 39
22 48 40
39 50 41
54 63 31
45 52 34
31 45 42
06 45 42
03 36 36
13 49 40
32 47 44
52 63 35
52 54 31
37 43 35
13 55 37
00 45 45
11 59 37
26 59 42
43 53 41
52 62 30
41 50 33
26 50 34
06 43 42
04 38 38
17 50 41
30 49 44
45 61 37
48 61 35
49 46 30
26 54 34
03 49 40
03 55 32
15 49 37
28 52 41
45 62 37
51 59 32
40 55 36
24 55 36
00 45 44
08 58 39
14 57 31
22 59 38
40 60 41
57 63 30
46 43 35
26 41 32
08 51 39
01 44 38
13 49 41
28 58 42
47 57 39
51 61 34
41 49 35
19 49 39
00 45 45
09 57 38
18 47 40
31 57 44
42 59 44
50 60 37
44 49 37
29 47 37
06 47 44
01 46 41
15 48 39
25 61 43
36 49 50
48 57 41
45 46 41
31 43 38
13 47 40
01 47 47
08 56 47
20 52 48
40 50 48
56 61 40
46 44 43
23 40 44
14 47 42
03 43 45
11 50 44
23 53 51
39 50 50
53 57 41
44 45 45
26 45 45
11 47 42
05 45 43
13 48 44
26 53 51
42 51 48
49 54 42
45 48 43
25 50 45
09 48 42
05 43 45
12 47 43
23 47 46
36 48 51
54 58 42
46 42 40
38 47 39
13 47 44
04 44 41
13 46 40
29 52 45
53 61 43
47 44 42
38 50 48
09 46 45
07 46 38
17 45 39
36 55 41
55 61 35
47 50 37
28 51 46
08 53 43
09 43 40
20 43 41
39 46 42
54 63 35
48 53 38
34 51 42
09 47 40
09 47 34
20 45 35
44 54 36
50 63 34
37 60 39
19 41 34
13 43 32
25 49 35
32 53 26
35 63 31
38 63 33
33 45 31
26 56 29
22 36 31
25 38 33
34 51 34
33 63 25
34 62 18
27 42 22
28 29 31
29 52 37
34 57 31
35 63 15
38 61 21
28 30 32
27 43 39
27 51 32
33 63 14
37 60 18
29 31 32
29 33 36
28 52 36
32 63 19
37 63 16
29 42 30
26 29 41
33 48 35
41 63 14
34 46 20
21 35 34
14 56 36
15 56 38
12 57 32
21 59 25
24 62 22
29 60 27
29 55 26
29 52 31
28 47 36
29 51 37
25 45 36
25 46 36
22 48 36
22 47 36
18 47 38
20 48 38
19 50 38
17 49 38
17 53 37
19 51 38
19 49 37
21 48 37
19 51 36
21 49 36
21 49 36
22 48 37
21 48 34
21 48 37
21 49 37
21 49 36
21 49 35
21 50 37
23 50 36
26 48 37
25 50 36
24 50 36
23 49 36
21 51 35
18 51 35
20 50 36
18 50 37
20 50 37
20 50 36
21 50 36
22 50 36
23 51 37
22 52 37
23 52 36
20 50 36
20 49 37
21 51 37
21 50 38
22 50 38
23 51 39
23 50 40
25 51 39
26 53 41
27 51 40
29 52 38
26 52 37
27 52 38
27 55 37
26 58 36
25 54 34
26 58 37
28 42 40
31 23 41
32 49 45
30 60 35
27 63 29
27 53 27
28 39 34
28 22 41
28 51 45
30 62 35
32 63 26
30 56 28
30 34 36
26 27 44
28 50 40
27 54 35
22 63 20
33 61 23
32 44 31
31 31 42
32 46 47
31 60 40
31 63 26
30 54 26
26 36 29
26 26 40
29 45 39
28 62 29
34 63 24
31 44 30
30 28 39
25 33 48
29 46 43
26 63 25
35 63 22
28 40 34
31 36 41
24 49 43
26 61 33
28 63 27
34 63 19
30 48 32
28 29 39
25 45 45
27 62 29
37 63 18
34 51 22
29 31 36
26 43 41
29 59 33
34 63 19
38 57 23
28 36 32
27 32 41
29 49 40
30 62 26
33 63 21
33 47 28
29 34 37
26 43 39
26 58 29
29 63 22
32 53 28
25 28 35
26 34 38
28 50 37
28 62 30
28 63 20
27 49 26
30 32 35
24 40 39
26 50 34
27 63 25
34 62 24
28 40 29
28 31 37
26 49 38
25 63 24
31 63 20
33 58 24
27 32 33
27 37 40
27 49 36
29 63 21
36 63 20
30 44 29
27 33 35
28 44 35
29 63 23
36 63 17
30 47 30
30 34 37
26 52 37
30 63 23
36 63 17
28 46 25
27 38 34
28 39 36
34 48 31
36 63 21
37 61 18
28 42 30
27 33 45
25 51 39
32 63 26
35 51 24
24 42 35
24 45 39
28 62 34
32 63 34
35 54 30
35 56 27
33 52 33
27 47 32
22 51 33
17 43 42
10 46 48
16 48 39
33 49 34
49 50 32
48 62 29
32 50 43
08 46 47
16 54 43
39 50 33
29 62 33
23 35 33
22 49 35
17 49 40
15 55 38
20 52 41
21 60 39
24 54 38
24 48 40
25 47 40
25 46 42
26 48 41
23 46 41
21 45 40
21 46 40
19 48 41
18 46 42
18 45 43
19 48 42
18 46 42
18 47 43
19 47 42
18 47 43
19 47 42
23 47 41
24 47 41
26 47 40
27 47 40
28 45 40
24 46 43
21 48 42
20 49 42
15 50 43
15 49 42
16 49 42
14 48 43
16 48 42
17 49 43
20 47 42
23 47 42
24 48 42
24 47 41
24 47 40
25 48 41
28 46 42
28 48 42
29 52 41
25 49 41
20 49 44
15 48 42
16 46 43
19 47 44
20 48 44
21 49 45
22 49 48
23 49 46
25 50 45
32 50 43
30 49 44
30 48 43
27 49 43
28 47 42
28 48 40
32 48 41
30 54 38
34 39 35
29 48 38
20 51 36
06 43 39
05 47 47
13 62 45
36 43 41
60 62 35
47 58 38
34 49 42
06 50 45
02 34 40
12 48 39
31 49 38
49 62 35
51 60 34
39 49 38
13 57 43
00 41 50
07 61 37
25 48 37
51 59 37
51 60 34
43 47 44
18 53 38
00 46 47
01 39 40
12 45 41
29 59 43
50 62 36
52 61 29
35 45 42
12 54 43
00 39 51
06 56 36
23 53 38
42 49 41
55 63 35
43 48 37
25 44 37
03 50 42
02 50 39
19 44 33
43 47 39
60 62 35
45 48 44
25 50 42
08 51 38
02 41 36
13 50 38
31 53 41
48 54 41
41 57 37
37 53 31
15 52 38
03 49 39
08 48 43
25 51 35
40 46 42
59 60 30
42 51 37
20 52 35
05 49 40
06 56 40
16 46 44
34 53 41
55 53 30
46 46 33
25 51 42
09 51 42
03 49 45
13 51 38
22 52 41
44 55 36
57 63 28
39 53 28
21 56 39
04 55 42
05 49 37
14 51 35
27 56 44
43 53 40
52 61 28
38 44 30
20 48 38
08 54 42
04 50 40
15 47 42
31 55 42
53 53 33
50 56 33
20 53 48
00 48 45
07 56 38
26 51 39
51 57 32
37 55 41
11 41 46
17 53 38
35 47 31
37 57 38
26 60 41
08 40 38
19 52 30
23 52 33
25 43 31
27 51 38
25 63 43
27 43 39
23 44 42
21 48 42
20 51 37
19 50 38
18 46 38
20 49 38
22 50 37
23 46 39
24 46 37
26 49 38
26 49 38
23 49 36
19 49 34
15 52 31
13 52 31
13 53 32
16 53 32
18 52 35
21 51 34
25 51 32
28 51 34
27 51 33
26 50 34
25 49 32
21 49 32
18 49 31
17 51 31
16 49 31
16 51 31
17 52 32
19 50 33
23 50 36
25 51 35
26 52 34
23 53 34
17 51 32
18 51 32
21 48 34
21 48 39
24 48 40
26 52 42
24 51 45
25 53 42
23 55 40
23 50 41
24 49 39
24 50 39
27 52 39
27 53 38
28 55 38
28 54 34
23 59 46
27 62 41
27 44 37
31 23 35
34 46 46
31 44 43
30 63 28
34 60 29
27 50 35
27 29 43
22 50 47
33 56 44
31 63 30
35 62 27
25 38 34
30 26 42
24 53 47
30 62 38
31 63 26
34 51 30
28 37 34
26 27 42
27 47 42
29 62 34
32 63 27
32 51 31
31 36 43
28 36 50
29 45 43
32 63 28
33 62 23
26 36 31
29 40 43
26 38 49
31 45 40
29 63 23
33 63 22
26 33 29
26 48 37
26 26 44
27 53 43
31 63 29
33 63 19
27 43 29
29 29 37
25 34 46
27 52 42
28 63 27
37 62 21
29 40 29
28 27 37
24 51 43
25 62 38
26 63 26
35 59 24
30 38 28
28 24 40
27 46 42
29 53 34
32 63 17
33 55 23
28 34 34
27 45 44
28 54 40
32 63 27
37 54 23
29 36 31
28 37 38
28 48 36
31 62 29
35 62 24
30 46 32
27 34 38
26 53 36
30 59 30
32 63 23
28 54 28
26 38 36
26 50 39
32 57 35
31 62 27
33 56 28
28 37 32
27 43 35
28 50 34
30 58 26
32 62 24
30 49 31
27 40 38
26 52 36
29 58 31
29 63 23
30 58 26
27 37 33
25 36 38
25 52 36
31 61 28
32 63 23
29 57 28
24 36 35
25 55 35
30 58 34
30 63 27
28 59 31
28 54 32
26 38 35
28 43 38
30 49 36
30 63 26
33 62 27
24 51 32
23 36 36
23 44 41
28 48 37
33 63 25
36 60 25
30 42 31
28 37 37
24 53 37
29 58 31
26 63 24
32 52 25
29 37 34
27 26 40
24 57 39
24 62 29
28 63 25
32 55 24
29 38 34
27 28 41
26 53 41
24 63 28
31 63 23
30 49 30
29 33 37
27 42 43
27 50 39
26 62 28
31 63 26
30 41 32
28 31 41
28 51 43
27 63 24
30 61 29
25 38 36
22 38 41
20 57 40
13 57 33
28 62 32
30 56 32
33 61 34
27 57 36
26 54 32
26 41 33
15 23 22
15 50 34
18 58 40
31 52 42
37 52 37
38 59 32
34 59 33
19 51 38
06 31 35
13 56 37
21 49 31
36 55 30
58 63 22
35 54 35
11 45 41
06 44 35
20 51 36
40 53 30
37 61 33
20 46 39
18 48 38
21 45 30
16 41 30
19 48 33
24 54 36
26 62 36
27 52 36
23 54 41
18 54 42
17 49 41
17 44 42
17 45 43
16 44 43
17 44 42
20 45 41
19 43 39
18 45 40
19 45 40
19 43 39
18 45 40
19 44 41
18 44 41
16 44 43
18 44 44
17 43 43
18 41 43
17 41 43
17 43 42
18 43 42
20 45 41
20 45 41
22 45 40
22 45 39
22 47 41
22 46 40
22 45 39
19 49 42
21 50 42
18 47 43
20 47 44
19 49 44
17 49 41
17 49 41
18 49 39
16 49 40
14 49 42
16 51 41
18 51 44
21 51 42
24 52 43
23 51 43
23 47 41
24 43 41
24 48 39
26 45 41
26 47 39
25 50 38
30 44 40
28 61 38
34 37 36
29 50 35
20 54 37
07 41 42
08 51 42
17 49 45
27 50 42
51 62 33
49 62 30
31 48 50
14 48 42
00 43 48
10 56 36
20 53 44
42 51 38
57 63 30
47 46 28
23 46 40
01 46 45
06 47 41
24 42 44
36 50 46
52 62 33
45 49 33
33 54 34
13 55 42
01 44 46
12 62 37
28 44 46
42 45 44
54 62 35
44 42 33
34 53 40
21 52 40
01 48 45
10 45 42
24 40 41
40 51 43
55 63 39
46 49 38
29 51 35
05 49 43
00 44 40
13 49 43
28 62 43
41 52 42
57 61 32
45 46 30
31 51 38
05 47 48
03 47 41
14 41 42
29 56 47
39 55 49
50 61 35
44 46 34
27 42 38
06 50 44
03 42 48
15 51 46
25 47 50
43 47 44
52 59 34
41 43 39
27 55 46
08 52 44
01 38 49
12 55 46
26 57 49
41 51 44
51 58 37
43 45 40
25 53 42
00 43 49
01 59 39
16 45 43
26 58 49
42 50 45
54 58 38
43 44 36
25 49 34
03 44 47
02 54 43
14 49 43
26 55 46
43 51 44
52 60 37
42 42 38
32 49 37
13 50 44
02 49 50
07 56 48
19 49 42
33 57 42
48 56 39
44 56 36
43 42 43
20 51 43
03 48 45
03 44 48
19 44 44
33 48 48
51 57 41
48 49 40
47 48 39
24 52 38
04 45 49
07 53 41
15 43 42
30 55 47
47 47 42
57 62 30
39 42 38
20 46 44
01 52 47
07 62 48
28 48 46
53 54 40
46 53 39
30 47 45
04 45 47
08 51 40
25 49 41
53 53 37
44 48 41
29 52 49
02 45 47
09 52 37
32 51 37
56 58 37
46 51 41
27 50 46
01 46 45
16 47 38
40 48 41
52 62 40
38 54 42
12 47 40
11 49 30
28 45 30
35 44 38
34 43 34
32 55 35
29 55 36
24 59 44
32 60 41
30 62 38
33 63 33
31 63 33
28 51 31
29 29 34
29 36 40
33 55 34
33 63 21
32 63 17
27 43 24
27 31 36
28 49 38
35 58 32
36 63 16
36 62 20
28 41 31
25 26 43
30 50 39
31 60 19
37 63 16
30 44 27
27 28 37
24 52 37
31 63 28
34 63 16
35 56 22
29 40 35
25 31 42
27 50 38
32 57 22
38 62 18
30 41 26
27 28 39
23 53 39
27 62 34
29 63 16
39 61 19
30 28 27
29 34 39
27 45 40
32 63 22
38 63 17
29 43 37
27 28 44
26 50 36
34 63 19
38 60 20
29 39 36
27 44 39
30 62 28
36 63 16
34 50 22
28 34 42
26 55 40
32 63 21
38 63 16
32 47 27
28 42 35
27 53 33
28 62 27
27 48 24
19 43 31
19 53 37
18 51 38
23 54 31
28 61 26
33 63 27
36 51 28
29 55 33
30 50 39
26 46 38
23 50 38
21 46 39
18 46 37
18 48 35
16 53 36
18 49 36
21 52 37
18 52 37
20 51 37
18 52 36
18 50 38
19 52 36
22 52 37
24 54 40
24 55 36
25 53 35
25 55 39
27 53 34
27 55 36
30 58 33
29 37 30
29 55 39
28 30 38
28 36 42
33 55 38
31 63 29
30 60 26
28 35 33
27 25 40
26 54 44
30 61 38
29 63 24
37 62 23
29 30 31
30 27 42
29 48 43
28 59 34
33 63 17
37 63 17
27 55 30
27 32 35
24 49 43
31 59 30
34 63 20
36 55 23
28 27 34
27 43 41
30 49 33
33 63 20
37 59 25
29 34 32
29 29 40
30 51 35
31 63 25
38 63 21
36 43 27
29 31 36
27 55 36
29 62 26
36 63 22
30 59 22
26 33 34
26 42 36
31 56 27
36 63 22
32 55 25
25 38 37
26 38 37
31 55 34
32 63 22
35 61 23
28 42 33
29 28 37
33 53 38
36 62 30
35 63 28
28 40 27
27 25 33
23 40 37
30 55 39
30 63 27
38 60 25
32 35 30
28 26 37
25 50 39
28 59 34
28 63 27
36 59 30
30 34 34
29 24 39
28 50 40
28 57 31
31 63 25
36 56 30
30 41 34
29 23 39
27 53 43
28 63 32
31 63 26
33 61 31
28 16 35
27 50 37
30 55 37
28 62 31
31 63 28
31 50 30
28 29 35
26 53 39
28 62 32
31 63 27
33 54 29
28 32 31
27 43 38
29 47 39
30 63 27
35 63 23
30 42 32
30 31 36
27 47 37
31 63 26
35 63 18
31 49 29
29 30 37
27 47 38
30 58 27
34 63 21
34 56 27
29 33 37
26 48 39
30 58 28
33 63 18
36 56 25
26 34 33
26 40 39
28 56 36
33 63 19
38 62 20
30 41 30
26 31 40
27 53 35
32 63 22
35 53 24
28 36 32
24 47 39
25 62 31
27 62 25
22 52 24
13 43 29
19 51 32
24 49 35
29 59 34
29 60 31
32 53 31
31 51 32
29 47 34
27 48 35
26 49 37
23 48 39
22 48 40
21 48 38
19 51 40
19 53 39
19 52 38
20 51 38
19 50 37
19 52 37
19 53 38
20 52 40
20 51 38
21 54 38
24 54 38
25 54 38
27 55 38
28 53 37
28 54 37
26 53 33
28 61 38
31 38 38
31 23 40
28 45 46
31 62 30
31 63 31
28 49 26
28 28 36
26 29 42
30 53 45
29 60 32
32 63 26
34 55 30
29 36 34
27 27 41
28 48 40
30 60 28
33 63 22
33 59 27
28 34 36
25 46 45
28 52 35
29 63 25
37 63 18
32 40 26
29 31 39
27 52 39
32 62 28
36 63 19
33 46 24
29 30 37
25 54 40
30 62 27
36 63 22
32 49 25
28 32 39
26 53 39
30 63 27
37 63 17
30 48 28
28 33 40
25 49 37
30 61 25
37 63 21
30 50 27
27 24 34
23 53 39
28 62 23
38 63 19
33 43 29
28 36 40
27 53 36
31 63 21
34 57 22
26 38 32
25 42 39
28 51 37
32 63 21
36 57 22
26 30 32
25 43 40
28 55 37
34 63 20
35 56 24
27 33 31
19 44 35
17 51 35
19 47 37
23 37 31
22 63 29
24 63 32
26 55 32
27 56 34
28 51 36
28 50 38
27 46 37
25 47 37
22 47 39
20 45 40
19 47 41
18 48 41
18 47 41
19 46 41
18 46 41
20 49 41
18 49 41
18 48 41
18 48 40
20 49 41
19 50 41
20 49 40
19 48 41
21 48 40
22 46 40
22 46 41
25 44 42
26 46 43
26 43 42
27 43 45
25 45 44
18 53 43
15 52 45
15 48 44
17 47 42
17 48 45
20 45 46
21 48 47
22 48 48
24 51 45
26 49 43
26 48 44
27 46 44
24 48 43
27 47 43
25 48 44
27 47 41
30 46 43
32 52 41
32 40 42
34 54 45
29 50 40
17 45 40
04 28 42
08 54 47
19 56 41
33 57 45
55 62 37
47 48 40
32 46 41
09 45 44
01 42 47
08 57 41
18 39 43
30 50 47
47 56 39
44 59 38
39 43 40
29 52 38
11 50 44
05 47 43
12 53 40
21 61 39
41 51 41
52 62 36
39 50 42
31 49 42
09 44 42
08 41 37
16 47 45
29 49 47
48 57 39
47 56 39
35 47 41
20 53 38
02 48 39
08 54 41
20 36 44
39 53 42
54 63 36
40 46 40
24 51 41
03 49 42
12 55 36
20 43 42
47 47 36
48 55 41
32 57 47
09 49 46
07 51 36
18 47 39
45 51 36
48 55 41
36 52 45
11 47 47
06 44 37
14 50 41
34 58 41
53 62 33
43 47 36
27 43 40
10 48 43
12 50 42
20 47 40
36 54 38
50 61 32
43 49 36
32 51 47
16 51 43
02 47 40
11 54 36
34 58 39
51 62 36
44 52 38
34 48 43
10 52 33
02 47 39
18 50 32
29 53 32
38 49 36
36 51 33
31 59 38
30 63 43
29 63 36
25 53 33
27 49 29
27 41 30
28 38 38
28 55 37
29 63 26
29 61 23
29 33 23
27 30 32
26 53 38
32 62 37
30 62 22
32 63 20
27 39 24
26 26 37
23 56 40
30 59 37
32 63 18
36 63 20
29 41 26
27 32 40
22 55 43
29 59 32
31 63 14
38 55 18
29 30 30
28 40 39
28 51 35
30 63 22
38 62 20
27 46 32
26 31 41
27 52 35
30 57 23
33 63 12
27 49 23
27 36 35
26 54 44
30 62 32
35 63 22
33 52 23
27 40 27
26 31 39
26 49 38
30 63 25
37 63 21
30 39 28
29 35 36
24 50 36
29 57 33
31 63 21
34 60 23
27 44 28
27 25 40
25 52 41
31 52 26
33 63 18
31 49 23
29 39 38
25 45 39
29 57 37
30 63 19
35 58 18
26 42 22
24 29 40
23 55 40
29 62 31
30 63 15
29 55 18
25 44 30
25 25 44
25 52 38
28 62 23
32 63 15
29 44 26
25 38 37
21 47 36
27 54 34
29 63 20
34 59 24
26 30 34
25 37 38
23 53 38
23 62 32
23 56 33
25 54 33
30 53 33
30 56 30
28 62 33
29 60 31
30 43 27
19 44 31
06 27 40
14 40 38
23 55 33
29 56 37
52 61 30
50 50 34
28 53 42
21 51 41
01 47 41
04 55 37
23 43 40
47 49 32
55 63 29
30 55 39
08 36 45
15 51 33
30 44 30
30 53 38
33 48 44
33 49 45
33 47 45
30 53 43
26 52 42
27 50 44
29 55 41
25 52 41
24 46 40
24 51 44
23 49 44
24 46 44
24 50 45
27 50 44
28 46 41
26 50 40
27 48 43
26 53 41
23 45 38
31 62 46
26 57 43
25 50 41
22 47 41
18 47 38
19 50 40
21 49 39
22 49 39
24 50 40
25 51 37
26 51 38
27 50 38
27 49 38
27 51 38
26 52 37
27 52 38
26 51 37
25 53 36
25 54 36
25 51 35
23 51 35
23 50 34
22 50 34
23 51 34
22 51 33
21 53 34
19 51 34
21 50 35
21 50 35
20 51 34
20 52 35
21 51 35
22 51 34
20 49 37
20 51 36
21 49 37
20 49 38
20 51 40
19 51 40
20 48 40
22 49 42
22 50 42
23 51 42
23 51 42
25 51 42
26 50 43
27 49 43
26 49 42
26 47 43
27 48 43
28 47 44
28 47 41
27 49 42
27 50 42
28 48 42
28 47 41
27 49 41
27 48 41
28 46 42
26 44 41
24 46 42
24 47 46
22 46 44
21 48 45
19 46 45
19 47 48
23 47 49
24 48 47
19 49 46
18 48 45
20 49 45
21 44 45
26 41 46
26 38 45
31 37 45
31 40 47
34 42 48
33 43 50
30 46 48
27 48 49
27 49 50
26 46 50
26 44 49
23 41 46
24 41 47
22 37 48
18 35 48
17 38 48
18 40 48
16 38 47
17 38 49
18 40 48
19 41 47
21 41 47
21 40 47
20 40 46
21 41 46
20 41 47
19 40 47
18 40 47
16 41 47
14 41 48
14 41 46
12 41 46
13 42 45
16 41 45
16 42 47
19 39 45
24 40 45
26 38 47
26 37 45
30 39 46
28 40 50
29 41 49
28 40 49
30 42 51
27 43 51
28 43 50
26 44 52
26 43 49
26 43 50
25 44 50
24 43 49
24 44 49
24 43 49
25 44 49
24 46 48
24 45 48
23 45 48
23 44 47
23 44 46
23 44 46
24 44 47
23 45 46
24 44 47
24 45 47
23 45 46
23 44 45
23 44 45
22 45 46
22 43 45
23 41 44
23 42 44
23 42 44
22 40 43
20 44 46
