10 37 34
10 37 34
11 37 34
12 38 34
12 36 34
12 36 34
14 36 34
13 36 35
13 36 34
13 36 34
11 37 33
11 36 35
11 37 35
11 36 34
11 37 34
11 37 35
12 36 35
12 36 34
11 36 34
11 36 35
11 37 35
12 36 34
13 36 34
12 37 35
12 35 34
12 36 34
11 37 34
11 37 34
12 37 34
11 36 35
12 35 34
13 37 36
13 36 35
11 37 34
12 36 35
13 37 34
13 37 33
12 37 34
11 38 35
11 38 34
11 38 35
11 39 33
10 40 35
10 40 35
11 40 35
12 40 33
14 41 35
12 41 35
12 43 35
11 43 36
12 43 36
12 45 36
12 45 38
15 44 37
16 44 39
17 41 38
17 41 40
20 41 43
18 42 42
20 40 43
22 40 46
24 43 49
24 43 50
24 42 49
27 43 49
28 42 49
27 45 46
27 43 48
28 41 50
27 40 44
28 37 46
24 40 45
21 42 43
17 37 45
15 37 42
14 39 46
14 37 44
12 35 43
13 35 43
14 36 45
15 36 47
16 32 45
17 36 46
17 34 48
16 36 50
17 35 48
15 35 47
15 33 50
14 32 48
13 38 47
12 37 44
15 38 49
16 40 48
16 37 46
19 43 45
21 46 43
25 44 44
24 49 41
28 45 42
29 45 44
29 46 41
32 51 40
30 48 42
31 50 40
30 54 39
32 51 42
31 52 41
31 52 39
31 53 41
32 52 39
29 52 38
29 53 38
31 52 38
29 52 37
29 53 37
29 55 37
29 53 37
30 52 36
30 51 35
31 53 35
31 55 33
31 54 35
30 54 33
31 54 32
32 55 31
30 53 32
31 55 28
31 54 27
32 52 27
32 53 24
31 52 24
33 52 26
31 52 26
31 53 28
30 53 31
29 52 34
29 55 34
26 55 35
27 53 37
29 47 37
30 56 37
29 52 36
33 52 37
32 54 33
33 58 33
33 52 34
32 50 36
32 51 38
30 48 37
31 46 43
31 47 47
31 50 46
29 49 44
31 44 45
33 50 46
32 48 45
30 50 46
30 47 45
30 47 46
32 46 45
30 51 42
32 51 46
32 51 43
30 48 45
29 51 45
34 53 45
35 44 45
32 48 44
30 55 38
31 46 41
33 60 42
33 39 47
31 45 52
28 54 53
31 47 39
30 47 37
33 44 42
33 46 42
32 45 48
35 44 50
32 43 48
30 45 50
28 49 52
29 45 49
28 48 50
30 44 51
29 45 45
29 44 47
29 44 43
29 55 47
32 44 49
33 48 49
31 49 49
32 40 49
30 46 48
27 47 50
28 43 52
26 41 46
28 46 47
28 44 48
30 45 47
30 46 44
29 45 50
30 43 50
30 44 47
29 44 51
30 43 50
29 44 48
30 42 51
30 44 50
27 42 48
29 32 55
28 40 52
29 41 51
33 36 48
33 40 48
36 39 47
36 41 47
31 45 37
29 52 40
24 62 44
21 50 34
21 55 41
21 50 41
18 48 36
20 47 42
19 49 42
18 48 42
19 49 41
20 47 41
21 48 41
19 51 40
19 50 43
15 52 40
11 53 44
13 52 43
14 53 40
18 51 39
24 51 39
26 50 36
28 50 35
32 48 34
32 48 39
34 47 42
35 46 40
33 43 45
33 50 41
32 49 42
28 55 47
29 49 44
29 51 42
30 52 38
29 53 33
31 52 32
30 57 33
31 54 31
32 54 33
33 53 34
31 54 34
31 53 30
29 54 34
35 53 34
31 51 31
30 50 34
32 49 37
28 51 35
30 51 39
28 51 38
27 49 40
28 52 45
28 49 44
26 46 44
25 48 47
29 49 45
27 47 43
29 48 45
29 50 46
26 48 43
27 51 46
27 49 45
28 48 43
28 49 46
28 49 44
28 48 45
28 47 45
28 49 46
28 48 45
29 48 46
29 47 46
29 48 47
28 48 45
28 48 47
29 47 46
28 47 47
29 46 47
28 46 46
30 46 48
29 45 48
29 46 46
29 46 47
29 47 48
29 45 47
29 46 48
29 48 48
28 46 47
28 47 46
28 46 47
28 46 46
28 46 46
29 46 48
28 45 46
28 47 46
28 48 49
27 45 46
27 47 45
29 46 48
28 45 47
29 46 46
27 47 45
26 48 45
27 51 44
28 51 41
28 50 42
27 52 40
28 50 40
29 52 41
28 50 41
29 50 40
28 49 42
28 51 41
27 51 40
27 52 41
29 53 41
28 52 40
28 53 39
29 51 39
28 51 40
29 50 40
27 52 38
28 51 39
28 52 38
26 54 38
25 52 37
26 51 38
27 51 38
27 49 36
26 50 37
28 53 36
26 53 36
28 54 35
27 54 35
29 53 37
28 54 36
27 53 36
28 53 36
28 54 37
29 53 37
28 53 38
26 53 37
28 53 38
28 53 37
28 53 38
28 56 39
28 53 38
28 53 37
28 53 38
30 53 36
29 52 35
29 53 34
29 52 33
26 54 33
24 51 32
25 51 31
26 53 33
26 51 35
25 47 36
25 54 36
27 54 32
26 53 32
25 57 36
27 53 34
26 55 32
27 52 32
28 51 31
27 53 32
26 52 30
26 51 29
27 51 28
27 51 29
28 52 28
25 51 29
25 51 30
26 53 29
26 51 30
24 52 29
25 51 31
25 51 31
26 53 30
25 52 30
27 53 29
26 51 29
26 52 30
25 52 28
25 53 30
26 53 30
26 52 28
24 51 30
24 52 29
25 53 29
24 52 30
25 51 30
24 52 29
25 52 28
25 50 31
24 51 29
24 50 29
23 51 30
25 51 31
23 51 30
25 51 31
24 52 31
24 51 31
25 53 31
23 51 31
24 51 31
24 52 31
25 52 32
24 53 31
24 51 31
24 52 32
24 52 31
24 51 31
24 52 32
24 52 31
25 52 32
24 51 32
24 51 31
24 51 32
25 52 32
25 52 32
24 52 32
24 51 31
24 52 31
24 51 31
23 52 32
25 51 31
23 51 31
24 51 32
22 51 32
24 51 32
24 52 32
24 52 32
24 52 31
24 52 31
24 52 32
23 53 32
24 51 32
24 52 33
25 51 32
23 52 31
24 52 32
25 50 31
24 52 32
23 53 31
22 51 32
24 52 32
25 51 32
24 52 32
23 52 32
24 52 32
24 51 32
24 51 32
24 52 32
24 51 32
25 51 32
24 50 31
24 52 31
23 51 32
23 51 32
23 50 31
24 52 32
24 52 33
24 53 32
24 52 32
24 51 31
25 52 32
23 52 31
24 51 32
23 52 31
22 52 31
24 51 31
24 53 32
24 51 32
24 51 32
24 52 33
23 52 30
24 51 31
23 51 32
25 51 32
22 52 32
23 52 32
24 51 31
23 52 32
25 52 32
23 52 32
23 52 32
23 52 32
23 52 31
23 52 33
24 52 32
24 51 32
23 52 33
23 51 32
25 52 31
23 53 32
22 52 32
24 52 33
24 52 32
24 52 32
24 53 33
24 52 31
23 52 31
24 52 32
24 52 32
24 53 32
24 52 32
23 52 31
24 53 32
23 53 33
24 53 32
24 54 34
24 56 34
25 53 34
26 53 34
28 52 35
27 49 35
29 49 33
29 50 31
30 50 31
29 50 30
28 51 29
27 49 29
25 50 30
28 50 32
28 49 34
27 50 35
25 51 35
24 50 36
23 51 36
25 55 36
25 55 35
24 53 34
24 55 33
23 54 32
23 51 31
22 52 30
22 49 27
22 51 27
24 49 27
23 51 26
23 51 26
24 50 26
25 51 25
23 51 24
22 52 25
23 52 24
22 51 25
23 52 27
24 52 27
27 52 29
27 52 29
24 52 27
21 54 27
20 51 27
19 50 25
21 47 30
21 48 31
22 52 32
24 53 34
25 51 35
28 51 36
27 52 34
27 51 35
26 50 33
24 49 32
23 52 31
23 50 30
21 51 30
19 52 29
18 51 28
17 51 30
20 51 28
21 51 30
24 53 33
27 52 32
24 51 32
24 52 33
21 51 31
20 51 30
19 51 32
20 48 32
21 48 33
23 54 35
25 55 33
24 52 34
25 55 35
26 54 34
26 50 34
26 52 34
26 53 33
27 52 32
23 54 32
24 62 37
27 43 28
28 46 24
29 50 36
26 50 34
30 58 27
31 63 28
32 49 24
28 31 31
27 35 37
27 47 36
31 63 25
31 63 15
28 46 27
25 30 37
30 46 39
30 62 19
34 63 12
28 33 22
25 30 38
24 48 40
23 63 22
33 63 09
29 46 19
24 34 33
22 51 39
26 62 25
34 63 12
29 50 22
25 37 34
24 46 36
27 58 26
32 63 08
29 54 16
26 44 35
22 35 42
22 60 29
31 63 09
32 56 12
27 47 26
23 14 43
29 43 36
23 62 24
35 63 07
30 59 18
26 50 34
26 20 45
29 48 35
31 63 10
35 60 11
28 44 24
24 14 39
24 41 38
25 61 24
34 63 06
28 57 16
24 49 33
23 23 46
16 56 32
29 63 10
38 58 10
29 38 28
24 17 41
22 44 38
26 61 19
33 63 09
29 44 18
28 31 32
22 37 45
22 62 29
33 63 15
34 56 13
29 53 28
23 13 42
19 45 39
25 63 22
35 63 11
25 47 19
26 29 29
26 28 44
29 45 40
28 63 18
35 62 15
29 44 21
23 13 36
21 47 42
19 63 28
32 63 15
30 57 16
28 46 31
25 19 44
18 54 34
32 63 17
38 63 10
30 50 19
26 31 32
23 44 43
24 61 30
37 63 10
34 48 15
26 28 32
23 44 43
23 62 24
36 63 08
31 49 22
27 27 37
25 46 41
28 63 21
37 63 13
29 38 23
25 27 38
26 44 34
28 62 19
37 63 14
31 41 24
25 27 42
25 42 37
28 63 16
36 63 11
30 42 22
23 30 41
23 42 38
26 63 16
38 63 07
29 40 17
23 29 38
18 45 41
23 63 20
39 63 08
32 46 18
25 27 34
20 48 41
22 62 25
33 63 09
32 57 16
25 32 35
19 44 42
20 62 24
34 63 09
32 53 17
26 30 36
21 48 42
22 62 25
35 63 08
31 56 16
25 31 37
25 18 41
21 52 37
27 63 18
35 62 16
28 33 27
27 25 39
25 50 38
25 63 22
34 63 16
30 51 24
25 31 38
19 52 41
22 61 29
32 63 17
32 61 18
30 35 32
26 27 45
25 46 39
25 63 21
32 63 16
26 41 24
25 14 37
20 44 38
20 62 24
30 63 12
31 59 18
26 43 36
26 19 45
27 47 41
27 63 17
34 62 15
26 48 25
23 15 38
19 45 37
20 62 22
31 63 12
29 52 21
26 25 33
21 38 41
18 61 31
28 63 13
32 62 21
26 48 32
25 23 42
23 49 30
30 63 17
35 54 21
30 33 30
30 44 39
27 62 25
33 63 18
29 43 27
27 32 35
26 33 44
21 62 35
25 63 20
25 57 30
21 40 34
21 57 29
22 62 28
32 62 33
35 62 36
33 55 32
29 41 29
20 46 34
03 15 27
11 47 29
20 55 28
29 59 32
45 62 32
51 52 28
31 54 29
08 41 26
00 36 32
12 46 24
26 54 33
53 62 25
48 57 32
28 47 34
01 43 28
10 45 27
19 55 27
34 61 29
54 62 24
36 55 32
12 44 36
00 49 31
06 55 29
35 55 27
52 60 30
34 59 36
06 39 37
05 40 29
17 49 27
43 53 26
47 53 28
24 53 40
00 42 46
03 43 35
24 52 27
53 59 21
44 59 33
15 49 43
00 46 44
01 46 35
19 57 28
47 61 23
48 55 27
20 45 41
00 48 41
09 48 27
27 44 27
50 62 26
36 59 31
11 45 42
00 45 41
10 47 32
42 55 21
49 57 25
29 49 34
00 45 46
03 48 36
21 46 28
45 56 22
47 59 25
25 50 36
03 41 42
04 52 34
11 48 31
34 56 29
55 63 23
45 54 30
20 38 32
00 47 36
01 61 40
17 63 38
35 62 32
57 63 18
44 52 28
26 45 32
00 48 38
00 54 37
16 60 31
39 58 26
57 63 23
45 61 36
25 46 32
04 42 33
07 36 28
09 54 25
34 58 29
57 63 20
56 53 26
30 47 27
00 43 42
00 53 31
05 52 25
29 60 30
59 63 25
51 62 31
30 48 30
01 41 37
06 38 26
12 60 25
34 58 27
59 62 21
53 52 31
33 50 26
01 44 37
04 54 33
09 61 29
34 59 29
61 63 13
54 54 25
25 46 32
01 45 35
03 38 28
12 58 22
35 57 26
59 63 17
51 53 29
22 47 35
00 48 38
02 53 36
16 57 33
45 63 23
57 62 19
40 47 31
15 46 32
00 50 37
01 57 32
15 61 33
39 60 30
59 63 20
47 47 31
23 53 35
00 51 44
00 60 36
10 52 29
37 62 30
58 63 22
47 52 32
27 44 28
00 46 44
01 50 35
14 48 27
38 61 29
59 63 21
45 53 35
31 44 35
03 45 36
00 45 34
13 53 25
31 54 31
58 62 20
45 57 30
17 41 39
00 39 34
06 51 29
24 52 29
52 60 24
46 53 30
26 43 33
10 48 30
00 45 32
04 49 31
21 49 26
43 58 27
58 62 21
43 53 29
13 40 29
00 32 33
06 49 27
18 48 30
46 63 24
51 62 21
29 50 32
05 45 36
00 49 34
11 53 25
39 56 21
61 63 15
37 52 34
03 50 43
02 46 33
19 46 27
51 58 13
35 56 29
03 40 43
20 47 30
39 49 20
30 53 22
18 37 21
19 39 14
14 52 33
16 50 36
21 51 23
24 62 25
27 59 27
25 51 30
23 52 29
22 51 28
20 49 27
19 46 26
17 50 25
19 47 26
19 49 25
18 49 26
18 51 26
18 49 30
20 48 29
18 47 28
19 47 28
19 48 28
17 48 28
18 49 28
18 48 29
17 48 28
17 48 29
19 47 30
20 50 30
22 50 31
20 49 31
18 50 29
18 49 31
18 48 31
18 50 32
17 50 31
16 50 32
19 52 33
17 55 34
20 55 32
21 53 32
22 50 33
23 49 34
24 49 34
26 44 36
30 48 32
33 45 35
36 43 30
28 50 26
06 46 30
00 38 34
08 62 33
21 48 32
49 60 21
53 60 21
36 46 28
03 49 40
00 29 38
13 54 30
23 49 28
54 63 12
53 62 16
32 43 29
09 41 30
00 33 36
04 44 33
18 43 32
51 61 23
58 54 17
38 56 28
05 46 32
00 17 36
02 34 21
20 47 24
48 63 24
51 62 27
31 50 32
06 38 30
01 22 28
07 44 22
31 57 26
51 63 23
50 60 30
22 43 32
00 41 38
01 45 27
14 53 26
42 59 25
51 63 26
36 58 35
18 42 28
00 32 36
04 48 26
15 58 28
43 62 28
54 62 26
35 56 30
04 42 34
05 36 25
15 43 21
24 46 28
35 53 23
34 63 29
35 63 33
22 57 34
16 43 36
21 44 32
25 45 27
28 63 19
25 63 19
21 29 32
21 29 32
23 53 32
25 58 24
31 63 18
24 39 26
21 37 34
21 46 34
25 51 25
30 63 16
24 45 26
22 31 32
19 50 40
25 52 24
29 63 14
27 37 19
20 26 34
19 54 40
22 60 22
27 63 12
25 31 19
21 28 36
19 51 40
20 62 17
29 63 12
22 43 29
22 24 40
20 52 38
25 63 15
28 62 16
22 30 28
22 27 36
22 55 34
24 63 18
28 63 15
23 33 30
21 30 39
22 52 36
27 63 16
26 62 16
22 39 31
21 32 36
21 54 37
24 63 15
30 60 11
21 34 31
20 27 41
22 60 36
30 63 10
28 59 16
25 42 29
21 26 38
19 59 42
24 63 15
29 62 13
26 32 21
21 29 34
17 47 39
24 46 18
28 63 06
26 39 24
20 37 34
20 48 37
20 53 25
31 62 05
28 47 19
20 38 34
18 37 36
20 56 34
27 63 15
29 62 13
21 53 31
22 20 39
20 59 38
22 62 19
27 63 08
23 35 26
20 27 37
19 56 37
21 58 24
27 63 10
24 41 21
19 25 35
18 49 37
23 45 21
29 62 09
26 48 21
21 38 32
21 43 36
25 47 29
28 63 10
30 56 15
19 48 34
19 34 37
19 58 36
24 63 17
28 62 12
24 40 25
21 23 37
20 54 34
21 62 18
29 63 10
25 37 22
19 24 38
19 56 36
22 54 20
28 61 14
29 62 11
21 47 27
21 25 39
20 54 36
22 60 18
31 63 03
25 31 17
19 16 41
18 54 38
21 61 19
30 63 05
25 40 21
20 25 39
19 55 35
24 57 16
29 63 04
28 36 18
23 45 28
24 26 34
23 47 36
22 62 26
32 63 10
29 59 14
26 40 24
24 32 44
20 45 41
28 62 12
30 63 04
26 33 21
22 22 41
22 50 37
29 63 12
35 62 09
28 32 31
21 21 46
21 58 29
28 63 01
31 53 17
16 33 37
10 35 36
11 60 37
10 45 18
21 56 12
22 62 17
28 59 26
30 50 32
28 51 31
26 49 28
26 49 29
24 47 31
21 46 29
19 51 28
18 50 27
19 49 29
19 51 27
18 49 28
20 49 30
18 51 27
20 49 28
21 49 27
20 49 28
21 49 28
23 50 30
25 52 31
22 51 28
19 49 29
17 50 28
18 50 29
19 49 29
20 49 32
21 50 29
23 52 31
24 52 32
23 53 30
25 53 32
25 55 30
28 56 29
26 54 25
27 60 28
25 43 35
23 28 42
27 43 44
25 60 18
30 63 10
25 53 21
20 14 36
20 45 39
29 52 30
29 63 11
34 62 16
26 47 31
20 12 41
20 54 40
21 61 19
31 63 07
30 54 20
27 42 35
23 23 43
24 46 36
24 62 27
28 63 06
33 57 12
25 43 29
21 20 43
20 49 37
23 61 11
33 63 03
30 40 20
24 34 38
19 36 41
22 51 29
28 63 06
36 62 11
29 43 28
22 20 41
19 54 37
23 58 16
33 63 00
30 44 18
24 34 31
19 45 37
25 54 28
29 63 07
35 55 11
26 32 30
22 37 37
23 51 30
30 63 11
35 59 13
28 33 28
24 32 39
25 50 25
33 63 07
33 52 15
24 34 35
19 48 37
24 61 18
33 63 06
31 53 20
24 36 40
20 50 36
22 63 16
33 63 04
33 44 19
22 28 40
19 48 38
23 63 18
32 63 02
31 36 20
26 39 34
20 28 43
25 51 32
31 63 05
36 54 13
23 33 39
17 38 40
25 59 19
38 63 05
25 36 23
13 23 37
14 49 37
16 42 30
16 58 14
19 63 17
24 62 24
28 54 30
28 45 32
27 46 30
26 46 30
24 47 31
22 48 34
18 49 29
18 49 31
16 48 30
17 51 28
16 51 33
18 50 33
19 50 33
18 50 31
18 52 30
20 50 29
21 49 29
21 48 31
21 49 30
20 47 31
19 48 33
19 50 32
21 49 32
19 48 33
20 49 35
20 51 32
20 51 31
20 54 34
20 56 31
22 53 32
22 52 32
24 54 31
25 52 32
27 55 29
27 55 26
26 52 36
27 41 35
29 20 44
30 43 40
27 61 18
28 63 13
27 50 24
23 23 39
21 37 41
28 48 38
27 62 15
35 63 14
27 42 23
23 13 39
20 50 39
22 62 28
29 63 10
33 61 16
27 52 28
26 21 43
21 49 41
22 62 26
30 63 08
29 55 20
27 40 33
24 24 41
24 45 34
25 63 13
33 62 15
28 45 28
24 17 40
21 53 36
23 60 23
27 63 08
32 52 17
29 41 29
25 27 42
26 49 38
25 59 18
32 63 11
29 39 20
27 22 35
21 50 36
23 62 30
26 63 14
35 61 16
28 45 26
24 26 40
21 50 38
22 55 21
33 63 07
36 63 13
31 32 25
26 33 36
21 48 37
24 62 21
37 62 14
31 34 26
28 25 41
23 48 36
26 63 18
35 62 15
30 40 27
26 30 39
25 51 34
24 62 21
32 63 13
32 50 22
26 31 37
20 53 38
23 63 26
32 63 09
34 52 17
27 36 34
22 46 38
23 56 29
31 63 13
35 55 18
27 36 33
22 44 35
26 54 30
28 63 13
34 49 18
28 34 31
22 42 37
24 54 33
30 63 14
32 51 17
28 30 31
20 42 34
22 60 26
24 62 19
22 45 27
19 41 32
21 58 32
25 55 25
28 62 24
30 51 24
25 57 28
26 37 27
21 44 26
22 51 25
23 50 26
21 44 26
23 50 25
24 52 27
22 56 23
24 55 27
24 55 32
21 47 27
09 38 36
08 31 29
13 56 27
18 58 27
33 61 24
54 62 20
47 52 30
24 41 24
04 44 27
00 42 29
06 45 27
25 55 23
49 62 12
49 57 16
29 37 23
00 46 43
01 59 29
12 58 25
29 50 22
51 62 13
51 58 21
26 50 30
00 44 35
03 50 29
18 52 27
46 58 12
42 54 15
18 51 34
00 48 38
07 44 31
36 55 15
49 46 13
18 55 32
00 47 34
09 46 37
41 47 22
47 61 12
21 55 28
01 32 37
14 37 28
19 45 22
25 38 20
26 55 22
27 56 24
28 62 35
27 57 36
26 41 31
25 50 30
18 53 32
17 51 34
16 50 29
17 52 30
17 53 33
19 50 32
19 53 30
21 52 30
20 49 31
22 51 30
22 51 29
22 48 32
21 48 33
22 50 34
20 50 34
21 46 34
20 49 34
19 53 33
17 52 35
18 52 35
20 52 34
19 55 33
20 53 32
20 51 33
22 48 36
21 45 36
22 47 35
23 47 35
22 48 36
26 50 34
28 52 34
31 51 31
32 46 33
32 48 29
22 48 25
06 49 30
00 48 32
03 51 29
20 48 22
48 63 19
54 61 24
39 51 31
17 45 32
00 42 37
01 44 30
12 55 22
20 51 24
50 62 21
49 58 28
34 52 34
22 47 31
03 44 35
03 47 30
13 58 32
36 56 29
57 62 23
45 58 32
30 51 33
06 48 32
00 52 35
03 47 31
21 44 28
40 59 30
53 62 26
42 51 29
29 45 28
07 46 30
01 53 36
08 51 36
30 49 31
50 59 24
47 56 25
34 48 29
17 46 28
00 47 39
08 50 28
18 61 32
28 62 40
52 63 21
48 49 23
41 35 24
13 45 24
00 52 39
04 55 37
15 49 30
43 59 20
57 60 20
44 49 30
28 48 30
00 51 35
06 53 33
19 55 35
34 60 30
58 62 16
53 52 25
24 53 32
07 51 36
07 53 35
09 60 35
21 60 35
50 57 21
47 51 26
23 50 35
07 47 38
06 49 33
19 56 32
46 51 24
47 56 25
23 57 35
01 49 42
07 46 30
31 48 24
52 61 20
34 55 29
14 50 41
06 60 43
28 46 30
49 50 11
34 63 27
12 40 39
18 33 23
24 44 18
21 42 21
22 47 25
24 54 25
26 54 24
27 58 27
23 57 27
22 55 33
20 57 34
18 50 29
19 45 27
18 49 26
18 46 26
18 47 26
17 52 26
18 51 27
18 51 29
18 52 27
18 49 27
19 45 26
19 46 27
19 48 28
20 49 29
20 50 29
21 50 30
19 50 30
18 49 30
19 49 31
19 52 31
22 51 30
22 53 30
24 54 31
24 52 30
24 55 32
26 55 31
26 52 28
26 48 26
27 56 31
29 33 38
27 24 35
30 50 36
26 63 15
30 63 16
23 37 21
23 33 36
26 47 40
31 55 28
36 63 15
31 52 19
25 38 30
25 33 36
24 47 35
29 62 17
34 63 14
28 46 20
23 20 37
25 46 41
29 59 32
30 63 15
41 62 13
26 54 27
24 10 40
24 54 40
26 59 25
31 63 15
40 62 20
28 41 27
26 20 39
23 51 38
26 62 29
28 63 10
34 58 16
30 35 33
25 27 41
24 49 36
30 63 19
39 63 15
31 35 26
26 27 38
25 49 34
28 62 18
36 63 11
31 48 23
26 33 41
25 49 38
26 63 21
34 63 09
41 62 18
30 33 29
26 24 41
25 44 34
28 63 13
38 62 13
31 34 26
26 31 44
24 51 37
30 63 18
38 62 13
30 35 25
24 35 41
24 52 35
28 63 17
38 63 11
32 37 24
23 26 41
24 50 37
29 61 14
40 63 08
31 52 21
23 40 37
20 44 40
25 56 23
35 63 07
38 49 20
27 31 38
24 51 37
29 61 21
37 63 09
33 48 22
25 34 36
23 54 36
27 61 24
33 63 10
36 54 18
28 34 37
23 39 37
27 61 28
37 63 07
37 61 18
25 27 39
23 47 37
27 60 27
33 63 08
33 56 19
26 34 34
24 35 35
26 57 32
27 63 17
37 62 15
28 39 26
27 26 40
23 52 37
25 54 37
26 61 19
30 63 16
30 40 24
26 29 34
23 45 36
27 51 29
27 63 14
37 62 16
25 47 31
27 17 42
22 55 40
21 62 21
30 63 12
31 51 20
29 32 34
26 25 38
25 53 34
25 63 17
35 62 18
29 45 27
27 21 39
22 54 37
22 62 20
29 63 14
28 52 20
29 35 32
25 27 37
27 57 36
24 63 16
31 63 17
28 46 22
27 33 36
23 39 33
26 54 31
26 63 15
34 59 18
30 40 27
28 29 38
23 56 37
26 58 27
30 63 12
31 55 18
29 36 29
26 42 36
26 53 33
28 63 17
35 60 16
29 39 29
28 27 37
25 49 33
26 63 18
37 62 12
31 43 25
26 30 37
29 31 39
27 51 34
30 63 14
39 62 14
30 39 31
27 24 43
27 50 35
30 63 13
39 62 13
29 40 27
25 28 40
25 50 33
28 63 18
36 63 12
31 42 26
26 30 39
26 51 33
28 63 19
36 63 14
31 45 25
25 33 38
25 54 34
29 62 21
35 63 11
33 49 26
27 36 37
21 53 35
28 62 22
26 63 17
23 46 28
19 45 33
18 57 29
26 62 26
32 62 24
33 62 29
31 53 27
26 50 24
20 38 28
09 23 25
12 20 28
21 57 26
35 62 28
49 62 28
46 50 28
32 53 21
12 47 25
00 41 35
04 50 26
19 48 20
34 59 25
57 63 17
41 50 31
31 50 26
18 54 25
00 41 35
02 50 30
16 54 21
38 61 24
61 61 15
54 51 25
23 49 29
00 46 35
00 52 31
15 54 31
30 60 34
55 62 17
52 51 23
24 46 32
04 50 30
06 49 29
15 52 34
42 59 24
57 63 19
25 52 34
03 41 41
13 47 31
41 54 24
42 56 13
27 45 33
10 35 34
13 38 24
14 52 30
19 39 29
24 51 23
26 62 28
25 62 32
26 53 30
23 51 31
23 57 30
20 51 31
21 47 31
19 46 31
18 48 31
18 50 34
16 53 32
18 50 33
19 49 36
19 51 35
18 53 35
19 51 36
19 52 35
21 55 31
22 54 35
24 53 33
24 54 33
26 48 36
29 50 33
29 54 31
32 50 33
38 43 32
27 46 23
09 47 30
01 42 27
06 53 29
22 53 30
46 59 25
58 58 20
40 54 27
21 51 33
00 47 42
07 55 32
14 56 32
33 62 31
60 63 15
55 44 23
32 44 36
04 56 32
00 41 38
05 49 30
21 45 34
54 62 20
55 58 20
41 40 34
13 54 31
00 53 38
04 54 33
16 59 34
42 61 26
63 63 14
47 51 29
25 45 31
00 48 44
03 59 34
15 58 31
32 59 32
60 63 18
49 51 25
23 48 29
03 51 34
09 49 29
13 45 32
32 52 31
60 61 19
52 49 25
19 48 37
00 54 36
06 56 31
23 45 33
50 54 22
50 58 24
46 54 27
19 44 39
00 50 32
05 50 23
40 51 28
57 62 20
43 60 30
17 45 37
06 51 34
12 49 23
42 44 26
51 56 19
31 56 25
02 51 41
05 51 33
25 58 34
53 61 19
44 58 25
21 45 35
00 47 35
24 48 28
48 53 21
48 59 28
30 59 35
12 49 30
12 39 28
15 51 27
29 43 29
38 56 24
38 63 25
38 63 24
30 55 25
26 44 27
26 46 29
26 35 33
32 43 32
28 58 16
31 63 05
28 56 21
24 33 32
24 48 41
33 52 31
36 63 06
42 59 11
26 30 31
21 32 41
28 51 31
34 63 09
38 59 13
30 32 32
26 30 39
29 54 30
36 63 09
36 56 16
32 44 25
26 28 44
28 51 34
31 63 12
40 62 12
26 32 32
23 24 41
21 49 35
17 45 32
15 43 18
19 56 19
24 61 22
26 56 23
29 58 28
28 57 33
27 53 33
24 47 30
21 49 31
20 50 32
17 47 30
15 50 30
16 50 32
16 50 32
16 51 32
16 50 34
17 49 35
20 57 32
23 55 33
24 53 34
24 52 32
26 51 34
26 52 30
27 57 31
28 50 27
27 52 31
29 32 38
27 28 36
31 51 41
29 63 14
33 62 20
25 38 29
19 17 44
24 51 42
31 63 24
37 63 12
30 40 21
23 25 34
22 34 41
26 40 40
26 63 19
36 63 12
29 41 25
27 27 39
24 18 42
24 53 41
28 62 23
34 63 12
31 35 22
28 28 38
23 45 41
27 55 36
27 63 15
38 62 11
29 37 25
25 23 40
24 50 39
27 59 27
33 63 10
32 53 18
28 33 35
25 41 39
24 60 23
34 63 08
35 51 21
24 31 37
24 42 39
29 60 24
32 63 07
34 56 19
27 34 37
22 44 41
26 59 28
34 63 11
36 53 22
28 35 37
24 49 36
30 62 28
33 63 16
33 62 19
26 34 35
24 36 40
28 53 34
30 63 18
35 62 17
28 42 33
25 22 43
26 51 38
27 63 20
33 63 19
29 42 32
24 13 42
23 55 38
26 62 24
32 63 13
32 50 26
25 21 41
24 21 42
26 52 37
25 62 19
30 61 22
25 40 33
20 31 44
15 57 42
19 62 29
29 62 28
38 62 28
32 47 29
28 50 23
30 54 24
24 47 28
15 47 31
06 32 38
13 52 28
23 62 30
37 57 27
55 59 17
44 51 25
26 44 23
04 53 29
02 41 30
11 40 35
28 61 27
63 62 09
53 55 24
19 50 33
01 47 34
01 56 36
14 57 34
40 56 25
61 62 16
47 52 26
22 53 30
00 49 43
02 62 31
18 61 31
34 55 25
60 62 14
53 49 25
37 49 27
08 51 32
01 44 36
08 48 28
21 60 26
45 60 26
60 62 18
40 52 32
25 49 28
01 45 35
02 44 33
07 50 31
23 54 28
49 61 21
47 57 23
32 48 36
06 54 38
03 51 32
13 43 28
49 47 15
52 56 19
29 50 31
01 41 35
12 50 28
40 45 18
50 63 22
38 60 34
19 47 32
09 39 27
21 46 25
27 54 28
39 44 22
44 63 23
42 63 26
30 56 23
28 51 27
22 03 27
21 63 33
31 63 11
25 43 16
25 51 24
29 45 36
37 51 38
37 61 19
36 63 04
31 37 15
26 28 35
22 38 37
27 62 28
36 63 07
36 59 18
30 36 39
23 41 39
30 62 25
37 63 04
34 54 20
22 38 36
10 50 35
15 60 35
19 39 28
15 50 21
19 61 22
25 62 20
27 58 20
30 56 24
29 55 28
28 52 31
27 48 32
26 49 32
25 50 32
23 50 32
22 50 33
19 50 32
20 49 31
19 49 31
19 48 31
19 48 31
19 48 31
20 49 30
20 49 30
20 50 30
20 50 30
20 50 31
20 49 29
20 50 30
20 50 32
20 48 31
19 50 30
19 49 31
19 50 30
19 48 31
20 49 30
20 49 29
20 50 30
20 50 28
20 51 29
21 49 30
19 49 30
19 50 29
20 49 31
18 49 31
19 47 30
19 46 31
19 46 29
21 46 30
20 48 30
21 49 31
20 50 32
20 50 32
20 51 31
19 50 32
20 50 31
21 50 30
21 48 29
19 47 29
19 50 29
20 49 29
20 51 28
18 49 28
19 52 28
20 49 29
22 49 30
20 50 30
20 50 29
23 47 29
24 50 28
23 50 30
23 50 30
22 50 30
24 51 29
22 53 30
21 51 32
23 53 30
25 52 31
25 52 31
27 51 31
29 52 32
29 52 31
27 52 33
28 51 31
25 49 32
27 52 32
25 52 33
26 52 32
25 51 31
24 52 32
25 53 32
24 52 32
24 54 32
22 51 33
22 52 33
21 50 34
22 50 35
23 51 34
23 51 33
24 51 32
26 52 30
25 53 32
25 51 32
27 50 32
25 53 31
24 51 32
22 52 31
22 52 32
21 51 33
21 49 34
20 50 34
21 50 34
21 48 35
23 47 36
22 48 37
21 48 36
20 46 37
19 44 37
18 46 38
16 44 36
14 43 37
13 48 39
10 45 36
12 43 38
11 43 37
15 42 36
12 41 36
12 40 36
14 40 36
12 40 36
12 39 34
12 40 35
11 39 36
10 39 35
10 39 35
11 38 36
10 38 36
11 38 35
11 38 34
12 38 36
13 36 36
12 38 35
13 39 35
13 37 34
13 37 33
12 38 34
11 38 34
12 39 34
13 39 35
13 38 34
13 39 35
12 37 35
12 39 35
12 38 34
12 38 35
13 39 34
12 38 34
10 39 34
13 38 35
12 38 35
11 38 35
12 39 35
14 39 35
12 39 34
11 38 35
12 38 36
12 37 34
12 39 35
13 38 35
12 38 35
13 38 35
13 38 34
11 38 34
13 39 34
14 40 34
13 39 34
