57 11 36
11 36 35
11 37 35
12 37 35
11 39 34
11 39 34
12 36 35
12 38 35
12 37 34
11 38 34
12 36 34
12 37 34
11 38 34
13 38 34
11 36 34
13 36 34
11 37 34
12 37 34
11 36 35
10 36 34
12 37 34
11 37 36
10 38 35
10 39 35
11 40 36
11 42 37
11 44 36
12 46 37
13 46 37
13 49 39
17 53 39
19 52 37
24 51 38
25 49 38
26 48 40
29 49 39
30 53 41
31 48 41
32 46 43
35 45 42
35 49 42
37 50 41
36 47 40
35 45 39
34 48 40
31 44 39
30 44 42
26 42 42
22 40 44
18 41 45
16 39 44
15 40 47
15 33 44
14 32 47
13 30 48
14 32 48
14 32 48
15 31 49
16 32 49
16 31 47
16 29 44
18 32 45
18 30 48
17 31 47
17 30 47
17 30 49
17 32 47
18 34 48
18 31 45
17 32 46
17 31 46
17 31 46
16 29 46
17 30 47
15 31 50
14 30 47
15 28 48
14 31 47
13 31 47
15 29 47
14 31 48
13 32 47
16 30 49
17 31 50
16 36 50
20 38 50
22 38 49
23 38 50
25 39 48
31 42 44
32 43 43
37 42 44
38 40 40
39 41 37
38 45 41
39 45 43
36 47 48
33 52 45
32 51 46
29 56 48
27 55 46
26 54 45
23 56 47
24 51 43
24 52 43
26 51 42
27 51 41
28 51 41
28 51 40
29 53 42
30 53 42
31 52 44
31 52 44
31 51 46
32 50 45
31 50 45
30 48 45
30 51 47
30 48 46
29 45 45
28 45 48
28 44 47
26 43 47
25 41 46
24 42 47
23 40 46
24 42 47
22 40 49
23 38 49
22 38 48
23 38 51
19 34 49
19 32 50
19 31 49
20 41 49
22 38 56
24 34 50
22 36 48
22 36 52
21 35 52
23 37 51
22 35 51
21 33 50
23 33 50
21 33 50
21 34 50
22 33 49
23 33 50
22 33 49
22 33 50
22 33 50
22 34 51
22 33 48
22 33 50
22 32 50
23 33 49
21 33 49
21 33 50
22 34 51
21 32 49
22 32 49
21 34 51
21 32 50
20 33 49
22 34 50
22 34 50
21 33 49
21 34 50
20 32 50
21 32 50
20 33 50
20 33 49
19 33 50
20 34 50
19 36 49
19 35 45
18 38 51
20 37 49
21 34 49
29 36 53
32 34 55
32 32 53
30 32 52
25 35 52
24 36 47
23 36 48
21 35 46
13 43 59
22 34 50
24 38 49
28 34 49
26 34 48
24 34 45
15 41 62
22 32 47
21 37 50
22 37 49
22 36 48
23 36 48
22 37 48
20 44 50
19 41 48
21 43 48
24 43 46
27 43 44
31 42 44
33 44 44
31 45 43
31 48 48
31 48 46
28 47 46
28 53 45
25 55 45
24 51 45
26 51 41
26 54 40
26 50 38
27 50 36
26 53 34
27 53 30
27 57 28
27 55 27
27 52 30
26 52 30
27 53 30
27 51 31
26 52 31
26 53 29
27 52 31
25 52 32
25 54 32
26 52 31
26 53 34
26 55 33
27 54 34
29 52 36
28 52 36
27 50 38
28 50 41
27 49 42
29 47 44
28 46 44
27 46 45
27 47 46
26 47 46
27 47 44
26 47 46
27 47 47
26 47 46
27 46 47
27 46 48
25 45 47
26 45 46
26 45 46
27 46 48
27 45 48
27 44 48
28 47 47
28 45 48
27 46 47
27 46 47
27 46 46
24 46 47
26 46 48
27 46 48
27 46 48
26 46 48
27 46 47
27 45 48
25 46 48
27 46 48
28 46 49
26 47 49
27 44 48
26 44 48
27 44 49
27 46 48
26 44 48
27 44 49
27 45 49
26 44 48
27 45 49
27 44 48
27 44 48
27 43 49
27 43 49
26 44 49
26 43 48
27 45 48
26 44 49
27 44 48
28 45 48
26 43 50
28 42 49
27 43 49
27 44 49
26 44 48
26 44 49
27 44 48
28 43 49
26 44 50
27 44 48
27 43 50
27 44 48
26 44 49
27 44 48
26 44 49
26 44 49
26 44 48
27 45 49
28 44 49
27 44 49
27 43 49
27 43 48
26 45 49
27 44 49
26 44 49
26 44 49
27 44 49
25 43 48
26 43 49
27 44 48
26 43 48
26 44 49
26 44 48
27 45 48
27 44 49
25 42 48
26 43 47
27 43 49
26 41 48
25 41 46
26 44 49
25 48 49
24 49 48
25 53 47
28 54 43
31 51 41
33 49 39
33 52 41
35 51 38
32 51 38
32 48 37
30 48 39
31 50 42
29 54 33
26 50 35
21 54 35
23 53 29
23 52 27
21 51 27
21 52 23
20 51 24
22 48 22
23 47 22
23 47 21
18 47 21
16 48 18
18 47 18
16 46 22
16 47 25
18 48 23
19 49 24
21 50 28
23 53 25
25 53 27
24 51 30
27 53 27
29 53 30
29 51 30
31 53 28
32 53 29
35 55 29
34 54 30
35 52 28
31 51 31
32 51 31
29 52 30
28 53 29
26 51 30
25 52 29
26 51 28
27 49 28
27 53 27
28 50 24
29 52 24
29 52 24
27 50 24
29 51 24
29 52 24
27 52 22
28 53 21
26 50 23
26 53 22
27 51 23
27 50 25
26 53 23
27 51 22
27 50 25
26 50 27
25 50 26
24 51 24
25 52 25
26 48 27
26 50 27
26 52 26
27 50 26
25 50 26
24 53 27
23 52 26
23 51 28
23 50 28
24 51 28
24 49 30
23 50 30
23 50 29
25 50 30
25 51 30
24 51 30
24 50 30
26 50 30
26 50 30
27 48 29
29 47 28
29 49 29
23 50 29
20 52 25
16 54 23
15 52 24
16 50 24
17 49 24
21 48 24
23 47 25
24 49 28
25 49 26
21 51 26
19 51 26
20 50 25
22 51 27
23 50 28
26 52 29
29 50 29
31 50 30
31 51 30
27 51 28
24 53 26
21 52 26
22 52 26
21 52 26
22 50 27
23 51 29
24 52 32
25 53 30
22 53 28
21 51 26
19 51 26
19 50 28
21 50 28
24 51 29
24 52 30
26 53 31
28 52 32
27 51 31
26 50 31
22 51 29
21 52 28
19 51 32
20 51 33
20 49 33
23 49 34
24 48 36
25 49 37
27 50 37
25 52 35
19 51 34
20 53 33
19 49 33
20 51 33
22 50 35
22 50 38
22 51 36
22 52 38
25 51 37
24 50 37
23 51 37
25 50 37
25 53 37
26 51 36
27 52 36
28 53 35
28 56 35
26 51 33
26 50 35
27 38 37
30 34 39
30 55 33
24 63 21
23 53 29
24 52 32
21 38 38
30 53 45
32 60 26
34 63 16
29 39 23
22 19 31
25 54 42
28 51 40
30 58 21
37 63 15
31 41 23
27 35 32
21 40 46
26 46 41
28 62 20
37 63 14
27 43 24
27 31 33
23 46 40
26 56 36
28 63 18
33 62 21
28 45 29
26 23 40
23 44 40
27 61 22
32 63 10
31 51 24
29 36 37
24 34 49
24 46 42
31 63 18
37 62 15
27 56 27
25 21 37
25 46 40
26 58 33
28 61 20
36 63 15
30 46 27
25 36 38
21 41 46
30 51 39
31 63 23
38 62 22
27 41 31
26 39 40
28 47 41
30 59 29
34 63 18
33 60 28
29 40 38
25 23 44
28 43 37
33 63 18
37 63 18
27 47 28
26 31 35
24 45 39
29 54 31
32 63 18
35 61 21
29 50 29
28 24 39
27 45 42
30 61 26
36 63 13
35 47 23
30 25 31
25 42 39
27 49 35
32 63 21
39 63 18
31 48 24
28 35 32
27 45 38
28 48 36
31 62 21
38 62 21
35 44 25
27 31 35
22 38 38
22 62 16
38 63 11
33 54 23
29 44 35
29 30 41
25 44 40
28 63 17
40 63 12
31 52 23
28 33 31
29 46 42
28 51 33
35 63 16
41 59 18
32 29 28
31 32 41
27 49 34
33 63 15
41 63 15
38 50 26
31 29 35
29 44 38
29 58 25
37 63 18
38 53 24
33 32 36
27 40 38
26 62 27
35 63 17
36 58 22
25 36 33
29 36 39
29 47 32
32 63 16
36 62 20
32 39 31
31 31 40
30 46 35
31 63 18
40 63 19
30 40 30
27 28 40
27 47 36
30 62 20
41 63 18
32 44 28
27 29 38
28 47 38
28 57 27
33 63 17
35 56 26
28 27 35
28 44 38
30 50 33
31 63 21
31 61 27
29 48 33
28 26 40
28 45 39
27 62 22
32 63 15
31 42 27
27 29 36
25 39 39
26 57 27
29 63 18
34 58 23
30 37 35
27 27 38
25 44 36
27 63 19
35 63 18
32 37 25
27 38 35
22 46 41
25 57 28
31 63 15
35 62 20
27 38 32
25 28 40
24 44 39
29 63 19
40 63 20
37 60 22
29 37 28
29 32 38
25 44 38
31 63 23
40 63 18
31 35 27
30 29 36
28 41 36
30 63 21
35 63 18
33 42 28
28 25 39
26 43 38
28 63 22
38 62 25
31 48 32
30 30 40
27 48 38
32 63 25
35 56 26
24 36 35
22 37 39
22 59 34
26 63 34
36 60 39
34 56 39
33 61 34
28 55 27
21 32 30
15 28 17
17 59 29
23 61 39
26 47 43
32 50 39
41 63 36
37 56 34
08 36 39
05 48 37
13 56 29
27 43 31
37 57 39
53 63 36
36 56 38
15 48 37
00 44 35
01 51 32
28 60 32
54 63 35
47 50 39
25 37 36
02 50 37
02 58 39
17 47 36
45 54 33
55 56 31
26 59 38
03 44 40
01 42 35
10 37 31
46 58 28
52 63 38
31 59 39
08 50 41
00 48 39
02 57 36
17 52 34
51 52 32
53 55 29
33 54 38
11 49 33
00 34 37
06 58 28
20 53 37
47 62 37
53 63 32
38 47 35
14 50 35
00 43 36
03 57 29
19 54 35
44 57 33
55 63 34
42 53 31
16 57 36
00 38 41
00 62 27
12 61 33
37 60 38
52 63 33
45 49 34
25 47 41
07 41 39
05 39 24
12 52 33
28 44 38
56 61 31
53 62 36
33 49 39
06 47 36
00 41 37
02 53 33
19 60 35
48 62 33
59 62 29
43 51 33
14 56 35
00 32 42
00 56 27
21 61 21
50 63 31
54 63 42
41 53 41
14 53 37
00 37 36
01 56 33
15 62 29
48 59 31
59 63 31
50 48 35
22 52 36
00 34 46
00 63 38
14 61 31
41 54 30
57 63 28
49 53 38
27 53 39
12 51 40
00 35 42
06 52 30
20 52 30
50 62 34
54 63 32
42 48 39
18 52 37
00 28 48
04 58 33
19 57 31
39 58 35
57 61 32
51 54 35
26 57 34
00 41 43
00 50 33
13 62 29
34 54 34
59 60 34
48 43 40
35 45 38
14 59 38
00 44 41
04 54 34
19 54 38
41 62 39
57 62 31
46 46 37
23 55 37
00 50 37
00 49 33
16 60 27
36 52 37
55 60 34
51 50 37
32 45 38
09 50 42
00 48 40
14 51 38
28 44 33
53 57 32
51 53 32
25 52 46
02 45 40
06 52 36
23 54 34
50 54 29
40 56 36
12 49 46
07 51 36
24 47 32
50 58 26
33 60 40
12 41 40
13 43 29
19 41 25
18 42 31
18 61 37
19 50 29
19 57 34
21 52 36
20 53 34
22 50 36
24 50 34
22 49 33
21 48 34
20 47 33
18 48 34
19 49 33
17 47 33
16 47 32
16 48 33
16 47 33
15 48 33
15 47 31
16 46 32
15 48 31
17 47 31
16 46 31
16 45 32
17 46 32
17 46 33
18 47 33
19 45 33
18 47 33
20 46 34
22 48 34
23 49 32
23 48 33
22 49 34
21 48 34
16 50 33
14 49 32
16 50 32
17 50 35
18 51 34
22 49 35
19 51 34
19 49 34
18 50 35
19 50 34
19 52 34
19 50 35
22 49 35
23 51 37
25 50 38
21 50 39
20 46 40
20 48 40
21 49 39
22 48 39
24 52 40
24 52 37
24 51 37
24 53 37
27 51 33
27 56 29
27 57 33
27 39 34
27 28 42
25 48 37
23 63 29
23 63 31
16 42 37
20 30 38
24 60 42
28 63 31
29 63 26
25 40 29
21 30 37
22 52 43
24 49 35
31 63 22
27 57 25
25 41 35
23 43 41
26 49 35
34 63 19
30 60 22
25 38 30
19 25 39
19 47 34
30 63 16
33 63 23
27 38 29
25 25 35
23 51 36
28 58 27
30 63 14
29 45 27
25 40 34
24 49 36
25 59 28
31 63 17
29 51 20
24 30 29
24 46 38
28 48 37
31 63 19
34 61 21
28 33 29
21 27 34
18 52 33
27 63 22
32 62 22
26 29 27
25 31 36
25 46 36
31 62 23
32 62 20
26 32 26
23 32 36
20 48 38
25 63 28
33 63 25
28 30 25
26 33 35
22 48 36
24 58 26
30 63 19
31 50 23
23 21 34
22 50 40
26 52 26
32 63 17
31 54 28
26 26 29
23 51 35
25 49 32
28 63 18
32 54 21
26 29 27
25 42 37
21 58 38
27 63 25
28 63 18
30 57 26
27 25 30
23 50 34
23 56 33
34 63 22
33 59 24
26 24 31
21 47 36
22 60 30
29 63 20
28 57 24
26 41 30
25 43 34
24 53 35
32 63 24
32 61 23
27 32 27
26 32 34
23 48 38
27 62 29
31 63 19
30 37 21
23 26 35
23 48 37
25 54 25
30 63 16
28 50 27
27 26 33
23 49 37
27 52 29
31 63 15
31 56 19
25 39 31
24 35 38
25 53 34
31 63 21
33 59 24
28 29 28
26 28 36
24 49 37
28 63 26
31 62 20
29 31 26
25 23 37
23 51 37
29 63 22
35 55 23
26 36 32
24 38 36
23 56 34
31 63 21
33 57 20
28 38 28
25 34 35
25 55 36
30 63 25
32 62 19
27 39 29
26 29 37
23 52 39
28 63 19
34 62 20
30 34 30
27 31 36
25 48 35
25 57 21
30 63 16
31 51 23
24 29 32
24 48 35
25 61 27
33 63 22
31 53 29
27 38 31
23 37 35
21 55 27
26 63 22
35 50 26
36 50 29
38 61 29
22 40 33
22 41 32
23 45 31
27 61 17
38 63 20
31 48 28
26 48 35
28 51 33
29 60 24
32 63 21
31 45 24
31 37 23
20 54 36
19 55 35
23 51 31
40 56 22
51 63 25
41 54 32
27 51 31
17 40 29
18 51 26
19 46 30
32 63 20
48 63 21
38 42 30
23 37 34
22 49 33
23 49 32
34 62 15
38 63 21
26 29 26
24 44 32
18 51 32
26 59 19
41 63 18
37 53 29
31 54 32
22 46 31
22 45 30
23 51 30
38 63 20
43 55 22
27 44 31
20 51 29
21 57 30
23 48 33
22 47 31
35 56 25
41 61 22
39 62 27
28 52 31
21 32 32
22 46 30
30 46 29
35 63 22
32 63 27
23 35 31
21 39 33
23 50 34
28 63 24
30 62 22
26 44 29
25 43 34
25 52 36
31 63 22
32 62 22
25 44 31
21 43 36
26 55 38
32 63 18
32 59 20
26 36 29
23 38 36
26 51 35
31 63 20
33 63 21
26 40 31
24 27 35
23 51 37
29 63 26
31 62 21
29 32 30
25 19 37
25 51 41
29 63 22
34 63 21
26 35 31
25 30 38
23 51 36
25 63 23
30 63 17
29 42 29
24 16 39
19 50 41
26 63 23
35 62 21
26 33 31
24 32 40
22 55 38
26 63 23
31 63 19
29 32 28
25 26 38
23 52 39
31 63 25
34 63 21
23 35 32
22 25 40
25 57 36
33 63 18
32 61 21
20 26 30
16 34 31
16 49 25
17 41 23
17 49 22
18 51 20
17 62 25
19 62 27
22 60 32
25 49 28
27 48 28
27 47 31
25 47 32
23 46 32
22 47 32
20 46 29
18 47 32
17 50 30
17 48 27
16 47 28
17 47 31
17 46 30
17 48 29
17 50 31
18 46 30
18 49 29
18 49 30
19 46 30
18 47 29
18 49 30
19 48 31
21 48 32
20 48 33
19 49 33
18 48 32
19 47 32
19 50 34
19 49 32
18 50 33
18 49 33
18 50 34
18 49 35
20 49 36
22 49 37
20 50 36
20 51 36
21 49 36
21 49 38
21 50 36
21 50 37
22 48 39
22 47 39
23 47 39
22 48 40
21 47 40
20 49 39
19 47 41
20 47 42
20 47 43
21 46 43
22 50 42
23 50 42
25 49 42
26 51 40
25 50 40
28 48 42
31 51 39
34 52 34
35 59 36
30 55 35
23 46 31
05 41 40
12 52 38
14 49 35
24 49 35
49 63 26
54 59 28
40 52 36
29 52 35
00 39 47
07 58 32
15 51 27
39 53 29
51 62 27
44 54 31
32 54 33
11 42 37
14 43 35
18 41 36
30 58 24
45 63 12
39 54 28
27 47 34
16 41 44
15 54 39
25 47 31
32 62 15
44 62 13
28 34 29
21 36 40
19 46 37
30 50 27
35 62 12
29 61 20
24 32 37
21 41 46
27 46 32
38 58 13
36 52 12
24 33 29
23 41 43
20 50 38
30 62 19
32 63 06
31 49 28
26 42 32
21 47 40
25 52 33
32 58 14
41 57 12
29 29 24
22 39 44
20 50 35
27 61 17
36 63 04
29 48 27
25 49 34
22 50 41
30 48 32
34 61 11
35 58 14
23 40 30
25 43 46
25 47 36
33 41 16
36 62 11
34 41 25
26 41 36
22 45 39
28 60 27
35 63 09
34 54 16
25 43 26
23 42 44
25 53 34
30 60 15
36 62 08
33 27 18
26 47 29
25 49 43
25 50 31
34 57 14
38 51 12
29 34 24
25 44 38
24 53 35
33 48 21
36 61 10
33 54 14
24 39 34
24 48 40
31 56 23
34 60 13
35 55 13
26 35 27
24 38 45
24 50 32
33 55 11
36 62 05
33 45 24
26 50 30
22 43 42
27 55 29
29 54 08
35 62 06
32 35 18
23 36 44
23 48 35
29 53 18
38 63 01
24 56 27
25 54 32
22 44 46
22 49 34
30 53 12
33 60 14
35 46 18
30 36 34
22 42 44
25 58 28
33 63 08
33 54 21
25 39 37
24 40 44
26 53 32
31 62 12
33 56 16
25 37 25
23 32 42
22 47 38
25 58 22
30 63 09
27 58 26
23 42 39
21 41 44
25 54 33
32 62 17
35 60 14
24 35 24
21 33 46
18 48 41
26 54 20
31 63 08
28 49 29
23 42 42
20 33 47
21 48 37
28 55 19
33 62 17
30 39 26
25 40 37
21 43 36
25 44 31
28 58 18
32 59 22
25 43 27
24 37 40
22 46 36
25 62 23
30 63 10
30 49 20
24 31 36
23 51 38
26 52 32
35 61 11
30 59 22
26 41 31
24 39 41
23 51 35
32 62 17
36 63 16
28 43 26
22 38 39
20 52 37
24 53 24
34 63 07
31 55 20
24 38 33
25 46 35
26 50 30
34 60 17
34 61 13
26 36 28
26 27 40
24 49 33
29 47 25
35 63 09
32 55 16
23 29 34
21 48 36
26 53 31
34 61 16
35 51 22
27 34 30
24 45 37
25 49 30
35 63 03
33 51 22
25 47 28
23 45 36
24 48 33
28 50 17
34 63 09
26 53 24
26 48 34
22 42 39
25 51 34
29 55 17
38 62 07
29 34 18
20 26 40
21 46 33
27 54 31
30 56 19
36 60 17
21 28 37
19 36 37
22 51 28
22 43 29
19 49 29
21 53 27
20 62 27
25 54 28
26 49 29
25 50 32
27 53 33
28 41 30
23 50 34
21 54 35
22 50 33
20 48 34
21 50 34
19 50 35
19 48 33
18 49 34
19 49 33
17 51 34
17 52 32
18 51 32
19 47 33
22 48 35
20 52 34
20 49 35
19 48 34
20 52 32
20 49 36
22 54 35
24 54 37
23 51 36
26 54 35
26 54 35
26 59 28
26 52 28
27 43 32
28 14 41
23 45 45
30 63 20
30 63 14
22 46 25
21 22 33
23 46 40
28 59 35
32 63 16
36 62 19
28 52 28
25 15 37
24 52 40
29 58 30
30 63 10
35 63 18
28 31 30
23 24 44
25 41 36
29 63 14
39 63 13
32 42 24
27 21 40
25 48 36
30 60 26
28 63 14
37 63 10
29 35 25
27 24 37
25 49 37
32 58 26
34 63 09
34 60 21
28 23 35
25 45 40
27 56 31
32 63 08
34 61 20
28 22 35
23 53 36
26 61 29
30 63 10
34 61 18
29 31 33
26 36 42
25 48 38
26 63 15
37 63 13
28 37 27
27 31 38
27 46 40
32 61 21
39 63 12
31 34 23
28 32 38
24 50 34
32 63 13
37 62 20
30 28 33
27 45 43
30 60 24
36 63 10
33 45 24
28 27 41
29 46 34
35 63 14
38 61 17
28 28 33
24 45 43
31 61 26
36 63 11
34 52 24
23 24 41
20 48 36
14 58 29
14 49 22
17 57 30
21 60 28
27 63 24
28 61 31
30 54 37
27 50 37
27 48 34
22 47 33
18 49 33
17 46 32
17 48 33
16 48 35
18 49 35
18 49 37
17 48 38
18 49 38
17 48 36
17 50 36
18 49 36
18 51 38
16 52 40
18 53 40
19 53 41
20 52 40
23 48 37
25 51 37
27 47 40
28 48 37
35 48 37
38 44 31
26 52 30
10 48 28
00 36 36
07 53 36
24 49 39
54 59 34
54 59 28
35 60 35
01 47 45
00 36 42
15 52 38
35 45 34
58 63 31
52 49 34
30 50 36
00 47 43
02 50 39
18 53 37
41 51 39
63 63 29
47 54 33
12 52 32
00 44 40
00 58 36
22 55 35
51 62 36
57 62 31
43 52 37
11 57 33
00 39 45
01 57 36
27 47 35
55 62 35
58 62 34
42 53 37
09 55 37
00 33 43
03 61 32
21 59 34
47 62 34
60 63 30
39 44 38
12 52 38
00 44 41
04 52 36
21 55 35
55 61 35
56 61 29
36 44 39
18 45 36
00 48 43
01 55 39
25 46 39
55 58 29
48 58 34
20 44 43
01 44 41
09 53 37
38 54 31
43 61 31
21 59 40
12 42 40
20 50 38
37 48 31
50 62 27
17 52 38
05 36 34
18 44 24
26 39 23
27 52 36
30 48 37
26 53 39
24 56 36
21 49 35
18 53 38
18 61 35
16 53 32
16 49 34
16 53 31
16 50 31
18 51 34
19 54 33
20 49 33
20 48 35
20 48 34
18 51 33
20 48 35
21 45 34
19 48 34
21 48 36
19 50 35
20 50 34
19 51 37
15 52 37
17 51 37
18 54 40
20 53 40
22 53 36
22 52 39
24 48 38
26 50 37
28 48 38
34 48 36
33 46 29
32 50 30
12 52 28
00 29 37
03 56 35
15 61 33
37 59 40
62 63 29
53 50 32
22 53 35
00 45 43
01 52 40
18 48 38
23 56 38
52 62 31
58 60 29
39 49 35
07 58 40
00 48 44
05 51 37
27 43 38
59 62 30
55 56 32
30 42 40
03 57 44
00 46 41
13 44 37
46 56 31
56 63 28
34 52 41
04 49 44
00 51 40
17 44 34
55 53 28
48 62 34
19 54 40
01 44 44
15 47 36
48 50 33
49 63 34
17 49 44
06 35 40
19 44 38
54 56 29
46 58 37
14 48 42
08 42 31
18 39 26
24 44 27
22 55 35
29 50 33
28 49 34
25 56 36
23 58 37
22 52 35
21 58 38
20 52 33
17 50 32
16 50 32
17 51 31
17 51 32
18 50 33
22 49 34
20 50 35
20 49 35
18 50 33
17 49 33
17 50 33
17 51 34
17 49 36
19 54 32
21 56 35
24 51 36
24 55 36
28 53 39
27 56 31
27 54 33
27 53 30
27 54 33
27 33 34
26 19 37
31 50 41
32 63 24
31 62 26
24 41 31
19 17 42
24 50 43
31 60 27
39 63 16
31 52 25
26 21 39
22 42 44
29 56 42
31 63 18
39 63 19
27 40 27
25 16 42
24 53 44
29 62 28
35 63 14
30 61 21
24 46 38
23 29 46
28 51 39
32 63 19
36 62 22
27 40 40
21 26 45
28 52 40
31 63 18
36 60 24
24 40 40
23 41 46
33 60 35
31 63 16
26 52 29
25 32 41
26 38 43
37 62 28
41 63 23
27 48 31
16 23 36
10 53 38
13 50 40
18 46 32
25 62 30
28 63 34
30 59 36
26 52 32
24 56 32
21 49 37
19 49 33
18 51 34
17 47 34
16 48 34
16 50 35
19 47 37
19 48 38
20 49 37
19 50 37
20 49 37
19 49 37
19 48 36
18 49 36
17 50 36
19 52 36
19 51 38
22 53 36
23 54 36
25 53 38
25 53 36
27 53 37
26 54 33
29 55 35
26 39 31
29 32 35
28 27 40
28 50 43
32 63 21
30 61 26
26 34 36
21 22 42
28 45 40
31 62 27
36 63 20
31 48 24
27 36 38
19 35 46
25 54 41
33 63 20
39 63 19
28 33 30
27 34 41
25 49 40
30 63 25
40 63 22
30 34 31
28 30 41
28 50 37
33 63 23
39 62 23
27 31 33
26 36 42
31 50 36
35 63 20
38 62 24
29 28 34
26 32 44
28 54 37
34 63 20
36 62 23
27 37 35
26 27 42
29 50 41
32 63 23
38 63 23
29 31 31
27 26 42
29 54 41
29 60 33
33 63 24
35 53 27
30 23 37
27 39 44
31 53 44
32 63 22
39 62 25
30 50 31
28 29 41
25 51 43
31 63 31
38 63 20
30 56 31
24 08 37
27 59 39
35 51 37
30 63 26
37 62 26
28 39 34
27 25 43
27 46 41
31 63 24
34 63 25
28 44 27
28 30 34
26 45 41
29 60 31
36 63 22
35 53 27
30 28 33
28 43 38
29 62 31
35 63 21
35 54 27
31 25 36
30 43 42
31 62 25
37 63 20
35 44 28
30 25 42
29 46 37
34 63 21
44 62 18
32 33 31
27 29 43
28 53 40
32 63 21
30 59 29
25 35 38
20 47 43
25 63 38
32 63 34
33 58 34
36 61 32
34 51 33
30 55 28
24 47 26
16 34 31
10 33 31
09 37 35
17 63 36
27 59 36
51 60 34
51 48 29
30 55 33
06 48 37
00 43 34
09 53 38
33 56 32
55 62 28
34 51 37
05 37 44
13 51 42
33 53 30
45 59 26
21 51 35
12 31 33
20 38 28
24 42 27
22 42 37
29 51 37
27 57 35
24 61 41
20 61 38
19 46 38
15 49 41
15 53 37
15 53 35
14 45 36
16 52 36
18 52 36
20 47 38
17 49 39
16 52 40
16 50 41
19 55 40
20 53 39
22 50 38
24 49 41
26 50 39
30 44 40
33 48 36
34 52 39
36 42 34
26 52 31
02 50 36
00 38 37
11 56 40
26 49 41
58 62 35
60 60 31
31 47 37
03 50 45
00 38 38
06 47 36
23 55 41
54 63 36
56 58 31
40 48 32
06 53 39
00 37 43
02 57 41
19 51 45
44 52 39
62 63 27
52 46 32
24 50 38
00 50 42
01 53 41
18 50 43
40 50 40
62 63 28
52 47 35
22 42 37
00 49 43
02 47 36
17 46 33
33 52 40
59 63 32
52 51 32
32 46 33
06 55 40
00 44 41
08 49 30
26 53 39
53 61 33
53 60 34
34 48 37
10 54 41
00 46 38
08 54 33
31 52 42
57 58 32
51 54 36
23 46 40
03 54 40
06 55 38
19 45 37
54 54 30
49 58 32
24 44 43
01 51 42
04 58 38
22 55 39
58 50 29
52 57 34
22 44 40
00 43 40
07 54 37
35 48 34
51 62 33
39 53 38
15 41 34
09 37 28
19 49 27
28 53 37
41 61 35
41 63 38
39 62 39
29 57 34
24 43 31
22 30 34
25 46 38
30 60 18
33 63 17
33 56 25
27 32 35
25 43 40
33 58 36
36 63 16
35 61 22
24 38 36
23 25 44
28 52 42
34 63 13
38 62 19
26 44 39
20 24 45
21 56 44
23 63 28
30 63 32
36 55 34
41 62 30
35 52 27
29 43 27
19 54 31
02 25 37
11 50 39
18 55 39
28 55 39
61 59 24
58 59 27
30 46 39
00 32 44
03 59 39
16 54 43
37 53 34
62 63 23
40 54 38
06 37 44
10 55 44
27 49 43
48 61 28
34 52 32
16 31 37
18 42 32
20 50 40
27 40 44
35 48 41
39 57 46
36 57 44
36 53 40
29 50 41
26 56 42
22 52 44
21 49 43
23 50 44
22 51 43
24 51 44
25 54 44
26 54 43
28 49 44
29 50 42
30 50 42
31 53 43
32 51 43
31 52 43
31 51 44
31 50 42
31 48 42
31 51 41
31 51 44
28 50 41
29 50 42
30 46 42
29 48 45
34 59 48
31 47 45
28 51 46
27 49 43
24 49 40
22 50 38
22 52 38
23 53 38
25 51 38
27 54 37
25 53 39
26 54 38
27 54 38
27 52 38
28 53 37
29 51 36
28 51 38
27 51 38
26 50 37
27 48 36
25 50 35
25 50 33
24 50 34
22 54 34
22 52 31
22 52 33
21 53 32
22 50 30
22 53 30
21 53 33
21 52 31
22 51 33
21 51 34
22 54 32
20 53 32
23 53 34
23 53 34
23 53 33
24 51 34
26 51 36
25 52 34
25 51 36
27 50 38
27 52 38
27 52 41
27 52 42
24 53 38
25 52 39
25 53 38
25 51 35
27 51 36
29 51 38
28 50 37
31 49 39
31 48 42
32 47 43
30 49 45
26 45 47
26 40 48
24 40 48
21 35 46
20 29 46
18 30 48
18 31 47
16 31 48
16 32 49
16 32 49
17 34 46
17 31 48
16 32 47
16 28 47
15 30 48
16 29 47
17 28 47
17 30 47
16 29 46
15 29 47
14 28 46
13 30 45
13 33 48
14 31 49
11 31 47
12 31 44
13 38 47
14 37 47
15 34 44
18 36 44
19 36 44
21 39 48
23 39 44
25 39 45
26 40 50
27 41 46
30 40 44
30 42 48
29 42 47
29 43 46
27 45 47
26 45 45
27 43 45
24 46 49
24 40 43
21 40 41
19 40 42
16 38 41
10 42 40
06 44 41
06 41 39
05 39 37
06 38 35
09 37 36
11 37 36
11 38 35
12 36 35
14 36 36
12 36 35
13 36 35
14 38 34
13 38 32
14 38 34
14 38 33
13 39 33
13 38 33
11 39 34
10 39 34
11 39 33
12 39 34
11 39 34
13 40 34
13 38 33
13 38 34
11 38 34
12 38 33
12 38 34
12 38 34
12 38 34
13 38 34
13 39 34
14 37 34
13 38 35
12 38 34
13 38 34
13 38 35
13 38 35
13 37 34
12 38 34
12 38 35
13 39 34
12 38 35
13 37 33
11 38 34
14 38 33
12 38 33
13 37 34
12 39 34
13 38 34
13 38 34
12 38 32
12 38 33
12 38 34
13 38 34
13 38 34
12 38 34
12 39 33
13 38 33
11 38 34
13 38 33
13 38 34
13 38 34
12 39 34
14 37 34
12 38 34
12 38 35
13 37 34
12 38 34
13 37 34
12 38 34
