48 37 33
40 43 48
40 44 48
39 45 49
39 43 48
40 44 48
39 45 48
41 44 49
38 43 48
41 44 49
40 44 48
39 46 49
39 43 49
39 44 48
39 43 48
39 43 48
39 45 48
38 44 49
39 44 48
39 43 48
39 44 49
40 42 49
38 44 50
39 43 48
38 43 50
38 41 49
38 42 49
38 44 50
38 42 50
37 43 50
37 43 49
34 45 49
34 46 50
33 46 52
35 44 51
36 43 53
36 40 54
39 41 54
38 38 54
41 39 53
41 35 50
42 32 50
40 30 49
43 30 48
40 30 47
39 29 47
40 29 48
40 28 48
37 28 49
37 27 49
36 27 51
35 28 50
35 28 52
35 26 52
35 25 52
34 25 51
34 26 50
35 26 51
36 24 52
35 25 52
35 24 52
36 23 51
37 25 50
36 25 51
38 23 51
36 24 51
35 24 51
36 21 50
37 22 50
35 21 48
36 23 49
34 20 50
35 21 49
33 20 46
32 21 48
33 19 48
33 18 44
32 18 46
33 18 46
33 19 49
33 19 48
34 17 48
34 16 47
33 17 48
33 16 46
33 16 46
33 17 44
33 17 44
33 18 45
31 17 46
32 16 45
34 18 45
34 17 47
34 17 48
33 17 48
34 15 47
33 16 45
33 16 46
32 17 46
33 18 45
33 17 46
35 16 47
35 16 46
33 18 46
32 18 46
33 17 46
33 19 45
32 18 46
32 18 46
33 16 47
33 17 46
34 17 47
35 17 47
33 16 46
33 16 46
34 17 46
33 18 46
33 18 45
32 15 46
31 15 46
33 17 45
33 18 45
33 19 45
34 20 47
35 21 48
36 20 50
36 20 50
36 21 49
36 24 52
36 24 52
37 22 51
36 22 50
35 23 52
36 24 51
35 23 52
35 22 51
37 24 50
36 23 49
38 22 51
38 21 49
37 20 48
36 20 47
36 19 48
35 19 48
36 18 48
33 19 48
35 19 47
35 19 48
35 19 48
36 20 47
35 19 48
35 20 47
35 18 48
34 19 47
34 18 47
35 19 46
36 20 46
34 17 47
34 18 47
33 19 47
34 18 46
33 18 46
33 19 45
32 18 45
31 18 45
32 17 41
30 18 40
32 19 43
31 23 48
34 28 49
35 34 52
37 36 54
37 40 55
39 38 55
38 39 55
38 40 55
38 40 54
37 39 53
37 41 53
37 41 52
37 42 51
36 43 52
37 43 51
36 43 51
37 45 51
36 44 50
36 45 49
37 45 49
37 46 49
37 44 49
37 44 50
37 44 49
39 44 49
38 44 48
38 44 47
38 44 47
38 43 47
38 45 46
39 45 46
38 45 46
38 45 47
38 44 45
39 45 46
38 45 47
38 45 47
39 48 45
38 50 46
38 47 45
38 46 45
38 44 46
38 45 45
38 47 45
39 48 45
38 49 44
39 49 44
39 47 43
39 49 43
38 49 45
39 45 45
36 45 45
36 49 45
38 47 46
38 44 45
38 44 46
39 45 48
38 48 55
39 40 47
39 41 49
39 44 49
38 44 47
38 48 48
40 45 47
39 45 48
39 44 48
39 44 47
38 46 46
38 47 46
40 45 46
39 45 47
38 44 47
39 46 47
39 44 47
39 45 47
38 43 48
40 44 48
39 44 48
40 44 48
40 43 48
39 45 47
37 45 49
39 43 48
39 44 48
39 43 47
39 44 48
39 44 48
39 43 47
39 44 48
39 44 48
40 44 48
39 45 48
40 44 48
40 44 48
40 43 48
39 44 47
40 45 47
39 45 47
41 44 47
40 44 47
41 43 47
39 43 47
41 45 46
40 44 48
41 43 47
41 44 47
41 44 48
40 44 47
39 44 47
40 45 48
40 43 47
41 43 47
40 44 47
40 43 46
41 45 47
41 45 48
41 44 47
41 45 47
41 43 48
41 45 46
40 44 47
41 45 47
42 45 47
41 43 47
41 43 46
42 44 47
40 44 46
41 44 47
41 44 46
39 44 46
41 45 47
40 44 47
41 43 46
40 45 47
41 44 49
42 45 47
41 43 47
41 45 46
42 45 47
41 44 47
40 45 47
41 44 47
40 44 47
41 45 47
40 45 47
40 44 46
41 44 46
41 42 47
42 44 47
40 43 47
41 43 47
41 44 47
41 42 46
41 44 47
41 44 46
41 44 46
39 44 46
40 44 47
41 43 47
40 44 47
42 44 47
41 45 48
41 45 47
40 44 48
42 45 47
42 45 47
40 44 48
41 43 47
41 44 47
41 43 47
42 43 47
40 43 46
41 44 47
40 44 48
42 43 48
41 45 46
40 44 47
41 43 46
39 44 46
39 44 47
40 43 47
41 45 47
41 44 47
41 45 47
41 44 46
40 45 47
41 43 47
41 42 47
40 43 47
40 44 47
41 43 47
40 43 47
41 44 49
42 43 46
41 45 47
40 44 47
42 44 48
40 44 48
41 43 47
41 45 48
41 42 47
41 43 47
41 44 47
40 43 48
42 44 46
40 44 47
41 44 47
41 46 47
40 43 47
42 44 47
40 43 47
41 44 47
41 44 46
41 44 48
41 44 46
41 44 47
40 44 47
41 43 46
41 43 47
40 44 47
42 44 47
41 45 47
40 44 47
41 45 48
39 44 46
41 43 46
40 44 46
40 44 48
41 44 47
41 45 47
40 43 47
41 45 47
41 45 47
41 44 48
40 45 48
41 43 47
42 44 47
40 44 47
40 42 47
41 43 47
40 44 47
41 43 46
40 43 47
40 43 47
40 45 47
40 44 47
41 45 47
41 43 47
41 44 47
41 42 47
40 45 47
40 44 46
40 44 47
41 44 47
42 45 47
41 43 47
39 44 47
40 43 47
40 44 48
41 44 47
40 43 47
41 45 47
41 44 47
41 44 47
41 45 48
40 45 47
43 44 48
42 44 47
40 45 47
41 45 46
42 44 47
41 44 46
41 43 47
40 44 46
41 43 47
41 43 48
40 43 48
42 44 47
42 43 47
39 44 47
41 43 48
41 43 47
40 43 47
41 45 47
41 43 48
41 44 46
41 44 47
41 44 47
40 45 47
41 43 46
42 45 47
40 45 47
40 43 47
41 44 47
42 43 47
40 44 47
40 43 47
40 44 47
41 44 47
40 44 46
40 44 46
40 43 47
40 44 46
42 45 47
42 44 48
41 44 47
40 44 47
41 44 47
41 44 46
41 44 48
41 43 47
41 43 47
40 45 47
41 43 47
41 44 47
41 44 47
41 45 48
40 45 46
40 44 47
40 43 47
41 44 47
40 45 47
41 44 48
41 45 47
41 44 47
41 44 47
41 43 47
40 43 48
39 44 47
41 44 47
41 44 47
42 44 47
40 44 48
41 44 47
41 44 48
41 43 48
41 45 47
41 44 47
41 45 47
40 46 47
39 44 47
40 44 48
41 44 48
41 43 47
40 46 47
40 43 47
40 44 47
41 44 47
41 45 46
41 45 47
40 43 47
41 43 48
40 44 47
41 44 47
41 45 47
41 44 47
41 43 47
41 43 47
41 44 47
41 44 46
41 44 47
41 44 47
41 44 47
41 45 48
39 44 47
41 45 47
42 44 47
41 44 47
40 43 48
41 43 48
41 44 47
41 43 48
41 43 47
39 45 47
40 44 47
41 45 47
41 43 46
41 44 48
41 44 46
41 43 48
40 42 47
40 44 47
41 44 48
40 45 47
41 44 47
40 44 47
40 44 48
41 44 47
41 44 48
40 44 48
39 44 46
41 45 47
40 45 48
41 44 47
40 44 47
41 44 47
40 45 47
40 44 47
41 45 46
41 45 46
40 44 48
41 43 48
40 44 47
41 44 47
41 43 46
40 45 47
41 44 47
40 44 48
40 44 47
40 43 47
39 45 47
40 43 46
41 43 47
40 44 48
41 45 47
41 45 48
40 45 48
40 45 47
40 43 47
39 43 47
40 44 47
41 44 48
40 44 47
41 43 47
41 43 47
40 43 47
41 44 47
40 46 47
41 45 47
41 45 48
41 45 47
41 44 48
40 45 47
40 44 47
42 44 47
40 43 47
40 44 47
41 44 47
40 45 47
41 45 47
41 45 47
41 44 47
41 44 47
41 44 47
40 43 48
41 44 48
41 44 47
40 44 48
40 44 47
41 44 47
41 44 47
40 44 47
40 44 47
41 44 48
40 44 47
42 44 47
43 44 49
41 44 48
42 43 47
41 43 47
40 43 46
40 44 47
41 44 47
40 44 47
41 43 47
40 43 47
41 43 47
41 43 47
39 45 47
40 44 47
41 43 47
41 45 48
41 45 47
40 43 47
41 44 47
41 44 47
40 44 48
41 45 46
41 44 47
41 45 47
40 44 48
40 44 47
41 43 48
41 43 47
41 43 48
40 45 47
42 44 48
41 44 48
41 44 47
42 44 46
41 44 48
41 44 47
42 45 46
40 44 47
41 45 47
40 43 47
41 44 47
40 43 47
41 45 47
40 44 47
41 45 47
40 43 47
40 43 46
39 44 47
40 45 47
41 44 47
40 45 47
39 43 48
41 44 47
40 46 47
41 44 47
40 44 47
41 44 47
41 43 46
42 43 47
42 44 47
41 44 47
41 44 47
41 45 47
42 44 47
41 44 48
41 43 47
42 45 47
41 44 47
40 44 47
41 44 46
40 44 47
41 44 47
40 43 48
41 43 46
40 45 47
39 44 47
41 44 46
40 44 47
40 44 47
41 44 47
40 43 46
41 45 47
40 44 47
40 44 47
40 44 47
40 43 47
41 44 47
41 44 47
41 44 47
40 44 47
39 43 47
40 44 47
41 44 46
41 44 47
41 43 47
40 43 47
41 44 47
41 44 47
40 44 48
40 44 47
41 44 47
41 44 47
39 43 47
42 44 47
40 45 47
40 43 48
40 44 47
42 43 46
40 45 47
42 44 46
41 44 47
41 44 47
40 44 48
41 44 48
41 43 47
41 43 47
41 44 48
42 45 46
41 43 47
41 43 47
40 44 48
41 44 47
41 44 47
41 45 47
40 44 46
41 43 47
41 44 47
40 44 47
40 45 48
40 42 47
41 44 48
40 44 47
40 44 47
42 43 47
41 45 46
41 44 47
40 44 47
38 45 48
40 44 47
42 44 47
41 44 47
41 43 48
40 44 47
41 43 47
41 44 47
40 44 47
41 45 48
41 44 47
40 43 47
40 43 47
40 44 47
42 44 48
41 44 47
40 43 47
41 44 48
41 44 47
41 43 48
42 44 47
41 42 47
40 43 46
41 43 47
41 44 47
41 43 47
41 45 48
41 44 47
41 45 47
41 43 46
42 43 48
42 42 46
41 44 47
41 44 47
41 43 46
40 43 47
41 43 47
41 44 48
42 44 47
40 43 48
41 43 47
41 43 47
40 44 47
42 44 47
41 43 47
42 44 47
41 43 47
41 44 47
40 45 47
40 44 46
40 45 48
41 43 47
40 43 47
42 45 48
40 44 47
42 45 46
41 43 47
40 43 47
41 44 47
41 43 47
40 43 47
40 45 47
41 45 48
41 44 47
41 44 47
40 43 47
41 43 48
41 42 48
40 44 48
42 45 47
41 43 47
39 44 47
40 44 48
41 43 47
42 44 47
42 43 48
41 43 47
41 44 47
41 45 46
41 44 47
41 44 47
41 44 47
41 44 48
41 43 47
40 44 47
42 43 47
41 44 47
40 44 47
40 44 47
41 44 48
41 45 47
40 44 47
41 44 48
42 45 48
41 44 48
40 44 47
40 44 47
41 43 47
41 44 49
41 43 48
40 44 47
40 43 48
41 45 47
40 43 47
40 45 47
41 43 47
40 43 47
41 44 47
41 44 47
41 44 48
41 43 48
40 44 47
42 43 47
41 44 49
40 43 47
41 44 48
41 44 49
41 44 50
41 43 48
40 44 49
40 43 48
38 43 49
38 44 49
37 44 52
36 43 52
38 42 52
39 40 53
41 39 51
41 38 51
42 37 51
41 35 49
42 35 51
41 34 50
42 31 50
41 30 49
41 28 49
40 28 49
40 27 50
38 25 50
38 26 50
38 26 50
38 25 50
36 25 50
37 25 50
38 23 49
36 23 49
38 24 50
37 23 51
35 23 52
37 23 50
37 23 50
36 23 50
38 21 50
34 23 50
36 22 49
36 21 48
36 21 49
35 20 49
35 18 48
33 20 47
34 20 48
33 18 45
33 18 45
34 17 45
34 18 46
34 17 47
34 18 48
33 18 46
33 17 46
33 16 46
31 17 46
33 17 46
34 18 46
35 17 47
33 17 47
33 17 46
32 17 46
32 16 44
33 15 46
34 16 45
35 15 47
35 16 47
34 16 47
33 17 48
32 17 46
32 18 46
33 18 44
31 17 46
34 17 44
34 15 47
33 13 44
31 16 46
30 19 50
32 20 51
34 19 48
36 22 47
38 19 47
37 19 44
36 21 44
37 19 46
36 18 47
34 19 48
35 17 47
33 21 46
35 19 48
33 18 47
34 18 48
35 20 48
36 17 48
36 20 47
25 21 53
35 19 46
32 18 43
31 12 42
31 15 43
33 16 43
32 18 46
34 17 46
34 18 44
33 14 46
33 16 45
32 16 43
32 15 44
33 16 44
33 15 44
33 16 44
33 15 45
33 16 45
33 14 45
32 16 45
31 16 45
32 17 44
33 16 44
33 17 44
33 16 46
33 17 46
34 17 46
33 17 46
31 14 46
29 15 44
30 14 45
30 16 45
30 17 45
31 18 45
33 16 46
35 17 47
36 19 47
37 21 48
36 21 49
37 22 48
37 21 50
37 23 49
36 22 50
35 23 50
35 22 48
36 22 50
36 20 48
37 21 49
35 20 49
36 22 51
35 22 50
34 20 51
35 21 49
35 21 49
34 20 50
33 20 49
33 19 48
34 19 48
34 18 49
35 20 47
34 18 48
34 18 48
34 17 48
34 19 48
33 18 45
33 19 46
32 18 45
33 17 48
32 16 45
32 13 42
31 14 39
29 14 39
29 14 39
31 16 41
31 18 43
32 27 48
32 29 51
35 30 54
35 34 55
36 38 54
36 39 55
35 38 55
36 38 54
36 36 54
36 36 52
35 38 52
35 38 51
35 39 53
35 42 52
35 41 52
35 41 52
34 41 51
35 41 51
35 40 50
33 39 50
34 40 51
34 42 51
34 42 51
35 42 53
34 41 51
34 42 51
35 42 51
35 43 50
36 41 50
35 42 51
36 41 51
36 41 50
36 40 51
36 38 52
34 41 51
33 41 51
33 40 51
33 42 51
35 40 51
35 40 52
33 38 52
33 38 52
33 39 51
33 39 51
33 39 52
33 39 51
34 39 51
33 38 52
33 39 52
34 39 52
35 39 51
35 39 52
35 38 52
35 38 52
33 40 52
35 38 53
34 39 52
34 39 52
34 38 53
32 38 53
35 39 51
33 39 52
34 38 51
33 38 51
33 38 51
33 39 51
32 39 51
31 38 52
32 39 51
33 40 51
33 39 51
33 40 51
33 42 51
33 41 51
32 40 50
34 42 52
33 41 51
34 40 51
34 42 51
34 42 51
35 41 51
33 42 52
35 41 52
34 42 52
34 43 52
34 41 52
35 41 50
35 43 50
35 41 49
35 40 48
35 42 48
37 41 49
35 42 49
36 43 49
35 41 49
35 43 49
35 43 50
36 43 50
36 42 49
35 43 49
35 43 49
35 41 49
35 42 47
36 42 49
36 44 48
36 46 48
35 47 48
35 45 47
36 46 48
35 46 47
35 47 47
36 48 47
36 48 47
35 46 46
34 45 47
34 45 47
34 46 46
35 46 46
34 48 46
34 49 46
34 48 47
35 48 46
38 48 46
37 44 45
35 46 47
36 43 48
37 42 49
36 43 49
35 44 50
35 41 55
35 42 48
36 40 51
36 42 51
37 41 51
35 41 52
35 40 51
36 40 51
37 39 51
37 39 52
38 38 52
37 39 51
38 39 52
38 39 51
38 38 51
38 38 52
37 38 52
37 37 51
37 38 51
37 39 52
36 39 51
38 39 51
37 38 51
36 37 50
37 38 52
36 38 52
39 37 52
39 38 50
37 38 52
38 37 51
39 38 52
39 37 51
40 37 51
38 37 51
38 37 51
38 39 51
38 38 52
39 39 51
37 38 51
39 38 51
39 37 50
39 39 50
39 39 51
40 39 51
38 38 51
39 39 50
38 40 51
40 39 51
39 39 51
39 39 51
38 39 51
40 38 50
38 38 51
39 40 50
40 39 50
41 40 51
39 39 51
40 39 50
40 39 50
40 40 50
38 40 50
39 38 50
39 39 50
39 40 51
40 40 50
40 38 51
39 40 50
39 40 50
40 40 50
40 41 49
40 40 50
39 40 50
40 39 50
40 39 50
40 39 50
39 40 51
38 41 50
40 39 51
39 40 50
37 40 51
39 39 51
38 39 50
40 40 50
39 40 51
38 40 51
40 39 51
39 40 51
39 39 51
40 39 50
40 40 50
39 39 50
39 39 50
39 40 50
38 40 51
40 39 51
38 39 51
39 40 51
38 38 51
39 39 51
38 39 50
39 40 51
41 39 50
40 40 50
39 39 51
40 38 51
39 39 50
40 39 50
40 40 50
39 40 51
40 39 50
39 39 51
40 38 50
40 39 49
39 40 50
39 39 49
39 39 50
39 39 50
39 40 50
39 39 50
39 41 51
39 41 51
41 40 52
39 39 52
36 42 52
36 40 53
36 38 52
32 42 50
33 41 49
32 42 49
32 41 48
30 41 49
29 40 49
30 40 49
28 42 49
29 42 49
28 40 49
31 41 51
32 41 51
32 39 52
34 39 52
34 39 54
34 38 54
33 37 53
33 39 52
35 40 51
35 39 52
36 39 51
35 38 51
35 39 52
35 37 52
34 39 51
34 39 52
36 38 52
35 39 53
35 38 51
34 38 52
36 37 52
36 39 52
35 39 52
35 37 51
36 38 51
35 39 51
35 39 52
36 38 52
36 38 51
36 38 52
37 37 51
36 37 52
35 38 52
38 38 52
37 37 53
36 38 52
37 37 53
36 37 52
37 37 52
36 37 52
35 38 52
36 38 52
35 39 51
35 38 51
37 36 52
37 37 51
36 37 52
37 38 52
37 37 53
36 37 52
36 38 52
36 38 52
38 37 52
38 38 52
37 38 52
38 37 51
36 37 51
38 38 51
36 37 51
38 38 51
37 37 52
38 39 51
37 37 52
37 37 51
38 38 51
37 37 52
37 37 51
38 39 51
37 38 52
36 38 51
37 37 52
37 39 51
37 37 52
38 38 51
37 38 52
37 38 52
37 39 52
37 39 51
37 37 51
38 37 53
36 39 51
38 39 52
37 36 51
38 37 51
37 37 50
38 38 52
39 38 51
39 36 51
38 38 52
38 38 51
38 37 52
38 37 51
39 38 51
37 39 51
37 37 51
37 38 51
39 38 52
37 37 51
39 38 51
37 38 52
39 38 51
39 39 52
38 38 51
39 38 51
39 38 51
38 38 51
37 37 52
39 38 50
38 37 52
38 38 52
38 38 51
38 37 52
38 37 51
37 37 51
38 38 52
39 37 50
39 36 51
38 37 52
38 39 51
39 39 50
38 39 50
38 38 51
38 38 51
38 38 51
38 39 52
38 37 52
38 37 52
38 37 51
39 38 52
38 38 51
38 39 51
38 37 51
38 37 51
38 37 51
39 38 51
38 38 52
37 38 51
38 38 51
38 37 50
38 39 51
37 38 51
37 37 51
37 39 52
39 37 51
38 38 51
38 38 51
38 38 51
38 37 51
39 36 52
38 38 51
38 37 51
40 37 51
38 37 51
39 38 52
38 39 51
37 37 51
38 38 51
38 38 52
40 37 52
38 38 51
38 38 50
38 37 51
38 38 51
39 38 51
38 38 51
38 37 52
38 38 51
39 37 51
38 38 52
38 38 52
39 38 51
39 37 51
38 37 51
38 37 52
38 37 52
39 37 52
38 39 51
39 37 52
38 38 52
39 38 50
38 38 51
38 37 50
38 38 51
38 37 51
39 38 52
39 37 50
38 37 52
39 38 52
39 38 51
38 37 52
38 38 51
40 38 52
38 38 51
39 39 52
39 38 52
38 39 51
38 38 52
38 38 51
39 37 52
38 38 51
38 37 51
38 38 51
40 37 52
38 37 52
38 38 51
38 38 50
40 39 51
39 37 51
40 38 51
37 38 51
38 37 51
38 37 51
38 37 50
39 38 51
39 37 51
39 38 51
38 37 51
38 39 51
38 38 52
39 37 51
37 37 52
37 36 52
38 38 52
39 37 52
39 36 51
38 37 52
38 36 51
38 38 51
39 38 50
37 37 52
38 38 51
38 38 51
37 37 51
39 36 52
37 38 52
38 37 51
39 38 51
39 37 51
38 37 52
40 38 50
38 38 51
38 37 51
38 38 52
38 37 52
38 38 51
39 38 51
39 38 51
39 37 50
38 39 52
38 38 51
38 38 52
39 37 52
39 38 51
38 38 52
39 37 51
38 37 51
37 38 50
39 38 51
38 37 51
39 38 52
39 37 51
38 38 51
37 37 51
38 37 51
38 37 51
39 39 50
38 38 51
38 38 52
37 37 51
39 38 51
38 37 50
39 38 51
38 39 51
39 38 52
37 39 52
39 38 51
40 39 51
38 38 51
39 36 51
38 38 51
39 37 51
39 39 51
39 38 51
40 37 51
39 36 51
39 39 52
38 37 52
40 38 52
39 38 52
39 38 52
39 38 51
39 38 51
38 37 51
39 37 51
38 37 52
38 38 52
38 36 51
39 39 51
39 39 51
38 38 51
38 38 51
40 37 51
38 38 51
39 38 51
40 37 51
39 37 51
39 37 51
38 37 51
40 37 52
38 38 51
39 38 52
38 37 52
38 38 51
39 38 51
39 38 51
39 38 52
38 37 51
38 37 52
38 38 50
40 36 52
38 37 51
39 37 51
38 38 51
38 38 51
38 38 51
38 38 51
38 38 50
39 39 51
39 38 51
38 39 51
38 39 51
40 38 51
38 37 51
39 38 51
38 38 51
39 39 51
39 39 50
38 38 52
39 37 51
38 38 51
40 37 51
39 38 51
38 37 51
39 38 51
37 37 51
38 37 51
40 37 52
39 38 51
38 38 52
40 38 51
39 36 51
38 38 51
38 39 52
38 37 51
39 39 52
39 38 52
38 37 51
39 38 52
40 38 51
38 38 52
39 38 51
39 37 52
38 37 51
40 37 51
39 37 51
39 37 51
38 37 51
39 36 51
39 37 52
40 37 52
38 38 51
38 36 52
39 37 51
39 38 51
39 38 51
39 38 51
38 36 51
39 36 51
40 37 51
40 38 51
38 37 51
40 38 51
39 37 51
40 38 51
37 38 51
38 38 51
39 38 51
39 38 51
39 38 52
39 38 52
38 37 51
38 38 51
39 38 52
38 37 51
39 38 50
38 37 51
39 37 51
38 38 51
39 39 51
39 38 52
39 37 52
38 38 51
38 38 51
38 39 51
37 38 52
38 39 51
39 37 51
39 37 52
38 37 51
39 39 52
39 38 51
38 37 51
38 37 51
38 38 51
39 37 51
39 37 51
39 38 52
39 37 51
38 38 52
39 38 51
39 38 52
38 38 51
39 37 51
39 39 52
39 37 51
39 38 51
38 38 51
39 37 52
38 39 52
39 38 51
40 38 51
39 38 51
39 37 51
39 38 51
38 38 51
39 37 51
38 37 51
39 38 51
39 38 51
39 37 52
39 38 51
39 38 51
38 38 51
38 37 51
39 39 51
38 39 51
39 37 51
38 38 51
39 37 51
39 38 51
39 38 51
38 38 52
38 37 51
38 38 51
38 38 51
38 38 51
38 38 51
39 36 51
39 37 50
39 38 51
38 38 51
38 37 51
38 37 51
39 38 52
39 39 51
39 38 52
39 37 51
40 38 51
39 38 51
39 38 51
39 37 52
38 39 51
38 39 51
39 38 51
38 40 51
40 39 50
40 37 51
37 37 50
38 39 52
37 37 51
38 37 50
38 37 51
39 39 50
40 38 50
39 38 50
38 38 51
39 38 51
39 39 51
39 39 51
39 39 51
39 37 50
40 38 51
40 39 50
40 37 51
39 38 50
39 39 51
38 38 51
40 39 50
40 38 50
39 38 51
41 38 51
39 38 50
41 37 51
40 38 50
40 38 51
39 37 51
40 39 51
39 39 50
40 38 50
39 38 51
41 38 51
39 38 50
39 39 50
39 38 51
39 38 51
39 38 51
39 38 50
39 39 50
39 38 51
40 37 51
39 38 51
39 37 51
39 40 51
39 38 51
38 38 51
39 38 50
39 38 51
38 38 50
39 36 51
39 38 50
38 36 51
38 38 51
39 38 51
40 38 51
38 37 52
38 36 52
39 37 51
39 38 51
40 38 51
38 38 51
38 38 51
40 38 52
39 38 52
39 37 52
39 37 51
40 38 52
39 36 52
39 37 54
38 38 52
36 38 52
35 39 50
36 39 52
36 39 51
38 39 51
37 38 49
38 37 49
37 38 51
37 37 51
37 37 52
38 36 51
38 36 53
38 37 52
37 38 53
37 37 52
36 36 54
38 37 54
38 35 55
38 34 53
38 33 53
39 32 54
37 31 51
38 30 52
39 28 51
37 25 51
38 27 50
37 25 49
36 26 50
36 25 49
37 25 48
37 24 49
36 24 49
36 23 49
37 24 51
36 24 50
36 23 51
37 22 49
35 22 51
35 21 52
35 22 50
34 21 52
36 21 49
36 22 49
36 20 49
32 21 50
34 20 48
33 19 47
32 17 46
34 17 46
33 17 45
35 16 45
33 18 47
34 18 47
34 20 47
33 18 48
32 17 47
34 17 45
33 17 45
33 16 45
33 16 47
35 16 46
34 17 46
35 16 47
35 16 48
33 18 47
32 17 45
34 15 45
34 16 44
35 15 44
33 15 46
32 17 47
33 17 49
34 21 49
35 20 47
38 21 47
39 21 46
37 22 45
36 20 47
34 18 48
35 19 49
35 14 49
33 18 49
33 19 48
36 20 46
29 21 45
33 19 47
33 17 43
33 17 44
34 17 47
35 19 47
33 18 48
34 18 47
33 19 45
33 16 45
33 16 46
34 16 44
35 16 46
33 16 47
33 17 46
33 16 46
31 15 45
32 17 45
32 18 45
33 18 45
34 19 47
35 19 47
37 21 49
36 20 49
37 20 49
36 20 48
37 22 49
34 21 51
37 21 48
36 20 48
36 20 49
37 21 50
37 20 49
35 20 48
35 20 48
35 20 49
33 20 48
33 19 48
34 19 48
36 18 47
35 18 47
33 18 47
34 18 45
32 19 44
34 18 44
31 15 44
31 16 40
30 16 37
30 17 40
33 19 44
31 22 48
32 27 50
34 31 53
37 34 55
38 33 54
37 40 54
38 37 55
36 39 55
36 40 54
37 37 56
37 40 55
36 41 53
35 41 52
36 40 52
35 41 50
34 42 50
35 41 51
37 41 50
36 44 50
37 42 50
35 42 49
34 43 50
36 43 49
36 44 50
34 42 50
35 43 49
35 43 49
34 42 48
37 41 50
36 42 50
36 43 50
36 43 50
37 44 50
35 44 50
37 43 49
35 43 50
37 43 50
37 45 49
37 43 49
36 45 49
36 45 48
38 46 49
37 45 48
37 46 48
37 45 48
37 44 46
36 44 47
36 44 48
36 47 48
36 47 47
36 46 48
36 45 47
38 45 47
37 48 46
37 48 46
37 47 45
38 46 46
37 47 45
38 47 45
37 45 46
38 44 48
37 45 49
36 44 45
37 45 49
37 44 49
38 41 47
37 44 47
37 44 50
37 42 50
36 44 49
36 51 60
36 43 47
38 43 50
37 42 49
37 44 49
39 43 50
38 44 48
38 45 51
38 45 49
38 43 49
39 39 48
38 39 46
39 39 46
38 41 48
36 43 49
38 48 52
37 42 46
39 42 49
39 42 50
39 41 51
38 41 51
38 40 50
39 38 50
38 40 50
37 40 51
39 38 49
39 38 50
41 39 50
40 39 50
40 39 50
39 39 50
40 38 51
41 40 50
40 38 51
40 38 50
40 39 51
41 38 51
40 39 51
40 39 49
39 39 50
40 39 51
40 38 51
40 37 51
40 38 50
40 39 50
41 37 50
41 38 49
39 38 50
39 39 50
40 38 51
40 37 50
39 38 51
40 39 51
39 39 50
40 38 50
40 39 51
39 39 52
40 39 50
40 38 50
39 38 51
40 39 51
38 38 51
40 40 52
39 39 51
39 39 50
40 38 51
40 38 51
39 39 51
39 39 52
40 39 50
39 39 50
40 39 51
40 39 50
40 39 50
39 38 50
40 39 50
39 39 50
39 38 50
39 39 50
40 40 51
40 39 50
40 40 50
39 39 50
38 39 50
39 39 50
40 39 50
40 38 51
39 38 51
39 39 50
40 37 51
39 39 50
40 39 50
40 39 50
39 38 50
41 39 51
39 39 50
39 38 50
40 38 50
40 39 51
39 39 51
41 38 50
39 39 50
39 38 49
40 38 51
41 40 50
41 39 51
41 39 50
39 39 50
41 38 50
40 40 50
39 38 50
41 39 50
41 39 50
41 38 50
40 38 50
39 38 51
41 38 51
41 40 51
40 38 51
40 39 50
40 39 50
40 40 50
40 39 51
40 37 50
40 38 51
40 39 50
40 38 50
40 38 50
40 37 50
41 39 50
40 38 51
40 39 50
41 39 50
41 38 50
40 39 50
40 39 50
41 39 50
40 39 51
40 39 50
40 38 50
41 38 51
40 38 51
40 39 50
40 39 50
40 39 50
40 38 50
40 39 51
40 38 51
40 38 51
40 39 51
40 38 51
40 39 50
40 38 51
41 38 50
41 39 51
40 39 50
39 38 51
39 36 51
40 39 50
40 39 51
40 38 50
39 39 50
40 40 50
41 38 50
39 38 50
42 39 51
40 39 50
41 37 50
40 39 50
40 39 51
40 38 51
40 39 50
40 39 51
40 38 51
40 38 50
41 39 51
39 39 50
40 37 51
40 39 51
41 39 49
40 38 50
40 38 50
40 39 51
40 39 50
39 38 50
41 40 50
41 40 50
40 39 51
40 39 51
41 39 50
40 40 51
40 38 50
40 39 51
41 39 50
39 39 51
39 40 50
40 39 50
41 38 50
39 40 50
40 39 50
39 39 51
40 38 50
40 38 51
40 38 50
40 38 50
41 39 51
41 38 50
40 39 51
40 39 51
40 40 50
40 39 51
40 38 50
41 38 50
40 39 50
41 38 50
41 39 50
40 38 50
39 38 49
40 38 50
40 39 50
42 39 49
41 39 50
40 38 50
40 38 50
40 39 50
39 39 51
41 39 51
39 39 50
41 38 51
40 38 49
40 38 51
41 39 50
41 39 51
40 38 50
41 39 50
40 39 51
41 39 50
40 39 50
40 39 49
40 38 50
40 40 50
41 39 49
41 39 51
41 38 50
41 38 50
41 38 50
40 39 50
39 38 50
40 39 50
40 39 50
40 39 50
41 37 50
39 39 51
41 38 50
41 39 50
41 38 50
40 39 50
39 39 50
40 39 50
39 38 50
40 40 50
41 39 51
40 38 51
40 40 51
39 40 50
40 40 51
41 39 51
41 39 51
41 40 51
40 40 51
40 39 51
40 40 51
39 40 51
40 40 50
41 39 50
40 39 50
40 40 50
39 40 51
40 39 50
40 39 51
40 38 50
40 39 51
40 39 51
40 38 50
39 39 50
39 39 50
40 38 50
40 40 50
41 39 51
40 39 50
40 41 51
40 38 51
39 39 51
41 39 50
40 39 50
40 39 50
38 39 50
41 39 51
39 38 50
40 38 50
39 39 50
40 39 50
40 39 50
39 39 50
41 39 50
40 39 50
40 39 50
41 38 51
40 38 51
40 37 51
41 40 50
39 39 50
40 40 50
40 39 50
41 39 50
41 39 50
39 38 50
40 38 50
40 39 51
40 39 51
40 38 50
40 39 50
40 38 50
41 40 51
40 39 50
38 38 50
40 38 51
40 39 50
42 38 50
39 38 51
40 39 50
39 38 50
41 39 50
38 37 50
40 39 50
39 38 52
41 39 50
40 39 50
40 39 50
41 39 51
41 38 50
40 39 50
39 39 51
39 39 50
40 39 50
40 39 50
40 39 50
41 40 51
39 38 50
40 39 51
40 38 50
40 38 51
41 39 50
40 38 51
40 38 50
40 38 51
41 39 50
40 38 51
40 39 50
40 39 49
40 39 50
40 39 50
40 39 50
40 39 50
40 37 50
40 38 50
40 39 50
40 39 51
42 39 50
40 38 49
39 39 49
40 39 50
40 38 51
40 39 50
40 39 51
40 39 50
41 39 50
40 39 50
40 39 50
40 38 50
40 39 49
40 38 51
40 39 50
40 38 50
40 39 50
40 37 50
40 40 50
39 39 49
41 40 50
39 37 50
41 40 52
39 38 50
40 39 50
41 38 50
40 39 50
40 39 51
39 39 51
40 39 51
41 39 51
39 39 50
40 38 50
41 38 50
40 40 50
41 40 50
40 40 50
41 38 50
41 38 50
40 39 50
41 40 51
40 39 50
40 39 51
40 40 50
40 39 51
40 39 50
40 39 50
39 40 51
41 38 50
40 40 50
40 40 50
40 39 49
40 38 49
40 38 50
41 40 50
39 39 50
41 39 50
42 39 50
40 40 50
40 39 50
41 39 51
40 39 50
40 38 52
41 38 50
40 39 49
40 39 51
40 40 49
41 40 50
40 40 50
41 39 50
41 40 50
40 39 49
39 38 50
40 39 50
40 40 50
40 38 50
40 38 50
40 38 50
40 39 49
41 39 50
40 39 49
40 40 50
39 39 50
40 40 50
41 39 50
40 39 51
41 38 50
40 39 49
41 38 51
41 39 50
39 40 50
40 39 50
39 40 50
40 41 49
39 38 50
40 39 50
38 39 51
41 38 51
40 40 51
40 40 50
40 40 50
40 38 50
40 39 50
40 39 49
41 39 51
39 39 50
41 38 51
40 39 50
41 39 50
41 39 50
40 39 50
41 38 50
39 39 51
42 38 49
40 39 49
40 38 50
41 40 50
40 39 49
40 39 49
40 40 50
42 40 50
41 38 51
40 39 51
40 39 51
40 40 51
40 38 50
41 39 50
41 39 50
40 39 51
40 39 51
41 40 50
39 37 50
40 38 51
41 39 49
41 39 51
40 40 49
40 38 49
40 38 50
41 40 49
41 39 50
41 39 50
40 40 50
40 39 50
41 40 51
39 40 51
40 39 50
40 39 51
40 39 51
39 39 50
41 38 50
41 40 51
42 38 50
40 41 49
40 39 50
41 38 50
40 39 49
40 39 50
42 39 49
41 39 50
40 39 50
41 40 50
41 40 49
41 40 50
41 40 49
41 40 49
42 39 50
41 38 49
41 40 49
41 39 50
41 39 50
41 39 51
41 38 50
41 39 50
40 39 49
41 39 49
42 39 49
40 40 49
41 39 50
41 39 50
40 40 49
41 39 50
41 38 49
41 38 48
42 39 49
40 39 49
41 40 49
42 39 50
40 39 50
42 38 49
40 38 50
41 39 50
41 39 50
40 39 49
41 38 51
40 38 51
40 39 51
40 38 51
40 39 50
39 39 51
39 41 52
38 39 51
38 40 53
40 39 54
39 38 54
40 38 55
40 36 52
41 33 52
41 30 50
41 32 51
39 29 50
40 29 50
40 25 49
39 25 50
39 26 49
37 23 48
37 23 48
37 22 49
36 22 49
35 21 49
36 21 49
36 21 49
38 21 48
36 20 48
36 21 49
37 19 49
36 21 49
36 21 48
35 21 48
36 19 48
37 21 48
35 18 47
35 19 48
36 19 47
34 18 47
35 18 47
36 18 44
31 18 46
32 20 50
32 18 42
32 16 44
32 16 44
32 15 43
33 17 45
33 17 44
34 16 44
33 17 46
34 16 45
32 15 44
32 15 45
33 15 44
33 15 43
32 16 44
33 16 43
33 16 44
33 15 44
34 15 44
33 15 44
33 15 44
34 15 45
33 16 44
33 15 44
35 15 44
32 16 44
32 16 45
33 16 43
32 15 45
33 16 43
32 16 43
32 14 44
33 15 44
35 16 45
35 16 46
35 17 46
35 15 46
34 16 46
33 16 46
33 15 46
33 16 44
34 14 44
34 17 44
33 17 44
34 17 45
35 16 45
36 16 47
36 19 46
36 18 48
36 17 47
36 17 47
36 18 46
36 20 47
36 20 47
37 19 47
37 18 46
37 20 47
37 19 49
35 17 48
36 20 48
36 18 47
35 18 48
35 17 47
34 17 45
34 18 47
33 18 47
34 17 47
36 19 46
37 20 43
34 15 46
32 16 46
31 17 43
32 18 40
33 18 43
32 19 45
32 20 46
32 24 49
33 30 52
34 33 54
36 33 55
35 38 54
36 38 55
36 37 55
36 38 54
35 39 53
35 38 53
34 39 52
34 40 53
36 39 51
35 40 51
35 40 52
34 40 51
36 41 51
34 42 52
35 41 51
34 42 52
34 41 52
34 41 50
35 41 52
34 40 51
35 40 51
36 41 51
37 41 50
36 42 50
36 42 50
35 43 50
35 43 50
36 43 48
35 43 49
36 41 49
36 43 49
37 42 49
34 43 51
36 43 50
37 41 50
36 44 49
35 43 50
37 44 48
37 41 48
37 43 48
37 43 48
37 45 47
37 45 47
38 45 48
38 44 48
38 42 46
39 43 48
40 42 49
38 39 48
38 44 48
39 44 49
39 43 49
38 44 49
37 44 49
38 44 50
38 42 50
39 43 50
38 42 50
39 43 54
37 43 48
37 38 51
37 40 51
38 40 50
38 41 48
39 41 50
38 41 49
40 40 50
38 38 51
40 41 52
40 39 50
39 40 50
40 41 50
40 39 49
40 41 50
41 40 49
38 39 49
39 40 50
40 40 49
41 40 50
40 41 49
40 40 50
40 40 50
41 41 49
41 41 49
41 41 50
40 40 49
39 41 50
40 41 49
39 40 48
41 41 50
40 40 50
40 39 50
40 40 49
40 41 50
41 40 49
41 39 49
41 41 51
40 41 50
40 40 50
39 40 50
40 40 50
39 41 50
40 39 50
40 40 50
40 40 50
40 40 50
41 41 50
40 40 50
40 40 50
40 40 50
40 40 50
40 41 50
40 40 50
41 40 50
39 40 50
39 40 50
40 40 51
39 39 50
40 39 50
41 40 51
40 39 50
39 39 50
40 39 49
38 40 49
39 40 50
39 39 50
40 40 50
40 40 50
42 39 50
40 40 50
39 40 50
40 41 50
41 41 49
40 41 49
40 40 50
40 39 49
40 41 50
39 40 50
39 40 51
41 39 50
39 40 50
40 41 50
41 41 50
41 40 49
40 41 50
40 39 50
40 40 50
40 40 51
40 40 50
39 40 49
40 41 50
41 40 50
40 39 50
41 40 49
41 40 50
39 40 50
40 40 50
40 39 49
40 40 50
40 40 49
41 40 49
40 40 50
40 41 50
40 40 49
40 40 50
40 41 49
41 40 49
41 40 50
39 41 50
39 39 50
40 40 49
42 40 50
40 41 51
40 40 50
40 40 50
38 39 50
40 39 50
40 39 49
40 40 49
41 39 50
39 40 50
41 40 49
41 39 50
40 40 50
39 40 51
38 40 49
39 41 50
39 39 51
40 40 50
40 40 49
39 41 50
40 40 50
40 40 50
40 40 51
39 39 50
41 39 50
40 39 50
40 40 50
40 41 50
39 40 50
39 40 50
40 39 50
40 40 50
39 40 49
39 39 49
39 39 50
39 40 50
39 38 50
40 40 49
41 39 50
39 41 49
38 40 51
39 42 50
39 41 49
40 39 50
39 39 49
40 40 49
39 41 50
40 41 50
39 39 51
39 40 49
40 40 51
40 40 50
41 41 49
40 42 49
40 40 50
38 41 50
40 41 50
40 39 49
40 41 50
40 40 50
40 40 50
40 41 50
40 40 50
40 39 50
40 40 50
39 40 50
40 39 50
38 41 50
40 41 50
39 39 50
38 40 51
39 41 51
38 40 50
37 39 50
38 41 50
39 40 51
37 40 50
39 40 50
39 38 51
37 40 52
37 39 51
37 38 51
37 40 50
37 41 51
37 40 51
39 39 50
38 40 50
38 39 50
38 40 50
37 40 51
38 40 52
38 40 51
38 40 52
38 40 51
38 39 50
39 38 50
39 39 51
38 40 50
39 39 51
38 39 50
39 40 52
38 40 51
38 40 51
37 39 50
39 39 51
38 39 50
38 39 51
39 39 51
38 38 51
38 38 51
39 38 51
39 38 51
39 39 52
38 38 51
39 38 51
38 38 51
39 37 51
39 38 51
39 38 51
40 37 51
39 38 51
38 39 51
39 37 50
40 38 50
39 38 52
38 38 51
39 38 50
39 38 51
38 37 50
38 38 51
39 39 51
39 38 50
38 39 51
38 40 51
40 38 51
39 39 51
39 39 51
39 38 51
38 38 52
39 38 52
40 39 50
41 39 50
39 39 50
39 39 51
39 39 50
39 39 50
40 38 52
39 38 51
40 38 51
38 38 50
39 39 51
39 38 51
39 39 51
39 39 51
40 38 50
39 39 51
39 39 51
40 39 50
38 38 51
38 39 50
39 40 50
40 39 51
40 38 51
40 39 50
39 38 51
41 38 51
40 39 50
40 39 50
40 39 50
40 39 50
39 39 51
40 39 50
40 40 50
40 39 50
40 38 50
40 38 51
39 39 50
39 40 50
41 38 50
39 39 50
40 39 52
39 40 50
40 39 50
40 39 50
40 39 51
40 39 50
40 38 50
40 40 51
40 39 50
40 39 50
40 38 50
40 39 50
39 38 50
40 39 51
39 40 50
40 38 50
40 39 51
41 38 50
40 40 50
39 39 50
41 40 50
39 39 50
38 39 51
39 39 50
39 39 50
38 39 50
39 39 49
39 38 50
41 39 50
39 39 50
40 39 50
40 40 49
39 39 50
41 40 51
39 38 50
41 39 50
40 39 50
40 39 50
39 39 50
41 40 51
40 38 51
39 40 51
40 38 51
40 38 50
41 39 51
40 38 50
40 39 50
40 39 50
39 38 50
40 39 51
40 38 50
41 38 50
41 39 51
40 39 50
41 39 50
40 40 50
40 39 51
39 40 51
40 39 50
40 38 51
39 38 51
40 39 50
39 39 50
39 39 50
40 39 51
40 37 50
40 39 50
40 39 51
39 38 52
38 38 51
41 39 51
40 39 50
41 38 50
40 38 50
39 39 50
40 38 51
39 39 51
40 38 51
39 38 51
41 40 51
41 39 50
40 39 51
40 39 50
40 38 51
39 39 52
39 38 50
40 39 50
39 38 51
40 38 51
40 38 51
40 40 51
40 38 51
40 39 50
39 38 50
38 39 50
39 38 50
39 39 50
39 38 50
40 39 50
40 38 51
40 38 50
40 38 51
41 39 50
40 39 50
39 39 50
40 38 51
40 40 50
39 39 50
40 38 50
40 39 51
39 40 51
40 40 51
40 39 50
41 39 51
40 39 51
40 38 51
40 38 51
39 40 51
40 40 51
40 38 51
40 38 51
40 38 50
40 39 51
40 39 50
40 38 51
40 37 51
39 40 50
39 38 51
41 39 50
40 38 51
40 38 51
40 39 51
40 38 50
40 38 51
39 39 50
41 39 49
40 38 50
39 39 50
41 39 50
41 39 51
40 39 51
39 38 50
41 39 50
40 38 50
41 38 51
40 39 50
40 38 50
39 39 50
40 38 51
40 38 50
41 39 50
39 38 50
40 38 50
41 39 51
41 38 51
40 39 51
39 39 51
40 39 51
40 39 50
40 39 50
40 38 51
38 37 51
40 38 51
39 38 51
40 37 51
40 38 51
40 39 51
39 39 50
39 38 51
40 38 51
40 38 51
39 38 50
40 37 50
40 38 50
40 38 50
40 39 51
39 39 52
40 37 52
40 39 53
39 36 52
38 41 53
36 40 55
38 40 55
37 38 55
39 36 53
40 36 53
41 34 52
41 33 50
38 32 50
38 31 49
39 29 49
39 28 49
38 28 49
37 27 49
37 26 50
37 26 51
35 26 50
35 25 50
35 24 50
36 23 50
36 23 50
35 25 51
34 23 50
35 24 51
35 24 51
36 23 51
37 24 50
35 24 50
35 22 50
36 22 50
36 22 50
35 22 48
33 22 47
35 21 48
34 20 46
34 19 45
33 21 44
35 22 47
35 25 50
33 31 51
34 35 53
35 38 54
35 41 56
35 41 54
36 40 54
34 39 54
35 39 53
35 39 53
34 39 52
35 41 52
36 41 51
35 43 51
36 43 51
35 43 51
35 43 51
35 43 50
35 45 50
35 45 49
35 45 49
35 43 50
36 44 48
36 46 48
35 44 48
37 45 49
36 45 48
36 45 48
36 45 48
37 45 47
36 44 48
37 45 47
36 43 48
37 43 47
37 44 49
37 45 49
37 44 48
37 44 47
37 44 48
38 44 47
36 46 48
37 45 47
38 44 47
38 45 47
37 46 46
39 43 49
39 42 48
37 42 46
38 43 48
38 42 48
40 42 49
39 44 48
40 41 48
38 42 49
38 45 48
36 42 50
35 44 50
37 45 50
39 44 49
38 43 50
38 42 50
37 43 49
36 42 48
37 42 51
37 43 48
39 39 50
39 38 50
40 38 51
38 40 51
40 39 50
38 40 51
37 39 50
38 41 51
37 40 50
38 40 50
38 40 50
38 40 51
39 40 49
39 40 51
38 39 51
40 39 51
38 39 51
37 39 51
39 40 49
38 38 50
39 39 50
40 39 50
39 38 51
39 39 51
40 40 51
40 38 50
39 40 50
40 40 50
39 40 50
39 40 50
39 38 51
39 38 50
40 38 50
40 38 51
39 38 50
41 39 50
41 40 50
40 38 51
39 39 50
40 40 50
40 39 50
40 40 50
40 38 50
41 39 50
40 40 51
40 39 50
41 39 50
39 39 50
40 40 51
41 39 49
41 38 50
40 41 51
39 38 50
41 40 50
40 39 49
39 39 51
40 39 50
41 39 51
40 39 51
40 39 51
39 39 51
40 38 51
40 38 50
39 38 51
39 37 50
40 39 50
40 38 52
39 38 51
41 38 51
40 39 50
40 39 50
39 38 51
40 39 50
41 39 50
40 39 50
40 39 49
40 37 50
39 39 51
41 37 51
41 40 52
40 38 51
40 39 50
40 39 50
40 38 51
40 39 50
40 38 50
39 40 51
39 38 50
40 38 49
41 38 49
41 39 51
40 37 51
39 39 50
39 38 51
40 38 51
39 39 50
40 38 50
41 38 51
40 38 51
40 36 49
39 40 50
40 39 50
41 39 51
40 39 50
41 39 50
39 38 51
41 39 50
41 38 50
40 39 51
41 39 50
41 38 49
40 38 51
41 39 50
41 39 49
39 39 50
41 39 51
42 39 50
41 39 50
40 38 50
40 39 50
41 38 50
41 38 49
41 39 50
41 40 50
41 39 50
40 38 50
41 38 50
40 39 49
40 38 50
41 38 50
40 40 50
41 39 49
41 39 50
40 39 50
40 39 50
41 39 49
40 38 50
41 40 50
40 39 51
41 37 51
40 38 50
41 39 49
40 38 50
39 39 51
42 39 51
41 39 50
40 40 50
41 39 50
42 39 50
40 39 51
41 38 50
40 37 49
40 39 50
41 38 50
40 39 50
40 39 50
41 39 50
40 39 50
41 39 50
41 38 49
40 39 50
40 39 49
41 38 50
40 39 49
41 39 50
40 39 50
40 39 50
41 39 51
41 40 50
40 39 50
41 39 50
40 40 50
41 38 50
41 40 49
40 40 50
41 39 50
40 39 49
41 38 49
41 40 50
42 38 51
41 39 50
41 39 50
42 38 49
40 39 49
41 40 50
41 40 50
41 39 50
40 39 50
41 38 51
42 39 51
40 40 52
40 38 49
38 41 52
39 42 55
40 40 54
38 38 52
41 37 53
40 37 53
42 36 50
42 34 50
41 33 50
41 33 49
40 32 49
41 31 50
41 30 50
40 29 49
39 28 51
38 25 50
38 26 51
38 26 51
38 24 50
37 24 50
37 23 50
37 24 50
38 25 50
37 25 51
36 25 49
37 24 50
38 24 50
35 23 50
38 23 50
39 23 51
37 24 51
36 23 50
37 22 50
36 22 50
36 23 52
35 23 52
37 22 49
37 23 49
35 21 49
36 23 51
37 20 50
35 22 48
37 22 48
36 22 53
37 23 50
35 24 51
35 22 48
34 19 49
35 18 46
34 18 45
35 17 46
34 19 48
35 21 48
35 22 49
37 20 49
39 21 50
39 21 48
38 22 47
37 21 48
38 20 46
35 20 49
36 19 50
36 21 47
38 20 47
38 22 48
38 21 50
37 19 47
37 19 47
35 14 50
34 16 43
33 17 45
32 17 44
33 19 45
34 14 44
35 15 46
36 16 46
35 18 47
35 17 47
34 17 46
34 17 46
35 17 46
35 16 44
35 17 45
35 16 45
35 16 45
35 16 46
36 17 47
34 17 45
35 17 44
36 16 45
34 16 45
35 16 45
35 16 46
35 17 46
36 16 45
36 15 46
35 16 47
35 16 46
34 16 45
35 16 45
34 17 44
36 17 44
36 17 45
35 17 45
35 17 46
36 19 49
35 19 50
35 20 50
37 21 49
37 20 49
38 19 48
38 20 48
37 21 48
38 20 49
38 22 48
38 21 48
38 21 50
38 21 50
38 21 48
37 19 49
37 20 49
36 19 47
37 18 45
35 18 46
37 18 47
36 18 47
35 16 47
36 20 46
36 18 46
36 18 46
36 19 47
36 17 46
37 18 45
36 19 46
35 18 47
36 16 47
35 17 46
37 19 45
36 17 45
35 17 46
36 16 44
34 16 44
33 17 41
31 16 42
33 19 44
32 22 47
34 24 50
36 30 53
35 30 54
38 30 55
37 33 53
37 32 54
37 34 53
37 34 53
37 34 53
37 36 52
36 37 52
37 37 53
36 38 51
37 39 52
36 40 53
36 39 52
35 39 51
35 39 52
36 40 52
35 39 52
35 40 51
35 41 50
36 40 50
35 40 50
37 41 51
37 42 51
35 42 51
36 40 51
35 41 51
34 42 51
35 42 50
36 42 51
36 43 51
35 41 51
36 41 50
35 42 50
37 42 50
36 42 50
36 43 51
36 42 49
36 44 50
37 43 49
36 43 50
35 43 49
36 44 50
36 44 49
36 44 50
36 43 49
36 43 49
38 44 50
35 43 49
36 44 48
37 44 49
37 44 48
36 44 49
38 44 48
38 42 48
37 45 47
37 43 49
37 45 47
37 46 48
37 46 48
37 45 47
38 45 47
37 46 48
39 45 49
38 46 48
39 45 48
39 45 48
38 45 48
38 45 47
38 46 46
39 47 47
39 45 47
41 43 47
40 45 46
40 45 48
39 42 48
37 42 46
38 44 47
39 42 49
39 39 49
38 39 46
37 41 48
40 40 52
39 40 50
38 42 51
38 39 50
39 39 52
38 40 52
39 41 54
39 39 54
39 39 50
40 40 50
38 40 50
38 42 52
39 39 51
40 37 51
39 37 50
40 38 51
40 37 51
39 37 50
38 38 50
39 38 51
40 39 50
41 38 50
40 39 50
41 37 50
41 38 51
40 39 51
40 39 50
40 38 50
40 38 50
40 37 50
41 38 50
41 37 51
40 38 51
41 38 50
41 38 50
39 38 50
40 37 50
40 37 50
40 38 50
39 39 50
40 38 51
41 38 51
41 38 50
39 38 50
40 37 50
40 39 50
41 37 50
39 37 51
39 39 50
39 39 50
40 38 50
40 38 51
40 38 51
39 38 50
38 37 51
40 39 51
39 39 50
40 39 49
39 39 51
39 37 50
40 38 50
40 38 51
40 39 51
41 38 50
40 39 50
41 39 50
40 39 49
42 39 49
41 38 51
42 38 49
42 40 49
43 37 50
43 38 51
42 38 50
41 39 51
40 39 50
42 38 50
41 39 50
41 40 50
40 39 49
40 38 49
41 39 49
41 38 50
41 37 50
41 39 50
42 37 50
41 39 50
42 38 50
41 38 50
41 38 50
41 38 50
41 38 50
40 38 51
42 39 50
42 38 50
42 38 50
40 38 50
41 39 50
42 38 50
40 39 50
39 40 50
41 37 50
40 39 51
41 39 50
41 38 50
41 37 51
40 37 50
40 38 50
40 39 49
41 38 49
41 38 50
40 39 51
41 39 50
41 38 50
42 38 50
40 39 50
40 38 50
41 39 51
40 37 51
40 38 51
40 39 51
40 38 51
40 39 50
41 38 51
41 39 50
41 38 50
40 38 51
40 39 50
41 39 51
39 37 50
41 38 50
40 37 51
40 39 50
42 39 50
40 39 51
42 39 51
40 39 50
39 37 50
41 38 50
40 38 52
41 37 50
40 38 51
42 37 50
41 39 50
41 38 49
41 38 50
40 37 50
41 38 51
41 39 50
41 37 50
41 39 50
40 38 50
41 38 50
39 38 51
40 39 51
41 39 51
41 37 51
41 38 51
40 39 50
40 39 50
40 38 50
40 38 51
40 39 49
42 38 51
40 38 50
40 37 51
41 37 50
41 38 50
41 39 50
41 39 50
41 39 50
41 39 49
41 37 50
40 38 50
40 39 51
41 37 50
42 37 50
41 38 51
41 38 49
41 38 51
40 39 50
42 38 50
40 39 50
40 39 49
42 38 50
40 37 50
41 38 50
41 38 50
40 38 50
40 39 50
40 39 50
42 40 51
40 38 51
41 38 50
41 38 50
40 39 51
40 37 50
40 38 50
41 39 51
41 39 51
41 39 50
41 38 51
42 38 50
41 38 50
43 39 51
42 38 49
42 38 49
41 38 51
40 38 49
41 39 51
40 37 49
40 36 51
43 38 50
40 37 49
41 39 50
40 38 50
41 38 51
40 38 50
41 38 50
40 38 51
40 38 50
41 38 50
42 38 51
41 39 50
41 38 50
41 38 49
41 39 50
41 38 51
40 39 51
41 39 50
41 38 50
40 38 49
41 38 50
40 37 50
40 37 50
41 38 50
41 37 49
41 38 50
40 38 50
40 37 50
41 38 50
41 39 49
41 38 51
41 39 50
41 38 49
41 38 49
40 38 50
40 37 50
41 39 50
41 38 50
40 38 50
40 37 51
40 38 50
41 38 50
40 38 51
41 37 50
41 38 50
40 39 51
41 39 50
41 39 50
40 38 50
40 38 50
41 38 51
40 37 50
41 39 50
40 38 50
41 38 50
41 38 50
41 39 52
41 39 50
40 39 51
41 37 51
41 38 51
40 38 51
40 37 51
40 38 51
40 39 50
42 39 50
41 38 50
40 37 51
40 39 50
39 37 51
40 39 50
40 38 50
41 38 50
40 38 50
41 37 50
40 38 50
41 38 50
40 37 50
40 39 50
41 39 50
41 38 50
41 38 50
41 37 50
41 38 49
40 38 50
40 38 51
41 39 50
41 38 51
42 37 50
40 39 50
40 39 50
41 39 50
41 38 51
42 39 50
40 38 49
41 40 51
40 38 50
40 37 49
40 37 50
42 38 49
40 39 50
41 38 51
41 39 50
41 38 50
40 38 49
40 39 50
41 38 50
40 38 50
40 39 51
40 37 50
41 37 51
40 38 50
40 38 50
41 39 50
41 37 50
41 39 50
39 38 49
41 38 51
41 37 51
40 38 50
41 39 51
41 39 50
41 37 50
41 38 51
40 39 51
40 38 50
41 38 50
41 39 50
40 38 50
41 39 50
41 38 49
42 38 50
40 39 51
40 37 50
39 38 50
41 39 49
40 38 50
42 39 50
41 37 50
41 38 50
41 38 50
42 38 50
40 38 49
41 38 49
40 38 50
41 38 50
41 38 50
40 38 50
41 38 51
41 38 50
41 38 50
41 37 50
41 38 50
41 38 51
41 39 50
41 38 50
41 38 51
41 37 50
41 39 49
40 38 49
40 38 49
41 38 50
42 37 50
42 38 50
40 38 49
41 38 50
41 38 50
41 38 50
40 37 51
41 37 50
40 39 49
41 38 50
41 39 50
40 38 51
39 38 50
40 38 49
41 39 50
41 39 51
41 39 49
41 39 50
40 38 51
41 38 50
39 38 50
41 37 51
40 38 51
41 37 51
40 38 49
40 38 49
42 39 52
41 38 51
42 38 51
41 38 51
41 38 49
40 39 49
41 38 50
41 38 50
40 38 50
42 38 50
41 38 51
42 38 50
41 37 50
41 38 51
41 39 50
41 39 50
41 38 50
42 40 50
42 37 50
40 39 50
40 39 51
40 37 49
41 38 50
42 39 50
41 37 51
41 38 50
41 37 51
41 38 50
41 38 50
41 37 50
40 38 50
43 38 50
41 39 50
42 39 50
39 38 51
41 39 50
41 38 50
41 38 50
41 37 51
40 38 49
41 37 51
40 38 50
41 37 50
40 38 51
41 39 50
39 37 50
40 37 51
41 38 51
42 37 50
40 38 50
40 38 50
42 38 51
40 38 50
40 38 50
42 39 50
41 38 51
41 38 50
41 38 49
41 38 50
42 39 50
41 38 50
41 37 51
40 38 50
42 38 50
39 38 50
41 37 50
41 39 51
41 38 49
40 40 51
40 38 50
41 37 50
42 38 51
41 38 50
41 38 50
42 39 50
41 39 50
41 38 50
42 39 50
40 38 50
40 38 50
40 39 50
41 37 50
41 38 50
41 37 50
40 38 50
40 38 50
40 39 49
40 38 50
40 38 52
40 39 51
40 38 50
41 37 50
41 37 49
40 38 50
41 38 51
40 39 50
40 37 50
41 38 51
40 38 50
41 37 50
40 38 50
40 38 51
42 38 49
41 37 49
41 38 51
41 39 51
41 39 49
41 38 50
41 39 50
42 39 50
42 40 50
40 39 50
41 38 50
41 38 50
40 38 49
42 38 51
40 39 50
41 39 49
40 39 50
41 39 50
41 38 50
41 38 51
41 38 50
41 39 50
41 38 50
40 38 50
41 39 50
41 38 49
41 38 50
41 38 50
39 39 51
39 39 50
41 38 50
