38 40 50
38 40 50
39 41 50
39 40 49
40 41 50
39 41 51
39 40 50
39 41 50
39 39 51
39 39 51
38 37 52
39 38 52
40 39 51
39 38 51
38 39 51
39 39 52
39 39 51
38 39 52
38 37 52
38 39 51
36 39 52
37 40 53
36 40 54
37 37 53
37 39 52
37 37 52
39 36 52
39 34 51
39 31 51
38 33 50
39 33 51
40 33 51
39 30 51
39 31 51
40 32 51
39 31 52
38 32 51
37 31 52
39 33 52
37 32 52
36 31 52
36 29 52
36 29 53
36 29 53
36 29 51
36 28 51
37 29 51
37 29 52
36 29 52
35 28 52
37 28 51
36 30 52
38 27 52
36 29 52
35 29 53
36 26 53
35 29 53
35 27 53
36 28 52
35 28 53
35 27 53
36 28 52
36 27 51
38 26 50
38 24 50
38 23 49
38 21 50
38 23 50
38 23 48
38 24 50
38 23 50
38 22 49
37 25 49
36 23 49
38 22 49
35 21 48
35 21 48
37 19 48
35 20 48
36 22 49
35 20 49
36 20 48
37 20 50
35 18 48
35 21 49
35 20 46
36 19 49
35 18 48
35 20 47
36 19 47
34 20 48
35 19 47
33 18 46
33 19 45
33 18 44
33 14 45
33 15 45
34 16 45
35 17 45
35 17 46
34 15 47
33 16 45
33 15 43
34 14 41
33 15 43
32 16 43
34 17 44
33 13 44
35 15 44
34 15 44
33 15 44
33 16 43
33 16 43
34 14 42
33 15 42
34 16 43
34 15 45
34 17 45
34 16 45
35 16 46
34 15 45
34 14 45
34 16 44
34 15 44
33 17 44
33 15 44
33 14 44
31 15 45
29 18 47
33 19 49
34 17 49
36 17 45
37 18 45
37 18 45
37 19 45
37 19 45
37 19 45
36 18 47
36 16 46
36 16 46
35 17 47
35 18 46
34 18 47
35 17 47
35 17 46
36 16 46
35 17 45
36 18 45
35 18 45
34 17 44
33 16 45
33 18 44
35 15 42
35 16 44
34 16 45
33 14 44
31 16 38
32 18 39
33 19 44
32 23 48
34 31 52
37 32 55
39 34 55
37 35 54
39 34 55
40 36 56
38 36 53
37 36 54
38 35 53
36 38 53
35 38 53
35 39 53
35 41 52
34 40 53
37 42 52
35 40 51
36 40 52
36 39 52
37 40 51
36 39 50
35 39 50
37 40 50
36 40 50
37 40 51
35 40 50
38 40 49
37 41 49
36 40 50
36 42 50
37 42 50
36 41 51
37 42 51
37 42 50
38 43 51
39 43 50
38 42 50
37 37 49
37 40 49
36 42 48
38 43 48
36 42 47
36 42 45
39 42 47
40 44 49
37 42 47
36 44 48
39 46 51
39 45 52
37 44 50
38 45 52
38 44 52
36 44 51
37 46 52
38 44 53
37 42 51
36 39 48
35 39 48
35 38 47
35 37 46
33 39 47
31 42 47
32 42 48
30 46 51
34 45 55
33 41 56
33 41 52
35 39 51
34 40 51
34 41 52
34 40 51
36 41 52
34 42 52
34 41 51
31 44 51
33 42 51
33 41 51
32 41 50
34 41 51
33 42 51
34 41 51
34 42 51
34 42 51
33 41 51
34 41 50
36 41 51
35 40 50
33 42 51
34 41 51
34 41 50
35 42 51
35 41 50
33 42 50
34 41 50
34 41 51
34 40 51
34 40 50
32 43 51
33 41 51
33 41 51
34 41 51
34 42 51
34 41 51
33 42 51
33 42 50
33 40 51
33 42 51
34 40 51
33 41 51
33 43 50
33 40 51
33 42 51
33 40 50
34 41 51
32 41 50
33 40 51
35 41 51
34 42 50
33 41 50
33 42 51
33 41 51
33 41 50
34 40 52
33 41 50
34 41 51
33 41 50
33 42 51
32 42 51
34 42 50
34 42 51
32 40 51
34 40 51
34 42 51
34 41 50
33 41 51
33 42 51
34 41 51
33 42 51
33 42 52
31 41 51
33 41 52
33 41 51
33 41 51
33 41 51
33 41 51
34 42 51
32 42 50
33 41 51
33 42 51
33 41 51
33 41 51
34 42 52
33 41 50
32 42 51
34 42 51
33 42 50
35 42 51
33 41 51
33 42 51
35 41 51
33 41 50
34 42 50
33 41 51
34 41 51
34 43 50
33 41 51
34 41 51
33 41 51
34 41 50
33 40 50
34 40 51
34 42 51
33 41 50
33 42 50
33 41 52
33 42 51
33 43 51
34 41 51
34 41 50
33 41 50
34 42 51
34 42 51
35 41 51
34 42 51
33 42 50
33 42 50
34 41 51
34 43 51
34 42 51
33 42 52
33 42 50
33 41 51
34 41 50
33 41 51
32 41 50
33 41 50
32 40 52
33 42 51
34 41 51
34 41 50
34 41 50
32 42 51
33 41 51
34 40 51
34 41 51
33 42 51
35 41 51
32 42 51
35 42 51
34 42 50
34 42 50
34 42 50
34 41 51
33 40 50
34 40 50
33 42 50
34 41 51
33 41 50
32 41 50
35 41 51
34 42 51
34 42 51
33 41 51
34 41 51
34 40 51
34 42 50
34 42 50
34 41 50
34 41 50
34 42 51
34 41 51
34 42 51
33 43 51
34 40 51
34 41 51
33 41 50
34 42 50
34 41 50
33 42 50
34 40 51
34 42 51
35 41 51
33 41 52
34 41 51
33 41 51
34 40 50
33 42 50
33 41 50
34 41 51
35 41 51
34 40 51
33 41 51
33 41 51
35 42 51
33 41 51
33 40 52
33 41 51
34 41 52
33 41 50
32 42 52
34 42 50
33 41 51
32 41 50
33 41 51
32 42 52
34 41 50
34 42 51
33 41 51
34 42 51
34 41 52
34 42 50
33 42 50
33 41 49
33 41 51
32 41 52
33 42 51
34 42 51
33 41 51
34 42 50
33 40 51
34 42 51
32 40 52
33 39 50
33 41 51
34 41 51
33 40 51
33 41 51
34 41 51
35 41 51
33 41 52
33 41 50
34 42 50
35 40 51
33 40 50
33 40 51
33 40 52
34 40 51
33 42 50
34 43 51
34 41 52
34 41 51
34 40 52
34 42 52
34 42 50
34 40 52
34 41 51
35 41 50
34 41 50
33 41 51
35 42 50
34 41 51
34 41 51
34 39 51
34 42 50
34 40 51
32 40 51
35 41 50
33 41 50
33 41 50
34 40 51
33 41 52
34 41 51
33 41 50
34 42 51
34 41 52
32 41 51
33 41 51
33 40 51
33 40 51
35 41 51
33 40 52
33 41 52
34 40 51
34 41 51
34 41 52
34 41 51
33 40 50
34 41 50
34 41 51
34 42 51
35 40 50
34 41 49
35 41 50
34 41 51
35 41 51
35 41 50
34 42 51
34 41 51
34 41 51
33 41 50
34 39 51
34 39 52
34 41 51
34 42 51
34 41 51
33 40 52
32 41 51
33 40 51
34 42 51
34 41 52
34 41 51
34 40 51
34 41 52
34 41 50
34 41 50
33 39 52
34 41 51
34 42 50
33 42 50
35 41 51
33 40 51
34 42 51
35 42 50
34 40 51
35 40 52
34 39 51
35 42 51
34 42 51
34 41 51
33 40 51
33 42 50
34 41 52
34 41 51
34 41 52
34 40 51
34 40 51
34 40 50
34 41 51
34 41 50
35 41 51
34 41 50
33 40 52
33 41 51
33 40 52
34 40 51
35 41 51
34 40 51
33 41 52
33 42 51
35 40 51
35 41 51
33 41 50
33 40 51
34 41 50
34 39 52
34 40 52
34 41 51
33 41 50
34 42 51
33 40 52
34 40 51
33 40 51
33 40 51
33 40 52
34 40 51
33 40 51
34 41 51
34 41 51
34 41 51
34 40 51
33 40 51
34 41 51
34 42 51
34 41 52
34 42 50
33 41 51
33 41 51
34 40 51
35 41 51
34 40 50
35 41 50
34 40 50
34 40 52
33 41 52
34 41 51
34 40 51
34 41 51
35 41 51
35 40 51
34 39 51
33 40 51
34 41 52
33 41 51
33 40 50
34 41 51
34 41 52
36 42 51
32 41 52
32 40 51
32 40 51
33 40 51
34 40 53
34 41 51
35 40 51
33 41 51
35 41 52
33 41 51
33 40 51
33 40 51
35 41 51
34 40 52
33 41 51
34 40 50
32 41 51
33 41 51
33 41 51
34 41 51
34 40 51
34 41 51
33 41 51
35 41 50
35 41 51
34 42 50
34 40 51
33 41 52
33 41 52
33 41 51
33 41 51
33 40 51
33 42 51
33 40 50
33 41 51
34 41 51
34 41 51
33 42 51
34 41 51
33 40 51
33 40 50
33 40 52
35 41 51
34 40 52
33 40 51
34 41 50
34 40 51
34 40 51
33 40 51
34 41 51
35 41 52
34 41 52
35 41 51
34 41 51
32 41 52
34 41 51
32 41 51
34 40 51
34 41 51
33 41 51
35 42 51
34 41 52
33 41 50
32 41 51
34 40 50
34 40 50
34 41 52
33 40 51
33 41 51
34 40 51
33 40 51
33 41 51
34 40 51
35 39 51
34 40 51
34 40 51
34 41 51
34 41 52
34 39 51
34 40 51
34 41 51
35 40 51
33 41 51
34 42 52
34 42 52
35 40 52
34 42 51
35 40 51
34 40 51
33 39 52
35 40 51
34 41 51
34 41 52
34 41 51
33 40 50
34 41 51
35 40 50
34 40 49
35 41 51
33 39 52
33 41 50
35 41 51
33 40 51
34 40 52
33 41 51
34 41 51
34 39 52
34 40 52
33 41 52
34 41 52
33 42 52
33 43 52
32 42 52
33 42 52
35 41 52
35 43 53
35 40 52
37 39 52
38 36 51
38 33 52
39 31 51
39 28 50
39 27 50
40 26 49
38 28 47
38 24 48
37 22 49
38 24 48
39 23 49
38 20 48
39 21 47
37 20 47
38 20 48
36 21 48
37 20 48
36 21 49
36 21 48
37 19 49
36 19 49
36 19 48
35 20 49
36 21 49
36 20 48
36 20 48
35 20 48
37 21 49
36 17 48
35 18 48
37 17 46
37 18 47
36 18 46
35 17 45
35 15 47
34 16 43
35 16 44
34 17 44
34 15 45
34 15 44
34 16 45
34 15 44
33 15 46
35 16 44
36 16 43
33 15 44
36 15 45
34 16 45
34 16 45
34 16 45
35 16 45
36 16 45
35 16 45
35 14 45
33 16 45
35 16 45
35 15 45
35 17 45
36 16 44
35 16 45
35 16 45
36 14 44
35 14 44
33 14 45
33 17 45
32 18 45
34 17 46
36 17 48
35 17 45
35 16 46
37 17 46
37 18 48
38 18 46
38 19 48
38 20 47
38 20 46
40 20 48
38 18 46
38 19 46
38 19 47
38 19 46
38 18 47
37 18 47
36 19 47
36 17 47
34 16 46
37 18 47
35 17 45
37 18 45
36 18 47
36 18 43
32 19 43
34 15 48
34 17 42
33 15 40
32 16 42
33 16 42
32 18 44
35 20 47
35 20 49
35 25 53
36 28 55
38 27 56
37 29 54
37 31 53
38 29 54
38 31 53
37 31 52
38 31 51
37 32 51
37 32 52
37 32 52
36 32 51
36 33 51
36 33 52
35 34 52
34 33 52
34 34 53
35 33 54
35 33 53
36 33 52
35 34 54
36 36 54
36 36 54
36 35 53
37 36 53
38 34 52
37 36 51
36 34 53
37 35 52
37 35 54
36 35 53
36 36 53
35 34 53
35 34 53
35 34 53
36 34 52
37 34 52
37 34 52
36 34 53
35 35 52
37 34 53
36 35 53
36 34 52
36 36 52
36 33 53
36 33 52
37 34 52
37 34 51
34 35 54
35 35 52
36 34 52
36 35 53
35 34 53
36 35 52
37 34 52
36 34 52
36 33 52
35 33 52
35 33 52
35 33 52
36 33 53
37 35 52
36 34 53
35 35 52
35 34 53
35 35 53
37 34 52
36 34 52
37 34 53
36 34 53
37 34 52
36 33 52
36 35 52
36 35 52
36 33 51
35 35 52
34 35 52
36 35 53
35 35 53
36 35 53
36 35 53
35 35 54
36 34 52
36 35 52
36 34 52
35 32 53
35 35 53
36 34 52
36 34 53
36 34 52
36 34 52
36 35 52
37 33 53
36 34 52
36 36 52
35 33 52
35 35 52
36 36 53
35 35 52
36 35 52
35 36 52
35 35 52
36 35 53
35 35 51
36 34 52
36 35 52
37 35 52
36 34 53
36 35 52
35 34 52
37 35 53
37 35 52
36 35 52
37 35 52
36 36 52
36 38 53
35 40 52
35 39 52
35 40 52
36 39 52
36 40 51
36 39 51
37 42 51
36 41 51
37 38 52
37 38 51
38 40 50
39 40 50
39 39 51
38 38 50
39 39 50
39 38 50
38 40 51
39 38 50
39 40 50
38 41 51
38 41 51
38 41 50
38 41 50
38 41 49
39 40 50
38 40 51
38 41 51
39 39 49
38 40 51
38 37 51
39 38 51
39 38 49
37 40 50
38 39 52
38 38 48
37 41 49
36 42 49
37 42 50
37 41 48
37 43 50
36 42 51
37 41 50
37 42 50
37 42 51
36 40 51
35 41 51
35 41 52
36 41 52
35 38 51
36 39 53
36 38 52
35 40 51
36 38 52
36 36 51
33 36 51
35 38 52
35 38 51
34 38 52
35 38 54
35 38 53
35 37 53
35 35 52
34 35 53
34 36 53
35 35 52
34 35 52
35 34 53
34 35 52
34 35 52
35 35 52
35 34 53
34 35 52
32 35 53
34 35 52
33 36 52
34 35 52
33 35 53
35 35 52
35 35 52
35 34 52
34 36 52
33 34 53
34 36 52
34 35 52
35 36 53
35 36 52
35 36 52
34 35 52
35 36 52
35 35 53
34 35 53
34 35 52
34 37 53
34 35 52
35 36 53
34 34 53
33 34 53
35 33 53
35 34 52
34 35 52
35 35 53
35 36 52
35 37 53
33 36 51
33 35 52
33 35 53
33 35 51
34 36 53
35 35 52
34 36 53
35 37 52
35 36 53
34 36 52
35 35 53
35 36 52
34 37 52
34 35 53
34 36 52
34 35 52
34 37 52
32 35 53
34 38 52
33 36 52
33 36 51
34 37 53
35 35 52
34 36 52
32 36 52
33 36 52
33 37 52
32 35 52
32 37 52
32 37 52
34 37 53
33 37 52
32 38 53
34 36 51
33 37 52
33 36 52
34 37 52
32 37 52
33 37 52
32 37 53
32 37 53
32 36 53
32 36 51
33 35 53
34 36 52
33 37 52
35 36 53
35 35 52
34 37 52
34 35 53
34 35 53
33 36 52
34 36 52
34 36 53
33 37 51
33 37 52
34 35 52
35 37 52
35 35 53
35 35 52
34 36 53
33 37 52
33 35 52
33 36 53
34 36 52
35 36 52
35 35 53
35 36 53
34 34 52
34 35 52
33 36 53
35 35 52
34 35 52
34 35 51
35 36 51
33 36 53
34 35 53
34 35 53
35 36 53
34 36 53
34 35 53
34 34 51
34 34 52
35 35 52
34 34 53
35 36 52
35 35 53
34 34 53
34 34 54
35 35 53
34 36 53
34 34 52
35 34 53
35 35 53
34 34 53
35 35 52
35 35 52
34 35 53
34 34 52
35 36 53
35 35 53
34 34 52
35 34 52
36 36 53
35 33 53
35 35 53
35 34 53
35 34 53
33 35 52
34 34 53
35 34 52
36 34 52
35 35 53
35 34 53
33 35 53
35 34 52
35 35 52
34 34 52
34 34 52
34 35 53
34 35 52
35 34 53
34 36 53
34 35 52
34 34 53
35 34 53
35 35 53
34 34 52
34 34 53
33 34 52
35 35 52
35 34 53
34 34 53
34 34 52
35 34 53
35 35 52
36 36 52
34 35 52
34 35 53
36 34 51
35 35 53
35 35 52
35 35 52
34 34 53
34 35 53
34 35 52
33 36 53
35 35 51
34 33 52
33 34 52
34 35 53
34 35 53
35 35 53
34 35 53
34 35 52
35 35 52
35 35 53
34 34 53
35 35 52
34 35 52
35 35 53
34 35 52
35 34 53
35 34 52
35 33 53
34 34 53
33 36 52
34 34 52
35 35 53
35 34 53
35 34 53
35 35 52
35 34 53
34 35 53
34 35 53
34 36 52
35 34 52
34 35 52
35 35 53
34 35 53
35 34 53
33 35 53
35 35 52
35 34 53
35 35 53
33 34 53
35 35 52
34 35 53
34 34 53
36 34 53
35 35 53
35 34 52
35 35 53
33 35 53
35 35 52
35 35 52
36 35 53
35 35 52
36 35 54
35 34 52
34 35 52
35 36 52
34 35 52
35 35 53
34 34 53
35 34 52
34 35 52
35 34 52
34 35 53
35 35 53
35 34 53
34 34 52
35 34 53
34 36 53
35 35 52
34 35 52
34 36 52
35 35 52
34 35 53
35 35 53
34 35 52
35 37 53
33 34 53
35 34 53
34 35 53
34 35 53
34 34 53
35 34 52
34 34 52
34 35 53
35 35 52
33 34 53
35 36 52
34 35 53
34 36 52
34 35 53
35 35 52
35 35 52
34 34 52
35 34 52
34 35 52
34 33 52
34 35 52
35 35 53
34 34 52
33 35 54
35 34 52
33 34 54
34 34 52
35 34 52
36 35 54
34 34 52
34 34 53
34 35 53
35 35 52
36 33 53
34 34 52
35 34 51
34 34 52
35 35 52
33 34 53
34 35 52
34 36 53
35 35 53
35 34 53
35 35 53
34 35 52
34 35 53
34 34 53
34 35 53
34 35 52
35 35 52
36 34 54
35 35 52
34 34 53
35 36 52
34 35 53
35 36 53
34 36 53
34 34 52
34 34 53
35 35 53
36 34 53
35 34 52
35 34 52
34 35 53
35 34 52
35 35 52
34 34 53
35 34 53
35 35 53
35 35 52
34 34 53
35 34 52
35 33 53
35 34 54
35 35 52
35 35 53
35 34 52
35 35 52
35 35 53
36 34 53
35 35 53
34 35 53
34 34 52
34 36 53
34 34 53
35 33 53
34 34 52
35 34 52
36 34 53
36 34 53
36 35 54
35 34 52
34 35 52
34 36 52
34 35 53
36 35 53
36 35 53
35 35 53
35 35 53
34 35 53
35 34 53
35 34 53
34 34 53
35 35 52
35 34 52
34 35 52
35 35 53
34 36 53
35 34 53
35 35 54
35 34 52
35 34 53
35 36 52
33 34 53
34 35 52
34 34 53
35 35 52
35 35 53
35 34 52
35 35 53
35 35 54
34 35 53
35 35 53
35 36 53
33 35 53
35 35 52
35 35 52
35 35 54
34 36 52
36 35 52
35 35 52
36 35 52
35 35 53
35 34 52
35 34 53
36 35 52
36 34 53
34 35 53
34 35 53
35 35 52
34 36 52
33 35 52
35 35 54
35 35 54
35 35 53
35 35 52
34 33 52
34 36 52
33 35 53
34 34 53
35 36 53
35 35 53
35 35 53
35 35 53
35 35 52
35 34 52
36 35 52
35 34 51
34 34 53
35 35 53
34 35 52
33 35 53
35 35 52
33 34 52
35 35 54
35 34 52
35 35 53
35 35 52
35 34 54
35 33 52
35 35 52
35 34 53
34 35 52
34 34 53
34 34 53
35 34 53
35 34 53
34 35 53
34 35 52
33 34 52
34 36 53
34 34 52
35 35 52
34 35 53
34 35 53
35 35 52
35 35 53
35 35 52
35 35 52
34 35 52
36 35 53
35 34 52
34 34 53
34 35 52
35 34 53
34 35 52
35 34 52
35 33 52
35 35 53
34 35 53
35 35 52
35 36 53
35 36 52
35 35 53
35 34 52
36 34 51
35 34 52
35 33 52
34 34 53
35 34 53
35 36 53
35 36 54
35 36 52
35 33 52
35 34 52
34 34 54
34 34 53
34 34 52
34 35 53
35 34 52
33 35 54
36 35 51
35 35 52
34 35 54
35 34 53
34 34 52
35 36 53
34 36 53
33 35 53
35 34 54
35 34 52
34 34 53
34 34 52
33 34 53
35 34 53
34 35 52
34 34 52
34 35 52
35 35 52
33 34 52
34 33 52
34 34 53
34 35 51
34 34 52
34 32 52
35 34 52
34 37 53
34 36 53
34 34 52
35 33 54
35 34 55
34 35 54
32 39 55
33 38 54
34 36 54
34 36 54
35 34 53
37 32 51
38 31 52
38 29 51
38 30 51
37 28 51
39 27 51
39 26 50
39 25 48
39 25 49
40 24 48
36 21 48
38 21 48
39 21 47
37 20 49
36 21 48
36 20 49
35 22 49
37 22 50
35 21 51
35 22 49
36 22 50
36 21 49
37 22 49
35 22 49
36 23 49
35 20 49
36 20 48
36 21 49
37 21 49
36 22 49
35 20 47
35 20 47
37 20 48
36 21 50
36 21 49
38 21 48
36 20 47
36 19 49
35 18 49
37 20 49
34 18 50
35 19 48
36 18 48
34 19 47
35 18 46
34 15 46
34 15 44
34 15 44
34 15 42
33 17 44
34 17 45
34 16 45
36 19 47
34 18 45
35 17 45
34 16 44
32 16 44
34 17 44
32 15 43
35 15 44
35 15 46
33 17 46
34 16 46
34 16 45
31 14 43
33 15 43
33 15 45
34 16 44
34 18 46
34 16 46
35 15 46
35 16 45
33 14 44
32 15 43
31 15 42
33 17 45
35 18 46
36 20 46
36 16 48
34 15 46
34 15 44
33 15 43
32 16 43
33 17 43
34 17 46
36 17 46
34 13 44
34 13 42
32 16 44
31 17 47
33 18 52
33 18 48
37 19 47
39 18 45
38 18 43
37 19 45
37 18 44
37 18 46
36 16 46
37 18 47
36 17 46
37 16 47
33 19 47
34 18 49
37 17 47
35 11 50
33 16 42
31 15 44
33 12 43
33 16 44
34 17 46
34 20 47
34 18 47
35 15 47
34 16 44
33 16 44
32 16 43
32 16 43
34 16 43
33 17 44
33 16 46
33 17 46
33 15 46
33 15 45
31 15 44
31 14 46
30 17 47
32 18 49
33 16 48
35 16 47
37 19 45
36 18 46
37 17 46
37 20 44
38 20 47
36 18 47
35 18 46
35 18 47
36 16 48
35 19 48
34 19 47
35 18 48
34 17 47
35 17 50
35 17 46
36 21 45
35 17 47
34 17 45
34 16 45
34 15 44
33 17 43
33 14 42
33 15 42
33 15 42
33 18 41
33 19 46
32 21 48
32 29 50
34 29 54
35 31 53
36 34 52
37 32 54
36 32 53
36 34 53
36 34 54
35 34 54
35 36 54
36 35 55
34 38 54
35 37 53
35 37 54
35 37 54
36 38 53
35 39 53
37 39 53
35 39 52
36 38 52
37 39 52
37 37 51
37 38 50
38 38 51
38 36 50
39 36 51
39 37 51
39 37 50
39 37 50
39 36 50
38 36 49
38 38 51
39 38 50
38 39 50
39 40 51
37 42 51
39 43 50
39 41 50
39 42 50
39 41 49
40 40 50
39 41 49
39 42 50
39 42 49
39 40 49
39 41 50
39 40 49
39 39 49
40 42 49
39 40 49
41 38 49
41 40 50
39 41 50
40 40 51
41 40 50
40 40 51
42 40 50
42 40 51
41 42 50
38 40 47
38 40 47
37 41 48
36 40 45
35 41 49
36 40 50
34 42 47
36 41 50
35 42 51
36 42 50
36 43 52
37 39 54
35 40 54
35 37 52
35 37 54
34 35 53
34 35 50
35 36 54
34 35 54
33 34 53
33 34 52
32 34 52
33 34 53
34 33 54
33 36 53
34 35 53
34 33 53
33 35 52
33 36 53
34 35 53
32 36 53
32 34 52
33 35 52
32 36 52
33 36 52
33 35 52
33 36 53
34 35 53
33 36 53
33 35 53
33 35 52
32 35 53
32 35 53
33 36 52
33 36 53
34 34 53
33 36 52
34 35 52
31 36 52
33 34 53
32 36 53
32 34 52
34 36 52
32 35 54
33 36 52
33 36 53
34 36 53
32 34 53
33 35 52
32 34 53
32 36 53
32 36 53
32 35 53
32 35 52
32 35 53
33 34 53
33 34 52
33 36 53
33 35 52
33 36 52
33 35 52
33 36 53
33 36 53
33 36 52
34 34 53
34 36 52
33 35 52
33 36 52
33 36 52
32 34 53
34 35 53
32 35 53
33 36 52
33 35 53
33 35 53
32 37 52
33 35 53
33 36 53
33 36 53
33 34 54
33 36 52
34 35 53
33 35 52
32 37 52
32 36 52
32 35 51
32 35 53
32 35 53
34 34 53
32 35 53
33 36 52
33 36 53
33 35 53
33 36 53
32 36 53
32 36 53
32 36 52
33 36 52
31 36 52
34 36 52
33 36 53
33 36 52
33 36 53
33 36 52
32 35 53
33 36 53
33 34 53
33 35 53
33 37 53
34 35 52
33 35 52
33 38 52
33 35 52
33 36 52
35 37 53
33 35 53
33 37 52
32 36 52
32 35 52
32 37 52
33 36 52
33 37 52
33 36 53
33 36 53
32 38 52
33 35 51
34 37 53
33 35 52
33 36 52
33 35 53
33 36 52
32 37 52
32 36 52
33 36 52
33 35 52
33 35 52
33 36 52
33 36 52
33 36 53
33 35 53
34 35 52
33 36 53
33 36 53
33 36 52
32 36 52
33 36 53
33 37 53
34 36 52
33 36 52
32 36 53
33 36 53
33 35 52
32 35 53
33 36 53
33 35 53
32 36 52
33 36 53
33 36 52
33 36 52
33 35 53
32 36 52
33 37 53
33 38 53
35 37 52
33 36 52
33 36 52
33 36 52
32 35 53
33 37 53
33 36 53
32 35 52
33 36 52
33 36 52
33 35 53
33 36 52
33 36 52
34 36 52
34 35 53
33 35 52
34 37 53
33 37 53
32 36 52
34 35 52
33 36 52
33 36 53
33 37 53
31 35 52
33 36 52
34 35 51
33 36 52
34 36 53
33 35 51
34 36 52
32 36 52
33 37 53
33 36 53
33 37 53
32 36 53
32 36 53
33 35 53
34 36 53
33 36 53
33 37 53
32 37 53
33 35 52
33 37 52
33 36 53
33 36 52
32 36 53
33 36 53
32 35 52
33 37 52
33 35 53
32 36 53
31 36 52
33 36 52
33 36 52
33 36 52
33 36 53
33 35 52
33 37 53
33 37 53
34 35 51
33 36 52
33 35 53
33 36 52
32 36 53
32 36 53
33 37 52
34 36 53
33 36 52
32 36 53
32 36 52
34 37 51
32 37 53
34 35 52
33 37 53
34 36 52
33 38 53
35 35 52
33 35 53
33 38 52
33 36 53
33 37 53
32 35 52
33 36 52
34 36 52
33 36 53
33 36 53
33 35 52
32 36 52
33 36 52
32 36 53
34 35 52
33 35 53
33 35 53
34 36 53
33 36 52
33 36 52
33 35 53
33 36 53
33 37 53
35 35 54
33 35 52
34 35 53
34 35 53
34 36 53
33 35 53
33 35 53
33 36 52
33 36 53
32 37 53
33 34 52
32 36 53
33 36 53
32 37 53
33 36 52
33 35 52
32 35 53
33 35 51
32 35 52
33 36 53
34 36 53
33 36 52
32 36 53
32 37 53
33 36 51
35 36 53
33 36 53
34 36 52
33 36 51
33 35 53
34 36 53
33 36 53
31 36 52
33 36 52
34 36 53
33 36 52
32 34 53
34 35 53
31 37 52
33 36 53
32 36 53
33 37 52
33 37 52
33 36 52
33 35 53
34 36 52
33 36 54
32 36 53
34 36 54
32 36 53
33 36 52
34 36 52
33 36 53
33 36 52
32 36 53
33 36 52
34 36 52
33 37 52
34 35 52
33 36 52
32 36 53
34 36 52
33 36 53
34 36 52
31 36 52
34 36 53
33 35 52
33 37 53
34 35 53
33 36 52
33 36 53
32 36 53
33 37 52
34 36 52
34 36 53
33 35 52
32 36 52
33 35 52
33 36 53
31 37 52
34 35 52
34 36 53
32 36 53
32 36 51
33 37 53
32 36 52
33 37 52
32 36 53
33 34 52
33 37 51
32 36 52
34 36 52
33 37 52
33 37 52
33 36 53
33 37 51
33 36 52
32 37 53
34 36 52
33 36 52
34 37 52
34 36 52
33 36 53
32 36 52
33 36 52
33 37 53
33 36 53
34 36 53
33 36 53
32 36 53
33 36 52
33 36 52
32 36 53
34 36 52
33 36 54
33 36 52
33 37 52
33 37 53
34 37 53
34 36 52
34 36 52
33 36 52
33 35 51
33 36 52
34 36 52
33 36 52
35 36 53
33 36 52
33 35 53
33 36 53
33 37 53
34 36 52
33 38 52
33 36 52
33 36 52
34 36 53
33 37 52
33 36 53
33 36 52
33 36 53
34 36 52
33 37 53
33 37 53
34 35 52
32 36 52
32 36 52
33 35 53
33 36 53
33 35 52
32 35 52
33 36 54
34 36 53
34 37 53
33 37 52
32 37 52
34 37 53
34 35 53
31 36 53
33 37 53
33 35 52
32 36 53
33 36 52
33 36 52
33 36 51
33 37 52
33 37 53
32 36 53
32 35 53
33 35 52
32 37 53
33 36 52
33 36 52
33 37 52
33 35 52
33 36 53
32 36 53
35 37 52
32 36 53
34 36 51
33 36 52
33 37 52
33 37 52
33 37 53
33 37 52
32 36 53
32 36 52
33 36 52
33 37 53
32 37 52
33 37 53
33 37 53
32 37 53
33 36 52
31 35 52
35 36 52
33 37 52
33 37 53
32 38 52
32 36 51
34 37 53
33 37 53
33 36 53
32 37 53
33 36 52
34 37 53
34 37 53
32 37 53
32 37 52
33 36 52
32 36 52
33 35 52
33 37 52
33 37 52
33 37 52
33 36 53
34 36 52
33 36 52
32 37 53
33 37 53
33 35 53
33 36 52
34 36 52
33 37 52
33 37 53
33 37 53
33 37 53
33 36 53
34 36 52
34 37 52
32 37 52
33 36 52
33 37 53
33 36 53
33 36 53
33 37 52
32 36 53
31 36 52
33 35 53
32 37 53
32 37 52
33 35 52
32 35 52
32 36 52
32 37 52
34 35 52
34 36 52
32 35 52
34 37 53
32 35 52
33 37 53
33 35 52
32 36 52
33 37 53
34 36 52
34 36 52
34 36 52
32 36 53
32 35 53
32 36 53
33 35 52
33 36 52
33 36 52
34 35 53
33 36 52
33 37 53
32 36 52
33 35 53
34 37 52
32 38 52
32 37 53
32 36 52
32 36 52
33 34 52
33 35 52
34 36 52
33 36 52
33 35 52
34 35 53
32 37 52
34 37 52
32 36 53
34 36 53
33 37 53
32 36 52
33 36 52
32 34 53
33 35 52
33 36 53
33 36 52
32 37 52
33 37 52
33 36 53
33 37 52
34 36 53
34 36 53
33 37 52
33 36 52
33 36 52
32 36 53
32 36 52
34 35 52
32 36 53
33 35 53
32 36 53
33 35 53
33 35 53
34 35 53
33 36 53
33 37 52
33 36 53
32 36 53
33 36 53
32 36 52
32 36 52
33 35 53
33 36 52
32 35 53
34 35 52
32 36 53
32 36 53
33 36 53
33 38 53
34 37 53
32 35 52
33 37 53
33 35 53
33 36 52
33 36 52
31 37 53
32 37 52
33 36 53
32 35 52
33 36 52
33 35 53
33 36 53
33 35 52
34 36 52
33 36 51
34 36 52
34 36 52
32 37 52
33 37 53
33 37 53
32 37 53
33 35 53
33 38 53
31 36 53
34 36 53
34 36 52
32 37 52
34 37 52
31 36 53
32 36 53
33 36 52
33 36 52
33 37 52
34 36 53
33 36 51
33 36 53
33 36 53
33 36 52
33 35 52
33 37 52
33 35 53
34 36 52
33 37 52
32 37 52
34 36 53
32 37 52
32 36 53
32 37 52
33 36 53
32 36 52
33 36 53
33 36 52
34 36 53
33 37 53
33 36 53
33 36 53
33 37 53
33 36 52
32 37 52
33 36 52
34 36 53
32 36 52
32 36 53
32 37 52
33 35 53
34 36 53
32 37 52
33 35 52
33 36 53
34 37 52
33 37 52
33 36 52
33 37 52
33 37 52
33 35 52
34 36 52
33 36 52
33 37 53
33 36 53
32 35 52
33 36 53
33 36 53
33 35 52
34 36 52
32 36 53
33 37 53
33 36 52
32 35 52
33 36 53
34 36 52
33 35 53
32 37 52
33 37 52
32 36 52
33 36 53
33 37 52
33 36 53
33 36 53
33 35 53
32 37 53
33 37 53
33 37 52
32 36 52
33 37 52
32 37 52
33 37 53
33 36 52
32 36 53
32 37 53
32 36 52
35 35 52
33 37 52
33 36 52
33 36 52
33 37 52
32 36 53
33 37 52
32 36 53
33 35 52
33 36 52
32 37 52
33 37 53
34 36 53
33 36 53
32 37 53
34 37 52
31 36 52
33 36 53
34 35 51
33 36 52
32 36 52
33 35 52
32 35 53
34 34 53
33 35 53
32 35 51
33 36 54
33 38 53
34 36 52
32 35 53
32 36 53
33 35 52
32 35 52
33 35 53
33 36 52
33 35 53
33 35 53
33 35 52
33 36 53
32 35 53
33 36 52
33 36 52
33 35 52
32 35 52
32 36 53
32 36 52
33 36 53
32 37 53
33 36 53
34 35 52
34 36 53
33 36 53
34 36 52
33 36 52
33 36 53
31 37 53
33 36 52
32 36 52
33 36 53
32 37 51
35 35 53
32 36 53
33 35 52
32 38 52
33 35 52
32 36 53
33 37 53
34 36 52
34 36 52
33 36 52
33 36 52
33 36 53
32 36 53
33 36 53
34 36 51
34 36 52
34 37 52
33 34 52
33 35 53
33 37 53
34 34 52
34 34 52
33 36 53
32 34 53
34 36 53
33 34 52
33 35 52
33 35 53
33 35 53
33 36 53
33 35 53
33 34 53
34 35 52
33 34 53
32 36 54
33 38 56
35 37 55
35 34 53
36 33 53
37 30 52
36 30 52
36 30 53
37 30 51
36 28 51
37 28 51
37 28 50
37 27 51
36 29 50
35 28 51
35 28 51
35 28 52
35 27 52
34 26 53
33 27 52
34 27 54
33 29 53
34 28 52
34 27 52
33 26 53
33 26 53
34 27 52
35 27 52
33 28 51
35 26 52
36 24 51
35 25 51
38 23 51
36 25 51
37 24 52
36 24 52
35 21 51
35 22 52
36 23 51
36 23 50
37 23 50
37 23 47
36 21 47
37 21 48
37 21 48
36 19 47
35 18 47
37 19 47
36 20 47
34 18 47
35 17 45
34 19 47
34 17 46
36 17 47
37 19 47
35 19 46
35 18 48
35 19 47
35 19 46
34 18 48
36 19 47
35 18 49
37 18 48
36 18 47
33 16 46
32 16 45
32 17 43
34 14 44
34 16 45
35 17 45
36 17 47
33 21 48
34 21 48
34 20 49
33 20 49
33 18 47
33 16 44
33 16 44
34 16 43
34 16 46
36 17 47
36 18 46
35 17 46
35 17 48
32 18 51
32 18 51
33 17 47
38 16 48
40 21 46
38 23 44
38 19 44
36 21 45
36 18 45
36 18 46
36 18 46
33 20 48
35 16 51
36 19 48
35 21 46
35 18 47
35 18 46
33 18 44
32 18 44
32 18 44
35 17 45
37 16 47
38 17 49
37 19 49
34 18 49
36 18 48
35 16 46
35 17 44
35 17 45
37 18 47
38 19 48
37 18 49
35 17 48
36 17 47
33 14 44
33 15 43
34 15 43
30 17 47
33 22 49
34 19 49
38 19 48
37 18 48
36 16 47
38 18 48
38 20 45
37 19 48
36 20 49
36 21 48
37 19 48
37 19 46
38 21 48
37 19 48
36 18 48
37 19 46
36 20 48
37 20 49
37 19 50
36 20 48
37 17 50
36 19 49
37 17 48
35 19 45
39 20 46
34 20 46
35 18 47
33 18 47
33 17 44
34 15 42
33 15 40
33 15 40
36 19 43
34 22 46
35 28 48
36 28 54
37 33 55
38 36 55
38 39 54
37 42 54
38 42 55
37 41 53
36 42 53
36 41 52
36 42 53
37 43 51
38 41 51
38 42 51
38 42 50
39 41 50
40 39 49
41 40 50
40 40 49
40 42 47
41 40 48
41 40 49
41 41 49
41 42 47
40 41 47
41 40 49
40 42 47
40 41 48
40 42 48
41 44 49
42 41 49
41 42 48
39 40 49
42 38 49
41 40 49
41 42 48
43 43 49
42 43 48
40 44 48
40 44 49
40 40 46
38 45 45
38 45 49
38 40 46
34 45 43
34 45 49
33 43 47
32 46 47
33 47 52
32 49 52
33 49 54
35 42 51
35 42 50
34 39 49
34 38 50
32 41 54
32 39 52
31 39 51
34 40 53
32 38 53
34 35 52
33 37 52
34 37 52
32 39 52
33 37 52
33 38 52
34 38 52
33 37 52
35 38 51
34 37 52
33 37 52
32 39 52
32 38 52
32 38 52
33 39 51
33 37 52
31 37 52
32 38 53
33 37 51
31 38 52
33 36 52
33 37 52
33 37 51
32 38 52
31 38 52
32 38 52
32 38 53
32 37 52
33 37 52
32 37 52
32 36 52
33 36 52
33 38 51
33 37 52
31 37 52
32 38 52
32 37 52
33 36 53
32 37 52
32 38 53
33 37 52
33 37 52
34 37 53
33 39 52
33 38 53
32 37 53
33 37 52
31 39 52
33 39 52
32 38 53
31 37 52
32 37 52
33 38 52
32 38 53
32 38 53
33 38 52
32 38 52
32 37 52
32 38 52
32 38 53
32 38 52
32 37 52
32 37 52
33 37 51
32 37 52
31 37 52
33 37 52
33 38 52
32 38 52
33 38 53
32 36 51
33 38 52
32 36 52
32 37 52
32 37 52
34 37 51
32 37 52
33 38 52
32 38 51
32 37 52
33 38 52
32 38 51
32 36 52
33 38 52
33 37 52
33 37 52
32 37 53
33 37 52
32 37 52
33 38 53
33 38 52
31 36 53
32 37 53
33 37 52
33 38 52
31 38 52
32 37 53
31 37 52
32 38 51
32 38 52
33 37 52
33 39 52
32 37 52
33 38 51
32 38 52
33 38 52
32 36 52
32 37 52
32 38 53
32 38 53
32 38 53
33 37 51
33 38 52
32 38 52
32 38 52
33 38 52
32 38 52
32 39 52
32 39 52
33 38 51
32 38 52
32 38 52
34 38 52
33 37 52
32 39 52
32 38 52
32 38 52
32 37 52
32 38 52
32 37 52
33 38 52
32 38 51
32 38 52
32 39 53
33 38 51
32 37 53
32 38 52
33 40 52
32 40 52
32 38 53
32 37 51
32 37 52
32 38 52
33 38 51
31 37 52
31 38 53
32 38 52
33 38 53
32 37 53
33 38 53
33 38 52
32 39 51
31 39 52
33 37 52
33 38 52
31 37 51
33 37 52
33 39 51
32 39 51
32 38 52
32 39 52
33 38 52
33 39 52
33 39 52
32 38 52
33 39 52
33 39 51
32 39 52
32 39 52
33 39 52
31 39 51
33 36 52
33 38 52
33 39 52
32 39 53
32 38 52
32 39 52
33 38 52
34 39 52
32 39 52
32 38 52
32 38 52
33 38 52
33 39 53
31 39 52
33 37 52
32 39 53
34 38 53
31 38 51
33 38 52
33 38 52
32 37 51
32 38 53
32 38 52
33 37 52
32 38 51
33 37 52
31 38 52
33 38 52
34 38 52
34 38 52
33 38 53
33 38 52
32 37 52
33 38 52
33 37 53
33 39 52
33 37 52
32 38 52
32 38 53
33 39 52
34 38 51
32 37 51
33 37 52
32 37 53
33 38 53
31 38 52
32 37 53
33 39 53
32 37 52
32 38 52
34 38 51
32 38 53
32 38 52
32 38 51
33 37 52
32 37 51
34 38 52
34 37 52
32 38 53
33 39 51
32 38 52
33 38 52
34 37 52
32 37 52
33 38 52
34 37 52
33 38 52
32 37 52
32 38 53
33 39 52
32 39 53
33 38 51
31 37 52
32 37 52
32 36 52
32 37 53
32 38 51
32 39 52
33 38 52
32 39 51
34 38 53
33 36 51
32 38 52
32 38 53
31 37 53
32 37 52
33 38 53
33 38 52
33 37 52
33 37 52
32 38 52
33 38 52
32 37 51
32 38 52
33 38 52
32 38 52
32 38 52
32 39 52
32 37 52
32 39 51
32 38 52
32 37 52
33 39 51
32 37 51
33 37 51
31 37 52
33 38 52
33 37 52
33 38 52
32 39 52
32 37 53
33 37 52
33 38 52
31 38 53
32 38 52
33 38 52
32 37 52
32 38 51
31 38 52
32 39 52
33 38 52
32 37 52
33 37 52
34 37 52
34 38 52
33 37 52
32 37 53
32 38 52
33 38 52
32 37 52
32 38 52
32 37 53
32 38 52
32 38 52
32 38 52
32 37 51
32 38 53
33 38 53
32 38 52
33 37 52
34 38 52
32 38 53
31 37 52
32 37 52
33 38 52
33 39 52
33 38 52
32 37 52
32 38 53
33 38 53
32 36 51
32 37 52
33 38 52
31 38 52
31 37 52
32 38 52
32 37 52
32 38 53
33 37 52
32 37 52
33 37 52
32 37 52
33 37 52
32 37 52
32 37 52
33 38 53
33 37 52
33 38 52
33 39 52
32 37 51
32 38 53
33 36 52
33 39 53
34 37 52
33 38 52
32 37 52
32 37 53
33 37 52
32 38 52
34 38 52
32 37 52
32 38 51
32 36 52
33 37 51
33 38 52
31 37 53
32 38 51
33 37 52
34 38 53
33 38 52
32 38 52
32 38 52
33 38 53
32 38 52
32 38 52
32 37 52
34 39 52
34 38 52
33 38 52
33 36 53
32 38 52
32 38 52
33 39 53
33 39 52
32 37 51
33 38 52
33 37 52
32 38 51
33 36 52
34 38 52
32 37 53
32 37 52
32 38 52
32 38 53
32 39 52
32 37 52
31 37 52
32 37 52
33 38 52
33 37 52
32 36 52
32 37 52
31 37 53
32 37 53
32 37 53
32 36 52
33 37 53
33 38 51
34 38 52
33 38 52
34 38 52
33 37 52
32 37 53
33 36 52
33 37 52
33 38 53
32 37 52
32 39 52
32 38 52
33 38 52
33 37 51
32 38 52
32 38 52
33 37 52
33 38 53
34 37 53
33 37 52
32 38 52
33 38 52
33 37 52
33 38 52
32 37 53
32 36 52
33 38 52
33 37 53
32 38 52
33 37 52
33 39 52
33 38 52
33 37 53
33 38 53
33 38 51
33 38 52
33 38 53
33 38 52
32 37 53
33 37 52
33 37 52
34 36 53
32 39 52
33 38 53
32 38 52
33 38 52
32 38 52
33 38 52
33 38 53
34 38 53
32 38 53
33 38 52
32 38 52
33 38 52
33 37 52
32 37 53
33 38 52
31 38 52
33 38 52
33 37 51
32 37 52
34 39 52
34 37 52
32 37 52
33 37 52
33 39 52
34 39 53
32 38 53
33 39 52
32 38 52
32 38 52
33 38 52
33 37 52
32 37 52
32 37 51
33 38 52
32 38 52
34 36 53
32 38 52
32 38 52
32 37 52
32 37 52
33 38 53
33 38 51
32 37 51
33 36 52
32 38 52
32 38 52
32 37 52
32 37 52
32 37 52
34 38 53
32 37 52
32 38 52
33 39 52
33 37 52
31 37 52
34 38 52
34 37 53
33 37 52
32 37 52
33 37 52
32 37 53
32 37 52
33 39 53
32 38 52
33 36 52
33 37 53
32 37 53
32 38 52
33 37 52
33 37 51
33 37 52
33 37 52
33 38 52
33 36 52
33 38 52
33 37 51
34 38 53
32 36 52
33 36 52
34 37 52
33 38 52
34 36 52
33 38 52
33 38 52
32 38 52
34 38 52
33 39 53
32 38 53
33 37 52
32 37 52
32 37 53
34 38 52
33 38 52
34 37 53
33 39 52
33 38 52
32 37 53
33 38 52
34 38 52
34 37 52
32 37 53
34 38 52
33 38 53
33 38 53
32 38 52
34 37 52
33 38 51
32 37 52
33 38 52
33 37 52
34 38 52
32 37 52
34 39 52
33 38 52
33 38 52
33 36 52
31 38 53
32 37 52
33 38 52
31 37 52
33 37 52
32 37 53
33 38 51
32 38 52
32 37 52
33 39 51
32 37 53
33 38 51
32 39 53
33 37 53
32 39 53
33 38 52
33 38 51
32 38 52
33 37 52
33 38 52
33 38 53
34 38 52
33 38 52
33 39 52
34 38 52
34 38 52
33 37 52
34 38 52
34 37 52
34 37 52
32 38 51
33 38 52
32 38 52
34 38 52
32 38 53
34 36 52
33 38 52
34 38 51
32 38 52
33 38 52
33 38 52
34 38 52
33 39 52
34 38 52
33 38 52
33 39 52
32 37 51
33 39 52
33 37 52
33 37 51
34 39 52
34 38 53
33 39 52
33 38 52
33 36 52
33 38 53
32 38 52
33 37 52
33 37 52
34 38 52
32 38 51
34 38 53
33 38 52
33 37 52
33 36 53
34 36 52
32 38 51
32 37 53
33 37 52
31 38 51
34 38 52
32 37 52
34 39 51
31 37 52
33 37 52
32 38 52
33 38 52
33 38 51
34 38 52
32 37 53
33 38 54
33 38 54
32 39 53
32 41 55
33 41 54
32 37 54
35 37 53
35 36 53
37 33 52
36 32 50
39 31 50
39 30 50
38 28 49
38 27 48
39 26 48
37 27 51
38 25 50
37 25 50
37 24 49
37 23 51
36 25 52
37 23 51
36 24 50
37 24 51
38 22 50
36 23 49
36 21 50
36 22 51
36 22 49
35 22 49
35 21 48
35 23 48
35 21 49
36 22 49
36 21 47
36 20 49
37 22 45
36 08 58
36 18 47
33 20 47
35 18 46
34 17 46
35 17 45
34 19 45
33 17 46
33 18 46
33 17 46
34 16 48
36 15 49
34 16 50
35 21 48
38 20 47
38 22 46
37 22 46
36 21 45
35 17 46
36 17 47
37 18 49
33 14 49
36 16 50
34 19 47
37 21 48
35 21 50
35 19 51
30 20 45
32 19 45
33 15 42
34 16 43
32 16 44
35 19 46
35 20 49
33 19 46
33 19 48
35 18 47
34 18 46
35 16 45
34 18 46
34 16 47
36 18 46
35 17 48
35 17 49
35 17 47
34 18 46
33 17 44
32 17 45
33 18 46
34 18 47
36 19 47
36 18 48
35 19 49
35 17 48
36 17 48
33 16 47
35 19 46
35 19 47
36 18 46
36 18 46
37 18 45
38 17 46
39 18 46
37 21 47
35 19 48
36 21 48
35 19 48
35 19 48
36 18 49
34 18 46
36 18 49
36 18 49
36 19 47
35 20 48
35 18 46
33 19 45
34 20 45
30 21 41
31 17 46
32 18 43
33 17 40
32 17 41
33 19 44
31 22 49
33 25 51
34 27 52
35 28 53
36 31 54
35 33 54
37 34 54
37 34 55
35 36 54
37 35 55
35 36 53
36 38 53
34 40 54
34 41 54
35 43 52
34 42 52
35 41 52
35 42 52
35 42 51
36 40 52
34 42 51
37 41 51
37 41 50
37 40 50
37 41 50
38 39 50
38 40 48
37 39 51
38 41 50
39 39 49
39 40 49
39 40 50
38 41 48
40 40 48
40 40 48
41 41 49
41 41 48
40 40 48
40 43 47
41 42 48
39 45 48
40 46 49
39 44 48
39 45 50
39 45 49
39 44 47
39 46 48
39 45 47
40 42 50
39 43 48
38 43 48
40 43 49
41 45 48
40 45 47
38 43 47
39 44 47
37 43 46
34 44 44
35 46 51
36 41 50
33 40 46
32 45 50
33 42 50
33 43 50
31 43 52
32 43 52
32 42 53
35 41 53
34 41 53
32 39 54
32 38 52
32 38 51
31 38 52
32 37 53
33 39 52
31 38 52
31 39 52
31 38 52
31 37 52
31 36 51
33 37 52
33 39 52
34 38 52
32 36 53
33 37 53
33 36 53
33 37 52
32 38 53
33 37 52
33 36 52
31 37 52
33 36 53
32 36 52
32 38 53
33 37 52
34 37 51
33 37 52
32 37 52
32 37 52
32 38 53
32 38 52
32 36 52
31 38 52
32 38 52
32 37 52
31 37 52
33 37 52
32 38 52
33 37 52
32 38 52
30 37 52
33 37 51
32 37 52
31 38 52
32 37 52
32 36 53
32 37 52
33 38 53
34 37 52
32 38 52
32 38 52
32 38 53
33 37 52
33 38 53
32 36 52
33 38 52
32 36 53
31 36 52
33 37 52
32 37 52
32 36 53
31 36 52
33 37 52
32 36 53
33 37 53
33 36 53
33 36 53
32 37 52
33 37 53
32 36 52
34 37 52
32 37 53
33 37 53
33 37 53
34 38 52
32 36 52
33 37 52
32 36 52
34 37 53
33 38 51
32 37 51
33 35 53
33 38 54
32 36 52
33 38 53
33 36 52
32 37 53
33 37 52
34 36 52
33 36 52
33 37 52
32 36 52
32 36 52
34 36 53
33 36 52
33 37 51
33 36 53
33 36 52
32 36 53
33 36 53
33 37 53
32 36 53
33 37 53
33 36 51
33 37 53
33 36 52
33 36 52
33 36 52
33 37 53
33 36 53
33 37 52
33 36 52
34 37 52
33 36 53
33 36 52
34 37 53
32 37 53
33 35 52
33 37 52
33 36 53
34 36 53
33 37 52
32 36 53
34 38 52
34 37 52
32 35 53
34 38 52
33 37 52
34 36 52
33 36 52
33 36 52
33 37 52
33 36 52
33 36 53
34 36 52
33 36 52
32 37 53
33 36 53
32 36 52
32 35 52
33 37 53
33 35 52
34 37 52
33 36 54
33 37 53
34 36 53
31 36 52
31 37 53
34 36 52
34 36 52
32 35 52
34 36 52
33 36 53
32 36 52
33 36 52
33 36 53
33 36 53
32 37 53
33 37 52
33 37 52
33 37 52
33 38 52
33 37 52
34 36 52
33 37 52
34 35 52
32 36 52
32 37 53
33 38 52
32 37 53
34 38 52
33 37 52
32 36 52
33 37 52
32 36 52
34 37 52
33 37 52
33 36 53
34 35 53
33 37 53
33 37 52
34 36 52
33 36 52
32 36 52
34 37 53
34 36 52
33 37 53
32 36 52
34 36 52
32 36 52
33 37 53
33 36 52
34 37 53
33 37 53
32 36 53
32 37 52
32 36 52
33 36 52
34 35 52
33 36 51
34 36 53
33 37 52
34 37 52
32 35 52
33 37 52
34 36 53
33 36 53
34 37 52
33 36 52
34 36 52
34 35 53
33 36 53
34 37 53
34 37 52
33 37 53
33 37 52
32 36 53
33 36 52
33 36 53
33 35 53
34 36 52
33 36 53
34 36 52
33 35 53
35 36 53
33 36 52
34 36 52
32 36 53
33 36 53
33 36 52
34 36 53
33 37 53
34 36 53
34 37 53
34 36 52
33 36 52
33 36 52
33 36 52
32 37 53
34 37 52
32 36 53
33 35 53
33 37 52
33 35 52
34 37 52
34 37 53
32 35 52
33 36 51
33 37 52
33 36 52
32 35 52
35 36 53
34 36 52
33 36 53
34 36 52
34 37 52
34 36 52
34 36 52
33 35 52
34 36 53
33 36 52
34 35 52
33 35 52
33 36 52
33 37 53
33 36 53
34 37 52
33 36 52
34 36 52
33 36 52
33 37 52
33 36 52
33 36 52
34 36 53
34 35 53
33 34 52
34 35 52
33 35 53
33 36 52
33 36 53
34 37 53
33 38 53
35 36 53
34 37 53
35 35 53
34 37 52
34 35 53
34 36 52
34 36 52
33 35 51
34 37 52
34 36 52
33 37 53
34 36 53
33 37 52
34 36 52
33 37 52
33 38 53
34 36 52
33 36 52
32 35 52
35 37 52
34 37 53
34 36 52
34 37 52
34 36 52
33 37 53
33 37 52
34 36 52
34 36 52
33 37 51
33 37 53
33 36 54
34 36 53
33 36 53
34 36 52
33 37 53
33 37 52
34 37 52
33 36 52
34 36 52
34 37 52
35 37 52
33 36 52
33 36 52
33 36 52
33 36 53
34 36 52
34 37 52
33 37 52
33 37 52
34 37 51
33 37 53
34 37 52
34 36 52
33 36 52
35 36 53
33 37 53
34 36 52
33 37 52
34 37 52
32 37 52
35 36 52
33 36 52
34 35 53
33 36 53
34 36 52
33 36 53
33 37 52
34 37 52
33 37 51
34 36 53
34 36 53
34 35 52
34 35 53
34 36 52
34 36 53
33 37 52
32 36 52
33 36 53
34 35 52
33 37 53
32 37 53
34 36 53
33 37 52
34 37 53
34 36 53
34 36 51
34 36 53
34 36 52
34 36 52
34 35 52
34 35 52
34 36 53
34 35 53
34 36 53
33 36 53
34 36 52
34 37 51
33 36 52
33 35 53
33 35 53
34 36 52
32 37 53
33 36 52
35 37 53
33 35 53
34 36 52
34 36 51
34 36 53
34 38 51
34 37 53
34 37 53
34 37 53
33 36 52
33 36 52
34 37 52
33 37 52
34 37 52
33 36 53
34 36 53
34 37 52
34 36 52
34 37 52
33 36 53
33 37 53
33 37 53
33 35 52
32 35 52
34 36 53
33 35 52
33 37 53
32 36 52
33 37 52
34 36 52
35 36 52
35 36 52
35 36 52
34 36 52
35 36 52
32 37 53
34 36 52
33 37 52
34 36 52
33 37 52
33 35 52
33 37 52
34 35 52
35 37 52
34 35 53
33 36 52
33 36 52
33 36 52
34 36 52
33 37 51
33 37 53
34 37 52
33 35 52
33 37 53
34 36 53
32 36 52
34 36 53
34 35 52
34 37 51
34 36 52
35 36 52
34 36 52
33 37 53
34 36 52
33 36 52
33 37 52
33 36 52
33 36 52
34 36 53
34 36 52
33 37 52
33 37 52
34 37 53
34 36 53
33 36 52
34 36 52
32 37 52
35 35 52
34 37 52
35 37 52
34 38 53
33 36 53
34 37 53
33 36 52
34 36 53
33 37 53
34 35 53
33 36 52
34 36 53
34 37 52
34 37 53
33 37 52
34 36 52
34 35 53
32 36 53
34 36 52
33 37 52
34 37 52
34 35 53
33 36 52
33 37 52
33 37 52
34 36 53
33 36 53
35 36 51
33 37 52
34 36 52
34 36 53
34 35 52
34 37 53
34 35 53
33 37 52
33 35 53
35 36 52
34 37 52
33 36 51
35 37 52
32 37 53
34 36 52
34 36 53
33 35 52
34 38 52
33 37 53
34 37 52
34 37 53
34 35 53
33 36 53
34 35 52
34 36 53
35 35 53
34 37 52
34 37 53
35 37 52
34 35 52
34 35 52
32 35 53
34 36 52
33 35 52
35 35 53
33 36 52
35 35 53
35 37 52
34 35 52
34 36 53
34 36 54
33 36 53
33 35 53
33 35 53
33 36 53
34 36 52
34 36 52
34 36 52
35 35 53
34 36 53
35 35 52
35 37 52
35 36 52
35 35 52
35 35 52
34 35 53
34 36 54
34 37 52
34 37 52
34 34 53
35 35 54
33 35 52
35 35 53
34 37 53
34 35 53
34 37 53
35 35 53
34 35 52
35 37 52
34 35 53
35 34 53
34 37 53
34 35 52
34 36 52
34 35 52
34 36 53
34 36 53
34 34 52
34 36 53
33 35 52
34 36 52
34 36 52
35 35 52
33 34 52
33 35 53
34 36 53
35 36 52
34 36 52
34 35 53
34 33 52
34 37 53
33 36 52
34 34 52
34 35 52
35 36 53
34 35 53
35 35 53
34 35 52
34 34 52
33 36 53
34 36 54
33 36 52
34 37 52
34 36 52
35 36 53
35 35 52
34 35 52
35 35 52
35 35 52
34 35 52
34 36 52
34 36 52
34 36 52
34 35 52
35 35 52
34 34 53
34 35 52
34 36 53
35 36 53
34 35 53
35 36 52
33 34 53
34 36 53
35 35 52
35 34 53
34 37 52
35 34 53
34 36 52
33 35 52
34 36 53
36 35 53
33 35 53
35 36 52
34 35 52
33 36 52
34 35 52
36 36 52
34 36 53
35 35 52
33 35 52
34 35 52
34 35 53
35 35 53
35 37 52
34 37 53
34 36 52
34 35 52
34 35 52
34 35 53
33 36 53
34 36 54
35 34 53
34 35 52
34 36 53
34 35 53
35 35 53
34 36 52
34 35 53
34 36 52
34 36 53
34 35 52
34 37 53
34 35 53
35 35 52
33 35 53
34 35 53
34 34 52
35 34 52
34 35 53
34 35 52
33 35 52
35 36 53
34 35 52
34 36 53
35 35 53
34 36 53
36 36 52
34 36 53
35 35 53
36 34 52
34 35 52
34 36 53
