33 36 51
33 36 51
33 35 53
31 37 52
32 36 52
32 36 51
32 36 51
33 36 53
33 35 52
33 36 52
32 35 53
33 36 52
32 38 53
32 37 52
33 35 52
32 36 53
32 36 53
32 36 52
34 36 52
33 36 52
32 37 53
33 37 52
33 37 52
33 36 52
33 35 52
34 35 53
32 36 52
32 36 53
31 35 51
33 36 54
32 36 52
33 36 52
33 37 52
33 37 52
32 36 51
31 36 53
32 36 52
33 37 52
33 36 53
33 37 51
33 36 53
33 35 52
31 36 52
33 35 52
32 35 53
32 35 53
31 37 52
33 36 52
32 36 53
32 35 52
32 36 52
33 35 53
32 36 52
33 36 52
33 37 53
33 36 52
32 35 51
33 35 52
32 35 53
32 35 52
33 35 52
33 35 53
33 35 53
34 34 53
34 35 53
33 35 53
34 34 53
33 35 53
35 35 53
33 36 53
35 35 53
33 35 53
33 34 53
31 35 53
32 35 53
32 35 54
34 35 53
33 35 53
32 35 53
33 34 54
34 35 53
33 34 53
33 34 53
33 34 54
31 38 55
31 41 55
32 40 54
35 38 54
35 36 55
36 35 53
36 34 52
39 32 52
39 30 51
39 30 51
40 28 50
39 27 50
38 26 47
39 27 48
38 25 48
37 23 48
37 22 48
36 22 48
38 21 50
37 20 49
35 21 48
37 20 50
36 22 49
35 21 49
36 22 50
36 21 49
37 20 49
37 20 49
36 21 49
36 22 48
36 22 49
35 19 48
35 19 49
35 19 48
36 21 47
36 19 48
33 19 49
35 18 49
36 19 46
36 18 47
34 17 48
35 16 46
35 17 46
34 16 46
34 17 45
34 18 44
34 16 44
34 16 44
34 16 43
34 14 43
34 16 43
34 15 44
33 14 43
33 14 43
34 14 43
32 15 43
34 15 44
34 15 43
34 15 43
35 14 43
35 14 42
33 14 42
33 14 42
32 14 41
32 14 41
33 14 42
31 12 41
32 13 40
31 13 40
31 14 40
32 14 43
31 14 43
32 17 42
31 16 43
33 15 43
33 16 43
33 15 44
31 14 43
32 14 40
31 13 40
29 11 39
30 12 38
30 12 38
38 17 30
31 09 49
31 18 46
32 18 45
33 14 43
31 14 42
32 15 44
31 15 42
31 14 42
30 14 41
31 13 41
30 14 41
31 14 42
30 15 42
31 13 41
32 14 42
33 13 43
32 14 43
33 14 43
31 14 42
30 14 41
29 13 40
30 16 42
31 16 43
33 15 43
33 13 43
32 14 44
33 15 43
31 14 43
32 14 43
31 12 41
30 14 41
30 14 41
31 15 41
32 14 42
32 14 42
34 12 43
33 12 46
32 13 45
30 14 41
31 14 42
32 13 41
32 15 41
32 14 42
31 14 43
30 13 41
33 12 39
29 14 41
28 16 43
30 13 39
31 14 40
31 12 41
34 17 44
34 16 47
33 17 47
34 17 47
33 17 47
33 17 47
33 16 45
32 18 45
33 17 45
34 16 45
33 17 46
33 15 45
34 15 46
32 16 46
32 15 46
34 15 46
35 16 43
34 16 45
35 17 45
33 18 44
34 19 45
34 17 45
34 18 46
37 17 48
36 18 45
36 18 45
37 18 46
35 18 45
34 17 45
35 15 46
35 16 45
35 16 45
34 16 44
33 17 45
34 16 46
35 16 45
35 15 46
34 17 45
33 15 46
34 16 46
33 15 44
34 15 44
34 16 45
33 15 45
32 12 43
32 12 38
29 15 40
29 15 41
31 15 40
35 20 36
31 03 49
28 15 41
28 17 40
28 16 40
27 15 39
29 13 37
29 18 37
27 17 38
30 15 40
31 19 45
34 22 48
34 23 51
38 27 53
38 30 54
37 33 55
38 34 55
37 38 55
38 35 54
40 37 54
38 37 52
38 36 51
37 37 50
38 41 50
36 41 51
35 43 50
36 46 51
35 47 48
36 48 50
37 47 49
37 47 49
37 46 48
38 45 48
37 45 48
37 46 48
37 42 49
38 43 49
39 43 48
40 43 50
39 43 48
38 43 49
38 44 49
38 43 48
39 42 48
39 42 47
39 43 48
39 42 48
40 44 49
39 44 49
40 42 48
40 43 48
39 44 47
41 44 48
41 43 46
41 44 47
42 38 48
42 48 47
41 43 49
40 42 48
38 40 45
35 26 47
37 42 48
38 56 48
41 54 47
43 50 48
41 47 49
40 45 50
37 45 47
38 44 48
38 43 50
37 39 46
36 41 47
35 42 49
35 39 48
34 42 49
34 42 52
33 40 49
34 43 49
33 43 52
32 43 51
32 43 51
33 42 52
32 45 53
35 39 51
33 37 53
33 36 54
32 36 53
32 38 52
33 36 52
31 38 52
31 39 52
30 39 52
31 40 52
31 40 51
30 39 52
33 40 51
32 39 51
31 39 51
30 40 52
30 41 52
30 41 52
31 40 51
32 40 51
30 40 51
30 40 51
31 41 50
31 40 51
31 41 50
31 41 51
30 42 51
30 41 51
31 41 51
30 41 51
29 41 51
30 41 51
30 41 50
30 42 50
30 41 50
30 41 50
30 40 51
31 40 51
29 42 51
29 41 51
31 41 50
31 41 51
29 42 50
31 41 50
30 42 50
30 40 50
29 42 51
30 42 50
30 41 50
32 41 50
31 42 51
30 40 50
30 41 50
30 42 49
31 42 50
31 42 50
30 40 51
28 42 50
30 41 50
31 41 51
31 41 50
30 42 51
30 41 50
30 41 49
30 42 50
31 41 51
30 42 50
31 41 51
30 41 51
31 42 50
30 42 49
29 41 50
31 41 50
31 41 50
30 42 50
30 42 51
29 41 51
31 41 51
29 43 50
30 41 50
30 42 52
30 41 51
31 41 51
31 41 51
31 41 51
31 42 51
31 41 50
30 40 51
29 41 51
31 42 50
30 42 51
30 41 51
30 42 50
29 42 50
30 42 51
31 41 50
30 41 50
30 42 50
31 41 51
31 42 50
30 42 51
31 42 51
30 41 50
31 42 50
29 41 50
32 42 50
30 41 52
31 43 51
30 42 51
30 42 51
31 41 50
30 40 49
30 42 50
31 42 51
31 42 49
30 41 51
30 42 50
30 42 50
30 41 50
30 43 50
30 42 50
31 41 50
30 43 52
30 42 50
30 42 50
30 42 51
31 42 50
31 40 51
31 41 50
31 41 51
31 41 51
29 41 50
30 41 51
30 41 51
31 43 50
30 42 51
30 43 50
30 41 51
31 42 51
29 41 51
31 41 50
31 42 51
29 41 50
30 41 51
30 41 51
30 41 51
30 41 49
29 41 51
31 41 50
31 41 50
30 41 50
30 42 51
30 41 50
30 42 51
29 41 51
31 41 51
31 41 51
31 42 51
30 40 51
31 42 50
30 42 50
31 41 51
30 41 50
30 41 51
30 41 52
30 42 51
31 42 51
31 41 51
30 41 51
30 42 51
30 41 50
30 41 50
30 41 51
31 41 50
30 41 51
30 42 51
30 40 51
30 42 50
29 43 50
30 41 51
30 41 51
31 40 51
30 42 50
31 41 50
31 40 50
31 42 51
31 41 50
30 41 51
30 42 50
31 42 52
31 41 50
31 42 51
31 41 51
30 40 50
31 43 51
30 42 51
30 42 51
31 41 51
29 41 51
30 42 51
30 41 50
31 42 51
30 41 51
31 42 51
31 42 50
31 42 51
31 41 51
31 41 50
30 41 51
31 42 51
31 42 50
30 42 51
30 42 51
31 41 52
31 41 50
30 41 51
30 41 51
31 41 51
30 41 50
30 42 50
30 42 51
30 41 51
31 43 50
32 42 51
31 42 51
30 41 52
30 42 51
30 41 50
31 42 51
31 42 50
30 41 51
31 42 50
30 41 50
31 42 50
30 41 51
29 42 51
32 41 51
30 41 50
29 42 50
32 41 51
31 42 51
29 42 51
31 42 50
30 41 51
31 42 51
32 42 51
30 41 51
30 42 51
30 41 50
29 41 51
30 41 51
30 41 50
30 42 51
31 42 50
30 43 51
31 41 51
31 42 51
29 41 51
30 40 50
31 41 51
32 41 51
31 41 50
30 42 50
30 42 51
31 41 51
31 43 50
30 42 51
31 42 50
30 42 51
30 42 50
30 41 51
30 41 52
30 41 52
31 41 51
31 41 50
31 43 51
30 41 50
30 41 50
31 41 51
31 41 51
31 42 51
30 41 51
31 41 50
31 41 51
31 40 50
30 41 51
30 42 51
31 42 50
31 41 51
32 41 51
32 41 51
31 40 50
31 42 50
30 41 51
30 40 51
31 41 51
31 41 51
30 41 51
30 42 51
30 41 51
30 42 50
31 41 50
30 41 50
30 41 51
31 41 50
31 41 49
30 42 50
30 42 50
30 41 50
31 40 50
30 42 50
32 41 50
32 42 50
31 41 51
30 42 51
31 42 50
31 41 50
31 42 51
31 42 50
31 41 51
30 40 50
30 41 51
31 41 51
30 41 50
31 41 51
31 43 52
31 42 51
31 41 50
30 41 51
30 42 51
30 42 50
30 42 51
31 41 50
31 42 50
31 41 51
31 43 51
32 41 50
30 43 50
31 42 50
31 41 50
31 41 50
31 43 50
31 42 51
31 42 51
30 42 50
31 42 51
30 43 50
31 42 50
30 42 50
32 40 50
31 42 50
30 42 51
29 41 50
31 42 50
31 43 50
31 42 51
30 43 49
30 42 50
31 42 51
30 42 50
31 42 51
32 42 50
30 41 50
30 41 50
31 42 51
29 42 50
32 42 50
31 42 50
31 42 51
30 42 51
32 41 50
31 40 51
31 42 51
31 42 50
31 42 52
31 42 51
30 41 52
31 41 51
30 41 52
31 40 51
31 40 51
30 40 51
30 40 52
31 41 52
30 41 52
29 40 51
32 40 51
31 39 52
32 39 52
31 39 54
32 40 54
34 38 53
36 36 54
36 36 55
36 34 55
35 30 52
37 30 52
36 26 49
36 26 49
37 24 50
36 24 49
36 24 48
35 23 48
34 22 48
34 21 48
34 22 48
33 20 49
34 21 48
34 20 48
35 19 49
34 21 48
32 19 48
33 19 48
33 18 48
33 19 48
34 18 48
32 19 47
33 17 48
32 17 46
33 17 46
31 16 46
33 15 45
31 16 44
33 17 46
32 17 43
31 16 45
30 16 46
30 17 44
30 15 42
29 14 42
31 14 40
31 15 42
31 14 41
32 14 43
31 14 44
29 14 44
30 14 43
28 13 40
27 15 40
28 13 39
31 13 40
32 13 41
32 13 42
30 13 43
29 15 45
31 15 42
30 14 42
31 15 41
29 16 41
27 14 39
28 14 39
29 13 42
31 16 42
31 14 43
31 14 42
31 16 42
30 13 41
28 12 43
27 15 43
28 15 40
30 13 39
30 16 41
28 15 41
29 15 41
29 12 40
30 13 42
30 16 42
31 13 42
32 14 43
32 14 43
31 14 44
30 15 43
30 15 42
29 14 42
29 14 41
30 12 41
29 14 40
31 15 41
31 14 42
30 14 42
31 14 43
30 13 43
31 13 42
30 15 42
30 13 42
29 14 41
30 15 40
25 11 37
30 14 43
32 21 46
32 17 49
31 14 46
32 12 43
31 11 41
31 14 41
30 14 42
30 14 38
29 17 41
29 16 42
31 15 42
30 15 42
29 13 40
30 13 41
31 13 42
30 10 41
29 14 39
28 16 41
28 16 47
27 12 49
30 13 44
36 21 44
35 17 37
34 17 40
33 14 42
32 14 41
32 14 42
32 15 43
29 12 46
31 16 45
31 17 43
33 13 45
33 15 43
34 18 44
31 13 48
33 15 43
32 14 39
28 12 37
26 11 38
28 17 39
28 17 40
30 15 41
31 13 42
31 11 41
32 13 42
31 15 43
30 16 45
30 15 42
29 15 40
29 14 40
29 12 38
30 14 39
32 13 42
31 13 42
31 13 42
30 15 42
30 14 42
30 14 41
29 14 40
29 11 39
31 14 39
29 16 40
31 13 43
30 14 42
30 13 42
31 13 42
30 14 41
30 12 40
30 14 41
31 13 41
31 15 40
31 14 42
31 13 44
30 14 42
31 12 41
29 13 41
29 14 41
30 14 40
31 14 40
31 11 39
29 14 39
29 14 40
29 15 39
30 16 41
29 13 42
31 13 43
33 17 44
32 17 46
32 20 48
34 21 48
33 23 47
34 21 49
33 24 50
34 25 51
33 26 51
33 26 52
33 28 52
34 28 54
34 31 51
33 32 52
34 31 53
34 32 53
33 35 53
32 35 53
32 35 53
32 38 53
32 36 53
32 37 52
33 38 52
31 41 52
30 41 51
31 42 51
31 42 50
31 44 51
30 41 52
31 41 51
31 41 49
31 42 50
30 42 49
31 42 50
31 42 50
31 43 50
31 43 50
32 42 50
31 43 49
31 44 50
31 44 50
32 44 49
32 43 49
31 45 48
31 44 49
31 43 49
31 45 49
31 46 49
31 46 47
31 44 47
31 46 48
30 45 48
31 46 49
32 44 49
30 46 48
31 49 48
31 49 47
31 49 47
31 50 46
34 49 47
32 48 47
32 48 47
32 47 45
33 48 46
33 46 46
34 48 46
32 49 45
35 47 45
34 48 45
34 45 46
34 48 47
35 46 46
34 47 46
34 47 46
35 48 46
34 47 45
35 44 47
34 47 47
35 47 48
37 45 49
35 47 49
36 46 48
37 45 48
35 46 49
37 45 50
36 43 49
35 44 48
37 44 50
39 41 48
37 43 49
37 41 49
36 40 48
36 41 50
36 41 48
36 42 50
36 45 50
36 45 51
36 43 50
37 41 50
36 40 50
36 40 49
36 41 50
35 41 48
35 41 49
35 41 49
34 42 48
34 44 49
34 42 51
34 40 49
33 43 49
33 43 52
33 41 51
33 43 51
34 42 54
33 41 53
32 41 53
32 39 52
33 37 52
33 35 52
33 37 52
31 38 55
29 40 54
31 33 52
27 39 52
31 33 52
28 36 52
30 38 53
30 37 52
31 35 54
30 37 54
30 39 54
30 39 52
30 40 51
30 41 49
29 39 49
30 39 49
28 38 50
30 39 53
28 39 53
31 41 51
31 39 51
30 39 51
30 40 51
30 41 52
29 38 52
30 37 51
29 39 52
32 40 52
31 39 52
31 41 52
30 40 50
32 38 51
32 38 52
31 38 51
31 39 51
30 39 52
30 39 51
32 39 52
31 39 52
32 39 52
31 39 52
31 38 51
31 39 52
31 38 52
31 38 53
31 38 51
32 38 52
31 40 52
32 38 52
31 38 51
30 40 52
31 40 52
32 39 51
30 38 51
32 37 52
30 39 51
31 40 50
31 39 51
31 37 52
31 39 52
31 38 52
31 38 52
30 39 52
31 39 53
31 39 52
30 39 52
31 38 51
31 38 51
31 39 52
30 39 52
31 38 53
32 39 51
31 39 52
32 38 52
32 38 52
31 38 52
31 38 51
32 39 52
32 39 52
31 39 52
31 39 51
30 38 53
31 38 53
31 37 51
31 40 51
31 37 52
31 39 51
31 37 51
31 37 52
32 39 52
28 39 51
31 39 53
31 39 52
31 38 52
30 39 53
32 39 51
31 39 52
31 38 52
30 38 51
31 38 52
31 39 52
31 38 52
31 37 52
33 39 52
31 38 52
31 38 51
31 37 52
32 40 52
32 38 52
32 39 53
31 39 51
30 38 52
31 38 52
31 37 52
32 39 52
31 39 51
30 38 52
31 37 52
31 38 53
31 40 52
31 38 52
32 38 52
31 38 53
30 39 51
30 38 52
31 39 51
31 38 52
30 38 52
31 38 52
31 38 51
30 37 52
31 37 52
32 38 52
31 39 52
31 39 52
31 37 52
30 38 52
31 37 52
31 39 52
32 39 52
32 37 52
31 38 52
30 38 52
32 39 53
31 38 52
31 38 53
32 38 52
31 38 51
31 39 51
31 39 52
32 39 53
32 38 53
31 39 52
33 36 52
31 40 52
32 38 53
32 38 52
31 38 52
31 38 52
31 39 52
31 38 52
31 37 52
30 37 52
32 38 52
31 39 52
32 38 52
31 38 51
31 38 52
32 38 52
32 39 51
32 39 52
32 39 52
32 38 52
31 38 52
32 37 53
31 38 52
30 38 52
32 39 51
32 39 52
30 38 52
31 38 53
31 38 51
31 38 52
32 38 52
31 38 52
31 39 52
31 39 51
30 39 52
31 39 52
32 38 51
32 38 51
31 39 51
32 39 51
31 38 52
32 38 52
31 38 52
30 38 51
31 39 52
31 39 52
32 38 51
31 39 52
30 38 52
31 38 52
30 39 51
32 39 52
31 39 52
32 38 52
31 38 53
31 38 52
30 38 52
30 39 52
32 37 51
31 39 52
31 38 52
30 38 53
31 38 52
30 38 52
31 39 52
32 39 52
31 38 51
30 37 52
30 38 52
30 39 52
32 39 52
31 40 52
30 39 52
32 39 52
31 40 52
30 39 52
31 39 52
31 38 52
31 38 51
31 38 52
31 38 52
32 39 50
31 39 53
31 39 52
32 38 51
31 39 51
32 39 52
31 38 52
31 39 53
31 38 52
32 39 52
32 38 52
31 38 51
30 39 52
32 39 52
31 39 53
31 38 52
32 39 53
30 37 52
30 39 52
31 38 52
30 38 52
32 38 52
31 38 53
31 38 52
32 39 52
30 38 52
31 39 52
31 38 52
31 38 52
32 37 52
30 38 52
31 38 51
31 37 52
31 39 52
31 38 52
32 38 52
32 38 52
30 39 52
30 39 52
32 39 52
32 37 51
31 39 53
31 37 52
31 38 52
33 38 52
30 40 52
31 38 52
31 38 52
31 38 51
32 38 51
33 37 52
31 39 52
31 39 51
31 38 53
31 38 52
31 37 53
31 39 51
32 39 51
31 39 52
32 38 52
32 38 52
32 38 51
31 39 52
31 38 51
31 38 52
32 38 52
30 37 52
32 37 52
32 38 51
31 38 52
31 39 52
32 38 51
30 38 52
32 39 52
32 38 52
32 39 51
31 37 52
31 39 52
31 38 53
32 39 52
32 38 52
31 38 52
31 41 52
32 38 52
32 39 52
31 38 51
30 38 52
31 37 52
31 37 52
33 39 52
32 39 52
31 38 52
32 39 52
31 38 51
32 38 52
32 37 52
32 38 51
31 38 52
31 37 52
32 38 52
31 39 52
31 37 52
33 39 53
32 38 52
31 38 52
32 38 51
31 38 52
32 38 51
32 39 52
32 37 52
32 38 52
31 39 52
32 37 52
32 38 53
31 38 51
32 38 52
33 38 52
32 37 51
31 39 53
31 38 52
32 37 52
31 39 52
31 38 52
31 38 52
32 39 53
31 40 51
31 37 53
32 37 52
32 39 52
31 37 52
31 38 52
31 40 52
31 37 51
30 39 51
31 37 52
32 38 52
31 38 52
32 39 51
33 38 51
33 37 52
31 37 51
32 38 52
32 38 53
32 37 53
32 38 52
31 38 52
31 38 51
32 38 52
31 38 52
31 38 52
32 38 52
31 38 53
31 39 52
31 38 52
31 39 52
31 38 52
32 37 52
32 40 52
32 38 51
32 38 52
31 38 52
32 37 52
32 38 52
31 38 52
32 38 52
31 38 52
31 38 52
32 39 52
32 38 52
31 39 51
31 38 52
32 38 52
32 39 51
32 38 52
32 39 52
31 37 52
31 38 52
32 39 52
30 39 51
32 39 52
31 38 52
33 38 52
31 37 53
31 38 52
31 39 53
33 38 53
31 39 52
32 38 52
32 38 52
32 38 52
31 39 52
32 39 52
32 38 51
32 39 52
30 38 52
30 38 52
31 38 52
32 39 52
32 38 53
31 38 52
31 38 51
30 37 52
31 39 52
31 39 51
31 39 51
32 37 52
31 38 53
32 37 52
32 37 52
33 38 52
33 38 52
31 37 52
32 37 51
32 38 52
32 38 52
31 38 52
32 38 52
32 37 52
30 38 52
32 38 52
31 39 51
32 38 52
31 38 52
33 39 52
32 38 53
31 37 51
31 38 52
31 38 52
32 39 52
32 38 52
32 38 52
31 38 53
31 38 52
32 37 53
33 37 52
31 38 53
32 37 51
32 38 53
31 37 52
31 37 52
32 37 52
32 38 53
32 37 53
32 38 52
31 38 53
30 38 52
31 37 52
32 38 52
31 38 51
31 38 52
30 38 53
32 37 52
32 38 53
31 39 53
32 37 52
32 38 52
32 39 52
32 37 53
33 38 51
32 38 52
33 37 52
32 37 52
31 39 52
32 36 52
32 37 52
32 37 52
32 37 52
32 38 52
31 38 53
32 37 52
32 38 53
32 37 52
33 39 53
32 38 53
31 37 52
31 38 52
32 38 52
32 38 52
31 37 53
32 36 52
33 38 52
32 38 52
31 36 52
32 36 52
32 37 53
32 36 53
32 38 53
32 39 54
32 40 53
32 39 54
32 40 53
34 37 53
35 38 53
34 39 52
35 38 52
36 37 52
36 36 51
37 32 51
37 30 51
37 28 50
36 27 49
35 26 51
36 26 51
36 26 50
36 25 51
36 28 50
36 26 52
36 24 51
37 24 51
36 25 51
36 24 51
36 23 49
35 22 50
34 22 50
33 22 50
32 22 49
34 22 50
35 22 51
34 23 50
33 24 47
36 25 49
37 23 50
36 23 50
37 23 50
37 22 50
36 21 50
35 21 50
34 22 49
35 22 49
36 20 50
36 20 50
36 22 49
38 21 49
35 21 49
36 20 48
37 21 48
36 21 48
37 21 48
36 20 49
36 20 48
36 18 47
36 19 46
35 18 46
35 19 45
35 20 45
35 18 47
35 18 46
35 17 46
35 18 46
35 18 46
34 18 47
35 17 47
34 17 48
34 18 46
35 17 45
34 16 46
33 17 46
32 18 45
34 16 46
34 16 45
32 17 44
33 15 44
34 16 44
33 16 44
34 14 43
35 16 43
35 17 40
36 13 42
29 02 49
32 16 43
31 17 42
32 15 45
32 17 45
33 16 46
33 18 46
34 17 44
30 14 44
30 13 42
30 13 40
29 12 39
29 12 39
31 13 41
31 15 42
31 13 42
33 13 42
31 14 43
31 14 43
31 14 43
30 14 41
29 13 40
29 14 40
29 13 39
30 12 40
31 11 43
31 14 42
30 15 44
30 16 43
29 15 42
30 13 40
29 11 40
29 14 39
29 14 40
30 13 41
31 13 40
30 12 39
30 14 40
31 13 43
30 15 42
31 16 41
29 14 41
30 13 39
28 13 39
29 14 38
30 13 39
31 14 40
30 14 41
31 13 42
30 13 41
31 14 42
30 14 42
31 13 41
30 13 40
28 12 38
28 13 40
31 14 41
32 14 40
32 14 42
31 13 40
31 14 42
32 13 43
32 13 42
30 13 39
29 12 39
30 13 40
31 15 40
32 16 41
31 14 42
32 13 41
30 13 41
30 13 41
30 13 41
29 13 41
30 13 40
32 12 40
32 14 41
31 13 41
31 13 41
30 13 39
29 12 39
28 12 40
26 14 40
29 15 40
31 14 42
33 17 46
32 22 47
34 21 48
35 22 49
34 27 50
33 28 52
32 29 51
33 29 52
33 33 51
33 33 54
33 34 53
33 33 54
34 34 54
32 34 53
32 37 53
33 37 52
31 36 53
32 37 52
31 38 53
31 40 53
31 39 52
31 40 53
31 41 52
31 41 51
30 43 51
31 43 51
32 43 49
31 45 50
31 43 50
33 43 49
31 43 49
31 42 48
32 42 48
31 43 49
29 46 48
29 48 49
31 49 49
30 49 48
30 49 48
32 47 48
32 47 47
32 48 47
31 47 46
33 46 48
34 46 47
33 45 47
34 46 48
33 46 48
35 46 47
34 45 48
35 43 48
34 43 48
34 47 48
35 43 50
35 46 48
34 45 49
35 42 52
36 45 48
35 44 49
36 41 51
34 43 47
36 43 49
36 42 50
37 42 49
37 39 49
36 41 51
37 42 50
36 42 50
36 42 49
35 39 51
35 39 50
35 41 50
36 39 50
35 42 51
36 43 50
35 42 49
35 43 49
35 43 50
36 41 50
34 41 47
36 44 50
36 40 50
36 41 48
35 42 49
34 40 51
34 42 50
34 42 50
35 40 51
32 41 50
32 43 52
33 42 54
30 45 55
32 43 52
34 40 50
33 42 49
32 40 52
32 38 53
31 38 52
30 40 52
32 38 51
29 42 50
30 40 50
30 40 52
31 40 51
31 42 51
31 39 51
31 39 52
30 40 52
31 41 51
30 40 51
30 40 51
30 40 51
29 40 50
30 40 51
30 40 51
30 41 51
31 41 51
31 39 51
29 42 51
31 40 51
30 40 51
30 40 52
30 40 51
31 40 52
30 39 51
31 42 51
29 40 53
30 40 51
30 41 51
31 40 51
31 40 51
31 40 51
30 40 50
31 41 50
31 40 51
32 40 50
30 40 52
31 40 50
30 41 51
30 41 50
30 40 51
30 39 52
31 40 51
31 39 52
31 38 51
30 40 51
31 39 52
31 41 51
31 40 52
31 40 52
32 40 51
30 40 52
30 39 51
31 40 51
30 41 51
30 40 51
31 40 52
31 40 52
29 39 52
30 39 50
30 40 51
31 39 51
31 38 51
30 40 51
30 40 52
30 41 51
30 40 52
30 40 51
30 39 52
31 40 51
31 40 52
30 38 51
30 39 52
30 39 51
30 40 51
31 40 52
30 39 52
31 41 52
31 41 52
31 39 51
30 39 51
31 39 51
31 38 52
30 41 52
29 39 51
31 40 52
31 40 51
31 40 50
30 39 52
31 39 51
31 41 52
30 40 52
31 39 51
31 40 50
30 39 52
30 41 52
32 39 52
30 40 52
31 38 51
29 38 52
31 39 51
30 40 52
32 39 52
32 39 51
31 39 52
30 40 52
31 39 51
31 40 51
31 40 51
31 39 52
30 39 50
31 40 51
29 39 51
30 40 51
32 40 52
31 40 51
30 38 52
31 39 51
33 40 50
31 39 52
31 39 51
30 39 52
30 39 52
31 38 52
30 40 52
31 39 51
31 40 51
30 39 51
31 39 51
30 39 52
31 39 52
30 38 52
30 39 52
32 39 52
31 39 52
31 39 51
30 39 52
30 39 51
30 39 52
31 38 52
31 40 52
31 39 51
31 39 51
31 39 52
30 40 51
30 40 51
31 39 52
32 39 51
31 39 53
31 40 52
30 38 51
31 39 52
32 40 52
31 39 52
31 39 51
31 39 52
31 40 51
30 39 51
30 39 51
32 38 53
30 39 52
31 39 51
31 39 52
30 39 52
31 38 52
30 39 51
30 39 51
30 39 51
30 40 51
30 39 52
31 39 51
30 39 51
31 38 51
30 38 52
31 38 52
32 39 52
31 39 52
30 40 52
30 39 52
32 39 51
30 39 51
31 39 51
31 39 51
31 39 52
30 38 51
30 39 52
30 38 52
30 39 52
30 39 51
31 38 51
31 38 52
31 39 52
31 39 52
30 39 52
33 38 52
31 38 51
31 40 52
31 38 51
30 40 51
30 40 51
30 39 52
31 38 50
30 40 52
31 40 52
32 38 51
30 39 53
30 38 52
31 38 51
31 39 50
31 40 51
30 39 51
32 39 51
32 41 51
31 40 52
31 40 52
31 40 52
31 40 51
32 40 52
32 40 52
32 39 52
31 40 52
31 38 52
32 39 51
32 39 51
32 39 52
32 39 51
31 38 52
30 38 51
33 40 51
32 39 52
31 39 52
31 37 52
32 38 52
31 38 52
31 38 52
32 38 53
31 39 52
31 38 50
32 38 52
31 37 52
31 38 52
31 38 53
32 38 51
31 38 52
30 40 52
30 38 52
31 39 52
31 38 52
31 38 53
31 37 52
31 38 52
31 38 53
32 38 51
31 38 53
32 37 52
32 38 53
30 37 53
31 38 52
31 37 52
31 38 51
32 38 52
31 37 52
30 37 52
32 37 52
31 36 53
30 37 52
32 38 52
31 38 52
31 38 53
30 37 52
32 39 52
31 38 51
32 39 53
31 38 52
30 37 52
31 37 52
31 37 52
32 38 53
32 38 52
31 37 52
30 37 52
30 37 52
31 37 52
30 37 52
30 38 52
31 39 52
31 38 52
31 37 52
32 37 52
31 37 52
31 38 53
32 38 53
32 39 51
31 37 52
31 37 52
30 37 52
31 38 52
32 38 52
32 37 52
31 39 52
31 37 50
31 38 52
32 38 51
32 37 51
30 37 52
30 39 52
31 38 52
32 38 52
31 39 52
30 38 53
31 36 52
30 38 51
31 38 51
32 38 52
31 39 52
30 38 52
30 39 52
30 37 52
30 38 52
31 39 52
30 37 52
31 39 52
31 38 52
32 38 53
31 38 51
31 38 52
31 37 52
30 38 51
32 37 52
31 37 52
32 38 52
32 37 53
31 38 52
31 38 52
32 37 52
31 38 52
30 40 53
31 38 53
31 38 52
30 38 52
32 38 51
31 38 52
30 37 53
31 37 52
29 38 51
31 38 52
32 38 51
31 37 53
30 38 52
32 38 52
33 38 53
31 37 52
32 38 51
31 38 52
31 37 52
33 40 52
32 38 53
31 39 52
30 37 51
31 39 52
30 38 51
30 38 52
30 38 52
31 37 51
32 36 52
31 37 53
30 38 52
31 38 52
31 37 52
32 38 52
30 36 51
31 37 52
30 39 52
31 38 52
30 37 52
32 38 52
32 37 51
30 38 52
31 39 53
32 37 53
31 38 52
32 37 52
31 38 52
31 38 53
31 37 53
31 37 52
31 37 52
32 38 52
32 38 52
31 37 51
31 37 52
31 38 52
31 38 52
31 38 53
30 38 52
31 37 51
31 38 52
31 37 52
32 38 52
31 37 53
31 39 52
32 37 52
32 37 51
31 37 52
32 37 52
31 38 52
32 38 52
32 38 52
31 37 53
31 39 52
30 38 52
31 37 52
32 38 52
31 37 52
31 38 53
32 36 53
30 38 53
31 38 52
32 38 52
31 37 53
30 37 53
31 37 54
31 38 54
31 40 54
29 40 52
31 39 56
32 40 55
33 39 54
34 36 54
36 33 53
37 32 52
37 30 51
38 30 51
39 28 50
38 25 50
37 24 49
38 23 48
37 24 47
35 21 46
37 21 47
35 21 47
34 21 46
35 20 48
36 20 49
35 20 48
34 19 48
36 18 48
34 18 47
34 18 47
33 18 47
33 17 47
33 18 46
32 16 46
33 16 46
33 18 45
34 17 46
32 17 45
32 17 46
33 16 45
34 16 45
32 15 45
32 16 44
31 15 46
32 15 43
31 15 42
32 14 44
31 16 44
32 14 42
32 12 42
30 14 40
29 13 41
29 13 39
29 14 40
29 12 39
28 15 41
30 16 42
29 14 41
29 13 43
29 14 41
29 13 41
29 12 40
29 15 40
27 14 40
27 16 40
29 14 40
29 13 39
29 14 39
30 12 39
31 15 43
28 14 44
30 13 42
29 12 39
28 13 39
31 14 39
29 15 39
31 14 41
31 13 42
30 14 42
29 14 42
30 13 39
29 11 38
27 13 40
27 15 39
27 13 40
30 16 40
29 15 39
29 14 41
32 13 42
31 11 42
30 11 41
31 13 41
29 13 41
27 15 39
29 12 41
30 14 38
28 12 41
29 12 41
33 14 42
31 14 42
30 10 40
29 14 41
28 14 40
28 13 39
28 17 38
29 16 42
31 13 42
29 12 40
30 13 42
32 14 43
30 14 40
26 11 39
29 11 40
27 14 39
28 14 38
28 15 40
30 15 41
30 14 42
30 13 41
30 14 43
29 14 41
29 13 39
29 11 40
28 13 40
29 14 40
29 14 40
30 12 42
29 13 41
32 12 42
30 14 42
30 13 40
27 13 39
27 14 40
29 12 40
32 14 40
30 15 42
29 14 41
29 12 40
31 14 42
32 12 43
30 11 39
30 13 39
29 13 41
30 14 40
30 13 40
32 13 42
32 13 41
30 13 41
29 13 42
31 12 40
29 11 39
29 13 40
28 13 38
31 14 40
31 15 41
31 12 41
30 13 39
28 12 42
29 13 40
30 13 38
29 11 39
29 14 39
31 16 40
31 15 42
29 12 41
31 12 40
30 12 41
31 13 40
31 13 41
30 12 39
30 13 39
30 14 41
30 14 40
28 16 40
29 17 39
32 13 39
32 12 39
32 13 42
31 13 41
33 15 42
31 13 41
33 14 42
34 17 43
34 17 44
36 22 48
34 26 51
35 26 53
35 25 51
35 28 52
35 29 54
35 30 53
34 31 53
34 33 54
34 32 54
34 33 53
34 33 52
34 35 53
35 36 53
34 35 53
33 36 52
34 36 53
34 36 53
35 35 52
33 36 53
33 35 52
34 37 53
33 37 53
33 39 54
33 38 53
34 39 53
34 40 53
34 40 53
35 41 53
35 40 53
36 39 53
37 38 52
37 37 52
38 37 51
38 38 51
38 38 51
39 35 51
39 36 51
38 37 50
40 35 49
39 36 50
40 37 50
39 37 49
40 36 50
39 38 50
40 41 49
39 40 49
39 42 49
39 41 51
38 43 51
37 42 49
38 41 49
39 39 50
38 43 52
39 44 48
38 45 49
39 42 48
38 44 49
38 43 49
40 41 49
38 42 48
39 43 49
39 42 50
37 43 48
36 44 48
38 39 48
36 41 46
35 44 49
34 43 50
36 43 47
35 45 50
35 42 49
34 45 50
33 45 51
36 44 51
33 44 49
34 46 49
35 42 49
34 43 49
32 43 49
33 41 50
32 45 51
32 42 52
33 41 52
31 40 49
32 44 52
33 37 50
33 40 51
32 38 52
33 37 53
32 39 52
33 38 53
34 35 51
33 37 51
31 37 52
31 37 53
30 38 52
31 38 52
31 38 52
31 37 52
33 35 52
32 36 52
32 37 52
31 37 52
32 37 53
32 36 52
31 37 52
31 37 52
33 36 52
31 37 52
31 37 52
32 36 52
32 38 53
31 37 52
31 37 51
32 37 53
32 38 53
33 38 53
32 37 53
32 37 52
31 38 51
32 37 52
31 37 53
32 37 52
33 37 52
31 36 51
32 36 52
31 37 52
33 37 53
32 36 52
31 37 52
31 38 52
32 36 51
31 37 53
31 37 54
32 38 51
31 37 52
32 38 52
33 37 51
32 36 51
32 36 52
32 37 53
31 37 51
31 35 52
32 37 52
32 38 53
32 37 52
32 36 52
31 38 52
32 37 52
32 38 52
32 37 53
31 37 51
31 37 52
31 37 53
32 36 53
32 37 52
31 38 52
31 37 53
32 38 53
32 38 52
32 36 52
33 37 52
33 37 52
32 38 53
32 35 52
31 37 53
32 38 51
33 37 53
32 37 52
32 36 52
32 36 52
32 37 53
30 36 53
33 36 53
32 38 53
32 36 52
31 37 52
31 36 52
33 37 53
33 38 52
33 38 52
33 37 52
32 38 52
31 35 53
32 36 52
32 37 52
32 36 53
30 36 52
32 36 52
32 36 52
32 37 53
31 37 52
32 37 53
33 36 52
32 37 52
32 37 52
31 36 53
32 36 52
32 37 51
32 37 52
32 37 52
32 37 51
32 36 52
31 37 52
32 37 52
32 35 52
32 36 53
33 36 53
34 36 53
32 37 52
31 36 52
31 37 53
32 36 52
32 37 52
33 37 54
32 35 53
31 36 52
32 36 52
33 35 52
32 37 53
32 36 53
33 37 53
32 37 53
32 36 52
31 36 53
32 37 52
32 36 53
33 36 53
33 36 53
31 36 52
32 36 52
32 37 53
31 36 53
32 36 53
32 37 52
32 35 52
32 35 53
32 37 52
33 35 51
31 36 53
32 36 52
33 37 52
32 36 53
32 36 52
32 37 52
32 35 53
31 36 53
32 36 53
33 36 52
32 35 53
31 36 52
33 36 53
32 36 52
33 36 53
31 37 52
31 36 52
32 36 53
33 37 53
31 37 53
34 37 53
32 37 53
33 35 52
33 36 51
33 35 53
31 36 51
33 35 52
32 36 53
32 36 54
32 36 52
33 35 52
33 35 52
34 37 53
31 36 53
32 37 52
33 36 52
32 36 53
32 35 52
31 36 52
32 36 51
32 37 53
32 36 52
32 37 53
32 37 52
33 36 53
32 36 53
32 35 52
31 35 53
33 35 52
33 36 52
33 36 53
33 36 53
32 37 52
33 36 52
32 37 52
32 36 52
33 36 52
31 36 52
32 35 53
31 37 53
30 36 53
32 37 52
32 37 52
31 35 52
32 36 52
32 35 52
32 36 52
32 36 53
33 36 52
31 36 53
32 36 52
31 36 53
31 36 52
32 35 52
32 36 52
32 36 52
32 37 52
32 35 52
33 37 54
33 36 52
32 36 52
33 37 53
32 36 52
33 37 53
32 36 52
32 35 52
32 37 52
32 36 53
32 36 52
32 36 53
32 36 52
33 36 52
33 36 52
33 36 52
32 35 52
32 36 53
32 37 52
31 34 52
32 36 53
32 36 53
32 36 53
33 35 53
33 35 51
32 36 53
32 36 52
32 36 51
32 35 52
31 37 53
32 35 52
32 37 53
32 36 51
31 37 52
33 35 51
34 36 51
33 36 53
32 36 52
31 36 52
33 35 53
32 36 51
32 35 52
33 36 52
32 36 53
31 37 53
32 36 52
33 36 53
32 35 53
33 36 52
32 34 53
32 36 53
33 37 53
31 36 52
33 35 53
31 37 53
32 36 52
33 36 52
32 35 53
33 36 52
33 36 52
33 36 53
32 35 53
34 36 52
32 36 51
32 35 52
32 36 53
32 35 52
32 37 53
33 36 52
31 35 53
33 35 53
32 36 53
33 35 53
32 36 53
32 37 53
32 36 52
31 36 53
32 37 52
33 36 53
32 36 52
33 34 52
33 36 52
31 36 52
33 35 53
32 36 53
32 37 53
31 36 52
32 36 52
32 36 53
34 36 52
32 37 52
32 35 53
33 36 53
32 36 53
32 35 53
31 35 53
32 35 52
33 36 53
32 35 52
33 37 52
33 35 52
32 36 53
31 37 51
32 36 52
32 36 53
32 35 52
32 36 52
33 36 52
32 36 52
32 35 53
32 35 52
32 36 53
31 35 52
31 36 53
32 36 53
33 37 52
32 36 52
32 37 53
30 36 53
33 37 53
33 37 53
32 35 52
32 36 53
32 36 52
31 35 53
32 37 53
32 35 51
32 35 52
32 36 53
32 37 53
32 36 52
32 36 52
33 35 53
32 35 52
32 37 52
33 36 53
32 35 52
32 36 53
32 36 53
31 35 52
32 36 52
33 36 52
32 35 53
32 35 52
32 35 52
32 35 52
33 36 52
33 35 52
33 37 53
33 37 53
32 35 52
32 34 52
32 35 53
33 35 52
33 35 53
32 35 54
31 35 53
32 36 53
33 36 53
33 36 53
32 35 53
33 35 52
33 37 52
32 36 52
33 36 53
33 36 53
32 35 52
32 35 52
33 35 52
33 35 52
33 36 53
31 35 52
32 35 53
32 36 53
32 36 53
33 36 52
33 36 52
33 36 53
31 35 53
32 35 52
32 35 52
32 35 53
32 35 53
34 35 53
33 35 53
32 35 52
33 35 52
33 36 52
33 36 53
32 37 52
33 35 53
33 35 51
32 35 52
33 36 53
32 35 52
32 35 52
32 35 53
32 35 52
33 36 52
33 35 53
33 36 53
33 35 52
33 35 52
33 35 52
32 36 53
32 35 52
32 35 52
33 36 54
33 35 52
33 34 53
33 35 53
32 36 52
31 36 52
31 35 53
34 35 52
31 36 52
34 35 53
33 34 53
33 35 52
32 36 53
33 35 51
33 36 53
33 37 52
33 35 52
32 34 52
32 35 53
32 35 53
33 35 53
33 35 52
32 35 53
34 35 53
33 36 52
32 36 52
32 36 53
32 35 53
32 34 53
33 35 53
31 35 53
33 36 52
32 35 53
34 35 52
34 36 52
33 35 53
33 35 53
33 35 53
33 36 52
32 36 52
34 35 52
32 35 52
33 35 53
33 36 53
33 36 52
32 34 53
32 36 53
32 35 53
33 35 53
34 35 52
33 35 53
33 35 52
34 36 53
34 35 53
33 35 52
33 35 53
34 37 52
33 34 52
33 35 53
33 35 52
33 36 52
33 34 53
33 35 52
32 35 53
33 34 52
33 35 53
33 35 54
33 39 56
34 37 55
36 37 54
36 37 54
35 35 53
36 32 52
37 29 52
36 27 52
36 27 50
36 27 50
35 25 49
35 26 50
35 26 49
35 25 49
34 25 47
36 21 49
36 25 50
36 22 50
37 20 50
36 24 49
35 20 50
36 18 48
37 20 48
36 20 49
36 20 47
37 20 47
36 20 47
35 18 48
35 18 48
34 19 48
35 19 48
35 19 48
34 19 47
34 18 47
34 18 47
34 18 46
34 18 47
33 17 47
33 18 47
33 18 47
35 18 46
34 17 45
34 16 46
35 17 46
34 16 46
33 16 45
32 17 43
31 14 41
33 15 42
34 14 37
35 09 50
32 15 44
31 13 39
29 11 37
31 13 41
31 15 42
32 14 44
32 16 43
31 12 41
32 14 42
30 15 42
31 15 41
31 14 41
30 12 39
31 13 40
32 15 41
30 13 39
31 14 41
30 14 42
30 14 43
31 14 42
30 13 41
29 13 39
29 13 39
28 13 39
30 13 40
32 14 41
31 12 40
32 13 42
30 14 42
31 13 43
30 13 41
32 13 41
30 13 39
30 15 38
30 14 39
32 13 40
31 11 40
32 15 41
33 12 42
31 12 40
32 12 41
32 13 41
30 13 40
30 11 39
31 12 39
32 12 42
32 14 42
32 14 41
31 12 41
32 14 41
32 12 41
31 12 41
31 13 40
31 12 39
31 13 40
32 14 40
32 14 40
31 15 41
31 14 41
33 14 41
33 14 41
32 15 42
32 16 43
34 16 42
33 16 44
33 14 44
34 17 42
35 16 44
34 19 46
36 17 47
35 18 49
34 20 50
34 24 52
35 27 51
35 26 52
35 26 52
34 28 52
35 29 51
36 31 52
35 31 53
35 33 53
34 34 54
34 34 55
35 33 55
35 32 54
34 30 54
36 32 52
35 31 53
36 30 53
36 31 53
36 31 52
36 31 53
35 31 53
34 31 52
34 32 53
35 31 53
36 31 52
35 31 54
35 31 53
35 31 53
34 31 52
35 31 53
34 32 53
34 31 53
33 32 52
35 35 52
35 33 53
35 34 53
35 34 53
35 33 53
36 34 52
35 36 52
35 34 53
36 35 53
36 36 52
36 37 52
36 36 53
37 37 52
37 38 53
36 36 52
38 37 52
38 37 52
38 37 51
38 37 51
38 35 51
39 35 50
39 35 49
40 35 50
39 35 50
40 36 50
39 37 51
39 37 49
40 38 51
41 37 51
40 38 51
38 39 51
39 36 50
40 38 50
40 37 50
39 38 51
38 41 52
39 40 51
40 38 50
40 39 51
40 37 49
38 39 50
40 38 52
39 37 52
39 38 51
38 40 50
39 38 52
39 36 50
37 38 49
38 39 52
38 36 47
33 43 46
35 40 50
33 39 50
33 41 52
33 44 52
34 41 52
32 43 51
34 43 52
34 43 53
35 42 53
35 42 55
34 38 50
33 42 51
33 36 51
33 37 52
32 37 53
31 36 53
32 36 52
30 38 52
29 36 53
30 37 53
31 36 53
31 37 52
32 36 52
32 36 53
30 38 52
32 34 53
30 36 52
32 37 52
31 38 52
31 37 53
31 36 53
31 36 53
30 36 52
31 36 51
31 36 53
31 36 52
31 36 52
30 37 52
31 36 51
30 36 52
32 37 53
30 36 53
32 36 52
30 35 53
31 35 52
31 36 53
32 35 52
31 36 53
33 36 52
31 36 52
31 34 52
31 37 52
31 36 52
30 36 52
31 37 52
31 36 52
31 36 51
30 36 52
31 35 52
31 36 51
30 37 52
31 36 53
30 36 52
32 36 53
30 35 52
32 37 53
32 36 53
30 37 53
31 36 53
31 38 52
31 36 52
31 37 52
31 35 53
32 36 53
31 37 53
31 36 52
31 36 52
31 37 52
31 35 53
31 37 52
31 36 52
32 37 53
31 37 52
29 36 53
31 36 52
31 35 52
31 35 52
32 36 52
32 35 52
30 36 52
31 37 52
33 36 52
31 35 52
30 36 52
32 36 52
29 36 52
32 36 53
31 36 54
32 36 52
31 36 52
31 37 52
31 36 52
32 35 53
31 35 54
32 36 53
32 35 52
32 36 53
30 36 53
32 36 52
31 35 53
32 35 53
32 36 52
31 36 52
30 35 52
32 37 53
32 36 52
31 36 53
31 36 52
31 36 52
30 35 53
32 36 54
31 35 52
32 35 53
33 35 52
31 35 53
31 36 51
30 35 53
31 36 52
32 37 53
31 36 53
31 36 52
31 36 52
31 36 52
31 36 53
32 36 52
31 36 51
32 36 52
31 35 53
32 37 52
32 36 53
31 37 52
32 35 53
31 35 52
32 37 52
33 35 52
32 36 52
31 36 53
32 35 52
32 37 53
32 36 53
31 35 53
31 36 53
30 35 52
33 36 53
31 36 52
32 36 53
31 35 52
32 37 52
31 36 52
31 36 52
32 35 53
31 35 52
32 35 53
33 35 53
32 35 52
33 35 52
31 35 53
31 35 52
32 36 52
33 36 53
33 36 52
31 36 52
33 37 53
32 36 52
32 37 52
32 36 54
32 37 52
32 36 52
32 36 53
32 34 53
33 34 53
33 36 53
33 35 53
33 35 53
33 36 53
32 35 54
33 34 51
32 36 52
33 35 53
33 35 52
34 35 53
32 35 53
32 35 53
33 35 52
33 36 53
32 34 53
32 36 52
32 34 53
33 35 52
33 35 52
34 34 52
33 35 52
33 35 52
33 36 53
33 36 52
32 34 52
31 36 52
34 36 53
31 36 52
32 34 54
33 35 53
33 35 52
32 36 52
33 34 53
33 35 51
33 34 52
33 35 53
33 34 52
33 35 53
33 35 53
33 36 53
34 36 52
32 35 53
32 35 53
33 35 53
33 34 53
32 35 52
32 35 53
34 34 52
32 35 52
33 34 52
33 35 53
32 34 53
33 36 52
33 34 52
33 35 53
33 34 52
34 34 52
32 35 52
33 34 53
33 34 52
33 35 52
33 34 53
33 34 53
33 35 51
33 34 53
33 35 53
33 35 53
33 34 52
33 34 53
33 34 52
33 33 53
32 34 53
33 35 53
33 33 52
33 34 53
33 33 53
33 34 52
32 33 52
33 34 53
32 35 52
32 35 53
33 34 54
33 34 53
32 34 53
33 33 53
32 35 53
33 34 53
33 34 53
33 34 53
33 34 52
32 34 53
33 33 53
32 33 53
32 35 53
33 33 53
32 34 53
33 34 54
32 33 53
33 33 52
33 33 53
33 33 52
33 33 52
32 33 52
33 34 52
33 34 52
33 35 52
32 33 53
33 33 53
33 34 53
32 34 53
32 34 53
32 34 53
33 34 52
32 33 53
33 33 52
33 35 53
32 32 53
32 34 53
32 33 53
34 33 52
32 33 53
33 34 53
33 35 53
33 34 53
33 34 53
32 35 53
32 33 53
33 35 53
32 33 54
32 32 53
32 34 52
33 33 53
33 33 52
33 33 53
33 33 53
33 32 53
33 32 53
34 33 52
32 32 54
32 35 55
33 37 54
32 37 55
32 36 55
34 36 56
33 38 56
35 34 53
37 32 53
38 30 52
39 27 51
38 27 50
40 26 49
40 24 48
38 23 48
38 24 48
36 22 47
36 21 46
35 20 47
35 20 47
36 19 48
35 20 47
35 19 48
34 19 46
34 18 46
35 18 47
35 19 46
34 17 47
34 18 48
35 16 47
35 18 45
34 17 48
34 18 48
34 17 47
35 18 45
34 17 45
33 17 44
35 17 44
34 22 41
32 15 46
33 09 50
32 16 41
32 16 45
33 15 44
34 17 44
33 16 44
33 16 45
32 14 43
33 15 43
33 12 43
33 13 41
32 13 41
31 13 42
32 14 42
32 15 45
33 15 46
32 16 44
31 16 42
30 13 40
30 13 40
30 15 40
32 13 41
32 15 41
32 14 44
32 14 42
32 13 41
30 13 41
29 14 41
30 13 40
32 14 40
31 14 41
32 14 41
31 13 43
30 14 42
32 13 43
32 13 42
30 13 41
29 13 39
29 13 39
30 14 41
31 14 41
31 12 41
31 13 40
30 13 41
31 13 44
30 12 41
31 14 41
31 13 39
31 14 40
30 15 40
32 13 41
31 13 41
32 12 41
31 14 42
30 14 42
31 12 40
28 15 39
30 14 42
32 12 40
32 12 40
33 14 42
33 15 43
33 15 44
33 15 43
32 15 42
31 13 40
30 13 41
32 14 41
32 14 41
33 14 43
32 16 45
34 19 45
34 23 48
34 26 50
35 30 52
35 31 54
35 30 54
34 35 53
34 37 55
35 36 54
35 39 53
36 40 54
35 37 53
36 38 53
35 38 50
36 37 52
34 38 51
33 38 53
33 42 53
35 42 53
36 43 53
36 42 52
35 42 52
37 43 52
37 43 51
37 41 50
38 41 50
36 41 50
39 41 50
39 39 50
39 40 50
38 39 49
40 40 50
40 39 48
40 39 48
39 39 49
39 41 49
39 40 49
38 41 48
40 42 50
39 40 48
39 42 49
40 44 50
40 44 49
39 43 48
40 42 49
40 42 48
41 42 49
40 43 49
40 44 48
38 35 49
37 39 49
37 43 48
40 44 49
40 45 50
39 44 50
39 44 47
38 44 48
37 44 49
37 41 48
35 40 46
35 42 49
34 41 48
33 40 47
32 42 50
33 42 50
34 41 50
35 42 53
33 45 55
35 44 54
34 43 51
33 41 51
34 41 49
32 39 53
32 42 52
31 40 52
34 38 51
31 40 52
32 38 52
32 39 52
32 38 51
33 39 52
33 39 51
33 38 52
33 39 51
33 39 52
31 37 51
33 39 52
32 38 52
31 38 52
31 38 52
32 38 51
31 38 52
31 37 52
31 38 51
31 38 51
31 38 51
31 39 53
32 38 52
31 38 52
32 37 52
32 38 52
31 37 51
32 38 52
31 38 52
32 37 52
30 37 53
31 38 53
32 37 51
32 38 51
30 39 52
32 38 52
30 38 52
31 38 53
30 37 52
33 38 52
33 37 52
32 38 52
32 37 52
32 38 52
32 38 51
31 37 52
31 37 51
32 38 52
32 38 52
31 37 52
32 39 52
33 39 51
31 38 51
31 39 52
31 39 52
31 37 51
32 38 52
31 38 52
31 37 52
31 37 52
31 38 53
31 38 52
33 38 53
31 37 53
31 38 52
31 39 52
31 36 52
31 38 52
31 38 52
32 37 52
33 38 52
32 38 52
31 38 50
31 36 51
31 37 52
32 38 52
33 38 51
32 37 51
32 37 52
32 37 52
31 37 52
32 38 52
31 39 51
31 38 52
32 38 52
32 38 51
32 38 51
32 37 52
31 38 52
32 39 52
31 37 52
31 37 52
33 37 52
32 38 52
31 38 51
31 37 52
31 38 51
31 37 53
31 38 51
32 37 52
31 37 52
32 38 52
33 38 52
32 37 51
31 37 52
31 36 52
31 38 52
32 37 53
32 36 52
32 39 52
32 37 52
32 38 53
32 37 52
31 39 52
31 37 52
32 37 52
32 38 52
32 37 52
31 37 52
31 38 52
32 37 52
31 38 53
32 37 52
30 37 53
31 36 52
31 38 53
33 37 53
32 38 52
31 37 53
30 39 52
32 37 53
33 38 53
31 38 52
32 37 52
31 38 53
31 38 53
31 37 52
33 38 52
32 37 53
32 38 53
32 37 52
32 38 52
32 37 52
32 37 52
33 36 52
31 38 53
34 37 52
32 38 52
31 37 51
32 38 52
31 38 53
31 38 53
32 38 52
33 39 52
31 37 53
31 38 52
31 38 52
31 38 52
31 38 52
32 38 52
31 38 52
31 39 52
32 38 52
31 38 51
31 37 52
32 38 51
32 37 52
32 37 53
33 38 52
33 36 53
31 39 52
31 38 52
33 37 53
32 37 51
32 38 53
32 39 53
32 37 52
32 37 52
33 37 52
31 37 52
32 36 52
33 38 52
33 39 52
32 38 52
32 37 51
33 38 52
32 37 52
30 38 52
31 37 53
32 37 52
31 37 52
33 37 51
32 37 52
32 37 52
32 38 52
32 38 52
32 37 52
31 38 52
31 37 52
31 37 52
31 38 52
33 38 52
32 39 53
32 37 52
33 37 52
32 38 52
33 38 52
33 37 53
31 38 52
32 38 53
31 37 52
31 38 52
33 37 51
32 37 52
32 36 53
31 37 52
32 37 53
32 38 52
31 37 52
32 36 52
32 36 52
32 37 51
32 38 52
32 37 51
31 38 52
31 38 52
33 38 52
32 36 52
33 37 52
32 37 51
33 37 53
33 38 52
32 37 53
32 37 51
33 38 52
33 38 51
32 38 52
31 38 52
33 37 52
32 38 52
32 37 52
32 35 52
32 36 52
33 37 52
32 39 52
32 37 51
32 37 52
32 37 52
32 36 53
32 38 53
32 37 52
31 39 53
32 37 51
32 38 52
33 37 52
31 37 52
31 36 52
31 36 52
32 37 52
32 37 53
32 38 52
32 38 53
32 37 52
32 37 52
33 37 52
32 36 51
33 37 53
32 36 53
32 36 53
31 37 52
32 37 52
33 36 52
33 36 53
33 35 53
33 35 52
32 35 53
32 38 53
32 36 53
33 35 53
32 36 54
32 38 54
33 40 54
33 38 53
33 38 55
34 37 53
34 35 52
35 35 54
37 32 54
37 30 53
38 27 50
36 26 50
39 24 49
38 24 48
38 22 47
38 23 46
37 22 48
38 21 48
38 20 47
39 22 47
35 21 46
39 17 48
36 19 48
37 18 48
35 17 49
36 19 48
38 18 47
37 18 46
37 17 46
36 18 47
37 17 48
36 20 48
38 19 48
38 19 46
38 18 46
39 18 46
37 19 45
37 19 46
37 19 48
36 19 48
34 19 48
36 19 49
37 20 49
36 22 47
38 20 47
38 18 47
37 18 47
36 18 48
38 20 47
37 18 47
39 19 48
38 19 47
37 18 46
37 18 45
36 18 47
34 17 48
36 17 45
35 16 46
37 18 46
35 16 45
35 18 45
36 19 45
34 20 44
33 15 47
35 16 44
35 17 43
36 15 45
35 15 45
36 19 43
33 13 49
34 14 45
34 15 43
32 14 44
35 16 43
33 15 43
33 15 46
33 17 45
32 16 44
33 13 42
32 15 44
31 15 41
30 15 40
31 15 40
31 14 40
33 14 44
33 15 44
33 13 43
32 16 44
32 15 43
30 13 40
30 13 40
32 16 42
33 15 42
34 14 41
32 13 43
29 14 42
30 16 42
30 18 49
34 13 48
34 15 45
34 15 44
35 17 43
37 18 45
37 17 41
35 17 39
35 16 42
34 16 43
31 15 45
32 15 47
35 17 45
34 16 47
35 16 48
36 16 45
33 14 44
34 13 42
31 13 40
30 13 39
30 15 40
31 15 42
33 15 43
35 16 41
32 08 52
34 13 47
31 13 43
31 13 42
31 13 41
32 13 41
31 15 41
29 13 39
31 14 41
32 15 42
33 14 42
31 13 42
32 12 43
32 15 43
32 15 42
30 14 42
29 12 41
30 13 40
32 14 41
33 15 42
32 13 42
32 13 43
31 14 43
31 15 42
30 12 40
31 14 40
31 13 41
32 15 42
33 14 43
32 13 42
32 14 42
31 13 41
30 13 41
31 13 40
30 13 38
27 13 39
28 13 39
30 18 42
33 19 45
36 21 49
36 22 50
36 23 52
36 26 53
34 31 53
35 32 54
35 32 54
34 32 53
33 33 52
33 34 53
34 37 53
33 37 52
31 38 52
34 38 52
33 38 52
35 39 52
32 39 50
32 41 52
32 44 50
32 45 51
32 47 50
32 46 48
33 46 49
33 43 49
35 45 47
34 45 46
35 43 48
33 46 47
33 46 47
32 48 47
30 51 47
32 52 47
32 50 46
34 50 47
34 50 47
33 49 46
34 47 45
36 47 46
34 48 46
35 46 46
35 46 45
34 47 45
36 46 46
36 47 47
36 47 46
36 47 47
36 47 45
36 45 47
35 46 47
34 47 47
36 43 49
36 47 47
37 46 48
37 44 48
37 43 48
37 45 48
37 43 50
37 44 47
38 45 48
38 43 49
38 45 49
36 42 49
37 44 49
38 45 48
37 44 50
36 43 49
37 43 50
38 44 49
36 38 50
36 41 50
36 42 49
35 46 50
36 48 49
37 45 49
36 44 47
37 42 48
37 43 49
37 41 47
37 44 48
37 42 49
36 42 47
36 45 48
36 44 49
35 43 48
35 44 48
36 42 49
33 43 49
33 45 49
32 45 51
31 45 52
32 46 52
33 45 51
32 44 49
34 40 49
33 40 52
32 44 52
33 44 51
33 41 51
33 40 51
31 42 52
32 41 52
31 38 51
32 41 52
33 40 50
33 40 51
34 41 51
33 39 51
32 40 52
31 39 52
33 41 51
32 40 52
31 41 51
32 39 52
30 39 51
31 39 51
31 40 52
30 40 52
31 38 52
32 40 52
31 40 52
32 40 52
33 38 52
33 40 52
32 38 51
33 40 52
32 40 51
30 39 51
30 38 51
32 38 52
32 38 52
30 39 51
31 37 52
33 39 52
32 39 52
33 38 52
32 39 52
33 39 51
31 37 53
31 39 52
31 38 51
32 38 52
32 38 52
32 38 52
31 37 51
32 39 52
32 38 52
33 38 52
32 38 52
33 39 52
32 38 52
31 39 51
32 38 53
32 38 51
32 38 53
32 38 52
32 37 52
32 38 52
32 38 52
32 38 52
32 38 51
32 38 51
32 37 53
33 39 52
33 39 52
30 38 53
31 37 52
32 38 52
32 38 51
32 37 52
31 38 51
32 39 51
32 38 51
32 37 52
32 39 52
32 39 53
31 39 53
33 39 52
32 39 52
32 38 51
32 39 52
31 39 52
32 38 53
31 38 52
34 39 52
32 36 52
32 39 52
32 39 53
32 38 52
32 38 52
31 38 52
32 38 53
32 38 53
32 39 52
32 37 52
31 38 52
32 37 52
32 38 52
31 38 52
32 37 51
31 39 52
31 38 52
31 38 51
32 39 52
32 37 52
31 37 52
32 38 51
32 37 53
32 38 52
32 36 52
30 38 53
32 38 52
33 38 52
32 39 52
33 38 53
32 37 52
32 38 52
32 38 52
33 38 51
33 37 52
32 38 52
32 39 52
32 39 53
33 38 52
32 38 52
32 39 51
32 39 52
32 38 53
32 38 52
32 38 52
33 38 51
33 39 53
32 38 52
32 39 52
31 38 52
32 39 52
33 38 52
31 39 52
32 38 52
32 38 53
32 38 51
32 39 51
32 38 51
33 38 52
33 38 52
32 39 52
32 38 51
33 39 52
32 39 52
33 39 51
32 38 52
32 39 51
32 38 52
32 38 52
31 39 52
32 38 52
32 38 52
33 38 52
32 37 51
32 39 52
32 39 52
33 38 51
33 38 52
32 37 52
31 38 52
32 38 52
32 37 53
32 39 51
33 37 51
31 39 53
32 38 52
33 39 52
32 38 52
32 41 52
33 38 52
32 39 52
33 37 51
33 38 52
33 38 52
32 38 51
31 37 52
32 39 51
31 38 52
32 38 51
32 38 52
33 37 52
33 39 52
32 37 52
31 38 52
32 39 52
32 37 52
32 38 52
32 38 52
31 38 52
32 39 52
33 38 52
33 38 52
33 38 52
32 39 52
31 39 53
32 38 51
32 38 53
32 38 52
33 38 52
32 38 52
31 39 52
31 38 51
32 37 52
33 38 51
32 37 53
32 39 52
31 37 52
32 36 52
32 39 51
33 38 52
32 37 52
32 36 52
32 38 53
31 38 52
32 37 52
32 38 52
32 38 52
32 39 52
32 39 52
33 37 52
34 39 52
32 38 52
32 37 51
32 37 53
31 38 52
33 38 53
32 38 52
32 39 52
30 39 52
33 38 52
33 38 51
32 39 52
32 37 52
31 37 52
33 38 52
32 39 52
31 39 52
31 37 51
32 37 51
31 40 52
32 39 52
32 38 52
32 38 52
32 37 53
32 37 53
32 38 52
32 38 53
31 39 51
32 38 53
32 38 52
32 39 52
31 38 51
32 39 52
33 38 52
32 38 52
32 37 52
31 39 53
31 39 52
32 38 51
32 38 52
31 38 52
31 38 52
32 37 52
32 37 51
33 38 52
33 38 52
33 38 53
32 37 52
32 37 51
32 37 53
31 38 52
33 39 52
32 37 52
32 38 52
33 38 52
31 38 52
33 38 52
32 37 51
32 37 52
32 38 52
32 37 52
32 38 53
32 38 50
31 39 52
32 39 52
32 37 52
31 37 52
32 37 52
31 38 51
32 38 52
34 39 52
32 38 52
33 38 51
32 38 52
33 38 51
33 40 51
31 38 53
32 39 52
33 38 52
33 38 52
33 38 52
33 38 52
32 39 51
33 38 52
33 38 52
32 38 52
34 39 52
31 37 52
33 39 53
32 38 52
33 38 52
32 38 52
32 40 51
32 38 52
33 37 51
33 39 51
32 38 51
33 38 53
32 38 51
32 39 52
34 37 52
32 37 53
32 37 52
32 41 51
32 37 53
33 39 52
32 40 51
32 38 52
32 40 51
33 38 52
32 40 52
33 38 51
33 38 52
33 38 52
33 39 52
33 40 52
32 38 53
33 38 51
33 39 53
34 38 52
33 39 52
33 38 51
32 38 51
34 38 52
31 39 52
33 37 52
33 39 52
33 38 52
32 37 52
32 38 52
33 38 51
33 39 52
33 37 50
33 39 50
34 37 52
34 37 52
33 38 52
34 38 52
33 38 53
33 38 53
33 38 52
33 38 52
32 38 51
32 38 53
32 38 51
33 37 52
33 37 52
32 38 53
33 38 52
34 38 52
33 39 52
33 38 53
32 37 52
33 38 51
33 37 52
34 38 51
33 37 51
34 38 52
33 38 51
33 38 52
34 38 52
34 37 52
34 39 52
33 39 52
34 36 52
34 37 52
34 38 52
32 37 53
34 37 53
33 36 52
33 38 53
33 38 52
34 38 52
33 36 51
34 38 52
33 37 52
34 37 53
35 37 52
34 38 53
33 37 52
33 37 51
33 38 52
34 37 52
34 37 52
33 37 52
33 37 53
33 36 53
33 37 52
34 38 52
33 37 53
33 38 52
34 37 52
33 38 52
33 38 53
33 37 53
34 37 52
34 37 53
33 38 52
33 37 53
33 36 52
33 38 51
33 37 52
34 36 52
34 38 53
34 36 52
34 37 52
33 37 52
35 37 53
34 37 52
34 36 52
35 34 52
34 38 51
34 37 52
36 36 53
34 37 52
32 40 55
32 41 54
32 43 54
33 43 53
35 42 54
38 38 54
37 34 51
39 30 51
39 27 49
39 26 48
39 23 47
40 23 47
39 22 48
39 21 47
38 20 47
37 19 47
36 18 47
36 19 48
35 20 48
36 19 48
34 20 47
33 18 46
35 19 46
35 18 46
33 19 46
34 18 46
34 17 47
33 17 47
34 17 46
34 17 45
34 17 45
33 15 44
32 20 47
32 17 47
33 17 47
33 17 46
35 17 46
35 17 45
33 18 46
33 16 47
34 16 45
42 14 37
32 03 55
30 18 38
30 12 42
31 14 40
31 14 40
32 14 42
31 16 41
29 16 42
32 13 42
33 13 43
33 15 43
31 15 44
32 13 43
30 14 40
30 14 41
28 15 39
31 15 40
31 13 41
31 11 41
32 13 44
32 14 44
31 16 43
30 13 41
30 14 40
30 13 41
30 13 39
31 15 42
31 12 42
33 14 43
31 15 44
31 14 42
30 13 41
29 13 40
31 14 40
32 14 40
32 16 42
31 14 43
31 13 42
31 14 42
31 13 44
32 13 41
30 13 40
29 13 39
30 14 40
31 15 42
33 16 42
31 12 42
31 12 41
31 12 42
30 13 40
31 13 41
29 13 42
31 15 39
33 14 41
33 14 42
32 10 42
30 09 39
29 10 40
30 14 43
29 20 47
31 12 45
34 16 43
35 25 45
36 17 44
36 16 43
35 20 45
35 13 43
33 15 45
31 15 46
33 16 47
33 16 45
34 16 45
35 16 45
32 12 48
33 17 46
32 19 45
33 13 46
32 15 42
31 12 41
31 12 40
29 12 40
28 16 42
31 16 42
31 15 41
32 13 40
31 12 40
32 12 40
31 14 40
35 16 35
31 07 50
31 12 41
30 14 38
28 15 40
29 13 40
31 08 37
30 12 37
29 16 37
29 19 40
30 17 44
31 17 47
34 21 50
35 23 50
36 23 50
36 24 50
36 28 53
35 27 54
34 28 54
35 28 53
36 30 54
34 30 53
36 30 52
36 30 52
35 31 52
36 32 52
35 32 53
35 31 52
35 34 53
36 35 54
34 36 54
34 36 53
35 36 52
34 36 52
37 36 53
35 35 51
35 37 52
35 36 53
34 37 52
35 37 53
35 37 54
35 37 52
34 40 53
35 40 53
35 41 51
35 42 52
36 42 51
35 44 51
37 42 50
36 43 50
37 42 50
38 40 49
39 40 50
40 41 49
38 41 49
39 39 49
40 39 50
40 40 48
40 39 49
41 37 48
41 37 48
41 40 48
42 39 47
40 38 48
41 40 50
41 43 48
40 41 48
41 41 49
41 42 50
38 37 49
39 40 49
39 43 50
43 42 48
41 44 49
41 44 50
43 44 50
42 40 49
42 41 49
41 39 49
42 37 48
40 41 46
40 39 47
38 37 45
35 43 47
36 42 51
35 40 47
34 44 49
35 44 50
34 45 51
34 44 52
35 43 56
35 45 55
35 41 54
35 42 50
36 38 50
35 41 53
33 38 52
33 39 52
33 40 52
33 37 51
35 38 51
33 39 52
33 40 52
33 40 51
34 39 52
33 39 53
33 39 52
34 39 52
33 39 52
33 39 52
33 39 52
34 39 52
34 39 51
34 38 51
34 38 52
34 39 53
34 39 52
33 39 52
35 38 52
34 39 51
33 38 52
34 38 52
33 37 52
34 39 52
33 38 51
34 37 52
34 38 52
34 38 52
33 39 52
33 39 51
33 38 52
33 39 52
33 39 52
34 39 53
33 38 52
33 38 52
35 39 53
34 40 52
34 38 52
33 38 52
34 39 52
34 37 52
35 37 52
32 37 53
34 38 52
34 39 52
33 38 52
35 38 52
33 38 51
34 39 53
34 38 52
33 39 51
34 38 51
33 38 51
33 39 52
35 39 51
34 38 52
34 38 52
35 39 52
35 38 52
33 38 51
35 39 53
34 39 51
33 38 52
34 39 52
34 39 51
34 39 51
34 38 52
34 38 52
34 39 53
34 39 51
35 37 53
33 37 52
33 40 53
34 37 51
35 38 52
34 38 51
35 39 51
34 38 52
34 39 52
35 37 52
33 39 52
32 38 52
33 38 51
35 39 53
34 40 52
33 38 52
32 39 52
34 38 51
34 39 52
33 39 52
33 38 53
34 39 52
34 38 52
33 39 52
35 38 52
33 39 51
34 38 52
34 39 52
34 39 52
34 38 52
34 38 52
33 39 52
34 38 52
34 39 53
34 38 52
34 38 52
34 39 52
34 37 51
35 38 52
34 38 51
34 39 53
34 37 52
34 39 53
33 38 52
34 37 52
34 38 52
35 38 53
33 38 51
33 38 52
33 38 52
34 38 53
34 38 52
34 39 52
34 39 52
34 38 51
35 39 52
33 39 51
34 39 52
35 38 53
34 38 51
34 38 52
35 39 53
33 39 53
34 38 52
35 38 51
35 37 52
35 38 52
34 38 51
33 37 53
34 38 53
32 38 52
35 39 52
34 40 52
34 38 53
34 38 53
34 38 52
33 37 52
34 37 53
36 39 52
34 39 52
34 37 52
33 39 52
35 38 51
33 38 53
33 38 53
34 38 52
35 38 52
33 38 52
34 39 52
34 38 52
34 38 51
34 38 52
33 38 52
33 39 52
34 37 52
34 37 52
33 38 53
35 38 52
35 38 51
34 38 52
34 38 52
33 38 52
34 38 52
34 38 52
34 38 52
34 38 52
34 39 53
34 37 51
33 38 53
35 37 53
33 39 52
34 38 52
34 38 51
34 37 52
33 36 52
35 38 52
34 38 51
35 39 51
34 37 53
34 37 52
34 36 52
33 38 52
34 38 52
34 39 52
34 38 53
34 39 51
35 37 52
33 38 52
34 38 52
35 37 51
34 39 52
34 37 51
34 38 53
34 39 52
34 38 51
33 39 52
35 38 52
34 38 52
34 38 51
35 38 52
34 38 53
34 38 52
35 37 51
35 38 53
34 37 52
36 38 52
35 38 52
34 38 51
35 40 52
34 37 52
34 39 50
34 38 53
35 38 53
35 38 52
34 39 52
34 37 52
33 39 53
35 38 52
35 37 52
34 38 52
34 38 52
35 38 51
34 38 52
36 39 51
34 38 51
34 38 51
33 38 51
34 38 52
36 37 52
34 38 51
34 39 52
34 38 52
36 39 52
33 37 52
34 38 53
34 38 51
35 37 52
34 39 52
33 38 52
34 38 52
35 39 52
34 38 52
34 38 52
36 38 52
35 38 52
34 38 52
33 38 52
34 40 51
34 39 52
34 39 53
35 37 52
33 39 52
35 39 52
35 38 52
33 37 52
34 37 51
35 38 52
35 37 52
35 38 52
33 38 52
34 38 53
35 40 52
35 38 52
34 38 52
35 39 52
35 38 52
35 38 52
34 38 51
34 37 53
35 38 51
35 39 52
35 39 52
33 38 52
34 38 52
35 37 51
34 37 51
36 37 52
35 38 52
35 38 52
35 38 52
35 38 53
34 37 52
35 37 52
35 38 51
34 37 52
35 39 51
34 38 52
34 39 51
34 38 51
34 38 51
35 39 52
35 38 52
34 38 52
35 38 52
35 38 53
35 37 51
35 37 52
34 38 52
36 39 51
34 37 51
35 38 52
36 38 51
35 38 52
34 39 52
33 38 53
33 39 52
34 39 52
34 39 52
34 38 52
34 38 52
34 39 51
35 39 53
34 38 52
34 38 51
35 39 52
35 38 51
35 37 52
34 37 52
34 38 52
35 37 52
35 37 52
34 39 51
35 38 52
35 38 52
36 38 52
35 37 52
35 40 51
34 38 52
35 38 52
35 37 52
35 37 52
34 38 52
35 38 53
35 38 51
35 38 51
36 38 52
35 38 51
35 38 52
35 38 51
35 38 51
35 38 52
35 38 52
36 37 51
35 38 52
35 38 53
35 39 52
35 38 52
35 37 52
34 38 52
35 37 52
33 39 52
35 38 52
35 39 51
37 37 52
35 38 52
34 38 51
34 40 52
34 37 51
35 38 53
35 38 52
35 38 51
34 38 51
35 38 52
35 39 52
34 39 52
35 38 53
35 37 51
34 38 52
34 37 53
34 37 52
35 38 52
34 38 53
35 38 52
33 39 52
36 38 52
34 37 52
35 37 51
35 38 52
36 38 52
34 38 52
34 39 52
34 37 51
34 38 52
34 38 52
34 38 52
35 38 53
35 38 51
34 38 52
34 38 52
34 39 52
35 38 52
35 38 53
35 37 52
35 38 52
34 37 53
35 39 51
36 37 52
35 37 53
34 36 52
35 38 51
36 37 51
34 38 52
34 38 52
35 38 52
34 37 51
35 38 52
34 37 51
36 37 51
35 38 51
35 37 52
35 36 53
35 37 52
34 38 52
34 38 52
34 37 52
34 37 52
34 38 52
34 37 52
35 37 52
34 38 51
34 38 52
35 38 52
35 38 52
35 37 52
34 37 52
35 38 52
34 37 52
33 39 51
34 38 51
34 37 52
35 37 52
34 38 51
34 38 52
35 39 51
35 38 52
34 38 52
35 38 53
35 37 51
34 37 52
35 39 51
34 37 51
35 39 52
34 39 52
35 38 53
35 38 52
35 38 52
35 38 53
35 39 52
34 37 52
34 38 52
35 38 52
34 37 52
35 39 52
35 38 52
34 39 51
35 38 52
35 37 52
34 39 52
36 37 52
34 38 53
34 38 52
35 37 52
33 37 52
36 38 52
36 38 52
35 39 52
35 37 52
34 37 52
36 37 53
34 37 52
36 37 51
36 36 52
34 38 52
34 38 53
34 39 52
34 38 52
35 38 52
35 37 52
34 39 51
34 38 52
35 37 53
34 38 52
34 38 51
34 38 52
36 37 53
34 38 53
34 37 52
36 38 53
34 37 52
34 38 52
36 36 51
35 37 51
34 37 51
35 37 51
35 37 51
34 38 52
35 36 52
34 38 51
35 38 52
34 38 52
34 38 52
34 38 52
34 38 51
35 38 52
37 36 52
35 38 52
36 37 52
35 38 52
34 39 52
35 36 52
34 36 52
35 38 52
34 37 52
35 37 52
35 37 52
35 38 51
34 38 51
35 38 52
34 38 52
34 39 51
36 37 51
35 37 52
34 39 52
34 40 51
35 38 52
35 39 52
35 40 52
33 39 52
34 39 51
34 39 52
36 37 52
36 39 52
36 37 51
34 38 52
35 37 52
34 38 51
35 37 51
35 38 51
36 37 52
35 36 52
34 37 52
35 38 53
35 37 51
36 36 52
35 39 52
37 39 53
35 38 52
34 38 51
34 38 52
34 36 52
34 38 53
36 37 52
34 38 53
35 39 54
34 40 54
34 40 54
33 40 53
35 38 52
37 37 54
37 35 53
37 33 52
38 31 51
38 26 50
38 26 50
39 25 50
38 20 47
37 21 46
38 20 47
37 22 48
37 21 46
38 19 45
38 18 46
37 19 47
36 19 45
36 18 45
37 18 46
37 18 46
35 18 46
36 19 47
37 17 47
37 18 46
36 17 46
36 17 47
37 16 46
36 18 47
35 17 46
36 19 46
35 16 46
36 18 44
37 17 44
35 17 43
35 17 44
36 25 32
33 16 45
34 13 48
33 16 41
33 16 45
36 14 44
35 15 44
35 16 45
34 16 45
33 16 44
33 14 44
34 13 43
34 14 43
32 16 44
32 15 44
32 15 43
31 15 43
32 14 42
32 14 43
32 14 41
32 14 41
31 14 41
33 13 41
32 14 43
32 15 44
32 14 44
32 13 42
30 12 41
30 13 41
32 12 41
32 15 42
31 14 41
32 14 41
33 15 43
30 15 43
32 15 43
32 13 41
30 15 42
29 15 40
31 14 41
32 13 43
33 12 41
32 12 42
30 14 43
31 15 45
33 14 43
31 15 41
30 15 40
29 14 41
30 16 41
33 13 41
34 15 42
32 13 43
32 13 43
31 13 42
32 12 42
31 13 41
31 14 41
32 15 40
33 14 41
33 14 42
32 14 43
31 13 43
31 13 41
31 14 41
31 14 39
30 15 38
29 13 39
33 16 39
32 16 40
34 16 44
33 21 46
34 23 51
36 23 51
36 28 53
36 26 54
35 29 53
35 32 55
35 29 53
34 33 53
33 35 53
33 33 53
34 34 53
33 38 53
33 37 53
34 37 52
34 38 52
33 40 51
34 39 51
33 43 52
32 43 51
32 45 52
33 43 52
35 42 50
35 41 50
33 40 52
34 38 49
33 40 49
31 45 51
31 47 51
33 45 51
32 45 50
34 43 50
35 44 51
35 43 50
36 43 50
34 43 49
36 44 50
36 46 50
36 45 49
36 45 49
37 46 49
37 45 48
39 44 49
38 43 48
37 42 48
38 42 49
39 42 47
39 43 48
40 42 48
39 42 47
39 42 48
39 43 49
39 42 49
38 43 48
39 41 49
38 45 48
38 43 50
39 44 48
39 43 47
39 43 47
40 41 49
38 42 49
39 41 50
39 43 49
39 43 48
40 42 49
40 41 48
40 41 49
39 43 47
39 42 46
38 43 47
37 44 46
37 45 47
38 42 46
35 45 46
35 46 48
36 44 46
33 47 47
35 47 47
32 46 48
32 48 48
32 46 48
32 50 50
32 47 51
33 44 50
33 44 50
32 43 49
33 45 49
33 44 49
34 45 49
34 44 49
33 42 51
32 44 49
32 42 50
31 44 50
33 44 50
33 44 51
34 41 49
32 43 50
32 43 50
31 43 50
32 44 50
32 43 49
32 43 50
31 42 50
31 43 50
31 42 50
33 43 50
31 44 50
32 43 51
32 43 50
32 43 49
32 43 50
32 43 50
31 44 51
32 42 50
32 43 50
32 43 50
31 43 50
31 42 50
32 42 50
31 42 50
32 42 50
32 41 50
31 42 50
32 43 51
31 43 49
32 43 50
32 42 50
32 43 49
31 43 50
31 42 49
31 42 50
31 42 49
32 43 51
32 42 51
31 42 50
32 43 50
32 43 50
31 42 50
33 41 50
31 43 50
31 43 50
33 42 50
31 42 50
32 43 50
31 41 51
32 43 51
32 41 51
31 42 50
33 43 50
32 43 50
31 42 50
32 43 49
30 42 50
33 41 50
33 42 51
33 41 50
32 44 51
30 42 50
32 42 51
32 42 49
33 43 50
32 43 51
32 42 50
32 43 50
32 42 50
32 43 50
33 42 50
32 42 50
32 43 50
31 41 50
31 45 50
31 42 50
32 43 50
30 42 50
31 42 51
32 43 50
32 43 50
32 42 51
31 44 51
32 43 50
33 43 50
31 44 51
32 42 50
32 44 50
32 42 50
32 42 50
33 43 50
32 42 50
33 43 50
33 43 49
31 42 50
32 43 50
32 42 49
33 42 50
32 43 50
32 42 50
32 43 50
32 42 51
33 43 51
33 42 50
32 43 50
32 42 50
33 43 51
32 43 50
32 41 50
33 41 50
32 41 51
32 43 50
32 43 50
34 42 50
34 41 50
32 41 50
34 42 51
32 43 50
32 41 50
32 41 50
32 42 51
32 43 50
33 43 50
32 42 50
32 42 50
32 44 50
34 42 50
32 42 50
33 42 51
33 42 51
32 42 50
33 42 51
32 43 50
32 42 50
33 43 51
33 42 50
33 42 50
32 42 51
34 42 50
32 41 49
33 42 50
33 42 50
34 43 50
31 43 51
33 42 49
32 41 51
33 43 50
33 42 50
32 43 51
34 42 51
33 42 51
33 42 50
32 43 50
33 43 50
32 43 51
32 42 50
32 42 51
32 42 50
33 43 51
33 43 51
32 42 50
32 40 50
33 41 51
33 42 50
33 42 50
32 41 50
32 42 50
32 42 51
34 43 50
33 42 50
33 43 50
32 42 51
33 42 50
32 43 50
31 42 49
32 42 50
34 41 51
32 42 51
34 43 49
32 42 50
32 42 51
32 42 49
33 42 51
33 41 50
32 42 50
33 42 50
31 43 50
33 42 50
33 42 50
32 42 50
33 41 50
32 40 50
33 43 50
33 42 50
32 42 50
33 43 50
32 43 50
34 41 50
33 43 50
32 42 50
33 43 50
33 42 50
33 41 51
34 42 50
33 43 50
32 42 50
32 43 50
32 41 52
33 41 51
33 42 50
33 43 49
33 41 51
32 43 51
32 42 50
33 41 50
33 42 50
32 41 50
32 42 50
32 43 51
32 41 51
32 41 51
33 41 50
32 42 51
34 42 51
33 42 50
33 42 51
31 41 51
32 42 51
33 42 51
32 42 50
33 42 50
33 42 50
32 42 50
32 42 51
31 43 50
33 41 51
32 41 49
33 42 50
32 42 50
32 42 50
32 43 50
32 42 50
33 43 49
33 42 50
34 43 50
32 42 50
32 44 49
32 42 50
32 43 51
33 42 51
33 42 51
32 42 50
32 43 51
32 42 50
32 43 50
32 42 50
33 42 51
32 44 50
32 43 50
32 42 50
33 42 50
33 43 50
32 42 50
33 42 50
32 43 50
32 42 50
33 41 51
32 42 50
32 42 51
33 42 50
32 43 50
32 43 50
33 43 50
32 43 51
33 42 51
32 42 50
32 42 50
34 42 50
33 43 50
31 42 50
32 44 50
32 42 50
32 42 50
33 42 50
33 42 50
32 43 51
32 41 51
34 41 50
32 42 50
33 42 50
33 42 50
34 42 50
33 41 50
33 41 50
33 41 50
34 42 49
34 41 50
33 44 50
34 42 50
32 41 50
32 42 51
33 42 51
33 43 51
33 43 51
32 44 52
32 43 52
34 43 54
33 45 53
34 42 54
36 37 54
37 36 52
38 32 52
39 29 50
39 28 50
40 24 48
39 25 48
39 24 48
36 23 49
34 22 48
36 21 47
35 21 48
34 21 48
33 20 46
37 22 47
33 21 47
34 20 48
33 18 48
36 19 47
34 20 46
35 17 48
36 16 45
35 21 43
32 15 45
33 14 47
30 12 47
32 18 43
31 16 44
32 16 43
33 17 43
34 19 44
32 10 46
32 16 43
32 14 44
31 13 43
31 16 46
32 18 46
30 17 46
30 19 43
35 22 45
33 13 40
32 13 42
31 12 41
31 14 42
31 15 44
33 13 43
34 14 43
32 12 42
32 14 43
30 13 43
31 17 43
32 15 43
31 14 43
32 15 42
32 11 41
30 13 41
30 15 42
32 14 42
33 14 42
33 13 45
32 15 44
32 17 43
30 14 43
31 13 41
32 14 42
32 13 40
29 13 40
30 15 41
31 15 43
33 13 43
32 13 44
31 13 44
32 16 43
31 14 42
30 13 41
31 15 41
32 16 42
31 13 41
31 12 42
31 14 43
32 15 42
31 15 42
30 14 41
29 14 40
31 13 41
31 16 43
31 15 42
33 13 42
31 13 42
31 14 42
32 14 43
30 14 43
31 14 42
31 14 41
32 13 41
33 15 42
33 14 42
33 13 43
32 13 42
32 13 41
30 13 39
30 15 41
30 15 40
31 15 40
31 16 41
34 15 42
33 16 44
34 18 46
35 23 48
36 22 51
35 27 52
35 25 54
33 29 53
35 30 54
33 31 54
35 31 53
34 33 51
34 32 52
36 33 51
35 36 53
37 37 53
35 38 53
34 37 53
34 37 54
34 40 53
33 39 54
34 38 54
33 41 52
35 41 52
35 41 51
35 42 51
35 41 52
37 42 50
36 42 51
37 42 50
37 43 50
37 44 49
39 42 49
38 42 49
39 43 49
38 41 50
40 42 48
38 43 48
37 43 48
38 43 48
38 43 49
40 42 48
39 42 47
39 42 49
38 43 49
38 45 49
39 41 48
39 43 48
40 45 47
40 45 48
39 44 48
41 42 46
41 45 48
40 44 48
39 41 49
38 42 48
40 43 48
41 43 49
41 42 50
41 44 50
41 43 47
41 44 49
41 40 49
40 37 46
38 42 48
38 38 49
37 35 47
33 41 46
34 42 51
35 37 50
34 40 51
32 43 52
34 43 53
33 41 53
32 44 55
32 42 54
33 40 52
35 39 50
34 38 51
34 38 55
31 41 54
36 37 51
33 40 51
34 37 52
33 39 52
33 36 52
34 37 52
34 37 53
34 37 53
36 37 53
33 39 52
34 37 54
33 37 52
33 36 53
33 36 53
32 38 53
32 38 53
35 37 53
33 38 51
34 38 52
33 37 53
32 38 52
33 39 53
34 40 52
32 37 52
32 37 52
32 36 51
34 37 52
34 37 52
33 38 52
32 38 52
34 39 53
34 38 53
33 38 53
33 37 52
34 37 52
34 37 52
34 38 53
33 38 52
33 36 53
33 38 53
33 37 52
32 38 53
33 38 52
33 37 53
32 38 52
34 38 52
33 38 53
33 38 52
33 39 53
33 39 53
33 39 52
33 38 53
33 38 52
33 38 53
33 37 52
33 38 52
33 37 51
34 37 52
33 38 52
34 37 52
33 37 52
31 38 53
33 38 52
33 38 52
33 37 53
33 38 52
33 38 52
33 38 52
34 39 52
33 37 52
34 38 51
33 38 51
34 37 52
33 38 52
33 37 52
32 38 51
33 38 52
34 38 52
33 38 53
32 38 53
33 38 53
34 39 53
33 39 52
33 38 52
34 38 52
33 36 52
32 38 52
33 36 51
33 39 52
33 37 52
33 39 52
33 38 51
32 38 53
33 37 51
34 37 52
33 38 53
34 37 51
33 39 52
33 38 52
34 38 52
33 39 53
32 38 52
33 37 52
33 39 51
34 37 52
32 37 52
34 37 52
32 38 51
33 38 52
33 39 53
33 38 52
33 37 52
33 37 51
33 37 51
33 38 51
33 38 52
33 37 52
33 39 51
34 38 51
34 38 52
33 38 52
34 36 51
34 38 52
33 38 52
34 37 51
33 37 52
33 38 51
33 38 52
34 38 52
33 38 53
33 38 52
34 38 52
34 36 53
33 38 52
32 38 52
33 38 52
34 37 52
33 38 52
34 40 52
33 36 53
34 38 52
34 37 52
35 38 52
35 37 53
33 38 52
33 39 53
33 37 52
34 37 52
32 37 52
34 37 52
34 38 52
34 38 52
34 37 53
33 38 51
32 37 53
34 38 52
33 37 52
33 38 52
33 37 52
33 37 52
33 39 51
34 38 52
34 36 53
32 38 51
34 36 51
34 38 52
34 38 53
32 39 53
34 39 53
33 39 53
33 38 53
33 37 52
33 39 51
33 38 52
34 38 51
34 38 52
34 38 51
32 38 52
34 38 51
33 38 52
33 37 52
34 38 52
34 38 52
32 37 51
34 37 52
34 38 52
34 38 52
34 37 52
34 37 51
33 37 53
34 37 52
33 37 52
34 37 53
33 38 53
33 38 53
33 38 52
33 37 53
34 38 52
34 37 52
35 38 51
34 38 52
33 37 52
34 37 52
33 37 53
34 38 52
33 37 52
34 38 52
33 37 53
33 37 53
33 37 52
33 37 53
33 38 51
35 38 51
34 37 51
34 38 52
34 37 52
34 37 53
33 38 52
34 38 52
33 38 52
34 39 52
32 38 51
34 37 52
34 38 53
34 38 52
34 39 52
33 38 53
34 37 52
33 37 52
33 38 52
34 38 51
34 38 52
33 39 52
33 39 53
34 38 53
33 38 52
34 39 53
32 38 52
33 38 52
33 37 51
34 36 52
33 38 53
34 36 52
33 39 52
34 39 51
33 38 52
34 38 53
33 36 51
34 38 53
34 38 52
33 39 52
34 38 51
32 38 52
34 37 52
34 38 52
34 37 53
32 38 53
33 39 52
34 38 53
33 38 52
33 39 52
34 38 52
33 39 53
34 38 52
34 38 52
32 39 53
34 38 52
34 39 51
33 39 52
33 38 51
35 38 52
34 38 52
34 40 53
34 38 51
33 38 52
33 37 51
33 38 51
33 38 51
33 38 52
33 38 51
32 38 52
34 38 52
33 38 52
34 38 51
34 37 52
34 38 53
35 38 52
33 37 52
35 37 52
33 38 52
35 38 52
35 38 53
33 37 52
34 38 52
35 38 51
35 38 52
35 38 51
36 39 52
35 39 53
36 38 52
34 38 52
34 38 51
34 38 52
35 38 51
35 38 51
36 36 51
35 36 52
35 38 52
35 37 52
35 36 53
34 34 53
37 34 53
35 37 54
34 35 53
36 34 52
35 34 52
35 33 52
36 32 52
36 32 53
36 32 53
38 32 53
37 34 53
37 33 53
37 32 52
36 30 53
37 30 53
37 30 53
38 31 54
38 31 54
37 27 52
38 27 51
38 26 51
38 25 50
37 24 48
38 24 48
38 23 48
37 21 47
37 20 49
36 21 48
37 20 47
37 20 47
36 19 46
37 19 48
36 18 46
36 17 46
34 18 45
36 19 45
34 17 46
34 17 46
36 18 46
34 17 45
35 18 43
35 18 45
37 17 43
32 15 46
34 15 45
33 16 43
35 16 44
37 18 40
27 13 50
34 11 45
32 15 41
31 15 42
31 15 45
32 16 45
33 15 45
33 16 44
33 18 47
31 15 45
31 15 44
31 15 43
30 14 41
31 14 41
30 15 43
31 14 42
32 14 43
32 16 44
31 15 45
31 15 43
31 15 43
31 14 41
31 15 42
31 15 42
34 16 44
31 14 44
30 14 43
31 14 44
31 15 43
31 14 42
29 13 42
30 14 42
31 15 42
33 14 42
32 15 43
32 13 44
30 16 44
31 15 43
31 14 43
32 14 42
32 15 42
30 15 42
30 14 42
32 15 43
32 15 44
32 15 43
32 13 43
30 14 43
32 16 43
31 15 43
32 14 42
31 13 42
30 15 43
32 14 43
31 14 44
32 14 44
31 14 43
32 13 42
32 14 42
32 13 42
32 14 42
30 15 42
32 15 43
32 14 43
31 14 43
30 13 42
29 13 41
28 12 40
31 14 39
31 14 41
33 16 42
34 21 44
34 21 48
35 19 49
33 21 48
33 23 51
34 26 53
33 25 52
34 29 53
35 28 53
35 30 53
34 30 54
35 30 53
35 32 53
35 34 53
35 35 51
36 35 52
35 35 54
35 37 53
36 38 53
35 38 53
34 37 52
36 38 52
35 41 52
35 41 52
37 39 51
36 37 50
37 38 49
35 38 49
35 39 50
35 42 50
34 43 51
34 44 52
34 45 50
35 45 52
36 45 52
35 45 50
35 45 49
34 45 51
37 44 51
35 44 50
37 42 48
37 42 49
38 43 49
37 42 48
38 41 49
39 42 49
39 39 48
38 40 49
38 41 49
39 40 48
39 41 48
38 41 48
37 41 50
38 41 49
38 40 49
39 41 49
39 44 48
40 43 49
39 40 48
40 42 48
39 46 48
40 43 49
41 42 49
40 42 48
39 44 48
38 40 49
37 34 49
36 39 48
36 40 45
36 48 49
40 45 49
38 46 51
37 47 51
39 40 49
36 38 48
35 46 52
34 41 51
35 38 47
34 42 50
34 40 50
34 40 48
32 40 49
32 43 51
31 42 55
32 46 61
33 36 55
36 38 50
35 39 51
35 37 52
35 40 53
35 41 52
35 39 52
33 38 52
35 37 51
33 40 52
34 38 52
36 37 53
33 38 52
34 37 53
34 38 51
34 38 51
35 38 52
34 36 52
33 36 51
35 38 51
34 37 51
34 38 53
34 37 52
34 37 53
34 37 52
35 38 51
34 39 51
34 39 52
33 38 52
35 37 53
34 39 52
33 38 52
33 38 52
33 37 52
34 37 53
34 37 52
34 36 52
35 38 52
33 37 52
35 38 53
33 38 52
34 37 52
33 37 52
34 38 52
33 38 53
34 38 52
35 39 52
34 37 52
34 38 52
32 39 52
34 38 53
34 37 52
35 38 52
35 37 51
34 38 53
34 38 51
34 37 52
33 37 52
33 38 53
34 38 52
34 38 52
35 38 52
34 38 52
33 38 51
35 38 52
33 38 52
36 38 52
33 38 51
34 38 51
35 37 52
34 37 52
33 38 52
34 39 52
35 38 52
33 36 52
35 38 52
34 37 52
34 38 53
34 38 52
35 37 52
34 38 52
34 37 53
33 38 52
34 37 52
35 37 53
34 37 52
35 37 52
33 37 52
34 37 52
34 37 52
34 36 52
34 38 52
35 37 53
35 38 52
35 38 52
34 37 52
34 38 52
33 38 52
36 38 52
35 37 51
34 38 51
33 37 51
34 39 51
34 37 52
34 38 52
32 38 52
34 39 52
35 38 52
35 38 52
34 38 52
34 38 52
34 38 52
34 37 52
34 37 52
35 39 51
34 38 52
35 38 52
35 38 52
34 38 51
34 37 52
35 37 51
35 38 52
34 36 51
35 38 51
35 37 52
34 37 52
34 38 52
34 37 51
34 38 53
35 38 52
34 38 52
35 38 52
34 38 52
34 39 52
35 37 52
34 38 51
35 38 53
34 37 52
34 37 53
34 38 52
35 38 51
34 38 52
34 38 51
35 37 52
34 37 52
34 37 52
34 38 52
35 37 52
35 37 52
34 37 52
34 39 51
33 38 52
35 39 52
35 38 51
35 38 52
34 37 52
34 39 52
34 38 52
36 36 52
35 37 52
34 36 52
34 38 52
35 37 52
34 37 52
34 37 52
35 37 52
36 38 52
34 37 52
35 37 52
35 37 52
35 37 52
35 37 53
35 37 51
34 38 52
34 38 52
34 38 52
34 37 52
35 38 52
36 38 52
34 39 52
34 37 52
34 37 52
34 37 51
35 38 53
34 37 52
34 37 51
34 36 53
35 38 52
34 38 52
33 38 51
35 37 52
37 36 52
34 37 52
34 38 52
36 37 51
34 38 52
35 38 52
35 38 52
34 39 52
35 37 52
35 36 52
33 38 53
35 38 52
34 37 52
34 37 53
35 38 52
34 37 52
34 39 52
34 37 52
35 38 52
34 38 51
34 40 52
34 37 52
34 36 52
34 37 52
34 38 52
34 38 52
34 38 52
34 37 52
34 37 52
34 37 52
34 38 52
33 38 51
35 37 52
35 40 53
35 38 52
35 37 53
35 37 51
34 37 53
34 37 52
35 37 52
34 39 52
35 38 51
35 37 51
33 37 52
35 38 52
34 38 52
34 37 52
34 37 51
35 39 53
35 38 52
34 37 52
34 38 51
34 37 52
34 37 52
34 37 53
35 38 52
34 38 52
34 37 52
36 37 53
35 37 52
34 38 52
34 37 53
36 37 52
34 38 53
34 39 52
34 38 52
35 37 52
35 38 52
35 38 51
35 38 53
35 37 52
35 37 52
34 37 52
34 38 52
35 38 52
34 38 52
35 38 53
35 37 51
34 38 52
34 38 53
33 37 52
35 40 52
36 40 52
34 38 51
35 37 52
35 39 53
34 38 51
35 38 53
35 37 53
34 38 52
35 39 53
35 38 53
35 38 53
33 38 52
34 37 52
35 38 51
35 39 51
34 38 54
35 37 52
34 39 51
35 38 53
35 38 52
35 37 53
34 38 52
34 38 52
35 38 51
35 38 52
35 39 52
36 37 51
34 39 52
34 39 52
35 40 51
34 38 52
35 38 52
34 36 52
35 37 52
35 38 52
34 39 52
35 39 52
35 37 52
34 38 53
34 37 52
35 37 52
35 38 52
35 38 52
35 37 52
35 37 53
36 38 53
35 37 52
35 36 52
35 38 52
35 37 52
35 37 52
36 38 52
35 37 52
34 38 51
34 37 52
35 37 52
36 38 53
35 35 54
34 39 56
33 41 56
34 42 56
33 39 54
35 37 54
37 38 53
38 35 51
39 32 49
39 30 49
40 27 49
38 26 48
37 23 47
37 22 47
37 20 46
37 19 48
37 19 47
36 20 47
38 20 47
36 21 48
37 20 48
36 20 47
36 20 47
36 19 48
36 20 48
35 19 47
36 19 47
35 20 47
34 18 47
35 16 49
35 18 48
35 20 48
35 19 47
34 16 46
34 17 45
35 16 45
34 15 43
34 15 43
33 15 43
32 16 42
32 15 46
32 20 44
32 18 45
33 16 43
31 15 42
31 13 42
31 14 42
32 13 42
33 15 44
32 14 43
31 14 43
31 16 44
31 14 42
32 15 42
31 13 40
30 13 40
32 14 42
31 15 42
33 15 42
32 15 42
33 13 42
32 14 43
32 15 43
32 13 42
33 14 40
32 13 41
31 14 40
29 15 41
30 15 41
30 15 41
33 14 41
30 15 43
33 13 42
31 14 43
31 14 43
30 13 41
31 14 41
31 14 41
31 14 41
32 14 42
33 14 43
33 14 42
31 12 41
31 13 41
30 13 41
32 13 41
30 14 39
31 14 40
30 14 40
30 15 40
31 17 41
32 18 42
34 17 45
34 16 46
36 18 48
37 20 48
36 22 49
37 22 51
35 21 51
35 23 51
35 23 52
35 23 51
34 23 50
34 23 51
34 24 49
35 25 51
35 27 50
34 27 52
35 30 52
35 30 52
35 31 52
35 31 52
36 34 52
35 34 54
35 34 54
34 37 55
34 36 55
33 35 53
35 36 52
35 36 53
34 39 52
34 40 52
34 39 53
35 41 51
36 41 51
35 40 50
35 42 49
32 43 50
34 46 51
33 46 51
33 44 51
34 45 51
36 45 50
35 43 50
35 44 49
36 43 49
35 43 48
38 42 49
38 42 50
38 40 48
37 41 50
37 39 48
38 40 49
39 42 50
39 40 50
39 38 50
38 40 50
38 41 50
40 41 50
37 42 50
38 40 50
38 40 50
40 39 50
38 40 50
39 41 49
40 41 49
40 39 50
39 38 50
38 38 51
39 37 51
38 39 51
40 41 50
37 42 51
39 40 52
38 42 52
37 39 48
36 42 49
37 42 51
34 41 48
36 40 49
33 41 49
33 43 49
35 42 51
34 43 50
33 43 52
32 42 51
32 43 50
32 45 52
33 43 52
33 44 50
33 42 52
34 42 50
33 42 50
33 44 54
34 39 50
35 40 51
34 38 52
33 39 52
32 40 52
35 41 51
33 40 52
32 39 51
34 39 51
33 40 51
33 39 52
33 37 51
33 39 52
31 40 52
33 40 52
33 42 51
32 40 52
34 40 52
33 39 51
34 39 51
33 38 51
32 39 52
33 41 51
33 39 52
33 39 52
32 40 51
33 40 51
33 39 51
33 39 53
34 39 52
32 39 52
34 39 51
32 40 51
33 39 52
33 40 51
34 40 51
34 39 52
33 40 52
32 39 52
31 39 51
32 39 51
33 39 51
32 40 51
32 39 51
32 40 52
33 40 51
34 39 52
33 39 51
31 40 52
33 39 50
33 39 52
34 40 51
32 40 51
32 40 51
32 39 51
32 41 51
32 40 51
32 39 51
32 39 52
32 39 52
34 41 51
33 41 51
33 39 51
32 40 51
33 40 52
32 41 52
33 41 51
31 40 52
32 40 52
33 40 51
33 38 53
34 40 51
33 39 52
32 40 51
33 40 52
33 39 52
32 40 52
33 40 51
32 40 52
33 41 51
32 40 52
33 41 51
33 41 51
33 41 51
32 39 52
32 39 51
32 41 51
32 40 52
33 39 51
33 39 52
32 40 52
33 39 51
32 39 52
33 41 51
33 40 51
34 40 52
34 40 51
34 39 51
33 39 51
33 41 52
33 40 52
32 39 52
33 40 51
33 39 52
33 40 51
32 41 52
34 40 51
33 40 52
32 40 51
33 38 52
32 40 52
31 40 51
33 39 51
32 40 52
33 40 52
33 38 51
33 39 51
34 39 53
33 38 51
33 39 52
33 40 52
32 39 52
32 39 52
33 39 52
34 41 52
34 39 53
32 39 51
33 39 52
34 41 51
33 40 51
34 39 52
33 39 51
34 39 52
33 40 51
33 40 51
31 38 52
34 41 52
33 40 51
34 39 52
33 40 51
32 39 51
32 40 52
33 40 51
31 40 51
33 40 52
34 39 50
33 39 52
32 39 51
33 40 52
32 39 51
33 39 51
33 40 52
33 40 52
33 39 52
32 40 52
33 40 51
32 39 51
32 39 52
33 38 52
33 40 51
34 40 51
34 41 51
32 40 51
34 40 52
33 40 52
32 40 52
33 39 51
32 40 51
33 40 53
33 40 52
32 40 52
31 40 51
33 39 51
33 39 52
32 39 52
33 39 51
33 39 51
32 39 52
33 39 52
33 38 52
32 41 51
33 39 51
33 39 52
34 40 51
33 41 52
33 40 52
33 38 50
34 39 51
33 38 51
33 39 51
33 41 51
32 39 52
33 38 51
32 39 51
34 38 51
33 40 52
34 39 52
32 39 52
34 40 51
34 40 52
33 40 51
34 39 51
32 40 52
32 39 51
32 40 51
34 42 51
33 39 51
33 38 51
32 39 52
33 39 52
33 40 52
34 40 52
34 39 52
33 39 51
33 37 52
33 39 52
32 39 51
32 39 52
34 39 51
32 39 53
33 40 51
33 40 52
33 40 52
33 40 51
33 39 51
33 40 51
34 40 50
33 39 51
33 38 52
32 39 51
33 40 51
32 39 53
34 39 51
33 40 52
32 39 51
34 40 52
33 39 51
33 40 52
33 38 51
32 39 52
32 39 51
32 38 52
32 40 51
33 39 52
32 38 51
32 41 52
32 39 51
33 39 52
33 39 52
32 40 52
33 40 51
33 39 52
33 38 51
33 39 52
32 39 52
33 39 52
32 39 51
34 39 52
32 38 51
33 39 53
32 40 51
33 38 51
33 39 51
32 39 52
33 39 51
33 39 51
33 39 52
34 41 52
32 39 51
34 39 52
33 41 51
34 39 51
33 40 51
34 40 51
34 40 52
32 38 52
33 40 51
33 40 52
32 38 51
33 39 53
33 38 51
32 39 52
33 39 52
34 39 52
33 39 50
32 39 52
33 39 50
35 40 52
33 39 52
33 40 51
32 39 51
35 40 52
34 39 51
33 40 52
33 41 52
34 40 51
34 38 51
34 40 51
34 40 51
34 39 51
33 40 52
33 40 51
33 40 52
33 39 52
34 40 51
33 40 52
34 40 51
33 39 52
34 40 53
34 40 51
33 39 51
34 39 52
34 40 51
33 39 52
34 39 51
33 38 51
33 39 52
34 40 52
34 38 52
35 39 52
33 39 51
34 40 53
33 40 51
33 39 50
33 39 52
34 41 52
34 40 51
33 39 52
34 40 52
35 38 51
34 40 52
33 38 52
33 40 50
34 38 51
35 38 51
36 39 52
34 39 52
33 38 52
34 39 52
33 40 52
34 41 52
33 39 51
33 41 51
35 39 52
34 40 51
35 39 52
33 40 51
33 38 52
34 38 52
34 40 52
35 38 51
34 39 51
33 39 51
34 39 52
34 39 52
34 39 51
34 39 52
34 40 52
35 38 51
34 39 52
34 39 51
34 40 51
33 41 53
34 38 51
35 38 51
34 39 52
34 39 51
34 40 51
34 39 52
34 39 52
33 39 52
35 39 53
34 39 51
34 38 51
33 40 51
35 40 52
35 39 51
34 39 52
34 38 52
34 38 51
34 41 51
35 37 51
34 39 52
34 39 52
34 39 52
34 40 52
34 37 51
33 40 52
34 40 52
34 39 51
35 39 52
34 38 52
35 38 51
34 39 51
33 39 51
34 40 52
34 39 51
34 39 52
36 39 52
34 39 52
34 37 51
35 38 53
33 39 53
35 38 53
33 41 56
33 42 55
32 43 54
35 42 55
37 36 54
36 36 53
37 32 51
40 30 50
39 28 49
39 26 48
38 25 50
39 23 48
40 23 48
39 22 48
39 22 46
38 21 47
36 20 47
36 19 47
38 18 48
37 19 46
35 20 46
38 19 48
38 18 46
37 19 46
39 16 46
39 21 43
34 18 45
35 14 48
36 16 44
35 18 44
36 17 44
37 17 42
32 22 38
31 08 51
33 15 43
33 16 43
33 15 44
33 15 43
32 16 44
34 19 39
32 12 46
32 14 41
33 14 43
33 15 43
32 16 44
33 16 43
33 14 41
33 14 43
32 14 43
33 15 42
31 15 43
32 14 43
32 15 43
32 13 42
33 14 43
31 14 43
32 14 43
33 17 43
32 15 43
32 16 42
30 14 41
30 15 41
30 13 41
33 13 42
32 15 41
32 14 41
31 13 42
32 14 43
31 14 42
32 16 43
32 15 43
32 15 42
31 14 41
31 15 43
31 14 43
31 13 42
30 15 42
30 14 41
32 14 42
31 12 42
32 13 42
31 13 42
31 14 44
31 15 42
31 15 42
30 16 40
31 14 40
32 13 41
32 14 42
32 14 43
31 14 42
31 14 45
31 11 43
31 14 41
32 14 40
30 14 41
31 15 42
32 14 41
33 13 42
32 13 41
32 14 43
31 14 42
31 13 41
32 13 41
31 13 40
32 16 42
32 16 44
33 16 44
34 14 44
34 12 44
32 15 42
33 14 42
34 15 43
33 15 43
33 16 43
34 15 43
33 16 45
33 16 44
34 16 46
34 16 46
34 17 47
33 16 45
34 17 45
33 16 46
33 14 44
34 16 44
34 15 45
33 17 44
33 16 44
32 16 45
32 17 44
32 16 44
34 15 45
33 15 44
33 15 44
32 16 45
34 15 44
33 15 44
34 15 44
34 16 44
33 16 44
32 14 44
32 16 44
33 16 43
32 15 43
33 16 42
31 15 42
33 16 43
34 16 45
32 17 44
34 20 46
35 20 48
34 25 49
36 24 49
35 27 51
36 31 51
35 29 53
35 33 53
34 37 54
34 37 54
34 38 53
33 40 53
33 42 52
33 42 52
35 42 52
33 40 51
35 42 51
34 41 50
34 44 50
34 44 50
34 44 50
35 46 48
35 46 49
34 45 48
34 47 48
34 46 48
35 46 48
35 46 48
36 47 48
36 45 48
37 46 47
37 44 47
36 46 48
35 46 48
38 45 48
36 45 47
37 45 48
38 42 48
37 44 47
37 41 49
37 45 50
36 45 47
38 44 49
37 44 48
38 44 48
38 45 48
38 46 47
36 45 48
36 43 48
37 44 48
37 45 48
37 45 48
37 44 48
37 44 48
37 46 48
38 44 48
38 44 48
35 41 49
36 35 50
34 43 48
36 44 49
36 48 49
38 48 50
38 46 49
38 45 49
36 43 47
38 44 49
37 40 48
38 43 47
36 43 48
35 40 45
36 45 47
35 46 48
35 43 47
33 44 47
34 46 48
36 45 49
34 43 50
32 46 50
33 47 53
34 48 54
34 45 52
36 41 48
35 40 51
34 40 53
34 39 52
35 40 51
34 39 52
33 38 51
34 39 52
33 39 52
34 40 52
33 40 52
35 38 52
34 35 53
34 40 52
33 38 52
34 38 52
33 38 52
34 38 52
33 39 52
32 38 51
34 39 51
34 39 51
33 39 51
33 38 51
33 38 51
33 39 52
33 38 52
33 37 53
34 38 52
34 39 52
33 38 52
32 39 51
32 39 52
33 38 51
31 39 52
34 40 52
32 39 53
34 39 51
33 38 52
33 39 52
33 38 52
32 39 51
33 38 52
33 40 52
32 39 52
34 38 52
33 39 52
33 39 52
32 39 51
32 39 52
33 38 52
33 38 52
34 39 51
33 39 52
33 38 51
33 39 51
32 39 52
33 39 52
33 39 51
33 40 53
32 38 53
32 39 52
32 38 52
33 39 52
33 38 52
33 39 52
32 37 51
33 40 52
32 38 50
32 39 52
33 38 52
32 39 50
34 38 52
33 39 52
32 38 51
35 39 52
34 38 52
33 39 52
32 40 52
33 38 52
34 38 52
33 40 52
33 39 52
32 39 51
33 39 52
34 39 52
33 39 52
33 39 51
32 38 51
33 38 53
33 39 52
33 38 50
32 39 51
33 38 52
34 39 53
33 39 51
32 38 51
32 39 51
33 36 51
33 38 51
33 37 51
34 39 52
34 38 51
33 39 52
33 39 52
33 37 52
33 38 52
32 40 53
33 38 52
34 38 52
34 38 52
33 36 52
33 38 51
33 39 52
34 39 52
33 38 51
33 37 52
32 40 52
33 40 52
33 38 52
33 38 53
33 37 53
33 39 51
33 39 52
33 40 52
34 38 51
33 37 52
33 38 52
33 39 51
33 39 53
33 39 54
33 37 52
33 39 52
33 38 50
33 37 52
34 39 52
33 39 52
33 38 52
34 38 52
34 40 52
34 37 52
33 38 52
33 39 51
32 38 52
32 38 51
33 39 52
33 38 52
34 38 52
34 39 52
34 39 52
33 38 51
33 37 52
33 37 52
33 38 52
33 39 51
33 38 52
33 39 52
34 39 51
33 39 52
34 38 52
33 38 52
33 38 52
33 38 52
33 38 52
34 38 52
33 38 52
32 38 52
33 39 52
33 39 52
33 38 52
34 38 51
35 39 52
34 38 53
33 39 53
34 38 52
34 37 52
34 39 52
32 38 52
33 38 52
32 39 51
34 38 51
33 37 51
34 39 51
34 38 53
33 38 52
33 37 52
34 39 52
32 40 51
34 38 52
32 38 53
33 39 53
33 39 52
33 38 52
33 38 51
33 39 52
34 39 52
34 39 52
33 39 51
34 39 52
33 39 52
33 39 52
34 39 52
35 39 51
34 38 53
34 38 53
33 37 52
33 38 53
34 38 52
34 38 52
34 38 52
34 39 52
34 38 53
33 38 52
33 39 52
32 38 51
34 38 51
34 38 52
33 38 52
33 39 51
34 39 51
33 38 52
33 38 52
33 39 52
32 40 52
34 38 52
33 37 51
34 39 52
34 38 52
34 39 52
33 40 51
34 38 52
33 38 52
33 39 53
33 39 52
34 38 52
33 39 52
33 39 51
34 39 52
35 38 52
32 38 52
35 38 53
33 38 51
35 37 52
34 37 52
33 40 52
35 38 53
33 38 52
32 38 51
34 37 51
34 39 52
34 38 52
33 39 52
34 38 52
33 39 53
33 39 52
34 37 51
34 38 51
33 37 52
32 38 52
34 38 53
34 38 51
35 40 52
34 38 52
33 38 51
35 38 53
34 37 52
34 39 53
33 40 53
34 38 52
33 38 51
33 38 52
33 39 53
34 38 53
33 37 52
33 38 52
33 39 52
34 39 51
34 39 51
33 39 52
34 39 52
33 37 52
34 38 52
34 38 51
33 39 51
33 38 52
33 39 52
34 39 52
35 39 52
33 39 52
33 38 53
32 38 52
34 38 52
33 38 53
33 39 52
34 38 52
34 39 53
32 39 52
34 39 52
32 38 52
32 37 52
32 37 52
34 39 52
33 37 51
33 39 51
34 39 51
33 39 52
33 38 52
34 39 53
34 39 52
34 39 53
33 39 52
33 38 51
33 38 52
34 39 52
34 37 52
34 39 53
35 39 52
34 38 51
34 38 51
33 38 52
34 40 52
34 39 51
32 40 52
35 38 52
34 40 52
34 37 52
33 38 52
34 37 52
34 39 52
34 38 52
34 38 52
35 38 52
35 39 52
33 39 52
32 40 51
35 37 51
33 39 52
34 39 52
33 37 53
33 39 52
33 38 51
34 39 52
33 39 52
34 38 52
34 39 52
34 39 51
34 38 51
34 39 52
34 39 51
35 39 52
35 39 52
33 39 51
34 39 52
33 38 51
34 37 51
34 37 52
34 39 52
35 39 52
34 39 52
34 37 51
34 38 52
34 38 51
34 38 52
35 38 52
34 38 52
35 39 51
33 39 52
35 38 52
33 38 51
34 40 51
33 39 52
35 38 52
33 38 52
34 38 52
34 38 52
34 38 52
35 39 52
34 38 52
34 37 51
34 37 52
34 39 52
34 39 52
34 38 52
35 38 52
34 37 52
35 38 53
35 38 52
35 38 52
34 39 52
34 39 52
33 39 52
34 38 51
33 38 52
33 38 52
33 39 52
35 37 52
34 38 52
34 38 52
34 39 53
35 39 52
33 37 52
33 38 52
34 38 51
34 38 52
34 37 51
33 39 51
33 38 52
34 38 52
33 39 52
33 38 52
34 39 52
35 37 52
34 37 52
33 38 52
34 38 52
33 39 52
33 38 52
34 39 52
35 38 52
33 38 52
34 38 52
35 38 52
35 39 52
34 38 53
35 38 53
34 38 53
35 38 52
34 39 52
34 39 52
34 36 51
34 38 52
33 39 52
34 38 53
34 38 53
35 38 52
33 40 54
32 42 54
33 40 53
34 40 54
35 37 53
35 37 53
35 36 51
38 32 53
37 30 51
37 28 51
37 28 51
38 29 51
39 26 49
40 26 49
38 25 48
37 24 49
38 24 49
37 22 49
38 22 48
37 22 49
37 21 50
37 20 48
39 22 48
38 20 48
37 20 47
38 19 47
37 19 47
37 20 48
36 19 47
37 19 48
37 20 47
37 19 47
35 19 47
37 17 48
36 18 46
36 19 47
36 18 47
35 16 45
35 17 47
36 17 46
35 19 46
36 17 47
35 16 48
35 18 46
35 17 44
36 17 45
34 16 44
35 15 44
34 15 42
38 15 43
28 20 40
29 09 49
33 15 40
31 15 43
32 14 42
33 15 41
34 16 42
35 16 42
32 12 45
31 14 42
33 13 41
32 13 43
31 15 43
32 15 42
32 15 43
32 14 42
32 14 41
33 14 41
31 13 43
32 13 42
32 15 41
32 15 41
32 14 42
31 15 43
31 13 42
30 14 39
29 15 41
31 16 41
31 15 42
32 14 41
32 13 41
32 12 41
31 13 42
33 15 43
30 15 43
32 13 41
32 12 41
30 14 42
31 15 41
30 14 41
31 14 40
32 13 40
32 13 40
33 13 42
29 12 42
31 13 43
33 16 44
32 14 42
32 12 40
29 13 39
29 15 41
31 14 41
30 13 39
30 13 39
32 13 41
32 15 42
33 14 42
31 13 43
32 14 42
32 14 41
30 13 40
31 13 40
32 14 41
32 14 42
32 15 42
34 14 42
33 14 43
31 12 41
32 14 41
31 13 41
31 14 41
34 14 41
33 14 41
33 13 42
33 14 41
30 13 41
31 14 41
32 13 41
30 12 39
30 12 38
30 13 38
29 11 41
30 15 40
32 17 42
34 16 43
34 21 46
35 21 50
35 22 50
36 23 50
35 24 51
34 25 51
33 28 52
34 28 53
35 29 53
34 31 53
35 31 54
36 30 54
36 30 53
35 34 51
36 34 53
35 36 52
34 36 53
35 37 53
35 38 52
34 41 53
35 41 52
34 43 53
34 41 52
34 41 51
35 41 52
36 44 50
36 43 50
36 41 50
36 42 49
36 41 50
35 41 50
36 42 50
36 44 50
36 45 49
36 46 49
37 45 49
37 46 49
37 46 49
37 45 48
38 44 49
37 43 49
38 43 49
37 43 48
38 43 48
37 42 48
38 43 48
37 43 48
38 41 48
38 42 49
38 43 49
38 43 49
38 44 48
38 42 49
39 43 48
39 44 48
39 46 48
39 44 47
40 44 47
39 44 47
39 41 50
38 42 48
38 44 49
39 44 49
38 44 49
39 43 47
40 43 47
37 44 48
37 46 48
38 42 45
37 44 47
37 43 47
37 41 46
36 44 47
36 45 50
37 40 49
34 43 47
34 45 50
35 43 51
35 42 49
34 43 50
34 44 49
35 43 50
34 45 52
35 46 52
35 43 51
34 43 51
34 45 50
34 43 52
34 41 51
33 42 52
34 41 51
33 40 50
33 38 51
34 42 52
33 40 51
33 40 52
33 39 52
34 40 52
34 39 52
33 40 52
34 39 52
33 39 52
33 41 52
32 40 51
32 39 53
32 40 52
33 40 52
33 39 51
32 39 52
33 39 52
34 38 53
32 41 51
33 39 52
33 39 52
33 39 52
33 39 51
33 38 51
35 39 52
33 39 51
33 39 51
34 41 52
34 40 52
35 38 51
34 39 52
34 39 51
34 39 52
34 40 53
34 39 52
34 38 52
34 38 53
34 38 52
33 39 52
34 38 51
33 39 52
33 39 52
33 39 52
33 39 52
32 40 51
34 38 52
34 37 52
35 39 51
34 40 50
35 41 51
35 39 51
35 39 52
34 40 52
34 39 51
34 40 51
34 38 52
34 39 53
35 38 51
34 38 51
34 38 51
34 38 52
33 39 51
34 39 52
33 38 51
34 39 51
34 39 52
33 38 52
35 39 52
34 39 52
35 38 51
34 38 52
35 39 51
33 38 51
34 40 52
34 39 52
34 40 52
33 39 52
34 38 52
34 40 50
34 40 51
33 38 52
33 39 52
33 38 52
34 39 52
34 38 52
34 39 51
33 39 52
32 40 52
33 39 52
33 40 52
35 38 52
33 39 52
34 39 51
33 39 51
34 39 51
33 40 52
33 40 51
33 39 52
33 39 52
34 39 52
33 40 52
35 39 51
32 40 53
33 39 52
34 39 52
33 40 52
34 38 51
33 39 51
34 39 52
33 39 51
35 39 52
32 39 52
33 38 52
34 40 51
34 39 51
33 40 51
34 40 51
35 38 52
33 38 52
33 38 52
33 38 51
34 39 51
34 39 52
33 39 53
33 39 51
33 39 51
33 39 53
34 39 52
33 39 52
33 38 52
34 38 52
35 39 51
35 38 52
33 39 51
34 37 51
33 39 52
33 39 51
34 40 52
33 40 52
33 39 52
33 39 51
35 39 51
34 38 51
34 39 52
33 37 51
32 38 52
32 38 52
34 38 52
34 39 51
34 39 52
34 39 51
34 38 52
33 39 51
33 40 52
34 39 51
32 40 52
33 40 52
33 38 52
33 40 52
34 39 52
34 39 51
32 39 52
35 39 52
34 39 51
33 38 52
32 38 51
34 39 51
34 40 52
33 39 52
33 40 52
33 39 52
33 38 52
33 39 52
33 38 53
33 40 52
33 38 52
32 39 51
32 39 52
33 38 52
32 38 52
32 39 52
32 39 51
33 39 51
33 40 51
34 39 52
33 38 52
34 39 51
33 41 51
33 39 52
35 38 52
33 39 52
33 38 51
33 38 52
32 39 52
35 40 51
33 39 51
33 38 52
33 39 51
33 39 51
34 40 52
34 40 52
33 39 51
34 40 51
34 41 51
33 39 52
34 39 52
33 39 51
35 39 52
35 38 51
32 40 52
33 38 52
33 39 52
33 39 50
34 39 52
33 39 52
33 40 51
33 39 53
34 38 53
34 39 52
33 39 52
33 40 51
34 39 51
33 39 51
33 38 52
35 40 51
33 38 51
34 40 51
33 40 51
33 39 52
34 40 52
33 40 51
33 39 51
35 40 52
34 39 52
33 40 51
33 38 52
35 38 52
33 39 53
35 39 51
34 39 51
34 40 51
34 39 51
35 38 51
34 39 52
33 38 51
34 40 53
33 40 51
34 40 53
35 38 53
33 39 51
34 38 52
34 39 52
32 39 51
34 40 52
34 37 53
34 39 52
33 40 52
32 39 53
33 39 52
34 38 51
34 38 52
34 37 52
35 38 52
34 38 52
33 38 52
33 39 52
34 38 52
34 39 52
33 39 52
34 39 53
34 38 52
34 38 52
34 39 51
34 38 52
34 38 52
34 37 53
34 39 52
34 37 52
33 38 52
34 39 51
33 39 51
34 39 51
34 38 52
33 38 51
33 38 51
34 37 51
33 38 51
34 39 52
34 39 52
35 37 51
34 39 51
35 38 51
34 38 52
33 37 52
34 39 53
33 39 52
34 38 52
34 39 53
33 39 52
33 38 52
33 38 52
33 39 52
34 39 52
34 39 52
34 38 53
34 38 51
34 40 51
33 38 52
34 38 52
33 39 51
34 37 52
34 39 52
34 38 52
33 38 52
34 37 52
34 39 52
33 39 53
34 38 52
32 38 53
34 38 52
35 38 52
34 39 52
34 39 52
35 38 52
33 38 52
34 38 51
34 39 52
34 38 52
34 39 51
34 38 51
34 38 52
34 38 52
35 38 51
33 39 52
34 39 52
35 40 51
33 40 52
34 39 52
34 38 52
34 39 52
33 39 51
34 38 51
34 40 51
35 38 52
33 38 52
35 39 53
34 38 52
34 40 51
33 39 52
34 38 52
34 39 52
34 39 51
33 39 51
34 39 52
35 38 52
33 39 52
34 37 51
33 40 52
35 39 52
34 38 51
34 39 52
35 38 51
35 39 51
34 39 51
34 39 52
34 39 51
34 39 51
34 38 52
33 38 52
35 38 52
34 38 52
35 38 52
34 38 53
33 40 52
33 39 52
34 39 52
33 40 52
34 39 51
34 38 52
34 38 52
34 38 53
35 39 52
34 38 51
34 38 53
34 39 52
34 39 52
34 40 53
34 38 52
34 38 51
34 38 52
35 39 52
34 39 51
34 39 52
35 39 52
33 40 52
35 40 52
34 39 52
34 38 52
34 38 51
34 38 51
33 40 52
35 39 52
35 39 52
33 38 51
35 39 51
34 38 51
33 40 51
33 39 52
34 38 52
35 39 51
34 38 51
34 39 52
34 39 53
35 39 52
34 38 51
34 38 51
33 39 51
35 39 51
34 38 52
35 38 52
33 39 52
34 38 53
35 39 51
34 39 51
34 39 52
33 39 52
33 39 51
34 39 52
34 39 52
34 38 52
34 38 52
33 38 52
35 38 52
34 38 51
34 38 52
34 38 52
33 38 51
34 38 53
34 38 52
33 38 52
36 38 52
33 38 52
33 38 52
35 38 52
34 38 51
35 38 52
35 38 52
34 38 52
34 38 52
33 38 52
34 37 52
33 37 51
34 37 53
33 36 52
34 39 51
34 37 52
35 37 52
34 37 52
35 36 52
35 38 52
34 38 52
35 37 52
34 37 52
34 38 52
35 37 52
35 37 51
34 37 53
35 37 52
34 37 51
35 37 52
35 39 51
36 37 52
35 36 52
36 36 51
36 37 52
34 37 53
35 36 52
33 38 54
33 39 54
34 41 53
33 41 53
35 41 53
35 40 53
36 40 54
36 37 52
38 36 52
39 35 53
38 33 51
37 30 51
39 28 49
37 27 50
36 23 50
36 23 49
36 23 49
36 24 49
38 22 49
37 21 49
37 23 49
37 21 48
37 19 48
36 20 47
36 20 47
36 20 48
34 19 46
37 19 47
37 21 46
38 19 47
36 18 48
37 19 47
37 19 46
36 17 46
36 17 45
36 17 45
36 17 45
36 17 46
37 17 45
36 16 45
36 18 45
35 18 46
37 17 44
37 21 44
35 15 46
35 14 44
33 16 43
34 16 42
34 15 43
33 16 44
34 15 44
34 17 42
32 17 42
34 17 41
32 15 41
33 17 45
33 20 47
34 26 52
35 27 54
36 29 52
36 31 54
35 32 54
36 36 53
36 35 54
36 38 52
36 38 53
36 37 52
36 38 52
36 40 52
36 40 51
37 39 52
36 41 52
36 42 51
37 42 50
36 42 51
35 42 50
36 41 51
37 41 49
34 42 50
34 44 50
34 44 50
35 47 50
34 44 50
37 45 48
35 46 50
37 44 50
37 44 49
36 44 49
36 44 50
36 43 49
37 44 49
39 44 47
39 44 49
39 43 49
40 42 49
39 40 49
40 40 48
40 38 48
39 40 49
41 39 50
41 42 49
42 40 48
40 41 48
40 42 49
40 42 49
39 43 48
41 39 48
41 42 48
40 43 49
40 44 50
41 42 49
40 41 48
40 43 47
40 44 48
40 40 49
38 42 48
40 43 47
40 44 47
41 44 46
41 47 48
41 46 46
41 43 48
40 44 46
38 45 45
38 44 48
40 42 46
37 44 45
37 45 47
37 42 46
35 46 46
35 46 49
35 41 47
33 45 49
33 46 52
35 44 50
35 46 52
34 47 53
35 46 51
36 43 49
34 45 49
33 44 50
35 42 51
34 41 52
35 40 51
35 38 52
35 41 51
33 40 51
34 40 51
33 41 51
33 37 51
34 39 52
33 40 51
33 40 51
34 39 52
34 39 53
33 41 51
33 39 52
33 41 51
35 39 52
34 39 52
34 39 51
34 38 52
33 41 52
33 39 51
34 39 51
33 39 52
34 40 52
34 39 51
34 40 52
33 40 52
33 39 51
34 40 51
33 41 52
33 39 51
34 40 51
34 39 52
33 40 52
34 39 51
34 40 52
35 39 53
34 39 52
34 38 51
33 38 52
34 40 52
34 39 52
34 39 51
34 38 52
33 39 52
34 39 52
34 38 52
35 38 52
34 39 52
35 38 52
34 38 52
35 38 51
35 37 51
35 39 52
35 38 51
34 38 52
34 39 52
35 37 51
34 38 52
34 38 52
35 37 52
35 37 52
34 38 51
37 38 52
34 39 52
35 38 53
35 38 52
35 38 52
35 39 52
35 39 52
35 38 52
34 37 53
34 37 52
34 38 52
34 37 51
35 38 53
34 38 52
35 38 51
35 37 52
36 38 51
35 38 51
34 38 52
34 37 52
34 37 53
34 39 53
35 38 52
34 37 51
35 37 52
34 39 52
34 37 52
33 38 53
34 37 52
33 38 52
34 38 52
34 37 51
35 38 51
35 37 52
34 38 52
34 38 52
34 38 52
34 36 51
35 37 52
34 37 52
35 38 52
35 37 52
34 37 52
34 38 52
35 37 53
34 37 52
34 37 52
33 37 51
34 38 52
34 37 53
34 38 53
35 38 53
36 38 52
34 37 52
34 37 52
34 38 52
35 38 52
35 37 51
35 37 53
35 38 51
35 37 52
34 37 52
34 37 52
34 37 52
34 37 52
34 37 53
34 37 52
35 36 52
35 39 53
34 37 52
34 36 52
34 37 51
34 37 53
33 36 53
34 37 51
34 37 52
35 36 52
34 37 52
34 37 52
36 37 53
35 37 52
35 37 52
34 37 52
34 37 52
35 37 52
35 37 52
35 37 52
34 37 52
36 36 52
35 37 51
35 37 52
36 37 52
