36 31 52
36 31 52
37 32 53
37 32 33
37 32 53
36 33 53
35 32 52
37 33 53
35 32 52
36 33 51
35 32 52
36 32 52
35 32 53
36 32 52
35 33 53
36 31 52
35 31 52
36 33 53
37 31 53
36 32 53
37 31 52
35 32 52
34 32 52
35 32 52
35 31 53
36 31 53
35 31 53
36 31 52
36 32 52
37 32 52
36 31 53
37 31 53
36 31 53
37 32 53
36 32 51
37 32 52
36 32 51
36 31 52
37 32 52
35 33 52
36 32 53
35 31 53
36 31 53
36 31 52
36 32 53
36 31 52
37 32 52
36 32 53
36 32 52
35 30 53
34 33 53
35 33 52
34 32 53
35 31 53
35 32 53
36 32 52
36 33 53
35 32 53
36 32 52
35 33 54
35 31 52
33 33 53
34 31 53
34 33 52
35 30 53
34 32 53
33 33 53
34 31 53
34 32 52
35 31 53
35 30 52
34 32 53
35 31 52
34 33 52
35 32 53
33 32 53
34 31 52
35 30 54
36 33 52
35 32 54
36 32 52
36 31 52
35 34 53
35 35 54
35 36 52
34 39 50
33 35 52
32 37 51
32 35 51
31 34 51
32 36 51
32 37 53
31 37 53
30 41 53
31 36 51
30 38 50
31 42 51
30 43 52
32 43 50
32 40 50
31 40 50
34 41 50
33 39 51
36 39 52
35 39 53
36 39 52
36 41 54
35 38 55
36 36 55
38 33 53
38 33 53
38 33 54
38 30 52
37 31 51
37 27 52
37 27 52
36 26 50
37 25 50
35 24 49
35 25 49
37 24 49
36 23 50
36 23 49
36 22 50
36 23 49
36 22 48
36 23 49
36 20 48
37 21 48
37 21 48
37 19 49
36 17 50
36 20 50
36 20 48
36 21 49
37 16 48
36 20 47
37 19 45
37 20 45
31 14 51
36 18 43
34 17 44
35 14 41
33 16 42
35 17 45
36 18 46
38 18 49
37 17 49
37 16 46
34 15 43
35 12 42
33 14 42
32 13 42
35 15 42
35 16 44
36 16 43
36 16 44
35 16 44
34 15 44
33 15 44
34 16 42
32 17 44
33 15 46
34 18 49
35 19 47
36 19 48
37 19 47
38 18 47
38 21 48
38 20 49
37 18 48
37 21 48
40 22 50
39 20 49
37 21 48
37 20 49
38 21 49
37 18 48
37 20 48
36 20 47
36 18 45
35 18 46
36 18 47
37 19 48
37 20 46
36 18 46
38 19 47
36 17 46
34 17 44
36 19 45
30 17 44
33 15 45
32 16 39
33 16 40
32 17 43
34 20 46
34 26 49
34 30 53
36 33 55
35 36 55
35 35 54
36 37 55
36 39 55
35 40 54
35 42 53
35 44 53
36 43 52
36 44 52
36 43 51
36 42 50
36 42 51
36 43 50
37 41 49
37 42 48
38 42 49
39 40 48
38 42 48
39 41 49
39 41 48
39 42 48
38 43 48
39 41 49
37 44 49
37 44 49
39 45 49
39 46 48
40 44 48
39 44 48
39 42 48
38 43 49
40 45 47
39 43 47
38 44 46
40 43 47
38 43 47
37 39 45
36 42 47
35 43 48
35 42 48
35 42 49
33 45 51
33 43 52
35 41 53
35 43 53
37 42 54
33 39 54
33 38 53
33 37 52
33 36 53
33 32 53
33 35 52
35 35 52
33 36 53
33 36 52
32 36 53
31 35 53
33 36 53
32 36 52
33 36 52
32 36 52
32 36 53
32 36 53
32 35 52
32 35 53
33 37 52
32 36 53
31 37 52
33 36 53
32 35 52
32 36 52
31 37 51
32 37 52
33 38 52
32 37 53
32 38 53
33 36 53
33 37 52
31 36 52
31 36 53
32 36 53
32 37 52
33 35 52
32 35 52
33 37 53
32 38 53
31 35 53
32 36 52
32 36 52
34 36 53
32 36 53
34 35 53
33 37 53
32 35 52
32 36 53
32 36 53
33 37 53
34 36 53
33 37 52
32 36 52
33 35 54
32 37 52
33 38 53
31 36 53
32 37 53
32 37 52
33 37 53
33 36 52
33 38 52
33 37 53
32 37 52
34 37 52
33 37 52
31 38 53
32 37 52
33 37 52
32 37 52
32 38 52
32 37 52
32 36 53
32 38 52
32 37 52
32 37 52
33 36 52
33 37 53
32 37 52
32 36 51
33 38 52
32 37 52
32 38 52
34 37 53
33 36 52
32 36 52
33 37 52
32 37 52
32 38 52
32 37 53
31 37 53
33 37 52
33 38 52
31 38 52
33 37 52
32 38 52
32 38 52
32 38 52
32 38 52
32 36 52
32 37 52
32 37 52
33 37 53
32 36 52
33 38 53
33 38 52
33 38 53
32 37 52
32 37 53
32 37 52
32 38 53
32 38 52
32 37 52
33 36 53
33 37 52
33 38 53
33 38 52
33 37 51
32 38 52
32 36 52
33 37 52
32 37 52
32 36 52
32 36 52
31 37 52
33 38 52
33 37 53
32 37 52
31 37 53
33 36 51
33 37 52
32 37 52
32 37 52
34 38 52
32 37 52
33 37 52
32 36 52
33 37 53
33 38 53
31 37 53
33 36 52
33 37 51
32 37 52
33 37 53
32 37 52
32 36 52
31 37 52
33 38 52
32 37 53
33 36 53
33 37 52
32 37 52
34 38 52
33 36 53
33 37 52
32 36 52
32 37 54
32 37 52
32 37 52
32 36 52
33 37 53
33 36 53
32 38 52
32 38 53
32 37 53
33 37 53
32 37 52
32 37 51
33 37 53
33 38 51
31 37 52
33 38 53
34 36 52
32 37 51
32 38 53
34 36 52
33 38 53
33 38 51
33 38 53
33 37 52
33 36 52
33 37 52
33 37 52
32 36 53
33 36 53
32 37 52
33 37 51
33 37 52
32 37 52
33 38 51
33 37 52
34 36 53
34 36 52
32 37 51
33 37 52
33 37 52
32 37 51
32 38 53
32 38 53
33 37 53
32 36 52
33 37 52
32 37 52
33 37 52
33 37 52
34 37 52
31 37 53
33 36 52
31 38 52
32 36 52
33 37 52
33 37 52
34 38 52
33 37 52
32 38 52
33 37 52
33 38 52
34 37 51
33 37 51
33 38 53
33 37 52
33 37 52
33 36 52
33 37 52
34 37 53
32 38 52
32 36 52
32 37 52
32 37 52
33 38 52
33 37 53
31 38 53
32 37 52
32 38 53
32 36 53
31 37 51
32 38 53
33 37 52
33 36 52
32 37 51
31 39 53
33 36 52
32 36 52
33 37 53
34 35 52
32 37 52
32 38 52
33 38 52
33 36 52
32 37 52
32 37 53
33 37 52
33 37 54
33 38 52
32 38 53
33 37 53
33 37 52
33 38 51
32 38 51
32 39 52
33 37 52
33 37 52
33 36 52
33 38 52
33 37 52
32 37 52
33 38 51
32 37 52
33 37 52
32 37 53
33 38 52
33 37 52
33 38 53
32 37 53
32 38 52
33 36 52
32 38 52
33 37 52
33 37 52
33 37 53
32 37 52
32 37 53
32 38 52
33 37 52
32 37 52
33 37 52
33 37 52
32 36 53
32 38 53
33 36 53
32 37 52
33 37 52
32 36 51
33 38 52
32 36 52
33 37 53
32 38 52
34 37 53
34 37 52
32 36 52
32 35 52
33 36 52
33 36 52
32 37 51
33 37 53
34 37 52
32 37 52
33 36 53
33 37 52
34 38 53
34 37 51
33 37 52
32 38 52
33 36 52
33 38 52
33 36 53
32 37 52
33 36 52
32 36 53
32 39 52
32 36 53
32 37 53
33 37 52
32 36 53
34 36 52
34 37 53
33 37 52
33 37 52
31 36 52
33 36 53
33 36 53
33 36 52
32 37 52
33 38 52
32 35 53
32 37 52
33 37 53
33 37 52
32 37 52
33 37 53
31 38 53
33 37 52
32 37 53
32 37 52
34 38 52
32 37 52
33 37 53
32 37 52
34 37 53
33 37 53
32 37 52
33 36 52
33 38 52
33 38 53
34 38 53
33 38 51
32 38 52
32 37 52
33 38 52
32 36 52
33 37 53
33 37 52
33 37 53
32 36 52
32 37 53
33 37 52
32 38 52
32 37 53
32 37 52
33 39 52
33 36 52
32 38 52
33 37 52
32 36 53
33 37 52
32 37 52
32 36 52
34 36 52
31 37 53
33 37 52
33 38 52
32 37 53
33 37 52
33 37 52
32 37 52
32 38 52
32 37 52
32 37 52
33 37 52
33 36 52
33 37 53
32 37 52
32 38 51
34 38 51
33 37 52
32 36 52
33 38 52
32 38 51
33 37 52
33 37 52
33 36 52
33 37 52
33 36 52
32 37 52
32 36 52
33 36 52
33 37 52
32 37 53
34 37 53
33 36 53
32 38 52
31 38 52
33 37 52
32 35 51
31 37 53
32 38 52
32 36 51
32 37 52
33 38 53
33 38 53
33 37 54
32 37 52
33 37 52
33 36 52
33 37 53
34 38 52
34 37 52
33 37 53
34 36 53
32 38 53
32 38 52
34 38 53
32 37 52
33 37 52
33 38 53
33 37 53
34 37 51
32 37 53
33 37 53
33 37 54
33 37 52
33 37 51
33 36 52
34 36 52
32 37 52
33 36 52
33 37 52
33 36 52
33 36 53
33 37 53
34 37 52
33 38 52
34 36 52
33 37 53
32 36 53
33 36 52
33 37 53
32 36 53
33 37 53
33 38 52
31 36 52
33 37 53
32 36 51
33 37 52
33 37 52
34 37 52
32 37 53
32 39 52
33 36 53
33 37 52
34 37 52
33 37 52
33 38 52
34 37 52
32 37 52
32 37 52
33 37 53
33 37 52
33 36 52
33 37 52
33 37 53
32 37 52
31 37 52
33 36 52
33 37 52
34 37 52
33 35 52
33 38 51
34 36 52
32 37 52
31 37 52
33 38 52
33 38 54
32 36 52
33 35 52
33 38 52
33 38 53
32 38 53
33 38 52
32 37 53
32 38 52
32 36 52
32 37 53
33 38 52
33 38 52
32 36 52
32 37 52
33 37 53
34 37 52
34 36 52
32 38 53
33 37 52
34 35 52
33 36 53
32 38 52
34 37 52
34 36 53
34 37 52
34 36 53
33 37 53
33 35 52
33 37 51
34 37 51
32 37 53
31 37 52
30 36 51
30 39 52
33 36 52
31 35 53
30 34 54
30 38 57
30 42 55
30 38 53
32 35 56
35 34 54
36 29 51
38 28 50
39 24 51
40 25 51
40 22 50
39 22 48
39 24 47
39 22 47
39 21 48
36 21 47
36 19 46
35 20 48
36 19 48
35 20 48
36 18 47
34 18 48
36 21 48
35 19 49
35 20 48
36 18 47
35 18 48
35 19 48
35 17 49
35 19 47
36 20 46
35 18 47
36 17 46
34 15 46
35 15 44
34 16 44
34 16 43
37 19 40
25 15 50
34 16 43
32 16 42
33 15 44
32 16 43
32 17 44
34 16 45
33 15 44
33 16 47
33 14 43
32 14 43
34 14 43
33 14 43
33 14 43
33 14 44
33 15 43
32 14 43
30 13 40
31 16 41
31 16 43
32 18 49
34 17 48
34 18 47
36 18 49
37 20 48
37 17 47
36 20 47
37 20 49
37 19 48
36 20 48
36 20 47
37 19 47
36 18 47
34 19 48
35 19 47
36 16 47
35 18 48
35 19 46
34 17 48
35 17 45
34 19 45
36 19 45
34 19 43
35 12 48
35 17 41
32 15 40
33 14 37
34 16 42
32 18 45
33 25 48
35 29 51
34 31 54
36 35 55
36 36 55
35 38 55
36 38 56
35 43 55
35 42 53
35 42 53
36 44 53
37 43 52
37 42 52
37 43 50
36 41 49
37 41 50
38 41 48
38 41 49
38 41 49
39 41 49
39 42 49
38 41 50
39 41 50
40 41 49
39 41 49
40 40 50
40 41 49
40 40 49
39 41 49
39 40 48
39 41 49
40 41 49
40 42 49
39 42 48
41 42 48
41 41 49
40 42 49
40 42 47
39 44 47
41 40 48
39 42 49
40 42 49
40 41 48
41 42 48
40 42 48
39 44 51
39 40 47
37 43 46
36 44 48
35 46 48
36 42 46
35 46 46
35 47 49
36 42 50
33 47 51
31 52 57
35 44 53
35 38 49
33 40 51
35 37 51
33 38 52
35 40 53
34 35 53
35 33 54
34 35 53
33 33 53
33 32 54
33 34 53
31 36 52
32 34 53
32 33 53
32 34 52
32 34 53
33 35 54
32 33 52
32 35 53
32 35 54
32 34 54
34 35 51
33 34 52
32 34 52
33 34 53
33 35 53
33 34 52
33 34 53
32 36 52
32 34 53
32 34 53
34 34 53
33 35 53
33 35 52
32 33 52
34 33 53
33 34 53
33 34 52
34 34 52
33 33 53
32 32 53
32 34 53
33 34 52
33 34 52
33 33 53
34 36 53
33 33 52
32 34 53
32 33 53
33 35 53
33 34 53
33 34 51
34 34 53
32 33 52
32 34 52
34 34 53
33 33 52
33 34 52
32 36 54
33 33 53
32 33 53
34 35 53
33 32 53
33 34 52
33 34 54
33 34 53
33 34 53
33 35 53
32 35 53
34 35 52
31 34 52
32 35 52
34 35 53
32 35 53
32 34 53
33 35 52
32 33 54
33 34 52
32 35 53
33 34 53
32 35 52
33 34 52
33 34 53
33 33 52
32 33 53
33 33 52
34 33 53
33 34 53
32 34 52
32 33 52
34 36 52
32 34 53
33 34 53
33 33 53
33 34 52
33 34 53
32 34 53
32 33 52
33 35 54
32 34 52
33 35 53
32 34 52
32 34 54
32 34 53
33 34 53
32 34 53
32 35 53
33 32 53
32 36 53
32 32 53
33 34 52
31 35 53
32 33 53
33 34 53
33 33 52
32 34 53
33 33 54
33 34 53
33 34 52
32 34 53
32 33 53
32 35 52
33 34 53
33 34 52
32 35 52
33 34 53
33 34 52
31 34 53
32 35 52
34 34 53
32 34 53
33 33 52
32 35 52
32 34 52
32 34 53
32 34 53
33 33 53
33 34 54
33 35 52
33 35 54
33 34 54
33 34 52
33 34 54
32 32 53
34 33 52
33 34 53
33 33 52
34 34 53
33 34 53
33 34 53
34 34 52
33 35 53
33 34 52
33 34 53
32 33 52
34 33 53
32 34 53
33 34 53
33 34 53
32 34 53
32 33 52
32 33 52
33 34 53
33 35 53
34 34 52
33 34 53
33 34 53
33 33 53
33 34 53
33 33 53
34 33 53
33 33 53
32 34 53
34 32 53
34 33 53
33 34 52
32 34 52
33 33 53
33 34 53
34 34 53
34 34 53
33 33 53
33 33 52
33 34 54
33 33 54
33 33 53
33 33 53
33 33 52
32 34 53
34 34 54
32 33 52
33 33 53
32 32 53
32 34 52
32 33 53
33 33 52
33 33 52
33 34 53
34 34 52
33 33 53
33 34 52
33 34 52
33 32 52
33 33 52
34 34 52
33 34 53
32 33 53
33 35 52
33 32 53
34 34 53
32 33 53
32 33 54
33 35 52
33 34 53
33 34 53
32 34 53
33 33 53
32 34 53
32 33 54
34 33 52
33 33 53
33 33 53
31 34 52
32 32 52
33 34 52
32 34 52
33 32 52
33 34 53
33 33 53
33 33 52
32 35 53
33 35 53
34 34 53
33 33 53
32 34 53
33 35 53
33 34 53
33 34 54
34 33 53
32 34 51
32 35 54
33 34 53
34 33 52
33 35 52
32 35 54
32 34 52
33 34 52
33 34 52
33 32 52
33 33 53
33 33 53
33 34 52
33 34 54
33 34 52
34 34 53
33 34 53
33 33 54
32 34 52
33 34 52
32 33 53
33 33 53
33 33 53
33 33 52
34 33 54
33 33 53
33 35 53
33 33 53
33 33 53
33 34 52
32 34 52
34 33 53
33 34 52
33 35 52
32 34 54
33 35 52
34 33 52
33 33 53
33 33 53
33 34 53
33 34 52
33 34 53
34 34 53
34 34 53
32 34 53
34 32 52
33 33 53
33 34 53
33 33 53
34 33 53
34 34 53
33 34 53
34 34 53
32 34 53
33 34 53
33 33 52
32 34 53
33 34 53
33 33 53
33 34 53
33 34 53
33 35 53
33 33 52
33 34 52
33 33 52
33 34 52
33 34 53
32 33 52
33 33 53
33 33 53
33 33 53
33 34 53
33 33 52
33 33 52
34 34 52
34 34 53
33 33 53
33 33 53
33 34 53
33 33 53
33 34 52
33 33 53
34 33 52
33 32 53
32 33 52
34 33 53
33 34 53
33 33 52
33 33 53
33 35 52
33 33 53
32 34 53
33 33 53
33 33 53
33 33 53
32 33 54
33 33 53
33 34 53
32 34 53
34 33 52
33 33 52
34 34 53
33 33 54
32 34 53
34 33 53
33 33 53
34 34 54
34 33 53
33 34 54
32 33 53
32 33 52
33 33 53
33 32 54
33 34 53
34 33 53
33 34 53
33 34 53
33 35 53
34 35 52
33 35 53
34 35 53
33 34 52
33 33 53
34 34 54
33 34 53
33 34 53
33 33 53
34 33 53
33 34 52
33 34 53
33 34 53
32 34 54
33 33 53
33 33 52
34 34 53
33 34 52
33 33 53
33 34 53
33 34 53
34 33 53
33 34 54
34 34 53
33 34 53
33 34 54
32 34 53
32 33 52
33 33 53
33 33 51
34 33 53
33 34 53
33 34 53
34 33 52
34 34 53
32 33 53
33 33 53
32 33 53
33 33 53
33 32 53
33 33 53
33 34 53
33 33 52
32 34 53
33 34 53
33 34 53
33 33 53
33 34 53
34 33 52
34 34 52
33 32 52
33 33 53
32 33 53
33 34 53
34 33 52
34 33 52
33 33 53
34 33 52
32 33 53
34 34 52
33 32 52
33 33 52
34 33 53
33 33 52
34 33 53
33 34 53
33 34 53
35 34 53
33 33 54
32 34 53
33 33 53
34 33 52
32 34 53
33 35 52
33 34 53
33 33 53
33 32 53
32 33 52
33 33 53
35 33 52
33 33 53
33 34 53
32 33 53
34 34 52
33 32 52
33 33 53
33 32 52
33 34 53
34 33 53
33 33 53
34 32 53
33 34 53
33 33 53
32 32 52
34 33 53
33 33 53
33 32 53
34 33 53
33 31 52
33 35 53
33 34 53
34 33 53
34 32 52
32 33 52
32 33 52
33 34 52
34 32 52
32 33 53
34 33 53
33 34 52
33 33 53
32 33 52
33 33 54
33 32 53
34 33 53
34 31 52
33 33 52
34 34 53
33 33 53
34 33 53
34 34 53
33 33 53
33 34 53
33 33 52
34 33 53
33 33 53
32 33 54
32 34 54
33 33 52
32 33 53
34 34 52
34 33 53
33 34 53
34 34 52
34 33 54
33 34 53
34 33 53
34 34 53
33 33 53
33 32 53
33 34 53
33 34 53
32 34 53
33 33 53
33 32 53
34 33 54
33 33 53
33 32 53
35 33 52
33 33 53
33 35 53
33 33 53
33 32 53
34 33 53
34 34 52
33 32 53
34 33 54
32 33 52
34 33 53
33 34 53
33 32 52
33 34 52
33 34 52
34 33 53
33 32 54
32 34 53
33 33 53
32 32 52
33 33 52
35 33 54
33 34 53
33 33 53
33 32 53
33 32 54
33 34 53
34 32 52
33 33 53
33 34 53
33 33 52
34 34 53
34 34 52
33 31 53
33 33 52
34 33 53
34 33 52
33 34 53
32 33 53
33 34 52
34 33 52
34 33 52
33 34 53
33 34 54
33 33 52
34 33 53
34 34 53
33 33 53
33 32 53
32 34 54
33 34 53
34 33 52
33 34 54
34 33 53
33 32 53
34 34 52
34 32 54
33 34 52
33 33 53
34 33 53
34 33 52
33 33 52
33 33 53
33 33 52
33 34 53
34 34 53
34 33 53
33 33 53
34 33 53
33 33 53
34 35 52
32 33 53
33 33 52
33 34 53
34 33 53
33 33 53
34 32 53
34 33 54
33 34 53
34 33 53
33 33 53
32 33 52
33 33 53
33 33 52
33 33 53
34 34 53
32 35 53
34 32 53
33 34 52
34 33 52
33 32 53
34 34 53
32 33 52
34 32 54
33 34 52
34 33 53
35 34 52
34 34 52
33 34 54
34 33 52
32 33 53
32 34 52
34 32 52
34 34 53
34 34 53
33 33 53
33 33 52
33 33 52
33 34 53
33 33 53
34 33 52
34 33 53
33 35 53
34 34 53
34 33 52
34 33 53
33 33 53
33 33 52
34 34 52
33 35 52
33 34 52
32 33 53
33 34 54
33 33 52
34 33 52
33 33 53
33 34 53
33 33 52
33 33 52
33 34 54
32 32 52
34 33 53
33 33 52
33 34 53
34 33 53
33 33 53
33 33 54
31 33 53
33 33 52
34 32 52
33 33 52
33 33 53
34 31 54
35 34 52
32 35 54
32 31 52
33 36 53
35 32 51
34 33 53
34 34 53
34 33 52
33 35 53
33 32 52
33 33 53
33 33 53
33 33 54
33 32 52
34 35 52
33 33 54
34 33 53
33 33 53
32 33 52
33 34 52
32 34 53
33 32 53
33 34 53
33 33 52
33 33 53
32 34 53
35 32 52
32 33 53
33 33 53
34 35 52
35 33 52
34 33 53
34 32 53
32 34 52
35 34 54
34 34 52
33 34 54
35 33 53
33 33 54
34 33 53
33 32 54
33 34 53
35 34 53
33 33 52
34 33 53
34 33 53
34 34 52
33 33 54
34 33 53
34 33 53
34 33 54
33 33 53
33 34 51
33 34 53
33 34 53
34 33 53
34 34 53
32 33 53
34 32 53
32 34 53
33 33 52
34 33 53
32 33 53
33 34 53
33 33 51
34 32 52
33 32 54
32 33 53
34 33 53
33 33 53
33 34 54
33 33 53
34 34 53
34 33 52
33 33 53
34 34 53
34 33 52
33 33 52
33 33 52
33 33 53
33 33 52
33 33 53
33 33 52
33 33 53
34 33 52
32 34 53
33 32 52
33 34 53
34 33 53
32 32 53
33 33 53
33 33 52
34 33 53
34 34 53
34 34 54
34 33 53
33 32 53
33 33 53
34 32 52
32 33 53
32 33 53
33 34 52
34 33 52
33 35 52
34 32 53
32 33 53
35 32 52
34 34 53
32 32 52
33 34 54
33 34 53
34 33 52
34 33 53
32 34 52
32 33 53
33 33 53
33 33 53
34 33 53
33 33 52
32 33 52
33 33 53
33 32 53
34 33 53
34 33 53
34 33 52
33 34 53
32 33 53
34 34 52
33 34 53
35 34 52
33 32 53
33 34 52
30 33 52
33 35 53
33 34 53
33 34 53
33 33 53
33 33 53
34 32 53
32 33 53
33 32 52
34 33 53
32 33 54
34 34 54
33 34 53
33 32 54
33 33 52
33 34 54
33 32 53
33 33 53
34 31 53
33 31 54
33 33 56
32 37 57
33 39 57
36 38 55
36 37 54
37 36 54
38 34 53
36 33 50
39 32 50
37 30 49
36 27 50
36 27 48
36 25 49
35 24 49
34 25 49
34 24 50
34 23 51
33 25 50
33 25 51
35 24 51
34 24 51
34 23 51
34 24 52
31 20 52
32 21 53
33 20 49
33 22 47
33 24 48
32 22 49
33 22 50
34 21 50
34 21 50
33 21 50
34 21 49
34 20 49
34 22 48
35 22 48
36 21 48
35 23 50
34 23 51
34 22 52
35 24 52
37 25 52
37 25 52
39 26 51
38 27 49
37 25 50
36 26 51
37 24 50
37 22 49
38 21 50
36 21 49
37 19 48
36 18 47
35 19 47
35 18 49
36 20 48
34 19 48
37 20 50
35 18 49
35 21 49
36 20 49
36 19 48
35 20 49
35 19 47
37 18 48
34 19 48
34 18 48
34 22 46
34 14 52
33 20 45
35 19 46
34 18 46
34 17 47
35 18 45
33 18 45
35 14 46
34 15 45
34 17 46
35 18 45
33 18 46
33 18 45
32 18 46
34 17 46
34 19 46
34 19 48
33 20 50
33 20 49
35 20 51
35 21 51
36 20 48
36 19 47
37 21 49
37 21 50
36 21 49
36 22 48
38 22 49
37 23 50
37 21 49
36 22 48
37 22 50
37 21 49
37 20 50
36 21 49
37 20 48
36 20 49
35 19 49
36 20 48
35 19 48
37 20 48
36 18 49
35 19 47
34 17 47
34 18 46
36 18 47
33 20 44
34 18 48
32 18 46
33 18 45
32 16 43
32 19 46
32 20 48
32 24 49
34 30 52
36 32 52
36 37 52
36 40 54
38 39 54
37 41 54
38 41 53
36 41 53
38 42 53
38 41 52
38 41 51
38 41 51
38 41 51
38 42 49
37 41 49
38 42 48
39 41 50
38 42 49
39 40 48
39 41 48
40 41 48
40 43 49
40 41 48
40 43 48
40 41 48
40 40 48
39 43 48
40 46 48
40 44 48
40 43 48
39 41 48
40 42 49
41 42 48
40 43 47
40 43 48
41 39 48
40 42 48
40 42 48
40 40 49
40 45 48
41 45 48
40 44 46
37 44 46
38 44 48
36 42 47
34 46 46
33 46 46
34 43 48
33 43 47
30 49 49
32 47 51
34 44 53
33 45 53
33 39 52
35 38 51
34 35 53
32 37 52
32 39 53
32 39 53
31 38 52
32 38 52
32 38 51
32 36 53
32 38 52
31 37 52
31 37 53
31 37 52
32 37 53
32 37 52
32 38 54
31 37 52
31 39 53
33 38 51
33 38 51
31 37 53
32 37 53
32 37 53
32 38 53
32 37 52
32 38 53
33 38 52
31 38 52
32 39 51
33 39 53
33 39 51
31 39 52
33 39 51
31 38 52
32 40 52
32 39 53
32 39 52
33 38 52
32 39 52
33 38 52
32 37 52
32 38 52
32 39 52
32 37 52
32 40 51
33 38 52
32 38 51
31 40 52
32 39 52
33 37 51
31 37 52
33 38 52
33 38 52
33 39 52
33 38 52
32 39 51
33 38 52
31 38 52
33 37 51
33 39 52
32 39 52
32 37 52
32 38 52
32 38 52
31 40 51
32 37 52
32 38 52
32 38 51
32 39 52
31 38 52
33 39 52
31 39 51
33 38 51
33 39 52
31 38 51
32 37 53
32 38 52
32 39 51
32 39 52
33 39 52
32 39 52
31 40 52
32 39 52
33 40 52
32 39 52
33 39 52
32 38 52
33 38 52
34 40 51
31 39 52
31 38 52
32 38 53
31 40 52
32 38 52
32 38 52
31 38 53
32 38 51
32 39 54
32 38 52
32 39 52
33 40 52
32 39 54
31 39 52
32 39 52
32 40 52
32 38 52
33 37 52
32 39 52
33 39 52
32 38 53
32 38 52
31 38 52
32 39 52
32 39 52
32 37 51
31 39 52
32 39 52
32 38 52
32 39 53
31 39 52
32 38 52
31 38 52
32 38 52
32 39 51
33 40 52
32 38 52
32 38 52
33 38 53
31 38 52
34 38 52
30 38 52
32 38 52
32 39 52
32 39 51
33 39 51
32 40 52
32 37 52
33 39 52
32 38 52
33 39 52
32 38 52
32 39 51
32 39 51
33 39 52
32 38 52
33 38 52
31 39 52
33 38 52
33 39 51
31 40 52
32 38 52
33 38 52
32 38 53
33 39 52
32 39 51
33 39 51
33 38 52
32 39 52
32 38 52
32 38 51
33 38 51
34 39 51
32 39 52
33 38 53
32 38 51
33 38 51
32 38 52
32 38 51
33 38 51
32 38 52
33 37 52
32 39 51
32 38 52
34 39 51
32 38 52
32 38 52
32 38 51
33 38 52
32 37 51
33 37 53
32 38 53
32 39 53
32 38 52
34 38 53
33 38 53
32 39 51
32 38 52
33 38 52
32 38 52
32 38 53
33 38 52
33 39 52
33 37 52
34 38 52
34 38 52
33 40 52
33 39 53
32 39 51
33 38 52
33 37 52
33 38 52
31 38 53
32 38 53
32 39 51
32 38 52
33 39 53
31 39 51
33 39 52
33 38 51
31 40 52
33 37 52
33 40 52
32 39 52
33 39 52
32 38 52
34 39 51
32 38 52
32 37 52
34 39 52
33 39 52
33 39 52
31 38 52
33 40 53
33 39 53
33 38 53
33 38 52
32 38 52
32 39 51
32 37 52
33 39 52
33 37 52
33 39 52
33 39 52
33 40 52
33 38 52
32 37 52
32 38 52
32 38 51
33 39 52
33 38 51
32 38 52
32 39 51
32 39 51
32 39 52
32 38 51
33 38 51
32 37 52
32 38 52
32 38 52
33 39 51
33 39 52
34 39 51
33 38 51
33 39 52
33 39 53
35 39 52
32 39 53
33 40 51
33 39 52
32 40 51
32 39 52
33 38 52
32 39 52
33 38 52
33 39 51
33 38 52
32 38 53
33 39 51
33 38 51
32 38 52
32 39 52
33 38 51
32 39 52
33 38 52
33 40 53
33 39 52
32 39 53
34 39 51
33 40 52
32 39 51
33 39 51
32 39 51
33 39 51
33 40 52
32 38 52
32 38 51
33 40 51
33 40 50
33 37 52
32 39 53
33 38 52
33 39 52
33 39 51
34 38 52
32 37 52
32 38 52
33 39 52
33 38 52
32 37 52
32 39 52
33 39 52
32 39 51
32 38 52
32 38 52
33 39 52
31 38 53
32 38 53
34 38 52
33 38 52
33 38 52
32 39 52
31 39 52
33 39 52
33 38 52
32 39 53
32 39 52
32 39 52
32 39 53
33 38 52
32 38 52
31 38 51
32 38 51
33 37 53
32 38 52
33 38 52
32 38 52
33 38 52
33 38 52
32 38 52
32 38 51
33 39 51
32 38 52
33 37 52
33 39 52
33 37 52
32 38 53
33 38 52
33 38 51
33 38 52
33 37 53
32 38 52
32 38 52
32 39 52
32 38 53
31 39 52
33 38 51
33 37 51
33 37 53
33 37 52
32 39 53
32 38 52
33 38 52
32 38 51
32 39 52
33 38 53
34 39 52
32 39 51
33 39 52
33 38 52
33 39 52
33 38 53
32 38 51
33 38 54
33 39 52
33 39 51
33 39 52
32 37 50
32 38 52
32 37 53
32 39 52
33 38 52
32 38 52
33 38 51
32 38 52
33 39 53
33 38 51
33 37 52
32 37 51
33 38 52
33 38 52
32 38 54
33 37 51
32 37 52
33 39 52
34 38 52
33 38 51
32 37 51
34 36 53
34 38 51
33 38 52
32 38 52
33 38 51
33 38 52
33 39 52
33 39 52
32 37 52
32 38 52
33 39 52
33 38 52
34 37 52
32 39 52
33 38 51
33 39 51
34 37 52
33 37 52
32 40 52
34 38 51
32 39 52
33 39 52
32 38 52
33 39 53
33 37 53
32 38 52
33 38 52
33 37 52
33 38 51
32 40 51
34 37 52
33 38 52
33 39 53
32 39 53
32 38 52
33 39 52
32 38 52
32 39 52
32 37 52
33 39 53
32 38 52
32 38 53
33 37 52
33 38 52
32 38 52
33 39 53
32 39 52
33 39 52
33 39 52
32 37 52
33 39 51
34 38 52
33 39 52
32 38 52
32 39 52
33 38 52
34 38 51
33 38 52
33 39 53
33 38 52
33 38 51
33 39 52
33 38 52
33 38 52
33 38 51
33 39 52
33 37 51
33 38 52
33 38 52
33 38 52
32 38 53
33 38 52
33 37 52
33 38 52
33 38 52
32 37 52
32 38 52
33 38 52
32 38 52
35 38 51
32 39 53
33 37 51
33 39 52
33 37 52
32 38 52
33 37 53
33 38 52
32 38 53
33 38 53
33 39 51
33 38 52
33 39 52
33 39 52
33 38 52
34 38 52
33 38 52
32 38 52
33 39 52
34 37 53
32 38 52
33 39 53
32 39 53
33 38 51
33 38 51
32 39 53
32 38 52
33 39 51
34 37 53
33 37 53
32 38 52
32 38 53
32 38 52
31 38 53
33 38 52
33 37 52
31 38 52
34 38 52
33 38 53
33 38 51
34 38 52
34 38 51
32 38 52
32 38 52
33 37 52
34 38 52
32 37 52
33 39 53
34 39 52
33 39 51
34 38 53
32 38 53
33 38 52
33 38 51
33 39 52
33 40 52
33 38 52
33 38 52
32 38 52
33 38 52
32 38 52
33 38 51
32 39 52
32 38 52
31 38 52
32 38 52
32 38 51
32 38 52
34 37 52
32 38 51
31 38 52
32 38 52
32 38 51
32 38 51
32 38 51
33 38 52
33 38 52
33 39 52
34 37 53
33 38 52
32 39 53
33 37 52
34 37 51
34 37 51
34 40 52
34 38 51
32 39 52
32 38 52
32 39 53
32 38 52
33 37 52
32 38 53
33 38 53
32 39 53
33 38 52
34 38 52
33 38 51
33 38 52
32 38 52
34 37 51
34 37 52
34 39 52
33 38 52
33 38 52
32 38 53
33 36 52
33 37 52
33 39 52
31 38 52
34 38 52
33 38 52
33 38 53
33 39 52
33 38 52
33 40 52
32 37 52
33 38 51
32 37 51
32 38 52
32 37 52
30 38 51
32 38 52
33 38 52
33 38 52
33 38 52
32 38 51
32 38 52
33 38 52
35 37 52
32 38 51
33 37 53
32 38 52
32 38 52
33 38 52
33 39 52
32 38 52
34 39 52
32 39 52
33 36 52
33 38 52
33 39 52
32 37 52
32 37 52
34 37 52
32 38 52
33 37 51
32 38 51
32 38 53
32 36 54
33 38 52
31 39 51
33 40 52
33 38 53
33 39 53
32 39 52
33 38 52
32 37 51
33 38 52
33 37 52
34 38 53
32 38 53
32 37 51
33 38 52
33 38 51
33 37 52
32 38 52
32 38 53
33 37 52
33 38 51
31 37 52
33 38 51
32 38 52
32 38 52
33 38 52
34 37 52
33 37 53
33 38 52
32 38 51
33 38 53
32 37 53
33 38 53
33 38 52
31 38 53
33 38 53
34 37 52
32 37 52
33 37 52
33 38 52
33 38 51
32 37 52
32 37 52
33 37 52
33 38 51
33 38 53
33 38 52
33 38 52
33 38 52
33 39 52
33 38 52
32 37 51
33 38 53
33 37 52
33 38 52
33 37 52
32 37 52
34 37 51
33 39 52
33 37 52
32 37 52
33 38 51
33 37 52
32 37 53
34 37 53
33 37 52
34 38 52
33 38 51
32 39 53
34 39 52
32 38 52
32 38 52
33 37 52
33 37 52
33 38 52
33 37 52
33 37 52
34 38 52
33 38 51
34 38 52
33 38 53
33 36 53
32 36 52
32 38 52
33 37 51
32 38 51
33 38 51
32 38 52
32 38 52
34 38 52
34 37 52
33 37 52
33 39 52
32 38 51
33 37 52
32 37 53
34 38 52
32 38 52
32 37 51
33 39 52
32 38 52
33 37 51
33 37 52
33 37 53
33 39 52
32 38 52
34 37 51
33 38 52
33 37 52
33 38 51
33 38 52
32 37 52
34 37 52
32 37 52
32 38 52
33 38 52
33 36 52
34 38 52
33 37 53
33 37 53
32 38 52
33 37 52
33 38 52
34 38 53
33 40 52
33 38 52
32 37 53
33 37 53
33 38 52
32 38 52
31 38 53
31 37 51
33 37 53
33 37 52
32 38 51
33 38 52
32 38 52
32 37 52
32 38 52
32 36 52
32 38 52
33 37 52
32 38 52
32 37 53
33 38 51
32 37 52
32 38 52
32 37 52
32 37 52
33 38 53
33 38 52
32 37 53
32 38 52
33 38 52
32 37 52
33 37 52
33 37 53
32 37 52
32 39 53
32 37 52
33 38 53
32 37 52
33 39 52
32 38 52
33 37 52
33 39 52
33 38 53
33 38 52
33 38 52
33 38 53
33 37 53
33 37 51
32 37 51
33 38 52
32 37 53
33 37 52
34 39 52
33 36 51
34 38 52
34 38 53
34 38 53
32 37 52
33 37 52
34 37 52
33 38 52
32 37 53
33 38 52
34 39 50
33 37 51
33 38 52
33 35 53
33 37 52
33 38 52
33 37 52
34 36 53
32 37 53
32 39 54
34 40 56
33 42 55
34 38 54
35 37 52
36 37 52
37 35 52
36 32 52
36 30 52
36 26 50
35 26 51
34 25 49
35 25 49
33 24 47
35 21 51
34 24 50
33 24 51
34 19 51
34 22 50
33 23 48
36 22 47
35 21 47
34 20 47
35 19 47
34 19 47
35 19 49
35 20 47
36 20 46
35 18 46
37 22 47
36 24 50
38 20 51
37 22 53
38 23 53
37 23 50
38 21 49
38 23 49
38 23 50
38 21 49
36 22 50
38 21 48
38 21 49
38 21 49
37 21 47
37 20 49
35 20 49
36 20 47
37 22 48
36 21 50
37 20 49
36 21 50
37 19 49
39 20 47
39 19 46
35 13 48
35 16 47
31 21 46
35 19 47
34 18 46
35 17 46
35 18 46
35 17 46
34 18 46
35 14 44
36 16 43
35 15 46
37 17 46
35 16 46
38 18 46
36 17 47
37 17 47
36 16 46
36 17 46
35 18 46
34 17 46
35 18 46
36 18 46
35 17 45
35 17 46
36 17 45
36 16 44
37 15 46
36 17 46
35 17 46
34 16 44
34 15 43
34 15 42
33 16 44
34 17 47
35 20 49
35 22 49
37 24 52
36 27 51
35 30 52
36 33 54
35 33 52
35 36 52
35 38 52
33 37 51
34 38 52
33 40 51
35 40 52
35 43 52
34 42 51
34 43 51
35 42 51
36 43 50
35 43 50
35 41 50
34 42 48
32 45 49
31 45 49
32 45 50
31 43 49
30 47 50
29 44 53
32 41 52
33 40 52
31 41 53
33 43 55
33 38 55
34 38 53
34 39 53
36 36 53
37 33 50
36 33 51
37 34 51
36 31 50
37 29 49
38 29 51
38 28 50
37 27 51
37 29 52
37 26 51
36 27 51
36 25 51
36 26 51
37 26 50
36 25 51
36 26 50
37 28 52
36 26 51
36 23 52
36 27 51
35 25 48
36 24 49
33 21 49
33 24 47
34 22 46
34 26 48
34 29 48
35 32 51
35 38 56
36 39 57
36 39 56
37 41 55
34 44 56
36 44 55
35 44 54
35 43 52
36 43 51
36 43 50
35 43 50
36 42 49
38 40 50
37 42 49
37 40 48
39 41 48
39 40 47
39 41 47
38 44 50
38 41 48
38 41 49
39 44 50
39 43 49
40 44 49
40 44 48
38 45 49
40 44 49
38 46 48
39 44 48
38 43 48
38 42 48
40 43 48
38 43 47
41 43 48
39 44 47
38 45 47
39 43 46
38 42 46
37 43 45
36 39 47
36 42 48
34 46 48
35 42 50
34 44 52
35 42 54
33 44 56
34 42 53
36 41 51
34 39 52
34 38 53
33 39 54
33 38 52
33 37 51
34 36 54
34 38 51
34 37 53
32 39 52
33 39 52
32 38 52
33 39 52
33 38 52
32 37 52
32 37 51
32 37 52
32 38 51
33 38 51
34 38 53
34 38 53
34 37 53
33 38 52
34 38 52
34 36 52
33 38 51
32 38 52
33 38 51
32 37 52
32 36 52
32 37 53
32 39 51
34 38 53
33 37 52
33 38 52
33 38 52
34 38 52
33 37 52
32 37 52
34 37 52
32 38 53
34 38 53
34 37 53
33 38 52
34 38 52
32 38 53
33 37 52
33 39 52
33 37 53
33 37 52
32 38 52
32 38 52
33 37 53
34 38 52
32 38 52
32 37 52
34 38 54
33 38 52
33 37 51
32 37 52
34 37 52
33 37 51
31 38 52
34 37 52
33 37 53
34 37 53
33 39 52
32 37 51
32 37 51
33 38 51
33 37 53
33 37 52
33 37 52
33 38 52
32 38 52
33 39 52
33 37 52
33 38 51
33 38 52
33 37 53
33 37 51
32 37 52
32 38 53
32 39 52
33 37 51
34 38 52
33 36 52
33 36 52
33 38 52
33 37 53
33 36 52
32 38 52
33 38 53
34 39 51
34 39 52
32 38 52
33 38 52
34 38 53
34 37 52
33 38 52
33 38 52
32 38 51
34 37 52
34 38 52
32 36 53
32 37 52
33 37 51
32 38 52
32 38 52
32 37 52
33 37 51
33 38 52
32 38 51
33 38 53
31 38 52
33 38 53
33 38 51
32 38 52
32 38 52
33 37 51
34 37 52
33 39 53
33 37 52
33 37 53
32 37 53
34 38 52
33 38 52
33 38 52
33 37 52
33 37 49
34 38 51
33 38 51
34 37 50
32 37 52
33 37 52
33 37 51
35 36 53
33 37 52
33 37 52
33 37 52
33 38 52
33 38 52
33 37 52
33 39 51
33 37 52
33 37 52
33 38 53
33 37 52
33 38 52
33 37 52
32 37 52
33 37 52
32 39 53
32 37 52
33 37 51
33 37 52
33 37 52
34 36 52
34 38 52
33 36 51
33 37 53
33 37 52
34 37 52
33 37 52
34 37 53
33 36 53
33 38 52
33 38 52
33 37 52
34 37 52
33 38 52
34 36 53
35 36 52
33 37 53
34 36 52
32 37 53
33 37 53
33 38 52
35 37 52
34 37 52
32 37 52
33 38 53
33 37 51
33 37 52
33 38 53
33 37 53
32 36 53
33 37 52
33 39 52
34 36 52
34 37 52
34 36 52
32 37 52
32 37 52
34 37 52
34 36 52
34 38 53
33 36 52
32 36 51
33 37 52
34 37 52
33 37 53
32 38 52
33 37 52
34 38 53
33 37 53
33 37 53
33 37 53
33 36 53
33 37 52
33 37 52
33 37 52
34 38 53
33 37 52
34 36 52
35 38 53
33 37 52
33 37 51
33 37 52
34 37 52
34 37 52
33 37 52
33 37 52
33 37 52
33 37 53
32 37 54
34 37 52
33 37 52
32 37 53
33 37 52
33 37 52
34 36 52
33 37 52
33 37 52
33 38 51
33 37 52
33 37 52
34 36 52
34 36 53
33 37 52
34 38 52
33 37 52
34 37 52
34 37 53
34 37 53
34 37 52
33 37 53
32 37 52
33 38 53
34 37 53
33 37 52
33 37 52
34 38 52
34 37 53
33 37 52
34 37 53
32 37 52
33 37 52
33 37 52
33 38 53
33 37 52
33 36 53
33 37 52
34 38 52
35 38 52
33 38 52
33 38 53
33 36 53
33 37 52
35 38 51
32 38 52
34 37 53
33 38 53
33 38 53
33 37 53
33 37 53
34 37 52
33 38 53
35 37 53
34 36 52
33 36 52
33 38 52
33 37 52
33 37 52
32 38 53
34 36 52
34 36 52
33 37 52
34 37 52
34 39 52
33 37 52
33 38 53
34 38 52
34 36 52
34 38 53
34 35 52
33 36 52
33 37 53
33 37 52
35 37 52
35 37 53
34 37 53
35 36 52
34 36 52
33 38 53
33 36 53
35 37 53
33 35 52
34 37 52
32 36 52
34 37 52
34 36 52
34 37 53
34 37 52
34 37 52
34 37 52
34 37 52
33 36 52
33 36 53
34 36 53
32 37 52
32 37 52
33 37 52
33 38 52
32 38 53
34 38 52
34 37 52
34 36 53
34 36 51
33 37 52
33 37 51
34 37 52
33 36 52
34 37 52
33 38 53
35 36 52
35 37 52
34 38 52
32 37 52
32 38 52
33 38 52
33 36 52
34 37 52
34 37 52
33 38 53
33 36 53
33 37 53
34 38 52
35 37 52
34 37 53
32 37 52
35 37 52
34 35 53
33 37 52
34 36 52
33 38 52
34 37 53
33 38 53
34 36 52
33 36 52
34 37 52
33 36 52
33 37 52
33 39 51
33 38 52
34 36 52
34 37 52
34 37 52
34 37 52
33 37 53
33 37 53
33 37 52
34 36 53
33 37 51
33 37 52
33 37 52
33 37 52
34 36 52
34 37 52
33 37 52
32 37 52
33 36 52
32 36 53
34 38 52
34 38 52
35 37 53
34 37 52
34 36 52
33 38 52
34 38 52
33 37 51
33 38 52
34 38 52
34 38 52
33 36 52
34 36 52
34 37 52
34 36 52
34 36 52
35 37 51
34 37 51
33 36 52
31 38 52
34 38 51
34 37 52
34 37 52
34 37 52
33 36 52
34 37 53
32 37 53
34 36 52
33 38 52
33 38 52
33 36 52
33 36 53
34 37 52
33 36 53
34 36 53
32 36 52
34 38 53
34 37 52
33 38 52
34 37 52
33 38 53
33 37 52
33 37 52
34 38 52
33 37 52
34 37 52
34 37 52
33 37 52
33 37 52
34 36 52
34 38 52
33 36 52
33 37 53
34 37 53
33 36 52
33 37 54
34 37 52
33 37 53
33 36 52
34 37 51
33 37 53
33 37 53
34 37 52
34 37 52
33 36 52
33 38 52
34 36 53
34 37 52
34 36 52
32 37 53
34 37 52
34 37 52
34 38 52
34 37 52
35 37 52
34 37 52
34 35 51
34 37 53
34 37 51
35 38 52
33 36 51
36 37 52
34 37 52
34 36 52
34 35 52
33 37 52
34 35 52
34 38 52
35 38 52
33 37 52
34 36 51
34 37 53
33 37 53
34 36 52
33 38 52
34 36 53
34 36 53
35 37 52
34 36 52
34 36 53
33 37 52
34 35 53
33 37 53
33 37 51
34 37 52
35 36 52
33 36 52
34 37 53
33 37 53
34 36 53
34 36 52
33 37 52
34 36 53
32 38 52
34 37 52
34 36 52
34 37 53
33 37 52
34 36 53
34 36 52
34 37 52
34 37 52
34 37 52
34 38 53
34 37 51
33 36 52
34 37 52
34 36 53
34 37 52
33 37 52
34 37 52
34 37 52
34 37 52
33 37 52
34 39 52
35 38 52
34 36 51
33 38 52
34 37 52
34 38 53
34 36 53
33 36 53
34 36 52
33 37 52
32 37 52
34 37 52
34 37 52
34 37 52
32 37 53
34 36 52
35 36 52
34 36 52
34 36 52
35 37 52
35 38 52
34 37 52
34 37 52
34 37 52
33 37 53
34 37 52
35 37 52
34 37 53
35 38 52
35 37 52
34 37 52
33 38 51
33 36 52
34 36 52
33 37 52
33 37 53
33 37 51
34 36 52
33 37 52
34 37 52
34 35 52
33 36 53
34 38 53
33 37 52
34 38 52
34 38 52
34 37 52
34 36 52
33 37 53
34 37 53
33 37 53
34 36 52
34 38 52
34 37 52
34 37 52
33 36 52
34 37 52
34 38 53
34 37 52
33 37 53
34 37 52
33 35 53
32 36 53
34 37 52
34 38 52
34 36 52
35 37 52
34 37 53
33 36 52
34 36 53
34 37 53
34 37 53
34 37 53
33 36 53
34 35 52
34 37 51
33 37 52
34 37 53
33 37 53
34 37 51
34 36 53
34 38 52
34 36 53
35 36 52
34 37 52
34 37 53
34 37 52
34 37 51
33 37 52
34 37 52
35 38 53
34 36 52
34 36 53
34 36 53
33 37 52
32 37 52
34 37 53
34 37 52
34 37 52
34 36 52
33 36 52
33 37 52
35 35 52
34 38 52
34 36 53
33 37 52
33 37 52
33 36 53
34 37 51
34 36 52
36 38 53
34 36 52
34 36 53
34 37 52
35 37 52
35 37 51
33 36 52
34 36 53
35 36 52
34 37 52
34 37 52
33 37 51
33 37 52
35 36 52
35 36 52
34 37 52
33 37 54
33 36 52
33 37 53
33 37 52
33 37 52
34 35 53
35 36 52
33 35 53
34 37 53
33 37 52
34 37 52
34 36 52
33 37 52
34 38 52
35 36 52
34 37 52
35 37 52
33 37 52
34 36 52
34 38 53
35 37 53
33 37 53
35 36 52
34 37 53
34 37 53
34 37 52
33 38 53
34 38 51
34 37 52
34 36 52
35 37 52
34 37 53
35 37 53
32 37 52
35 37 53
35 36 52
34 39 51
35 38 52
34 36 53
34 37 53
34 37 53
35 36 53
36 37 53
35 38 52
35 38 51
35 37 52
35 37 53
35 39 53
34 37 52
34 37 52
34 38 52
34 37 53
34 37 52
35 37 52
34 36 52
35 37 51
34 36 52
35 37 52
34 37 53
35 38 52
35 37 52
33 37 51
34 37 52
33 36 53
35 37 53
35 36 51
35 38 52
36 36 52
35 36 52
35 37 53
33 37 53
34 38 52
35 36 53
34 36 52
35 37 53
36 37 52
35 37 52
34 38 52
35 36 52
36 36 52
34 36 52
35 36 52
35 36 53
35 37 53
36 36 52
36 37 52
35 37 52
36 37 53
35 36 52
36 37 52
34 36 51
34 37 52
35 37 52
35 36 53
35 37 53
35 37 52
36 35 52
35 36 52
35 36 52
35 37 51
35 37 53
35 37 53
35 36 52
35 35 52
35 36 53
35 37 52
34 35 51
36 36 52
35 36 52
35 37 53
35 35 53
36 35 53
35 37 53
34 37 52
35 36 52
35 37 52
35 36 53
35 36 52
34 36 53
34 37 52
34 36 52
35 36 51
34 36 53
35 36 51
35 37 52
35 34 53
35 36 53
35 36 52
34 36 52
35 37 52
34 36 52
33 36 53
33 36 51
34 36 53
36 36 53
35 36 52
34 34 52
35 36 52
34 36 52
35 36 52
35 36 52
35 37 53
35 36 52
35 36 52
35 36 53
34 37 52
35 36 53
34 36 52
34 35 53
35 36 52
33 36 52
34 36 52
35 36 53
35 36 52
36 35 53
34 36 52
35 36 52
35 35 53
35 35 53
35 35 53
34 36 52
34 36 53
35 36 52
35 36 52
34 36 53
35 37 54
34 37 55
33 38 55
34 38 54
34 38 54
35 35 53
37 35 53
37 34 53
39 33 51
39 30 51
39 30 52
38 28 51
39 27 50
39 24 50
38 24 48
38 24 48
39 22 48
38 23 47
37 22 48
37 20 48
38 19 47
37 20 47
37 19 47
37 19 47
36 20 47
37 20 47
37 18 48
38 19 48
36 20 48
36 19 48
36 19 49
36 18 48
37 19 47
36 18 46
38 18 46
31 17 49
36 18 46
36 17 44
35 18 43
34 15 43
35 15 45
35 17 44
35 17 45
36 16 44
36 16 45
33 15 43
35 17 45
33 18 48
35 20 49
36 19 50
37 18 49
37 19 46
39 20 45
39 19 44
39 19 43
36 19 45
35 16 47
35 16 48
34 17 47
35 19 46
39 20 46
29 15 57
35 16 43
35 15 43
34 13 43
34 17 44
35 16 44
36 16 46
37 18 47
38 17 47
37 16 47
35 16 47
35 16 46
37 16 45
36 17 45
35 17 45
37 18 44
37 17 46
36 17 47
35 18 46
35 17 44
33 15 45
33 16 46
34 15 47
35 18 47
37 17 45
37 19 43
37 19 45
39 18 47
40 18 45
39 19 45
40 18 46
39 21 46
38 19 47
38 18 46
39 19 46
37 19 47
35 18 46
35 18 47
36 19 48
35 17 47
36 17 48
36 18 48
36 21 44
32 22 44
35 17 47
34 17 46
34 19 45
31 17 47
34 15 50
36 18 48
39 21 46
41 22 47
39 22 47
38 18 48
37 18 48
38 18 47
37 19 49
37 18 46
37 20 46
37 19 46
36 20 46
34 19 45
36 18 49
36 16 48
36 19 46
36 18 46
33 19 45
35 18 48
35 16 44
35 17 44
34 18 44
36 18 42
35 17 45
36 18 49
34 23 50
36 24 52
36 25 52
35 30 54
34 31 54
36 28 52
36 30 52
36 31 51
36 32 53
34 34 52
35 36 52
36 35 53
35 34 52
35 36 53
34 36 52
35 36 54
35 38 53
34 38 53
33 38 54
33 39 52
35 40 53
34 41 52
33 40 51
32 41 51
33 43 50
34 42 51
33 42 51
32 40 51
32 41 52
32 43 51
31 44 51
33 43 52
33 42 51
34 41 51
33 42 51
35 41 51
35 40 50
34 41 51
34 40 51
34 41 50
34 43 51
35 43 51
36 43 51
36 40 50
36 42 51
36 42 50
34 42 50
36 43 50
35 42 49
35 43 50
36 43 49
35 43 49
35 45 49
36 45 50
35 44 48
35 45 49
34 45 49
34 44 49
35 43 49
36 44 50
35 45 50
35 43 48
36 43 49
36 42 49
36 41 49
38 43 49
38 43 50
38 44 50
41 42 48
38 42 49
38 42 50
39 40 48
39 38 46
36 41 47
37 40 49
36 37 47
35 41 49
34 44 52
34 39 51
31 41 51
33 42 54
33 38 52
33 40 55
35 39 54
35 38 53
37 37 49
33 39 52
33 37 56
33 37 52
32 40 52
33 38 53
34 38 52
34 39 52
34 37 52
33 37 52
34 37 52
35 37 52
33 37 52
34 37 52
34 36 51
33 38 52
32 38 52
34 36 52
35 38 51
35 37 52
35 38 52
33 38 52
35 38 52
35 37 52
34 38 53
35 38 51
35 38 52
34 37 52
35 37 52
34 37 52
35 37 52
36 37 52
34 37 52
34 37 52
35 37 51
34 39 52
33 37 52
33 38 52
34 38 52
34 36 52
34 37 52
33 37 52
34 36 52
35 36 52
35 36 53
33 38 52
35 37 51
35 36 53
33 38 52
34 38 52
34 37 52
35 37 52
34 38 52
34 38 52
34 37 52
33 36 52
33 37 53
33 38 53
34 36 54
32 37 54
34 38 54
33 39 51
33 37 50
35 38 50
33 37 51
34 39 52
32 40 51
32 40 51
31 39 53
32 41 52
32 38 52
32 38 52
32 38 52
32 39 51
32 38 51
33 38 51
33 38 51
33 39 51
32 40 54
31 39 54
32 38 52
33 36 52
31 36 53
31 35 52
32 37 53
32 36 53
33 36 52
32 36 52
33 35 52
32 36 51
33 36 53
33 36 51
32 37 52
33 35 53
33 36 53
32 36 52
31 36 52
32 36 52
33 37 53
31 37 52
34 36 52
32 38 53
31 36 53
32 38 51
32 35 52
31 37 52
33 35 52
32 38 53
32 36 53
34 36 53
31 37 53
32 36 52
33 36 52
33 38 52
32 36 52
32 38 53
33 37 53
32 37 52
33 37 52
32 37 53
34 37 52
33 38 53
34 37 53
34 37 52
32 38 52
33 37 52
32 38 53
32 36 52
33 39 52
33 37 52
33 38 52
33 38 53
32 37 51
34 38 52
32 38 53
33 38 52
35 37 52
33 37 52
32 37 53
32 38 52
32 37 53
33 38 52
32 37 52
34 36 52
33 37 52
32 37 53
34 36 52
32 39 52
32 36 52
32 37 52
33 38 53
32 37 53
33 38 52
34 37 53
33 37 51
32 37 51
34 36 51
34 38 52
33 37 51
33 37 52
34 37 52
33 36 52
33 38 52
33 37 52
34 36 52
33 38 53
33 38 52
32 39 52
33 37 52
33 38 53
34 38 52
33 36 52
34 38 53
33 38 53
33 38 52
33 37 52
34 37 52
32 37 52
34 36 52
33 37 52
33 37 52
34 38 52
34 38 52
34 37 53
33 38 52
33 37 52
32 36 52
33 37 52
33 37 53
33 38 52
33 36 53
33 38 52
33 39 52
34 37 52
33 39 52
33 39 52
32 38 53
32 38 52
33 37 52
33 37 52
33 38 51
34 38 52
33 37 52
33 38 52
33 38 52
33 38 52
33 37 53
34 37 52
33 38 52
33 37 52
34 38 51
34 37 52
33 38 52
32 36 52
34 38 52
34 36 53
34 37 52
33 36 52
34 38 52
35 37 53
33 38 52
33 38 52
33 37 52
34 38 52
34 37 53
33 37 51
34 38 53
33 39 53
34 37 53
33 38 53
34 38 53
33 37 52
34 37 51
33 38 52
35 36 53
33 37 52
33 37 52
33 36 52
33 38 52
33 37 52
33 37 53
34 37 53
33 36 52
34 37 52
33 37 53
35 37 52
33 37 53
33 37 52
33 37 51
33 37 52
33 38 51
33 38 51
34 38 52
33 37 53
34 37 51
33 37 52
33 38 52
33 38 52
33 38 53
33 38 52
34 36 52
33 36 53
35 36 52
32 36 52
33 37 53
32 37 53
32 37 52
33 37 51
33 36 52
34 37 52
34 37 52
32 37 52
34 36 52
35 37 52
34 38 52
34 36 52
33 37 53
35 37 52
34 37 53
34 38 52
33 37 52
33 38 52
35 36 53
35 37 53
34 36 53
33 38 52
35 37 52
34 36 52
34 37 52
34 35 52
33 37 52
33 35 53
34 36 52
35 36 52
34 36 52
34 37 52
33 37 52
34 36 52
34 37 52
32 37 52
33 37 52
34 37 53
34 36 53
34 36 53
34 37 52
33 36 53
33 38 52
33 37 53
33 37 53
34 37 53
35 37 53
34 37 52
32 38 52
34 36 52
33 38 52
33 37 52
34 37 52
33 37 52
34 37 53
34 37 53
34 37 52
35 36 53
33 37 53
33 36 52
35 35 53
32 36 52
33 37 53
32 37 52
33 36 52
32 37 52
33 36 52
33 37 52
34 36 52
33 37 52
32 37 52
33 36 52
34 37 52
34 37 52
33 37 52
35 37 53
34 36 52
34 37 53
34 37 52
33 37 52
34 37 54
35 36 54
34 36 53
34 37 51
34 37 52
34 36 52
33 36 52
34 35 52
34 36 52
34 36 52
34 36 52
34 38 52
32 37 52
34 37 52
34 36 52
34 38 53
34 36 53
33 38 52
34 37 53
33 36 52
33 37 53
35 37 52
34 36 53
33 36 53
34 36 51
35 37 52
33 37 53
33 38 52
33 36 52
34 37 52
33 37 53
34 36 52
35 36 52
34 36 53
34 36 52
34 36 52
33 36 53
32 35 52
35 37 53
34 36 52
34 37 52
33 37 52
34 37 54
33 37 52
33 35 53
34 37 52
34 37 52
33 37 52
34 37 52
34 36 52
34 38 51
35 37 53
34 36 52
34 36 53
33 36 53
34 36 53
33 36 52
35 37 52
34 36 53
34 37 52
33 36 53
34 37 52
34 36 52
34 37 53
33 37 52
33 37 53
34 36 53
33 38 52
34 37 52
33 38 52
34 37 52
33 36 52
34 36 52
34 36 53
34 37 53
34 35 53
33 36 53
33 35 52
34 36 51
34 37 52
34 36 53
34 36 52
34 36 53
35 36 51
33 36 53
34 37 51
33 37 52
33 37 52
35 37 52
34 38 53
33 35 52
34 36 52
34 37 53
34 36 53
34 39 52
34 37 53
33 36 52
33 38 52
35 37 52
34 36 53
34 37 53
34 37 52
32 36 52
33 37 53
34 36 52
34 37 51
34 36 53
36 36 52
34 38 51
34 37 52
34 36 53
33 36 52
35 37 51
33 37 53
33 36 52
33 37 52
35 36 52
34 38 52
34 36 52
33 38 52
34 37 53
34 36 51
33 37 52
34 37 52
34 37 52
34 35 52
34 37 53
34 36 52
35 37 53
35 36 52
33 36 52
33 37 52
35 37 52
34 37 53
34 37 53
33 37 53
34 37 53
35 36 53
35 37 53
33 36 52
35 36 52
34 36 53
34 35 52
32 36 52
34 38 52
34 36 52
34 36 52
33 36 52
34 36 52
34 37 52
33 37 52
34 36 52
33 36 52
34 37 52
34 35 53
33 37 52
34 36 52
34 35 53
34 36 53
34 36 52
33 37 52
33 35 52
34 36 52
33 36 52
33 37 52
35 36 53
33 35 52
34 36 53
34 36 52
34 37 52
34 37 52
35 37 53
34 36 52
34 36 51
35 37 52
35 38 52
34 37 53
35 37 51
34 36 52
35 35 53
35 35 53
35 36 53
34 35 52
33 34 52
35 34 52
33 34 54
35 35 54
35 34 54
35 33 54
34 33 53
34 31 53
33 32 52
34 31 53
34 32 52
35 32 52
35 31 53
35 30 52
36 30 51
37 30 51
36 27 51
37 27 50
37 29 52
35 28 54
37 28 55
38 28 54
38 28 53
38 26 51
38 26 50
38 27 49
37 24 48
39 23 47
37 23 48
37 21 47
37 20 48
37 19 48
35 20 48
35 22 47
36 21 48
36 19 49
35 20 48
36 21 48
36 20 48
35 19 48
36 18 47
37 20 47
36 18 46
36 18 47
36 17 47
35 18 45
28 19 51
36 18 48
33 18 45
31 16 45
34 18 45
34 16 45
35 16 45
33 16 46
36 17 46
36 17 45
35 16 46
36 17 46
34 17 45
34 17 45
35 17 44
33 16 44
34 17 44
34 18 48
35 19 49
34 20 48
35 18 49
37 18 48
36 17 49
37 20 49
38 22 47
37 20 48
38 20 49
38 22 47
39 22 48
36 21 48
36 22 48
37 21 50
37 21 48
36 22 49
36 19 49
37 19 49
36 20 48
36 19 48
37 21 48
37 21 50
35 19 50
37 19 49
35 21 47
36 18 47
37 20 48
37 20 47
36 20 48
36 19 48
37 19 48
36 18 47
37 19 47
37 19 46
37 18 47
38 20 46
33 21 45
36 17 50
33 19 44
30 18 41
32 17 44
33 19 46
34 23 48
33 25 51
35 28 51
37 32 53
37 33 54
36 37 54
36 37 53
37 38 55
37 39 55
36 41 53
36 41 53
36 43 52
36 40 52
36 42 52
35 43 51
36 43 52
35 42 51
36 41 51
38 39 49
38 38 50
38 36 48
37 38 49
36 42 49
35 44 50
35 45 51
35 44 52
35 46 51
37 45 49
36 45 51
37 46 49
37 46 49
37 46 49
37 44 49
38 43 49
38 43 49
38 44 48
38 42 48
38 43 48
38 43 49
39 42 49
40 42 48
40 42 47
40 42 47
40 43 47
39 43 46
39 41 48
40 46 49
39 46 49
40 45 48
40 44 47
40 44 47
40 44 48
40 43 47
40 41 48
39 43 48
39 46 48
41 43 47
40 45 48
41 44 46
38 46 46
41 43 48
36 41 43
35 46 47
37 42 46
34 42 45
32 47 48
33 47 48
35 45 49
34 45 52
35 42 51
34 48 56
34 43 55
36 40 50
34 38 51
33 39 54
33 38 52
32 38 53
33 35 53
33 41 52
33 38 52
34 39 52
34 38 51
32 38 53
33 40 52
32 40 51
32 38 52
31 38 52
31 40 51
33 39 52
33 37 52
32 38 52
32 38 52
33 40 52
33 40 52
31 40 51
32 39 51
33 40 51
33 40 51
31 39 51
32 41 52
30 42 52
31 40 52
32 38 52
30 39 52
30 40 51
32 39 52
31 38 52
31 40 52
31 39 51
31 39 51
31 40 52
31 38 52
32 39 51
31 39 52
33 38 52
33 41 52
31 38 53
31 39 51
31 41 52
31 39 51
30 40 51
32 40 51
31 40 51
32 40 50
31 40 51
32 39 52
31 39 51
32 38 52
32 36 51
31 38 52
31 38 51
30 38 52
31 37 51
31 37 52
31 38 52
32 38 53
31 38 52
30 38 52
31 37 52
33 40 52
32 39 51
30 38 52
31 38 52
31 38 52
32 38 52
32 37 53
31 38 51
31 39 52
32 38 52
32 38 52
31 38 52
32 38 52
31 40 53
31 37 52
31 39 52
32 38 52
32 38 52
32 38 53
32 37 53
31 37 53
32 38 53
32 38 52
33 36 52
32 38 52
32 37 52
32 38 52
32 38 53
32 37 52
32 39 52
31 38 52
32 37 51
33 38 52
32 38 52
31 39 52
31 38 52
31 38 52
32 36 52
32 38 52
32 38 52
32 37 51
31 38 52
32 38 52
32 37 52
33 38 53
32 38 52
33 37 53
32 38 52
33 35 52
32 36 53
32 36 53
32 37 53
34 37 53
33 38 52
32 37 52
33 36 52
31 35 53
31 36 53
32 36 52
30 37 53
32 35 52
32 36 53
32 36 52
31 36 53
31 36 52
32 37 53
32 36 52
32 38 52
32 37 52
31 37 53
31 37 52
32 38 53
33 38 52
31 37 53
32 35 51
33 37 52
32 37 52
32 36 52
32 38 52
32 38 53
32 37 52
31 38 51
33 36 53
31 38 53
31 38 51
32 38 53
33 37 52
31 36 53
32 36 53
32 37 52
30 37 52
32 38 52
33 37 53
33 37 51
31 36 52
32 37 53
32 38 51
32 37 51
33 37 53
32 36 52
33 37 52
32 37 52
33 37 51
32 37 53
32 37 52
31 36 52
33 37 52
32 36 52
32 36 53
32 36 52
33 37 52
32 36 53
32 36 52
32 36 52
32 36 52
32 37 52
32 37 53
32 36 53
32 36 52
32 37 53
31 37 53
32 35 52
31 37 53
31 37 53
32 36 53
32 35 54
32 37 52
32 37 53
33 36 52
33 36 52
32 35 52
33 35 53
32 34 53
33 36 53
32 37 52
32 36 53
32 36 52
32 36 53
31 36 53
31 35 52
32 35 52
32 37 52
32 34 53
32 35 52
32 36 52
32 38 51
31 38 53
31 37 52
30 37 51
30 36 52
32 37 52
32 37 52
31 37 52
33 37 51
32 36 52
32 37 53
33 37 52
32 37 52
32 37 52
31 39 52
30 39 52
33 37 51
31 39 52
31 37 51
32 37 53
32 37 52
33 37 52
32 37 52
32 38 52
31 36 53
31 37 52
32 37 53
31 36 52
32 38 53
31 37 52
32 37 52
30 38 53
32 37 52
32 36 51
32 37 53
32 35 53
33 37 53
31 36 52
32 35 52
31 36 52
32 36 53
32 37 52
31 37 53
31 38 53
32 36 52
32 37 53
31 37 53
32 37 53
32 37 53
32 37 52
32 37 53
32 37 51
32 37 52
31 37 52
32 37 52
33 36 53
32 35 51
32 40 52
31 37 52
32 38 53
32 37 53
32 38 52
31 36 53
31 37 53
32 36 52
32 37 52
32 37 52
31 36 52
32 36 52
32 36 52
32 36 52
32 36 52
31 37 52
31 37 53
32 39 52
31 36 51
30 37 52
31 38 52
32 38 52
32 38 52
31 38 53
31 37 52
32 36 53
33 38 52
33 35 53
33 37 52
32 37 52
33 37 53
31 38 52
33 36 52
32 36 54
31 37 52
32 37 53
32 37 52
32 38 52
32 37 52
31 37 53
31 37 53
33 38 53
32 37 52
32 37 52
32 37 53
32 36 51
31 38 52
31 36 52
31 37 53
32 38 52
32 36 52
31 37 52
32 36 52
31 37 53
32 37 52
31 36 52
31 37 51
32 36 52
33 37 52
30 36 52
31 37 53
31 37 52
31 36 52
31 37 52
32 36 52
31 36 52
31 38 52
32 35 53
32 36 52
31 35 53
33 35 52
33 37 52
32 37 52
31 37 52
32 35 52
33 36 52
32 37 52
30 36 53
32 37 52
32 37 53
32 37 52
32 36 53
32 37 53
32 36 52
31 37 52
33 36 52
31 37 53
31 36 52
33 36 52
33 36 53
32 36 53
33 35 53
32 35 53
32 37 52
32 36 52
32 35 52
33 35 52
32 35 53
31 36 52
34 35 52
33 36 53
31 35 53
33 35 52
32 35 53
32 35 52
31 36 53
31 35 53
32 34 52
32 35 54
33 34 52
32 35 53
32 36 52
33 35 54
32 37 53
31 36 52
32 36 54
33 35 53
32 37 52
33 37 53
33 34 54
33 36 53
33 35 52
33 35 53
33 37 52
33 36 53
32 36 52
31 36 53
32 34 52
32 37 53
33 36 53
33 36 53
33 35 53
33 35 52
32 35 53
33 36 52
33 35 53
32 36 53
33 36 53
31 35 53
32 37 53
32 37 53
30 35 52
33 36 52
32 36 53
32 37 52
33 35 52
33 36 53
32 34 53
33 36 53
32 34 52
32 36 53
31 36 53
32 33 53
33 35 53
32 36 52
33 35 53
33 35 52
32 36 53
34 34 53
32 36 54
33 35 52
32 36 52
33 36 52
32 35 53
33 35 53
32 36 53
33 35 53
32 35 52
32 35 52
32 35 53
33 35 53
31 35 52
32 35 52
32 33 53
32 35 52
32 35 53
32 36 53
33 34 52
32 36 53
34 35 52
32 35 53
32 36 52
32 37 53
32 34 53
31 37 52
32 35 52
31 37 52
31 35 53
33 35 52
31 34 52
32 35 53
32 35 52
32 35 53
32 35 52
32 34 53
32 35 53
32 35 52
32 34 53
32 35 53
33 35 52
33 35 52
32 35 53
32 35 52
33 36 53
33 36 53
33 34 53
33 35 52
32 36 53
32 36 53
32 35 53
32 35 53
32 37 52
31 35 53
32 35 53
32 35 53
33 36 52
33 36 53
32 35 53
32 36 53
32 35 53
33 37 53
33 35 53
32 35 51
32 35 53
32 35 54
32 35 53
32 35 54
32 35 53
33 34 53
32 35 52
32 36 53
33 35 53
32 34 52
33 35 53
32 36 53
33 36 53
31 36 52
33 36 52
32 35 53
33 36 53
31 35 53
32 36 53
31 36 52
31 37 52
33 35 53
33 35 52
32 36 52
32 36 53
32 36 53
32 36 53
32 33 51
33 37 52
31 35 53
32 36 52
33 36 52
33 36 52
32 36 53
33 36 52
32 35 53
31 35 52
32 36 53
32 35 52
32 35 52
32 36 52
32 35 53
32 36 53
33 35 52
31 36 53
32 34 51
32 35 52
32 35 52
32 35 52
32 36 53
31 35 53
32 35 53
32 35 53
32 35 53
33 36 53
31 34 53
33 34 53
32 35 53
32 37 53
32 36 53
31 36 53
32 35 53
32 35 53
32 36 52
31 36 53
32 35 53
32 35 52
31 36 52
31 36 52
33 36 52
33 35 53
32 36 53
32 36 53
33 35 53
32 36 52
31 36 52
32 36 53
32 36 52
31 36 53
32 37 53
32 35 54
32 37 51
31 36 52
32 36 53
32 36 51
33 35 51
32 37 52
30 36 53
32 36 53
32 37 53
33 36 53
32 36 52
32 36 53
33 35 52
31 37 53
32 36 52
31 36 52
31 36 52
32 36 53
32 37 52
32 37 52
32 36 53
32 36 52
31 36 53
31 36 53
32 36 53
31 36 52
32 36 52
32 36 52
31 36 52
30 36 52
31 36 54
31 36 52
31 35 52
32 36 53
31 35 52
31 36 52
32 36 53
33 37 52
31 36 52
32 37 52
32 36 53
32 36 53
32 35 53
31 36 53
31 35 53
31 36 52
32 37 52
32 36 53
32 36 53
31 36 53
31 36 53
33 35 53
31 35 53
32 35 53
30 35 53
32 36 52
32 36 53
32 36 53
32 36 52
32 36 52
32 37 53
33 35 52
32 36 52
31 36 51
32 37 54
32 36 53
31 36 53
32 37 52
33 37 53
31 35 53
32 35 52
32 36 51
32 36 53
32 36 52
32 36 52
32 36 52
32 35 53
32 36 52
32 37 53
31 37 52
32 36 53
31 36 52
32 35 52
32 36 52
32 35 52
31 35 52
32 36 53
32 35 52
31 36 53
33 35 53
31 35 52
32 36 52
32 37 52
32 35 52
32 36 54
32 35 52
32 35 52
32 36 53
32 36 52
31 36 51
33 36 53
32 36 52
31 36 53
32 35 53
31 37 52
32 36 52
33 36 51
32 35 54
32 36 51
32 36 52
32 35 52
32 36 52
32 35 53
31 36 52
33 35 53
32 36 52
31 36 52
32 35 52
32 35 52
32 36 52
31 37 53
32 37 53
32 37 52
31 35 53
32 35 52
32 35 53
33 36 53
31 37 53
33 33 53
32 34 53
30 39 52
30 37 52
32 36 52
32 36 52
31 37 53
31 35 53
33 36 52
32 37 53
31 36 52
33 36 52
31 36 52
31 36 53
32 36 53
31 36 53
31 35 51
30 36 52
31 36 52
31 36 53
31 36 53
31 36 53
32 36 53
31 36 52
33 37 53
32 36 53
32 36 52
32 37 52
31 37 52
32 35 53
32 37 52
33 35 53
31 36 52
32 37 51
31 35 52
32 36 53
31 35 52
33 36 52
32 36 52
32 36 52
33 36 52
32 36 52
31 35 53
32 36 53
32 36 52
31 35 54
31 36 53
33 35 53
32 36 53
31 35 52
32 36 53
31 35 53
31 35 52
33 36 52
32 37 52
33 35 52
32 36 53
33 36 54
33 36 52
31 35 52
32 36 53
31 36 52
33 36 52
32 36 53
32 36 52
32 36 52
32 35 52
32 36 53
31 37 53
33 36 52
33 36 53
33 36 53
32 35 53
33 36 54
32 35 52
32 35 53
31 36 52
32 37 53
32 37 52
32 36 52
32 36 52
32 35 52
32 35 52
31 36 53
31 37 53
32 35 53
33 36 52
31 35 52
33 36 53
32 36 52
33 35 53
31 36 52
32 36 52
32 36 52
31 36 52
32 36 52
33 35 53
30 34 52
32 35 52
32 36 52
32 35 53
32 37 53
31 36 53
33 36 52
32 35 53
32 35 53
32 36 52
32 35 53
32 35 53
32 37 53
32 36 51
32 36 53
32 37 53
32 36 53
33 36 52
32 36 52
31 36 53
31 38 53
31 35 53
32 35 52
32 37 52
32 35 53
31 35 52
34 35 52
32 35 52
32 34 52
32 36 52
32 34 52
31 35 53
32 35 53
31 34 53
34 36 53
33 35 51
33 35 52
31 35 54
33 36 53
31 36 53
32 37 53
32 36 53
34 33 52
33 35 52
33 35 53
32 35 52
32 35 52
33 35 52
31 37 53
32 35 52
32 37 52
32 37 54
32 35 53
32 36 53
32 35 52
31 34 52
32 35 52
32 34 53
32 35 53
31 35 53
32 35 52
32 35 52
32 36 52
32 36 53
31 35 52
32 35 53
32 36 53
32 35 52
33 35 52
32 36 53
33 36 54
33 36 53
32 35 53
32 35 53
32 36 52
31 35 52
33 36 52
31 36 52
32 36 53
32 35 53
31 36 53
32 35 52
31 35 53
32 36 52
33 35 53
31 37 54
32 36 52
33 36 52
32 36 52
32 35 53
33 36 53
33 36 53
31 38 53
31 35 53
33 35 52
32 37 53
33 35 53
34 35 52
32 35 53
33 35 52
31 35 53
33 36 53
31 34 52
32 34 52
33 34 52
32 35 53
32 35 52
32 36 53
32 35 53
31 35 53
33 35 52
32 34 52
32 34 52
33 34 52
32 35 53
33 36 52
33 34 53
32 34 52
33 35 53
33 36 52
32 35 52
32 36 52
32 36 52
33 35 53
32 36 53
32 36 53
33 36 53
32 35 52
32 35 53
31 35 53
32 34 54
32 37 53
32 35 52
33 35 52
32 36 53
32 36 52
32 36 53
32 36 53
33 36 53
34 35 53
33 36 52
31 36 52
31 35 53
32 35 53
32 36 53
32 34 53
33 35 52
32 35 53
32 35 52
33 34 52
31 34 52
33 35 53
31 35 52
32 35 52
32 35 52
32 35 53
32 37 52
32 35 52
32 35 52
33 35 53
33 36 52
33 35 53
33 35 51
32 35 53
32 36 53
32 37 52
33 35 52
33 33 52
32 36 53
31 36 53
32 36 51
33 35 53
32 35 52
32 35 51
31 35 53
32 35 54
31 36 53
33 36 53
31 34 52
32 36 52
32 35 52
33 35 52
33 35 52
32 35 52
33 34 54
33 34 53
31 36 52
32 35 52
31 34 52
33 35 53
32 35 52
32 34 52
32 35 53
32 34 53
32 35 53
31 35 52
32 36 53
32 34 53
33 35 53
31 34 54
31 34 53
33 35 52
31 35 52
32 34 52
31 35 53
32 36 52
32 35 53
33 35 53
33 36 53
32 36 53
33 36 52
32 35 51
32 34 52
32 35 53
32 36 53
33 36 53
32 35 52
32 35 52
32 36 52
33 35 53
32 35 53
32 36 51
32 35 52
32 36 52
31 36 53
32 35 53
32 36 52
33 35 54
31 35 52
33 35 52
33 35 53
33 35 52
32 36 53
33 35 53
32 35 52
32 35 53
31 35 51
32 35 52
32 36 53
33 36 53
32 35 52
32 35 52
32 35 53
31 35 52
33 34 52
32 35 53
32 36 53
32 36 52
32 36 53
32 35 52
31 34 53
33 35 53
32 36 53
32 36 53
33 35 52
32 35 53
32 35 52
32 36 53
32 36 53
32 35 53
32 35 52
32 35 53
31 34 53
32 34 53
32 35 53
32 35 52
32 35 52
33 35 52
33 34 53
32 35 53
32 37 52
32 36 53
32 37 52
32 35 52
32 36 52
34 37 52
32 36 52
31 36 53
33 36 52
32 36 53
32 36 53
32 35 52
32 35 52
33 35 52
32 35 52
32 36 52
32 36 52
32 35 53
33 35 53
32 36 53
32 35 53
33 35 53
32 35 53
33 34 53
33 35 53
32 36 53
32 35 53
33 35 52
32 36 51
32 36 52
33 35 52
31 36 53
31 35 53
32 35 52
32 36 53
32 36 53
31 36 53
32 36 53
31 36 53
32 36 53
32 36 51
32 36 53
34 35 52
31 36 54
32 36 53
32 36 52
32 35 53
32 37 53
33 35 52
33 35 52
32 35 53
32 35 53
32 37 52
32 36 52
31 36 52
32 36 52
32 35 52
33 35 52
32 35 52
32 35 52
33 34 52
31 35 52
33 35 53
32 38 52
32 34 53
32 34 52
33 36 53
32 35 53
31 35 52
33 36 52
32 36 53
33 36 52
32 36 53
32 36 51
32 35 52
33 35 53
31 36 53
33 36 52
34 35 53
32 35 53
33 36 53
32 34 52
33 36 53
32 38 53
33 36 52
33 36 52
32 37 53
33 36 52
31 36 52
32 36 53
33 35 53
33 35 52
33 36 53
32 36 52
32 36 53
33 35 53
32 37 53
32 35 51
32 36 52
33 35 53
33 36 52
32 35 52
33 37 53
32 36 52
33 35 52
32 36 52
33 35 53
32 36 52
32 36 52
33 35 52
32 36 53
33 35 53
33 36 52
31 35 53
33 36 52
31 36 52
32 36 53
33 36 53
32 36 53
33 35 53
32 35 52
32 35 52
32 36 53
32 36 52
32 36 53
31 36 52
32 36 53
34 35 52
32 35 52
31 37 53
33 37 52
32 34 52
31 38 53
32 36 52
32 33 52
33 35 53
31 36 52
32 35 53
32 36 52
32 37 52
32 36 53
33 35 54
33 35 53
32 36 52
33 36 53
34 36 52
34 34 53
32 35 52
31 36 52
32 37 52
32 37 52
31 35 53
33 35 53
32 37 52
33 34 53
32 36 53
33 34 52
34 35 52
31 35 51
33 35 52
32 37 52
32 36 53
33 35 53
32 36 53
33 35 53
32 35 52
33 35 53
32 35 52
33 36 53
34 36 52
31 36 53
33 35 53
32 35 52
33 37 52
32 35 52
31 35 54
32 36 52
32 35 53
32 36 53
31 36 53
32 36 52
33 36 53
33 38 53
34 36 53
32 35 52
33 35 53
32 35 52
31 35 53
32 36 52
33 36 53
32 36 52
32 37 53
34 36 52
33 35 52
32 35 52
33 34 52
31 35 52
33 35 52
32 34 53
32 36 52
33 35 53
33 35 53
32 35 53
32 35 52
33 35 53
32 35 52
31 36 52
33 37 52
31 35 53
32 36 53
33 34 53
33 36 52
33 35 53
33 35 51
33 35 53
32 36 53
32 35 53
33 35 52
31 36 52
32 35 53
32 35 53
33 35 54
33 35 53
31 36 52
33 35 53
32 36 53
33 35 53
33 36 53
33 36 53
32 36 53
33 35 52
32 36 53
33 35 52
32 34 52
33 35 52
32 36 53
33 36 52
33 35 53
32 35 53
33 35 52
32 36 52
34 36 52
33 35 52
32 35 53
33 35 53
33 36 52
32 35 52
32 36 52
33 35 53
32 35 53
33 34 53
32 35 52
33 36 53
33 34 53
34 35 53
33 35 53
33 36 53
33 37 53
32 35 53
32 36 52
32 37 52
31 37 52
33 35 52
34 34 53
33 34 51
33 36 53
33 35 53
32 34 53
33 36 53
31 35 52
33 35 52
32 35 53
32 36 53
33 36 53
32 35 53
33 35 53
33 35 52
33 36 51
34 36 53
32 36 53
32 35 53
33 35 53
31 35 53
32 37 52
33 36 51
32 37 52
33 37 52
33 34 53
32 35 52
33 35 52
32 35 52
32 36 52
32 37 53
33 36 53
33 35 52
33 36 53
33 36 52
34 36 52
32 35 52
34 36 52
33 34 53
33 36 53
33 34 52
33 35 52
33 34 53
33 35 53
34 36 52
31 35 53
31 35 53
32 37 53
31 36 52
32 36 53
32 36 53
33 35 52
33 34 53
33 35 53
33 35 54
33 36 52
32 35 52
32 36 52
33 34 54
33 35 53
33 36 52
33 35 52
33 35 52
33 35 53
33 35 53
33 36 52
33 37 53
33 35 53
34 34 53
32 37 52
32 36 52
32 34 52
31 36 52
32 34 53
33 35 52
32 37 53
32 35 53
33 36 52
33 35 53
33 35 52
33 36 53
33 35 52
32 36 53
32 35 52
33 35 52
33 35 53
33 36 53
32 36 52
33 37 52
33 36 53
33 37 53
33 35 53
32 36 52
32 36 52
34 36 53
33 37 53
34 35 52
33 35 52
33 35 54
33 35 52
32 37 53
32 36 53
32 36 52
33 36 52
33 36 53
32 35 52
33 37 52
34 34 53
32 36 52
33 36 51
34 36 53
34 35 52
34 35 52
32 35 53
32 35 52
33 33 53
32 35 53
32 35 52
33 36 53
33 36 52
33 36 52
32 35 52
33 36 52
33 36 52
32 34 54
33 36 52
32 36 53
33 35 52
33 35 53
32 36 54
33 36 53
31 35 52
32 35 53
31 36 53
33 36 53
32 36 52
33 34 52
33 35 53
32 36 53
33 35 52
33 35 53
33 36 53
33 36 53
33 35 53
34 36 53
32 35 53
34 34 53
33 35 52
32 35 52
33 36 52
33 34 52
34 35 52
33 34 52
32 35 53
33 35 52
33 34 53
33 36 53
33 35 53
32 35 52
33 35 52
33 37 53
33 34 53
34 36 52
32 36 53
32 36 52
33 35 53
34 36 53
33 35 53
34 34 52
32 35 53
34 35 53
33 36 52
33 35 53
33 35 52
33 34 53
33 36 52
34 34 52
33 35 53
32 34 53
34 36 52
33 35 53
34 34 53
32 34 52
32 34 53
34 34 53
33 35 53
32 35 52
33 35 53
34 35 53
33 34 53
33 35 53
33 35 52
34 35 53
33 35 52
33 36 52
34 36 53
34 34 53
33 34 53
32 35 53
33 35 52
32 35 53
33 34 53
34 35 52
34 35 53
34 36 52
33 35 53
32 35 53
33 35 53
33 34 51
33 35 53
33 35 53
33 36 52
34 35 52
34 36 53
33 35 53
33 36 53
33 36 52
33 35 54
33 37 52
33 36 52
33 36 52
33 34 53
33 35 52
34 35 53
33 34 52
33 35 52
34 36 52
33 36 53
32 35 52
32 35 53
34 35 53
33 37 53
32 37 53
32 36 53
33 35 54
33 35 53
33 35 53
33 35 52
33 34 52
32 34 52
34 34 52
32 33 52
33 34 52
33 35 52
34 35 53
33 35 53
33 37 54
35 35 52
33 35 53
34 34 53
33 35 53
33 35 52
33 33 53
33 36 52
33 36 52
35 33 53
33 36 52
33 35 53
35 33 53
34 34 52
34 36 52
33 35 53
34 34 53
35 33 52
34 34 52
33 35 53
33 35 52
33 35 53
33 35 52
34 34 54
33 36 53
33 34 53
33 34 53
31 35 53
32 36 52
33 35 52
33 35 53
33 34 52
33 36 52
33 34 53
33 36 53
33 35 52
33 36 53
32 34 53
32 34 54
34 34 52
34 35 53
34 35 52
33 35 53
33 34 53
33 35 52
33 35 53
33 34 52
34 36 52
32 35 54
33 34 53
33 34 52
33 35 54
34 35 52
33 34 53
33 35 53
33 35 53
33 34 53
33 35 53
34 35 53
32 35 53
32 34 53
34 35 53
34 36 52
32 34 53
32 35 52
34 34 53
32 35 52
33 35 53
33 35 53
33 34 53
33 36 52
33 36 52
33 36 53
33 34 53
32 35 52
33 34 53
34 36 53
33 35 53
32 35 52
33 35 52
33 36 53
33 35 53
33 35 53
33 36 53
32 35 53
34 35 53
32 35 54
33 36 53
33 35 52
33 35 54
33 36 53
33 34 52
33 34 53
33 35 52
33 34 52
33 35 53
32 35 52
33 36 53
33 35 53
33 35 53
32 36 53
32 34 53
33 36 53
32 37 52
32 33 52
33 35 51
33 35 52
33 36 52
31 36 52
33 34 53
33 34 52
33 34 53
33 35 52
34 35 53
33 35 53
32 35 53
33 36 52
34 36 52
33 34 52
33 35 53
34 36 53
32 33 52
33 35 53
34 35 53
32 34 53
33 35 52
33 35 53
34 36 52
33 35 52
35 35 53
34 36 53
33 36 52
33 34 52
34 35 52
33 36 51
33 33 52
33 34 54
33 36 53
34 34 53
34 35 53
33 35 52
33 36 53
32 36 53
33 35 53
33 34 53
33 35 52
33 36 52
32 35 53
33 35 53
34 34 52
34 36 53
34 36 52
33 36 53
33 35 52
34 35 52
33 36 53
33 34 52
32 34 53
32 36 52
33 34 52
32 35 53
33 35 53
33 35 53
33 35 53
32 35 54
34 35 52
33 35 53
32 35 52
33 34 52
32 36 52
32 34 51
34 35 52
32 37 53
33 35 53
33 34 53
32 34 53
34 35 52
33 35 53
32 34 52
34 35 52
32 33 53
33 34 52
32 34 52
34 36 52
33 36 53
33 35 52
33 35 52
33 35 54
33 35 52
34 35 52
34 35 52
32 35 52
34 35 52
33 34 53
33 35 53
32 35 53
33 35 53
33 36 52
33 35 52
34 35 52
32 36 53
33 35 52
33 36 52
32 35 53
33 35 52
32 36 53
33 35 53
33 36 52
34 36 53
32 35 53
33 35 52
34 36 53
33 34 52
32 34 53
32 35 53
32 36 52
33 35 52
34 34 51
34 36 53
33 35 53
33 35 52
34 35 53
33 34 53
33 35 53
33 35 52
33 36 53
33 35 53
33 35 51
33 35 53
33 36 54
32 34 53
33 36 53
33 34 53
32 36 53
33 34 53
33 35 53
34 36 52
34 34 51
32 35 52
33 34 53
33 35 53
33 35 53
34 34 53
32 35 53
33 35 53
33 35 53
33 35 52
33 35 52
34 35 52
35 34 52
34 33 52
33 36 53
33 34 52
34 36 52
34 35 53
33 35 53
34 35 52
32 36 53
32 35 53
33 35 53
33 35 53
34 35 52
33 34 53
33 35 53
33 35 53
33 36 52
34 35 53
34 32 52
33 34 53
33 34 53
35 33 53
34 34 53
32 34 53
33 35 53
35 33 52
33 35 52
33 35 52
34 35 53
32 34 52
33 34 53
33 35 52
34 35 53
33 34 52
34 34 53
34 34 53
34 34 53
34 34 52
34 35 54
33 35 52
34 34 54
33 35 52
34 35 52
33 34 53
33 35 53
33 34 52
32 35 53
32 36 51
34 34 53
34 35 52
34 33 53
33 35 52
34 34 53
33 35 53
34 35 54
34 36 54
33 34 53
35 34 52
33 33 53
33 35 53
33 35 54
33 34 53
34 35 51
34 34 52
32 33 53
34 35 52
34 36 52
33 35 52
34 34 53
33 34 52
33 35 52
34 35 53
33 34 52
34 35 52
34 34 53
33 35 53
34 34 52
34 35 53
34 35 53
33 34 53
33 34 53
33 35 53
32 34 53
34 34 53
34 34 53
33 34 53
34 33 53
34 36 52
33 33 53
33 34 53
33 35 52
33 33 52
34 35 53
34 35 52
33 35 53
34 36 53
34 34 52
33 36 53
32 35 53
33 34 54
33 36 52
34 34 52
34 34 52
33 34 53
34 34 54
33 34 53
34 34 54
33 35 53
33 34 52
33 35 53
33 35 53
33 35 52
33 35 53
32 36 52
33 34 53
33 34 52
33 34 54
34 34 52
34 33 53
33 35 52
34 34 54
34 34 53
33 36 52
34 35 52
34 35 53
33 37 52
33 37 52
34 35 52
34 35 52
34 35 52
32 34 52
33 35 53
33 34 53
34 34 53
35 36 53
33 36 52
34 35 53
33 35 53
33 36 53
33 36 53
33 36 52
33 34 53
33 34 54
34 35 53
33 34 54
33 34 52
33 34 53
35 35 52
34 34 53
33 35 52
33 33 53
34 34 53
33 34 53
34 36 53
32 36 52
33 35 52
33 35 53
33 34 52
33 36 52
32 34 53
34 35 53
33 35 52
33 35 53
33 35 53
33 34 53
34 34 53
33 34 52
33 34 53
34 34 52
33 34 53
33 33 52
34 35 53
33 35 53
33 35 53
33 34 52
32 36 51
34 35 52
34 34 53
33 35 53
33 34 52
33 35 53
34 35 52
32 35 52
35 35 53
33 34 53
33 35 53
34 35 52
33 33 52
34 35 53
33 36 53
33 34 53
34 36 53
35 35 53
34 34 54
32 35 53
32 35 52
33 35 52
32 36 52
33 36 53
33 34 53
33 35 52
34 35 52
35 35 53
34 34 53
32 35 53
33 35 53
33 33 53
34 34 53
34 35 53
34 34 52
34 35 52
34 35 53
33 35 52
33 35 52
34 34 53
34 34 52
33 34 53
33 34 54
34 35 53
33 35 52
33 34 53
33 35 52
33 34 53
33 34 53
33 35 53
34 35 54
33 34 52
34 33 53
33 36 53
34 35 52
33 35 54
33 36 53
33 35 53
34 35 53
34 36 52
32 36 53
33 35 52
33 35 52
33 34 53
33 35 54
34 35 51
33 36 52
32 33 53
33 35 52
33 33 52
32 34 53
34 35 53
33 34 52
34 35 52
33 35 54
33 35 53
33 36 52
33 35 53
33 35 52
33 36 52
33 35 52
33 34 53
32 35 53
34 35 52
33 36 52
34 35 53
33 35 52
34 35 53
32 35 53
34 35 53
33 34 52
33 34 53
34 34 51
33 33 52
33 35 53
33 34 52
33 34 53
33 35 53
33 35 51
33 36 53
34 35 52
33 33 52
34 34 53
34 35 53
34 37 52
33 35 52
34 35 52
34 34 52
34 34 53
34 34 52
33 34 52
33 36 53
33 37 52
32 36 52
34 32 52
34 34 53
32 35 52
33 35 52
34 34 54
33 35 53
33 36 53
33 35 53
33 35 53
33 34 53
34 34 52
33 35 52
34 34 52
34 34 53
33 36 52
33 34 53
33 35 53
33 33 52
35 34 53
33 35 52
32 34 53
34 34 53
33 35 54
33 34 53
34 34 52
34 35 53
33 35 53
32 34 53
35 35 53
33 34 53
33 35 53
33 34 52
34 35 52
34 35 53
32 35 53
34 34 53
33 34 54
33 33 53
33 35 52
34 34 53
34 35 53
34 35 52
33 34 52
33 35 53
32 35 52
34 34 53
33 35 53
33 33 53
34 35 53
33 34 53
34 35 52
34 35 53
35 35 52
34 34 52
34 33 53
34 34 53
33 35 52
33 35 53
34 35 52
33 35 53
34 35 53
34 35 53
32 36 53
33 36 54
34 34 52
32 35 52
34 35 52
35 35 53
33 34 53
34 34 52
34 34 52
33 35 52
34 35 52
35 34 53
33 35 54
33 36 54
33 35 52
33 35 52
34 35 53
34 35 53
33 36 53
33 35 53
34 34 52
33 36 52
34 35 53
33 35 51
33 35 53
34 35 52
33 34 52
33 37 53
34 35 53
33 35 53
33 34 52
32 36 52
34 35 52
33 35 52
34 34 52
33 35 52
32 34 53
33 34 52
33 34 52
33 34 53
33 35 52
34 33 52
33 35 53
33 35 53
33 34 52
35 35 53
33 35 53
33 35 53
33 33 51
35 35 53
33 34 52
33 35 53
33 34 52
33 34 53
32 33 53
31 35 53
33 36 52
34 35 53
34 36 53
34 35 52
33 34 53
33 34 53
33 34 52
32 35 53
33 35 52
34 34 52
34 34 52
34 34 52
33 35 52
33 34 52
33 34 53
33 35 52
32 36 53
33 36 52
33 35 53
33 36 52
33 36 52
33 35 52
33 35 53
33 35 53
34 34 52
33 35 53
34 34 53
32 36 53
32 35 53
33 36 53
33 34 53
33 35 53
32 36 54
32 35 54
34 33 53
33 34 53
33 34 53
33 35 53
32 34 53
34 35 53
33 34 52
32 35 53
33 36 53
33 35 52
33 34 53
32 35 52
33 35 52
32 34 53
33 36 53
34 34 53
33 34 53
34 35 54
33 34 52
34 33 52
33 35 53
33 35 53
33 35 53
32 35 52
33 34 52
34 35 52
32 35 52
32 34 53
33 34 52
33 35 52
33 34 53
34 36 52
34 35 53
33 35 53
30 35 52
33 36 53
33 32 52
32 34 53
32 35 52
33 35 53
34 35 52
34 35 53
33 34 53
34 34 52
32 35 52
34 35 53
33 34 52
33 34 53
32 34 54
32 35 53
34 35 53
33 35 53
34 36 53
32 35 52
32 35 54
34 35 53
33 34 53
34 34 52
33 34 53
33 35 53
34 35 54
35 35 53
33 34 53
33 34 55
34 34 53
33 34 53
33 35 53
32 34 52
34 34 52
34 34 53
34 34 53
33 35 52
33 35 52
33 35 53
33 33 52
34 34 53
33 34 52
33 35 53
32 35 53
33 36 53
32 36 53
34 34 53
33 35 53
33 35 52
33 34 52
34 35 53
33 33 53
34 34 53
34 34 53
33 36 52
33 35 53
32 35 52
33 35 53
32 35 52
34 34 53
34 35 52
33 37 53
34 36 53
33 36 53
33 36 52
33 34 52
34 34 52
34 34 53
34 34 52
33 34 53
34 33 53
33 34 54
33 34 52
33 33 53
33 34 52
33 35 53
32 35 53
34 35 52
34 33 53
33 35 52
34 33 53
33 35 52
34 35 53
34 34 53
34 35 52
33 35 54
34 35 53
34 34 53
33 34 53
34 35 53
33 36 52
34 35 53
33 35 52
34 34 53
32 35 53
34 34 52
34 34 53
34 35 53
33 35 53
34 35 53
34 35 53
34 34 53
33 35 54
33 34 53
34 34 53
34 35 53
34 34 53
33 35 52
33 34 53
33 34 52
34 34 53
33 34 52
33 35 53
33 34 53
34 33 53
33 35 53
33 34 52
33 34 53
34 35 52
34 35 52
34 34 53
34 33 52
34 34 52
34 32 53
33 33 54
33 37 56
31 38 55
34 37 54
36 37 53
35 35 52
36 35 50
37 35 49
37 33 51
38 34 51
36 33 49
36 34 51
36 33 50
36 32 52
34 35 54
31 34 52
35 35 56
36 32 54
36 32 52
36 32 52
35 32 53
34 34 53
34 33 54
34 31 51
36 30 51
36 29 50
36 28 51
36 29 52
38 27 53
39 28 54
37 28 52
37 31 54
38 30 53
37 26 49
38 29 51
37 28 51
38 27 50
36 24 49
37 24 49
38 22 51
37 22 48
36 20 49
36 23 50
34 20 50
35 21 50
36 24 49
35 23 49
36 22 50
37 22 50
37 20 49
37 21 49
36 23 47
32 20 50
35 17 52
34 19 47
34 19 47
34 19 49
33 19 46
34 19 46
35 20 48
34 20 47
34 20 47
33 18 50
36 17 47
37 16 47
34 15 46
34 19 47
34 20 46
34 19 47
33 18 46
35 19 46
35 17 46
34 17 45
33 18 46
32 19 49
32 20 52
33 18 51
35 18 48
40 19 46
39 20 45
39 19 44
38 19 44
35 18 47
34 17 47
35 18 47
34 19 47
33 18 48
35 18 50
35 18 49
34 20 47
24 28 44
35 16 46
34 16 41
33 15 45
34 16 44
35 18 46
35 16 45
35 18 45
36 15 45
36 18 46
35 18 47
35 17 46
34 17 45
35 16 48
32 16 50
35 17 50
34 18 48
35 19 47
36 19 46
37 20 45
39 18 45
38 20 45
37 22 46
35 20 46
36 20 46
38 20 49
37 19 50
35 19 50
37 20 49
37 21 48
37 21 49
37 18 50
37 17 49
36 19 50
35 20 47
35 19 47
37 20 46
35 19 46
35 19 47
35 19 47
35 21 43
35 17 49
33 19 43
32 17 43
32 17 46
31 18 49
33 21 51
33 23 51
35 26 53
35 29 52
35 28 52
36 31 51
36 33 52
37 33 52
37 33 51
37 35 51
37 35 52
38 35 52
39 37 53
36 38 54
36 38 52
36 38 51
35 40 52
34 40 52
35 41 51
34 41 51
35 42 52
33 42 51
33 44 50
33 44 51
32 45 51
33 45 50
34 44 50
34 46 49
34 47 49
34 45 49
35 45 48
35 44 49
37 44 49
35 45 49
36 44 48
37 43 48
38 44 49
37 43 49
37 42 48
38 45 47
38 45 48
38 44 46
37 45 47
38 44 47
38 44 48
36 45 47
38 45 46
36 47 47
38 47 47
39 45 47
38 44 49
39 47 47
40 46 48
39 45 46
41 46 46
39 48 43
39 48 44
39 43 45
38 43 42
35 49 45
34 50 45
34 46 44
32 45 44
32 49 47
32 43 48
32 46 48
30 47 51
31 46 51
32 45 53
34 43 53
36 43 51
36 42 52
32 43 53
32 41 51
33 40 52
32 39 51
32 39 54
32 37 52
31 40 51
31 40 52
32 40 52
32 40 51
31 39 52
31 40 51
30 39 52
31 40 52
32 39 51
32 38 52
30 38 50
31 40 52
32 40 51
31 40 52
32 38 52
31 39 52
31 39 51
32 39 51
32 41 51
31 40 52
32 40 52
31 40 52
32 41 51
31 41 51
31 41 52
31 40 52
32 40 52
31 40 52
31 41 51
31 40 51
31 40 52
32 40 51
31 41 51
32 38 51
32 39 51
32 40 52
32 38 51
32 39 52
32 38 51
31 38 51
32 39 51
32 39 53
31 40 52
33 40 52
32 37 51
32 38 52
33 40 52
32 38 52
32 39 52
32 40 52
32 40 52
32 39 52
30 40 52
31 39 53
32 38 53
30 40 51
31 38 51
32 40 52
32 38 51
32 39 52
33 38 52
31 38 52
31 39 52
32 39 53
32 39 52
32 38 52
32 39 52
31 40 51
32 39 52
31 39 53
32 40 51
32 40 52
32 40 52
32 40 52
32 39 52
31 40 52
33 39 52
32 39 51
32 40 51
31 39 52
31 39 52
32 40 51
31 39 53
32 38 51
32 40 52
32 39 52
31 38 52
32 39 51
32 38 52
31 39 52
33 39 52
32 39 53
33 39 52
32 40 52
31 38 52
32 38 51
32 39 52
32 39 51
33 39 53
32 39 51
31 38 51
32 38 51
31 39 52
32 39 53
33 39 52
29 39 52
32 39 52
32 38 52
33 40 51
33 40 52
32 39 51
32 38 52
31 38 52
33 39 51
32 38 52
33 39 52
32 39 52
32 38 52
32 38 51
31 40 52
31 38 52
31 40 52
31 39 52
32 39 52
32 39 52
32 38 52
32 39 52
32 39 51
32 39 52
33 38 52
32 38 51
33 39 52
32 38 52
33 38 51
32 39 52
32 38 52
32 39 51
31 38 52
32 39 52
32 39 52
32 38 52
32 38 53
33 37 52
33 38 52
31 38 52
31 38 51
31 38 51
32 38 52
32 39 52
33 37 52
32 38 51
32 39 52
33 39 53
32 37 51
32 38 53
33 38 52
32 38 52
31 40 52
32 38 52
32 39 53
33 38 51
33 38 52
32 39 53
33 38 52
33 38 52
33 37 52
32 39 53
33 38 52
33 39 52
31 38 53
33 39 52
32 38 51
32 38 52
31 37 52
30 39 53
33 38 52
32 39 51
33 38 51
33 38 52
32 37 51
33 37 52
33 39 52
33 37 52
33 36 51
31 38 52
32 38 52
32 37 52
32 37 52
32 37 52
32 38 52
34 39 52
33 38 51
34 37 52
