35 33 33
35 33 53
37 35 52
36 34 53
36 33 52
36 33 53
36 34 52
35 33 52
36 33 53
37 33 52
38 34 52
37 33 52
36 33 53
37 34 51
36 33 52
37 34 53
38 34 52
36 34 53
37 33 53
36 33 52
36 33 53
36 34 52
36 33 52
35 33 53
36 32 52
38 33 52
36 34 51
38 34 53
37 33 52
36 33 52
38 34 52
36 33 52
36 33 53
36 32 53
35 33 52
37 32 52
36 33 53
38 33 53
37 32 53
36 33 53
36 34 52
35 33 52
36 33 52
36 33 52
37 34 53
37 34 53
36 33 53
36 32 52
35 34 52
36 33 53
35 33 53
35 32 53
34 34 53
35 33 53
35 33 53
37 34 53
37 34 54
35 34 52
35 33 53
35 34 53
35 34 53
34 34 53
34 33 53
35 34 52
35 34 53
35 32 53
35 32 51
35 34 52
33 34 52
35 34 53
35 32 52
34 32 53
35 31 52
34 32 53
35 31 53
36 30 54
34 32 54
36 35 54
36 34 55
36 33 54
37 35 54
37 36 53
38 33 51
36 33 51
36 34 51
37 32 51
36 32 52
36 33 51
35 32 51
35 31 52
34 28 52
34 31 53
33 28 53
34 30 52
33 30 52
34 32 53
33 30 53
35 30 53
36 31 53
35 31 52
37 30 53
38 29 52
39 28 52
39 26 51
38 26 52
39 27 54
40 28 53
39 26 51
40 28 52
39 28 52
39 27 52
38 27 50
37 27 51
38 25 50
39 25 50
37 24 50
36 22 50
35 23 49
37 22 50
36 22 50
36 20 49
36 21 49
35 21 49
35 21 50
35 21 48
36 21 49
36 21 47
38 20 48
36 20 49
36 19 50
38 20 48
37 21 47
38 21 47
38 21 48
38 20 50
35 20 49
37 20 49
36 20 48
36 18 48
35 19 47
35 18 47
35 18 47
35 19 45
35 18 47
37 18 46
32 17 44
34 18 48
34 16 42
32 15 44
33 14 43
34 14 42
34 16 43
33 14 44
33 16 44
36 16 44
35 15 44
35 15 46
35 14 44
33 16 45
34 16 45
33 15 43
34 16 43
33 15 44
34 17 44
34 16 43
33 16 45
35 16 46
34 16 44
34 16 45
34 15 43
33 16 43
33 16 44
33 14 43
32 15 42
32 17 43
32 17 43
32 16 45
34 18 47
35 20 47
35 22 49
36 22 50
35 26 52
35 30 52
36 29 52
36 33 53
34 36 55
35 33 56
34 33 57
35 33 56
36 32 56
38 32 55
38 29 53
38 28 51
38 26 49
37 26 49
35 24 49
36 24 50
35 25 51
36 26 51
35 25 50
36 25 51
34 24 50
35 24 50
36 23 50
36 22 48
37 21 50
36 21 48
36 21 48
36 21 48
35 21 48
36 20 48
36 21 48
36 20 48
37 19 48
36 19 48
38 20 47
38 22 44
33 10 52
35 21 42
33 18 42
34 15 42
32 17 43
34 19 44
34 24 48
32 27 49
33 33 51
35 33 56
35 32 55
35 33 54
36 34 54
34 37 55
36 38 55
35 39 54
36 42 54
37 42 53
36 42 53
36 41 52
36 43 51
35 41 51
37 40 49
36 40 50
38 41 50
39 41 50
38 39 48
39 40 48
38 39 49
38 41 49
39 42 50
38 40 47
38 43 49
37 43 49
37 43 49
38 44 49
40 45 49
40 42 49
39 42 49
40 42 50
41 44 49
41 43 50
41 41 49
42 41 47
38 43 46
40 41 49
39 42 48
34 44 45
35 45 47
35 42 47
34 43 47
35 42 48
32 41 50
35 43 51
32 43 52
33 43 54
33 43 53
35 42 55
34 38 56
31 38 53
34 37 52
33 36 54
33 33 53
31 37 53
34 37 52
34 37 52
33 37 52
34 36 53
33 37 52
33 38 52
33 36 53
33 36 54
33 36 52
33 37 52
34 36 52
33 35 52
32 36 53
33 37 52
33 37 52
34 37 53
34 36 52
34 35 53
34 35 52
34 33 53
34 37 53
32 37 53
32 37 53
32 35 52
33 34 53
33 33 53
34 35 52
33 34 52
34 35 52
34 34 52
33 35 53
33 35 52
32 35 52
33 35 53
33 34 53
33 37 53
33 35 53
34 37 53
32 37 53
34 34 53
34 35 53
34 36 53
32 37 52
33 36 53
33 35 53
33 35 54
32 34 52
34 34 52
33 35 53
32 36 54
33 36 52
32 35 52
33 35 53
33 35 53
33 34 52
33 35 53
33 35 52
33 35 53
34 35 53
33 34 53
33 34 53
33 34 52
33 36 53
33 35 54
33 34 52
33 35 53
33 33 52
33 34 53
31 34 52
33 34 54
33 34 52
33 35 53
34 35 52
33 35 52
34 36 52
34 34 53
33 35 54
33 34 52
34 35 52
34 34 52
33 35 52
33 34 53
32 34 53
34 35 52
33 34 53
33 35 52
33 35 52
32 35 53
34 34 53
34 35 53
33 34 52
32 35 53
32 35 51
33 34 53
33 34 53
33 34 52
33 34 53
33 34 53
32 34 52
33 34 53
33 35 52
33 35 53
32 36 53
33 34 53
34 35 52
34 34 53
34 35 52
33 35 53
33 35 53
33 34 53
33 34 53
33 35 54
34 34 53
33 35 52
33 35 53
34 35 53
33 35 53
33 36 52
34 35 52
33 34 51
34 34 53
32 35 52
33 34 53
33 34 53
33 36 52
32 34 53
33 34 52
33 36 53
33 34 53
33 34 52
33 35 52
31 35 53
33 35 52
32 34 53
34 34 53
34 35 52
33 35 52
33 34 53
34 35 52
33 35 51
33 34 53
33 35 52
34 33 52
33 33 53
34 34 52
33 35 53
34 34 52
33 34 52
33 34 52
34 34 52
33 34 53
34 33 53
34 35 52
34 35 53
32 35 54
34 34 52
33 35 53
34 34 53
33 35 53
34 34 53
32 35 52
33 34 53
34 34 52
33 34 52
33 35 52
32 34 51
34 34 53
33 35 53
33 33 53
33 34 53
33 33 52
34 36 53
33 35 52
34 35 53
32 33 53
33 35 52
34 35 53
32 34 53
33 34 53
32 34 53
35 34 52
34 34 53
33 35 52
33 34 53
33 35 52
33 35 52
33 33 53
32 34 53
33 35 52
33 34 52
34 35 53
33 34 53
33 33 53
34 36 52
34 36 52
33 34 53
33 35 53
32 35 53
33 36 52
34 35 53
33 34 52
33 35 53
33 34 53
33 33 54
33 35 53
33 34 53
32 34 52
34 35 52
32 34 52
34 35 53
34 34 53
32 34 53
33 35 53
33 35 52
35 33 52
34 35 52
33 34 53
33 34 51
34 36 53
33 33 53
32 35 53
33 34 52
33 35 53
34 34 53
33 34 53
32 34 52
33 35 53
32 34 53
34 36 53
34 35 52
34 34 52
33 34 52
33 35 52
34 35 53
33 35 53
33 34 53
33 34 53
33 34 52
34 33 53
33 35 52
33 35 53
34 36 53
34 35 53
33 34 54
34 34 52
33 33 53
33 35 53
35 36 52
33 34 53
33 34 53
33 34 52
34 34 54
33 35 52
33 34 53
34 35 52
34 35 52
33 35 53
33 35 52
33 34 53
34 35 53
34 34 52
32 35 54
33 33 53
33 33 52
34 35 52
33 35 53
33 33 52
33 36 53
33 34 53
34 34 52
33 34 53
34 34 53
35 35 52
33 35 53
33 35 53
34 35 54
33 35 52
34 34 53
34 35 52
32 35 53
33 35 52
34 34 53
33 34 53
33 34 52
33 35 53
33 35 52
34 34 53
34 34 52
34 33 52
33 35 52
33 33 53
33 34 52
33 35 53
33 34 53
33 36 53
33 36 52
33 35 53
33 35 53
34 35 53
33 34 53
33 35 53
33 34 53
32 35 52
34 34 53
34 35 53
34 34 53
34 35 53
33 35 53
34 35 52
34 35 53
33 35 52
34 34 54
34 35 51
34 35 53
33 35 53
32 34 52
33 34 54
33 34 52
34 33 52
33 35 53
33 34 53
33 33 52
34 34 53
34 35 52
34 34 53
34 34 52
33 35 53
34 34 53
33 35 52
33 35 53
34 34 53
33 35 52
33 34 52
34 35 54
33 35 52
34 33 53
33 35 53
33 34 53
34 35 52
34 34 53
32 35 53
34 35 52
33 33 53
34 34 52
33 34 52
33 35 51
34 35 53
33 33 51
33 35 52
33 35 54
34 36 52
33 34 53
34 34 53
33 33 53
34 34 52
33 35 52
32 36 53
33 34 52
33 34 53
33 34 52
34 33 53
32 33 53
33 34 52
34 34 52
34 34 53
34 35 53
32 34 52
33 34 52
34 35 53
33 33 53
34 34 52
34 35 53
34 35 53
33 35 53
33 35 52
33 35 53
32 33 53
34 34 53
34 34 53
33 34 54
34 35 52
34 35 52
33 34 53
32 34 53
33 36 53
34 35 53
33 35 52
33 34 52
35 34 53
33 34 53
34 34 53
33 34 53
34 35 52
34 34 53
34 34 54
34 35 52
32 35 52
34 35 53
34 35 53
33 34 52
33 34 52
34 34 52
33 35 53
33 34 53
34 35 53
32 35 52
33 36 53
33 34 53
34 35 52
34 34 53
34 34 51
33 34 52
32 35 54
34 34 52
34 34 53
34 34 52
34 34 53
34 34 53
35 34 53
33 35 53
34 34 53
34 34 52
34 35 52
33 34 52
34 35 52
33 34 52
33 35 53
34 34 53
33 34 52
32 34 53
34 34 53
33 34 53
34 36 52
34 33 53
33 34 53
34 35 53
32 33 53
33 34 52
35 35 52
34 34 52
34 34 53
32 34 53
34 34 52
34 33 54
33 34 53
33 35 52
33 35 53
33 34 52
33 35 53
34 34 52
33 35 52
34 34 52
33 34 53
34 35 53
33 34 54
34 34 52
33 34 52
34 35 53
34 35 52
33 35 53
34 34 52
33 36 52
33 35 53
34 33 53
34 34 52
34 34 53
34 34 52
33 33 52
33 34 52
34 34 52
33 36 53
34 34 52
33 34 54
34 35 52
33 34 53
33 34 52
33 35 52
33 34 53
33 35 53
34 34 53
34 33 53
33 32 52
33 34 52
34 33 52
34 35 52
34 35 53
33 35 51
33 34 52
33 35 53
34 33 53
34 34 52
33 34 53
33 33 53
33 34 53
34 33 53
33 34 53
34 35 54
34 35 53
33 34 53
33 34 52
34 35 53
34 35 53
33 34 52
33 35 53
33 35 53
32 33 52
34 34 52
34 33 53
33 35 53
34 35 53
34 34 52
32 35 53
35 34 53
33 34 52
33 34 53
35 34 52
34 35 52
33 34 52
33 32 53
33 35 53
35 34 53
34 35 53
33 35 53
34 34 52
34 35 53
33 34 52
33 34 53
33 34 53
34 33 53
34 35 52
33 33 53
34 33 53
34 34 52
33 35 53
33 33 52
34 35 52
33 35 53
34 33 52
34 35 53
33 34 51
33 34 52
33 35 52
34 33 53
33 34 53
34 35 53
34 34 52
33 34 53
32 34 52
33 35 52
34 35 52
35 35 53
34 34 52
34 34 53
34 34 53
34 35 52
34 34 52
33 35 52
33 32 53
34 34 53
34 34 52
34 35 53
34 32 53
34 33 54
35 34 53
34 34 54
34 35 54
32 36 54
35 34 56
34 36 53
34 34 54
35 34 54
36 34 54
36 33 54
37 31 51
36 30 50
37 28 51
38 28 49
37 27 50
37 27 50
36 26 50
37 25 50
35 24 50
35 24 51
36 23 51
37 26 50
36 24 50
36 24 50
36 20 51
37 22 50
36 22 50
36 22 49
37 21 49
37 20 49
37 21 48
37 21 48
38 22 47
27 23 51
35 20 47
36 19 48
35 18 48
36 19 47
35 20 47
35 19 47
34 19 46
35 17 47
36 15 48
34 19 49
36 18 51
36 20 48
38 23 46
37 23 47
38 21 47
37 21 46
36 23 46
37 18 47
38 19 48
36 18 47
34 19 51
35 19 50
38 21 49
36 22 48
35 20 49
33 18 46
37 19 44
37 20 41
37 03 58
33 15 42
32 16 45
35 18 45
34 18 47
36 18 48
36 18 48
36 16 48
33 15 45
34 17 45
34 16 44
34 16 44
35 16 45
36 17 45
36 17 47
33 18 47
36 18 47
35 17 46
33 16 44
32 16 46
31 19 48
35 17 49
37 17 48
38 19 46
38 19 46
39 18 46
38 20 45
38 21 46
38 18 47
38 19 46
37 18 47
38 20 48
36 19 49
37 22 48
37 20 49
37 21 48
36 18 47
35 19 48
35 19 49
34 19 48
36 18 48
36 18 47
35 19 48
35 18 47
36 18 47
35 18 47
35 18 46
35 19 45
34 18 46
35 15 51
34 19 44
34 17 45
34 17 45
34 18 46
34 17 44
33 18 43
35 17 45
34 19 48
34 22 49
36 23 51
35 27 52
35 30 54
35 30 54
34 32 54
36 34 53
36 32 54
36 34 53
36 34 53
35 36 53
35 37 53
36 36 53
36 36 52
35 37 52
36 38 53
35 39 53
35 39 51
36 40 53
35 42 53
36 41 51
36 41 52
36 40 52
36 41 51
38 41 51
37 41 51
36 39 50
37 39 51
38 37 50
38 39 50
35 39 51
37 40 52
35 42 51
35 42 50
36 42 51
37 43 51
37 39 51
38 42 51
37 41 51
36 41 51
37 42 51
38 42 51
38 43 51
38 43 50
38 42 50
37 42 51
39 41 50
40 40 49
39 40 49
39 41 50
38 39 49
40 40 49
39 39 49
40 38 48
41 38 49
41 38 48
41 39 48
41 40 48
42 39 49
41 42 49
40 42 49
40 44 49
40 42 49
40 44 48
41 43 49
41 43 49
39 44 47
40 43 47
41 43 47
41 43 47
40 43 48
40 41 48
40 42 48
39 43 47
39 44 48
41 44 49
41 42 49
42 43 49
40 44 49
40 43 49
40 41 47
38 45 45
39 45 49
40 40 49
37 38 46
35 39 48
35 39 51
35 38 52
34 38 52
34 37 53
34 38 54
33 38 55
33 38 55
33 38 54
34 38 53
35 36 51
35 36 50
35 37 53
35 37 55
34 37 54
34 33 54
35 34 52
33 34 53
33 35 54
34 35 52
34 36 54
33 34 53
33 36 53
33 36 52
34 35 52
33 36 53
34 37 52
35 36 52
33 36 52
34 34 53
34 35 53
34 38 53
34 34 52
33 36 53
33 35 52
32 34 53
33 34 52
32 35 53
32 34 53
35 35 54
34 34 53
34 33 54
32 35 52
32 35 52
33 35 52
33 35 53
32 34 53
33 35 53
33 35 52
34 34 52
34 35 52
34 34 53
34 33 53
33 34 54
33 36 52
33 35 52
34 35 52
34 35 53
33 34 53
33 34 53
34 34 53
34 34 52
34 34 53
32 34 53
33 35 53
34 34 52
34 34 53
33 33 53
33 34 52
34 34 52
33 35 52
32 35 52
33 34 54
34 35 53
33 35 53
33 34 52
32 36 53
34 34 52
33 35 52
33 34 52
33 34 52
33 34 53
33 34 53
32 35 53
33 34 53
34 35 54
32 35 54
33 35 51
32 34 52
33 34 53
33 34 52
33 35 53
33 34 53
33 34 53
34 34 53
33 35 54
33 35 52
32 35 53
33 36 53
34 34 53
32 34 53
33 34 52
34 34 53
33 34 53
33 35 53
33 35 53
33 34 53
33 34 53
33 34 53
33 34 51
32 34 53
33 34 52
34 35 52
33 35 53
33 34 52
33 33 53
32 35 53
32 34 52
33 35 53
34 35 53
33 34 54
34 35 54
34 35 54
33 35 53
33 34 53
33 34 53
33 35 53
32 34 53
33 34 53
32 36 53
34 35 53
33 34 52
33 33 53
34 35 54
33 34 53
33 35 53
33 34 52
33 35 52
33 34 53
34 33 54
32 34 53
33 35 53
33 34 53
33 34 53
32 34 53
34 35 53
34 35 53
33 34 53
34 34 53
33 35 52
33 34 53
34 33 52
33 35 52
31 34 54
32 34 52
33 34 53
33 33 52
33 33 52
34 35 53
33 34 54
32 35 52
33 34 53
34 33 52
33 34 52
33 35 52
33 34 52
33 33 53
33 33 53
33 34 52
33 34 53
35 35 52
33 35 52
34 33 53
32 35 53
35 35 53
34 35 53
33 35 53
34 34 52
33 33 52
33 36 53
35 34 52
35 33 53
34 34 53
33 34 52
32 33 53
35 33 53
33 34 53
34 34 53
34 34 53
33 34 53
32 32 53
34 34 53
33 34 52
33 35 54
34 33 53
33 35 53
33 34 52
32 33 53
33 34 53
34 35 52
33 34 52
33 34 52
34 34 52
32 34 53
34 33 53
33 34 52
33 34 53
34 35 52
35 34 52
33 33 53
34 34 53
33 34 53
34 34 52
33 35 53
33 34 52
33 34 53
33 35 52
34 33 53
34 34 52
33 35 52
32 33 54
35 34 53
32 34 53
34 34 53
34 35 53
33 34 52
34 33 53
33 34 53
34 35 53
34 35 53
34 33 53
35 33 52
33 33 52
34 35 53
32 34 53
33 32 53
34 34 53
33 33 53
34 33 52
34 34 53
33 34 52
34 35 54
34 33 53
33 34 53
34 34 53
33 33 53
34 33 53
34 35 52
33 34 52
33 34 53
33 33 53
33 33 52
33 34 53
32 35 53
33 33 52
33 34 52
34 33 53
33 34 53
33 33 52
33 33 53
33 34 52
34 34 53
34 34 53
33 33 54
33 34 52
33 33 53
33 34 53
33 35 53
33 34 52
33 33 52
34 34 53
33 33 53
33 34 52
34 33 53
35 33 53
34 33 53
34 34 53
33 34 53
33 33 53
33 34 53
32 34 53
33 33 52
34 33 53
34 34 52
33 33 52
34 32 52
33 34 53
33 34 53
33 33 54
33 33 54
33 34 53
32 34 52
33 32 53
32 35 53
34 35 52
33 34 53
34 34 53
34 33 53
34 35 53
34 33 53
34 34 52
32 34 52
34 34 52
34 34 52
33 35 53
33 33 52
33 35 52
32 34 53
34 33 53
34 34 52
34 34 53
33 32 53
34 34 53
34 34 53
32 35 53
33 34 52
34 33 53
32 33 53
34 34 52
33 35 53
34 33 53
34 34 53
33 34 52
33 33 53
33 33 52
33 33 53
34 33 52
34 34 53
34 33 53
33 35 53
33 33 52
35 34 52
34 33 51
33 33 53
33 34 53
33 33 53
34 34 53
33 34 52
33 34 53
34 33 53
33 34 52
33 33 53
33 34 53
33 34 53
32 34 53
34 34 53
34 34 53
33 34 53
34 34 53
33 33 53
34 34 53
34 35 53
33 33 52
33 35 52
33 33 53
33 33 52
34 35 53
34 34 53
33 34 53
34 34 53
34 33 53
34 34 53
33 35 53
33 35 53
33 34 53
33 33 52
32 34 53
34 34 53
33 34 53
34 34 53
33 34 53
35 33 53
34 34 53
34 34 52
34 34 52
34 33 53
34 33 53
33 35 54
34 34 53
34 34 53
33 33 53
34 34 53
34 33 53
33 34 52
33 34 54
34 33 52
33 33 53
34 35 53
33 33 53
33 34 53
33 34 53
34 34 52
33 34 52
33 34 53
34 34 52
34 34 52
32 33 52
35 34 52
33 34 53
34 33 52
35 35 52
34 34 52
33 34 53
34 33 52
34 33 53
34 33 52
33 34 53
34 34 52
34 34 52
34 35 53
33 35 53
34 33 52
35 34 53
34 34 53
33 34 53
33 34 53
34 33 53
33 34 52
33 33 53
34 34 54
33 34 52
34 34 53
34 32 53
35 34 51
33 32 53
33 34 52
34 35 52
32 35 52
34 35 53
34 34 53
34 35 52
34 35 53
33 33 53
34 34 52
34 33 53
34 34 53
33 34 54
34 35 53
33 35 52
33 35 52
34 35 53
33 33 53
33 34 53
34 34 53
34 34 52
33 34 53
33 34 54
32 34 53
33 34 53
34 33 51
33 34 53
33 35 53
34 33 52
33 35 53
35 33 54
34 34 54
34 34 53
32 34 52
34 34 53
33 34 53
34 34 52
33 33 53
33 33 53
32 34 52
34 34 52
35 34 52
33 33 54
33 34 53
34 34 52
33 33 53
34 34 54
34 34 53
33 35 54
34 32 53
34 33 53
34 35 52
34 34 53
35 33 52
34 34 53
34 35 53
33 33 52
34 34 53
33 34 53
35 33 52
34 34 53
33 33 53
33 36 53
34 34 53
33 34 52
33 33 54
34 34 53
34 34 53
33 34 52
33 32 52
34 35 53
33 35 53
33 34 53
34 35 53
33 34 53
33 33 52
32 33 53
34 33 53
33 35 52
32 34 53
34 34 53
34 34 53
34 35 53
34 33 53
34 33 53
33 33 53
33 35 53
33 34 52
34 35 53
34 33 53
33 33 52
34 35 52
35 33 53
32 34 52
34 34 53
33 34 52
33 34 53
33 33 53
34 34 52
35 33 53
34 34 53
34 34 52
33 34 52
34 35 53
34 33 53
33 34 53
33 33 54
34 33 52
32 34 54
34 34 53
34 35 52
34 33 52
33 34 52
34 35 52
35 34 53
35 34 53
34 33 53
35 34 52
35 34 53
33 33 54
34 34 53
33 35 53
34 33 53
34 34 52
34 34 53
33 34 53
35 33 54
34 34 53
33 34 53
33 34 53
34 34 53
35 34 52
32 34 53
33 34 53
33 34 52
34 33 53
34 33 53
34 33 52
35 34 52
34 34 54
33 34 53
34 35 52
32 35 53
33 35 52
33 34 53
35 34 53
34 33 53
34 33 54
34 34 53
33 34 53
33 34 53
33 34 52
33 34 52
34 34 53
34 34 52
35 34 53
33 34 52
33 35 53
34 34 53
35 34 53
33 34 53
33 34 53
34 33 52
34 34 53
34 33 53
34 34 53
34 34 53
33 34 52
34 33 52
32 33 53
34 33 52
35 33 53
34 33 53
34 34 53
35 33 54
34 34 53
34 33 52
34 34 53
33 33 53
34 34 52
33 33 53
34 34 53
33 34 53
33 35 53
34 32 53
34 35 53
34 35 53
34 35 53
33 34 52
33 34 53
33 35 54
33 34 52
32 34 53
32 33 52
33 35 52
34 33 52
33 32 52
34 33 53
33 34 53
34 34 52
34 34 53
33 34 53
34 34 53
33 33 53
34 33 53
35 33 53
35 34 53
34 33 52
34 33 52
33 32 54
34 35 54
34 35 53
35 34 54
35 36 54
36 35 54
35 35 53
34 35 51
35 34 52
35 33 52
35 33 51
35 34 51
35 33 51
32 33 51
31 32 53
32 31 52
30 32 51
31 31 53
31 32 53
31 30 54
33 32 54
31 32 53
32 33 54
32 34 53
32 33 53
34 32 53
35 32 51
35 33 51
34 32 53
35 30 54
37 27 54
38 27 53
38 29 53
40 28 54
38 27 52
37 26 51
38 25 51
37 24 49
38 23 49
38 22 48
38 22 49
36 22 47
37 20 48
36 21 48
37 22 49
37 21 48
35 21 48
36 20 50
36 20 49
36 22 47
37 21 48
36 21 49
36 20 49
37 18 48
36 21 49
33 16 51
36 18 47
34 19 47
34 19 46
34 17 45
34 16 44
34 17 44
33 15 45
33 15 44
34 16 45
35 15 45
36 16 45
35 17 45
34 16 44
33 17 45
33 16 43
33 16 45
32 18 48
35 18 49
35 18 50
37 21 49
36 20 48
39 20 49
40 19 48
37 23 48
37 21 49
37 21 48
38 21 46
37 19 47
34 20 46
36 22 47
35 27 49
34 31 53
33 29 53
34 29 52
32 32 54
33 35 56
36 32 56
36 31 54
36 32 54
37 29 54
38 28 53
37 25 50
37 26 52
38 25 51
37 26 49
37 24 50
36 24 50
37 25 51
37 22 50
37 23 49
35 23 49
36 21 50
36 21 48
35 20 48
36 22 46
35 22 46
34 19 49
35 18 46
34 19 45
35 24 47
35 24 51
33 25 51
34 34 54
34 36 55
34 39 54
34 42 54
35 44 53
34 45 52
36 44 52
36 45 52
38 39 49
36 41 49
36 44 50
35 47 50
36 48 49
37 46 48
38 45 48
37 44 48
38 44 47
39 42 47
40 43 48
40 41 47
39 41 48
39 43 47
39 42 48
38 43 49
38 42 48
38 42 49
39 42 49
38 42 48
39 44 47
38 45 49
38 45 48
40 42 49
41 42 50
41 41 50
42 41 52
41 43 51
41 40 51
40 40 47
39 41 47
39 42 47
36 42 46
36 43 46
34 43 46
33 45 50
34 43 48
33 43 48
33 43 50
33 43 51
33 44 54
31 46 56
32 43 55
34 40 50
36 39 51
35 37 53
33 38 51
35 41 51
33 41 52
34 38 53
32 39 51
34 39 52
33 38 52
33 38 53
33 39 51
34 39 51
34 38 53
34 38 51
33 38 51
33 37 52
33 37 52
34 39 52
34 39 52
33 38 52
33 38 52
33 37 52
34 36 53
34 36 53
34 37 52
33 38 52
33 35 52
34 36 52
34 36 52
33 37 52
34 36 53
32 37 52
33 37 52
32 36 52
33 37 52
32 35 54
32 36 51
33 34 53
33 36 52
34 35 52
33 36 52
32 36 53
32 36 52
33 36 53
34 36 52
33 36 53
33 37 53
33 35 53
34 36 53
34 36 52
33 35 52
33 36 52
33 36 52
34 35 52
34 36 52
34 35 53
34 37 53
33 35 52
33 35 51
33 37 52
33 35 53
32 37 52
33 35 52
33 35 52
34 35 52
32 35 52
34 35 53
33 36 52
34 34 53
33 35 53
32 34 54
33 36 52
34 36 52
34 35 52
33 35 53
33 36 53
33 36 53
33 35 53
32 36 52
34 35 53
33 35 53
33 35 53
32 35 52
35 36 53
33 36 52
33 35 52
34 35 53
33 35 52
34 34 53
33 34 53
33 34 53
32 36 53
33 35 53
33 35 53
33 35 53
34 34 53
33 36 54
33 35 52
33 34 52
34 35 53
34 35 53
33 36 53
34 35 53
32 35 52
33 34 53
33 36 54
34 35 52
33 35 52
35 36 52
34 37 52
33 35 53
34 35 52
34 36 52
33 36 52
35 36 53
34 36 53
34 34 52
34 36 52
33 35 53
34 35 53
34 34 53
32 35 52
34 35 53
33 35 53
34 34 53
34 34 52
34 35 53
33 34 52
33 35 52
34 35 53
34 35 53
34 35 53
33 35 52
33 34 53
34 35 52
35 36 52
34 34 53
34 35 53
32 36 52
34 35 53
34 34 53
34 34 52
33 35 53
33 36 53
33 35 52
32 35 52
33 35 52
33 35 53
33 35 53
33 35 53
34 34 52
32 34 53
33 36 53
34 34 52
33 34 53
34 34 52
33 35 52
34 35 52
33 35 52
34 33 54
35 35 53
33 35 52
33 35 53
33 36 52
34 35 52
34 34 53
34 35 52
33 34 52
33 35 52
33 35 52
33 34 52
34 35 53
35 35 53
33 36 53
32 34 53
33 36 52
33 36 52
33 36 52
34 35 52
33 34 53
34 35 52
34 34 52
34 35 51
34 34 53
34 35 52
34 34 53
34 36 52
33 36 52
34 35 53
33 35 52
35 34 53
33 35 53
33 35 52
32 35 52
33 35 53
33 36 53
34 34 53
34 37 53
33 35 52
33 34 53
33 35 52
33 35 53
33 35 52
33 35 53
33 34 53
33 34 53
34 35 53
33 35 53
33 35 53
34 35 52
34 35 53
33 35 52
34 34 52
34 34 53
34 35 53
34 34 53
34 35 51
33 35 53
34 35 52
34 35 53
34 35 52
33 34 53
33 37 52
34 35 53
34 36 53
34 33 53
34 35 54
34 36 52
33 35 52
34 35 53
33 36 52
34 35 53
34 34 53
34 35 53
33 36 52
33 35 52
33 34 52
33 35 53
34 35 52
32 35 52
33 36 53
34 36 53
34 35 53
33 36 53
33 37 53
34 34 51
32 35 53
33 36 53
33 35 53
33 35 53
33 34 53
33 34 54
33 35 53
34 36 53
32 35 52
33 35 53
34 35 53
34 38 52
35 35 52
33 34 52
33 36 53
33 35 53
33 36 52
35 36 53
33 36 52
33 36 52
35 35 53
34 36 52
34 35 53
34 34 53
33 35 53
33 36 52
34 34 52
35 34 53
35 34 52
34 35 53
33 36 53
34 35 52
33 34 53
34 37 53
34 35 52
34 34 52
34 36 52
34 33 52
34 35 52
35 34 52
34 36 52
34 33 53
33 34 52
34 34 54
33 34 53
34 36 55
36 36 54
36 37 53
35 35 53
37 37 54
37 35 54
38 35 53
37 34 53
37 35 53
37 34 53
36 31 52
36 30 52
34 30 51
34 28 50
34 27 51
32 27 50
33 28 51
32 28 52
32 26 52
32 26 52
32 28 54
33 27 54
32 27 52
33 27 52
33 27 51
34 27 53
34 28 52
33 27 52
34 29 51
35 28 52
36 29 51
35 28 51
34 27 52
35 26 52
36 24 54
35 26 53
38 28 52
37 27 53
38 26 52
38 25 50
38 24 50
38 22 48
39 21 47
38 21 48
38 21 47
38 22 48
36 22 48
37 21 49
38 20 49
37 19 48
37 19 49
37 20 48
36 20 48
37 21 48
38 21 47
37 20 47
37 19 49
37 20 47
35 18 50
36 16 49
36 20 47
37 19 46
36 19 47
35 18 48
35 19 47
35 20 46
35 18 44
36 12 50
35 17 45
35 16 46
35 18 45
35 17 45
36 19 45
35 16 45
35 15 45
36 15 44
37 16 44
38 16 44
36 17 45
36 17 47
36 18 46
36 18 45
34 18 46
35 18 45
36 17 46
34 16 46
35 18 47
36 18 47
38 17 48
37 19 47
37 19 48
39 18 48
37 18 48
37 20 46
38 22 48
37 21 49
36 21 49
36 21 49
35 19 50
35 18 49
35 19 48
37 19 48
37 21 47
38 21 47
40 20 47
39 23 47
40 24 46
39 20 47
38 19 48
38 20 48
38 19 48
37 19 47
37 18 48
37 18 49
37 18 49
37 19 47
38 19 45
38 21 47
38 18 49
36 19 48
37 19 47
36 20 46
37 18 47
36 19 46
36 19 46
37 17 47
36 18 46
37 20 46
36 20 48
36 20 47
37 20 45
33 18 49
36 17 46
34 16 42
33 15 41
32 17 41
35 16 44
35 18 46
36 21 47
36 25 51
34 30 52
36 32 54
37 34 55
36 34 54
36 38 53
37 37 53
37 38 54
35 39 53
36 42 51
36 43 52
35 44 50
35 46 51
36 45 49
35 45 49
37 45 49
38 44 49
37 43 48
38 41 48
38 44 48
38 44 48
39 44 47
39 43 48
39 43 46
41 43 48
41 43 48
39 44 47
38 43 48
39 45 46
40 42 48
40 44 48
40 46 48
40 44 48
40 44 48
42 46 46
40 45 47
40 45 47
41 45 47
40 46 47
40 46 46
40 44 47
41 43 47
38 40 49
38 42 48
38 41 49
38 43 47
36 47 47
37 46 49
38 43 47
36 44 45
34 45 47
36 44 49
34 42 44
33 47 48
34 42 50
33 43 49
33 49 50
35 46 53
35 46 52
34 45 49
35 42 50
36 41 51
33 43 50
34 41 51
34 39 52
34 39 52
35 39 51
35 37 52
34 38 53
35 39 51
33 39 53
35 37 52
34 37 52
34 37 52
33 37 52
34 37 52
33 37 53
34 38 52
34 38 52
33 37 51
33 37 52
34 38 52
34 35 52
34 37 53
34 35 52
33 36 52
34 35 53
34 37 52
33 38 52
35 37 53
33 37 53
33 36 52
34 37 53
35 36 52
32 36 51
34 36 52
35 36 52
33 37 52
35 36 53
32 37 52
34 36 51
35 35 52
33 35 52
34 36 53
34 37 53
34 36 53
35 37 53
32 35 52
35 35 53
34 36 53
33 37 53
33 36 52
33 37 52
34 36 53
34 35 52
34 36 53
34 36 53
35 36 52
33 36 53
33 37 52
34 36 53
33 36 52
33 35 52
34 36 53
34 37 52
34 37 52
32 35 53
34 36 53
34 35 52
34 36 52
33 36 52
33 35 53
36 35 53
36 36 52
33 36 52
35 36 53
34 36 52
34 35 52
34 35 52
34 36 52
35 35 51
34 35 52
35 36 52
34 35 51
34 35 52
35 35 52
34 36 52
35 36 52
33 35 52
34 35 53
34 35 51
34 36 52
34 36 53
34 36 53
35 35 52
35 35 52
34 35 53
35 36 53
34 34 54
34 35 52
35 35 52
34 37 53
35 35 53
33 34 52
35 35 53
34 36 53
34 35 52
34 36 53
34 36 52
34 35 52
33 35 52
35 35 53
34 36 53
33 35 52
34 35 53
33 36 52
35 36 52
35 34 53
33 36 52
34 35 53
34 36 53
34 35 52
34 35 53
34 35 53
34 36 53
34 36 52
35 35 53
34 35 52
34 36 51
34 36 52
34 35 53
35 36 53
33 35 53
34 36 53
34 35 52
35 37 51
35 34 54
33 36 52
34 36 52
34 35 52
35 36 53
34 35 52
34 35 53
35 35 52
34 36 52
34 36 53
35 35 52
34 35 52
34 35 52
34 34 53
35 35 52
34 35 52
34 35 53
34 36 52
34 37 52
33 35 53
34 36 53
34 35 54
33 35 52
34 34 54
34 36 53
34 35 53
35 36 52
36 35 53
34 35 52
33 35 52
34 37 53
35 36 52
35 36 51
34 35 53
34 35 53
34 36 52
34 34 53
35 36 53
35 35 53
35 35 53
34 35 52
35 35 52
35 35 52
34 35 53
35 35 52
35 35 53
34 36 53
34 34 53
34 35 52
33 36 52
35 37 53
34 35 53
34 35 53
33 35 53
34 36 52
35 36 53
34 35 52
35 35 52
34 35 51
34 36 51
33 36 52
33 35 52
34 36 52
34 35 53
35 36 53
34 35 53
33 34 53
33 35 53
34 35 52
35 36 53
34 36 53
34 35 53
35 34 53
34 36 53
35 36 53
35 34 52
34 35 52
33 36 53
35 34 53
34 34 52
34 36 52
34 35 53
35 35 52
34 36 53
34 34 52
34 34 53
33 36 52
33 34 52
34 36 53
34 36 53
35 35 52
34 35 52
34 35 53
33 36 53
34 35 53
34 36 53
35 35 52
34 35 52
33 36 51
35 35 53
34 35 52
34 35 52
34 34 52
34 36 53
34 34 52
34 35 53
34 35 52
34 35 52
35 35 53
35 35 52
35 35 52
36 36 53
34 35 52
35 35 53
35 35 53
35 36 52
34 35 52
33 34 53
35 35 53
35 34 53
35 34 52
34 35 53
34 36 53
34 36 53
35 36 52
36 35 54
34 37 53
34 35 53
35 35 52
35 35 53
34 35 53
34 34 52
34 34 53
33 35 53
35 34 52
35 35 52
34 35 53
35 35 53
35 34 53
34 35 54
34 34 52
33 36 53
34 34 52
34 35 52
34 35 53
35 36 52
35 35 54
34 35 53
35 35 53
35 36 53
35 36 52
35 35 52
34 34 52
34 35 52
34 36 53
34 36 52
34 36 54
34 35 52
33 36 53
34 34 53
33 36 53
34 35 51
35 35 52
35 34 52
35 34 52
34 35 52
34 35 52
35 35 52
35 35 52
35 35 53
34 36 52
33 35 53
35 35 52
34 35 53
34 35 52
34 36 53
35 34 53
35 34 53
35 35 53
34 34 53
34 36 53
35 35 53
35 35 53
34 35 52
34 36 52
35 35 53
33 36 52
34 35 51
34 36 52
34 36 53
34 35 52
34 34 53
33 35 52
34 36 52
32 35 53
34 35 53
35 34 53
35 36 53
34 35 52
34 33 54
35 34 52
34 35 53
34 36 52
34 35 52
34 34 52
34 35 52
34 35 52
34 34 52
35 35 53
34 34 52
33 35 53
34 35 53
34 35 52
35 35 53
34 35 52
35 35 53
34 34 53
35 34 52
35 34 52
35 36 53
35 35 53
35 34 52
34 36 53
35 35 53
35 35 53
35 34 53
35 34 52
35 35 52
34 35 52
34 35 53
34 34 52
35 34 53
35 35 53
35 35 52
35 35 53
34 35 52
34 34 53
34 36 52
33 35 52
34 35 52
33 36 53
34 36 53
34 35 52
35 35 53
35 35 53
35 34 52
36 35 52
35 34 52
34 36 53
35 35 52
35 34 53
34 34 52
34 35 52
33 35 51
35 35 53
36 36 53
34 35 52
35 35 52
34 35 54
35 35 52
35 35 53
34 35 53
34 34 52
34 34 52
35 34 53
35 35 52
35 34 52
34 35 52
34 35 53
34 34 53
34 35 53
33 35 54
35 34 53
34 33 52
36 34 53
35 34 53
34 35 53
35 35 53
35 34 52
34 34 52
35 35 53
35 34 52
34 35 51
36 34 52
35 35 53
34 34 52
36 34 53
35 34 52
35 36 53
36 34 53
35 35 53
35 34 52
34 34 52
35 35 53
34 34 52
34 34 52
34 34 52
35 35 53
34 35 53
35 35 53
34 36 53
34 33 53
35 36 53
36 36 52
33 35 53
34 35 52
35 35 53
35 34 53
35 36 53
35 35 52
35 35 53
34 35 53
34 35 52
35 36 53
33 35 53
33 36 53
33 36 53
35 36 52
34 34 53
35 34 52
34 34 53
33 35 52
35 36 52
34 35 53
33 36 53
35 35 53
35 34 53
35 36 54
35 34 52
34 34 53
34 34 53
34 35 53
35 35 52
35 35 52
34 35 53
35 33 52
34 35 52
33 34 52
34 35 53
33 35 52
34 34 52
35 35 53
34 36 54
34 37 54
35 37 54
36 38 54
37 38 53
38 36 52
38 37 51
37 35 51
36 33 51
35 34 51
36 34 51
35 33 53
33 34 52
33 34 54
33 33 53
31 33 54
31 31 53
31 34 53
31 34 51
33 34 54
32 32 53
32 33 52
32 34 53
35 33 53
34 32 52
33 32 52
35 31 53
35 30 55
35 28 53
37 29 52
39 28 53
40 26 52
41 25 50
38 24 49
40 22 48
38 21 48
39 21 48
37 20 47
36 20 47
36 20 48
37 19 48
38 21 48
36 21 48
36 21 48
36 21 49
36 20 50
36 19 49
37 19 49
36 19 48
37 20 48
37 20 47
35 19 47
37 18 47
35 17 47
35 17 47
36 18 46
36 17 48
34 17 44
34 18 46
34 16 45
35 17 45
35 17 45
34 17 45
33 16 44
36 17 47
36 16 46
35 17 46
35 16 45
35 16 47
35 16 46
35 17 46
37 16 45
37 17 46
35 17 45
34 17 47
35 18 47
35 17 48
35 17 47
36 18 46
36 18 46
38 17 48
38 22 47
39 20 47
39 20 47
39 22 46
39 22 47
38 20 47
38 19 48
37 20 48
38 19 48
38 18 47
36 20 46
37 18 49
36 18 48
35 18 47
36 18 47
37 20 47
37 17 48
36 19 46
36 17 46
35 18 47
35 16 47
36 18 45
36 17 46
37 18 45
35 15 46
35 21 44
34 13 49
35 16 43
34 17 41
33 17 42
35 17 44
34 21 45
36 24 49
35 25 49
35 31 51
36 35 54
35 34 53
36 38 53
35 39 53
34 41 53
35 40 54
35 44 52
35 45 52
36 45 51
36 47 51
36 46 50
35 44 49
37 43 48
38 43 49
38 43 47
39 42 48
39 42 48
41 43 48
40 44 48
38 43 47
39 44 47
40 44 47
38 44 48
39 44 46
39 44 48
38 44 46
40 44 47
40 43 47
39 44 47
39 45 46
40 45 47
40 48 46
40 46 46
41 47 46
40 44 47
39 42 48
40 45 49
38 46 48
39 46 47
40 46 47
39 47 46
39 47 48
39 44 48
37 44 44
38 47 47
38 43 47
37 42 47
34 43 41
32 49 47
35 45 49
31 44 47
31 48 49
31 48 51
32 48 52
33 45 51
34 42 51
34 41 50
33 41 52
34 41 52
32 41 52
33 41 52
33 41 51
33 43 51
34 40 51
34 40 51
33 41 51
33 41 51
33 40 51
34 40 51
33 40 50
33 41 49
32 41 51
33 41 51
32 40 52
32 41 52
33 40 51
33 41 51
33 39 51
33 40 52
34 41 51
32 40 52
32 41 51
33 40 52
32 39 51
33 40 51
32 39 51
31 40 52
33 39 51
33 40 52
33 40 51
32 40 51
34 40 51
33 41 51
33 40 52
33 41 51
33 39 52
32 38 52
34 41 53
33 40 51
34 40 52
33 40 52
31 40 51
33 41 52
34 39 51
34 39 51
34 41 52
33 39 52
33 40 51
33 40 52
33 40 52
33 41 52
34 40 51
35 40 52
34 40 51
34 38 51
33 40 52
31 43 51
34 42 52
33 41 51
33 40 51
35 42 51
34 42 51
35 38 50
34 40 51
32 41 50
32 42 50
33 42 50
33 42 51
34 39 52
33 40 51
33 41 51
33 41 51
34 39 51
34 40 51
35 39 50
34 40 51
32 42 51
33 40 52
34 41 50
34 40 51
34 40 51
33 41 51
35 41 50
33 42 52
34 40 51
34 41 52
34 40 51
34 40 51
33 40 51
33 39 52
34 41 51
33 41 52
36 40 51
34 41 52
34 40 52
34 41 52
33 41 52
33 40 51
34 38 51
32 40 51
34 39 51
33 39 52
34 39 51
33 39 53
33 39 52
34 40 51
33 39 52
33 40 52
34 40 51
33 40 52
34 39 51
34 39 52
34 41 52
33 38 51
33 40 51
32 39 51
34 39 52
33 40 51
35 40 51
34 40 51
33 39 52
33 40 52
34 40 51
33 40 51
34 38 51
33 39 51
34 39 52
33 39 52
33 38 52
33 40 52
34 39 51
33 40 52
35 40 51
33 39 51
34 38 52
35 38 51
33 38 51
34 39 51
34 40 52
34 38 51
35 38 52
34 39 52
33 40 52
34 39 51
33 38 52
33 40 52
34 39 52
34 40 52
35 39 51
34 39 51
35 39 52
34 40 52
34 39 52
33 39 52
34 40 51
35 38 52
34 38 52
34 39 51
34 40 51
34 39 52
34 39 52
34 39 52
34 40 52
34 40 52
33 39 52
33 39 52
34 40 52
33 38 51
34 39 52
34 39 51
34 40 52
33 38 52
34 39 51
34 40 52
33 39 52
33 38 52
33 40 51
34 38 51
33 39 52
34 39 52
34 38 52
33 39 52
35 39 52
35 39 51
34 40 53
33 39 52
35 40 53
35 40 52
34 38 52
34 40 52
34 39 51
34 39 52
34 37 51
35 40 51
34 38 52
33 39 51
33 38 51
35 39 52
33 39 52
33 39 52
34 40 51
34 40 52
33 39 51
33 39 51
34 38 51
35 38 51
33 39 51
33 38 52
34 38 52
33 39 52
34 38 51
34 38 51
34 39 51
34 39 51
33 39 51
34 38 51
33 40 52
34 39 52
34 39 52
34 38 52
33 39 52
33 40 52
34 38 52
33 39 51
34 38 53
34 39 52
36 39 51
34 39 52
34 39 53
34 39 52
34 40 52
33 39 51
34 38 51
34 39 52
35 39 52
34 39 52
34 39 52
33 38 52
33 38 52
34 38 51
34 38 51
33 39 51
34 40 52
35 39 52
33 39 52
34 39 52
33 39 52
35 39 51
34 39 51
34 38 52
34 38 52
33 39 51
34 37 52
34 39 52
34 40 52
34 37 52
34 38 52
33 39 51
33 39 51
33 39 51
34 38 52
34 39 51
34 38 51
34 41 52
33 38 52
34 40 52
35 40 51
33 38 51
33 39 51
34 38 52
34 39 52
34 39 52
33 39 52
34 40 52
34 39 52
34 40 52
33 40 52
34 37 51
34 39 51
34 38 51
34 38 51
34 39 53
33 38 52
34 39 53
34 38 51
34 38 51
34 38 52
34 38 51
33 38 52
34 39 52
34 40 51
34 38 52
34 37 52
33 38 52
34 38 52
34 39 53
34 36 52
35 37 52
35 38 51
33 39 51
34 39 53
36 38 51
34 38 52
34 38 52
34 39 53
33 39 52
34 38 52
34 38 52
34 38 52
35 37 52
33 39 52
35 39 52
35 38 51
34 38 52
33 39 52
34 39 52
35 38 52
35 37 53
35 38 52
35 38 52
35 38 54
34 40 54
34 41 53
34 42 53
34 41 53
37 38 52
37 37 53
37 38 51
38 37 50
38 35 52
39 35 51
37 34 50
36 33 50
36 31 51
36 29 51
35 30 51
35 30 54
33 30 53
34 30 53
34 26 52
33 31 53
34 30 53
34 29 53
35 30 52
34 29 53
36 30 52
35 30 51
35 30 51
35 29 53
36 29 51
35 28 51
35 29 52
34 29 52
35 29 53
35 27 53
36 29 54
36 29 53
37 28 52
39 28 51
39 26 50
38 26 49
39 25 50
39 25 49
36 24 50
38 22 48
38 20 48
37 21 49
38 21 48
37 20 49
37 21 48
37 20 50
35 23 51
37 23 51
37 25 50
36 24 49
38 24 51
35 24 49
37 24 50
36 21 50
36 22 52
37 20 50
35 23 49
36 21 48
35 21 47
37 19 50
36 18 46
36 19 46
35 19 47
36 19 46
37 20 47
35 18 47
36 18 46
35 18 47
36 18 45
36 17 46
35 16 47
36 18 46
35 18 46
35 17 46
34 18 46
35 18 48
34 20 49
36 19 49
38 19 48
38 20 48
39 20 47
39 18 47
39 21 47
39 23 47
39 21 48
38 21 48
39 21 49
39 20 50
37 21 49
37 19 48
36 19 49
37 21 48
36 20 48
36 19 49
37 20 48
37 19 48
37 17 47
37 20 48
36 17 46
36 18 47
37 19 47
37 18 47
35 19 46
37 19 43
31 16 49
34 17 45
34 17 42
34 16 43
33 15 44
35 17 46
35 19 46
35 21 47
35 24 50
35 25 50
34 28 53
34 31 54
36 29 53
36 31 52
36 34 53
36 33 53
35 33 53
34 35 53
35 35 52
35 35 52
34 35 52
34 36 51
35 37 51
34 37 52
34 36 52
35 39 52
35 37 53
35 38 52
35 40 52
35 40 51
35 40 51
36 42 52
35 42 51
35 43 50
35 43 50
35 46 50
35 45 49
36 46 48
36 46 49
36 44 49
37 46 48
37 44 48
37 46 47
38 44 47
36 45 48
38 44 48
39 44 48
37 44 48
38 44 48
39 43 48
39 43 48
39 43 49
39 43 48
40 43 47
39 45 48
41 44 48
38 44 48
39 43 48
38 44 49
40 45 50
40 45 47
39 44 47
39 42 48
39 42 48
39 43 48
40 45 48
40 46 47
38 47 47
38 44 45
38 44 46
36 43 46
35 42 46
35 43 48
34 43 49
33 42 48
33 42 49
31 43 51
32 43 53
33 46 54
34 42 54
35 41 53
36 40 50
34 40 50
32 40 53
33 38 53
34 39 52
33 39 52
34 40 52
33 39 52
33 39 52
34 39 51
33 40 52
33 40 52
33 39 52
33 39 51
33 39 52
33 39 52
33 39 52
33 39 51
33 39 51
34 39 51
33 40 51
33 39 51
32 39 51
33 39 51
33 39 52
33 39 51
33 39 52
33 39 52
31 40 52
33 39 52
33 38 52
33 39 52
33 38 52
34 40 52
32 39 52
32 39 52
32 39 52
32 39 52
32 38 51
34 39 52
33 40 52
32 37 52
34 39 52
33 39 51
32 39 52
34 39 51
33 39 51
33 40 51
33 39 52
33 39 52
34 40 51
34 39 52
33 39 51
33 38 53
33 38 52
33 40 52
33 39 52
34 38 52
33 38 51
34 40 52
33 39 51
34 38 52
33 39 52
33 40 52
33 39 52
34 38 51
33 39 52
34 38 52
33 39 52
34 39 51
32 39 52
33 39 52
33 40 52
33 38 52
33 38 51
33 40 52
34 40 51
34 38 52
34 38 52
33 39 52
34 39 51
34 38 52
34 37 51
34 37 52
33 39 52
34 39 51
32 38 53
34 40 52
34 40 51
33 38 51
33 38 52
33 38 52
34 38 52
33 38 52
32 39 51
34 39 52
33 39 52
34 38 53
33 38 52
33 40 52
34 38 52
32 39 50
35 39 52
34 39 51
33 38 52
34 38 52
33 38 51
33 40 52
32 39 52
33 38 52
33 38 53
33 38 51
33 39 52
33 39 52
34 40 52
34 40 51
33 39 51
33 38 52
33 39 52
33 40 52
33 39 51
34 39 52
33 39 52
34 40 52
34 38 52
34 39 53
34 39 52
33 38 51
33 38 51
33 38 51
32 38 51
33 39 52
33 38 53
33 38 52
33 38 52
33 39 52
33 39 52
33 39 52
34 37 51
33 39 52
33 39 53
33 39 52
33 38 52
33 39 52
34 39 52
34 37 52
34 39 52
33 39 51
34 39 52
33 38 51
33 39 52
34 40 52
34 39 52
33 38 51
33 39 52
33 39 52
33 39 52
32 39 53
34 39 51
35 38 51
33 39 52
32 38 52
33 39 52
32 39 52
34 38 52
33 39 52
34 38 52
33 38 51
34 38 52
33 38 52
32 39 51
34 38 51
34 39 52
33 39 52
34 39 51
33 39 51
34 39 52
33 39 53
34 39 52
33 39 51
34 38 51
32 37 52
34 40 52
33 39 51
33 39 52
35 40 51
34 38 52
33 39 52
34 38 52
35 39 51
33 39 52
34 38 51
33 39 51
33 40 52
34 39 51
34 39 52
33 38 51
32 38 52
34 40 52
32 38 53
33 37 52
33 39 52
33 39 51
33 39 51
35 40 51
34 40 51
33 39 51
33 39 52
34 37 52
34 38 52
34 40 51
34 39 52
34 39 51
34 38 52
33 39 53
33 38 52
34 38 51
33 40 52
33 39 51
32 37 52
34 38 51
34 38 52
33 40 52
34 40 51
34 39 52
34 40 52
34 38 51
33 38 51
32 40 51
33 39 51
32 40 52
34 39 52
33 38 52
34 40 51
33 38 52
33 38 52
33 39 53
33 38 52
34 39 52
35 41 52
34 40 51
34 37 52
33 39 51
34 38 52
32 39 52
34 39 52
34 39 52
33 39 52
33 40 52
33 40 53
32 39 52
33 39 51
33 39 52
33 39 52
33 39 51
33 40 52
34 40 51
33 38 52
33 38 52
34 39 52
33 39 51
34 39 52
33 39 51
33 38 52
33 38 52
34 39 52
34 39 53
35 39 51
33 38 51
35 38 51
33 39 51
34 38 52
33 39 52
34 38 52
34 39 52
33 39 52
34 39 51
33 39 52
33 39 52
33 39 52
34 40 51
33 40 52
34 39 51
33 39 52
33 38 51
32 39 52
34 40 52
33 39 51
34 38 53
34 39 52
33 38 53
34 40 52
34 39 51
33 39 52
33 39 52
32 38 51
33 39 52
34 40 52
34 39 51
32 38 52
33 39 52
34 39 52
34 38 52
33 38 51
34 39 51
34 38 52
34 39 52
33 39 52
33 38 52
34 38 52
33 38 52
34 39 52
34 39 52
33 39 52
33 39 51
32 38 52
33 38 52
34 39 52
33 39 51
32 39 52
34 36 52
33 38 52
33 39 52
33 39 52
32 39 53
33 40 51
34 39 52
33 38 52
33 39 52
34 39 52
33 39 52
34 40 51
33 39 52
33 39 52
34 39 50
34 38 52
34 38 52
34 39 52
34 38 52
33 37 52
34 38 51
34 38 51
32 38 52
33 40 52
34 38 51
34 38 52
34 39 51
34 39 51
33 39 52
33 39 51
33 38 52
34 39 52
33 39 52
33 39 52
33 39 51
34 38 52
34 38 52
34 37 52
35 39 52
34 38 51
33 39 51
33 39 51
34 38 52
34 39 52
34 38 51
33 39 52
34 39 52
34 38 53
35 39 52
34 38 52
33 38 52
34 39 52
34 39 52
34 39 52
33 38 52
33 38 51
34 39 52
33 38 52
34 38 52
33 38 52
32 38 52
34 38 51
33 37 51
31 38 52
34 38 52
34 38 52
34 38 52
34 38 51
34 38 52
34 37 52
32 39 52
34 40 52
33 38 52
33 39 52
34 38 52
33 39 52
33 38 52
34 39 51
34 39 52
33 39 51
34 38 53
33 39 52
34 40 51
33 39 51
33 38 52
34 40 52
34 37 52
34 37 52
33 38 51
34 40 52
34 38 52
33 39 51
34 39 52
34 39 52
33 38 52
34 38 52
33 39 52
33 39 52
34 39 52
33 38 52
33 38 52
34 39 52
33 39 53
33 39 52
33 40 53
33 38 52
34 40 52
33 38 51
33 38 52
33 39 51
34 38 53
33 40 52
34 38 52
34 38 52
33 39 52
33 40 53
34 39 51
34 38 51
34 40 52
32 39 52
35 38 51
34 39 51
33 39 53
33 39 51
33 37 52
34 37 51
33 38 52
33 38 51
33 39 51
35 37 51
34 39 51
33 38 53
33 38 52
34 39 51
34 37 52
34 39 53
34 39 52
33 39 52
34 38 52
34 39 51
33 39 51
32 39 52
34 38 52
33 38 52
34 37 52
33 38 52
34 38 51
33 39 51
35 38 52
35 38 51
33 38 51
34 38 52
33 39 52
34 37 52
33 38 52
33 39 52
33 40 52
34 38 52
33 38 52
34 37 52
34 39 52
35 39 52
34 38 51
33 39 52
34 39 51
33 38 52
34 38 52
33 39 53
34 38 52
32 39 51
34 38 51
33 38 51
33 39 52
32 38 52
34 39 51
32 37 52
33 39 52
34 38 51
33 38 51
34 38 52
32 39 51
34 37 51
33 38 53
34 39 52
33 39 52
33 39 52
34 38 51
33 38 52
33 40 52
32 38 51
34 39 52
34 39 52
34 38 51
33 38 51
33 39 52
33 39 52
35 39 52
34 37 51
33 38 52
33 38 51
34 38 52
33 39 51
33 39 51
33 38 52
34 38 52
33 39 52
33 39 51
34 39 52
35 39 51
34 38 51
35 38 52
34 38 52
33 39 52
33 39 51
34 37 52
33 38 51
33 38 52
34 39 52
34 39 52
33 38 52
34 39 51
33 39 52
34 39 53
34 38 52
34 38 53
33 38 51
34 40 51
34 38 51
33 39 51
34 38 51
33 39 52
35 38 52
33 40 51
34 39 52
34 38 52
34 39 51
35 39 52
33 41 51
33 39 52
35 39 52
33 38 51
34 39 52
33 39 52
34 39 52
33 40 51
35 39 52
33 39 52
34 38 52
33 39 51
34 39 52
33 38 53
33 37 52
33 40 52
33 39 51
32 40 52
34 37 52
34 39 52
33 39 52
34 40 52
34 39 52
32 39 52
33 39 52
33 38 52
34 39 52
34 39 52
34 39 52
33 40 52
33 40 52
34 40 52
33 38 52
33 38 53
34 39 51
34 39 51
33 39 51
32 37 52
35 39 51
34 38 53
33 39 51
34 39 53
33 39 52
33 39 52
34 39 51
34 38 52
34 39 52
34 39 52
34 38 51
32 37 52
35 39 52
33 39 52
33 40 52
35 39 51
32 39 52
34 39 50
34 39 52
34 39 51
34 40 52
34 38 52
35 39 52
34 39 51
34 37 52
35 38 52
33 38 52
35 38 52
35 39 52
33 38 51
33 39 52
34 38 52
33 38 52
34 39 52
33 39 52
34 39 51
33 40 51
34 38 52
34 39 52
34 38 52
33 39 51
34 37 51
34 38 52
33 38 52
32 38 52
34 38 52
34 38 52
33 39 53
34 37 51
35 37 52
33 39 51
33 37 52
33 39 51
34 39 52
34 38 51
34 38 51
35 39 53
35 38 52
33 40 52
34 38 51
34 38 51
32 39 52
34 39 51
34 39 52
34 38 52
33 37 52
33 39 51
34 38 52
33 39 51
33 38 52
33 38 51
35 38 51
34 39 52
35 38 52
35 38 52
34 39 52
33 39 52
34 37 53
33 38 53
33 39 53
34 37 53
34 39 53
33 38 52
34 38 51
33 38 52
34 37 51
34 38 53
34 38 52
33 38 51
34 39 52
33 38 52
33 39 52
35 39 52
34 38 52
33 37 52
34 37 52
33 38 52
34 38 53
34 37 53
35 38 52
33 38 52
34 39 52
34 37 51
33 38 52
34 38 52
34 39 52
34 39 51
34 38 50
34 39 52
34 37 52
34 38 51
34 39 52
35 39 53
35 39 52
34 39 52
34 38 52
34 38 51
34 38 52
33 38 52
34 38 51
35 39 52
33 38 52
34 38 53
33 38 51
35 40 54
34 38 52
33 39 51
34 39 52
34 37 52
33 38 53
34 39 52
34 37 51
34 38 51
33 38 52
34 38 52
34 38 52
34 38 51
34 38 52
35 38 51
34 39 52
33 39 52
35 39 52
34 38 52
34 38 52
34 39 52
34 38 52
33 38 52
34 40 52
35 39 52
35 37 51
35 38 52
34 39 52
34 38 51
35 37 53
33 38 52
34 38 52
33 39 53
34 37 51
33 37 52
33 38 51
34 38 52
34 38 52
33 38 52
33 38 52
34 38 52
35 38 52
33 39 51
34 38 52
33 38 52
34 38 51
34 38 52
35 38 52
35 38 52
34 39 51
35 38 52
34 37 52
33 38 51
34 37 51
33 39 51
34 40 52
33 38 52
34 39 51
35 38 52
35 39 52
33 39 52
33 38 52
34 38 52
35 38 53
33 38 52
34 37 52
33 39 52
34 37 52
34 38 52
34 37 52
34 37 52
33 38 51
36 37 51
33 38 52
35 39 52
34 38 52
35 38 52
34 38 51
34 38 53
34 38 52
34 39 52
34 37 52
34 39 52
35 38 51
35 37 53
34 38 52
34 38 52
34 37 53
35 37 52
34 38 52
34 39 52
34 38 52
35 39 52
34 38 52
34 39 53
33 37 52
34 37 52
34 38 52
33 39 52
35 36 52
34 38 51
34 37 53
34 39 52
34 38 53
34 38 53
35 39 52
34 38 52
34 39 52
35 38 52
33 38 52
34 37 52
35 39 52
34 38 51
34 38 52
35 38 52
34 39 52
34 37 52
34 38 52
35 39 53
34 39 51
33 37 53
34 39 53
35 38 52
34 38 51
35 38 52
34 37 52
33 37 52
33 37 52
34 38 52
33 38 52
33 38 52
33 37 52
34 38 52
33 38 52
33 38 52
34 38 52
34 37 51
35 37 52
34 39 52
34 38 51
34 39 51
34 38 52
34 37 51
34 38 52
34 38 52
34 37 52
34 38 51
35 39 52
34 39 52
36 38 52
35 40 51
35 36 52
36 38 52
34 39 52
33 36 52
34 38 51
35 38 51
34 39 52
34 39 52
34 38 51
35 38 53
34 39 52
34 37 51
34 38 52
34 37 52
33 38 52
33 37 52
35 38 52
35 38 51
34 38 52
35 38 52
34 38 53
34 38 52
34 38 53
34 38 51
35 38 52
34 37 53
34 38 52
34 38 52
34 38 52
36 39 52
34 40 52
34 38 52
35 38 52
35 37 52
33 38 51
35 39 52
35 38 52
35 38 52
35 38 52
34 38 53
34 37 53
34 37 51
34 38 51
34 38 52
34 38 52
34 38 52
34 38 52
35 38 52
33 38 52
34 37 52
33 38 51
34 37 52
34 38 52
33 39 52
35 38 51
33 39 52
34 37 52
34 38 53
33 37 52
34 39 52
35 39 52
34 39 52
34 39 52
34 37 53
34 38 52
34 37 51
33 38 53
34 38 53
34 37 52
33 38 52
33 38 52
34 38 51
34 38 52
35 38 52
34 40 52
35 38 51
34 38 52
35 38 52
35 38 52
34 38 51
35 39 52
34 36 52
33 37 52
35 37 52
35 38 52
35 38 53
34 37 52
34 38 52
34 38 52
35 39 52
35 38 52
33 37 53
34 36 52
34 39 53
34 38 52
34 38 52
34 37 52
34 38 52
34 38 52
35 38 51
34 39 52
34 38 52
35 38 51
33 38 52
34 39 52
34 37 52
34 38 52
34 37 52
35 37 52
35 38 52
35 38 52
34 38 52
34 39 52
35 38 51
34 39 52
35 39 52
34 38 52
35 39 52
34 39 52
34 38 52
34 37 52
34 38 52
35 37 52
35 37 52
35 39 52
34 39 52
34 36 51
35 39 51
35 38 52
34 39 51
35 38 52
34 37 52
35 38 52
35 37 52
35 39 52
34 38 52
34 38 52
34 38 52
35 37 51
35 37 51
33 38 52
34 37 52
34 38 52
34 37 52
35 39 52
34 38 51
35 38 52
34 38 53
34 37 52
35 38 52
34 38 52
35 38 53
34 38 52
34 38 52
33 38 53
33 38 53
34 38 52
34 38 51
35 37 52
35 38 52
34 37 52
34 38 51
35 38 52
33 38 52
33 38 53
35 37 52
34 38 52
34 38 52
34 38 52
34 38 51
35 37 52
35 38 52
34 38 52
35 38 52
34 38 52
35 39 52
35 38 53
34 37 52
35 39 52
34 37 52
34 37 52
34 39 52
35 39 52
35 36 52
34 37 51
33 39 52
36 38 52
34 37 52
34 37 52
34 37 52
34 38 52
34 37 52
34 37 52
34 38 52
34 37 52
35 38 52
34 37 52
34 38 53
34 37 52
35 38 52
34 38 52
34 38 53
35 37 52
34 38 52
34 38 52
35 38 52
33 38 52
35 39 51
35 39 52
35 38 51
34 37 52
34 38 52
34 38 53
35 38 52
34 36 51
34 37 52
34 37 52
35 38 52
34 39 51
34 39 52
34 37 53
35 37 52
34 37 51
35 37 52
34 37 52
35 38 52
34 38 51
34 38 52
35 38 51
33 38 52
33 38 52
34 38 52
35 38 52
34 38 52
34 37 52
35 37 52
33 37 53
35 38 52
34 37 52
35 38 52
35 37 53
35 37 51
34 39 52
34 39 53
34 39 52
35 37 50
34 39 52
34 38 51
34 38 52
34 38 52
33 39 52
34 39 52
34 38 51
33 36 52
34 38 51
35 38 52
34 38 52
34 38 51
35 38 51
35 38 51
34 39 51
34 38 52
35 38 52
35 37 51
34 37 52
34 38 52
35 39 52
34 39 51
34 38 51
34 38 51
35 38 52
34 38 53
34 38 52
34 38 51
34 38 52
34 38 52
35 37 51
34 39 52
34 38 52
35 39 52
34 38 52
35 37 51
35 39 52
35 37 52
35 39 52
34 39 52
35 37 52
35 39 52
36 37 52
35 36 52
35 38 52
35 39 51
35 39 52
35 39 51
35 38 52
34 39 51
34 39 52
36 36 52
34 38 51
34 38 52
33 37 52
34 38 53
35 39 53
34 37 51
35 38 52
33 37 52
35 38 52
35 38 52
34 38 52
35 39 52
35 37 52
35 39 51
35 38 52
34 38 52
35 38 52
34 38 52
34 39 52
34 39 51
34 38 52
34 39 51
34 38 52
34 37 52
35 37 51
35 38 53
34 38 52
34 39 52
35 39 53
34 38 52
34 38 53
35 40 51
34 36 52
35 37 52
34 39 52
34 38 52
36 39 52
34 38 52
35 38 51
34 37 51
34 38 53
35 38 51
35 38 52
34 39 51
34 38 52
36 39 53
35 38 51
35 38 52
34 37 52
35 38 52
34 38 52
34 37 52
34 39 52
36 39 52
33 38 52
35 38 52
35 38 52
34 39 51
35 38 51
36 38 51
34 39 51
33 39 52
36 38 52
34 39 52
36 38 52
35 37 53
35 38 52
35 38 53
34 37 53
35 37 51
33 38 51
34 37 52
35 38 51
35 37 51
34 38 52
35 37 52
35 39 52
35 39 52
34 38 52
33 38 51
34 38 52
34 38 52
35 38 52
35 38 53
35 38 52
34 38 52
35 37 52
36 37 51
35 39 52
35 38 52
36 38 53
36 36 52
35 38 52
34 39 51
35 38 52
35 37 51
35 36 52
34 39 52
34 39 51
35 38 52
35 37 52
34 37 51
36 37 52
36 38 52
35 36 53
35 37 52
35 37 52
34 38 52
36 37 53
35 37 53
34 37 52
35 37 51
35 38 52
36 35 52
35 38 53
35 37 52
35 38 52
35 37 52
34 38 52
35 36 53
35 37 51
35 37 52
35 36 52
34 36 52
35 37 53
34 38 52
35 38 52
34 37 52
35 37 52
35 38 53
35 38 52
34 38 52
36 38 52
35 38 52
35 38 51
34 37 52
33 38 52
35 37 51
36 37 52
35 38 52
35 37 52
35 37 52
35 38 52
36 38 52
35 37 52
35 37 52
35 38 53
34 37 52
34 36 51
35 38 52
34 38 52
35 38 53
35 38 52
35 38 51
35 37 52
35 38 52
35 37 52
36 38 51
35 39 51
35 39 51
34 38 51
36 37 53
35 38 52
35 36 53
35 38 51
35 38 51
36 37 52
35 38 51
35 39 52
35 38 52
35 37 51
36 37 53
33 37 52
34 39 52
35 37 52
34 37 52
34 37 53
36 38 52
35 38 52
36 38 53
34 37 51
35 37 52
36 37 52
36 38 52
35 36 52
34 37 52
35 37 52
35 38 52
35 37 53
36 37 52
36 37 51
35 37 52
35 38 51
35 37 51
36 38 52
35 38 52
35 39 53
34 38 51
35 39 52
35 38 51
35 39 52
34 37 52
35 38 52
35 38 53
34 38 51
34 37 51
33 36 52
35 38 52
35 38 53
34 38 52
37 37 51
36 37 52
35 37 51
34 37 52
35 38 52
36 38 52
35 38 52
35 38 51
35 37 51
36 37 51
34 37 51
35 37 52
36 37 51
34 36 51
34 37 52
35 37 52
35 37 52
34 36 52
36 38 53
35 37 52
35 37 52
34 37 52
35 37 51
35 37 52
34 38 52
35 39 51
36 37 51
35 38 52
36 39 51
35 37 52
35 37 51
34 39 53
36 36 51
35 38 52
35 37 52
35 39 52
35 36 52
35 39 52
35 37 52
35 39 52
36 38 51
36 39 52
35 38 52
34 37 53
35 37 53
35 37 52
36 37 51
33 39 53
35 37 52
34 39 53
35 37 52
34 38 52
35 37 52
35 37 52
33 37 51
35 38 52
35 38 52
35 38 52
36 38 52
34 38 52
34 39 52
34 38 51
35 37 51
35 38 52
34 39 53
33 37 53
34 39 52
35 39 52
35 38 52
35 37 52
35 37 52
34 39 51
35 39 52
35 37 52
35 39 52
35 38 52
34 38 52
34 37 53
35 39 52
35 39 53
35 37 52
35 38 51
34 37 52
35 38 52
34 38 52
34 37 51
35 38 52
34 39 52
35 38 51
35 37 52
36 38 52
34 37 52
34 39 52
35 37 52
35 38 51
35 38 51
36 36 52
34 38 53
34 38 52
35 37 51
35 36 53
35 38 52
35 38 52
35 37 52
35 38 51
34 37 51
35 37 52
35 38 52
35 37 52
35 38 51
36 37 52
35 37 52
35 37 51
35 38 52
35 37 51
36 37 53
35 39 52
35 37 52
35 38 52
34 37 52
35 37 52
35 37 52
35 38 52
35 38 51
34 37 53
34 37 52
34 37 52
35 39 52
34 37 51
35 37 51
36 37 52
36 38 51
35 38 52
35 37 52
36 38 51
36 38 51
34 38 52
36 38 52
36 37 51
34 36 52
34 38 52
36 38 52
36 37 52
35 37 52
34 38 52
35 37 52
35 37 52
36 37 52
34 38 51
34 36 52
35 38 51
35 36 52
35 37 52
35 37 53
35 38 53
36 37 52
36 38 52
34 38 52
35 38 52
35 38 53
35 39 52
35 37 52
34 38 51
36 37 52
36 37 53
35 37 51
35 38 52
35 38 52
35 38 52
35 37 52
35 38 51
35 37 51
35 37 52
35 38 52
35 37 52
35 36 52
36 38 52
35 36 52
35 37 52
34 38 52
35 37 52
35 37 51
35 37 52
34 38 52
36 37 52
35 37 52
33 38 52
35 37 52
36 37 52
36 37 52
35 37 52
36 38 52
34 38 52
36 39 52
36 37 51
35 38 53
35 38 52
34 38 53
35 37 51
35 37 52
34 37 53
34 38 51
34 37 52
34 38 52
35 37 52
34 37 51
36 37 52
36 37 53
36 39 51
34 37 53
36 38 51
35 37 52
35 38 52
36 37 52
34 37 52
35 37 52
35 37 52
35 38 52
36 37 52
35 38 52
35 37 53
36 38 52
35 38 52
35 37 52
35 38 52
35 38 52
35 36 52
36 37 52
36 37 52
35 39 52
35 39 51
35 37 52
34 37 52
35 37 52
35 37 52
34 37 52
34 38 51
35 37 53
35 37 53
35 37 52
35 37 52
35 38 51
34 38 51
36 38 52
36 37 52
35 36 52
36 38 52
35 37 51
36 38 51
34 37 53
35 37 52
36 37 52
34 38 52
36 38 52
35 38 52
34 38 52
36 37 51
36 37 52
35 38 53
35 38 53
35 37 52
36 37 51
36 37 52
34 38 52
35 37 53
35 36 52
36 38 51
35 38 51
35 37 52
35 38 52
34 38 51
35 37 52
35 38 52
35 37 52
35 38 52
36 37 52
36 36 53
35 37 52
34 37 52
37 38 52
35 38 52
35 37 51
34 37 52
35 38 52
36 38 52
35 37 52
35 37 53
35 38 52
36 37 52
34 38 52
35 37 52
35 38 52
35 38 52
35 38 51
36 37 52
35 37 52
35 37 52
35 37 53
35 37 51
35 37 52
34 38 52
35 36 52
36 37 52
35 37 52
36 38 53
35 38 53
35 36 52
34 37 52
35 37 51
36 37 52
35 37 53
34 37 53
35 37 52
34 36 52
35 39 53
35 37 52
35 37 52
35 37 52
36 35 52
34 38 52
35 37 52
34 37 52
35 37 52
35 36 52
36 38 52
34 38 51
36 37 52
35 37 52
35 37 52
34 36 52
34 37 52
36 38 52
35 37 52
36 39 52
35 38 53
36 38 51
36 37 52
36 36 52
34 37 52
35 37 53
35 37 51
34 37 52
35 37 53
35 38 52
35 37 53
35 37 52
36 37 52
35 36 52
34 37 52
35 37 51
34 38 52
35 36 52
34 37 52
35 38 53
34 37 52
36 37 51
35 38 51
35 39 52
36 38 52
34 37 52
36 37 51
35 36 52
35 37 51
35 37 52
35 38 52
36 37 52
35 36 52
36 36 52
35 38 51
35 36 52
35 37 52
34 37 52
35 38 52
34 37 53
35 37 53
36 37 52
34 38 52
35 38 53
35 38 52
34 38 52
35 37 52
36 37 52
35 38 52
35 35 52
34 37 53
35 38 53
34 38 52
34 37 51
35 38 52
35 38 52
36 38 53
34 36 52
34 38 52
35 37 52
35 38 51
35 38 52
34 38 52
33 37 52
34 37 53
35 37 52
35 37 52
35 38 52
35 38 52
36 37 52
35 37 52
34 38 51
34 37 52
34 38 52
35 38 53
34 38 51
35 37 52
35 38 52
34 37 52
36 37 52
35 37 52
36 38 52
35 37 52
35 38 51
36 37 53
35 37 53
35 37 52
35 37 53
35 37 52
35 37 52
33 37 52
34 38 52
35 37 52
34 38 52
35 37 52
36 36 52
34 38 52
36 37 51
36 37 51
34 37 52
34 37 51
36 38 52
34 38 52
35 38 52
34 38 52
35 37 53
34 38 51
34 37 51
36 37 52
36 35 53
35 37 53
34 36 52
35 36 52
35 37 53
34 37 52
35 37 52
35 37 53
35 37 53
35 37 53
36 37 52
35 36 52
36 37 52
36 37 52
36 36 52
35 37 52
35 37 52
34 36 53
36 37 52
34 37 52
35 36 51
35 37 52
34 38 52
35 37 52
35 37 52
35 38 52
34 36 52
36 38 52
35 39 51
37 37 52
34 37 52
35 38 51
34 37 53
35 37 52
35 38 51
35 37 51
35 36 52
34 37 52
36 38 52
36 37 53
33 38 52
34 38 52
35 38 53
35 37 52
35 36 53
35 36 52
34 38 52
34 39 52
35 36 52
34 39 52
35 38 52
36 37 53
35 37 53
34 37 52
36 38 52
34 38 52
35 38 52
35 39 52
35 37 52
34 37 52
35 37 52
34 39 52
35 37 51
36 36 52
34 37 52
35 36 53
35 37 52
34 37 52
35 37 53
34 38 52
34 38 52
36 38 52
35 37 53
35 38 53
35 38 52
35 36 53
35 37 52
35 39 52
35 37 51
35 39 52
35 38 52
35 38 51
35 38 52
35 37 52
35 37 51
35 36 52
35 37 52
34 37 52
35 37 52
34 36 52
34 37 52
35 37 52
34 36 52
34 38 52
35 38 51
35 37 52
36 37 53
35 37 53
35 37 52
35 39 52
34 37 51
34 38 52
36 36 52
34 37 52
34 38 52
36 37 51
35 38 51
34 37 52
34 37 52
35 37 52
35 37 52
35 37 53
35 37 52
36 38 51
34 37 52
34 39 53
36 37 52
35 38 53
36 36 52
36 37 53
35 37 52
35 38 52
35 38 51
36 37 52
35 37 52
36 36 52
35 38 52
35 38 52
34 38 53
37 37 52
35 36 52
36 37 52
36 38 52
34 37 52
35 37 53
35 36 52
35 38 52
36 37 52
35 37 52
35 38 52
34 38 52
36 37 51
35 37 52
35 36 53
35 37 52
36 37 52
35 37 53
35 37 52
35 36 51
35 37 52
34 38 52
34 36 53
35 37 52
35 37 52
36 36 52
35 37 53
33 37 52
35 35 52
36 37 52
35 37 51
36 37 52
35 38 53
35 39 52
35 36 52
35 38 53
34 37 52
34 38 52
35 38 52
35 37 52
34 37 52
35 37 52
34 37 52
35 38 52
33 38 53
36 37 52
35 36 52
35 38 54
34 38 54
33 38 53
33 41 54
35 41 54
34 40 53
35 39 53
37 39 52
37 37 52
37 34 51
37 34 51
38 36 53
38 34 52
39 34 51
40 33 52
40 32 51
39 30 51
39 29 50
39 29 50
37 27 49
38 24 49
37 23 50
37 23 49
37 21 49
38 22 49
37 22 49
38 22 49
37 21 48
37 25 50
36 22 48
36 21 49
38 20 49
37 19 48
37 20 48
37 20 48
36 21 49
38 21 46
37 14 52
36 19 46
35 19 44
34 18 42
34 17 45
34 20 46
34 23 47
35 26 50
35 26 51
36 29 52
35 33 52
36 33 54
37 35 54
35 37 53
35 38 52
36 39 54
36 38 53
36 40 52
36 42 52
36 41 52
35 41 52
35 40 51
36 44 50
34 44 51
35 44 51
36 45 50
35 43 50
36 45 49
38 44 49
36 46 49
38 46 48
36 45 48
37 44 47
38 46 47
36 45 46
39 45 46
38 46 47
39 47 46
39 46 46
39 45 47
39 44 47
40 44 46
40 45 46
40 45 46
40 44 47
40 45 48
41 46 46
40 46 46
40 47 45
41 45 45
41 45 46
40 46 44
40 45 47
39 46 45
40 48 47
38 45 46
40 48 44
40 47 45
40 44 46
40 44 46
41 47 46
40 49 47
40 48 48
40 47 46
40 47 45
40 48 46
41 44 44
39 44 43
39 44 45
40 42 47
37 42 44
36 44 48
36 43 51
37 41 49
34 41 50
34 43 50
34 41 52
34 42 52
32 42 53
34 39 53
34 38 52
33 41 51
33 40 55
33 39 52
33 40 50
34 39 53
35 37 51
35 39 51
37 37 51
35 37 52
36 40 52
35 40 52
35 38 52
35 39 51
35 38 52
35 36 53
36 37 51
35 38 52
34 37 52
34 38 52
36 37 52
35 38 52
34 37 52
33 37 52
34 37 53
35 38 52
34 38 53
34 37 52
36 37 52
34 37 51
34 37 52
35 37 53
35 37 52
34 38 53
34 39 52
33 36 51
35 37 52
34 38 52
36 37 52
34 38 52
34 38 51
35 36 52
34 38 51
34 37 53
34 36 52
34 38 53
34 36 51
33 38 51
33 37 54
34 38 52
34 37 51
34 39 52
33 38 52
34 37 52
34 37 51
35 38 53
33 38 52
35 36 52
35 37 53
35 37 53
34 36 53
34 38 52
34 37 52
34 37 51
34 38 54
35 36 52
34 37 52
35 38 52
36 38 52
35 37 52
34 37 52
34 37 52
34 37 53
35 37 52
35 37 53
35 38 53
35 37 52
35 36 52
34 36 52
35 37 52
35 37 52
34 37 52
36 38 53
35 38 52
35 36 52
35 37 51
35 37 52
35 38 52
33 37 51
35 38 52
34 37 52
34 37 52
35 37 52
37 38 52
34 37 52
34 37 52
35 38 52
34 36 52
35 37 52
35 37 52
34 37 52
35 37 53
34 39 52
34 37 53
35 36 52
35 38 52
35 37 53
35 38 52
34 37 53
33 38 52
34 36 51
35 39 52
35 37 52
35 38 52
36 37 51
35 37 51
34 38 52
33 37 52
34 37 51
34 37 51
34 38 52
36 36 52
35 36 52
35 37 52
35 38 52
35 36 52
34 38 52
35 37 51
34 37 51
34 37 52
33 37 52
35 37 52
36 38 52
34 36 52
34 36 52
34 37 52
34 36 52
34 37 52
35 36 53
35 37 52
35 38 52
34 37 52
35 38 52
34 37 51
35 37 52
34 37 52
34 37 53
35 38 52
35 37 51
35 36 52
36 37 53
34 37 51
36 37 52
34 37 53
36 37 52
34 37 51
36 38 53
35 37 51
35 37 51
34 38 52
35 36 52
35 37 52
35 37 52
34 37 51
34 36 51
34 38 52
35 38 52
35 37 52
34 38 53
35 38 53
34 37 51
34 37 52
34 38 53
35 37 51
34 37 53
34 37 51
34 37 52
34 37 52
34 37 52
34 37 53
35 37 52
34 37 52
35 37 52
34 38 52
35 36 52
34 37 51
35 37 52
33 36 52
34 36 51
35 37 52
34 37 52
34 37 52
34 37 52
36 38 52
34 37 52
35 38 52
34 37 52
35 37 52
35 37 53
35 38 52
34 38 52
35 37 52
35 37 52
34 37 53
35 37 53
34 38 53
34 38 52
35 36 53
34 37 53
34 36 52
35 37 52
34 36 53
35 37 52
35 38 53
35 38 52
34 38 52
36 36 52
36 36 52
35 37 52
35 36 52
35 37 52
34 38 52
34 37 53
35 37 51
34 36 53
35 36 52
36 37 52
34 35 52
35 36 52
34 37 51
35 37 52
34 35 53
34 36 51
35 36 52
35 36 53
35 37 52
35 36 52
34 36 52
35 36 52
