30 43 49
30 43 49
37 33 32
31 42 45
34 40 43
33 40 41
31 42 42
28 38 39
21 56 45
21 48 42
21 45 37
16 50 36
10 59 37
12 47 35
12 47 36
15 47 37
16 47 34
15 45 34
15 43 36
08 39 37
07 39 36
06 47 35
04 45 34
02 42 31
01 42 30
02 39 30
08 33 31
13 34 31
14 36 32
14 36 30
14 35 29
13 34 30
16 34 30
14 34 30
12 34 30
14 36 30
14 35 29
14 35 31
11 36 31
05 35 30
04 36 30
04 36 31
04 36 32
09 33 28
17 35 31
16 35 34
15 35 34
16 34 32
18 37 33
19 36 33
20 36 32
18 35 32
17 38 33
15 39 34
15 39 33
12 39 33
11 38 34
07 33 36
04 39 37
00 45 36
06 42 32
10 40 32
12 35 31
10 33 29
10 37 30
12 37 30
14 36 30
19 36 29
20 35 30
17 35 31
16 36 30
15 36 30
14 36 30
12 37 30
09 36 31
05 38 32
02 38 31
02 36 29
09 35 33
16 32 33
17 34 34
14 35 34
14 37 34
18 35 36
19 36 36
20 37 36
19 37 34
17 39 34
17 38 35
16 37 36
14 37 35
12 36 36
09 36 36
07 37 36
06 38 36
03 36 36
05 39 35
09 38 36
12 38 34
13 38 34
12 37 33
12 34 32
15 35 32
14 36 32
16 36 31
18 37 32
17 38 31
17 38 31
14 38 31
13 37 32
10 37 31
07 37 32
04 36 31
03 37 32
01 38 32
04 35 31
10 34 35
14 33 35
15 33 34
15 33 33
16 33 34
20 34 34
20 37 34
20 35 34
20 37 33
18 38 33
17 37 35
14 37 35
12 38 36
10 37 36
11 36 36
08 36 35
06 38 36
02 38 35
04 38 35
11 38 36
12 37 34
13 36 32
13 35 32
15 36 31
14 36 32
17 36 33
16 37 32
17 37 32
17 38 31
16 37 32
14 37 32
12 37 33
08 36 32
06 37 33
04 37 32
02 39 33
00 37 32
04 36 31
11 34 32
15 33 32
15 34 33
13 33 32
15 34 32
18 35 33
19 36 33
20 37 33
19 36 34
19 37 34
17 36 34
15 36 35
15 37 35
13 38 34
13 37 35
10 35 36
10 37 36
06 36 35
04 38 34
02 38 37
05 41 36
12 39 36
11 38 32
13 36 32
12 35 32
14 35 32
15 35 33
18 36 31
18 36 31
18 36 31
17 38 31
16 37 31
14 37 32
12 36 31
12 36 32
09 36 32
06 38 31
04 36 33
01 36 32
01 35 31
09 33 32
16 33 33
14 33 35
12 35 33
15 33 34
17 34 35
18 35 36
19 37 35
20 36 35
19 37 35
19 38 35
18 37 35
16 38 36
13 37 35
12 36 35
10 35 35
08 36 34
05 37 35
02 38 35
03 38 35
04 45 36
07 38 36
11 36 34
10 36 30
12 36 29
13 36 30
16 35 30
16 35 30
17 35 30
18 36 30
18 36 30
16 37 31
15 38 30
15 38 31
15 38 31
14 37 31
15 37 31
11 39 32
12 39 32
08 40 32
06 38 31
02 39 31
02 39 32
00 38 32
04 41 31
14 37 34
19 34 34
17 33 34
16 34 32
16 32 30
14 35 31
15 34 31
15 35 31
13 37 31
13 36 33
14 37 33
14 38 34
15 38 33
17 40 34
17 39 36
17 39 37
18 39 37
15 40 37
15 40 40
16 40 40
14 38 44
13 41 46
13 46 40
15 43 38
16 44 37
17 40 35
15 39 35
14 41 34
14 40 35
13 42 34
14 40 35
12 38 36
10 41 36
12 43 36
11 44 36
10 42 34
10 42 34
12 42 36
12 43 35
13 42 35
15 42 36
16 41 35
16 40 36
14 40 35
14 39 36
13 39 35
13 40 36
13 41 35
12 42 34
13 41 35
15 41 36
15 39 34
14 40 34
14 41 36
15 40 35
14 41 34
13 40 35
14 39 35
13 41 36
13 42 36
12 40 35
13 41 36
13 42 34
13 41 36
13 40 35
14 40 35
14 39 36
14 40 36
14 41 35
15 41 36
13 40 35
13 39 36
15 41 35
12 40 36
12 41 35
14 40 36
14 40 36
13 39 35
13 40 35
13 41 35
12 41 35
12 42 36
12 41 37
11 43 37
12 43 38
11 44 38
10 47 40
10 46 42
11 45 42
15 40 45
15 38 46
19 39 48
22 43 50
25 36 48
28 42 50
30 40 48
31 38 47
32 38 47
34 38 47
35 38 47
35 37 49
35 37 50
34 36 49
34 39 51
33 40 51
27 36 49
32 46 54
35 38 51
35 38 52
36 38 52
37 39 53
36 38 52
37 39 50
35 41 53
36 38 52
37 39 53
37 38 52
37 39 52
36 38 52
37 37 50
