28 52 31
28 52 31
26 52 31
26 51 31
24 51 32
27 46 34
25 49 33
24 49 33
24 48 33
24 46 34
23 45 35
23 46 36
21 46 39
19 44 40
16 47 39
15 53 40
17 56 41
15 50 39
11 53 42
12 56 40
13 53 37
16 50 35
14 51 34
14 49 35
15 44 32
16 43 31
19 44 31
18 44 32
18 44 34
16 47 34
13 48 34
11 49 33
05 52 33
08 50 33
08 50 34
10 53 35
14 49 36
20 42 36
19 43 36
19 43 37
21 42 36
20 43 36
25 40 36
22 40 36
23 43 35
23 43 38
24 44 36
25 45 37
25 47 38
24 48 40
22 49 41
22 51 42
19 53 42
18 54 42
17 54 41
19 48 38
15 46 38
16 44 37
16 48 35
16 46 35
18 43 34
19 42 35
19 42 33
19 42 32
18 40 32
19 37 31
18 38 30
13 43 34
10 38 37
07 41 36
04 45 32
01 45 35
02 45 35
03 39 33
05 35 37
13 36 36
13 41 35
10 47 35
12 40 36
16 40 37
17 40 39
21 39 38
22 39 39
24 38 40
24 37 40
27 37 41
25 39 42
23 40 42
21 44 42
18 50 43
17 52 44
17 55 44
17 54 43
16 54 43
19 50 41
22 48 38
21 49 39
21 49 38
23 48 35
20 48 38
19 45 38
22 43 35
23 33 35
29 30 42
33 35 41
25 40 45
15 50 48
15 54 53
17 63 47
17 54 47
16 52 41
15 49 42
16 45 42
15 48 42
18 48 43
20 43 42
20 43 41
20 41 41
23 40 41
23 40 41
21 44 41
24 46 42
24 46 41
25 47 39
26 47 41
24 46 41
25 50 39
26 50 40
23 49 42
24 55 43
23 57 40
22 55 42
19 56 43
19 54 42
22 47 40
20 53 39
23 52 38
22 51 40
23 49 39
24 47 37
26 47 36
26 48 37
27 47 35
26 49 37
24 44 37
22 51 39
19 54 42
17 52 41
17 51 42
16 52 43
17 50 43
18 47 41
21 48 40
21 44 44
23 44 41
22 40 44
22 36 43
24 35 42
24 42 40
23 34 43
22 32 44
21 34 42
20 41 32
17 35 39
14 35 39
11 41 36
07 39 39
06 35 38
03 40 36
01 37 38
04 37 38
10 36 38
10 36 35
09 38 35
11 35 35
12 39 33
13 36 33
14 36 33
16 35 32
16 36 33
16 34 32
17 35 33
14 36 31
10 36 32
09 37 31
06 36 31
03 37 30
04 36 29
06 34 30
10 33 30
10 33 31
08 34 32
10 32 33
13 31 32
15 32 32
16 33 33
18 35 33
19 34 33
17 35 33
18 36 35
17 36 35
16 37 35
14 36 37
13 38 37
12 39 39
10 38 40
07 39 40
03 38 38
07 36 38
07 35 37
08 35 34
10 35 32
12 35 33
13 34 32
15 35 34
17 36 33
17 36 34
18 36 35
18 36 35
16 35 36
11 35 38
05 37 40
04 35 36
02 39 37
02 31 40
03 24 42
05 27 39
07 29 40
06 30 43
10 33 46
14 33 48
19 32 47
22 30 44
26 32 44
28 30 46
29 28 46
32 26 47
33 26 48
34 25 50
35 26 52
36 26 53
38 26 53
37 27 51
33 28 50
29 33 51
25 35 49
21 35 46
20 36 40
22 39 38
26 37 40
18 37 50
21 30 59
33 41 59
37 35 55
40 36 58
36 38 48
29 35 54
33 36 51
32 37 53
34 37 54
35 36 54
33 39 56
33 38 55
33 37 55
32 38 54
30 35 55
27 34 52
27 37 52
26 37 51
25 38 49
25 37 50
23 40 47
21 38 48
21 42 52
23 39 51
21 45 51
23 49 52
25 49 58
26 47 59
32 46 62
37 42 62
38 38 62
40 39 61
40 35 60
39 35 61
37 31 58
38 29 55
35 26 54
35 29 53
32 26 48
29 23 45
28 26 43
27 25 41
25 26 41
25 23 42
26 25 41
27 25 41
28 25 42
25 23 43
27 50 50
29 34 54
41 18 54
43 19 46
30 33 46
35 22 57
44 23 54
40 29 49
37 28 55
41 25 54
38 31 50
40 28 52
40 28 52
37 31 50
39 28 51
41 29 50
39 31 50
38 31 51
39 27 50
40 33 51
40 30 51
41 30 49
40 30 53
42 29 51
42 28 53
41 29 55
40 30 57
41 28 54
42 31 55
40 30 53
35 29 52
39 30 57
37 31 54
30 30 48
29 32 50
28 32 54
28 33 51
26 32 53
27 34 53
31 36 50
30 40 48
31 33 50
28 37 52
24 41 53
21 36 54
20 37 53
18 33 52
17 32 51
22 31 49
21 32 49
23 34 49
23 33 49
24 34 48
25 32 44
26 33 41
24 38 40
25 45 39
23 49 39
25 50 42
21 50 44
23 47 45
24 46 47
23 48 47
23 50 47
21 50 47
21 52 47
20 56 44
16 53 43
17 52 39
18 53 38
17 53 36
17 53 36
18 50 35
22 48 36
22 49 36
22 49 34
24 48 34
24 48 32
25 47 32
27 49 32
27 50 32
27 51 33
27 49 35
28 49 33
28 52 33
29 50 33
30 53 32
30 54 32
29 53 33
29 49 31
29 51 28
29 55 27
29 54 25
29 59 26
28 55 27
29 51 29
28 53 29
27 51 30
26 51 29
24 50 31
25 53 33
28 52 31
29 51 30
28 52 30
29 50 30
29 53 32
28 52 31
28 54 31
29 54 31
28 53 31
29 53 30
29 53 30
31 53 30
30 53 30
31 53 30
30 52 30
30 54 30
30 53 30
29 54 30
28 53 29
30 54 29
30 54 29
30 52 29
31 53 28
30 52 28
31 53 28
29 52 29
31 52 28
31 52 29
30 53 28
29 53 28
31 53 27
29 53 30
30 54 28
