36 38 46
36 38 46
36 37 45
38 37 42
33 40 43
32 44 45
30 37 41
27 49 47
27 43 44
19 47 46
10 58 54
12 45 44
11 49 46
14 45 44
09 44 42
05 40 44
04 39 42
05 39 42
07 43 42
12 42 38
11 35 32
08 36 31
12 37 31
14 34 31
16 34 32
16 36 33
15 37 33
16 34 33
14 36 34
12 34 34
10 35 34
02 36 32
01 34 30
01 36 30
06 36 32
12 34 32
16 31 31
18 33 32
14 32 31
14 35 32
17 36 33
17 35 34
17 39 35
17 35 35
14 35 35
12 36 36
09 36 37
08 37 36
07 37 35
09 39 36
08 39 38
10 39 36
10 36 34
10 36 33
11 37 32
11 37 31
14 35 31
16 36 31
16 35 32
15 35 31
15 37 32
15 34 31
10 35 31
06 34 31
03 33 30
04 34 30
07 33 29
15 34 30
15 35 33
15 35 33
11 34 33
13 36 33
15 35 34
18 35 35
16 35 36
16 35 34
15 35 35
12 35 35
11 34 35
09 36 34
06 36 36
07 34 34
07 38 37
11 37 35
12 34 32
10 36 34
11 35 32
12 34 30
15 36 31
14 35 31
16 35 31
16 35 32
14 35 31
12 35 30
08 36 30
08 34 31
04 34 31
03 32 29
07 33 30
12 31 30
17 31 30
16 31 31
15 31 32
13 31 31
12 32 31
15 34 33
15 35 35
16 35 34
17 34 34
16 35 34
16 35 35
12 35 34
09 36 35
07 37 35
07 37 35
07 37 37
08 37 36
08 36 36
10 34 34
10 33 34
11 35 34
13 36 33
15 36 34
15 35 33
15 35 32
15 35 32
14 33 33
14 34 31
11 33 31
06 34 29
02 35 31
03 35 30
05 35 31
10 32 30
15 33 32
13 33 33
11 33 32
15 33 32
19 34 34
18 34 35
18 36 34
17 35 33
16 36 34
15 35 34
14 36 34
11 37 35
09 36 34
09 36 35
07 38 38
07 37 37
08 34 36
10 34 35
09 35 34
10 33 33
12 34 32
15 34 34
15 35 32
15 35 34
16 34 32
17 35 32
14 33 32
13 35 32
11 33 31
07 35 31
02 34 31
01 35 30
04 34 30
15 34 32
17 33 33
14 34 35
11 34 32
11 34 30
14 34 34
16 34 35
17 37 36
18 35 35
19 36 35
19 37 35
15 36 36
12 37 36
11 36 35
10 36 38
08 34 39
07 34 40
02 39 37
00 39 37
09 35 34
11 36 34
10 35 31
12 35 31
14 34 31
16 37 31
16 35 32
16 36 33
14 35 32
15 34 31
15 35 32
13 36 32
11 36 31
06 35 32
02 33 30
01 35 30
02 34 31
07 34 30
16 33 32
15 34 34
11 33 34
13 33 33
17 33 32
17 34 34
18 34 36
17 35 37
16 35 38
16 36 37
14 36 37
15 35 36
13 35 34
12 36 35
13 36 36
11 37 35
05 39 36
02 39 38
04 37 36
06 37 35
09 37 35
12 37 35
15 37 34
14 38 34
12 37 33
16 36 33
16 35 30
19 35 30
17 36 31
16 35 30
14 35 30
13 35 30
09 36 30
06 37 30
02 35 31
00 36 30
02 35 29
11 34 31
17 34 34
10 33 35
10 35 33
17 35 34
17 38 35
19 36 35
20 36 35
21 37 37
21 37 35
19 37 35
14 36 34
13 36 35
09 36 35
08 35 36
05 37 36
01 33 38
01 40 38
10 39 37
14 39 34
12 37 34
11 37 32
12 35 32
14 34 31
16 36 31
17 36 31
18 36 31
17 35 32
16 36 33
14 36 32
13 36 34
09 37 32
08 36 32
06 36 33
03 35 33
01 36 31
02 36 32
10 35 32
16 36 35
17 35 36
13 35 35
17 34 34
16 34 33
16 35 35
17 37 36
16 36 35
20 36 36
17 37 36
17 36 36
16 33 37
13 32 38
12 34 37
11 36 36
09 37 36
08 36 35
06 34 33
02 34 33
03 34 34
09 35 35
11 35 33
10 32 30
09 32 29
12 32 31
13 34 32
15 34 33
14 35 32
15 33 32
16 33 32
17 34 33
16 35 33
16 35 35
13 36 34
14 36 33
11 36 33
10 35 33
08 36 33
06 36 34
03 35 32
01 36 31
03 35 33
09 37 34
14 33 30
12 31 33
08 36 36
09 36 36
11 34 37
10 37 38
13 38 39
14 37 41
14 40 38
15 42 39
17 36 44
18 33 41
20 44 45
23 37 48
26 37 48
28 41 48
32 36 48
34 34 46
37 36 44
37 36 48
39 35 48
36 30 44
36 38 51
35 36 53
35 34 52
34 34 55
38 36 52
38 37 52
43 37 50
42 36 51
41 36 51
40 35 51
39 36 53
38 34 52
39 35 51
40 33 49
41 35 52
42 35 52
42 36 53
41 35 52
41 35 51
42 34 53
41 35 51
41 34 51
41 35 51
42 34 51
42 36 50
43 34 51
42 34 51
43 35 50
42 33 50
40 34 51
41 35 52
42 35 50
41 34 51
41 33 53
42 34 53
42 34 51
41 34 50
42 34 50
