13 45 38
14 45 36
16 48 38
17 48 36
19 48 36
19 47 35
16 45 34
16 44 33
15 45 34
18 42 35
18 44 33
18 45 34
20 45 34
20 48 34
19 50 33
20 53 32
19 53 33
19 51 35
20 48 36
20 47 37
19 46 36
20 46 37
19 48 38
19 46 35
17 41 34
18 41 34
19 41 35
17 43 38
15 45 39
14 42 41
16 37 41
15 39 42
15 41 43
12 41 42
11 42 44
13 41 44
12 40 42
11 41 41
12 39 40
13 40 38
14 42 38
15 44 38
14 44 36
14 44 36
14 44 36
15 44 35
17 44 35
17 43 35
17 43 37
17 43 36
18 43 37
16 44 38
15 42 37
15 43 38
16 44 38
16 44 38
16 43 38
16 44 38
15 44 39
16 44 39
15 44 37
16 44 39
17 44 38
17 45 38
16 45 38
16 43 38
15 44 37
16 43 37
15 44 37
16 43 38
16 45 38
18 45 38
18 46 37
18 47 37
19 48 37
17 50 36
15 52 37
16 51 36
17 49 36
19 49 35
20 47 36
19 46 34
21 47 35
20 48 34
21 46 35
18 45 35
19 45 35
18 44 36
15 46 37
14 47 36
12 47 35
10 49 35
08 50 35
10 49 34
14 44 35
18 42 34
18 40 35
17 38 36
15 37 37
15 37 36
15 37 37
15 37 37
13 41 37
13 41 37
15 40 36
14 41 36
14 38 36
14 39 38
14 39 38
12 41 39
07 44 40
06 45 39
10 44 39
11 45 38
11 44 38
11 44 37
16 42 35
20 41 35
20 43 34
18 45 33
16 44 32
15 47 33
16 47 32
17 46 33
16 44 32
17 44 32
16 44 34
18 43 34
19 40 33
17 41 33
18 42 34
14 44 34
10 46 34
08 45 34
06 46 33
08 47 35
10 48 34
14 48 36
14 44 37
16 40 36
19 38 36
16 39 36
13 37 36
12 38 36
14 38 36
15 38 35
16 40 35
16 39 36
16 39 35
15 40 35
15 40 35
16 40 35
13 40 37
12 43 39
08 43 39
10 43 39
10 45 40
08 45 40
10 43 39
16 41 37
17 41 37
17 44 35
14 45 35
11 48 34
14 47 32
16 44 32
18 43 32
19 44 32
21 43 32
22 42 32
21 42 32
23 42 32
19 40 33
17 42 34
13 43 34
09 45 34
06 46 35
06 46 35
08 46 35
09 49 35
10 48 36
16 42 38
16 38 36
15 38 35
12 35 35
13 38 36
14 38 35
16 38 35
15 39 36
17 39 35
18 39 34
17 40 37
16 40 37
14 41 38
14 40 38
12 41 38
12 41 39
10 42 39
11 43 38
07 46 37
05 45 36
10 43 34
16 43 33
17 42 33
16 42 32
16 43 31
16 43 31
14 43 32
15 44 31
16 44 30
16 42 31
18 42 31
18 40 32
18 41 31
19 39 33
19 39 32
19 39 33
15 40 33
09 43 32
03 46 32
00 48 32
00 47 33
05 47 33
13 46 34
19 41 34
19 38 35
20 36 34
15 38 33
14 38 33
15 39 34
15 38 35
15 38 34
15 39 36
16 37 34
17 38 35
16 38 34
16 40 35
14 40 36
15 39 36
15 40 36
13 41 37
10 40 37
09 41 37
07 43 37
06 44 36
06 43 33
12 40 34
17 41 33
18 41 32
14 41 33
15 41 32
14 43 31
14 44 31
17 43 31
17 43 31
17 43 31
17 44 30
18 43 31
19 42 31
21 40 32
21 41 32
20 40 32
17 41 32
11 44 31
08 45 32
04 46 31
02 46 31
02 47 29
05 48 32
13 47 33
18 45 33
22 40 33
20 38 33
19 37 33
16 38 33
15 37 32
15 39 32
14 40 35
14 39 34
14 38 35
14 37 35
13 40 35
14 39 34
13 39 34
14 40 34
15 42 34
16 40 35
14 41 36
16 40 36
17 40 36
18 42 37
14 42 38
11 43 38
06 44 36
05 42 34
10 42 34
13 42 34
13 41 33
14 39 32
12 40 31
13 42 31
14 42 31
15 42 31
18 42 31
18 41 32
18 43 33
17 43 32
16 43 34
15 43 34
17 43 36
14 42 36
14 44 36
15 44 36
17 45 36
15 46 36
12 45 36
11 43 35
14 43 35
16 45 36
15 44 37
16 42 37
14 42 38
15 38 39
14 41 39
14 40 39
13 41 40
14 42 40
14 40 40
13 39 40
14 38 40
16 38 39
17 38 39
17 40 39
16 40 39
16 41 39
17 41 38
16 42 38
13 41 38
11 44 38
11 44 38
11 44 38
12 43 38
14 42 37
15 43 37
15 43 37
16 43 38
16 45 37
16 45 37
16 44 37
16 44 38
16 44 37
17 44 37
16 44 37
18 46 38
19 48 37
18 46 37
18 46 37
18 46 36
19 48 38
18 47 38
20 47 38
19 47 37
18 46 38
18 44 39
17 44 40
14 45 41
14 44 40
15 44 39
16 43 39
15 43 38
16 42 38
16 41 38
16 42 39
17 44 40
17 44 40
17 44 40
17 45 40
16 44 40
16 43 40
16 43 39
15 42 38
16 41 38
15 43 38
14 42 38
16 42 39
15 43 39
14 42 39
15 44 39
15 45 40
16 45 38
16 45 39
14 43 38
15 42 38
12 41 38
12 43 39
12 42 37
14 41 37
15 40 37
15 40 37
16 41 38
17 42 37
15 42 37
15 41 38
15 41 37
15 40 38
14 42 39
15 44 39
15 43 38
15 44 37
16 43 38
15 42 38
15 42 37
15 41 37
15 42 37
14 41 37
13 42 37
12 41 37
12 41 37
14 42 37
15 42 37
15 43 36
15 42 37
14 42 38
13 42 37
14 41 38
14 41 38
13 40 38
14 40 36
14 40 37
15 40 37
15 41 37
14 41 37
14 40 37
13 41 38
13 41 38
13 41 37
15 42 39
14 40 37
15 41 38
15 42 38
14 41 37
15 41 38
15 41 37
14 41 37
14 42 38
14 41 37
14 42 38
14 41 38
14 40 36
14 40 37
14 41 36
15 41 37
14 41 36
15 41 37
15 41 37
