14 39 34
14 39 36
15 40 35
13 42 35
12 42 33
13 42 32
12 41 30
13 42 30
13 42 31
13 42 31
14 43 30
13 43 32
13 43 31
12 41 31
13 41 31
12 43 31
12 41 31
14 41 32
14 41 32
13 41 32
13 39 32
13 39 32
13 38 32
13 39 32
14 39 31
14 39 31
14 41 32
14 41 32
12 41 33
10 41 32
07 40 32
06 40 32
03 39 31
04 38 31
06 37 32
09 37 32
13 36 32
16 34 33
17 34 33
15 35 34
15 34 34
16 35 34
18 36 34
18 37 35
17 36 34
18 37 34
17 37 35
17 38 35
17 38 34
15 39 35
13 41 34
08 42 35
05 43 33
05 45 34
04 46 33
04 43 33
10 40 34
14 38 35
14 39 34
15 39 34
14 38 31
17 37 32
19 38 32
20 36 32
20 37 31
18 38 32
16 40 32
14 39 31
10 39 31
04 39 30
02 39 31
04 37 32
02 40 31
03 38 32
07 37 33
14 35 34
18 34 32
17 35 33
16 36 33
17 37 34
19 36 33
21 37 34
22 38 34
22 38 34
20 38 34
17 40 34
12 40 35
10 41 35
10 42 36
11 42 36
11 42 36
08 43 35
05 42 33
05 43 33
04 43 34
06 43 33
09 40 32
15 40 34
17 40 34
16 40 33
16 39 33
18 37 32
20 37 32
20 38 31
17 39 33
18 40 33
14 39 33
13 40 32
13 38 33
12 40 32
08 42 32
08 41 32
05 39 32
02 40 33
04 39 32
06 38 33
11 36 33
14 37 35
16 37 34
16 35 35
17 36 34
18 38 34
18 38 35
20 37 34
20 40 34
21 39 34
20 38 35
18 40 35
16 40 35
14 39 37
12 41 36
08 43 36
08 45 35
05 43 34
05 43 35
04 44 34
03 44 33
06 43 33
11 42 33
15 42 33
16 40 33
16 40 32
18 39 33
17 38 33
19 38 33
21 37 32
22 39 32
20 39 31
20 40 32
17 40 31
13 42 32
10 42 32
06 42 33
04 42 33
05 41 33
04 41 32
02 41 32
06 39 34
11 37 34
14 35 33
15 40 35
16 40 35
18 39 35
20 40 35
19 42 34
21 43 35
21 43 33
24 44 34
24 41 37
26 40 37
23 43 40
19 45 39
15 49 39
12 52 37
12 50 37
12 51 36
12 48 34
12 49 34
09 46 36
13 44 37
16 44 37
17 45 34
16 46 33
17 45 32
18 43 30
19 42 32
21 42 30
21 41 33
20 41 32
20 41 33
16 43 33
12 42 32
07 41 33
04 42 33
02 40 33
00 42 33
03 41 35
04 41 34
09 39 34
12 36 34
15 36 35
15 35 34
14 36 34
17 37 33
18 37 34
18 37 33
21 37 35
21 37 34
20 38 34
17 39 35
16 40 36
14 42 36
12 43 36
10 43 35
09 42 36
07 42 36
04 43 35
04 43 33
04 42 33
12 43 33
14 40 33
16 40 34
15 38 33
17 37 32
18 36 31
19 38 31
19 40 31
19 40 31
20 39 30
19 40 30
16 38 31
14 39 31
11 39 31
10 39 31
09 41 31
07 39 33
07 40 33
04 41 33
03 40 32
06 39 32
07 38 33
11 37 33
15 38 33
16 37 32
17 36 35
17 38 34
17 37 34
18 36 34
20 38 33
19 37 34
19 37 34
17 37 35
16 36 35
14 39 36
13 40 34
13 40 35
15 38 35
16 40 36
16 39 37
14 39 36
13 44 34
11 42 34
10 40 34
12 40 34
14 42 35
14 42 34
12 41 34
14 40 34
15 41 32
15 38 33
15 39 33
14 40 32
10 40 31
10 42 30
11 41 30
13 42 31
14 42 32
15 41 31
15 41 32
11 42 32
07 42 32
03 43 33
07 44 34
11 44 36
16 41 35
17 43 34
19 43 33
18 45 32
16 45 32
15 49 32
15 46 33
15 46 34
19 45 34
22 42 33
21 36 35
21 44 37
22 40 37
23 38 33
25 40 30
21 51 30
15 52 33
12 52 33
10 54 34
13 50 27
14 51 32
18 42 32
20 38 38
22 41 36
21 49 35
19 50 37
17 50 36
18 45 33
17 48 33
18 48 33
20 50 32
22 48 30
24 45 32
26 44 30
23 43 33
18 47 33
16 44 29
14 50 28
13 54 31
14 51 30
18 45 32
20 43 31
21 46 31
24 47 25
17 45 25
14 42 28
13 43 27
10 45 31
08 48 30
09 43 30
14 40 28
16 42 30
17 43 32
18 43 30
17 45 30
17 47 32
17 45 31
17 45 32
17 45 32
15 43 32
16 44 32
16 45 31
16 45 31
16 46 30
18 47 32
17 47 31
18 48 30
17 47 31
17 48 30
17 47 31
17 47 30
17 46 31
17 47 30
17 47 31
17 46 31
18 48 31
17 47 31
16 48 31
18 47 30
18 47 32
18 49 31
20 47 32
18 47 31
17 48 30
18 47 30
18 47 31
18 47 31
18 48 31
18 48 30
19 47 31
19 48 31
18 48 31
18 47 31
19 47 31
20 48 31
19 48 30
