39 35 33
39 35 53
39 38 50
41 37 46
42 38 47
42 40 47
42 41 42
41 38 41
40 43 44
37 42 44
36 41 41
33 43 44
32 47 48
30 43 44
28 53 48
28 46 46
28 44 47
23 50 47
23 44 45
23 45 45
18 49 47
18 44 44
17 45 45
14 44 45
15 41 42
12 45 45
10 43 41
05 43 40
03 44 40
02 45 41
06 44 36
11 43 36
12 38 35
11 38 31
13 38 31
12 38 30
14 38 31
16 38 30
17 39 31
16 38 31
16 38 32
16 37 32
14 38 32
12 39 31
10 37 32
05 39 31
05 38 29
02 40 31
05 38 30
14 37 31
18 35 34
16 36 36
14 35 34
12 35 34
13 34 34
14 35 34
15 37 35
16 36 35
18 37 37
17 37 37
17 37 36
17 37 36
13 37 35
12 36 35
11 40 35
08 39 35
04 40 34
02 41 34
05 38 36
14 37 39
14 44 35
13 39 33
13 37 33
15 36 32
15 39 31
15 39 32
15 38 30
16 38 30
16 39 30
15 36 30
17 36 30
11 38 29
06 37 28
05 39 30
03 37 30
03 37 32
06 37 31
12 35 31
17 33 35
12 35 35
11 37 33
14 37 33
15 36 36
17 38 36
17 37 35
17 36 35
17 38 35
16 36 34
14 38 35
12 37 35
11 38 36
10 38 35
08 40 35
06 41 36
05 41 36
06 40 36
10 37 36
08 38 34
11 37 32
13 37 33
13 38 31
16 38 32
17 39 32
18 37 31
18 38 32
18 39 31
15 38 32
13 38 30
11 38 31
08 39 31
05 39 31
04 39 31
02 36 31
06 36 28
14 34 31
17 35 33
14 35 33
13 33 33
15 35 33
17 36 35
17 36 35
17 36 35
17 36 34
16 37 36
15 38 35
13 37 35
12 37 37
10 39 36
10 38 37
07 37 35
05 38 34
05 40 36
09 38 37
12 37 32
11 37 32
11 36 31
12 37 30
13 37 32
15 38 31
15 39 31
16 39 32
16 38 32
14 38 31
15 38 31
13 38 32
12 39 31
11 39 32
10 38 33
06 38 31
08 38 30
04 39 31
02 35 29
11 36 29
17 33 32
15 33 35
12 33 34
15 32 33
15 34 35
16 35 36
15 35 35
16 36 36
16 36 35
16 35 34
14 35 34
12 36 35
12 37 34
11 37 36
08 37 36
08 36 35
05 38 34
02 40 36
08 36 37
13 34 36
12 35 35
12 35 33
12 35 32
13 37 32
15 37 31
16 36 30
15 36 31
15 36 30
16 36 30
16 37 30
14 37 31
14 37 31
10 36 33
08 37 32
07 37 31
05 36 32
04 37 31
01 36 29
07 36 30
18 34 34
16 33 37
11 34 34
11 33 32
15 33 34
17 34 36
17 34 35
17 33 34
18 33 34
16 36 35
16 37 34
15 36 35
15 36 34
13 37 36
11 38 36
07 38 36
08 37 35
04 39 36
02 37 35
03 40 36
11 36 36
12 38 34
11 39 33
12 36 32
13 36 32
14 37 31
14 36 30
16 34 30
17 35 30
16 35 31
15 35 30
14 37 30
12 36 30
08 36 31
07 37 30
05 37 30
04 35 30
03 37 31
03 36 30
11 33 31
17 33 33
15 32 34
11 33 32
13 32 31
15 34 32
16 35 34
17 36 35
18 35 35
18 36 34
18 36 35
16 37 34
13 39 36
11 37 35
10 38 33
10 36 37
07 32 38
05 36 36
04 38 35
04 40 36
07 39 35
12 37 31
10 35 32
10 36 30
13 36 30
15 36 30
15 36 33
16 37 31
17 37 33
16 39 32
17 37 32
14 35 32
14 37 31
13 37 32
11 38 32
09 37 31
08 39 31
06 40 34
03 39 32
04 34 30
04 33 31
11 33 31
16 34 35
13 33 36
12 34 34
13 34 34
14 35 34
15 36 35
17 36 35
18 35 34
17 35 35
16 35 36
16 35 35
12 36 35
10 36 35
09 36 35
09 35 34
06 35 34
04 34 32
01 33 35
03 40 37
10 38 36
14 34 33
13 34 30
12 35 30
14 35 30
13 37 30
15 38 31
16 38 30
15 36 31
15 36 30
13 36 30
12 36 30
12 34 30
11 35 30
08 35 30
06 34 29
05 34 29
02 35 28
05 33 29
13 31 31
17 32 34
12 32 34
09 34 32
11 32 33
15 32 36
16 33 36
17 32 35
17 34 36
17 33 35
17 35 35
16 35 35
14 36 35
12 36 34
11 35 35
08 36 35
06 37 35
07 36 34
04 37 35
05 37 35
09 35 33
10 34 30
09 30 31
11 32 30
13 33 29
14 32 28
16 33 29
17 34 30
17 33 29
16 34 31
14 35 30
12 36 31
10 36 31
08 36 30
07 36 30
06 37 31
09 36 32
07 36 33
09 36 32
12 35 33
13 35 35
11 35 34
12 35 33
13 34 34
15 34 34
16 35 34
16 38 34
15 37 35
16 37 35
15 37 35
14 40 35
14 41 36
11 43 36
12 43 38
12 45 40
15 45 40
16 47 42
16 46 42
19 48 44
19 46 46
23 43 44
24 46 44
23 45 44
27 45 43
27 48 45
28 47 45
31 47 45
32 51 47
33 46 46
34 47 47
36 46 46
37 42 45
40 42 46
41 40 46
41 39 47
40 39 48
41 36 49
38 33 46
38 38 50
41 38 53
39 34 50
39 37 51
42 37 54
41 33 51
42 35 51
42 35 51
42 35 50
42 34 50
43 35 51
44 35 52
42 34 51
42 33 51
41 34 51
42 34 51
42 35 50
42 34 51
41 36 51
41 35 50
41 35 51
41 33 52
42 35 50
41 34 53
42 34 51
42 35 51
42 36 52
42 34 52
43 35 51
43 34 48
43 35 51
42 38 53
42 34 50
42 34 50
42 34 50
41 34 49
