12 38 35
12 38 35
40 12 38
09 40 35
11 38 35
15 39 37
15 38 37
15 38 38
13 37 37
14 38 36
14 38 36
14 38 36
14 37 36
13 38 37
12 38 37
13 37 37
13 38 37
14 36 37
15 38 37
14 39 36
13 39 38
12 40 37
11 39 37
13 39 38
14 40 38
15 38 39
17 39 39
16 39 39
15 38 40
16 39 38
13 40 40
14 40 38
11 39 38
09 40 38
05 41 36
01 42 37
02 41 36
09 42 35
11 40 34
12 39 34
12 38 34
14 38 34
17 38 35
16 38 35
18 38 35
19 38 35
19 38 33
18 37 35
16 37 34
13 38 34
11 39 34
06 38 34
03 38 35
02 38 34
01 37 34
04 38 36
10 36 38
12 36 38
15 34 36
15 35 36
18 35 35
18 36 36
20 35 36
21 36 36
22 36 37
20 37 36
17 38 36
17 38 37
15 38 37
14 38 37
14 38 39
13 38 39
10 39 39
05 40 39
01 39 37
03 40 37
07 40 36
10 40 36
10 38 34
11 38 33
13 37 34
14 38 33
17 38 35
18 39 34
19 37 34
21 36 35
21 38 35
18 38 35
11 39 34
09 39 33
07 39 34
07 39 35
04 39 34
02 38 34
03 37 35
08 38 36
13 37 38
13 37 38
13 35 37
17 34 37
18 35 37
21 37 37
21 37 38
21 36 37
21 35 37
17 38 37
16 39 38
13 38 38
12 39 39
12 38 40
11 39 39
08 38 40
02 39 37
00 40 37
06 39 38
11 38 37
10 37 35
12 35 34
13 36 34
14 37 33
17 35 33
19 36 33
19 35 34
20 35 34
20 36 33
16 37 35
11 37 34
10 37 33
09 38 34
08 38 35
05 39 35
01 37 34
02 35 34
09 36 36
12 35 38
13 35 38
14 33 36
17 35 37
18 36 37
20 35 37
21 35 35
19 35 36
21 35 36
18 35 37
17 37 37
15 36 38
11 36 37
12 36 37
13 37 38
08 37 38
02 39 37
00 39 35
02 40 36
10 39 37
12 37 36
11 36 35
13 37 36
15 37 34
17 35 34
19 36 34
18 35 32
18 37 34
18 37 34
16 38 33
13 38 33
12 37 33
10 37 34
09 38 35
07 37 36
05 37 35
04 37 35
04 37 36
08 36 37
14 36 36
14 34 36
11 33 36
13 33 37
14 33 36
17 34 37
20 35 37
20 35 37
21 35 36
19 35 36
19 35 37
15 36 37
13 36 36
14 37 37
14 38 36
13 39 38
11 38 38
08 38 37
02 39 38
01 40 37
04 40 36
10 37 37
13 37 35
13 38 35
13 39 35
14 35 35
16 37 33
17 36 34
19 36 34
19 37 35
17 38 34
13 38 34
12 36 33
09 38 33
07 39 34
08 37 34
04 37 35
01 36 33
07 35 34
12 35 35
12 36 36
13 33 36
15 35 36
17 36 37
17 35 37
19 35 36
18 34 36
19 33 37
18 36 36
17 36 37
16 36 37
14 37 37
14 37 38
14 37 37
12 38 38
09 38 39
03 37 38
01 37 37
03 39 37
06 37 36
09 38 35
10 39 33
12 37 34
14 36 33
15 38 33
18 36 33
18 37 33
19 36 34
18 37 33
17 38 34
16 37 33
14 38 33
12 39 33
13 39 33
14 41 34
14 39 35
12 39 34
15 38 34
14 39 35
14 39 35
14 40 36
11 39 36
10 41 37
09 40 36
10 40 36
10 40 37
12 40 38
14 39 38
16 38 37
15 37 37
14 37 37
12 38 35
12 38 36
13 38 36
14 38 37
14 38 37
15 38 37
14 38 37
14 39 38
15 36 38
