37 35 50
37 35 50
36 36 50
38 37 50
40 37 46
44 36 43
38 45 49
37 44 46
36 46 45
36 46 45
33 44 43
31 44 42
31 45 44
30 44 43
27 45 45
23 48 49
22 45 41
18 50 45
15 49 46
16 50 45
16 50 45
19 46 44
21 45 43
19 43 42
18 44 42
17 44 40
16 41 41
15 42 39
14 41 41
12 41 39
10 39 36
07 40 37
01 41 38
00 42 36
03 40 35
12 39 34
14 38 34
14 38 33
10 39 31
10 37 29
10 36 29
10 37 29
12 38 30
12 36 31
15 36 31
15 36 31
14 38 31
16 36 32
15 36 32
16 37 31
13 37 31
13 36 30
11 37 28
05 38 29
00 37 26
00 37 25
06 36 28
16 33 33
15 34 36
11 34 36
12 34 33
16 33 35
19 33 35
19 33 35
16 36 34
18 35 35
17 35 34
18 35 35
18 36 34
16 35 34
15 35 33
11 35 34
08 36 34
08 36 34
07 35 34
01 33 36
00 38 34
04 38 34
12 38 37
12 39 34
11 36 31
11 34 30
13 34 32
13 36 32
13 36 30
14 35 31
14 34 31
15 36 32
17 36 32
16 36 33
16 36 33
17 35 33
14 35 33
10 35 32
08 35 31
06 36 32
03 34 31
01 36 31
00 35 31
08 33 29
17 34 34
16 32 33
12 33 31
12 33 30
15 32 33
16 33 35
17 34 35
17 35 34
17 35 35
18 35 34
17 36 37
14 38 36
14 38 37
14 39 36
15 40 38
16 39 39
14 39 38
11 39 39
09 38 38
07 39 38
07 39 38
07 41 39
09 38 38
08 37 37
08 35 35
09 36 33
11 35 36
11 33 36
09 34 34
11 33 34
14 35 35
16 33 34
16 34 35
17 35 35
16 36 35
15 34 34
13 34 33
11 35 33
07 33 30
05 33 28
02 34 31
01 36 31
08 33 30
16 31 33
14 32 36
12 33 36
12 33 34
14 34 36
17 34 37
16 37 36
16 36 35
17 36 37
18 36 38
16 36 37
16 35 37
16 36 37
17 35 36
15 36 36
13 35 37
12 35 37
09 35 37
05 38 36
01 39 35
00 39 36
04 39 37
12 37 34
12 36 32
11 35 31
12 35 31
12 35 30
14 35 29
15 35 30
16 35 29
13 35 31
15 36 30
15 36 32
16 37 32
18 37 32
16 36 32
15 37 35
14 37 34
12 36 33
08 36 33
04 37 33
01 36 33
00 38 33
00 38 31
06 34 31
18 34 33
16 32 34
12 31 30
10 32 29
16 31 31
17 33 34
16 34 33
16 34 33
17 35 35
17 36 35
19 36 34
17 36 35
17 36 34
15 36 35
14 37 34
13 37 34
12 39 37
10 37 38
07 36 38
05 37 36
04 35 34
02 39 34
05 36 33
14 33 32
12 34 35
06 35 31
07 34 28
10 33 33
12 34 32
13 33 30
13 32 30
14 33 31
15 33 31
15 32 30
16 34 31
15 34 32
14 33 31
15 35 32
15 36 32
13 36 32
12 36 32
08 36 31
06 35 31
04 36 31
00 34 30
00 37 29
09 32 30
19 31 34
16 32 33
10 32 31
12 31 31
14 33 33
15 34 35
15 34 35
15 36 34
16 36 35
17 35 36
18 36 35
19 35 35
18 35 36
17 37 36
15 37 37
15 39 37
14 38 37
12 38 37
13 38 39
10 37 39
10 36 38
09 38 37
09 40 39
09 41 39
06 44 39
05 42 38
04 40 37
07 38 35
10 36 35
11 35 32
10 35 31
10 35 30
09 34 32
12 37 31
12 37 32
12 41 34
14 43 36
11 46 37
12 46 38
14 47 41
18 47 42
19 45 44
22 43 40
25 42 44
30 39 44
32 42 46
34 39 44
37 39 43
39 38 45
38 38 45
40 38 47
39 33 46
39 35 46
38 38 51
38 36 52
35 35 51
37 39 54
38 35 54
39 32 53
38 34 52
39 34 51
38 35 50
38 36 51
39 36 51
39 35 51
37 37 50
38 35 53
39 36 53
40 37 52
38 38 52
39 37 51
39 37 52
40 37 51
39 37 51
40 37 52
39 36 52
39 36 51
38 36 50
39 34 51
39 36 52
41 34 51
40 36 51
40 35 52
40 36 51
40 36 51
41 36 51
41 36 52
39 36 52
40 36 51
40 36 51
39 35 51
40 35 51
39 36 51
40 35 51
40 38 52
40 37 51
41 38 54
41 38 52
39 37 52
41 36 50
