31 41 51
31 41 51
32 42 49
32 42 48
32 43 47
32 44 47
32 43 45
34 42 44
31 44 43
30 42 43
27 43 39
25 50 44
24 42 41
19 51 43
14 56 44
16 45 38
13 47 39
15 46 39
16 41 37
13 41 37
10 43 37
10 41 37
09 41 36
09 41 36
08 39 35
12 38 35
12 38 34
11 39 33
11 38 34
12 36 35
13 35 35
13 35 36
12 37 34
13 37 33
13 37 32
12 37 33
13 36 33
12 38 33
12 37 33
12 36 35
12 35 36
12 36 36
13 36 35
12 36 34
13 37 34
13 37 33
13 35 34
12 38 35
12 37 35
12 37 35
12 36 35
12 36 35
12 36 35
12 36 34
12 37 34
12 38 36
12 37 35
11 36 35
13 36 35
13 36 35
12 36 35
11 36 35
12 36 35
13 37 35
12 35 34
13 36 35
12 36 35
13 38 36
13 36 35
12 37 35
13 36 35
12 37 35
13 37 35
13 37 35
13 37 35
12 37 34
14 37 35
13 38 35
13 38 35
12 37 34
11 37 34
12 37 35
12 37 35
12 38 36
13 36 36
12 37 36
13 36 36
13 36 38
13 37 37
12 38 37
14 37 38
13 38 39
13 37 37
14 38 38
14 38 37
13 37 36
13 38 37
15 39 35
15 39 36
14 39 37
12 39 37
12 38 37
10 39 38
06 39 37
03 41 37
06 44 34
06 45 37
08 38 37
11 38 33
12 37 32
12 35 29
14 36 29
14 36 30
17 36 30
17 35 31
17 35 31
18 37 30
17 35 31
14 36 31
11 37 30
11 36 30
08 37 30
05 37 30
03 38 30
03 34 31
03 33 28
09 32 30
17 33 32
14 32 33
15 33 32
18 33 34
17 34 33
17 37 35
18 34 34
19 37 33
19 37 35
18 37 33
16 38 35
15 37 34
13 37 35
11 36 34
10 34 38
07 36 36
03 38 36
02 40 35
06 42 35
12 40 35
16 39 34
14 36 31
12 37 31
13 35 31
13 35 31
13 37 30
14 37 30
17 36 31
18 38 31
15 38 31
16 38 32
14 37 32
11 38 32
09 36 32
07 37 32
05 36 32
03 36 31
02 37 30
06 35 31
15 34 33
16 35 32
15 30 31
14 31 30
15 34 32
18 34 34
19 35 34
18 36 32
19 37 34
19 37 34
17 37 36
14 38 37
13 37 36
08 38 38
07 35 37
07 37 36
06 38 33
02 43 34
04 42 32
11 40 31
14 38 31
13 34 29
15 36 29
14 36 29
16 34 30
15 37 32
16 38 31
16 36 30
18 37 31
18 37 30
14 37 31
13 36 30
12 36 30
11 37 31
08 38 31
04 36 31
04 37 30
03 35 29
07 34 31
14 33 32
15 32 32
15 32 32
13 33 34
12 33 34
15 32 35
16 37 37
17 34 35
17 36 34
15 35 35
17 37 36
15 38 35
12 36 36
14 38 36
11 35 35
08 37 34
07 38 34
04 37 35
05 38 33
10 39 33
13 37 33
11 38 32
12 37 31
14 34 32
15 34 31
15 37 32
15 36 31
16 36 31
17 37 31
16 37 32
16 38 31
15 38 31
13 37 32
11 37 32
10 39 32
07 36 32
04 36 30
03 36 32
00 36 31
04 34 30
12 34 32
17 35 35
15 32 33
15 30 32
15 32 32
17 33 33
16 36 36
18 35 35
18 36 35
17 36 36
16 38 36
16 36 35
14 38 37
14 37 38
15 38 38
15 39 37
14 38 37
12 40 38
10 39 37
09 40 36
04 40 36
03 41 38
09 41 35
12 40 35
13 38 34
14 38 34
16 37 33
17 37 32
17 38 32
17 37 31
15 37 32
15 37 33
14 38 32
15 38 33
14 37 33
14 38 32
12 38 33
12 36 33
10 38 34
09 37 32
08 35 33
07 35 33
00 36 32
00 35 30
08 35 31
16 34 34
15 33 34
15 33 32
15 33 32
18 36 34
19 35 34
19 34 34
17 35 33
16 35 33
13 41 36
16 38 38
18 34 36
15 39 37
14 39 39
14 39 39
13 40 38
10 42 38
07 41 37
04 42 36
04 41 37
06 44 36
09 40 36
12 39 33
12 38 30
12 38 31
14 36 31
16 36 31
16 37 31
17 39 31
16 39 31
16 37 32
16 39 32
15 39 32
15 39 32
14 38 32
13 38 32
09 39 32
07 38 32
07 38 32
03 38 34
02 36 33
05 35 32
13 31 32
15 33 35
13 34 36
13 34 35
11 36 36
14 37 37
15 35 37
17 35 36
18 36 37
20 38 37
20 38 37
21 39 38
19 39 38
19 40 38
18 42 38
18 41 38
16 42 40
15 42 40
14 43 40
11 41 39
09 40 38
08 40 37
08 40 35
09 37 34
08 34 31
08 34 26
10 31 25
13 31 28
13 32 30
14 33 29
12 34 28
12 35 28
13 34 29
13 35 30
13 35 30
13 37 30
13 35 31
14 35 32
14 38 32
13 37 32
14 37 31
13 35 30
12 36 31
12 36 30
10 36 30
13 34 29
16 36 31
15 38 33
14 39 33
12 39 35
12 38 34
12 39 33
11 37 33
12 35 33
11 35 33
13 35 33
11 34 34
13 34 35
13 35 34
13 36 32
13 36 33
13 36 33
12 36 34
13 36 33
13 36 34
11 36 34
11 36 34
13 36 34
12 36 35
12 36 34
11 36 35
11 37 34
12 38 34
12 36 35
12 37 33
12 37 35
12 37 35
12 35 34
12 39 35
13 38 35
11 37 35
13 36 34
11 37 35
12 37 34
12 37 35
12 37 34
11 36 35
12 38 34
14 38 34
13 38 35
11 36 35
12 38 34
12 40 34
12 42 33
13 30 38
12 32 39
13 36 38
12 36 38
13 34 35
13 36 35
13 36 36
14 36 36
14 38 37
13 36 36
12 34 38
13 37 38
11 38 39
11 40 41
10 38 39
09 42 40
09 43 43
10 43 44
11 42 43
12 44 45
13 42 45
17 42 45
20 43 47
22 41 46
25 42 47
26 42 47
29 39 47
31 39 47
33 38 46
34 35 45
37 35 48
36 39 51
33 38 49
35 35 49
34 40 51
33 38 51
32 39 50
34 41 53
35 38 53
33 38 52
36 39 52
36 39 52
37 38 51
37 41 54
36 38 50
36 42 51
36 39 52
37 38 54
36 38 52
37 40 52
36 38 52
37 38 50
