15 39 34
13 41 35
13 39 34
12 40 35
11 41 35
10 42 36
07 42 36
04 43 36
02 42 34
04 41 37
13 40 37
14 40 37
13 39 37
14 36 36
15 35 36
19 38 36
19 38 35
20 37 36
20 38 35
20 38 37
17 38 37
15 38 37
14 40 37
14 41 38
13 40 38
13 41 39
13 41 38
10 40 38
07 42 37
04 44 37
03 44 38
07 43 37
13 42 36
11 41 35
13 40 34
14 38 34
17 38 33
18 39 33
19 38 33
18 39 33
19 38 33
18 39 33
19 39 34
15 40 34
14 41 33
11 42 33
09 41 33
06 42 35
07 41 36
05 41 35
03 41 34
08 39 35
12 38 37
15 39 35
14 39 34
15 37 35
16 37 36
16 38 35
20 38 35
20 37 35
20 38 35
19 37 35
17 37 35
16 39 38
16 41 38
16 41 37
13 41 38
12 40 37
10 42 37
08 40 35
05 41 36
04 43 36
06 42 37
10 41 37
09 41 34
10 38 33
14 38 34
16 39 34
18 38 34
19 37 33
20 38 33
20 38 34
20 36 33
18 38 33
16 38 32
13 41 33
10 40 32
10 41 33
09 40 35
07 39 36
05 41 35
03 41 35
09 38 36
15 40 39
14 40 38
12 38 37
14 37 37
17 38 36
20 38 37
19 37 36
20 38 36
21 36 37
20 38 37
17 38 38
16 38 37
16 38 37
13 40 37
12 40 37
11 42 37
10 41 36
05 42 36
03 43 37
04 44 38
09 42 38
11 41 35
11 40 35
12 37 34
13 39 35
15 40 35
16 40 34
17 38 35
19 37 34
19 40 34
20 39 34
19 39 34
16 39 34
14 39 32
12 41 34
11 41 34
11 41 35
12 42 36
07 41 36
04 41 37
06 42 36
13 39 37
13 40 37
12 40 37
14 38 37
15 39 37
17 39 36
16 39 36
19 38 36
18 37 37
18 38 36
16 39 37
15 39 38
14 38 37
12 38 37
12 40 37
09 40 38
11 42 38
11 40 39
10 40 38
07 41 37
07 41 37
12 40 37
15 40 36
13 37 36
12 36 37
12 36 35
14 36 35
15 36 34
14 38 35
15 37 35
15 38 35
16 39 35
16 37 34
16 38 35
15 40 35
13 40 34
13 42 36
11 41 36
10 39 36
08 38 35
05 40 34
02 40 36
06 38 35
15 38 38
14 40 39
14 40 38
15 38 37
18 36 38
18 36 36
18 37 37
20 38 36
18 38 36
18 38 37
16 39 37
14 40 39
15 41 41
16 39 42
16 38 43
14 38 42
11 41 38
09 42 38
06 43 40
04 45 39
10 45 40
16 40 41
17 40 39
15 39 38
14 40 37
14 41 37
15 40 38
15 41 39
17 41 40
18 40 38
19 39 37
18 39 37
16 42 37
12 42 37
11 41 36
11 41 37
11 40 37
07 41 36
07 40 36
09 40 38
15 40 37
16 40 38
18 39 37
17 39 38
16 38 38
18 39 38
19 40 39
17 39 39
18 39 39
18 42 38
17 41 39
16 41 40
15 42 40
15 43 40
14 44 40
13 44 41
13 45 40
14 45 39
10 45 38
10 46 37
13 44 38
14 43 36
11 44 36
13 42 35
14 39 35
16 39 34
16 39 34
17 39 34
17 40 34
17 39 34
16 39 36
16 41 35
12 41 35
08 43 36
07 40 37
07 40 36
09 41 37
11 42 36
12 39 37
14 42 37
16 41 39
15 40 38
15 41 37
14 40 37
18 39 36
18 39 38
18 38 36
16 38 37
17 38 39
16 40 39
16 41 40
17 42 40
14 42 40
15 43 40
14 42 40
14 43 38
13 45 37
09 46 38
08 43 36
09 44 35
12 40 35
12 40 35
12 39 34
14 39 36
16 37 36
16 37 36
17 39 35
17 39 35
17 40 35
16 39 35
14 39 36
14 40 36
10 40 35
08 39 35
08 40 34
05 40 35
05 43 34
06 43 34
13 39 36
18 39 38
17 42 38
16 39 38
17 38 38
17 37 36
17 36 36
17 39 38
16 37 36
18 38 38
15 39 38
15 39 38
15 41 39
15 41 39
14 41 39
11 41 39
11 42 38
10 43 37
07 43 38
08 41 37
12 42 37
14 39 37
14 40 36
14 38 35
14 38 35
16 38 36
17 39 35
18 39 36
17 40 36
17 38 36
15 39 36
14 40 35
11 39 36
10 41 35
09 40 35
09 40 35
06 41 36
03 39 35
07 38 36
13 39 37
14 39 37
13 37 36
15 37 37
17 36 37
18 36 37
16 37 37
19 37 37
18 39 38
17 40 38
17 40 38
16 40 39
14 41 39
14 42 40
12 41 39
10 42 38
10 43 38
08 43 37
06 42 39
09 40 38
13 41 36
13 40 35
14 38 35
16 38 34
17 37 35
16 37 34
18 39 34
18 38 35
16 39 34
16 38 34
16 40 34
15 41 35
15 41 35
14 42 35
14 42 36
14 41 35
13 42 35
13 42 35
12 42 35
11 43 34
09 42 35
14 41 36
15 40 37
13 41 36
15 39 36
15 39 36
15 37 37
15 38 38
15 40 36
12 39 38
13 39 38
14 39 37
14 41 38
13 41 38
13 40 39
15 40 38
15 41 38
13 39 38
15 41 38
15 42 38
15 40 37
14 41 37
13 41 36
12 42 36
11 42 37
14 41 36
16 38 36
16 41 37
14 41 38
13 42 36
14 43 37
12 43 36
13 41 35
12 41 35
13 41 34
15 40 35
15 41 34
15 42 34
15 42 34
14 42 35
15 41 35
13 43 35
13 43 33
12 41 35
13 42 36
14 41 36
13 41 36
12 40 37
14 39 36
12 39 35
13 39 35
13 40 37
14 40 36
14 38 37
13 39 36
13 39 35
12 39 35
12 39 35
11 38 34
13 40 34
13 41 35
12 38 35
13 40 35
13 38 34
12 41 35
13 40 34
13 39 34
13 38 33
12 39 34
13 39 34
12 39 34
13 39 35
12 40 35
12 40 36
11 39 34
12 40 35
13 38 34
12 39 36
13 39 35
13 39 35
13 38 35
12 39 35
12 39 35
13 39 35
13 39 34
13 40 35
12 39 35
13 40 35
13 39 35
