32 38 52
32 33 52
32 37 52
33 36 52
31 39 53
32 38 53
34 38 52
32 39 51
32 39 52
33 38 50
33 37 51
33 37 50
32 37 48
30 35 47
28 35 47
26 36 47
26 38 48
25 38 47
23 37 46
21 33 47
19 35 46
15 34 44
15 33 47
12 36 46
12 34 43
11 32 43
10 34 42
12 37 39
09 38 39
08 39 40
08 40 40
10 40 41
13 38 41
12 37 40
12 37 40
13 36 39
12 35 38
10 38 38
07 40 38
06 39 38
10 37 36
13 37 35
11 37 36
10 39 34
11 35 34
12 36 31
15 36 31
14 35 31
14 36 32
15 37 31
15 38 33
13 39 33
13 37 31
10 37 31
06 35 31
03 36 31
00 36 31
00 35 30
01 34 31
07 33 34
14 33 37
18 32 34
16 32 33
17 30 33
17 34 34
18 34 35
17 34 36
17 34 35
18 35 33
20 34 34
18 34 35
17 36 36
14 35 36
09 36 37
05 37 37
00 36 36
00 35 36
00 35 37
04 37 39
14 38 40
11 37 36
10 37 34
10 36 33
12 32 31
16 31 31
17 34 31
17 34 31
16 35 32
14 37 31
11 36 30
09 36 30
07 36 31
05 36 30
05 36 31
04 36 31
06 36 32
12 36 34
14 37 34
14 35 33
13 34 32
15 36 32
17 37 34
17 37 36
20 39 36
17 39 36
17 37 37
14 39 37
11 37 38
06 35 38
04 35 37
03 35 38
01 37 37
03 36 38
09 37 38
14 36 37
12 35 33
11 36 32
11 32 30
13 33 30
16 35 32
18 37 34
19 36 31
18 35 30
17 36 30
15 36 30
13 36 30
09 35 30
02 36 29
00 36 29
01 36 31
01 37 31
01 36 32
07 38 33
14 36 34
13 36 34
14 35 32
16 35 31
17 36 34
16 39 33
17 38 34
20 37 33
18 37 34
18 39 34
15 39 35
11 38 36
08 38 35
06 37 36
05 37 37
02 36 38
01 39 38
07 35 38
15 36 38
12 36 36
06 35 33
07 33 32
06 32 31
11 34 32
14 35 32
16 36 32
17 36 31
18 35 31
16 35 30
16 35 30
14 36 29
09 37 30
07 38 29
02 38 29
01 37 30
01 39 31
07 39 32
09 39 33
11 38 32
15 37 32
17 39 33
17 38 32
18 37 33
18 38 32
16 38 31
16 37 30
13 38 31
10 38 31
07 38 33
06 36 34
05 38 37
02 39 40
04 39 43
12 37 42
14 35 40
11 36 37
07 33 36
08 33 36
11 33 34
13 33 34
15 35 34
17 36 33
17 34 32
17 34 32
16 36 32
12 35 31
10 35 31
08 36 31
06 38 31
03 36 31
02 38 32
06 36 32
09 37 33
11 37 33
12 36 32
14 37 32
16 36 35
18 38 35
18 37 33
18 38 32
16 37 32
16 37 32
16 36 32
12 37 34
08 37 34
06 37 35
03 39 38
01 38 42
00 36 42
11 34 42
14 35 39
09 34 35
08 33 35
11 34 34
13 34 35
13 36 35
17 35 35
17 35 32
18 35 32
16 34 32
14 36 32
10 35 31
08 36 31
07 36 32
06 38 32
02 37 32
04 37 32
09 36 33
12 37 35
12 36 35
12 37 34
15 36 34
15 34 34
18 38 35
18 37 34
18 38 35
17 36 35
15 38 34
14 38 37
12 37 38
08 37 38
06 37 39
04 36 39
05 36 40
01 36 38
01 36 39
07 34 38
17 34 38
16 37 35
11 35 33
11 35 32
13 32 31
15 35 32
17 37 32
16 37 31
16 36 32
15 37 31
14 35 31
11 35 31
09 36 32
04 35 31
01 35 31
02 36 33
01 37 33
04 36 33
13 36 36
15 36 34
16 34 35
16 36 34
17 34 34
19 35 36
15 37 35
18 38 37
19 37 36
17 38 38
16 37 37
15 36 38
10 38 39
06 34 38
03 35 38
02 34 37
00 35 36
03 37 37
11 37 38
16 39 36
12 39 33
12 38 32
10 37 30
10 33 31
13 35 31
15 36 31
17 35 32
17 36 31
18 36 32
17 37 32
14 37 32
11 37 32
06 37 32
03 35 31
01 36 33
01 35 33
03 36 34
08 37 35
13 36 35
13 37 34
15 38 34
16 35 34
18 36 36
18 37 35
18 39 36
18 39 36
19 38 37
16 39 39
13 38 38
07 37 39
04 36 38
02 36 38
00 36 38
00 36 38
04 36 38
14 35 36
14 36 35
14 36 32
11 36 31
14 34 31
16 34 30
18 37 32
19 35 32
19 36 32
16 37 31
14 38 31
08 40 31
04 37 32
01 40 36
01 43 38
02 41 38
07 41 41
08 43 43
13 41 43
15 41 45
16 42 45
20 39 44
24 37 45
25 41 45
27 39 46
29 37 45
33 37 43
34 35 42
36 38 42
36 39 46
39 38 49
39 39 52
37 40 55
37 38 56
36 38 57
31 44 60
29 41 56
28 41 51
26 44 53
29 43 51
31 42 49
32 43 47
33 41 44
34 40 44
35 39 47
36 38 48
36 39 49
35 39 48
36 37 50
36 38 49
36 39 52
37 39 51
36 40 51
37 39 51
38 39 52
37 40 53
36 40 52
35 39 52
34 39 54
34 40 54
34 40 52
33 40 51
34 40 50
32 40 51
33 40 53
32 41 53
34 40 52
34 39 51
34 39 52
34 38 51
34 38 51
35 38 52
35 39 52
