08 41 37
07 41 36
06 42 35
07 40 34
13 39 34
14 39 34
13 40 33
13 39 32
13 38 32
14 38 31
14 40 31
14 41 33
14 39 33
15 38 32
16 39 32
17 38 33
17 39 34
15 39 33
15 39 32
13 39 34
12 39 33
11 39 33
08 43 33
07 42 33
06 40 35
03 40 34
04 41 32
09 38 32
14 36 33
14 37 33
12 37 35
14 37 33
13 37 32
13 37 35
15 38 35
17 38 35
16 36 36
16 36 34
16 37 34
16 38 35
14 42 36
14 41 36
15 40 36
14 40 36
13 41 37
11 40 36
10 42 36
09 41 34
06 44 34
03 43 33
11 42 33
17 39 35
16 40 38
14 44 33
14 42 34
11 39 32
14 40 33
15 39 31
16 38 31
14 40 32
15 39 32
14 39 32
14 40 33
14 38 31
15 40 32
14 40 32
14 41 32
16 40 31
15 41 31
12 42 32
10 41 32
06 41 32
03 38 30
02 40 29
04 39 33
09 36 34
11 40 35
09 42 38
14 39 35
16 38 34
19 36 34
18 36 34
19 38 34
17 36 33
17 37 33
18 38 33
19 38 32
17 39 34
16 38 35
15 40 37
12 40 37
11 38 39
08 36 37
08 38 34
06 36 34
07 40 37
05 42 39
05 42 37
08 39 36
12 40 35
12 37 34
11 38 33
12 37 33
13 36 33
14 37 33
16 38 33
16 37 33
14 37 32
14 37 32
13 37 31
14 38 32
14 37 32
14 39 32
13 39 33
13 40 32
10 40 31
08 41 34
07 41 33
03 41 32
04 38 32
09 38 32
15 36 33
15 37 33
12 37 35
14 36 34
15 37 33
14 37 35
14 38 35
17 39 36
17 38 36
17 37 34
17 37 35
17 38 35
16 40 36
16 40 36
15 41 35
13 39 36
12 41 36
10 39 37
07 40 35
06 41 35
06 42 36
06 42 36
09 42 36
13 38 36
10 36 34
11 35 32
12 35 33
12 36 33
12 38 33
13 36 31
15 38 31
15 38 33
16 38 32
16 38 32
17 37 33
14 39 33
14 39 32
12 40 33
10 40 32
09 39 33
08 40 33
06 38 31
02 42 32
04 42 32
11 40 32
15 38 33
18 38 35
13 37 35
11 35 33
14 37 35
13 37 35
16 35 35
18 37 35
17 37 34
17 37 35
16 36 34
16 38 33
15 38 34
15 39 36
14 41 34
11 39 35
11 39 36
08 39 37
07 38 35
04 41 35
05 42 38
10 39 37
11 40 34
12 39 35
12 38 34
13 37 33
13 36 32
14 37 32
14 38 31
13 38 31
16 37 32
16 38 32
16 39 32
16 39 32
14 38 32
15 39 33
09 39 32
10 40 32
09 38 34
07 41 34
06 39 33
03 38 32
06 38 33
11 37 32
16 38 34
14 38 35
12 35 33
11 34 33
12 37 31
16 37 34
16 36 34
16 35 35
17 37 34
17 36 34
17 37 34
16 38 34
15 39 35
15 37 35
11 37 34
08 38 33
05 41 35
04 38 38
00 40 38
04 47 38
09 46 36
14 42 32
14 36 31
13 35 32
16 36 32
16 37 32
16 37 33
16 38 32
17 37 32
16 37 32
16 38 32
15 40 31
14 39 32
13 37 31
14 39 33
10 39 32
11 40 32
07 39 33
03 39 33
02 39 32
03 35 30
08 36 33
15 36 34
15 35 36
11 34 34
14 36 32
13 35 32
15 38 34
19 36 35
17 38 34
17 37 34
15 37 34
15 36 34
15 39 34
14 39 35
12 38 35
12 37 35
13 37 36
12 38 36
08 37 35