12 38 35
12 33 35
12 36 34
12 36 33
12 35 35
13 35 34
12 35 34
12 35 34
11 34 34
11 33 34
12 34 34
12 33 34
11 35 33
13 36 34
12 35 34
11 33 34
12 35 34
13 35 34
12 35 35
12 36 35
11 35 34
12 36 34
12 36 35
12 36 36
12 36 35
11 36 33
12 36 35
12 36 35
13 37 34
12 35 35
12 35 35
13 37 35
13 36 35
13 35 34
11 37 36
13 36 35
12 36 37
12 35 37
13 35 37
14 34 36
14 36 38
14 36 37
14 36 37
13 37 37
13 38 39
12 37 38
12 36 37
11 37 36
10 36 36
10 36 35
10 35 34
09 36 33
07 35 33
09 35 33
11 35 32
13 36 33
14 34 32
12 34 34
12 33 32
11 37 33
13 36 32
11 37 32
13 37 33
14 38 34
14 37 34
12 37 35
13 37 36
12 38 35
11 37 36
12 36 35
11 38 36
12 37 35
10 37 35
10 37 35
07 36 35
05 37 35
09 35 34
07 38 36
08 33 33
13 33 33
15 34 34
15 33 34
16 30 34
14 30 34
14 31 34
11 31 33
12 31 33
12 32 36
12 32 36
11 31 35
11 31 36
12 33 38
13 32 37
12 32 36
13 33 38
14 33 37
13 34 36
12 34 35
13 35 36
11 35 36
10 34 35
07 34 35
06 32 35
07 32 34
05 33 34
06 32 32
10 30 30
14 29 31
16 29 30
17 30 30
15 30 31
14 30 30
13 30 30
14 32 31
13 30 32
13 29 32
13 30 31
14 32 31
12 32 32
13 34 33
12 34 33
13 32 33
13 34 34
13 33 34
13 35 34
14 34 33
12 34 34
09 34 34
07 36 34
06 35 33
03 37 31
02 34 31
03 35 30
05 36 30
09 36 29
13 36 30
14 38 29
15 38 30
17 31 30
17 29 31
16 34 35
14 36 37
11 43 40
08 42 40
09 47 32
11 50 34
16 47 35
19 40 33
25 37 34
29 36 36
28 37 34
26 40 31
20 45 32
06 53 39
11 46 46
18 38 43
16 42 40
22 47 46
09 54 33
10 43 33
11 41 31
11 43 32
13 43 31
16 38 31
16 39 28
14 38 29
13 38 28
15 37 27
14 41 28
13 42 31
14 42 31
14 42 30
16 42 31
18 40 29
18 40 28
17 45 30
18 47 29
15 42 27
15 41 29
16 40 32
16 38 31
14 41 30
12 49 29
12 42 31
11 41 30
08 44 30
07 45 29
04 41 25
07 45 26
11 43 29
15 43 30
19 40 29
19 41 28
20 41 31
20 37 31
17 37 33
13 35 32
13 33 33
11 37 33
08 43 33
12 44 32
14 46 33
16 43 34
16 44 36
15 45 36
19 41 36
20 39 34
20 40 33
20 38 35
19 39 35
17 41 35
14 44 33
12 41 34
07 45 33
07 45 38
08 46 36
07 42 35
08 39 35
10 37 33
12 36 32
14 37 31
15 31 31
14 33 31
15 35 31
13 34 32
14 35 31
15 35 32
14 36 34
14 36 36
12 37 36
11 37 36
11 37 37
11 36 38
11 40 37
13 38 38
13 37 37
12 37 36
10 38 36
09 38 34
10 38 34
06 37 35
04 35 33
05 34 33
04 34 33
06 35 31
07 37 33
09 34 33
16 33 33
16 33 32
18 33 32
16 34 33
14 35 34
10 35 35
13 35 35
11 37 35
10 37 36
12 37 36
11 38 37
11 38 37
13 40 37
13 38 35
13 38 36
14 38 37
14 39 36
12 36 36
12 37 36
11 36 36
11 37 35
09 36 36
07 36 34
09 36 34
07 34 35
04 35 32
06 33 33
11 31 33
17 32 33
16 34 33
15 33 32
14 31 32
14 33 33
13 34 31
13 34 33
14 36 32
13 34 33
13 36 33
13 35 32
13 36 34
12 36 33
13 35 34
14 35 34
14 35 32
15 36 32
15 35 33
13 35 32
11 35 32
09 34 32
06 35 31
04 35 30
03 33 30
02 34 30
05 34 31
08 33 31
13 33 30
15 32 30
16 31 29
17 29 28
15 30 29
14 30 30
14 31 31
13 33 31
11 30 32
10 32 32
12 32 33
13 33 32
14 32 33
14 34 32
14 34 32
15 35 33
16 35 33
15 36 34
15 33 33
13 35 33
14 36 34
12 35 33
13 34 34
13 35 32
07 35 32
04 35 32
05 33 29
09 34 31
13 35 34
16 34 34
14 32 33
12 33 32
11 31 30
11 33 29
12 36 31
13 35 31
13 35 31
13 33 31
14 35 30
13 36 32
14 35 31
13 36 32
11 35 33
13 35 32
12 36 31
12 36 31
10 36 31
11 37 32
10 36 31
08 36 32
08 36 33
11 37 34
11 35 37
13 34 37
15 30 35
14 31 35
13 33 36
12 33 37
10 34 35
12 32 35
12 32 34
13 31 35
15 32 34
12 33 35
14 32 34
14 33 34
13 34 35
12 36 34
14 36 34
14 37 35
13 36 35
13 37 35
13 35 34
11 36 35
08 37 36
09 36 35
08 36 34
08 36 35
10 35 34
16 34 34
16 32 33
13 35 33
10 35 32
11 33 30
11 33 30
13 34 33
11 34 32
11 36 32
14 36 31
12 35 32
13 34 30
11 37 31
12 36 31
12 36 31
08 35 30
08 36 32
12 37 34
13 35 35
13 37 39
13 35 38
11 32 36
12 32 36
12 35 36
12 34 37
12 33 37
12 33 37
11 33 36
11 34 37
14 32 36
14 35 37
13 33 36
13 36 35
12 35 37
12 34 36
12 35 37
12 36 36
13 34 34
11 36 35
12 37 35
12 36 35
12 35 36
13 36 35
13 36 35
12 35 35
12 38 33
11 37 33
12 38 35
12 37 35
13 37 34
11 37 32
11 36 32
11 37 31
13 37 32
13 38 33
13 37 32
12 38 32
10 37 32
13 38 34
13 37 34
12 38 35
12 37 36
13 37 36
13 36 35
13 37 34
12 35 35
11 37 35
11 36 35
12 37 35
13 36 34
12 37 35
13 37 36
12 37 35
14 38 35
13 38 36
13 37 35
14 37 35
12 37 35
11 37 35
12 38 35
12 38 35
12 37 34
12 39 35
13 37 35
12 37 35
11 35 35
12 36 35
12 37 35
13 36 35
13 36 35
12 36 34
13 36 35
12 36 35
14 37 34
12 36 35
14 37 35
12 37 35
13 37 35
13 38 36
12 38 34
12 36 34
13 37 36
12 36 34
12 37 34
12 38 34
12 36 34
13 37 34
12 37 34
12 37 34
13 36 34
13 37 34
12 36 34
12 36 34
10 37 35
12 37 35
14 36 34
13 37 35
12 37 34
13 36 36
12 38 34
12 37 35
12 36 34
12 36 35
12 37 35
13 37 35
12 37 33
12 37 34
13 37 35
12 37 34
12 37 34
12 36 35
12 36 34
11 37 34
13 36 34
12 38 34
13 36 35
13 37 35
