04 40 34
04 34 38
34 38 49
04 34 38
36 42 50
38 43 48
36 38 43
37 39 41
36 44 41
33 39 38
26 41 41
23 48 48
20 39 42
21 44 44
15 54 49
15 47 45
13 43 43
14 46 45
14 40 42
12 43 43
11 41 44
09 42 42
08 41 41
07 41 40
05 42 40
04 41 38
04 44 39
08 41 37
07 38 34
11 36 34
14 34 33
14 32 34
13 31 32
14 31 30
13 36 33
11 35 32
12 37 32
15 36 32
15 38 34
16 38 34
14 37 34
12 36 34
12 36 35
10 38 35
07 39 35
04 38 34
05 37 34
07 37 35
12 36 35
15 36 35
13 35 34
10 36 35
14 33 36
17 34 36
16 37 37
17 37 37
19 36 36
17 36 36
18 38 38
14 37 40
12 39 39
06 37 36
06 35 36
05 32 37
06 34 38
06 36 39
05 38 38
12 37 36
14 37 36
09 37 35
11 38 33
14 36 32
16 35 34
18 36 33
18 36 34
17 36 34
17 37 34
15 36 34
14 38 34
14 36 35
11 37 36
08 36 36
04 34 35
05 33 34
04 35 35
01 34 33
08 35 32
17 34 33
15 34 38
16 33 37
15 35 36
16 32 36
17 33 38
17 35 36
15 34 36
15 36 35
14 38 39
11 37 34
11 40 40
12 40 40
10 41 39
11 41 37
11 41 35
09 40 34
07 40 34
10 39 35
10 36 34
10 36 32
12 37 31
12 36 33
14 36 30
16 36 33
16 37 33
15 35 33
15 36 34
15 36 35
15 36 35
14 37 34
12 38 35
12 36 35
07 36 34
03 35 33
02 33 34
04 36 34
05 36 33
11 37 32
18 36 35
15 36 35
12 38 35
13 36 35
15 36 35
17 36 36
19 37 37
21 36 35
19 36 36
18 33 37
16 35 35
12 36 37
10 37 36
09 36 36
07 36 36
02 34 33
05 32 35
02 43 44
09 44 36
11 46 32
13 35 32
14 36 32
13 38 33
16 36 33
15 35 33
15 37 34
16 36 33
13 35 34
13 35 33
11 35 31
13 39 35
12 36 33
13 36 30
10 36 33
09 35 33
06 36 34
05 36 32
09 32 32
14 30 31
11 32 31
08 32 33
12 31 33
13 31 33
11 33 33
14 37 35
17 36 34
18 37 34
18 37 34
14 37 34
12 38 33
11 37 31
10 38 31
10 40 33
09 38 35
09 38 32
09 39 34
12 39 36
11 39 37
09 37 39
07 37 37
08 38 36
12 35 36
11 34 35
13 35 33
13 35 34
16 37 35
16 36 34
14 36 32
13 35 33
13 36 33
11 37 32
07 37 32
08 36 32
05 36 32
05 35 31
12 33 31
13 33 33
12 35 34
11 35 34
13 34 33
16 35 35
17 35 36
19 35 35
19 35 34
16 36 34
17 37 35
14 36 34
13 36 34
11 36 34
09 37 35
03 37 33
05 38 34
03 38 38
06 36 40
13 38 39
15 37 37
13 37 36
12 36 36
14 34 35
13 36 35
14 36 36
14 37 33
15 35 32
15 36 34
15 36 33
13 36 33
12 36 33
10 37 32
10 34 32
08 36 33
06 35 34
04 36 32
03 36 32
07 34 33
13 33 33
17 34 35
14 33 36
13 36 34
13 32 35
16 33 37
17 36 37
18 38 37
17 37 37
17 37 38
17 37 36
16 38 36
13 38 36
11 37 36
11 37 35
08 36 35
06 36 35
02 38 34
00 37 36
06 34 39
14 32 39
17 39 34
14 36 35
13 36 34
14 37 32
15 39 33
14 39 33
15 39 31
15 37 31
15 37 32
14 37 33
16 35 32
16 38 32
14 36 32
11 36 32
09 36 33
07 36 33
06 35 33
04 35 32
01 37 34
02 36 33
09 33 32
18 35 35
16 34 37
12 33 35
10 33 32
15 32 33
16 34 34
17 33 34
18 34 34
17 35 35
15 35 35
15 36 34
14 37 36
13 38 36
12 38 35
12 37 33
12 33 36
10 31 38
10 32 37
08 39 36
02 39 38
06 41 37
09 39 35
11 37 33
10 35 32
11 34 32
12 33 33
15 35 33
15 36 32
15 37 33
16 35 33
16 36 32
17 35 32
16 35 33
17 37 33
15 37 33
11 37 33
10 37 33
08 36 33
05 36 33
01 36 34
00 32 32
03 32 30
10 35 35
14 32 36
14 32 36
12 33 33
13 34 32
14 34 32
15 35 31
17 34 33
16 35 32
18 36 33
18 36 34
16 37 34
14 36 34
13 35 35
12 36 34
11 36 35
09 29 37
05 29 39
07 34 35
08 39 37
09 39 37
09 39 34
10 37 32
12 36 31
10 33 32
11 35 31
12 35 31
13 35 31
13 36 32
14 35 31
14 35 31
15 36 33
14 37 32
14 36 32
14 36 33
15 37 34
13 38 33
11 37 34
09 36 33
07 36 33
05 36 34
02 36 33
02 37 32
08 35 31
12 34 34
12 35 34
09 35 32
08 39 33
07 37 34
08 38 34
08 38 38
10 40 36
15 37 36
18 39 39
18 39 43
21 40 43
23 39 40
23 41 43
26 42 43
27 39 46
31 42 46
33 43 47
34 39 44
36 39 44
34 43 45
34 39 45
35 40 46
35 42 46
35 38 49
34 38 53
32 37 51
33 39 52
35 37 54
35 30 52
37 36 52
37 37 54
37 36 53
37 36 51
37 35 52
37 34 53
37 35 51
38 37 52
38 36 52
38 37 52
39 34 52
38 36 51
38 37 53
38 35 51
39 34 52
39 35 52
38 36 52
38 35 52
38 35 52
39 36 51
39 37 52
38 35 53
38 35 52
38 35 54
39 36 53
38 36 51
38 35 50
37 36 52
39 35 53
38 34 51
37 35 51
38 35 52
39 34 53
