10 37 33
10 37 32
10 39 33
13 38 33
14 38 32
14 38 34
13 38 33
12 37 33
12 39 33
13 38 33
13 39 34
13 40 35
14 39 35
13 41 36
13 38 34
11 38 35
10 38 35
08 39 34
05 38 34
01 36 30
00 34 31
02 34 31
11 33 33
13 31 32
14 31 33
16 33 32
16 35 33
18 33 34
21 33 35
21 35 35
20 34 36
20 34 36
18 35 36
14 35 36
13 37 35
12 37 37
11 37 36
10 38 37
07 38 37
00 38 34
01 39 35
07 38 35
09 38 35
10 37 33
13 36 32
14 37 32
15 37 31
17 36 33
18 34 32
18 36 33
18 37 34
17 36 33
16 36 33
13 38 33
12 37 33
10 37 33
08 38 34
08 39 33
05 36 34
02 37 32
00 37 32
08 35 32
13 35 35
12 35 35
14 33 35
15 35 34
17 35 34
18 34 35
20 34 35
21 35 35
20 35 35
19 36 36
17 36 36
14 37 36
13 38 36
13 38 36
11 39 37
08 40 37
02 39 36
00 40 35
02 40 36
07 39 35
11 39 34
12 38 32
13 38 34
15 38 33
17 35 33
18 35 32
18 36 33
20 35 32
18 36 33
15 37 32
14 37 32
11 39 33
09 38 33
10 39 33
05 37 35
02 38 33
02 38 34
03 38 33
11 35 36
12 35 35
11 33 35
14 35 35
17 35 35
18 34 35
20 34 35
21 35 36
20 35 37
20 35 35
18 37 35
18 37 35
14 37 36
14 37 36
12 38 35
12 38 36
11 39 38
09 37 36
02 39 37
00 39 35
04 40 37
10 40 36
11 39 36
13 36 35
14 37 33
14 36 32
16 37 33
18 36 33
20 35 32
20 36 32
19 37 33
17 38 32
14 37 33
12 39 34
10 38 34
07 39 34
04 39 35
02 37 33
01 37 33
04 38 34
12 36 35
13 33 35
13 34 33
14 35 34
16 35 34
18 35 35
19 35 36
22 35 36
21 36 36
18 35 35
17 37 36
14 38 36
12 37 35
12 38 37
12 39 37
09 39 37
06 39 37
00 40 36
01 41 36
08 41 37
11 39 35
12 39 35
14 37 34
14 39 33
16 36 33
19 36 33
20 37 32
21 38 33
19 37 33
17 36 33
15 36 32
13 36 33
12 38 32
08 38 33
07 38 33
07 39 35
05 38 34
02 38 34
03 38 34
09 37 34
13 37 34
11 32 33
14 33 34
16 36 34
18 33 35
19 34 35
19 35 34
21 35 35
20 35 34
16 36 34
16 39 35
11 37 36
13 38 36
12 38 37
10 38 39
09 38 38
04 39 37
00 40 35
04 39 36
10 40 37
12 38 35
12 36 34
12 35 33
14 37 33
16 39 32
18 37 33
19 36 33
20 36 32
19 37 33
17 37 32
13 38 32
11 39 34
09 38 33
04 37 33
03 37 34
02 37 33
01 36 33
06 36 34
12 35 36
13 33 35
13 34 36
16 34 35
16 34 35
19 36 35
21 35 35
21 36 37
21 35 35
20 36 36
17 37 35
14 38 36
15 38 36
15 38 38
15 39 37
14 39 38
12 38 38
08 39 36
04 40 36
01 39 34
04 40 36
09 39 35
10 38 35
10 38 34
13 36 34
15 36 34
15 37 33
17 36 32
18 36 33
18 37 33
17 37 31
15 37 32
13 37 33
11 39 30
11 38 32
11 40 32
10 38 32
10 36 32
05 36 32
01 38 32
03 36 32
07 35 33
11 32 32
10 33 33
13 31 33
14 33 34
15 33 34
17 36 34
18 36 35
19 35 34
18 36 34
18 36 35
18 36 35
15 34 37
15 37 38
14 40 37
15 39 37
14 38 36
12 40 35
09 37 35
01 40 34
02 38 34
06 38 34
09 38 34
09 37 34
13 36 33
12 35 33
14 37 34
16 39 32
16 36 34
17 36 34
18 37 33
17 36 33
15 37 33
13 37 34
12 38 31
12 37 32
12 39 32
11 37 32
13 37 32
13 36 32
12 36 33
09 37 33
07 36 33
06 37 33
07 39 33
13 37 35
18 33 36
17 33 35
14 33 35
13 37 34
11 36 36
13 37 36
13 36 36
15 36 37
15 36 37
16 36 39
16 36 37
13 38 37
15 37 38
16 39 39
15 39 39
15 38 39
14 39 38
12 39 38
04 39 37
06 40 35
10 41 36
13 41 38
15 40 38
16 39 38
14 36 36
12 38 36
09 39 34
10 39 32
12 40 33
13 39 33
13 39 34
14 38 34
13 37 35
14 38 34
15 39 35
14 38 35
14 39 35
10 38 35
08 38 36
11 37 35
15 39 37
16 37 39
13 37 40
10 35 37
10 35 38
13 36 38
14 37 38
15 36 38
15 36 38
16 35 38
15 36 39
15 38 39
16 39 38
15 38 39
16 38 39
14 38 38
07 38 37
12 37 36
13 39 36
11 40 36
12 40 37
13 39 37
13 37 37
12 38 37
11 37 37
07 41 34
08 38 34
13 39 34
16 39 35
17 39 37
17 38 36
15 38 36
12 38 35
10 39 35
09 39 34
11 41 35
14 40 37
16 40 36
16 39 39
16 38 39
15 38 39
15 38 38
14 38 39
13 39 39
12 39 40
15 38 39
14 38 38
15 37 40
15 38 39
14 39 39
