14 38 36
14 38 36
14 38 36
14 39 36
13 39 36
14 39 36
14 38 35
11 40 35
11 41 35
12 41 35
13 40 34
14 40 35
15 40 35
16 40 34
14 39 35
13 39 36
13 40 35
12 41 35
08 41 34
04 40 34
03 38 34
01 38 34
02 36 33
06 36 34
11 34 35
11 33 33
12 33 33
17 34 34
17 34 35
19 34 34
21 36 33
21 35 33
21 35 34
19 36 35
16 37 35
14 37 36
13 38 36
12 39 37
11 39 38
11 38 38
06 40 37
00 39 36
02 39 36
09 39 36
10 39 34
11 38 34
12 37 32
14 38 33
17 37 34
19 37 33
20 37 33
19 37 33
20 38 34
18 38 33
15 38 33
11 39 33
11 38 33
07 39 33
05 40 35
05 38 34
01 36 34
03 36 34
11 37 35
12 36 35
12 35 34
15 34 34
18 36 36
20 36 36
22 36 36
22 36 35
22 34 35
19 37 35
17 37 36
16 38 36
14 38 37
11 39 36
12 38 37
11 38 37
09 38 37
04 39 36
00 39 35
02 40 36
09 39 36
10 39 35
13 38 35
13 38 34
12 36 34
15 37 32
17 39 33
20 36 33
21 35 34
19 36 33
18 37 32
15 37 33
14 37 32
12 37 33
08 38 33
06 38 33
04 37 32
01 38 31
04 38 34
12 35 36
13 35 34
13 36 34
14 36 34
16 37 35
17 37 36
20 36 35
22 35 35
21 38 36
20 36 35
17 38 36
15 37 35
14 37 35
12 38 36
12 38 36
12 38 36
09 38 36
03 38 34
01 40 35
07 39 35
10 38 35
11 38 33
12 36 32
14 35 33
13 38 33
15 39 33
16 39 33
18 37 33
18 37 34
17 37 33
16 38 33
15 37 32
11 37 32
08 38 33
06 38 32
06 37 33
02 38 33
00 38 33
05 36 34
12 34 35
12 33 35
12 34 34
14 37 35
15 35 34
17 36 34
18 35 34
20 37 35
19 36 35
19 36 36
18 37 35
15 38 35
15 38 37
13 36 37
12 37 38
11 38 37
09 38 37
05 38 36
00 37 34
03 37 35
11 39 36
11 35 33
12 34 34
13 37 32
13 37 33
17 35 33
19 35 33
19 35 33
20 36 34
19 37 34
17 38 34
13 37 33
10 39 33
08 40 33
06 40 35
04 40 35
01 38 34
04 38 35
10 37 34
13 37 34
13 36 35
14 35 34
17 34 34
19 35 34
21 35 35
21 35 33
19 34 34
18 36 34
15 36 35
13 36 35
11 35 35
11 37 36
11 35 37
11 36 35
08 37 36
05 38 35
00 36 33
02 38 34
10 35 36
12 34 33
10 35 32
13 35 32
14 33 31
15 35 31
17 37 32
19 35 32
19 35 32
18 35 31
17 37 31
15 37 32
13 37 33
09 39 32
07 40 34
05 39 35
02 39 33
01 39 34
05 38 35
09 37 37
12 35 36
13 35 34
15 35 35
16 35 35
19 35 35
22 34 34
21 36 35
20 35 35
19 37 36
18 37 35
15 37 35
13 37 35
12 39 36
12 39 37
12 38 37
09 39 36
03 40 36
00 41 37
03 41 35
10 38 36
12 37 34
12 36 34
14 37 33
13 37 32
14 36 32
16 37 32
18 35 33
21 35 33
19 38 34
18 37 32
16 37 32
14 37 32
12 37 33
11 37 33
08 37 34
06 38 34
04 38 35
02 37 33
02 36 33
10 37 35
13 36 35
13 35 35
14 36 35
15 35 35
18 34 36
18 35 35
21 35 36
20 35 36
18 36 35
18 35 36
16 36 35
14 37 35
13 37 35
13 38 36
11 37 36
11 38 37
09 38 37
03 38 36
00 38 35
05 39 36
10 38 36
10 35 33
13 35 33
15 37 33
14 35 34
17 36 32
18 36 33
19 35 33
20 36 32
19 38 34
16 37 33
13 38 33
13 37 33
13 40 34
16 38 35
16 39 35
14 38 35
12 38 35
11 39 35
07 39 35
06 38 34
05 40 34
08 38 36
16 36 36
19 33 36
18 34 36
14 37 36
13 36 36
09 37 34
11 38 37
13 37 37
16 38 38
16 36 37
16 36 36
16 36 37
16 38 37
15 38 39
15 37 38
15 37 38
15 36 38
05 37 35
01 38 34
13 38 34
15 38 35
15 40 37
14 37 34
10 37 34
08 38 35
10 37 34
11 39 35
12 39 35
14 40 36
14 39 36
13 38 36
14 40 37
11 41 36
11 41 37
10 41 36
12 41 38
16 41 38
16 42 39
19 40 41
17 40 39
15 40 41
15 40 41
17 42 41
18 41 41
17 41 41
16 40 41
16 41 43
17 40 42
17 39 41
17 40 43
17 39 43
16 38 42
15 39 42
14 40 42
14 42 43
15 42 42
17 42 41
16 43 42
14 43 41
14 43 39
13 42 40
14 44 40
18 44 38
20 45 39
22 45 39
21 44 39
19 44 39
