11 40 37
12 41 36
02 13 41
13 41 35
57 33 32
12 39 37
14 39 37
16 39 38
15 39 37
13 39 38
13 39 37
13 39 36
12 38 38
14 39 39
14 39 37
14 39 38
12 39 37
14 38 37
13 39 38
13 39 38
13 40 37
14 39 37
15 39 36
14 39 38
12 38 37
11 38 35
13 41 36
13 41 35
14 41 36
13 40 37
13 39 36
14 39 37
13 39 37
11 39 36
08 38 36
07 38 37
05 40 36
00 38 36
01 38 36
10 36 36
14 36 37
14 35 37
15 37 36
16 35 37
18 35 36
20 36 37
21 37 37
20 36 38
20 38 37
19 37 38
18 36 37
16 37 37
15 36 37
13 38 39
12 39 39
10 40 38
04 40 37
00 40 38
04 42 39
12 42 39
11 39 37
13 38 35
12 39 36
13 38 35
16 38 36
17 38 36
18 38 35
18 37 35
20 38 36
16 37 34
15 37 36
10 38 35
10 39 36
06 37 36
05 37 38
04 39 36
02 38 37
09 38 37
14 39 39
13 38 39
12 35 39
14 35 37
16 38 38
19 38 38
21 36 37
21 36 38
22 35 37
21 36 38
18 37 38
16 38 38
14 37 36
14 38 37
13 40 39
13 38 40
10 39 39
03 39 39
03 40 38
05 41 39
09 40 38
12 39 38
11 39 35
13 37 36
13 37 35
15 39 35
15 38 35
18 38 36
19 38 35
18 38 36
18 38 35
17 38 35
15 38 36
14 39 34
12 39 34
11 40 35
08 39 35
07 39 38
05 38 36
04 37 36
07 36 36
12 36 37
13 36 37
11 36 38
13 37 38
15 38 38
15 38 38
17 38 38
18 37 36
18 36 36
18 36 37
18 34 37
18 35 37
17 34 37
16 35 38
15 38 38
15 37 39
13 37 38
10 39 39
08 39 38
03 40 36
03 43 37
08 42 37
12 41 37
11 40 37
12 39 37
14 40 36
16 41 35
17 41 35
16 41 35
17 37 33
18 38 34
18 37 34
17 38 34
14 38 33
13 38 34
11 38 34
11 39 34
09 38 34
07 38 36
06 38 34
02 39 36
04 36 36
09 37 37
12 36 37
11 35 37
11 36 37
14 36 37
17 35 37
17 36 36
19 34 36
19 36 36
17 35 36
18 36 36
17 36 37
16 37 37
15 38 38
15 38 36
14 39 38
13 39 38
02 39 34
05 37 35
09 37 37
12 34 37
13 35 34
14 35 36
16 34 35
16 34 36
19 35 35
18 35 35
17 34 36
18 34 35
16 35 36
15 37 37
14 35 36
13 36 37
13 35 38
14 36 38
14 37 39
15 37 39
15 37 39
15 38 38
12 37 39
10 38 39
06 40 39
04 40 37
04 38 36
08 39 38
10 39 36
11 39 35
12 39 35
13 40 36
14 39 35
15 39 35
17 38 35
18 38 35
19 37 35
19 38 35
17 38 35
14 36 34
13 38 33
13 38 34
14 39 34
13 39 34
14 39 36
15 39 37
14 39 36
13 38 37
13 39 36
10 39 37
09 41 36
09 39 37
13 39 38
15 38 37
16 37 38
15 35 36
15 37 37
12 37 37
10 37 36
11 36 36
15 36 36
15 38 37
16 37 38
15 37 38
14 38 38
15 38 38
14 40 39
13 39 38
12 38 37
14 38 38
13 37 37
13 37 37
13 38 37
12 38 37
13 38 37
13 39 36
13 37 36
