41 36 49
41 36 49
41 37 47
40 38 49
41 39 50
40 39 47
39 39 44
40 40 45
41 41 44
39 42 43
38 46 44
35 45 43
36 46 42
32 55 45
31 48 40
28 47 40
25 58 42
23 53 40
22 53 42
21 55 40
20 53 39
19 50 39
17 53 38
14 53 38
08 52 39
07 49 38
07 47 35
10 46 32
11 42 29
11 42 29
12 39 30
13 39 31
14 41 29
15 40 30
16 40 30
18 41 31
18 40 31
18 41 31
19 40 30
17 41 30
14 42 29
13 41 30
10 42 29
09 43 29
02 45 28
00 46 29
06 41 30
15 36 30
14 38 34
10 36 36
13 37 34
15 35 34
13 38 36
16 39 35
19 38 34
18 37 35
18 40 34
17 40 33
17 41 33
15 40 34
14 40 33
16 41 33
16 42 34
15 41 35
13 43 34
12 43 34
08 43 34
06 44 32
02 44 33
03 44 32
12 43 34
13 42 33
12 41 31
13 39 31
13 39 32
15 38 31
16 40 32
15 40 31
16 40 31
16 39 31
17 40 32
16 40 31
17 39 31
18 39 32
17 40 32
17 41 33
14 42 31
11 41 32
09 43 33
07 43 32
04 44 31
02 43 30
02 42 30
09 40 30
16 37 32
16 37 33
12 37 33
14 37 31
14 37 32
17 38 33
16 39 34
18 39 32
18 39 32
18 39 34
18 39 34
17 41 35
16 41 35
15 42 34
13 41 33
15 42 34
15 42 36
13 41 36
09 41 36
06 41 35
04 44 32
06 44 33
10 40 32
14 38 32
12 39 29
10 37 29
14 37 29
16 39 30
15 39 30
15 38 30
15 38 30
15 39 30
17 40 31
16 41 31
18 40 31
16 40 31
16 40 31
15 39 30
14 40 31
13 41 31
11 42 30
10 42 29
07 41 29
03 42 29
03 40 29
08 38 30
16 33 32
15 37 35
12 38 34
10 36 32
11 35 32
14 39 34
16 40 34
16 39 34
17 39 35
18 40 34
18 39 34
17 39 34
15 38 33
15 40 33
16 43 35
16 42 35
15 43 36
14 43 37
12 45 36
09 43 35
08 45 35
06 45 33
10 44 35
14 39 34
13 38 30
12 39 29
12 39 29
14 39 30
14 41 31
13 40 31
16 40 30
17 41 31
15 41 31
16 41 31
17 39 30
17 41 31
16 40 32
16 41 32
14 41 33
14 42 33
12 42 32
10 41 31
08 43 30
07 41 29
06 44 27
03 41 27
12 38 30
16 37 31
16 39 33
14 41 35
14 39 34
15 39 35
16 36 34
16 38 35
17 41 33
17 40 34
17 40 34
17 39 34
17 39 33
15 41 33
16 42 32
16 41 33
14 41 34
17 44 34
16 43 34
13 44 35
11 44 35
07 44 34
03 46 34
06 44 35
10 43 37
14 45 34
13 40 32
13 40 32
13 38 30
13 38 31
13 39 29
13 40 29
15 39 28
16 38 29
16 40 30
17 40 29
17 40 30
17 41 30
17 41 32
16 41 31
13 41 32
12 40 31
10 42 30
07 41 32
06 43 31
05 41 29
05 40 28
10 39 28
15 38 28
17 37 32
12 39 33
12 39 31
17 39 31
16 39 32
16 39 32
16 40 32
17 42 34
19 42 32
18 42 33
16 38 34
16 40 35
19 41 33
18 43 33
17 44 31
17 41 31
16 43 33
12 44 33
11 44 33
09 43 32
04 44 33
02 44 32
03 44 33
11 41 34
15 40 34
13 39 31
12 39 29
13 37 28
13 38 28
16 39 28
16 39 29
16 39 28
17 39 28
17 39 29
15 39 29
16 40 29
16 40 30
15 40 30
14 40 30
12 40 29
13 40 30
09 40 30
08 39 30
07 40 28
04 40 29
05 40 30
12 37 30
16 38 33
13 37 33
12 38 33
10 37 31
14 37 33
16 38 34
15 39 34
16 39 35
17 39 33
17 39 35
18 39 35
18 39 35
15 40 34
15 39 34
13 40 33
16 41 33
14 41 34
14 40 35
12 41 37
08 40 37
07 41 34
06 47 35
05 42 33
08 45 32
14 41 32
13 38 31
10 38 30
11 38 29
14 37 30
14 39 30
16 40 30
17 39 29
15 40 30
18 40 30
17 39 30
16 38 31
15 40 31
15 41 31
14 39 32
12 40 32
12 40 31
10 42 31
08 40 30
06 42 29
04 41 30
07 39 30
12 37 30
16 38 33
14 37 34
12 37 32
13 37 32
12 36 33
15 37 34
15 36 33
16 38 34
17 38 34
18 39 35
17 40 35
16 42 33
16 40 35
14 39 35
13 38 34
16 40 34
14 40 36
14 41 36
11 42 36
10 41 35
07 42 34
05 42 33
07 41 33
09 41 34
14 38 34
12 38 31
11 36 29
12 35 29
14 38 30
15 39 31
15 40 29
15 37 29
15 39 30
16 39 30
17 39 31
17 39 30
17 39 31
17 39 31
15 42 32
15 41 31
13 41 31
11 42 32
09 44 31
06 41 31
05 40 29
03 40 30
05 38 29
12 38 30
17 37 33
15 38 33
13 35 33
13 36 31
14 35 30
13 37 33
15 37 32
17 39 33
17 38 33
17 39 34
17 40 35
17 39 33
17 40 33
15 41 34
15 40 34
13 40 34
13 41 34
13 39 36
11 40 36
08 40 36
04 42 33
04 44 34
07 44 33
11 41 33
13 38 30
13 38 30
11 38 29
12 36 27
14 38 29
16 38 29
15 38 29
16 38 29
16 38 30
16 39 29
15 38 30
16 38 30
16 39 30
15 39 30
16 40 31
14 40 30
14 41 31
12 41 30
10 40 31
08 43 30
05 43 29
03 41 28
03 42 29
08 40 29
15 39 32
17 37 33
15 37 30
12 38 31
12 37 31
12 38 32
12 38 31
13 40 33
15 39 34
13 38 34
14 43 35
14 45 35
13 48 35
16 53 35
16 55 36
21 56 36
25 54 39
27 50 41
30 51 39
34 52 41
36 43 41
37 41 39
38 40 40
39 37 42
40 39 43
41 39 44
40 39 46
40 39 47
39 41 48
39 39 48
39 40 49
41 39 50
41 40 50
42 37 52
42 35 53
42 37 52
43 37 51
43 37 50
44 38 50
43 38 49
42 37 50
43 36 50
42 36 50
42 38 50
42 38 52
42 37 50
42 36 51
43 39 51
43 37 51
41 36 49
42 37 51
42 36 49
43 38 50
41 36 51
42 37 50
42 36 51
42 38 51
42 37 50
43 37 50
43 36 51
42 37 51
42 36 50
43 37 51
41 38 51
42 38 51
42 36 50
42 38 50
