12 39 35
12 39 35
12 39 35
13 38 36
13 39 35
14 37 35
13 39 36
12 38 35
13 38 34
14 39 34
13 39 34
13 39 35
13 39 35
13 39 35
14 39 36
13 38 35
13 40 35
14 40 35
13 40 34
13 40 35
15 40 35
13 41 35
11 41 36
12 40 36
13 40 35
13 41 35
14 40 35
14 40 35
15 40 35
14 40 36
14 42 35
14 42 36
13 42 35
14 42 36
15 42 35
15 42 34
14 42 34
15 41 35
15 42 35
14 41 35
12 42 36
11 41 36
08 40 36
05 41 36
04 41 34
04 39 34
08 38 33
12 37 35
14 36 34
16 36 33
13 38 34
14 36 35
16 36 35
17 36 36
19 36 36
19 36 36
19 36 36
18 37 35
18 39 35
15 39 34
14 38 36
12 40 35
13 41 34
10 43 35
10 41 34
08 41 37
06 40 34
04 40 35
05 42 34
07 42 35
13 41 34
13 38 34
14 39 34
12 37 33
12 37 35
13 36 34
15 39 33
17 39 33
18 39 33
19 40 32
18 38 33
18 40 32
15 40 33
14 40 34
13 40 33
13 40 33
12 39 33
10 39 34
06 38 32
04 39 32
05 37 31
07 36 33
08 36 33
12 37 34
16 37 34
14 35 34
15 36 35
16 34 36
16 36 36
18 37 36
19 38 35
19 36 36
19 38 36
16 41 35
15 41 34
14 41 35
15 40 36
14 42 35
13 43 36
15 45 36
15 46 35
12 47 33
14 48 34
09 45 33
08 44 32
08 44 32
03 46 32
01 47 33
07 46 31
08 43 32
01 40 27
00 43 26
06 43 29
24 36 30
33 33 30
34 31 32
35 29 32
30 32 30
29 34 32
27 34 34
19 36 34
06 43 34
06 45 36
10 43 37
05 44 37
00 46 35
00 45 32
05 41 37
10 39 37
16 37 35
17 39 36
19 38 36
21 38 36
22 39 35
18 39 35
16 38 35
16 40 36
16 41 36
13 41 36
13 40 35
15 40 34
13 42 35
12 43 34
10 42 32
09 43 32
11 41 33
13 42 34
16 41 34
16 40 34
15 42 34
14 40 33
11 39 33
11 40 33
08 37 33
04 38 33
03 40 34
09 38 36
13 35 34
15 34 34
15 37 33
15 38 34
14 38 35
15 38 36
16 38 34
16 37 35
16 38 36
15 39 35
16 35 37
14 37 38
13 38 37
13 41 35
11 39 36
10 38 34
06 40 33
04 42 33
07 41 33
13 38 32
14 40 33
15 39 33
13 40 32
11 39 32
14 39 32
13 38 32
16 39 33
17 39 33
19 38 32
17 37 33
17 38 32
15 38 31
12 39 31
08 36 31
08 37 32
04 37 32
03 38 33
05 38 33
09 38 35
13 39 35
15 37 34
16 38 36
15 38 35
13 38 35
15 39 37
17 38 36
18 38 35
19 38 35
19 37 36
14 37 36
15 40 36
14 40 33
11 38 33
11 37 33
05 41 34
04 39 34
04 40 32
05 40 33
07 39 32
11 40 32
13 40 31
12 40 33
13 39 32
14 36 31
14 39 32
17 38 31
19 37 31
20 36 32
18 36 32
18 37 31
17 37 31
13 38 31
12 37 31
06 39 32
06 38 32
04 37 30
03 38 31
05 38 33
11 36 33
15 35 34
15 34 33
14 37 32
14 37 34
14 37 34
14 36 34
15 38 34
17 38 34
17 38 34
16 38 35
16 37 34
15 37 34
14 38 34
12 37 34
11 37 32
07 38 32
04 37 32
03 39 32
06 38 33
10 36 32
11 36 32
11 38 33
12 37 33
14 37 31
14 37 31
15 36 30
17 35 32
17 35 32
19 36 32
17 38 32
15 37 30
14 37 31
13 37 30
10 36 31
09 35 30
08 37 31
07 36 31
05 37 32
05 37 31
08 36 32
10 35 32
14 35 31
15 35 32
14 36 33
14 36 33
17 37 34
17 36 33
17 37 33
17 36 34
16 35 34
15 36 33
14 36 33
13 38 33
12 38 33
12 38 33
13 40 34
13 39 33
12 39 34
07 41 33
05 39 32
04 38 34
01 39 33
01 40 33
10 40 33
13 40 34
15 37 33
17 38 33
18 35 32
18 34 32
18 32 31
18 36 30
17 37 30
16 36 29
14 38 28
14 38 29
14 35 29
12 35 29
13 36 30
11 35 30
13 36 30
15 37 31
13 36 31
13 36 32
12 38 33
10 38 32
09 38 33
10 37 33
07 37 33
07 37 33
08 38 33
10 38 35
16 36 35
19 34 35
20 34 34
16 34 34
11 36 34
11 37 35
11 36 36
14 37 36
15 36 37
15 36 37
15 36 37
13 35 37
11 36 37
11 33 36
13 36 35
13 35 36
13 37 36
13 36 35
13 36 35
12 36 35
11 36 36
13 37 36
12 36 36
13 38 36
13 38 35
15 38 34
13 38 34
13 37 33
13 38 34
14 37 34
12 37 34
13 38 34
13 38 34
15 37 34
13 36 33
11 36 33
10 38 33
10 38 31
09 38 32
10 37 31
10 37 32
11 37 31
10 36 32
12 38 32
14 36 33
14 37 32
12 37 33
12 36 33
10 38 32
11 37 31
12 38 32
11 37 31
12 38 33
11 37 32
12 38 32
12 39 33
12 38 32
13 38 33
12 38 33
12 38 33
11 39 33
11 38 33
12 38 32
11 38 33
10 37 33
12 38 33
11 38 34
