31 16 16
31 16 16
31 16 16
31 16 16
31 16 16
31 16 16
31 29 46
29 46 28
26 52 27
23 53 27
23 56 24
23 57 23
24 54 25
26 50 27
28 48 28
29 48 30
29 48 30
28 48 31
26 49 31
23 50 30
21 50 32
19 51 32
19 53 32
17 52 33
19 54 33
18 53 34
17 52 33
18 52 34
20 49 33
20 47 32
21 46 33
20 47 33
19 46 32
19 47 32
19 46 33
18 46 31
14 47 30
11 50 30
11 48 30
12 49 31
13 47 32
16 48 32
18 47 32
19 48 31
19 47 32
19 45 31
18 44 31
17 43 31
16 43 31
17 41 33
18 40 31
16 39 33
13 40 34
13 40 34
06 42 34
04 43 36
01 42 36
02 41 36
05 39 37
12 36 36
15 36 36
15 36 36
13 36 35
13 37 35
14 35 36
17 36 36
19 35 36
20 36 37
19 37 36
17 37 36
16 37 35
17 38 37
15 40 36
14 40 36
12 41 35
14 41 36
13 40 35
12 42 36
12 41 36
09 42 36
08 43 36
07 42 37
08 42 36
06 43 35
04 44 32
08 42 34
15 43 33
16 39 33
17 40 32
15 40 32
17 41 32
15 37 32
19 38 32
19 37 32
20 38 32
20 37 32
19 38 33
16 38 32
12 38 32
09 37 32
06 38 30
03 35 30
04 36 31
05 37 32
08 37 33
10 34 34
15 34 34
17 37 35
15 38 34
12 38 35
14 38 34
16 38 36
16 37 37
19 37 36
19 37 36
17 35 36
16 36 36
12 36 36
10 35 35
08 37 35
05 37 35
02 39 34
02 38 32
05 39 32
10 38 34
14 38 34
13 36 33
12 37 34
11 37 32
14 37 32
15 37 32
17 36 32
19 38 33
20 38 31
20 39 32
18 37 32
17 39 32
14 40 32
08 39 32
05 39 33
02 38 32
04 38 35
06 38 35
09 37 35
13 35 35
15 37 35
15 38 36
16 37 37
14 37 35
17 38 36
17 37 36
19 37 36
20 37 36
19 37 35
18 37 36
17 39 36
13 39 36
11 39 36
08 40 35
07 38 35
04 41 35
04 40 35
05 40 34
07 38 34
12 39 33
14 39 33
13 38 32
13 37 32
14 38 32
15 38 32
18 36 32
20 37 32
21 39 31
19 37 32
18 39 32
14 39 32
10 40 32
08 39 32
05 41 32
05 38 33
02 40 32
04 39 34
08 39 34
14 35 34
18 35 32
16 34 33
14 36 34
15 37 35
16 36 35
18 38 35
19 36 35
20 37 35
19 37 35
16 36 35
13 37 34
11 36 34
09 38 35
07 40 35
05 41 34
02 43 35
02 44 33
09 41 33
14 41 33
13 42 34
12 41 32
13 38 32
16 38 31
16 37 31
19 37 32
20 38 31
18 37 32
19 35 31
17 37 31
14 37 31
11 39 31
10 39 31
07 39 31
03 41 32
02 40 31
03 38 32
08 37 31
12 37 31
15 36 33
16 37 34
14 38 34
15 38 36
16 37 36
18 40 36
19 39 36
19 37 35
19 38 36
17 39 36
15 39 35
11 39 34
08 38 34
08 39 33
06 40 34
04 40 33
03 42 32
04 39 32
10 40 33
13 39 33
16 38 33
15 37 33
15 38 33
16 38 31
18 39 32
19 37 32
19 38 32
19 39 31
18 39 32
15 40 32
14 39 30
11 41 31
08 40 30
06 41 32
03 39 31
04 39 32
06 40 35
08 39 35
13 36 35
15 36 34
15 36 35
14 38 35
15 36 35
17 38 36
19 37 36
19 37 35
20 37 36
19 38 35
19 39 34
15 39 35
13 40 35
10 40 35
09 40 34
06 41 33
03 41 33
03 41 33
10 42 32
11 40 33
14 40 33
13 40 32
14 40 31
15 39 30
16 39 31
18 40 31
19 39 31
19 40 32
19 38 31
17 41 32
17 41 31
15 42 31
15 42 31
14 43 32
14 43 32
15 44 31
16 44 31
15 43 32
14 43 33
12 42 33
11 43 34
10 41 35
10 40 34
10 41 34
12 37 34
15 37 35
14 38 34
13 38 34
13 38 34
15 38 35
15 38 35
14 38 36
15 38 36
14 38 36
15 41 37
14 40 37
12 40 37
10 41 37
12 40 37
13 39 36
13 40 37
13 38 37
16 36 36
17 38 36
14 36 35
12 38 33
10 37 33
08 38 33
08 38 34
09 39 35
10 39 35
11 38 35
12 38 35
13 36 35
14 37 34
14 37 35
14 37 35
13 36 34
13 38 35
12 37 34
13 38 35
12 37 36
11 38 35
13 37 35
12 37 34
12 37 34
12 38 35
12 37 36
13 37 35
13 37 35
13 38 35
12 37 35
13 38 35
13 39 35
12 38 36
13 38 35
12 38 35
13 38 34
13 40 35
15 38 36
14 38 36
13 40 35
13 38 35
13 40 36
14 40 35
12 40 35
12 39 35
12 40 35
15 40 36
13 40 36
14 40 36
13 40 36
14 40 36
14 39 36
15 38 37
13 40 36
12 39 35
12 38 36
13 40 36
12 40 35
14 39 36
13 40 35
12 41 35
14 42 35
14 40 35
