01 41 35
07 41 36
12 40 35
10 39 33
11 36 33
13 36 32
14 37 31
17 36 31
16 38 31
17 37 32
16 37 31
16 38 31
16 38 32
15 37 30
15 39 31
14 38 31
13 39 32
12 39 32
11 39 32
09 40 31
07 40 32
07 36 32
03 37 29
03 33 28
09 33 30
15 34 33
13 34 32
10 36 33
11 34 33
12 36 35
12 35 36
15 37 35
15 34 36
17 35 36
17 34 35
17 35 34
16 34 34
15 35 34
12 35 34
13 35 34
11 34 32
12 35 34
11 37 34
11 36 34
10 34 34
05 38 36
02 40 37
02 38 35
10 36 33
11 35 32
09 35 31
08 33 30
09 32 29
10 35 30
12 35 31
13 36 30
13 35 30
15 35 30
15 36 31
17 37 31
16 37 30
16 37 31
15 37 32
16 36 32
14 37 32
13 37 33
10 37 33
07 37 32
03 42 31
02 41 32
03 38 31
09 40 30
15 36 30
17 37 33
13 39 36
12 39 34
13 39 35
11 36 35
15 36 34
16 38 33
16 38 33
16 38 34
16 39 35
15 38 34
14 38 34
15 37 35
13 37 34
12 38 34
12 38 34
12 38 35
10 39 35
09 39 34
07 37 33
02 41 34
01 40 33
06 40 34
11 38 33
11 35 30
10 35 29
13 36 31
13 36 29
14 36 29
15 37 30
16 36 31
15 36 31
15 35 31
18 37 30
17 38 30
16 37 31
15 38 31
14 37 33
13 38 31
11 38 32
09 38 32
09 37 31
07 37 31
05 36 31
03 39 30
02 38 30
07 37 31
12 33 32
16 33 31
12 35 34
12 34 33
14 32 33
14 32 35
13 34 35
14 35 34
16 35 35
16 35 35
16 35 33
14 34 34
15 37 35
15 36 33
14 36 34
14 37 34
13 38 33
14 37 33
12 38 34
10 37 34
08 36 36
03 38 37
01 43 37
02 44 38
11 42 34
15 39 32
13 33 30
11 34 30
13 35 30
14 37 31
15 37 31
16 36 29
16 35 30
15 36 31
17 37 32
16 37 31
14 38 33
13 38 32
14 41 33
14 41 34
13 38 35
11 37 34
08 38 34
07 36 32
04 36 33
04 37 31
01 34 26
02 32 25
08 35 29
12 37 31
15 30 32
13 32 34
13 37 35
12 35 35
15 37 36
14 36 36
14 38 34
17 37 33
17 36 34
18 35 34
16 35 33
15 35 33
13 35 34
13 35 35
12 34 36
12 37 36
11 37 36
13 38 35
12 37 35
12 40 34
10 38 35
09 37 36
05 38 34
02 38 36
02 39 37
06 40 37
12 41 35
11 38 33
11 36 31
12 34 31
12 37 31
14 37 31
14 38 29
14 36 30
15 37 30
16 36 30
17 36 29
14 36 30
15 37 31
13 37 30
15 37 30
12 39 31
13 38 31
13 39 31
12 38 32
12 38 33
12 39 32
09 38 32
06 38 31
06 37 32
03 37 30
01 38 31
05 36 30
12 34 31
17 33 33
15 34 33
12 35 33
12 35 33
13 35 35
15 37 34
14 36 33
14 35 34
15 36 34
16 34 35
15 35 36
15 37 34
16 36 34
14 37 33
14 38 34
13 35 35
12 35 36
14 35 37
13 37 36
12 38 35
08 39 35
04 39 35
01 39 33
00 40 36
04 39 34
09 36 33
11 36 33
12 37 32
12 36 32
14 37 32
15 37 31
16 37 32
17 37 31
17 38 31
17 36 29
16 38 31
15 36 31
14 38 31
13 40 31
13 39 32
13 38 32
14 38 32
14 39 32
11 40 32
10 38 33
08 36 32