58 35 43
37 43 48
38 43 48
38 41 48
38 42 45
38 44 47
38 43 45
38 42 42
36 39 45
32 41 47
31 41 44
30 49 47
29 40 45
27 42 45
22 54 49
20 44 45
21 44 43
16 50 47
16 44 43
14 42 41
09 44 41
06 44 40
01 44 40
00 46 38
03 42 39
08 38 34
10 39 32
11 39 31
10 39 32
12 38 33
14 39 33
15 40 32
16 38 31
17 38 31
16 38 32
16 40 32
14 38 31
15 39 31
10 38 32
09 38 30
06 40 32
00 41 31
01 40 30
07 39 31
15 36 35
17 36 34
16 35 34
13 37 33
15 37 34
16 39 35
15 37 34
18 36 34
17 37 34
18 36 34
17 37 34
15 36 34
14 37 35
12 39 35
11 38 35
09 39 34
07 39 35
04 41 37
03 42 37
09 39 36
12 38 34
12 39 33
11 38 32
12 38 32
13 40 34
15 39 33
17 39 32
14 38 32
15 39 32
16 38 32
14 40 32
13 38 32
09 38 32
08 37 31
05 39 31
03 38 31
06 35 30
11 35 33
16 35 33
12 34 34
11 36 33
14 34 34
16 34 35
19 36 35
17 36 35
17 36 36
17 36 35
17 35 36
17 37 35
14 38 36
13 37 36
10 39 36
08 38 36
05 41 35
05 38 36
05 40 37
09 39 37
16 39 35
09 38 33
10 39 34
13 36 34
15 38 34
14 38 32
15 36 32
14 35 32
15 35 31
13 36 32
13 38 33
14 37 33
11 39 32
11 39 32
08 38 33
05 38 31
01 38 31
02 37 32
11 36 33
18 34 34
13 35 33
11 35 33
16 35 34
17 36 34
18 36 34
19 38 35
20 36 32
18 37 34
16 38 35
15 41 35
11 39 36
09 40 37
09 39 35
08 40 36
06 38 35
05 40 36
04 41 37
06 39 37
10 38 34
13 38 34
11 40 35
12 40 34
13 39 33
14 39 33
15 37 32
15 36 32
15 38 32
15 36 32
14 37 33
13 38 32
11 38 33
08 38 32
06 38 31
05 39 31
04 38 30
07 37 30
13 36 32
16 35 32
13 37 32
12 36 34
15 35 34
17 36 35
18 36 35
19 37 34
18 38 34
18 36 34
16 36 34
14 38 34
13 38 36
11 40 34
07 40 35
07 40 34
06 40 36
04 40 36
08 40 38
12 38 37
11 36 33
10 36 36
13 36 35
14 36 35
16 37 35
15 37 34
15 36 33
17 36 34
16 36 32
16 36 33
14 37 33
12 37 32
08 38 33
07 38 32
05 39 32
02 38 32
03 38 31
08 35 32
15 34 33
14 36 34
11 36 32
15 36 32
18 34 33
16 37 34
17 37 33
18 37 34
17 38 34
15 39 34
12 38 34
12 39 35
08 41 35
09 39 35
07 39 35
07 40 35
06 41 37
09 40 35
11 39 34
11 39 33
12 39 34
14 39 34
15 38 33
15 39 33
15 38 33
15 37 33
17 37 32
15 38 32
14 38 31
12 40 31
11 39 32
07 39 31
07 39 32
04 37 31
04 39 31
06 37 32
10 36 32
17 35 33
15 37 34
11 37 34
14 36 34
14 34 35
17 36 35
19 35 35
18 36 35
18 34 35
17 38 35
14 37 35
11 37 35
12 39 35
09 37 36
08 39 34
04 41 34
06 38 35
05 41 38
09 39 37
14 38 34
13 36 32
12 36 32
11 36 32
14 39 33
15 38 32
16 38 32
16 37 32
17 38 33
14 39 31
14 38 33
14 38 32
11 39 32
10 40 32
08 38 33
05 38 33
03 39 32
01 38 32
04 37 32
14 34 31
17 35 36
14 34 35
12 36 33
14 33 34
19 34 35
17 35 35
16 37 35
18 36 34
17 36 34
18 37 34
15 36 35
15 39 34
14 37 34
13 38 35
12 36 36
09 39 34
05 36 36
07 38 35
01 36 36
01 43 37
08 37 35
16 36 34
13 38 33
11 37 32
12 37 30
14 38 32
16 39 31
16 38 31
16 38 32
18 37 31
17 37 32
15 38 31
15 38 31
13 38 31
11 39 32
10 38 31
08 39 31
06 36 32
06 37 31
02 38 30
02 37 28
10 36 31
16 34 34
14 33 33
14 34 34
14 33 33
15 34 33
14 35 34
17 35 34
16 35 33
16 36 34
18 36 34
17 36 34
17 37 34
13 37 33
14 37 34
14 39 35
11 39 35
10 38 34
08 37 34
09 38 35
02 34 36
00 44 38
07 36 33
14 35 32
13 37 31
11 37 31
15 37 29
16 37 30
15 37 30
17 36 29
17 37 30
15 38 31
15 37 31
16 39 31
14 37 31
13 38 31
13 39 31
12 39 32
13 38 32
11 38 32
10 40 33
08 40 32
05 39 32
03 41 31
00 41 30
03 37 30
13 35 31
17 33 33
13 36 32
10 34 31
14 33 31
17 34 31
15 34 31
18 34 32
17 33 33
15 35 33
16 37 33
15 38 32
14 39 33
10 43 34
08 45 36
06 48 37
07 49 36
10 51 39
13 49 40
15 47 41
21 46 40
22 47 42
25 43 42
28 50 44
32 43 43
35 43 41
38 47 42
39 38 41
40 41 43
40 42 45
39 37 45
40 38 46
39 37 46
38 38 50
38 37 51
39 39 49
40 37 52
38 37 51
42 39 53
41 36 53
41 36 51
42 37 49
40 38 50
41 38 51
41 37 52
41 36 51
40 38 52
41 38 52
39 39 51
39 39 50
39 38 52
39 37 51
39 36 51
40 37 51
39 36 51
39 37 52
