37 38 48
37 38 48
37 39 47
39 40 48
39 42 49
39 43 49
40 42 47
41 38 45
39 35 44
36 36 47
35 36 48
34 35 45
30 50 50
28 42 50
27 41 46
27 38 44
24 44 45
22 56 52
20 52 45
14 51 39
08 58 41
05 56 41
06 57 41
09 53 40
13 49 37
10 48 33
12 45 32
12 43 29
13 41 31
14 40 32
16 41 31
18 40 31
17 41 32
18 41 32
18 43 32
16 40 29
15 41 31
13 47 32
11 44 32
08 44 32
06 45 29
05 45 30
12 42 31
18 38 33
17 42 38
13 44 38
15 39 34
17 39 35
18 39 36
19 40 36
19 40 35
20 41 37
20 41 37
19 41 35
16 41 35
15 43 35
14 43 35
12 40 36
13 49 35
11 45 33
08 48 36
09 49 37
11 48 35
15 46 35
15 49 35
14 47 34
15 46 34
16 47 34
15 45 33
15 41 30
18 40 30
17 39 31
19 40 32
18 41 31
16 42 32
13 42 31
11 42 30
07 45 31
05 44 30
06 44 31
09 42 31
13 38 32
14 37 34
12 38 34
12 39 33
14 37 35
16 39 35
17 38 36
19 38 36
23 42 36
23 35 36
17 35 36
13 38 36
12 42 36
09 39 35
06 42 35
06 43 36
04 45 35
05 47 35
07 46 36
14 40 36
16 37 35
12 40 34
11 43 33
13 42 33
13 40 32
13 42 34
15 39 31
16 37 32
16 39 32
17 40 32
16 39 32
16 39 33
14 40 32
10 42 30
09 41 30
08 41 31
04 43 28
03 43 28
11 41 30
19 39 34
15 37 34
11 39 32
13 39 32
17 37 32
14 38 35
16 42 33
17 45 35
21 45 37
21 43 35
22 42 34
18 41 34
17 44 33
14 44 33
13 44 33
13 42 29
13 43 31
05 54 36
04 50 29
12 50 32
12 43 34
11 43 32
12 41 31
14 42 31
16 41 30
17 40 30
19 41 29
18 42 30
19 41 29
18 41 30
17 40 30
16 41 31
12 42 31
11 41 30
09 42 30
05 43 30
03 43 28
07 41 28
17 38 30
18 40 34
13 42 33
15 44 34
15 40 34
17 42 35
18 42 37
17 41 36
17 40 36
19 40 35
18 40 33
18 41 33
15 41 34
15 42 34
15 41 33
13 41 36
09 42 35
01 42 31
06 44 32
08 49 35
13 46 39
15 43 34
13 41 30
15 43 31
17 43 33
16 43 34
15 42 32
16 40 31
16 40 32
17 41 32
16 43 33
15 42 32
13 42 32
10 42 31
08 43 31
07 43 31
05 43 32
09 41 31
14 38 31
17 38 35
14 39 34
15 40 33
18 39 34
18 38 35
19 38 35
17 40 34
18 41 35
19 41 34
18 41 35
17 41 34
16 41 34
13 44 35
14 42 35
11 42 35
08 44 34
07 43 35
03 46 35
07 45 37
14 44 36
13 43 35
11 41 34
13 42 33
14 40 33
16 41 33
17 41 33
17 40 33
14 41 32
16 41 32
16 40 31
14 42 32
14 43 31
11 41 31
09 42 31
06 43 32
05 44 32
03 44 32
12 40 32
16 39 33
14 39 34
12 41 34
14 41 34
17 40 34
18 40 35
19 40 35
21 39 35
20 40 34
19 40 35
19 40 35
17 42 34
13 41 34
11 43 34
06 46 34
05 45 32
06 44 33
06 45 38
09 44 37
14 41 36
14 41 34
12 40 35
13 40 33
13 40 33
15 42 33
14 40 32
16 40 32
18 40 32
15 40 32
15 41 33
14 42 31
13 40 31
10 41 32
08 42 32
07 43 32
03 42 33
08 40 31
15 39 33
17 40 35
14 41 34
12 39 34
14 40 34
17 42 35
20 40 35
18 41 35
20 41 34
23 40 34
20 40 36
18 42 35
16 42 33
13 42 34
11 43 34
10 43 35
06 42 35
05 35 40
03 52 41
12 52 36
07 47 32
14 38 31
14 38 30
13 41 31
14 41 30
16 41 30
18 40 31
19 41 30
19 40 31
17 41 31
16 39 32
16 42 31
14 42 33
12 43 32
09 41 32
09 43 32
05 42 32
05 43 30
07 41 29
13 39 32
17 40 35
14 39 33
12 41 33
14 39 34
16 40 34
18 40 35
12 41 35
20 41 33
19 40 34
20 39 34
19 42 35
16 42 34
16 42 34
12 44 34
10 42 35
11 42 32
09 43 33
08 45 33
04 44 34
06 47 36
11 39 35
15 43 33
12 39 31
13 40 31
15 40 29
16 41 29
17 40 29
18 40 29
18 40 29
15 40 31
15 41 30
16 40 30
14 41 30
13 43 30
11 42 30
08 43 29
07 43 30
06 44 31
06 44 31
13 40 29
14 39 32
14 41 33
11 43 33
10 46 31
10 48 32
13 46 33
13 49 33
15 51 35
18 49 36
22 50 38
25 49 42
26 42 35
30 49 39
34 45 41
37 43 40
37 42 40
38 40 40
39 37 39
40 42 42
41 41 44
39 37 45
38 39 47
41 42 50
38 42 52
36 37 50
40 39 51
40 36 52
41 35 52
41 35 52
42 36 51
42 35 51
43 37 51
43 36 50
42 34 51
42 34 51
42 36 51
42 37 49
43 36 51
42 35 49
43 33 50
42 37 52
42 34 50
41 35 49
43 35 51
43 36 51
43 34 51
41 37 49
41 35 48
44 36 53
44 36 51
43 35 51
43 35 49
42 36 49
