14 41 32
13 40 31
13 40 31
14 42 32
13 41 33
12 40 33
12 40 33
12 41 32
11 40 33
15 40 34
14 40 33
12 39 34
11 40 33
11 40 33
11 40 33
12 39 32
12 39 33
13 39 33
11 39 32
11 38 33
13 39 33
13 38 33
13 39 33
14 39 33
13 39 33
13 39 32
13 41 33
13 40 33
13 40 33
12 41 33
13 41 35
13 41 32
12 41 35
10 41 34
08 40 33
06 39 33
03 37 32
02 40 32
03 40 33
09 39 33
13 35 34
18 35 33
16 35 33
16 35 34
15 36 33
17 35 34
17 35 34
19 37 34
16 37 34
16 37 34
17 39 34
16 40 34
14 40 34
12 40 34
11 42 33
12 41 34
10 40 34
07 42 33
03 43 32
04 43 34
11 43 35
16 38 33
15 40 33
16 39 33
16 38 33
17 37 31
18 38 32
19 39 33
19 40 33
18 38 32
16 40 33
12 39 33
09 39 33
02 38 32
02 38 31
06 37 33
03 36 33
02 38 33
06 37 33
13 36 34
19 35 34
18 37 33
16 37 33
18 36 34
20 36 34
22 36 34
21 37 34
20 38 34
18 37 35
16 41 36
11 42 36
09 41 34
06 42 35
08 41 36
07 42 36
07 43 34
04 45 34
08 41 34
14 40 32
15 39 32
15 39 32
15 39 32
15 39 32
19 38 31
19 38 32
19 40 33
18 39 33
17 40 34
15 41 32
12 41 32
10 41 32
06 40 31
06 41 32
04 39 32
04 39 32
06 39 33
11 39 34
16 35 33
16 38 32
15 39 33
16 38 32
18 37 34
21 37 34
22 39 35
22 38 35
21 39 34
18 39 35
13 40 35
09 42 34
09 42 34
08 41 34
09 41 35
08 42 33
05 43 34
03 43 33
03 43 33
11 42 33
14 40 32
14 41 33
15 40 33
17 38 32
19 36 34
17 36 32
17 36 32
17 38 32
16 38 31
16 39 31
15 38 31
12 39 31
12 38 31
08 38 31
08 38 30
08 37 31
09 37 32
04 36 30
05 38 29
05 39 32
10 37 32
14 37 33
16 36 32
16 36 33
15 36 33
17 36 34
19 35 34
20 35 34
19 37 33
21 37 34
18 38 33
17 39 34
13 40 34
09 41 32
09 43 34
06 42 33
06 42 32
07 43 31
05 45 32
05 43 33
11 41 33
18 40 32
16 39 34
16 40 33
15 38 33
17 37 32
20 36 32
20 35 32
19 37 32
15 37 31
13 37 31
12 37 31
11 38 32
09 37 30
06 39 30
06 39 31
07 38 30
04 37 30
04 35 29
04 37 32
10 34 34
15 33 33
20 34 31
17 38 34
17 39 34
17 40 33
19 37 33
19 37 33
20 39 34
20 39 33
17 38 33
13 38 34
11 37 34
10 37 35
08 39 35
08 38 33
08 38 33
07 38 33
03 39 32
03 41 33
07 41 32
12 40 33
14 39 34
15 38 34
15 37 32
15 38 32
17 35 32
20 37 32
19 37 32
19 38 32
17 38 31
15 36 30
13 37 31
10 37 30
06 38 31
03 37 31
06 37 32
04 37 31
03 37 32
09 35 32
16 33 33
17 34 33
18 37 33
15 37 33
16 37 33
19 36 34
19 36 33
20 36 34
20 36 35
18 35 35
15 36 35
13 37 34
11 39 33
09 38 33
07 38 33
09 39 33
08 40 33
07 41 32
05 41 31
03 42 31
05 42 31
09 40 32
14 38 32
15 39 31
15 38 32
15 37 30
17 36 30
17 35 31
19 36 31
18 37 30
18 37 31
16 35 30
12 36 30
10 38 30
08 37 29
07 38 29
06 39 30
04 38 31
02 38 30
05 38 33
08 35 32
12 36 33
15 36 34
16 37 33
17 37 32
18 37 32
19 36 32
19 36 33
20 38 33
19 37 34
18 38 34
16 38 35
14 38 34
14 39 34
12 39 35
10 40 35
11 41 35
10 41 35
07 40 34
05 42 33
05 43 32
07 40 33
12 39 33
13 40 33
15 39 33
14 38 33
16 37 31
17 36 31
18 36 31
17 37 31
17 35 32
17 37 32
17 37 31
14 36 32
15 37 31
12 35 31
12 37 31
12 37 30
11 39 32
10 38 32
08 38 32
08 40 35
09 36 34
08 37 34
13 37 35
16 34 34
17 35 34
14 37 34
12 38 34
14 37 35
16 38 36
16 39 36
15 38 36
16 38 36
15 39 36
16 39 36
15 39 36
15 41 36
10 42 36
07 41 35
09 42 35
14 39 34
15 38 34
13 42 34
14 39 35
14 39 35
11 38 35
08 41 33
09 40 33
11 38 34
13 38 33
15 40 33
15 40 33
14 40 34
13 40 33
11 40 33
11 40 33
13 42 34
09 40 33
09 41 33
14 39 33
15 39 33
16 40 34
16 42 36
17 40 36
17 41 37
16 40 38
17 41 37
16 42 39
14 40 39
13 41 38
13 40 39
14 40 38
13 39 39
14 40 38
15 39 37
15 40 39
15 39 38
14 38 38
12 39 37
13 39 37
14 39 37
14 38 37
14 39 36
13 39 37
12 39 36
11 39 37
12 39 37
13 39 37
13 40 37
14 39 36
13 40 36
13 40 36
13 40 37
13 39 37
13 39 37
13 40 37
14 40 37
14 40 37
14 40 36
13 39 36
14 40 36
13 41 37
14 40 36
14 40 36
15 39 36
14 40 35
14 40 36
14 41 37
14 40 36
13 41 37
13 40 36
13 41 37
13 40 37
13 40 38
13 40 37
12 40 37
13 40 36
14 40 37
