13 35 37
13 35 36
13 35 36
14 35 37
14 34 37
12 35 38
13 35 37
13 35 37
13 35 37
13 35 36
13 34 37
13 36 37
13 36 38
13 36 37
14 36 38
12 37 38
12 36 38
13 38 38
13 38 39
13 37 38
13 37 38
13 38 38
13 39 38
13 38 37
12 37 37
12 36 38
13 38 39
12 38 39
12 36 37
13 36 38
12 36 38
12 35 38
13 36 38
12 36 38
11 36 39
10 36 38
10 36 38
11 35 37
09 36 38
08 36 38
07 36 38
10 34 38
13 34 37
14 33 37
14 34 37
13 33 36
12 33 37
13 34 37
14 34 38
13 32 37
14 34 38
14 34 38
15 33 38
17 34 38
15 33 38
13 34 38
15 33 39
15 35 38
13 35 39
11 36 38
11 33 39
11 34 37
10 35 39
09 36 38
10 36 37
12 36 37
12 35 36
13 36 36
11 35 35
12 35 34
14 36 35
15 36 35
14 37 35
15 36 35
14 37 36
14 35 36
14 35 36
15 36 36
13 36 36
13 37 35
13 36 37
13 36 38
11 36 38
09 37 38
07 38 37
06 37 38
04 37 38
09 37 38
13 36 36
15 34 35
14 36 36
13 35 37
13 34 36
16 36 36
15 36 37
15 37 37
14 35 37
14 37 37
15 36 37
14 34 38
16 36 38
13 35 38
13 35 39
13 35 39
11 35 39
11 36 38
10 35 40
08 35 39
10 37 37
10 36 38
12 37 37
12 36 37
10 35 35
12 34 35
13 35 34
12 35 34
15 35 34
15 35 35
16 37 34
15 35 34
14 35 34
12 35 34
14 36 35
13 36 35
13 35 35
13 35 35
11 36 36
10 36 36
11 36 36
10 36 37
09 37 36
05 38 37
04 37 38
09 36 37
14 35 36
15 35 36
14 34 36
13 35 36
15 34 36
14 34 36
14 34 36
15 35 36
15 35 36
14 33 36
14 33 37
13 36 37
14 34 38
13 35 38
14 35 38
14 35 37
13 36 38
12 35 37
11 35 38
10 34 37
09 36 37
09 36 38
09 35 38
11 35 37
12 35 36
13 35 35
12 34 35
11 34 34
13 35 35
13 35 34
14 35 34
16 35 35
15 35 35
15 36 34
14 35 35
14 36 35
13 36 35
12 36 36
13 36 35
12 35 35
09 36 36
10 35 36
07 37 36
06 36 36
05 36 37
06 35 37
09 35 37
15 34 36
14 33 35
15 34 36
14 33 36
14 34 37
13 33 35
12 34 37
13 36 37
15 33 36
15 34 36
15 35 36
15 34 37
15 34 37
13 34 38
13 35 37
12 34 39
11 35 37
10 35 38
09 34 37
10 33 36
09 34 36
08 36 36
10 35 35
11 35 34
12 35 33
11 34 32
12 36 33
14 35 33
15 36 33
15 36 34
17 36 35
15 35 34
14 34 35
14 35 35
13 35 35
13 36 34
13 36 35
12 36 35
11 37 36
11 36 35
09 36 36
08 35 35
06 37 36
06 36 37
05 34 36
10 35 37
14 34 37
15 34 36
14 35 36
15 34 36
14 34 37
14 33 36
15 34 36
15 34 37
14 34 36
14 33 37
14 34 36
14 34 38
15 34 38
14 35 38
14 34 38
13 35 39
12 34 39
11 35 38
09 36 37
08 36 38
09 35 37
10 35 35
13 34 35
12 33 35
11 33 35
12 33 33
15 35 34
15 35 34
15 36 34
16 36 34
16 35 36
14 35 36
13 35 37
13 35 35
12 36 36
11 36 36
11 36 36
11 36 37
09 36 37
06 34 38
06 36 36
05 36 36
09 35 37
12 35 37
15 35 37
14 34 36
14 33 36
15 32 36
15 33 36
16 35 37
15 35 37
15 34 36
15 34 36
14 34 38
14 33 38
15 34 38
15 35 36
14 33 38
13 34 37
10 34 38
08 36 38
10 35 37
07 35 38
09 37 37
09 37 36
12 37 36
12 34 34
13 35 34
14 34 33
14 35 33
13 36 34
15 35 34
15 36 34
15 35 34
15 35 34
13 35 35
13 35 34
12 35 34
11 35 35
11 35 35
10 37 36
08 36 37
05 37 37
06 37 36
07 35 35
09 34 36
13 35 36
14 34 36
16 35 35
16 35 36
15 33 37
14 33 36
16 34 35
16 34 36
15 35 36
15 34 36
15 34 37
13 34 36
13 34 37
13 35 37
14 35 38
13 36 38
14 35 39
15 34 38
15 34 37
14 35 38
12 34 38
11 35 38
09 34 38
10 34 37
09 33 37
10 35 37
12 35 36
15 34 35
16 35 36
14 36 35
10 36 36
10 36 34
11 35 34
13 36 35
14 38 36
13 37 35
13 36 35
12 36 36
12 36 36
13 36 35
13 37 35
13 36 35
13 33 36
13 36 35
13 36 37
10 37 38
10 35 38
12 36 38
13 36 38
14 37 39
12 35 39
12 34 38
14 34 38
13 35 38
12 35 39
12 35 40
13 35 40
13 36 40
15 35 41
15 35 40
14 34 38
13 34 39
14 34 39
13 34 40
13 34 38
09 36 39
10 36 38
