38 35 45
38 35 45
37 33 44
37 33 44
37 33 44
36 46 53
36 46 53
36 36 44
36 36 44
36 36 44
31 38 43
31 53 51
31 46 49
27 39 44
25 48 47
24 49 48
20 41 42
12 57 50
12 51 47
09 51 40
09 47 41
09 45 40
09 43 37
12 42 36
11 43 35
08 43 33
09 40 32
10 40 32
11 39 33
13 38 33
13 39 33
14 39 34
15 38 34
15 38 33
15 39 34
14 39 34
12 37 33
08 38 32
06 40 32
05 41 33
02 39 32
07 39 30
13 37 32
16 35 35
14 35 35
14 35 32
17 36 33
17 36 34
17 39 35
17 37 35
17 38 35
18 36 36
16 36 34
15 37 35
13 38 34
10 38 36
08 38 37
07 38 35
05 39 36
02 39 37
03 42 38
12 39 36
14 40 33
12 37 32
12 36 31
14 37 31
15 39 32
17 39 32
17 39 31
16 38 33
16 39 32
13 39 33
14 38 32
12 39 32
11 37 32
08 37 31
07 39 32
05 38 31
03 37 31
03 36 30
10 33 31
17 34 35
15 32 35
13 33 34
14 35 34
16 33 34
18 35 35
17 36 35
17 35 34
17 34 35
17 38 35
16 36 34
13 37 35
12 37 35
11 37 34
08 37 35
06 37 34
05 36 33
02 39 34
02 40 36
07 38 37
12 37 36
13 38 34
12 36 33
13 37 32
13 38 33
13 38 32
13 38 32
15 38 32
14 37 32
15 36 32
14 36 32
14 37 32
12 37 33
10 37 32
08 38 32
05 37 32
05 37 31
04 36 31
10 34 33
17 32 31
14 35 33
10 35 34
13 34 34
15 35 34
15 36 35
17 33 34
16 36 35
18 36 34
16 37 34
15 37 35
14 34 34
14 41 34
14 40 35
12 40 37
08 41 38
07 41 37
05 40 39
01 45 38
01 44 40
08 40 38
15 39 36
11 38 32
12 39 31
14 37 31
16 38 33
14 37 33
17 36 31
17 36 32
15 37 32
14 38 33
13 36 32
12 38 33
11 37 32
09 38 33
08 37 33
07 37 32
05 37 32
07 36 31
14 34 32
16 34 34
13 34 35
11 35 35
13 34 35
15 38 36
16 38 36
16 35 35
16 36 35
16 36 37
16 38 36
16 38 36
14 38 37
13 39 36
13 37 37
10 39 36
07 40 37
03 40 35
01 42 33
05 41 38
13 39 38
12 38 37
12 40 35
13 39 34
14 39 35
15 37 32
16 40 34
17 35 33
17 37 33
14 38 32
16 38 33
13 37 34
12 38 33
09 39 33
08 37 32
07 39 34
06 39 33
05 39 33
05 37 31
13 35 31
16 36 34
11 35 33
11 35 32
14 35 35
16 36 35
19 38 34
19 39 36
17 38 35
19 39 35
16 38 36
15 39 36
15 40 36
14 39 36
11 38 35
07 40 35
04 40 35
03 40 38
05 39 40
12 39 37
12 39 34
09 37 33
12 38 33
15 38 33
14 39 32
17 37 33
14 37 32
17 38 33
17 36 33
16 37 33
14 37 31
13 38 33
10 38 33
07 39 32
06 37 31
06 37 33
03 38 33
07 36 31
12 36 32
17 35 33
13 34 35
12 36 34
15 35 33
16 35 35
18 35 35
18 38 35
17 37 36
19 35 36
16 37 36
16 37 36
12 37 35
12 37 36
08 37 36
06 38 36
05 39 34
02 41 36
04 39 37
10 40 36
14 38 36
13 39 35
12 38 34
15 38 34
15 38 35
16 39 33
17 36 32
15 38 32
15 38 32
16 38 32
14 37 32
12 38 33
10 39 33
10 39 32
10 38 33
07 38 32
04 40 34
04 39 33
06 36 33
11 35 34
16 34 35
13 35 34
12 35 34
15 35 34
17 37 36
17 37 35
18 38 36
17 38 36
18 37 36
17 38 36
16 39 37
13 39 37
13 38 37
11 39 37
10 39 36
07 38 36
05 39 35
02 39 36
06 40 37
12 34 35
11 36 34
12 35 33
14 36 33
17 35 33
19 36 31
17 37 32
16 35 32
16 36 32
16 36 32
12 37 31
11 38 32
10 37 33
09 37 33
08 37 32
06 38 33
04 36 33
03 37 32
02 37 31
06 34 29
14 35 31
17 34 35
15 33 33
12 34 33
13 34 34
16 34 34
17 36 36
18 37 35
20 36 35
18 36 36
16 36 36
14 38 35
13 37 35
12 38 35
10 37 36
09 38 35
09 37 35
08 38 35
06 38 35
02 39 35
04 39 36
13 36 34
16 37 33
14 34 32
13 34 30
13 36 30
14 35 31
15 37 31
16 36 30
14 34 30
15 36 32
14 37 32
15 36 33
13 36 32
12 38 34
11 37 32
11 39 33
12 37 33
12 39 33
08 38 32
07 38 32
03 39 32
04 39 31
01 38 31
03 39 31
10 35 31
16 35 34
14 33 34
10 33 34
10 32 31
13 32 32
16 32 34
15 32 34
17 32 34
18 33 34
19 33 34
17 34 33
14 34 34
12 35 34
12 35 34
12 36 36
12 36 36
12 35 36
13 36 35
13 36 36
13 36 36
12 37 37
10 40 37
09 39 37
10 40 37
11 40 37
12 39 37
12 42 38
12 41 38
12 43 40
13 43 41
12 45 43
15 46 44
17 45 45
18 43 47
20 42 46
23 42 46
24 42 48
26 40 46
29 44 46
30 43 47
32 43 45
34 44 47
35 41 48
34 43 47
38 38 48
41 42 49
38 39 45
43 38 48
40 40 48
35 38 47
35 34 48
34 39 51
35 38 53
38 36 56
39 33 55
39 35 51
38 35 53
38 35 52
38 37 52
40 36 52
39 35 52
40 36 53
39 34 51
39 37 50
39 36 51
41 36 52
40 36 53
39 36 52
40 35 51
38 36 51
