12 34 36
12 34 36
12 35 35
12 36 34
13 35 34
13 35 34
13 35 34
12 35 34
13 36 35
11 34 36
11 36 36
12 35 35
12 35 36
11 36 36
12 36 35
12 36 34
12 34 35
12 34 33
11 34 34
12 35 33
12 35 34
12 34 35
12 35 34
12 34 35
11 34 34
12 34 35
13 35 35
11 34 34
12 33 34
12 34 33
13 34 35
12 35 34
13 35 35
12 36 34
12 37 34
12 36 35
12 35 35
12 35 34
12 35 36
13 37 35
12 36 35
12 36 34
12 35 35
12 36 34
13 36 36
11 35 36
11 35 36
10 34 36
10 38 36
11 36 35
12 35 34
12 36 34
11 37 35
13 35 36
14 35 35
15 34 34
14 36 36
14 37 37
14 37 37
14 36 37
13 37 36
14 35 37
13 37 35
14 37 36
14 36 35
13 36 35
11 39 35
03 37 34
07 36 33
11 37 34
13 36 36
12 34 35
11 37 34
08 36 31
09 34 31
11 36 32
11 34 31
11 35 31
11 35 31
12 35 30
13 36 30
12 35 30
11 35 30
11 35 29
11 35 29
09 34 30
08 35 30
07 35 33
03 34 32
04 34 30
10 34 34
14 33 36
13 34 35
13 30 33
15 30 31
17 30 32
16 32 33
17 32 33
18 34 33
16 33 33
14 34 33
14 35 34
15 35 34
12 36 33
11 36 33
08 35 35
07 34 34
07 35 34
07 36 36
03 38 35
04 37 36
06 36 34
09 34 32
10 33 30
10 35 31
15 34 32
16 35 31
16 35 31
17 35 31
18 35 30
17 36 30
17 36 30
16 34 30
15 36 30
14 36 31
12 36 30
11 36 31
07 35 31
04 34 32
00 33 31
00 31 30
04 32 34
13 34 37
14 34 37
13 33 34
15 32 32
19 32 33
20 33 35
18 35 34
19 35 34
18 35 33
18 34 33
16 35 34
12 35 34
14 35 34
14 36 34
12 37 34
11 36 36
11 37 36
05 37 35
00 36 33
00 37 34
02 37 34
07 37 34
09 34 32
11 35 31
14 36 32
16 35 32
17 35 33
17 36 31
18 35 31
16 34 30
16 34 30
15 34 30
14 35 31
14 35 30
12 36 30
12 37 31
08 37 31
06 35 32
04 35 30
04 35 32
02 34 33
04 34 32
11 34 34
14 35 36
15 33 35
15 35 32
17 35 34
17 36 34
18 35 35
19 35 35
18 36 36
18 39 36
14 36 33
10 37 34
10 34 33
14 33 35
14 33 36
15 34 36
14 36 36
11 35 36
08 36 34
06 34 34
04 35 34
03 35 34
05 36 34
11 35 34
12 35 32
11 33 31
13 33 30
14 32 30
14 33 31
15 33 31
15 33 30
15 32 31
15 34 31
14 32 31
15 34 31
12 34 31
12 33 31
13 34 32
08 33 31
09 33 30
12 34 32
13 34 34
11 35 33
13 34 31
14 33 34
13 34 35
12 35 36
14 34 35
13 34 35
12 33 35
12 33 36
13 34 35
13 34 34
14 34 35
11 35 35
07 35 36
07 35 34
12 35 34
14 36 34
14 36 35
13 37 34
11 36 34
13 36 34
12 36 34
12 36 34
12 36 34
11 35 34
12 35 33
13 36 34
13 36 33
12 37 34
13 36 33
12 37 33
12 36 33
11 37 33
12 37 34
12 37 33
13 37 33
14 36 34
11 38 34
12 38 34
12 39 34
12 37 33
12 37 34
13 36 34
11 38 34
11 38 34
12 37 34
12 38 34
13 39 33
12 38 34
12 37 34
11 37 33
13 38 35
11 37 34
12 39 33
11 37 34
12 37 33
12 36 34
13 37 34
12 36 33
12 36 33
12 36 34
12 37 33
11 37 34
12 35 34
12 35 33
12 36 33
13 36 34
14 37 34
12 36 33
12 37 33
12 36 33
12 36 33
11 35 32
11 35 33
11 35 33
10 35 32
11 34 32
13 35 32
12 35 33
13 36 31
15 34 34
14 33 32
13 33 32
12 35 32
11 34 32
11 35 33
11 35 31
13 35 31
13 34 33
13 35 33
11 35 32
12 35 32
12 35 33
12 35 33
11 35 33
13 35 32
12 35 33
12 35 33
13 35 32
13 36 33
12 36 32
12 36 32
11 36 32
11 37 33
11 36 32
13 37 32
10 35 32
12 35 32
12 36 33
12 36 33
13 36 32
13 37 32
12 36 32
11 35 32
11 35 31
12 36 32
12 36 33
12 36 33
13 36 33
12 36 32
12 35 33
12 37 32
12 34 32
12 35 31
13 36 32
12 35 33
