13 39 37
13 39 33
57 33 32
14 41 38
14 40 37
14 41 38
13 41 38
14 40 38
14 41 39
14 39 37
13 41 36
14 40 38
14 40 38
13 40 37
13 41 39
14 40 38
13 39 37
12 39 38
14 41 38
13 40 37
15 41 38
13 40 37
14 40 38
14 40 39
14 41 39
14 39 39
14 41 38
13 41 38
13 41 38
13 40 38
13 40 38
13 39 37
13 40 38
12 40 38
13 39 37
14 38 38
15 36 37
15 37 38
13 36 38
12 38 39
10 38 38
11 35 39
13 37 39
13 34 39
15 34 40
15 36 40
15 37 39
15 36 39
14 38 38
15 38 39
15 37 38
14 36 37
14 38 37
12 37 37
11 39 36
09 36 37
07 38 35
07 40 36
07 39 35
09 38 37
13 36 35
14 36 34
13 35 34
14 36 34
14 38 33
15 38 34
14 37 35
14 37 33
13 37 34
13 38 34
12 38 34
15 39 34
14 38 34
13 39 34
13 38 34
12 40 34
11 40 35
07 40 35
06 40 36
05 41 35
03 43 34
04 43 34
07 41 35
12 38 35
16 34 33
20 32 32
20 31 32
17 30 32
15 32 32
15 34 35
14 36 35
14 36 35
14 36 35
13 36 36
13 37 36
13 36 36
13 37 36
14 36 36
14 36 35
13 37 36
13 36 35
11 36 36
11 36 38
09 37 38
08 40 38
06 40 38
07 39 38
11 40 37
15 36 36
16 39 36
15 36 33
15 37 34
13 37 34
13 38 34
14 39 34
14 37 35
15 39 35
15 39 35
15 38 35
16 38 35
16 40 36
16 40 36
16 40 36
16 39 37
15 40 37
10 41 38
03 43 40
03 42 40
02 43 40
02 41 40
05 41 38
12 36 37
17 40 36
19 34 32
20 34 32
17 34 34
15 35 33
13 37 34
14 36 34
13 35 36
13 35 34
15 37 36
14 38 35
14 36 36
15 37 37
16 35 37
15 37 37
16 37 38
16 36 37
15 37 37
12 37 38
10 38 38
09 39 38
07 40 39
07 39 40
07 41 38
10 39 37
10 41 36
13 38 33
15 37 35
15 39 35
16 38 35
16 38 33
15 38 34
14 39 34
16 39 34
16 39 34
15 38 34
16 38 35
16 38 35
15 37 35
15 38 35
17 38 36
12 40 37
07 41 37
05 42 38
05 43 39
04 43 38
06 42 37
08 39 36
14 38 35
15 37 33
20 32 31
17 34 32
15 33 32
15 33 34
13 36 33
13 38 34
14 35 36
14 37 36
13 36 36
15 36 36
14 36 37
15 37 37
16 36 36
14 36 36
15 37 36
15 37 38
12 39 37
09 38 38
08 39 38
08 39 39
07 39 37
06 39 37
09 39 36
10 39 35
15 39 35
16 38 34
15 39 33
15 38 33
14 37 32
13 40 33
14 39 33
15 38 32
15 39 33
15 40 33
15 38 34
16 39 34
14 39 34
14 38 35
12 38 34
10 39 35
07 40 35
06 42 35
06 41 35
06 41 34
07 40 34
08 40 35
14 37 33
18 36 34
18 35 34
17 34 33
16 35 34
14 34 34
14 36 34
13 37 36
12 35 36
12 37 35
13 36 36
14 37 36
14 38 37
16 39 37
17 36 37
18 38 37
16 37 37
14 38 37
13 38 38
13 40 38
10 40 39
10 40 37
10 41 38
09 41 39
06 41 39
06 40 36
10 40 36
14 39 34
11 37 34
12 37 31
14 37 33
15 36 31
15 39 33
16 38 34
14 38 32
14 38 33
14 38 34
15 38 34
14 39 34
15 39 34
14 38 35
15 40 34
15 39 33
15 39 34
15 41 34
14 40 36
13 40 34
14 39 34
12 42 35
13 42 34
13 41 34
13 40 34
14 41 35
14 41 36
12 42 35
11 42 36
10 40 37
09 42 36
09 41 36
09 42 36
08 41 35
09 40 36
11 38 36
12 39 35
15 37 35
18 36 34
17 35 35
17 33 33
17 35 34
15 33 34
16 34 33
14 34 34
13 35 32
10 35 34
08 36 35
08 36 35
08 39 36
09 37 35
13 36 35
15 34 36
17 35 36
18 35 35
19 37 36
19 37 35
12 38 37
07 41 36
07 40 37
10 41 37
11 41 36
13 39 35
13 40 34
14 40 33
13 41 34
14 41 33
13 41 34
13 41 33
13 40 35
13 38 35
14 38 36
14 40 36
12 39 37
15 39 37
16 39 38
14 39 37
14 40 37
15 38 38
14 38 37
13 38 37
13 39 38
12 37 37
12 37 37
12 37 38
12 37 38
13 37 38
13 38 38
15 38 38
13 40 39
13 38 39
13 37 38
14 38 39
14 39 38
15 39 39
15 38 39
14 38 38
14 39 37
16 38 38
14 37 38
16 38 38
16 39 39
15 38 37
16 38 38
15 39 37
11 39 37
09 41 37
11 40 37
12 38 37
10 41 37
09 38 36
08 39 36
12 39 37
13 40 36
14 37 36
12 38 36
13 37 37
14 39 36
14 38 36
14 39 35
14 37 36
13 39 37
10 39 38
12 39 38
13 38 39
15 39 40
13 37 39
14 37 39
15 36 41
14 38 41
14 38 40
12 35 41
14 36 40
15 36 41
17 34 40
15 37 39
16 36 39
14 37 38
12 38 39
13 38 39
13 39 39
13 37 38
14 38 39
12 40 38
13 38 38
14 39 38
14 39 40
13 41 38
13 38 38
14 38 38
14 39 39
13 38 37
14 39 39
13 38 39
13 38 39
14 39 39
15 38 39
14 38 39
12 39 38
14 39 38
12 39 39
13 38 39
13 38 39
13 38 38
13 39 39
13 38 38
14 39 38
14 38 38
13 39 39
14 39 39
14 39 38
14 38 38
14 39 39
13 38 38
14 40 38
13 38 39
13 37 38
14 39 38
14 40 38
13 39 38
13 39 38
13 39 38
13 39 38
14 39 38
12 39 38
14 39 38
14 39 37
14 37 38
