13 37 34
13 37 34
13 37 33
13 37 33
13 38 34
11 37 33
12 38 33
12 38 33
11 39 33
13 39 33
12 38 33
13 38 34
13 37 33
13 39 34
12 38 34
10 39 33
12 39 33
11 39 34
10 39 34
13 39 33
11 38 34
13 37 34
12 39 34
14 38 33
14 37 33
13 37 33
10 37 32
10 37 32
09 38 33
05 37 32
05 37 34
03 36 33
05 37 33
06 37 34
08 34 34
13 35 32
17 33 32
16 34 32
16 35 35
15 38 33
17 37 34
20 36 36
21 36 35
21 36 35
19 37 36
15 38 37
13 38 36
12 39 35
13 41 36
11 41 35
11 43 36
08 43 35
06 42 33
05 44 34
05 44 34
07 44 33
11 43 31
14 42 31
14 42 31
15 42 31
15 41 30
17 40 33
19 38 32
20 37 32
19 35 32
19 35 32
18 39 31
15 37 30
08 39 30
06 40 31
03 38 31
02 39 32
01 37 31
04 38 33
08 37 34
14 35 33
18 35 33
16 34 34
16 37 35
17 36 34
19 36 34
24 37 33
23 37 34
23 37 34
21 39 36
17 41 38
10 42 36
06 39 34
08 39 34
10 40 34
12 40 34
08 41 33
06 40 32
05 41 33
04 42 33
06 42 34
12 42 34
14 40 34
13 41 35
15 40 34
14 41 32
17 38 34
19 36 32
20 37 33
20 37 32
19 35 33
18 39 32
12 38 33
09 37 32
05 37 32
04 37 33
04 37 33
02 36 32
03 36 32
08 35 33
13 35 33
15 34 33
16 34 32
16 37 33
17 36 34
19 38 34
21 38 35
22 39 34
21 37 34
19 38 34
18 38 36
13 39 36
12 39 36
08 38 35
04 40 36
04 38 34
01 38 34
00 40 34
01 40 35
09 38 34
14 36 32
13 37 32
13 38 32
13 36 32
16 35 32
18 36 32
20 36 33
21 37 33
22 37 33
22 38 33
19 37 33
15 37 33
09 38 33
04 37 31
04 37 30
01 37 31
01 37 32
04 34 32
11 35 34
16 32 35
15 35 33
18 36 33
19 37 34
20 38 35
22 38 34
21 39 34
21 38 35
19 40 35
17 38 35
14 39 35
09 38 36
08 36 37
05 38 35
02 37 35
01 39 35
00 41 33
01 42 34
10 38 32
14 36 33
13 38 32
12 39 32
13 40 30
17 37 30
19 38 30
21 36 30
22 36 30
20 34 30
20 35 30
16 37 31
12 36 30
10 39 30
06 39 32
04 39 31
03 36 29
02 38 31
04 39 33
12 37 34
17 34 33
15 34 33
15 37 33
16 38 32
19 39 33
20 38 34
21 37 34
22 39 33
21 38 34
19 39 33
14 37 36
11 41 34
06 43 34
06 42 34
05 41 33
04 42 33
01 41 31
01 41 30
05 41 31
13 39 32
13 38 32
15 40 31
13 39 31
14 38 30
16 36 31
17 37 32
20 37 33
22 37 32
22 37 32
19 36 31
15 36 31
12 36 31
07 37 30
06 37 31
01 36 28
00 35 28
03 36 32
08 36 33
15 33 33
19 35 33
19 35 31
18 37 30
16 37 31
17 39 33
18 38 34
18 35 37
16 33 38
15 37 38
13 37 35
12 43 31
11 42 30
07 40 29
06 40 30
04 39 30
04 41 29
02 43 28
06 42 29
12 39 30
15 37 30
15 37 30
15 37 31
15 38 30
18 35 31
18 37 29
19 36 30
19 37 31
17 39 30
18 38 30
15 38 30
11 38 30
11 39 29
11 40 31
11 39 31
13 38 32
12 37 32
12 37 31
12 38 29
13 37 31
12 36 32
09 36 32
10 38 31
10 38 34
11 37 34
15 38 35
14 36 35
15 36 35
15 34 34
13 35 34
11 36 33
10 37 34
12 36 35
13 35 36
14 35 36
16 36 36
16 37 35
16 38 35
13 37 35
12 39 36
11 38 34
10 39 35
14 39 37
16 39 36
16 39 35
15 38 36
14 40 35
15 41 34
13 39 34
14 39 35
13 37 34
11 38 35
10 39 36
09 38 35
12 38 34
12 37 34
15 38 34
13 37 35
15 37 35
13 38 34
13 37 33
12 38 33
12 37 33
11 38 33
13 36 33
12 37 32
10 37 32
08 37 30
08 38 30
09 39 31
12 38 31
14 38 31
16 37 32
15 38 32
12 37 32
05 38 31
09 37 31
14 38 33
16 37 33
16 39 34
15 38 34
12 37 34
11 36 32
11 35 33
13 36 33
12 37 34
12 37 34
12 37 36
11 37 35
13 37 35
14 38 34
14 39 33
12 37 32
14 38 32
13 38 33
13 38 32
12 39 32
13 39 32
12 40 32
14 38 32
12 38 31
10 39 31
12 38 31
15 39 33
13 38 33
11 38 33
10 37 33
10 37 32
12 37 33
11 36 32
13 38 33
13 36 32
13 37 32
12 37 32
12 38 32
13 37 30
13 38 31
11 38 31
11 37 31
12 38 32
14 38 32
12 37 31
12 36 32
13 37 31
13 36 31
13 38 32
12 36 33
13 37 34
13 37 32
12 38 33
11 38 32
12 37 33
12 38 33
13 37 32
12 36 32
13 38 33
12 37 33
13 36 33
14 36 32
13 38 33
13 38 33
13 37 33
15 37 34
14 37 33
11 37 33
11 38 34
12 37 34
13 37 34
12 39 34
11 35 33
