51 34 40
33 43 47
33 43 47
32 44 45
33 42 44
33 43 44
31 48 47
31 42 43
30 44 41
26 53 48
26 38 38
18 44 37
20 50 42
16 45 39
12 39 36
06 46 37
03 45 37
03 43 37
07 38 35
09 37 36
11 36 38
12 40 39
10 39 39
11 39 39
13 37 40
13 36 39
12 37 37
12 38 38
11 35 35
12 36 34
10 37 34
12 36 35
12 36 33
13 36 34
12 35 36
13 36 35
13 36 37
14 35 36
13 36 37
12 36 37
14 35 37
13 36 38
12 36 37
13 37 37
12 37 37
11 36 36
12 36 36
12 36 37
12 38 36
12 36 37
13 36 37
13 37 38
13 37 36
13 37 37
14 37 36
14 37 38
14 37 37
13 37 39
13 36 38
14 36 38
12 37 38
12 35 37
13 39 37
10 37 37
08 36 36
06 36 33
04 35 34
03 38 36
05 37 37
11 35 36
11 36 35
09 34 31
11 33 30
15 32 30
16 32 30
15 36 31
17 36 30
16 35 31
15 37 31
15 36 31
13 36 33
11 35 32
08 34 32
04 36 33
02 37 31
03 30 30
07 37 28
12 40 35
15 35 34
15 36 33
18 37 34
16 36 36
19 38 36
20 39 37
19 35 34
18 42 34
16 40 37
15 39 37
14 40 37
13 39 37
11 40 36
09 40 35
08 40 37
07 40 39
09 43 36
14 38 34
12 38 31
11 37 29
12 34 28
14 36 30
16 34 30
17 34 32
16 36 32
16 37 32
15 36 32
11 38 32
10 37 31
08 36 32
06 37 32
05 36 31
02 38 31
00 36 30
06 32 28
15 33 30
14 34 32
12 33 34
13 37 33
15 42 34
18 38 34
19 40 35
21 41 35
20 39 35
18 39 36
17 40 35
15 40 35
12 38 34
11 39 35
10 40 34
08 41 36
10 42 35
11 38 33
10 38 32
10 37 31
11 35 31
13 35 31
16 35 32
16 36 32
17 36 34
18 38 33
16 37 33
14 37 32
11 36 31
09 37 31
05 37 31
02 38 31
00 38 30
02 34 30
10 32 31
16 32 32
14 35 33
13 36 33
14 34 33
16 35 34
17 37 35
18 36 36
19 38 35
18 39 35
18 39 35
17 38 35
17 39 35
16 37 35
14 38 36
11 38 35
10 37 36
09 38 35
06 39 35
03 38 37
08 40 36
11 38 34
12 36 32
09 35 31
12 34 31
14 33 32
14 34 32
16 36 32
16 35 32
16 36 32
17 36 33
17 36 32
15 38 32
13 39 32
12 37 32
11 37 32
08 38 32
06 36 32
03 37 32
01 36 31
02 34 31
11 32 33
17 32 33
15 33 33
14 34 33
16 33 34
16 34 35
16 36 35
17 36 35
17 37 35
17 37 35
18 39 37
19 34 36
18 38 36
16 38 36
14 39 36
13 38 36
13 38 37
11 37 36
07 36 35
07 39 36
01 44 38
01 42 37
03 43 33
09 38 32
13 33 30
13 33 31
13 36 31
13 35 31
15 36 31
14 35 32
17 37 31
17 36 33
17 37 32
18 37 32
16 37 31
14 37 31
14 37 32
12 36 31
10 36 31
09 37 32
05 35 33
03 36 32
01 36 31
03 34 31
12 32 34
16 33 34
13 33 34
11 32 33
14 32 33
16 34 35
17 33 34
18 35 34
19 34 34
19 37 34
17 37 34
16 38 35
14 38 35
14 37 34
13 38 35
11 36 35
08 37 35
04 36 34
01 34 36
03 40 37
04 37 36
11 43 33
11 33 32
12 35 31
12 34 31
13 35 31
14 36 32
16 36 31
17 36 31
19 36 32
18 37 32
18 37 32
17 37 32
15 36 33
13 37 32
11 37 32
09 36 33
07 37 33
06 36 33
02 36 33
00 35 32
05 34 32
14 32 35
16 31 35
15 30 34
12 32 32
13 33 34
15 34 34
16 35 34
17 34 33
18 35 33
19 36 34
18 35 35
18 38 34
16 37 34
15 37 35
13 37 35
12 37 35
12 38 36
08 36 35
05 36 32
06 35 35
01 36 36
03 41 31
09 38 35
13 32 32
14 32 31
13 35 30
11 35 29
11 36 30
13 36 30
14 36 29
15 38 29
18 38 30
19 37 31
18 36 30
18 37 30
15 38 32
15 38 31
13 38 32
11 38 32
11 39 34
10 38 33
07 36 32
05 38 32
05 35 31
03 37 31
04 37 32
08 36 31
14 36 31
13 33 31
12 35 30
12 35 30
13 36 32
12 37 31
14 37 33
15 37 34
17 39 33
21 37 34
20 38 35
21 36 36
20 37 35
20 37 38
17 37 40
17 39 40
15 39 41
14 40 41
16 36 41
14 38 42
13 44 42
14 43 39
13 42 37
13 43 37
12 40 38
10 43 41
10 44 40
13 42 40
14 38 35
16 37 34
16 39 33
16 38 34
14 37 35
13 38 37
12 38 36
12 40 37
12 40 37
12 40 36
14 38 35
13 40 36
13 39 35
14 39 35
13 41 36
13 40 35
13 40 35
12 41 36
14 38 36
13 39 36
14 40 37
14 40 35
13 41 35
13 41 36
13 41 36
14 41 36
14 42 36
13 41 36
14 41 36
13 42 36
14 41 37
13 40 35
14 41 37
14 41 36
15 40 37
14 42 37
14 41 36
14 42 37
13 42 38
11 43 40
09 47 39
09 45 40
10 42 42
13 41 45
15 40 43
16 40 46
18 44 46
19 41 45
21 46 48
23 42 48
25 43 48
28 40 47
30 39 47
34 39 46
36 39 48
36 37 47
37 39 47
38 37 47
34 39 49
35 40 50
32 41 51
32 38 50
32 40 54
34 37 51
33 38 51
34 43 52
35 41 52
35 41 52
35 41 52
35 42 52
36 40 51
35 40 51
35 39 51
35 41 52
36 40 52
35 39 52
35 40 52
35 40 53
34 40 51
36 40 52
35 40 52
35 40 52
35 40 52
35 41 53
36 41 51
35 41 50
35 40 50
37 40 54
35 41 51
35 40 51
36 41 51
35 39 49
