20 43 45
20 43 45
21 43 44
20 43 45
20 45 44
19 43 45
19 44 45
19 42 44
20 42 44
19 42 46
20 44 44
19 43 45
19 43 46
20 44 45
19 43 44
20 43 45
21 43 45
20 43 45
21 43 44
20 43 45
20 42 45
21 44 45
20 45 46
21 44 44
22 44 43
20 44 43
21 43 45
22 42 43
21 41 42
19 41 44
18 42 43
18 41 43
17 42 44
17 42 43
17 42 44
19 42 43
17 42 43
19 43 44
16 44 45
15 45 44
12 45 43
11 46 42
13 47 43
16 44 41
17 44 40
18 45 40
18 44 40
16 43 40
17 43 39
18 44 39
17 43 38
18 43 39
18 43 39
17 42 40
17 40 41
17 41 40
14 40 41
13 42 41
13 42 40
12 43 40
12 41 41
09 42 39
10 43 39
08 46 39
12 42 39
16 41 38
17 42 38
17 41 38
16 40 39
16 38 37
15 39 38
16 39 38
14 40 38
14 41 38
15 39 37
17 38 39
18 40 38
18 40 39
15 39 39
15 42 40
11 41 41
10 41 40
08 40 41
08 42 40
07 43 39
08 42 37
10 43 37
14 40 36
15 40 35
17 39 34
19 40 36
16 40 35
17 40 36
16 39 36
13 41 37
15 43 37
15 44 38
17 42 37
18 42 37
19 40 38
19 40 38
18 40 38
17 42 38
16 42 39
12 43 39
09 44 39
08 45 39
07 45 38
08 46 38
08 46 38
12 44 37
13 42 37
16 39 37
18 38 35
17 39 35
16 38 35
16 38 34
14 36 35
14 38 36
13 37 37
14 38 37
14 38 38
15 39 37
16 37 38
15 41 38
15 41 38
14 40 38
13 41 38
11 42 38
13 40 38
11 41 39
10 45 38
05 44 36
06 43 34
11 42 31
12 46 30
11 42 29
10 39 31
11 39 27
14 32 30
13 32 33
17 32 35
18 36 35
17 38 35
20 38 37
20 38 38
19 36 38
20 35 38
17 33 38
15 34 38
12 37 37
07 35 36
05 42 35
02 37 33
01 38 32
01 37 32
02 36 30
04 34 30
11 36 31
16 35 30
18 34 31
18 33 29
18 32 31
15 36 33
13 37 32
14 34 34
13 35 36
11 36 35
11 35 35
13 34 35
13 35 35
14 36 35
15 36 34
14 37 33
15 36 35
13 37 34
13 39 35
10 40 35
09 39 36
09 38 36
09 37 36
08 37 36
06 36 33
08 37 33
14 35 32
18 33 32
16 32 32
17 36 32
16 34 33
14 34 32
14 34 33
13 36 34
11 37 34
13 39 34
12 39 35
12 40 36
14 37 36
16 35 36
14 37 36
13 38 36
10 37 34
08 36 34
06 35 33
05 35 32
05 36 32
05 37 34
06 39 34
10 34 33
12 38 35
16 38 34
18 35 34
18 34 34
18 33 33
13 33 31
10 35 30
11 36 32
10 36 34
12 36 35
12 37 35
13 37 36
13 36 35
13 37 37
13 36 37
13 37 36
15 36 36
14 36 35
15 36 36
13 37 37
11 39 37
08 37 36
08 36 37
06 37 37
03 35 34
04 35 33
09 37 31
16 36 32
18 34 33
16 32 32
16 33 31
15 37 33
14 37 31
15 34 32
13 35 32
12 37 33
11 37 34
12 38 32
12 35 32
13 36 33
13 36 35
13 37 35
14 37 35
14 36 35
13 35 36
11 35 35
10 35 33
07 35 32
04 34 30
02 34 29
01 33 28
02 35 27
06 34 29
13 36 31
16 34 32
20 32 32
19 29 32
20 31 32
17 32 33
16 33 32
13 32 34
13 33 33
10 34 33
10 34 34
10 35 35
11 35 34
12 35 33
11 33 33
14 35 33
14 34 35
13 35 34
15 33 34
14 35 33
15 37 34
16 36 33
13 37 34
12 37 35
11 35 34
09 35 33
09 35 33
09 39 33
12 37 33
15 36 34
13 35 33
13 36 33
12 38 32
11 36 32
14 36 33
13 37 33
12 37 33
13 39 34
13 38 33
12 37 33
12 37 34
14 37 34
14 38 34
14 39 34
13 39 33
11 38 34
12 37 33
10 37 33
09 38 33
10 38 34
11 37 35
13 37 35
14 35 35
15 35 34
13 35 34
12 36 36
11 36 35
12 35 36
13 33 36
13 32 36
12 33 35
14 34 36
13 34 35
14 34 35
15 37 35
12 36 35
12 37 36
14 35 35
13 35 35
13 37 34
11 35 34
10 35 32
07 37 33
04 39 34
09 35 33
12 36 32
11 37 33
10 35 32
11 36 33
11 35 33
11 34 32
11 33 32
13 33 32
12 34 33
12 36 33
12 36 32
13 35 33
13 37 33
13 39 33
12 40 34
12 40 33
13 40 34
13 40 33
13 42 34
12 41 33
14 41 34
12 41 34
13 40 33
12 40 34
12 41 34
11 40 34
11 38 34
11 39 33
12 40 34
13 39 34
13 40 36
14 38 36
13 37 35
13 36 36
13 37 36
13 38 36
14 38 37
14 37 38
13 36 37
13 36 38
14 36 38
12 37 38
13 36 39
12 34 38
13 35 38
12 36 38
14 37 37
14 36 39
13 36 37
13 35 37
12 35 38
11 37 37
13 35 37
12 35 38
11 34 37
12 37 37
13 37 39
13 36 38
13 36 38
15 37 38
13 36 39
13 36 38
12 37 38
14 36 38
11 38 39
13 37 38
13 38 38
12 37 38
13 38 39
12 38 38
13 37 39
13 39 38
13 38 38
13 39 40
14 39 40
14 39 40
13 37 39
14 39 39
13 39 40
14 38 38
13 40 39
15 38 39
14 38 40
16 38 39
15 39 40
15 39 41
17 38 41
15 39 40
15 38 40
15 39 40
15 39 40
14 40 40
13 39 41
14 39 40
14 38 41
15 37 40
15 39 40
14 37 39
14 36 39
15 36 39
13 37 39
13 38 39
14 37 39
14 38 40
13 38 40
12 37 40
14 39 40
13 38 40
14 38 40
14 38 39
14 37 39
15 37 40
15 38 39
15 38 39
14 38 39
13 37 39
10 38 39
12 38 38
13 38 38
13 38 37
15 38 36
13 38 36
14 39 36
13 39 37
13 38 36
14 40 37
13 39 36
13 39 36
12 41 35
