16 39 35
17 38 35
15 37 35
14 36 35
12 36 35
10 36 36
09 37 35
06 37 34
05 37 34
04 40 35
06 41 37
08 40 38
12 41 37
12 38 35
11 36 34
13 38 35
13 37 35
14 38 36
15 37 34
13 36 34
14 36 35
14 36 33
15 37 32
16 38 33
13 38 33
12 40 33
11 38 33
09 37 34
07 36 33
06 38 33
02 39 33
05 36 32
12 36 33
14 36 35
13 36 34
11 35 33
12 34 33
16 36 34
18 36 35
19 36 34
19 37 35
19 38 34
18 36 35
16 37 33
15 36 34
14 37 35
12 39 38
10 37 38
10 36 36
11 36 37
06 38 36
04 38 33
03 37 35
04 39 37
09 39 36
12 39 34
10 37 33
10 35 34
11 37 33
13 37 34
14 35 33
16 37 32
14 36 33
15 35 32
15 38 32
15 37 32
14 37 33
14 38 32
14 36 31
14 36 32
13 38 32
09 37 33
08 39 32
04 39 33
01 39 33
05 37 33
11 35 34
14 34 35
14 35 34
13 35 34
14 35 34
16 34 34
17 36 34
18 37 32
18 37 35
17 36 34
16 35 34
14 36 34
13 37 34
12 37 35
12 39 35
10 38 35
08 36 36
06 33 39
03 35 39
01 42 36
05 43 36
11 39 33
13 35 33
11 37 31
09 35 31
12 37 31
14 37 32
15 37 32
16 37 32
17 38 32
17 37 33
17 37 32
16 36 32
15 37 32
14 37 32
13 38 32
13 39 33
11 37 33
09 38 33
06 37 33
03 37 32
01 38 33
06 34 32
18 32 34
19 34 37
14 34 35
10 35 34
11 33 34
11 35 34
14 37 35
15 38 36
18 35 35
18 35 34
17 34 35
15 36 35
13 36 33
13 37 34
12 37 35
11 37 35
09 34 38
05 33 37
02 34 35
00 32 36
05 35 34
11 34 34
14 34 33
12 35 32
12 36 32
12 36 33
14 37 33
17 38 33
17 38 33
16 37 32
16 37 32
14 37 32
16 38 32
16 39 33
15 38 34
12 37 33
12 36 33
10 36 32
07 36 33
06 36 34
03 37 33
01 37 32
03 36 33
11 33 34
18 34 36
14 34 36
10 32 34
10 31 31
14 33 34
17 34 36
17 35 35
18 36 35
17 37 36
18 36 35
16 35 34
16 36 34
14 36 35
13 37 35
14 37 34
14 37 35
15 36 36
12 33 38
08 31 37
07 36 37
06 38 36
04 40 35
01 39 34
04 38 34
12 36 34
14 37 33
13 37 31
11 37 32
12 36 31
14 35 33
16 36 32
16 37 32
15 38 31
16 36 32
16 37 30
16 38 31
16 37 32
15 38 32
13 38 32
13 38 32
12 39 33
11 38 34
10 38 33
08 36 32
08 37 33
06 37 32
04 39 31
01 37 30
06 34 31
14 35 33
19 33 32
16 31 32
11 33 31
10 32 32
13 32 32
16 33 32
14 33 33
17 34 34
16 33 34
16 34 33
16 35 33
16 33 33
14 34 33
12 35 34
11 37 34
11 36 35
12 36 35
13 35 35
11 36 35
10 37 36
08 37 35
08 36 36
11 39 36
10 41 36
08 41 36
06 46 37
07 46 38
08 48 38
13 50 40
15 46 41
20 47 41
23 43 42
27 39 44
28 44 42
28 47 38
31 46 38
33 49 39
33 53 36
35 51 37
37 47 38
38 51 38
39 44 39
39 39 43
38 42 46
38 41 48
36 37 49
35 44 51
36 40 54
35 39 52
37 38 52
38 38 53
38 39 53
38 38 52
38 39 53
39 39 52
38 38 51
37 37 51