13 35 35
57 33 32
12 35 35
12 34 35
12 34 36
11 35 36
12 35 36
13 36 34
12 36 36
12 36 35
13 34 35
12 34 35
12 33 35
11 35 34
13 34 34
12 35 35
12 36 34
11 34 34
12 36 35
12 36 35
12 36 35
13 34 36
13 36 36
12 35 36
12 36 35
11 36 36
13 35 35
11 35 35
10 33 36
10 34 34
09 35 34
08 33 35
07 34 34
05 34 35
04 33 34
07 34 34
12 32 35
15 34 34
16 33 34
14 32 34
14 33 34
13 32 34
14 33 36
14 35 36
13 33 36
14 34 35
14 33 35
14 33 36
11 34 37
13 33 37
13 34 37
13 33 36
12 35 36
14 34 35
13 35 35
13 35 35
09 34 35
07 34 34
10 34 35
11 34 33
13 34 34
12 33 33
12 34 34
11 34 32
12 33 31
14 34 33
14 35 32
15 35 33
14 35 33
14 35 34
13 34 35
12 35 34
13 35 35
11 35 34
10 36 33
08 34 34
07 34 35
04 35 33
04 35 35
06 34 34
10 33 35
15 33 36
16 34 35
15 34 35
15 33 33
14 32 34
14 32 35
14 33 35
13 35 35
15 35 36
14 33 34
14 34 36
14 33 36
14 33 36
11 34 36
12 33 36
13 34 37
14 35 37
12 33 37
11 33 38
12 32 36
07 35 36
05 36 35
10 35 35
11 35 34
12 36 34
13 34 34
13 35 34
14 33 33
14 33 34
15 33 32
17 34 33
17 36 33
15 35 33
13 35 34
12 35 33
13 34 34
14 34 34
12 34 34
13 35 34
11 34 35
09 35 34
07 35 34
06 35 35
04 33 35
03 35 35
05 34 36
12 33 36
15 34 36
15 34 36
16 34 35
16 33 35
15 34 34
15 35 34
15 35 35
14 34 35
15 35 35
14 34 36
13 35 37
13 35 37
12 34 37
13 35 38
13 35 37
13 34 38
12 33 38
13 33 37
13 33 37
11 33 36
08 34 37
07 35 35
10 35 36
11 35 33
09 35 34
10 35 33
14 34 35
14 33 34
14 34 34
14 34 33
15 33 33
15 33 34
13 34 33
13 36 32
12 34 33
13 35 34
12 34 34
13 34 34
12 35 33
12 35 35
12 36 35
09 36 36
05 35 36
04 34 35
02 35 36
04 35 36
11 33 37
14 35 36
14 36 36
15 35 35
15 34 34
13 35 34
17 36 35
15 35 35
14 35 36
14 35 36
15 34 36
12 34 36
13 33 37
12 33 38
12 31 37
12 33 36
12 33 37
11 32 37
11 33 36
14 33 36
10 33 35
10 35 35
10 35 36
11 33 35
11 34 33
11 34 34
11 35 34
12 34 34
13 34 33
14 35 33
15 35 34
15 35 33
15 35 33
13 34 34
14 35 33
12 35 33
13 34 35
13 35 34
12 35 34
10 34 34
09 35 35
09 35 35
07 35 36
06 35 34
05 34 35
08 34 35
13 34 35
12 33 36
14 35 35
15 34 35
14 34 36
15 34 35
14 35 36
15 35 36
15 36 36
14 33 36
15 35 37
13 35 37
13 35 36
11 34 37
11 34 37
11 34 37
12 34 36
11 33 37
10 33 38
10 31 37
10 33 36
10 34 35
10 35 35
11 36 34
11 34 33
13 33 34
13 35 33
13 35 34
15 35 33
16 36 33
15 35 33
16 34 33
14 35 34
12 34 34
13 35 34
13 36 33
12 34 34
12 36 34
12 35 34
12 36 34
13 35 34
09 35 34
08 35 35
06 35 35
04 34 36
03 34 35
05 34 35
12 34 35
17 35 35
14 36 36
15 34 35
15 33 35
15 34 35
14 35 36
15 35 36
13 36 36
14 33 36
14 34 36
14 34 36
14 33 37
14 33 36
13 34 36
13 33 37
14 35 36
12 36 37
11 36 37
10 36 36
09 35 35
12 35 37
09 35 34
06 36 34
10 36 36
12 35 34
11 34 34
11 33 34
12 32 33
13 32 31
15 34 32
16 34 31
15 34 33
15 33 32
14 32 32
14 33 32
14 33 32
14 32 32
10 33 33
10 33 33
10 33 33
12 34 34
11 34 35
10 34 35
11 34 35
09 36 36
09 35 35
05 35 35
02 35 35
04 34 36
12 34 37
15 35 34
13 36 35
12 34 34
15 34 36
13 33 35
15 34 35
13 34 34
14 35 36
13 36 36
14 36 36
13 35 35
14 34 36
13 34 36
15 33 37
14 34 37
14 34 37
13 35 36
12 34 37
10 35 37
09 33 37
11 33 36
10 35 35
04 36 35
06 36 36
09 35 35
11 33 34
13 32 34
12 33 33
12 33 33
16 32 34
17 34 33
17 33 33
17 35 33
16 34 32
14 35 33
13 34 33
14 35 33
12 35 33
13 34 33
12 35 34
14 35 35
14 35 35
14 36 35
13 35 35
14 35 36
13 34 35
09 35 35
08 35 35
05 34 36
09 34 34
08 35 36
10 34 37
13 37 37
14 35 37
12 32 36
13 33 36
14 32 36
14 34 36
14 36 36
15 35 37
14 35 36
12 34 37
13 35 38
13 34 38
14 33 37
13 34 37
13 34 37
12 33 36
12 35 37
12 35 36
10 36 36
09 35 36
10 35 36
11 34 34
09 36 36
10 36 36
10 34 35
11 35 35
13 35 34
10 32 34
11 34 33
11 32 31
13 32 32
13 32 32
13 33 31
13 34 32
13 34 33
14 34 34
13 35 33
12 35 34
12 36 34
13 37 35
14 38 34
10 37 34
08 37 36
10 36 36
13 35 35
12 38 37
10 38 37
10 37 37
11 35 37
13 34 38
15 36 37
12 36 39
13 37 39
12 37 38
11 37 39
13 37 41
15 36 41
14 34 40
14 34 38
12 34 39
13 34 38
14 34 39
12 34 37
13 33 37
13 32 36
13 32 36
12 32 37
13 33 37
13 34 36
13 34 36
14 33 36
12 35 35
11 35 34
10 33 34
10 35 35
09 34 34
10 35 35
12 34 34
12 33 34
12 33 34
11 33 33
13 34 34
12 35 34
11 33 34
13 34 35
11 35 34
13 33 35
13 34 35
13 35 37
13 35 38
09 35 37
11 35 37
11 34 37
13 35 36
13 33 36
13 33 36
12 33 36
11 33 37
12 33 38
13 33 37
13 34 38
13 34 40
13 33 39
