13 37 37
12 37 37
13 36 36
13 36 36
13 36 36
12 36 38
08 37 36
11 36 36
11 36 36
12 35 35
16 35 34
15 34 34
16 35 35
16 37 34
13 36 36
13 39 35
10 41 38
08 40 37
11 39 38
08 42 39
02 42 37
01 41 37
03 41 37
08 41 36
12 41 35
13 39 36
16 38 34
16 37 34
17 37 34
18 38 33
18 36 34
19 38 34
19 38 34
17 37 33
16 38 33
14 37 33
15 38 33
11 38 34
12 38 35
10 39 35
08 41 36
04 39 36
01 39 36
02 39 35
09 38 36
12 38 37
11 37 37
12 35 36
14 36 35
17 35 37
19 36 36
19 36 36
21 37 37
20 36 35
18 37 36
17 38 36
16 37 37
14 37 37
13 37 38
13 38 38
09 36 37
05 39 38
00 39 35
04 39 35
11 36 35
13 37 35
14 38 36
14 38 34
14 37 34
14 37 34
14 38 33
15 38 33
17 36 34
18 38 33
17 36 33
18 36 34
17 39 34
15 37 34
13 38 34
11 38 34
09 38 35
07 38 36
03 37 34
01 38 35
04 38 37
11 38 38
14 36 38
12 36 37
15 34 38
15 37 36
17 37 37
19 36 37
20 35 37
19 36 37
20 36 36
18 37 37
15 37 36
15 38 37
15 37 37
13 38 38
13 37 38
12 37 37
11 38 38
04 40 39
01 39 37
02 40 37
09 39 38
13 38 38
11 39 36
11 36 36
14 37 34
14 36 34
18 38 35
18 38 35
17 37 35
19 38 34
17 36 34
15 38 34
15 37 35
13 38 35
10 38 35
09 38 36
09 39 37
06 38 35
02 37 34
03 36 35
04 37 35
12 38 37
14 38 37
13 36 37
14 35 36
16 35 36
17 37 37
18 36 35
19 37 37
20 36 37
20 37 36
17 38 37
15 36 36
16 38 37
15 38 38
14 39 39
14 37 38
10 38 39
07 39 37
03 39 36
02 40 35
06 38 35
10 39 35
11 38 35
11 36 35
13 36 34
14 39 34
15 38 34
18 37 33
18 39 34
18 36 34
19 38 34
18 38 34
15 37 33
12 37 34
09 38 33
04 38 34
04 38 33
01 36 33
04 38 34
12 37 36
14 36 37
14 34 36
13 34 37
15 37 37
15 36 38
17 35 37
19 36 36
18 37 36
18 37 37
18 36 36
17 38 37
15 37 36
15 38 37
13 38 37
12 39 37
12 38 38
08 39 38
02 40 37
01 40 36
07 39 37
13 40 36
13 38 35
13 38 35
13 38 33
14 38 32
17 38 33
18 39 33
17 38 34
18 37 35
19 38 34
17 38 34
17 38 34
13 39 34
11 40 34
11 39 34
10 40 35
07 39 35
06 39 36
02 39 33
04 39 35
11 38 35
13 38 36
13 38 36
12 37 36
14 37 36
14 36 37
16 38 37
19 35 37
19 36 36
19 37 36
18 37 36
17 37 37
16 38 37
16 38 37
15 37 37
15 38 37
12 39 38
11 38 38
10 38 37
06 39 36
02 40 37
01 41 37
10 40 36
13 39 35
13 38 36
15 40 35
14 38 35
16 36 34
17 37 34
17 37 34
16 37 34
17 39 34
18 37 34
16 39 34
15 38 33
14 38 34
13 38 34
10 39 34
09 39 34
09 39 35
07 37 35
03 39 36
04 37 35
11 38 36
13 37 36
12 37 37
12 35 36
15 35 36
17 36 37
17 37 36
18 35 37
18 35 37
19 37 37
18 37 37
18 38 38
16 39 37
14 39 37
14 38 37
13 38 38
10 38 37
11 39 38
08 39 37
03 39 36
04 38 34
09 39 34
12 38 34
11 38 33
12 37 31
13 37 32
14 37 32
16 37 31
18 37 33
18 38 32
17 38 32
16 36 33
17 38 33
14 40 32
14 38 34
14 38 33
11 38 33
10 39 34
07 40 34
03 40 33
01 41 32
03 39 32
10 38 34
12 35 35
12 36 35
14 35 34
18 35 35
19 35 35
21 37 35
21 35 35
20 36 37
18 36 37
14 38 35
13 37 36
12 37 36
13 38 37
15 38 36
15 37 37
16 37 37
16 39 38
16 38 38
12 38 37
11 38 37
05 41 36
02 39 36
09 40 35
14 38 37
17 38 37
18 37 35
13 37 36
11 40 34
09 39 33
09 39 32
13 37 33
14 37 33
13 37 33
15 36 32
14 37 34
14 39 34
12 38 34
13 38 34
12 37 35
12 38 35
09 38 35
07 37 34
06 36 34
08 39 35
14 39 37
17 36 37
17 34 37
15 35 36
10 36 36
10 38 36
11 39 38
14 37 38
15 35 39
14 36 39
14 35 40
15 36 39
14 38 39
12 37 38
12 37 38
14 37 39
15 36 38
12 38 38
11 38 38
12 39 38
14 40 38
13 41 38
13 40 38
15 38 38
12 39 38
12 39 36
10 40 36
11 39 36
13 39 35
13 39 36
13 38 36
14 38 36
14 37 35
13 38 38
13 39 37
14 40 39
15 38 39
14 39 39
15 38 39
14 38 38
14 37 38
13 37 38
13 39 39
