14 39 37
14 39 37
12 40 37
12 40 33
15 39 37
13 38 36
13 39 36
14 37 36
13 39 36
13 39 35
14 38 36
14 38 36
12 40 37
13 39 37
14 39 36
12 39 36
14 40 37
13 39 37
13 38 37
12 41 38
14 39 37
13 39 37
15 40 37
14 40 38
13 39 37
14 41 36
13 41 38
13 40 37
13 40 37
13 40 37
13 40 36
12 39 36
13 40 36
11 37 36
12 38 36
13 38 36
13 40 36
13 38 36
14 39 35
12 40 36
13 40 35
13 39 35
13 39 34
14 40 36
12 40 36
11 40 35
11 39 35
09 39 36
08 39 36
08 39 35
08 41 33
07 40 33
11 38 33
14 35 32
16 35 33
17 33 32
16 33 31
16 33 31
15 34 33
14 35 33
13 35 33
12 35 32
11 36 34
11 37 34
12 35 35
12 36 35
12 36 35
13 36 36
13 36 36
14 37 35
13 36 35
14 37 35
14 37 35
14 36 35
12 36 35
11 39 36
11 37 35
11 37 36
10 37 36
10 39 35
07 39 34
05 39 35
05 39 33
10 39 33
15 38 34
16 35 32
14 35 31
15 35 30
15 36 32
13 37 31
13 37 31
12 36 31
12 38 32
12 38 32
15 37 31
15 36 32
14 37 32
15 38 31
16 38 32
16 39 33
17 38 33
18 38 34
12 39 33
09 40 35
06 39 35
02 40 35
00 40 34
00 42 34
02 39 36
09 38 35
13 35 33
17 36 32
19 35 31
21 36 32
22 34 33
17 35 32
15 34 32
13 36 33
12 36 34
11 36 35
09 38 35
12 37 35
13 36 36
15 35 36
16 36 36
14 37 36
16 37 36
15 36 36
15 37 36
14 37 37
14 38 36
12 39 37
11 40 38
09 39 39
07 39 38
08 39 38
07 40 37
06 40 36
07 41 36
11 40 35
17 38 35
17 38 35
15 38 34
14 37 32
15 38 32
14 39 33
14 39 34
15 37 34
15 39 32
15 36 33
14 39 33
15 37 32
16 39 32
15 37 33
16 38 34
15 37 33
15 39 35
14 40 35
12 40 36
09 41 37
06 41 37
05 42 37
02 41 37
03 41 37
05 40 37
09 39 36
12 38 34
18 34 32
22 35 32
19 34 32
17 34 33
15 35 34
15 35 34
14 35 35
13 35 35
12 35 38
14 35 37
13 36 38
14 35 37
14 34 37
15 36 37
15 35 35
16 36 37
17 35 35
15 37 36
14 36 36
12 35 37
10 38 37
09 37 36
08 37 36
07 37 36
04 40 36
04 39 35
06 39 34
11 38 34
16 37 34
16 36 34
14 36 34
13 37 34
13 37 33
15 36 33
15 36 34
12 37 33
13 37 34
13 38 33
14 37 33
13 37 34
14 37 34
15 38 33
15 38 35
15 38 34
16 38 35
18 38 35
16 39 35
12 39 35
08 41 37
06 39 39
03 42 38
01 41 37
04 42 36
09 41 36
10 39 36
13 36 34
19 33 33
18 35 35
16 33 34
15 33 33
15 34 35
15 35 35
14 36 34
12 36 35
12 36 35
14 37 36
14 36 35
13 37 35
13 37 36
16 38 37
15 37 36
15 36 36
15 36 36
12 36 36
11 38 36
10 37 38
10 38 36
08 39 37
05 40 36
06 39 35
08 40 34
10 39 35
14 38 34
14 38 34
14 36 34
14 36 34
15 37 33
14 38 33
14 38 34
13 37 34
14 38 34
14 38 34
15 40 35
15 38 34
16 39 34
16 37 34
16 38 34
14 38 34
15 38 34
14 39 34
14 39 35
10 39 37
07 40 37
05 41 36
04 41 36
02 41 36
05 39 36
09 39 35
15 37 34
20 34 33
19 34 34
17 34 35
14 34 34
13 34 34
12 36 34
11 35 34
12 35 34
11 36 35
13 36 35
13 35 35
15 35 36
17 36 35
15 36 36
15 37 36
15 38 36
14 37 36
14 37 36
10 39 37
10 38 37
09 39 37
08 38 38
06 39 37
08 40 35
07 37 35
09 39 34
14 38 33
15 37 33
15 38 32
15 37 33
14 39 33
14 38 32
14 37 33
13 38 33
15 39 33
14 39 33
12 38 33
13 38 34
15 38 34
15 38 35
15 40 34
15 39 34
15 40 35
13 39 36
15 40 35
13 40 35
13 39 35
13 39 35
11 39 36
10 40 37
08 40 36
08 41 36
06 40 35
07 40 35
08 40 36
09 39 34
13 37 33
16 36 33
19 34 33
19 33 33
17 33 32
16 33 34
15 34 35
14 36 34
11 35 35
12 36 35
12 37 34
10 36 36
13 36 37
14 36 36
14 36 37
15 37 36
13 37 37
14 37 37
15 37 36
16 37 36
14 36 36
13 38 36
12 38 36
11 38 36
12 37 33
12 37 34
12 37 35
13 38 34
12 37 34
13 37 34
12 38 34
13 37 33
13 38 33
13 36 33
12 38 33
13 38 33
13 38 34
12 39 34
12 38 34
12 38 33
13 40 34
13 39 33
13 40 35
13 40 35
13 39 35
11 39 36
10 37 34
13 37 34
12 36 35
13 37 35
12 37 35
12 35 34
13 35 34
12 36 35
13 34 34
13 35 34
12 35 34
12 34 35
11 35 36
11 34 37
13 34 35
13 34 36
12 35 36
13 35 35
13 35 36
13 36 36
13 36 36
15 36 37
14 36 35
14 36 36
13 37 36
13 37 36
12 37 35
11 37 35
11 38 34
10 38 34
11 38 34
12 37 35
13 38 34
12 36 33
11 37 34
12 38 34
11 37 33
13 37 33
12 37 34
12 39 35
12 38 35
13 37 34
12 39 35
13 39 35
13 38 36
14 39 35
13 40 36
14 39 36
16 39 36
15 39 36
12 39 36
11 38 36
14 39 36
13 37 36
13 38 36
12 37 37
13 36 36
14 36 38
14 34 38
12 35 39
12 35 39
14 35 39
14 36 39
13 36 38
13 36 40
14 35 39
13 37 38
14 37 39
15 38 38
14 39 37
14 38 38
13 39 37
12 39 38
11 38 38
09 39 37
10 41 37
12 39 37
14 40 35
14 39 36
12 39 36
13 38 36
12 39 35
13 39 35
13 39 36
14 39 36
14 39 34
14 40 36
14 41 36
14 39 36
14 40 37
12 41 37
14 40 37
14 39 37
13 40 38
12 39 38
11 40 38
11 38 38
14 37 37
13 37 39
13 38 37
10 36 36
11 37 37
11 36 37
13 37 35
14 36 37
14 36 37
13 36 38
13 37 38
13 37 37
13 37 39
12 36 38
14 36 38
14 37 39
14 37 38
13 36 38
13 37 39
15 36 38
14 38 38
15 37 38
15 37 39
13 37 38
14 38 37
14 38 39
14 39 38
13 38 39
13 38 38
12 38 37
13 40 38
14 37 37
14 38 36
14 39 37
13 40 36
13 40 36
12 40 36
14 41 36
14 41 36
14 40 37
13 41 37
13 40 37
14 41 38
12 41 37
11 40 38
13 40 37
14 41 38
15 40 37
16 39 38
