61 14 37
61 12 33
12 33 36
61 12 33
12 33 35
12 33 36
12 33 36
12 33 37
11 34 36
11 34 37
12 34 35
12 35 36
13 35 35
12 35 36
12 34 35
12 33 36
11 34 37
12 34 36
12 34 37
12 34 37
13 33 36
13 34 37
13 34 36
13 35 36
14 34 36
13 33 37
12 35 36
12 34 36
13 34 36
12 33 36
12 34 35
12 34 35
13 34 35
12 34 36
12 34 36
12 34 37
13 34 36
12 34 37
11 34 37
11 35 37
12 34 37
12 34 37
11 34 37
14 35 37
13 35 37
13 35 38
14 36 38
13 35 38
13 36 40
12 34 38
11 35 38
12 34 38
12 35 39
12 36 38
13 34 37
12 37 37
14 36 38
13 37 38
13 37 39
14 38 37
13 36 39
14 37 38
12 37 37
14 37 38
14 37 38
14 37 36
13 36 37
12 35 38
13 35 37
10 36 36
07 37 38
06 35 38
09 34 38
13 33 37
14 33 38
12 34 38
12 34 38
14 35 39
17 35 39
16 34 39
13 34 38
13 34 38
13 34 39
13 33 40
13 34 40
12 34 39
12 34 39
12 34 40
12 34 40
13 34 39
14 34 39
11 35 39
10 34 38
10 34 37
09 35 37
09 36 37
10 34 36
12 35 36
10 36 36
12 35 36
12 36 34
11 35 34
13 36 35
12 36 35
12 36 34
12 35 35
14 36 35
13 37 35
13 35 35
14 34 35
12 36 35
14 34 35
14 35 34
13 35 35
12 36 36
11 35 36
11 36 36
11 36 37
07 35 37
06 34 38
09 35 37
11 34 37
14 33 36
13 35 35
14 34 37
13 33 37
13 31 36
13 33 36
13 34 36
13 32 36
13 33 36
15 33 36
16 32 36
16 34 37
15 33 37
14 34 36
14 34 37
13 34 37
13 34 38
12 35 38
10 34 39
10 34 38
11 32 39
11 32 37
09 33 38
09 36 37
09 35 37
12 35 36
12 34 36
11 35 35
10 34 34
12 34 34
12 34 34
13 35 34
13 34 34
15 36 33
15 35 34
15 35 33
16 34 34
14 36 33
12 35 34
12 35 35
13 34 36
12 35 34
13 36 34
13 35 36
12 36 36
11 37 36
11 35 37
12 35 37
11 36 38
10 34 37
09 36 37
09 34 36
08 35 37
09 35 38
07 36 37
11 33 38
15 33 36
14 32 36
13 33 36
14 33 35
12 33 35
12 31 36
13 33 37
14 32 37
15 33 36
15 33 38
15 33 37
13 32 38
13 33 37
12 33 37
14 32 38
12 33 37
12 33 38
13 33 37
12 32 38
11 33 38
11 33 36
10 34 37
09 35 37
09 34 36
10 34 36
12 33 36
12 36 36
13 34 35
14 35 35
12 34 34
14 34 34
14 35 34
14 35 33
15 36 34
14 35 34
13 34 34
13 34 34
12 35 35
12 35 35
12 36 35
12 35 34
12 35 35
11 36 36
12 37 36
12 37 37
12 37 37
12 37 37
10 36 37
08 35 36
09 36 37
10 36 38
11 34 37
13 33 36
13 33 36
13 33 36
13 34 37
13 32 36
15 35 37
13 35 38
13 32 37
14 34 37
13 34 39
14 35 36
13 35 38
12 35 37
13 34 38
14 34 37
14 36 38
14 34 38
15 35 38
14 34 38
14 33 38
12 35 39
11 34 38
10 34 38
09 33 38
07 36 37
09 35 38
12 34 36
13 35 36
12 35 35
09 33 35
12 33 34
12 33 34
13 35 34
12 33 34
14 34 33
15 34 35
14 34 35
14 35 34
13 34 34
13 34 35
13 35 35
13 35 35
12 36 36
12 36 36
10 34 36
09 34 37
09 34 36
07 35 36
07 33 36
09 34 38
13 34 37
14 32 35
14 31 35
15 32 36
14 34 36
13 32 37
13 33 37
13 34 37
13 32 36
14 34 36
14 34 37
15 34 37
14 34 37
14 34 36
15 33 37
12 35 36
14 34 37
11 33 37
11 34 37
11 33 37
08 33 36
08 34 37
10 35 35
10 35 34
11 34 34
11 34 34
12 34 33
11 35 32
13 34 34
13 34 33
13 35 33
14 36 34
15 36 34
14 36 34
14 35 35
13 36 35
13 35 34
13 36 34
13 36 35
13 36 35
13 36 36
13 35 35
13 36 37
13 37 36
11 37 37
10 37 38
06 36 38
04 36 37
05 35 38
07 36 38
11 34 36
14 33 35
14 34 36
13 33 37
12 32 36
13 33 34
14 34 35
14 34 36
14 35 36
15 33 35
14 34 36
14 33 35
12 33 36
13 34 37
12 34 36
14 33 37
13 34 37
14 33 37
14 33 38
14 32 37
12 33 38
11 34 39
12 34 38
11 35 38
08 33 37
05 36 38
09 37 39
12 35 36
12 34 36
12 34 36
12 35 34
12 34 34
13 34 34
13 35 34
14 33 34
15 35 34
15 36 33
15 35 34
15 35 34
14 34 34
13 35 33
13 36 35
13 36 34
13 36 35
13 36 36
14 36 36
12 36 37
11 36 37
12 36 37
08 35 38
07 35 36
03 35 38
06 35 38
13 33 37
15 33 36
14 35 37
15 34 36
14 34 36
16 32 35
15 33 35
15 35 35
15 35 36
15 35 35
14 34 36
13 33 36
15 34 37
13 33 36
13 34 35
12 34 36
12 35 37
14 34 37
14 34 37
14 33 37
12 34 37
13 33 38
13 35 38
12 35 38
13 34 38
13 34 37
11 35 36
10 35 36
09 36 36
11 35 35
12 35 34
12 34 36
13 36 35
12 36 34
12 37 35
12 35 34
12 36 34
12 36 34
12 35 34
12 36 35
11 35 34
11 35 34
13 35 33
12 35 34
13 34 34
11 35 35
12 35 34
10 35 36
13 34 36
11 36 35
13 35 35
14 35 35
13 36 35
13 34 35
13 35 36
12 35 36
09 35 37
10 35 36
13 34 36
14 35 36
13 35 36
13 35 36
12 34 37
11 34 37
13 34 38
13 35 38
12 35 38
13 34 37
13 34 38
12 35 38
12 34 37
13 34 38
12 34 38
14 33 39
12 32 37
12 33 37
13 34 37
13 33 38
11 33 38
12 33 36
12 33 37
