36 41 44
36 42 33
46 36 43
36 43 44
34 38 42
33 40 42
32 48 47
30 45 46
32 45 43
29 54 49
27 48 46
27 48 43
24 53 48
24 52 47
24 49 45
23 43 42
22 46 41
21 45 40
17 47 40
13 47 38
08 46 37
03 47 36
05 46 34
05 44 33
02 45 35
02 46 35
06 45 33
12 41 33
15 39 32
15 39 31
15 38 30
14 38 30
14 40 29
14 40 30
16 40 30
15 41 30
16 40 30
15 39 30
16 40 31
15 40 32
13 41 31
13 41 30
11 40 30
11 40 29
07 43 31
02 43 29
05 42 30
15 38 31
17 38 33
12 39 33
12 38 32
18 38 32
19 37 33
20 40 34
19 39 33
18 38 33
18 39 34
16 40 34
17 39 32
15 41 33
13 41 33
13 43 33
07 42 34
09 35 39
09 46 38
06 52 33
06 42 30
16 40 31
14 37 30
13 41 30
12 41 30
13 40 28
14 44 31
14 41 31
14 38 30
14 39 32
16 37 31
17 40 30
14 40 31
14 40 30
11 41 30
10 40 31
08 40 30
07 42 31
05 42 30
10 40 28
14 39 33
15 40 34
15 38 32
12 42 31
15 40 34
17 40 35
17 41 34
20 41 34
18 40 35
17 40 35
17 41 35
15 39 34
13 40 33
12 41 33
11 42 33
09 43 33
08 42 34
03 38 42
12 47 39
16 44 35
13 40 32
11 39 31
10 39 31
11 40 31
13 41 32
15 43 32
16 40 32
18 40 32
18 40 31
17 40 31
17 39 32
15 40 31
12 41 30
08 42 31
05 42 31
03 42 30
05 40 31
12 41 34
14 39 34
16 36 33
13 34 32
13 38 31
14 39 31
15 40 34
18 39 34
17 40 35
20 39 33
19 40 33
18 41 35
16 39 36
16 40 35
15 42 37
09 42 37
10 42 36
09 43 36
06 46 35
04 45 34
09 44 36
15 41 34
12 42 31
12 41 30
14 39 29
16 38 30
15 40 32
16 39 31
17 39 30
17 40 32
17 40 32
16 41 32
13 41 32
13 41 32
12 41 31
07 42 30
06 41 30
04 42 30
08 40 30
15 38 33
17 37 33
15 39 34
13 40 33
15 39 32
15 40 33
18 45 35
18 37 38
17 34 37
17 37 37
15 38 36
14 38 35
13 39 34
12 41 35
11 40 35
09 41 34
06 40 33
05 42 35
06 46 35
11 44 37
14 42 35
12 40 33
11 40 32
12 40 32
14 40 33
17 41 33
17 42 34
15 41 32
17 41 33
16 40 32
15 40 33
14 41 33
12 42 33
10 40 32
09 42 31
06 42 31
06 43 33
07 43 33
11 38 32
19 36 32
16 38 33
13 39 33
14 40 33
17 38 34
18 38 34
18 38 35
18 39 35
18 38 35
18 40 36
17 40 37
16 41 36
14 41 34
13 40 35
12 41 34
10 43 33
06 43 33
04 46 33
07 46 36
12 45 37
15 40 36
13 39 33
12 38 31
12 37 32
14 39 32
16 42 31
17 43 32
18 40 33
18 40 32
17 39 33
15 41 31
14 41 32
10 42 32
07 39 30
04 43 30
05 42 30
09 40 30
14 38 30
18 40 32
17 39 35
16 39 32
13 40 32
12 39 32
15 38 31
18 39 34
19 39 34
18 40 34
18 40 34
18 40 35
15 41 34
13 40 34
12 41 35
12 43 35
08 41 33
07 40 32
07 43 32
07 45 33
11 44 33
14 40 35
13 42 31
13 41 32
16 41 33
16 40 33
16 41 31
17 40 31
15 35 31
17 40 30
17 43 28
17 44 29
14 43 28
11 41 28
10 41 27
06 42 28
08 43 27
05 42 27
10 39 29
17 40 30
17 40 32
13 41 32
15 39 32
18 40 32
16 40 33
18 39 33
21 41 32
19 41 33
18 42 35
16 41 33
12 43 32
12 44 33
12 43 32
10 44 33
09 42 31
06 44 31
10 45 32
07 42 35
12 43 37
15 43 32
12 42 31
11 40 29
13 37 28
14 41 29
16 42 31
17 41 30
18 39 29
19 41 30
15 41 31
16 41 30
14 41 29
13 40 29
10 42 30
08 41 29
07 42 29
05 42 30
05 40 29
12 37 29
15 36 31
12 38 32
11 39 33
13 38 32
16 37 33
17 39 32
18 38 34
19 39 33
21 39 33
19 38 34
17 40 32
16 41 33
14 40 33
12 41 32
08 42 33
08 43 31
07 43 32
07 43 34
11 41 33
11 39 32
10 36 30
11 34 30
14 36 30
16 38 31
15 40 30
17 40 30
17 40 30
15 40 30
18 40 29
17 41 29
16 40 30
13 41 30
14 40 30
11 41 29
09 41 30
07 43 30
05 43 29
06 44 29
16 39 29
17 37 29
13 41 31
13 39 31
14 39 26
12 39 29
15 37 32
14 40 33
14 40 32
15 40 33
17 42 33
17 42 33
17 41 33
17 43 33
18 45 34
16 46 34
14 53 37
15 55 38
16 56 38
17 56 39
20 57 39
22 54 37
24 53 37
27 53 38
28 48 37
30 48 37
31 47 41
33 46 40
36 48 37
39 51 40
40 48 41
41 47 38
41 47 40
42 46 40
42 44 41
43 38 42
42 35 44
41 39 48
42 37 51
40 37 50
41 38 50
42 38 53
42 37 53
41 35 49
43 37 50
41 37 53
42 37 51
42 36 50
42 37 49
43 38 51
41 37 49
41 37 50
42 36 52
42 36 52
42 37 50
42 36 52
42 36 51
41 35 49
42 37 51
42 38 54
43 36 50
42 37 50
42 34 51
42 35 50
41 35 51
