13 35 36
13 35 36
12 36 36
12 36 36
12 37 36
13 36 36
11 36 37
14 35 35
12 38 37
13 37 37
13 38 38
11 38 38
13 38 37
12 38 38
12 39 38
14 39 38
14 39 37
15 38 38
15 39 37
14 39 37
15 40 38
13 39 38
11 39 38
08 40 38
03 42 36
01 41 35
06 41 36
11 40 35
11 39 36
12 39 35
13 37 35
16 39 35
16 36 34
17 37 34
19 36 33
17 37 33
15 35 32
15 36 32
12 36 31
09 36 32
06 38 32
03 37 32
02 35 32
06 36 33
12 36 36
10 34 36
12 34 35
14 36 35
16 35 36
19 35 36
20 36 36
21 36 36
21 37 37
20 37 37
17 40 37
16 40 37
13 40 37
09 41 39
10 40 38
04 41 38
00 41 36
02 41 36
09 39 38
12 38 35
12 38 35
12 36 34
14 38 34
15 39 33
15 37 33
17 37 33
19 38 33
18 36 34
18 37 34
17 39 34
13 38 33
11 38 33
06 38 33
06 39 34
04 37 36
03 36 33
06 39 34
14 38 36
13 36 37
14 36 36
15 36 36
15 37 36
16 38 36
18 37 36
20 37 37
21 39 36
19 37 37
18 38 36
14 38 36
13 39 35
12 38 38
10 38 36
07 39 37
03 40 35
02 40 35
10 40 35
12 41 35
12 39 33
13 39 33
13 39 33
14 39 33
15 39 34
18 38 34
18 37 34
19 36 33
19 38 33
17 39 34
13 38 32
09 39 32
05 41 32
04 40 33
04 38 33
04 38 33
04 38 34
11 38 35
12 37 36
11 36 36
15 37 35
17 37 36
18 36 35
19 35 35
21 35 37
19 35 35
19 37 36
17 37 36
14 39 36
12 38 36
12 39 37
09 39 36
06 39 36
01 41 34
02 40 35
10 37 34
11 36 33
11 37 32
12 38 31
13 36 32
15 36 32
17 37 32
18 37 33
17 39 34
18 39 34
17 39 34
16 39 35
11 38 36
09 39 33
07 40 33
03 38 33
01 37 32
03 38 33
10 36 35
13 34 35
13 34 33
14 35 33
17 35 35
17 36 34
19 36 34
21 36 34
21 35 35
21 35 35
18 37 36
16 37 36
13 38 36
13 37 37
10 38 38
09 38 38
06 38 37
01 38 36
01 40 34
08 40 36
11 39 36
11 36 35
11 37 33
14 37 34
14 37 34
17 35 32
18 36 35
19 35 33
19 34 33
17 36 34
15 38 33
10 37 32
09 38 34
05 39 33
06 38 35
04 36 34
02 38 34
06 37 35
12 34 36
12 34 36
14 34 35
16 36 36
17 34 36
19 34 35
21 34 35
21 36 34
20 37 36
18 36 35
15 38 35
13 36 34
15 37 37
13 40 37
11 38 38
10 37 39
09 38 38
03 39 37
00 39 36
03 40 35
10 39 37
10 37 36
12 37 34
14 37 34
14 38 34
15 38 34
17 38 33
18 38 33
19 36 34
18 38 34
17 37 33
15 36 33
14 36 34
11 37 34
07 38 32
06 38 34
05 37 35
02 37 33
02 36 35
07 35 35
11 34 37
11 34 34
14 34 35
16 34 36
18 33 35
20 35 35
21 35 37
21 35 36
19 36 36
18 37 37
16 38 37
15 37 37
15 37 37
12 39 38
13 38 39
12 37 38
09 39 36
05 38 37
02 39 35
04 39 34
09 38 35
11 38 34
13 38 34
14 38 35
13 38 33
15 39 33
17 38 36
18 39 35
17 37 35
18 39 35
16 37 34
15 40 34
12 41 34
10 40 33
13 40 33
15 40 34
16 39 33
13 40 34
13 40 35
10 39 34
08 39 33
10 38 33
10 39 35
12 39 36
13 39 36
15 37 37
15 38 37
15 39 37
14 38 37
11 39 35
12 39 36
14 39 37
16 38 38
14 38 37
15 38 37
