40 37 46
40 37 33
39 39 45
40 39 45
40 39 41
36 40 41
34 44 44
29 40 42
26 47 43
24 45 46
22 42 46
13 54 54
12 45 48
11 43 49
06 46 51
04 44 45
02 47 44
06 43 42
11 42 39
13 39 35
10 42 36
10 41 33
10 44 31
14 44 30
13 37 28
16 35 31
18 35 31
15 36 32
13 38 31
09 38 33
06 35 31
02 36 31
01 38 31
05 36 31
15 36 33
19 36 36
17 38 37
15 37 37
17 35 37
16 34 36
15 36 39
16 36 37
17 35 37
14 37 38
14 36 37
15 35 39
12 37 43
12 40 42
09 39 37
10 36 36
09 38 36
11 38 36
13 39 35
12 40 36
12 36 34
12 34 34
12 35 36
13 31 33
14 34 34
14 41 35
13 38 37
11 35 37
04 37 34
03 36 34
03 34 35
10 32 34
16 34 32
19 32 34
13 32 34
15 34 34
14 36 34
12 35 36
15 35 35
15 36 36
17 36 37
16 36 38
14 35 37
14 37 37
14 37 37
11 36 35
09 37 37
04 37 36
06 37 35
07 35 32
08 35 33
11 37 33
13 36 33
14 35 32
16 35 31
15 35 31
17 35 31
17 37 32
14 36 32
13 37 30
08 36 27
07 33 28
08 35 28
05 36 30
03 37 30
06 36 31
14 31 31
16 33 32
13 35 35
11 35 34
13 34 33
15 36 34
18 34 34
18 34 35
18 35 34
15 34 35
12 35 33
11 35 36
08 35 36
06 33 35
05 37 35
05 41 42
08 41 40
13 39 37
10 37 34
11 36 32
13 34 32
17 33 33
17 29 32
19 33 31
18 35 32
14 36 31
15 34 31
11 35 33
06 35 33
04 34 31
06 31 30
08 31 29
08 32 27
14 33 30
12 34 33
09 34 32
11 34 34
13 35 33
17 37 34
17 37 36
18 38 35
17 37 37
17 37 36
16 36 36
13 36 35
12 36 35
09 37 34
07 36 37
04 37 38
07 36 38
08 38 36
09 38 34
10 36 32
13 36 32
14 36 33
15 37 33
16 36 32
17 36 33
16 36 34
14 36 33
14 36 33
12 35 32
08 37 33
05 36 33
05 35 32
04 35 31
02 35 31
09 31 31
17 32 32
13 34 34
12 33 32
14 34 32
16 36 34
14 38 36
17 36 35
19 37 38
18 35 38
17 34 37
16 35 34
17 35 37
15 35 40
12 35 39
07 36 32
00 36 38
01 34 41
04 34 38
09 36 39
10 33 37
12 34 35
14 33 33
15 33 34
17 34 34
17 36 34
17 34 33
18 35 32
15 35 32
12 36 32
07 33 29
06 34 31
05 33 33
05 33 32
05 33 34
09 33 32
16 32 34
15 31 34
11 32 34
11 34 34
16 31 35
15 31 34
19 31 35
20 31 33
18 31 35
17 32 35
14 31 38
10 31 38
07 31 35
09 30 37
08 32 37
04 33 36
02 35 36
07 34 35
13 34 34
13 34 32
13 34 32
16 33 31
13 35 34
13 36 36
13 33 36
15 32 35
17 34 36
19 35 35
16 34 35
13 35 34
09 35 34
08 35 34
07 34 33
02 36 33
00 36 32
03 35 33
11 35 33
14 34 35
12 33 34
12 30 32
15 31 32
16 33 34
15 35 36
16 33 34
17 35 36
17 34 37
17 36 37
17 34 38
12 31 39
12 32 40
11 34 39
10 37 38
04 38 37
01 39 37
04 35 34
11 37 38
12 38 38
11 36 35
13 35 35
15 36 34
18 36 34
19 37 34
20 36 33
19 37 33
19 37 34
16 36 34
13 36 34
07 37 35
06 35 34
03 38 35
01 38 35
00 37 36
03 36 33
12 33 33
18 33 34
14 33 35
12 33 33
12 34 33
16 33 34
18 35 35
20 34 34
19 34 35
18 36 36
16 35 36
13 34 34
12 35 35
10 36 35
11 33 38
12 34 37
10 35 38
12 37 35
09 37 35
03 38 36
05 38 36
08 37 32
10 36 32
09 35 33
12 36 31
12 37 33
13 38 33
15 37 32
16 37 31
15 39 31
16 37 30
15 37 30
15 38 31
14 36 33
12 36 33
10 36 33
09 37 33
06 37 33
04 37 32
05 36 33
07 36 31
13 35 32
15 34 33
13 36 34
12 36 34
12 36 35
11 35 35
09 36 35
08 38 35
09 41 36
09 41 36
11 44 38
14 46 38
15 46 40
17 47 41
20 45 43
23 45 43
24 43 42
30 41 42
30 42 44
33 42 46
34 45 45
36 43 47
37 42 47
37 40 43
37 38 45
38 38 47
38 37 47
41 36 49
37 35 50
38 35 52
38 36 53
39 33 52
41 33 53
40 33 52
40 33 51
41 33 51
42 34 51
41 33 51
42 34 51
42 34 51
40 35 51
40 34 52
41 34 52
39 35 52
40 35 52
40 35 53
40 34 51
41 34 51
40 34 51
40 33 51
40 33 51
41 35 52
41 35 51
40 35 52
40 34 50
42 35 52
41 36 53
40 34 52
40 35 51
39 35 52
40 35 53
