31 38 52
31 38 52
32 39 53
30 39 53
31 38 51
30 40 51
31 39 52
31 39 50
32 40 50
32 41 49
33 41 49
33 42 49
33 43 49
34 43 49
34 45 49
34 47 48
34 48 47
32 48 47
32 50 45
30 50 45
27 50 43
27 51 43
26 50 42
29 50 41
27 50 40
24 49 40
24 49 39
24 51 38
24 49 40
26 48 40
25 48 39
24 47 41
24 48 41
22 46 42
22 49 43
22 46 43
22 45 43
19 44 41
17 42 42
14 42 42
09 49 40
06 50 37
09 44 38
09 45 33
09 44 32
09 41 30
11 40 30
11 37 29
13 35 28
13 34 30
13 37 30
14 39 31
16 41 31
15 41 31
15 39 32
14 39 32
13 38 30
10 38 31
11 38 31
10 39 31
09 40 31
07 40 33
12 39 36
17 41 36
13 44 38
10 42 37
11 41 37
12 39 36
11 39 36
15 39 37
14 43 37
15 44 38
16 45 37
18 43 38
18 44 38
20 45 38
21 45 38
22 46 37
20 48 37
20 51 36
16 50 35
14 51 35
10 54 34
10 52 34
15 49 33
15 50 32
13 49 31
15 45 29
17 44 30
18 44 32
20 44 33
20 44 32
22 44 32
21 45 32
20 46 32
20 45 33
16 47 33
13 48 33
09 53 34
10 52 35
08 55 37
09 55 37
14 49 37
18 44 37
16 47 38
14 48 38
17 43 38
20 43 38
21 45 39
23 44 39
25 43 39
26 45 38
26 43 39
27 45 39
27 49 41
27 53 41
27 53 42
29 53 43
29 55 43
28 59 43
25 60 43
26 55 41
29 53 39
29 53 39
29 52 38
32 51 36
31 50 37
33 48 36
35 46 35
35 45 36
35 46 36
35 46 37
35 48 38
38 49 41
38 55 42
39 58 44
39 57 47
40 60 49
41 57 50
41 56 52
41 55 51
40 52 52
39 47 52
39 44 48
40 44 49
40 40 50
40 37 49
40 35 47
42 35 47
41 36 43
42 37 41
43 37 42
44 33 41
46 35 40
47 33 41
46 33 45
47 31 46
47 32 49
46 30 49
47 31 48
49 31 47
52 35 47
51 27 45
49 33 46
47 27 39
44 24 41
44 43 41
47 48 35
45 33 42
52 34 46
53 32 44
50 36 45
48 36 44
49 35 45
50 39 46
48 41 46
47 39 46
48 40 45
50 38 49
48 40 46
49 42 45
46 42 45
46 41 46
47 44 44
48 41 46
46 40 46
45 42 45
41 45 45
42 44 46
42 44 45
42 43 45
41 45 45
36 49 45
38 45 46
38 46 44
37 49 44
37 47 44
37 47 44
40 49 45
39 48 45
38 47 46
36 50 48
38 49 45
36 47 44
38 53 46
36 55 48
32 51 46
33 47 47
34 45 47
34 49 45
31 48 45
31 48 45
28 49 46
28 51 45
28 53 43
26 54 40
24 55 45
27 59 47
31 57 51
35 56 53
38 50 53
39 48 51
43 49 50
44 44 47
44 42 46
43 42 42
43 40 40
41 37 40
38 37 40
38 32 39
39 35 46
43 39 45
45 42 44
44 41 38
42 44 39
37 52 40
40 56 40
40 45 49
40 47 48
36 50 39
39 47 42
42 48 43
39 48 39
42 50 41
42 48 40
41 50 42
40 50 43
40 50 42
39 51 42
40 53 40
39 54 41
40 53 40
39 52 43
34 52 43
36 52 42
34 51 39
37 53 40
36 52 37
32 50 37
31 50 36
32 50 38
31 50 38
31 51 37
30 50 36
29 51 35
29 53 38
26 55 38
25 53 31
19 54 19
25 57 29
26 53 32
26 61 34
30 62 36
33 62 41
35 57 49
34 58 50
34 54 47
35 51 46
36 52 48
36 54 48
39 54 47
37 51 48
37 50 48
37 49 46
37 45 46
39 42 45
41 40 44
41 40 46
36 41 44
30 40 45
25 40 44
22 41 42
19 42 41
19 43 36
24 48 38
26 42 45
28 61 58
35 39 51
38 44 46
39 52 47
34 48 46
33 44 46
34 47 46
34 46 47
34 46 47
35 46 45
35 48 48
34 47 47
35 48 47
37 48 46
37 46 48
36 47 48
35 48 50
38 51 49
35 49 49
33 44 49
35 48 47
31 48 49
29 46 48
30 47 45
30 49 46
28 48 48
28 45 45
27 46 45
27 49 45
25 48 44
26 46 44
28 47 44
31 51 48
32 52 50
32 53 52
35 54 52
36 53 52
36 52 49
37 51 50
39 51 51
38 49 53
38 48 52
40 47 51
41 44 52
41 44 50
40 43 50
41 42 48
36 43 47
34 50 47
31 47 43
31 42 37
30 40 33
31 38 25
21 46 44
25 46 36
44 50 44
62 59 29
47 50 40
38 51 43
44 50 39
42 52 40
48 51 34
41 53 37
42 48 38
41 50 40
42 51 39
39 52 39
39 51 46
38 53 40
36 52 40
36 53 37
36 55 26
33 52 28
38 45 39
45 47 43
52 47 47
58 43 49
55 42 49
54 42 50
52 44 55
52 44 54
51 46 54
47 52 60
43 47 62
43 38 56
42 35 49
39 31 48
38 33 48
36 35 47
32 31 42
27 32 43
25 30 43
24 35 39
12 49 32
33 25 50
44 15 61
47 39 53
41 38 52
40 28 52
39 35 48
40 34 53
44 33 54
40 33 52
42 35 54
41 33 52
40 35 52
41 33 52
40 33 52
37 34 54
38 35 53
36 33 51
35 33 53
37 34 56
36 36 50
33 37 51
32 35 55
33 32 52
32 37 50
33 37 50
33 35 54
31 36 57
32 32 57
32 34 55
31 34 57
31 34 56
29 31 60
29 34 56
31 30 48
32 38 48
29 41 51
28 35 52
28 37 50
25 40 49
25 40 47
23 39 45
25 39 45
26 40 45
26 41 44
26 42 44
25 44 46
25 46 47
22 47 48
22 49 50
20 51 49
20 53 49
18 53 51
18 53 51
19 52 51
20 46 47
22 46 46
21 48 47
21 46 44
23 43 43
25 43 44
26 43 42
27 43 41
28 42 43
30 44 43
32 43 43
32 42 44
33 43 47
34 43 48
34 41 47
34 41 49
35 40 49
35 39 49
34 41 52
35 45 51
37 44 54
36 45 54
34 46 56
30 43 53
31 42 49
31 42 50
32 41 49
32 43 49
32 44 50
30 43 49
30 42 49
32 44 51
31 42 49
32 40 50
33 41 53
32 40 53
32 38 51
32 40 52
31 39 53
34 38 51
34 39 52
34 37 51
34 38 50
35 39 50
35 38 53
33 38 52
33 38 52
33 38 53
34 37 53
31 42 56
29 42 55
30 42 55
31 39 54
29 37 51
30 39 50
29 40 51
29 38 51
30 38 51
32 35 51
30 36 52
29 37 52
30 38 52
30 39 52
31 39 52
29 37 52
31 38 50
30 35 51
30 38 51
31 36 53
29 37 52
31 37 53
30 36 52
30 36 53
31 37 53
30 37 52
31 37 52
29 36 52
30 38 52
30 38 52
30 36 51
30 35 52
30 37 54
31 38 53
30 38 53
30 38 52
29 36 52
