36 36 51
36 36 51
37 35 52
37 36 51
36 35 49
36 41 51
38 39 49
37 39 45
38 37 46
36 40 47
35 36 42
33 39 43
30 44 46
30 38 40
22 53 50
19 51 50
22 43 43
15 46 45
13 48 45
13 44 42
13 41 43
10 41 41
07 43 40
05 42 40
03 41 40
01 41 41
03 43 39
09 38 37
08 38 35
09 36 33
11 38 33
11 37 32
12 37 31
17 37 32
16 37 32
16 37 32
16 37 32
14 38 31
15 36 30
14 37 32
11 38 33
09 38 32
07 38 32
05 37 33
01 37 33
02 36 30
08 34 31
16 35 34
15 37 36
13 35 34
15 37 33
15 35 35
17 35 34
14 38 35
19 36 36
18 36 35
19 37 36
15 38 36
13 37 36
10 37 36
09 37 36
08 38 36
04 38 36
01 37 38
04 37 37
10 36 35
08 35 31
09 34 30
11 34 31
15 36 30
17 36 31
18 36 31
22 37 32
22 37 34
22 38 34
18 36 34
17 37 33
12 37 32
06 37 32
04 36 30
01 38 33
00 36 32
03 34 31
11 32 33
14 30 33
10 31 31
08 31 31
10 31 31
11 32 31
12 32 31
10 33 29
12 33 30
14 38 32
11 39 34
12 42 34
11 53 38
14 49 33
15 51 29
14 51 28
16 46 29
14 49 29
11 44 29
15 38 25
16 44 29
19 23 26
20 31 19
23 37 22
22 32 23
19 35 23
23 30 20
23 45 14
27 39 19
24 32 24
26 26 29
31 32 21
27 30 13
11 32 17
00 41 04
00 45 03
04 35 06
00 26 15
00 36 07
09 34 24
26 39 30
38 27 23
34 27 26
30 35 21
19 33 26
20 38 28
22 43 23
16 33 22
11 38 21
10 41 14
09 40 17
05 40 15
08 39 11
06 45 22
07 36 23
13 39 18
21 46 22
18 39 37
21 31 36
26 41 26
24 35 23
31 25 25
31 34 30
19 45 34
14 45 25
21 38 27
10 41 30
08 42 29
12 41 32
06 38 33
07 38 35
07 41 38
05 38 37
04 37 36
01 39 36
00 35 34
01 33 33
03 33 33
13 30 33
18 31 35
16 34 37
12 33 36
13 32 33
13 32 34
15 32 32
15 34 33
18 35 34
17 36 33
18 37 35
17 36 36
15 33 37
15 36 36
14 39 35
12 39 33
09 38 34
08 40 36
05 42 38
03 39 40
08 38 36
09 38 35
09 37 35
09 35 33
11 35 33
13 36 33
15 36 33
16 36 33
18 37 33
17 38 35
16 35 34
15 37 34
16 36 33
15 37 34
14 37 34
10 36 33
10 34 31
03 38 33
00 40 35
04 38 31
14 36 34
17 36 35
11 37 35
06 36 27
14 35 34
14 35 37
11 37 33
14 38 34
17 34 36
16 36 35
15 36 35
14 36 36
14 36 35
14 37 36
12 35 37
10 34 36
09 36 34
07 36 34
08 38 33
03 38 36
07 38 37
12 38 34
12 37 33
11 38 34
12 36 33
14 37 34
16 37 33
16 38 33
15 36 33
16 37 33
17 38 33
16 37 34
14 37 33
13 36 33
10 36 32
08 37 34
08 37 34
04 36 31
03 39 35
04 37 35
09 34 33
16 34 33
17 34 36
14 33 35
14 34 34
17 35 34
18 34 35
17 34 35
17 34 34
19 34 34
17 35 34
18 34 33
18 36 35
13 39 38
09 35 38
06 34 36
06 32 38
05 35 39
03 38 37
01 44 39
06 40 36
12 38 34
13 38 35
11 36 34
13 37 33
14 37 33
15 37 32
15 36 33
16 36 34
15 37 33
15 37 32
15 38 33
17 37 33
15 38 35
13 36 33
07 35 34
06 36 34
03 36 34
02 36 33
02 37 32
05 36 33
14 34 35
16 34 38
14 33 36
12 33 34
15 32 33
17 31 35
16 35 33
17 35 35
18 35 35
18 34 35
17 36 34
16 35 36
13 37 38
10 36 37
06 34 38
02 34 36
03 33 36
03 34 38
07 36 37
12 39 37
14 36 34
14 35 32
13 36 30
17 36 31
17 35 32
16 35 33
15 35 32
16 35 33
15 37 34
15 36 34
12 36 35
11 36 34
09 36 33
05 36 33
04 33 30
05 37 31
02 36 33
05 34 30
12 34 31
17 33 32
15 34 32
14 33 32
14 34 33
16 34 35
18 34 35
18 34 34
18 34 35
18 33 35
18 34 35
15 34 34
15 35 36
12 35 35
09 35 35
07 29 36
06 31 36
08 33 35
05 35 35
02 38 35
06 37 34
09 36 32
15 35 32
14 36 31
12 35 31
14 37 30
16 37 30
16 37 31
17 37 32
16 36 31
16 36 32
15 38 33
14 36 34
14 36 32
13 36 32
13 36 32
11 37 32
09 37 32
07 37 31
05 37 31
04 37 31
03 37 30
01 36 29
09 36 30
13 36 32
11 34 32
10 36 31
11 36 32
12 38 33
13 41 34
13 41 35
12 44 37
12 44 38
14 46 38
16 46 41
17 42 40
22 46 41
24 49 43
28 41 41
32 46 42
32 49 43
33 44 39
33 43 41
37 42 43
38 44 41
38 40 44
37 35 45
37 36 50
35 40 52
36 38 53
40 37 54
39 35 54
39 35 52
40 35 52
40 35 52
41 34 52
42 36 53
39 36 52
41 34 52
40 34 51
39 34 52
39 34 52
41 35 52
41 35 52
41 35 52
40 35 52
41 35 51
40 35 51
42 35 51
42 34 52
41 34 52
40 36 52
41 35 52
40 34 50
40 35 52
42 35 52
41 35 50
40 35 52
40 33 52
41 36 52
41 35 51
40 34 51
40 35 51
41 34 52
41 34 52
40 35 51
41 36 52
42 35 50
39 34 52
40 35 52
40 34 51
40 35 52
39 35 52
39 33 48
40 37 54
41 35 53
41 35 50
41 35 52
40 34 49
41 35 52
