14 39 34
14 33 34
14 38 34
15 39 33
13 40 33
14 40 34
14 40 34
12 39 34
13 40 34
12 38 34
13 37 35
12 37 35
13 38 33
12 38 34
12 38 34
13 38 34
12 38 34
14 37 34
13 39 35
14 40 35
14 40 35
14 40 35
14 40 34
14 41 34
13 40 34
12 41 34
13 40 35
12 41 33
13 39 33
12 39 34
14 39 34
13 38 32
12 40 33
12 40 34
13 40 34
13 40 34
13 40 35
13 39 35
13 39 34
14 40 34
13 40 34
14 39 34
12 41 34
13 41 34
11 40 34
12 39 34
12 39 35
12 39 34
11 38 35
11 37 34
12 37 35
13 36 35
12 38 35
13 35 35
15 36 36
15 37 36
13 36 35
13 39 37
11 37 36
14 39 36
13 39 37
14 38 37
14 39 37
16 39 36
16 39 37
15 39 37
15 39 38
15 39 37
14 39 38
12 40 37
10 39 37
09 39 37
08 41 37
05 40 36
05 40 37
04 38 36
07 40 37
11 40 36
13 39 36
16 37 36
16 37 34
15 39 34
16 39 33
17 36 32
19 36 33
20 37 33
20 38 33
18 38 33
16 37 33
13 38 32
11 40 33
08 39 33
05 39 34
02 39 33
01 37 33
05 37 34
08 37 37
12 37 35
16 35 35
16 36 35
15 39 36
16 38 36
17 37 36
18 38 35
18 39 35
19 40 36
19 37 36
19 37 37
16 38 37
14 39 36
12 40 35
10 41 36
08 41 36
06 42 35
03 42 35
02 43 35
05 41 35
12 40 36
16 39 34
14 39 34
15 38 34
16 36 33
18 37 32
19 37 32
19 39 33
20 39 32
20 39 33
19 38 32
17 39 32
13 39 32
13 39 32
11 40 31
08 39 31
10 39 32
09 40 33
09 40 34
05 39 34
04 40 34
05 40 35
06 39 35
10 37 34
16 37 34
15 38 34
16 39 35
16 38 34
17 38 34
18 38 35
18 39 34
17 41 35
16 39 33
17 39 34
15 40 35
14 40 35
14 39 35
12 38 35
12 39 36
10 38 34
10 38 34
09 39 35
07 39 34
05 40 34
08 40 33
11 41 33
14 40 33
14 40 32
13 39 32
12 38 33
12 39 33
15 40 32
17 39 33
18 39 33
18 40 33
19 37 33
19 38 33
15 37 32
13 38 32
10 39 30
07 40 30
07 42 32
07 40 33
05 39 33
05 38 32
05 38 33
07 37 32
11 37 31
16 37 32
17 37 33
18 36 34
16 37 33
18 37 34
19 37 33
20 36 33
19 37 33
19 37 34
20 39 35
16 40 36
13 42 35
10 44 32
09 45 31
08 43 33
07 44 32
04 44 29
04 46 29
11 46 31
15 40 34
16 37 34
14 38 32
15 39 31
16 37 30
20 37 30
20 36 31
19 37 31
21 37 30
17 39 31
14 38 31
11 38 31
07 38 31
06 40 32
04 38 32
05 38 31
04 39 33
03 40 33
07 37 34
15 33 34
18 34 33
15 36 33
15 38 33
19 37 34
20 37 35
20 38 34
19 39 33
18 38 33
17 38 33
17 38 34
14 39 34
12 40 34
11 39 34
10 39 34
09 41 34
11 41 34
06 40 33
05 40 34
03 43 32
02 44 32
08 40 32
14 38 32
15 38 33
12 37 33
12 37 34
17 35 31
19 36 31
20 35 31
21 36 31
20 37 31
17 36 31
14 37 31
11 37 32
09 37 32
05 39 32
06 38 32
06 37 32
05 37 32
03 36 32
08 37 34
13 36 33
16 33 33
16 35 33
15 35 33
15 34 35
16 35 35
17 36 35
17 36 35
17 37 34
18 36 35
17 37 35
17 35 35
15 36 37
14 39 36
11 39 35
09 40 35
09 39 36
08 39 34
07 40 34
07 42 34
07 41 34
09 40 33
11 39 35
14 38 34
14 38 33
13 38 33
13 36 32
11 38 32
13 38 31
13 38 33
14 38 32
14 39 33
16 36 33
20 35 32
20 34 30
18 35 31
15 38 32
12 37 32
12 38 34
09 36 34
07 38 33
08 38 33
11 37 35
14 36 34
14 37 35
14 37 35
14 37 35
14 37 36
14 37 36
12 38 37
11 40 38
13 40 37
15 39 38
16 39 39
17 39 38
14 38 38
15 39 37
11 39 37
09 40 37
09 40 35
11 39 34
13 38 35
14 38 35
14 37 33
14 39 32
15 39 32
12 37 33
12 38 32
12 39 33
11 38 34
11 39 34
11 37 34
10 37 35
11 38 34
13 38 33
14 39 34
15 39 34
15 40 34
14 39 33
12 40 35
12 38 34
13 38 35
14 38 35
14 38 34
14 39 33
13 39 35
14 39 35
10 41 35
10 41 36
13 39 35
14 39 36
13 39 36
13 38 36
15 39 36
13 38 36
13 38 36
13 38 36
15 39 35
13 38 35
15 40 34
15 40 34
14 41 34
13 40 34
11 40 35
10 41 35
11 41 33
13 41 32
14 42 33
15 42 32
16 41 33
15 40 34
15 40 33
14 41 33
12 42 33
11 41 33
12 41 34
12 42 34
12 41 34
14 41 34
13 39 33
13 40 34
13 38 33
14 39 34
13 39 34
14 38 33
14 41 34
13 39 33
13 39 34
14 39 33
14 40 34
14 39 34
13 39 33
13 40 34
14 39 33
13 41 34
14 39 34
13 39 34
14 40 34
13 40 34
13 40 33
13 40 33
13 40 34
13 40 34
12 41 34
13 40 34
14 41 34
13 39 34
13 40 34
13 41 34
13 40 33
14 41 33
13 41 33
13 41 33
11 40 33
12 41 33
12 40 33
12 40 33
12 40 33
12 40 33
12 39 33
13 39 33
12 38 33
13 38 33
13 38 33
13 38 33
13 38 33
13 38 32
12 38 33
13 39 34
12 39 33
12 39 34
12 40 33
12 40 34
12 39 34
