13 41 36
13 41 36
13 37 33
11 38 35
13 37 36
15 38 35
14 39 35
13 37 34
13 38 35
13 37 37
14 38 37
13 37 38
11 39 38
12 39 38
11 38 36
13 39 38
15 37 37
16 38 37
16 38 37
16 36 37
16 38 37
15 38 37
14 38 37
13 38 36
11 37 38
08 40 36
01 39 35
00 38 35
01 39 34
07 39 35
11 38 35
12 37 34
15 36 32
17 37 34
17 37 33
18 37 33
20 37 33
19 37 33
19 37 32
18 38 33
16 37 33
15 36 33
13 39 33
08 37 32
08 38 33
05 39 35
03 37 32
02 39 32
08 36 34
15 34 35
14 36 36
14 34 36
17 34 35
17 36 36
19 37 36
20 36 35
20 35 35
21 36 36
19 37 36
17 37 37
15 38 36
13 38 37
11 39 38
10 39 37
03 39 35
00 39 34
02 41 35
07 41 35
09 40 34
11 37 34
13 38 33
13 32 30
14 30 31
16 35 33
18 40 34
20 40 33
19 37 34
17 35 32
15 37 32
11 39 33
07 40 31
07 39 32
04 38 32
02 37 32
04 37 32
13 37 35
13 36 37
12 36 36
13 35 34
14 35 35
16 37 36
17 38 38
18 37 37
20 36 36
19 36 35
18 37 33
17 37 33
16 38 34
14 38 36
13 40 35
11 39 36
09 40 37
06 40 36
00 39 35
01 38 34
08 40 34
10 40 35
12 37 34
13 36 33
12 38 33
13 37 33
15 35 33
17 38 34
18 39 34
18 38 33
18 36 33
15 39 33
12 38 31
11 40 31
08 39 32
06 41 32
04 37 35
02 38 33
02 37 33
09 37 34
13 36 36
13 34 36
14 33 35
14 35 35
17 37 35
19 36 34
20 36 36
20 35 35
20 37 36
18 38 37
15 38 37
14 38 37
13 38 37
12 39 39
12 37 38
11 38 38
08 37 38
04 40 35
01 39 35
07 39 36
13 39 36
13 37 36
13 38 34
16 36 34
15 37 34
17 38 34
18 38 35
18 37 34
18 38 35
18 36 34
16 39 34
14 38 35
11 38 34
08 38 35
05 39 35
06 39 36
04 38 34
03 38 35
11 35 36
13 36 36
13 36 36
15 34 36
15 36 37
16 37 37
17 36 36
19 36 36
19 36 36
19 37 37
19 38 36
17 37 36
16 37 37
14 36 37
14 37 38
11 38 38
06 39 38
02 39 37
00 40 36
08 38 37
13 39 36
12 38 35
13 36 35
14 38 34
16 38 34
15 37 33
17 38 34
17 38 34
19 37 34
19 36 34
17 38 33
16 36 34
12 38 33
08 37 33
07 37 33
05 36 35
03 36 33
02 39 34
06 38 35
12 35 37
14 34 37
13 35 36
15 35 36
17 34 36
17 36 35
18 35 35
20 36 36
18 36 36
17 37 38
16 37 38
15 36 39
15 36 37
13 38 37
13 39 38
13 38 38
13 37 39
12 37 37
08 38 37
06 38 35
05 38 34
06 38 34
10 38 35
13 37 33
15 35 34
14 36 33
14 37 33
15 38 32
13 39 32
16 38 34
16 38 35
17 37 34
18 37 33
16 37 34
13 38 33
11 39 32
09 40 33
05 40 34
05 39 35
06 38 34
02 39 33
04 37 34
12 36 36
12 35 35
11 35 35
11 33 34
15 36 34
19 35 35
22 34 35
24 33 35
23 33 37
21 35 35
17 35 35
13 38 35
09 37 35
11 36 36
14 36 36
16 36 37
17 36 37
15 35 37
13 35 36
10 37 36
04 38 36
01 37 35
10 38 35
15 37 36
17 35 36
16 34 36
15 35 35
11 36 34
10 37 32
09 37 32
11 38 33
12 37 33
11 36 33
13 36 33
13 37 33
12 37 34
