23 41 50
20 42 49
21 40 48
23 37 46
21 37 49
19 37 49
16 36 48
18 35 48
15 38 46
17 37 44
10 38 47
03 40 42
04 38 37
06 35 37
07 36 38
09 37 37
09 37 35
09 34 34
11 35 34
13 34 33
14 35 32
16 36 32
16 37 33
17 36 33
13 36 34
10 35 32
09 34 31
05 35 32
02 35 32
03 33 33
10 32 34
14 33 33
14 34 37
12 34 36
14 32 35
16 32 36
17 33 37
16 33 36
18 34 36
18 34 36
18 35 38
17 34 36
15 35 37
12 34 37
12 34 38
10 35 37
10 34 36
06 36 37
06 35 37
04 35 37
06 34 38
10 35 36
11 36 36
09 34 36
10 34 35
12 35 34
13 36 35
13 36 35
15 35 34
16 36 32
16 35 33
17 37 33
16 35 32
16 35 33
16 36 32
12 35 33
10 35 33
08 36 34
06 35 33
04 35 33
02 34 32
04 33 33
09 33 34
12 32 35
13 33 34
11 31 35
12 31 33
13 30 34
15 33 35
14 34 35
16 34 35
17 35 36
17 35 36
16 35 37
15 34 36
16 35 37
15 36 36
13 35 37
12 34 38
12 34 38
09 35 37
08 36 37
03 34 36
03 35 36
04 35 35
08 36 37
10 35 36
10 34 35
11 34 34
13 35 34
13 35 34
15 34 33
14 35 33
16 35 33
15 35 33
16 33 33
15 34 32
14 35 32
13 36 33
12 35 32
10 36 33
09 35 35
06 36 35
04 35 35
01 34 33
00 33 33
04 31 33
11 31 33
16 31 33
13 32 33
12 31 34
15 32 33
16 32 34
16 33 36
16 33 35
18 35 37
17 34 37
17 33 36
15 34 36
14 35 37
13 34 38
14 34 37
11 34 36
11 36 38
12 35 38
09 34 38
06 35 37
03 36 37
02 35 38
06 36 37
09 34 37
09 34 33
11 33 35
13 33 34
13 35 35
13 35 33
14 35 33
13 34 34
17 37 33
15 35 33
16 34 33
14 35 33
12 35 34
11 34 32
10 35 33
07 36 34
05 35 33
05 33 31
02 33 32
06 30 31
15 30 31
16 32 35
11 33 35
11 32 34
14 31 35
14 30 36
16 30 35
16 31 34
17 33 35
15 33 36
16 33 35
15 34 35
12 34 36
14 32 38
13 34 38
12 32 37
13 31 37
13 34 39
12 33 39
09 33 39
08 33 37
04 32 36
01 31 35
04 36 38
10 34 37
12 33 37
11 34 35
13 34 34
14 34 35
15 33 36
16 33 35
17 35 35
17 35 35
15 35 36
13 33 36
12 34 33
10 33 34
10 34 35
07 33 35
08 34 34
07 36 35
07 35 35
02 36 33
03 32 32
10 33 33
16 32 34
12 35 36
11 33 35
14 32 35
16 33 36
17 35 36
17 33 37
19 33 37
19 35 35
17 35 37
16 35 35
14 35 37
13 35 37
12 34 38
11 34 37
12 33 37
08 34 37
06 32 36
02 36 37
02 35 39
09 36 38
10 35 38
08 34 35
10 33 35
12 33 35
14 34 34
13 34 34
15 35 33
15 33 33
17 34 32
16 36 33
16 35 34
14 35 33
13 36 34
11 35 33
10 35 34
08 35 34
06 35 35
03 36 33
01 35 32
04 33 33
12 30 31
15 30 33
13 30 33
12 30 31
14 31 32
14 32 33
15 35 35
15 35 35
16 34 35
17 36 36
16 35 36
16 35 36
14 34 36
14 35 36
13 35 36
13 35 36
13 33 36
10 32 35
06 33 35
07 32 36
04 31 39
01 31 38
03 33 38
08 30 35