13 38 36
13 38 36
13 38 35
12 40 35
13 38 35
13 38 34
13 38 34
14 39 35
13 39 35
13 39 34
14 38 34
14 38 35
14 37 34
14 39 35
11 39 34
10 41 34
10 42 33
12 40 33
13 39 33
13 40 34
15 40 34
14 40 33
13 39 34
14 40 33
14 39 34
12 38 33
12 39 33
12 39 34
11 39 34
12 38 33
12 39 34
09 39 35
09 40 33
04 38 34
04 37 33
04 37 32
04 39 33
06 37 34
13 34 33
19 35 33
16 36 33
13 35 33
14 35 33
15 35 34
16 35 34
14 35 34
16 34 35
16 33 35
17 35 34
16 38 35
16 36 35
13 37 35
14 37 35
11 39 35
07 39 35
04 39 34
00 41 34
02 39 33
11 40 35
16 37 33
12 37 34
12 35 34
13 34 34
15 35 34
16 34 33
19 38 33
20 38 32
20 37 32
18 36 32
14 40 32
10 40 31
07 39 32
04 39 33
04 39 34
02 38 32
01 40 35
07 37 34
16 36 34
17 36 35
16 37 34
15 38 35
18 37 34
19 36 35
20 37 35
21 39 35
22 39 35
19 38 34
17 39 35
12 40 37
08 42 37
10 43 35
09 43 35
10 43 35
07 45 34
07 45 35
04 44 34
08 42 33
14 39 32
16 39 33
15 40 33
15 40 33
17 39 33
19 37 32
19 36 32
19 37 32
19 39 32
17 37 32
15 37 32
14 38 32
09 39 32
06 41 33
06 40 33
02 36 32
03 38 33
05 39 34
11 35 36
17 36 34
18 36 35
17 38 34
15 39 35
16 38 35
17 38 36
19 38 34
20 38 36
19 38 34
20 39 35
17 38 36
14 39 35
12 40 35
09 40 36
08 41 35
06 40 35
03 42 35
02 41 34
03 42 33
12 40 33
15 39 33
12 39 33
10 39 34
14 38 32
16 39 32
16 38 32
18 38 32
18 38 32
20 37 32
19 37 31
18 38 31
15 39 32
13 39 33
12 38 33
09 39 32
08 38 33
09 40 33
08 41 33
04 41 32
05 37 32
07 38 33
07 37 32
11 35 32
15 38 34
15 35 34
14 35 35
15 36 33
19 36 35
19 36 35
21 37 36
20 36 33
19 37 34
17 37 35
13 38 35
10 37 34
07 37 34
06 38 36
09 38 36
06 40 34
03 38 34
04 40 33
07 38 34
12 39 34
15 38 35
14 36 35
12 37 34
14 36 34
14 36 31
16 37 32
19 38 32
19 36 31
18 36 31
18 37 32
15 36 31
13 36 31
10 37 31
06 38 32
06 38 32
04 38 33
01 38 33
03 38 33
06 36 34
11 33 33
17 34 33
16 36 33
15 36 33
12 36 33
13 35 34
17 35 35
18 34 35
19 35 36
21 36 35
21 38 35
19 37 35
17 38 35
13 38 34
12 39 34
07 39 33
06 38 34
05 41 34
02 41 34
04 41 34
07 39 34
13 40 33
12 39 35
14 40 33
15 39 33
15 37 32
17 36 32
19 35 32
19 36 32
19 37 32
18 38 31
17 39 31
13 36 31
10 37 31
07 38 32
05 38 33
03 38 33
00 37 33
05 37 34
09 37 34
15 35 34
17 36 34
17 38 34
14 36 35
16 37 35
16 37 36
18 36 35
19 37 34
19 36 35
19 36 36
17 35 35
14 36 34
14 36 34
13 35 35
13 36 34
13 35 34
14 37 35
15 36 35
14 37 34
12 37 34
12 38 35
12 37 34
11 37 33
08 39 34
05 40 35
04 40 33
06 37 34
12 37 34
17 36 36
14 38 35
11 38 35
10 35 34
12 33 33
13 36 32
13 35 32
13 34 33
13 35 32
12 33 33
15 35 32
11 37 34
07 37 34
06 37 34
13 36 35
18 35 36
15 36 36
15 39 38
15 39 39
13 39 38
14 37 38
14 37 38
15 37 38
14 38 38
13 38 39
13 38 40
13 38 41
15 37 41
14 37 40
13 38 38
11 37 37
10 39 37
11 38 36
14 37 34
14 38 36
14 38 36
16 39 34
15 38 36
11 38 38
11 39 37
11 42 36
14 43 34
15 43 35
15 40 34
15 40 33
13 41 34
14 42 34
15 40 36
13 40 35
13 41 37
15 41 35
13 42 34
13 42 36
13 42 36
14 42 36
15 42 37
14 41 37
14 40 35
14 38 35
13 38 35
13 38 35
12 37 36
11 40 36
11 40 34
09 39 35
10 40 35
10 38 35
14 38 35
15 39 34
17 39 35
16 39 35
11 40 35
06 41 36
10 37 36
17 37 35
19 35 35
17 37 36
12 39 36
11 40 36
10 39 36
12 36 37
13 36 37
13 37 36
13 37 37
15 38 36
14 37 37
13 37 37
12 38 36
12 38 35
12 37 36
13 38 36
12 39 37
12 37 35
12 38 36
13 37 36
