34 36 51
34 36 51
34 38 49
34 38 49
35 42 50
35 43 49
36 40 46
35 43 46
35 47 50
32 43 45
32 43 44
30 47 49
28 42 44
25 47 44
23 52 48
21 47 45
19 50 49
17 50 47
18 46 46
18 45 46
19 42 47
20 42 46
20 39 44
20 37 42
20 35 44
21 38 43
17 39 45
16 37 43
16 37 41
16 37 41
17 36 40
15 37 39
13 37 41
11 37 40
09 36 41
09 36 40
07 36 40
06 37 39
02 37 39
05 38 39
08 37 36
09 36 36
10 36 36
10 36 34
08 37 32
08 34 31
11 34 32
14 36 31
15 37 32
15 36 33
16 36 32
17 35 32
16 36 33
14 37 33
12 36 32
09 37 32
04 37 32
05 38 32
04 38 30
07 36 31
13 35 32
12 38 33
11 34 35
13 35 35
16 37 36
19 36 37
19 39 38
19 37 36
21 36 35
19 37 36
16 36 36
15 37 37
13 36 35
10 36 36
09 37 35
05 38 36
05 39 36
07 38 36
09 39 35
09 37 33
10 38 31
09 36 31
10 33 30
11 35 31
13 36 32
15 37 33
14 36 34
13 35 31
11 37 31
10 36 32
09 35 32
07 36 30
05 37 30
05 37 30
09 36 29
14 35 32
16 35 33
15 35 32
13 36 36
12 37 36
16 38 36
16 39 37
19 36 36
19 33 38
18 40 39
20 42 40
20 38 38
17 41 35
13 46 31
14 46 34
11 47 28
08 51 30
03 45 40
07 43 28
12 42 29
13 38 27
15 35 27
16 35 28
17 37 28
15 35 27
15 37 28
15 35 27
16 36 29
18 34 31
16 32 31
14 32 30
12 34 28
08 32 25
06 34 26
04 35 27
04 36 29
04 37 30
09 35 31
16 35 31
14 31 33
12 31 34
11 33 34
13 35 33
16 37 32
17 36 32
18 34 33
17 34 33
18 35 34
19 35 35
15 36 33
15 40 32
16 37 30
12 39 34
08 43 34
00 46 36
02 50 29
14 42 34
18 41 45
16 48 25
11 46 29
12 40 25
13 42 28
13 39 28
12 39 27
13 39 30
14 40 32
16 38 31
17 36 31
17 36 31
16 35 33
15 35 33
14 37 32
11 38 33
05 36 31
07 35 29
05 35 28
09 35 29
11 36 31
13 36 35
12 36 33
13 33 29
10 33 37
15 33 38
14 37 38
17 36 38
20 36 36
20 38 35
21 39 36
19 39 37
20 41 37
18 39 37
16 40 36
11 41 34
08 39 32
03 40 32
02 41 34
06 42 34
10 39 33
10 40 32
10 37 33
12 36 32
13 35 32
14 36 33
16 37 32
15 37 32
17 36 32
18 37 33
18 38 33
17 39 34
14 38 33
12 38 33
09 37 32
07 37 32
06 37 33
02 37 32
00 37 32
05 36 32
13 35 33
15 36 34
14 36 33
13 33 31
13 33 33
15 32 35
13 32 35
16 30 39
18 31 38
19 36 36
18 38 37
16 39 36
15 39 37
16 39 36
15 44 37
14 44 36
14 39 35
13 41 35
13 42 36
12 42 36
12 41 35
12 40 34
11 38 32
09 35 33
08 36 34
07 37 30
07 37 29
12 35 28
14 33 24
14 35 25
13 35 26
14 35 27
16 36 27
14 37 29
12 36 29
12 37 28
11 37 29
12 37 31
14 36 32
13 35 33
13 36 31
14 36 31
13 36 32
13 36 32
09 37 31
08 37 30
05 37 28
05 38 28
07 36 29
13 36 31
12 37 33
12 37 31
13 37 32
15 35 33
14 33 31
15 33 37
19 32 41
23 33 38
19 34 36
17 37 36
15 36 33
14 39 32
15 40 35
15 40 36
15 40 38
16 41 41
15 38 40
16 38 40
14 39 40
14 41 40
14 42 39
14 43 39
13 44 38
14 43 40
14 41 39
12 39 37
09 41 35
10 42 36
11 41 36
13 42 33
15 39 30
16 39 30
13 41 31
12 43 31
11 46 29
11 45 29
08 43 30
10 49 33
10 50 35
11 47 36
15 47 37
18 47 36
21 47 37
22 46 36
22 49 40
24 47 42
23 47 43
25 46 44
29 46 46
29 46 47
33 47 47
33 45 46
33 47 46
34 45 45
34 46 46
36 44 47
35 44 47
34 43 46
35 41 47
33 43 48
33 46 50
32 42 51
31 39 51
32 42 51
33 41 51
34 40 51
35 40 51
34 41 51
35 40 51
36 40 52
36 42 51
35 40 51
35 41 51
35 41 52
36 41 52
35 41 51
35 40 51
36 41 50
37 42 51
37 41 51
36 41 51
36 41 51
36 41 51
35 41 51
36 41 51
37 41 51
38 41 51
36 41 52
36 41 51
36 41 51
36 41 51
36 41 51
36 41 51
37 42 51
37 41 51
37 41 51
36 42 51
37 41 51
37 40 51
36 40 52
36 41 51
36 40 51
37 41 51
36 41 51
36 40 50
37 39 52
37 40 51
38 41 54
37 41 52
36 40 50
37 41 53
36 41 54
35 38 51
34 40 50
36 41 51
