19 51 37
19 51 37
21 49 39
21 49 39
22 47 39
25 46 39
28 48 37
29 45 37
27 47 40
24 52 40
23 53 41
24 53 36
24 53 37
27 50 39
27 47 36
29 46 35
28 45 36
26 48 37
21 53 39
20 53 37
18 53 35
18 50 34
18 48 35
16 48 37
16 46 35
16 45 36
15 44 35
15 44 35
12 44 35
08 43 35
07 44 35
05 45 34
07 42 35
08 43 35
10 44 34
14 43 34
16 42 35
15 41 34
15 41 34
15 40 34
15 40 35
18 40 36
18 40 36
19 39 37
20 40 36
18 38 36
17 39 37
14 40 36
14 40 36
13 43 37
13 42 36
13 43 37
10 44 36
11 45 36
07 45 36
05 48 36
08 49 35
13 46 34
16 43 32
16 42 33
15 41 34
16 42 33
16 40 32
18 39 32
20 40 33
19 40 32
20 40 33
17 41 32
14 40 32
10 39 33
07 40 32
07 39 34
06 38 34
03 37 33
03 37 33
07 36 35
10 36 35
14 36 34
16 36 35
16 37 35
16 38 35
16 39 36
16 40 36
16 40 36
17 40 36
20 41 36
20 38 38
21 41 38
19 43 36
19 42 37
17 43 36
15 44 34
09 47 35
08 47 34
07 48 34
06 46 35
07 45 36
09 45 37
15 45 33
16 42 32
16 41 31
15 41 33
15 39 33
16 38 32
18 39 33
20 40 32
19 39 32
19 39 32
18 38 31
14 38 31
12 40 33
05 40 33
04 40 33
02 39 33
02 39 34
05 40 34
08 38 36
15 35 35
17 37 35
16 36 35
17 38 35
17 38 35
18 38 34
19 38 35
20 36 33
19 37 36
18 36 35
17 37 36
14 37 36
12 39 36
11 39 36
09 39 36
08 40 36
07 42 36
03 41 36
03 43 36
08 40 35
14 39 35
15 38 35
14 39 34
15 40 33
15 37 33
16 36 33
18 36 33
19 38 32
19 37 32
19 39 33
18 38 32
15 38 32
12 38 32
05 38 32
02 38 32
05 37 32
04 36 34
03 38 33
05 38 33
11 36 35
16 35 34
16 35 35
16 37 34
16 37 33
19 36 35
19 36 35
19 37 35
20 37 35
20 37 35
20 37 36
16 37 36
14 39 35
11 38 35
08 38 36
09 40 37
10 38 36
08 39 36
09 38 37
05 39 35
02 41 35
02 39 35
08 39 35
16 38 35
15 36 34
15 38 35
15 36 33
17 35 32
18 33 31
21 35 32
19 35 32
19 36 32
18 39 30
15 40 31
12 39 31
12 39 32
10 38 33
05 39 33
06 38 33
05 37 35
02 39 33
02 38 34
05 36 34
13 36 36
16 33 34
16 33 35
17 36 35
18 38 33
19 38 34
19 38 35
20 36 34
21 38 34
18 37 35
14 35 35
13 37 36
09 40 34
08 40 33
07 40 34
10 37 34
07 37 34
05 40 35
02 39 34
05 39 35
11 39 34
14 39 34
13 38 35
12 38 34
16 38 33
18 35 31
19 36 32
22 34 32
20 34 33
17 36 32
14 38 33
12 38 33
11 40 32
10 39 33
11 39 31
10 38 33
10 38 34
09 38 34
07 39 34
04 39 33
04 39 34
04 37 34
08 35 34
15 35 36
17 35 35
17 36 35
16 38 35
18 36 35
19 37 34
20 37 35
19 37 35
18 37 34
17 37 35
14 38 37
13 40 36
12 40 34
12 41 36
11 42 36
09 41 36
08 40 36
05 42 34
03 42 34
07 41 34
11 39 35
14 37 35
15 39 33
15 38 34
16 36 34
19 36 33
19 35 33
18 36 34
18 37 33
17 37 33
15 40 33
12 40 31
11 40 31
11 40 32
12 39 33
12 38 33
14 38 33
14 38 34
12 37 34
08 38 34
07 37 33
11 37 34
12 37 37
12 37 37
13 37 37
13 33 36
14 33 35
15 34 35
14 36 36
13 35 36
14 37 36
14 37 36
14 38 36
13 40 37
14 39 37
15 39 37
14 38 38
12 38 40
12 38 40
13 39 39
15 39 37
14 40 37
14 41 37
15 40 36
14 39 37
14 40 37
14 41 38
14 40 38
12 40 37
13 39 37
13 38 36
11 40 36
11 39 35
13 39 35
15 37 34
14 40 35
14 39 36
12 39 37
10 41 36
10 40 36
11 42 37
12 41 35
14 43 34
12 45 33
15 44 31
16 45 31
17 46 31
20 47 31
22 43 32
19 45 35
19 46 35
19 46 35
20 46 35
19 45 33
18 43 33
19 45 33
16 46 35
17 48 34
14 50 32
17 47 32
16 45 33
17 44 33
16 44 32
17 47 33
16 46 33
15 46 32
17 45 33
17 47 33
17 44 33
16 43 34
17 45 35
17 44 34
16 45 33
13 47 33
13 46 33
15 47 34
15 44 34
16 45 34
15 43 33
15 45 33
16 45 34
15 46 34
15 45 34
16 45 34
16 45 35
15 45 34
16 44 34
15 43 33
15 44 34
14 45 34
16 44 35
17 44 34
15 44 35
17 45 35
15 46 35
