39 35 50
39 38 52
39 38 52
40 38 52
39 35 51
41 34 47
39 35 45
36 36 43
37 37 40
35 36 38
33 40 37
29 43 36
26 54 35
26 62 36
25 60 40
26 61 43
26 55 42
27 48 43
21 39 42
19 23 41
17 63 48
13 60 41
11 50 37
12 49 37
16 50 37
16 46 36
16 45 35
11 50 34
12 51 38
13 42 34
16 44 29
16 47 27
15 48 28
14 44 28
14 45 29
14 41 30
13 42 31
11 42 31
06 39 30
07 42 30
07 42 31
03 41 30
07 41 31
13 41 35
14 38 33
16 41 31
16 43 31
16 43 31
20 44 31
21 44 32
24 45 30
25 48 31
22 49 29
22 50 30
17 51 30
14 52 29
12 53 29
10 50 30
01 56 29
00 55 30
05 51 32
11 46 32
12 44 31
15 43 32
18 41 33
17 39 31
19 40 33
18 39 32
16 37 30
14 36 31
13 37 30
14 39 29
14 43 31
13 44 34
09 46 30
10 60 33
14 62 39
14 57 36
18 57 36
24 62 37
24 63 37
25 62 40
27 62 42
26 63 46
23 63 47
24 62 48
30 48 51
34 47 49
40 41 43
46 35 46
49 38 50
47 33 50
42 31 46
42 31 45
39 34 42
37 34 40
37 32 39
37 31 38
42 32 39
44 31 43
47 30 42
47 32 45
49 33 47
50 32 47
49 34 43
47 35 39
46 34 38
47 32 39
36 30 34
36 43 33
56 35 54
56 32 51
51 33 36
50 34 45
46 37 43
54 34 43
53 34 36
49 37 43
47 36 41
52 37 44
56 35 44
52 37 42
50 42 45
54 38 39
55 35 36
51 39 42
49 38 41
53 37 43
53 38 40
49 38 42
48 43 44
48 42 44
49 38 43
50 41 42
49 43 42
47 41 44
45 41 42
47 57 39
47 53 41
48 49 45
45 41 43
49 45 39
45 45 43
44 42 43
44 45 39
45 43 39
42 43 37
40 45 43
37 53 51
38 45 51
41 51 50
43 53 49
44 55 48
36 59 50
32 61 45
49 63 56
50 53 62
52 51 56
50 50 46
50 40 39
51 42 36
54 36 35
55 34 34
54 34 35
55 31 35
52 33 38
45 32 38
38 35 38
33 32 40
28 34 41
29 31 42
31 30 40
33 38 42
33 34 47
36 28 50
32 24 51
34 46 63
39 24 47
33 43 54
37 36 52
38 35 51
35 35 50
35 36 50
32 31 54
37 38 52
40 38 52
31 35 51
40 44 52
39 41 51
35 41 51
38 43 51
36 42 51
37 42 51
41 43 49
35 42 50
38 40 52
36 42 52
37 40 52
37 44 52
36 41 53
33 42 54
31 43 55
17 47 60
24 50 51
24 35 50
37 53 49
31 58 51
42 40 50
49 39 44
44 48 45
43 52 48
44 52 47
50 47 46
53 43 46
52 38 46
53 37 46
52 35 49
51 33 50
51 32 51
49 29 53
49 33 52
47 35 57
43 38 58
39 41 53
29 50 52
28 46 49
27 37 45
24 38 42
22 34 39
16 32 39
23 43 39
05 51 62
39 12 47
62 57 53
31 40 57
37 45 49
40 43 51
40 42 54
37 38 55
37 42 54
35 40 51
35 41 51
33 41 50
31 42 50
30 41 49
28 41 49
27 39 49
25 40 48
28 42 47
27 43 49
27 40 50
27 42 50
25 44 51
23 42 51
23 42 53
24 45 53
21 46 51
14 46 47
16 49 51
23 47 47
24 61 49
22 44 53
25 41 49
31 49 50
30 39 49
33 35 59
38 37 61
36 36 62
34 30 63
35 36 63
35 31 62
41 34 60
42 30 53
43 24 45
41 25 43
41 25 41
39 29 39
37 31 41
36 30 39
32 29 39
28 31 39
26 33 43
24 35 43
20 43 58
19 22 43
57 19 58
53 18 53
37 31 50
41 18 48
51 32 52
48 32 50
43 33 50
44 26 48
44 39 51
47 25 50
42 34 52
42 36 51
43 30 51
45 36 51
39 35 51
41 35 52
40 33 52
36 37 55
39 29 57
34 34 55
30 37 55
27 29 55
28 34 51
32 38 48
27 35 50
21 36 50
17 37 46
20 37 43
20 37 46
19 36 44
19 36 44
16 38 44
17 40 44
14 42 45
10 42 47
10 44 45
13 46 50
19 48 45
17 53 48
08 46 47
11 48 45
12 53 40
11 47 38
13 41 34
19 43 32
20 43 34
26 41 37
31 43 41
29 42 46
33 41 45
36 45 49
38 43 49
40 42 47
38 43 46
32 43 47
32 45 52
26 40 55
29 42 54
29 37 55
27 36 53
28 36 53
31 38 50
34 35 51
33 34 51
34 34 53
32 36 54
32 36 54
32 36 53
34 35 51
34 35 52
34 35 53
