37 47 50
37 47 50
38 44 46
39 44 45
40 44 45
41 41 45
39 39 45
37 39 44
36 39 42
30 41 46
30 44 46
30 37 43
20 47 50
21 44 48
18 43 45
13 43 49
09 45 46
09 48 43
08 42 44
05 40 39
03 43 40
00 41 38
02 40 38
09 39 36
12 38 34
10 37 33
11 35 31
11 35 30
14 34 30
14 36 30
14 35 30
13 37 30
13 37 31
14 36 32
16 36 33
16 36 33
13 36 32
12 37 31
10 38 31
08 36 31
04 36 29
02 37 30
01 38 29
11 35 29
18 35 34
13 34 36
11 34 32
13 33 32
16 34 35
14 36 36
17 35 37
16 38 37
17 35 37
18 35 35
16 34 36
15 35 35
15 35 35
14 37 34
14 37 36
11 36 37
08 35 36
04 36 35
01 38 35
00 38 35
05 38 35
14 39 36
13 40 35
11 39 35
11 36 32
12 36 31
14 36 31
15 36 31
17 37 32
16 36 32
16 37 33
18 37 33
17 37 33
16 37 33
13 39 33
11 38 34
09 38 33
05 38 33
03 35 32
01 38 31
01 35 29
09 33 28
16 32 30
11 34 33
13 32 33
13 34 32
14 35 35
16 35 35
17 37 37
15 39 35
18 39 34
16 37 37
17 35 37
17 37 37
19 38 36
17 38 35
14 38 34
12 36 34
08 35 29
07 39 30
07 37 39
04 35 37
02 36 30
07 39 29
12 37 31
14 36 33
14 36 33
12 37 31
14 35 30
16 35 30
14 37 32
15 35 31
16 36 32
14 36 31
16 36 32
16 37 32
13 36 32
11 36 31
08 37 31
07 36 31
04 36 30
01 35 32
01 34 29
07 32 27
14 33 32
15 32 33
13 35 31
13 36 33
15 35 32
17 37 33
18 35 33
17 35 33
18 36 33
19 36 34
16 37 35
14 34 36
13 36 34
12 35 35
12 33 35
10 34 37
09 31 39
04 30 38
01 34 38
00 37 36
05 35 36
14 33 33
13 34 32
13 36 31
13 36 31
14 33 32
14 34 32
16 35 31
16 35 31
16 36 32
15 36 33
15 36 31
15 36 32
15 36 33
15 36 34
14 36 34
13 36 33
10 36 34
08 37 34
04 37 35
01 36 33
00 37 33
02 34 32
15 33 32
18 32 33
14 33 33
12 33 32
15 31 32
14 34 33
16 33 35
17 35 35
14 33 34
16 35 35
16 36 36
14 36 36
16 35 38
16 37 36
16 36 36
15 35 36
14 35 37
14 34 37
13 33 38
12 34 38
11 36 37
07 35 37
04 35 35
03 36 34
01 37 34
03 38 36
11 37 36
14 35 33
13 36 32
12 36 31
13 36 30
12 37 30
13 37 30
15 37 31
16 36 31
17 35 32
15 37 31
17 37 31
16 36 32
15 37 32
13 37 32
10 37 32
09 36 31
07 35 31
03 37 32
00 39 31
00 39 31
06 35 30
16 33 31
18 33 31
14 33 32
14 32 30
15 33 32
16 33 33
16 36 35
17 35 35
17 36 36
18 38 36
18 37 35
17 36 37
18 36 37
17 38 38
15 37 36
12 37 37
12 37 37
12 34 37
11 35 38
09 35 38
09 34 39
06 36 38
05 39 37
02 37 36
02 38 34
08 38 34
11 38 34
12 37 32
11 37 31
11 37 30
10 40 31
10 39 32
09 43 32
08 44 32
10 42 32
14 45 32
16 46 34
22 43 36
22 45 37
25 46 39
26 49 38
27 49 40
28 46 41
30 49 44
32 47 47
33 47 44
35 45 39
38 40 44
39 45 48
40 37 43
38 34 43
37 35 48
36 38 49
35 35 51
37 37 53
39 37 56
40 34 53
39 34 51
40 33 51
41 34 51
42 34 52
41 32 52
41 34 51
41 34 52
41 34 52
40 35 53
41 35 53
41 34 51
39 33 53
40 34 54
41 33 52
41 33 51
41 33 51
42 32 51
