33 43 49
33 43 49
33 47 48
33 47 33
33 45 46
34 44 44
34 45 42
34 41 42
33 41 44
33 42 42
29 44 44
27 45 44
22 54 48
21 51 46
17 52 43
13 55 45
16 47 44
18 46 44
19 40 44
20 38 45
19 38 47
19 36 44
20 35 43
17 36 43
18 39 45
18 38 45
16 36 42
17 35 41
14 37 41
14 39 42
12 40 39
09 36 42
07 37 38
06 36 37
03 33 37
02 32 37
02 29 38
04 31 35
06 30 32
06 33 33
06 34 30
10 32 27
14 32 28
16 33 31
19 34 32
18 37 31
18 36 31
16 35 30
15 36 31
14 35 30
13 35 32
14 38 32
13 36 35
13 38 33
11 38 34
14 37 34
11 36 34
12 37 34
09 37 34
04 35 31
00 31 28
00 29 25
07 32 30
18 37 38
19 37 43
16 35 37
15 33 34
17 35 34
16 38 34
16 37 35
19 36 34
19 35 37
18 35 37
16 34 37
15 34 38
14 36 38
13 35 38
12 34 36
13 34 37
13 35 38
11 36 39
11 37 40
08 37 39
06 34 36
08 34 34
05 36 35
02 38 34
05 37 34
12 36 35
13 36 34
14 37 34
15 33 33
14 33 32
15 34 32
13 36 32
12 38 32
14 37 33
16 37 32
16 36 31
15 36 32
15 35 32
12 35 31
12 35 32
09 35 31
06 35 30
04 34 29
02 35 30
06 33 31
15 32 31
16 33 36
14 32 35
12 33 35
14 32 36
16 32 36
17 34 35
16 34 37
16 34 36
17 34 36
18 34 35
15 33 36
15 32 36
13 35 35
14 34 36
11 34 36
10 36 37
09 35 36
07 35 36
04 35 33
03 36 35
04 36 36
11 37 35
12 36 33
11 36 33
11 32 32
12 33 31
14 34 32
14 35 31
14 36 33
17 36 33
16 37 33
16 36 33
16 37 32
17 37 33
16 35 32
12 37 34
09 37 33
09 36 32
09 36 32
08 35 32
03 35 32
01 36 31
05 32 30
11 34 32
16 33 33
14 31 32
13 32 32
13 32 33
14 34 35
13 36 34
16 38 34
15 34 34
14 29 39
15 32 38
16 34 37
19 38 36
19 36 35
17 39 34
14 38 33
12 37 35
10 39 39
09 37 39
07 36 39
03 36 37
03 41 34
05 41 35
11 35 32
12 33 30
14 35 29
14 32 30
14 33 31
14 36 32
15 37 33
15 37 31
15 36 32
16 36 32
15 36 32
14 36 32
14 36 32
12 35 31
11 37 32
11 37 32
09 36 32
04 36 32
04 36 31
03 36 30
05 36 30
11 35 32
15 34 34
15 33 34
13 33 31
13 30 31
15 29 33
14 32 34
15 33 34
17 35 35
17 35 36
18 37 36
18 34 36
17 35 35
17 36 34
13 35 33
13 34 34
11 35 34
10 36 36
07 35 34
06 34 35
04 37 34
03 39 35
10 37 35
13 35 34
12 35 30
13 34 30
13 34 31
13 35 31
14 37 31
16 36 30
15 36 30
15 37 31
16 37 31
15 37 31
14 37 30
14 37 31
13 36 31
12 36 31
09 37 32
07 36 31
05 35 31
05 36 31
04 36 31
07 34 30
11 34 31
13 32 31
13 32 32
13 32 32
15 33 33
15 34 33
16 35 35
16 35 34
18 37 35
19 38 36
18 37 35
20 36 35
19 36 36
16 37 35
13 38 37
11 38 36
09 38 35
08 38 35
06 36 35
05 36 34
04 38 35
09 37 35
10 34 34
12 34 31
12 32 29
09 32 30
13 34 29
14 34 30
16 35 30
15 35 32
17 36 31
17 36 31
16 36 31
16 35 31
15 36 32
14 36 31
12 36 32
14 36 32
12 36 33
14 36 32
12 37 32
11 36 31
10 37 33
08 36 32
05 38 33
06 36 31
11 35 33
17 37 34
16 33 33
14 34 32
13 35 33
12 36 33
12 36 33
12 33 34
14 35 37
16 35 38
16 37 37
15 37 37
15 37 37
14 37 37
14 36 37
14 36 36
09 38 36
10 34 37
12 41 36
12 37 34
12 35 33
12 36 32
12 36 34
12 35 33
13 36 35
11 34 35
11 35 34
11 35 36
11 36 34
12 35 34
13 35 35
14 35 35
12 36 34
13 37 35
12 37 35
12 39 35
12 40 37
14 39 36
12 42 36
12 41 36
09 41 35
09 41 34
10 39 36
10 41 38
11 38 39
12 43 39
12 49 41
14 48 43
16 45 42
19 51 45
20 45 44
24 44 42
30 44 43
32 45 43
32 49 46
34 44 46
31 44 48
30 44 47
30 42 47
33 42 47
34 44 48
34 41 47
34 41 48
36 43 49
35 42 52
35 43 49
34 42 50
35 42 53
35 41 51
35 40 51
36 41 52
35 41 50
35 42 51
35 42 52
35 41 50
36 41 50
36 41 51
36 43 51
35 42 50
35 42 52
35 42 52
36 42 51
36 40 52
36 41 51
36 42 51
36 41 50
37 42 51
35 41 52
37 41 52
36 41 51
35 41 51
36 41 51
36 41 51
36 40 51
36 41 51
37 41 52
35 42 53
35 41 53
36 40 49
34 40 50
34 40 52
35 39 52
35 41 51
34 42 52
36 42 50
35 41 50
