09 44 46
06 42 43
05 41 42
04 40 41
04 40 40
06 39 38
09 39 36
10 38 35
11 38 32
10 36 32
12 35 33
14 35 34
15 36 34
15 36 33
15 37 33
16 36 33
14 36 34
15 36 33
14 36 34
13 36 34
11 37 34
07 36 34
07 34 34
02 34 33
01 35 31
02 33 32
11 32 33
14 35 35
13 35 37
13 34 34
14 34 35
16 35 38
17 35 37
17 35 38
19 35 37
18 36 36
18 37 36
16 36 37
16 35 35
16 36 36
15 35 37
15 36 37
14 36 37
10 36 37
11 37 37
05 34 37
03 37 38
00 37 41
02 38 39
07 38 34
09 34 32
10 32 30
12 33 32
13 36 32
15 36 32
16 37 32
18 37 33
18 35 31
17 36 32
17 37 33
16 36 32
15 36 33
13 36 32
13 36 32
09 35 34
08 35 34
07 35 33
04 34 33
01 34 32
03 33 32
09 31 33
13 31 35
13 32 36
12 33 35
11 30 35
14 32 36
15 32 38
15 33 36
16 35 35
19 34 36
19 35 36
19 36 36
17 34 36
16 35 36
14 35 36
15 35 36
13 35 37
13 34 36
11 36 38
11 36 38
08 35 38
06 36 37
02 35 37
02 36 36
04 35 36
09 35 35
10 36 34
10 37 32
14 35 32
14 33 30
15 34 31
16 34 33
16 36 32
17 36 32
17 36 32
14 36 33
15 36 32
14 37 34
12 36 34
12 36 34
12 37 35
11 35 34
08 36 33
07 36 33
06 35 34
04 36 31
04 36 32
10 34 34
14 32 33
14 33 35
14 32 36
14 32 36
14 33 36
16 33 36
14 33 37
16 34 37
16 33 37
17 35 38
18 36 38
18 37 36
17 36 37
16 36 38
15 38 37
15 37 39
15 38 39
14 36 39
13 35 39
09 37 38
03 37 38
01 36 38
02 36 39
03 35 39
09 35 37
12 36 36
11 35 34
11 35 33
12 34 33
13 34 32
14 36 32
15 35 31
15 35 33
17 36 33
16 36 32
17 36 32
17 35 32
15 37 34
14 35 34
12 38 34
13 36 34
11 36 34
10 36 35
08 36 35
07 35 33
04 35 33
00 35 33
01 35 32
03 35 33
11 32 32
15 32 34
15 32 35
12 31 34
13 30 34
15 29 34
13 31 35
12 31 36
15 32 35
15 31 37
16 34 37
15 34 35
14 35 35
16 35 34
13 35 35
13 35 36
14 35 37
15 34 38
13 36 38
13 34 39
11 34 40
09 31 41
08 33 41
06 36 37
07 35 37
04 32 34
04 31 33
07 32 33
11 34 32
11 33 31
10 32 29
13 31 30
13 33 30
14 35 32
14 34 31
15 35 31
15 35 32
15 34 32
16 36 32
14 35 33
14 35 33
15 36 33
15 36 33
12 35 33
11 34 34
10 36 35
10 36 35
09 36 35
07 35 35
06 35 34
02 34 34
02 33 31
06 32 31
10 33 32
13 33 33
12 33 33
12 30 32
13 29 32
15 31 32
15 33 34
15 33 33
15 35 36
17 35 34
17 35 36
16 34 36
16 36 36
15 35 36
14 35 35
13 36 37
13 36 36
14 35 38
12 34 38
10 34 39
09 33 39
07 37 40
04 37 37
03 38 36
01 36 37
06 37 36
11 35 33
11 34 31
11 34 30
14 35 31
15 34 32
14 36 33
14 36 33
15 36 33
16 35 32
17 37 33
16 35 33
15 35 33
13 35 33
12 36 33
12 36 34
12 36 33
10 35 34
07 35 34
06 33 32
05 30 31
02 33 33
03 34 32
10 32 32
14 31 34