34 39 41
34 39 41
32 41 41
30 40 41
29 39 43
24 48 47
23 42 42
21 48 48
14 51 49
15 48 48
17 48 47
20 43 44
17 43 42
16 43 43
16 42 41
16 40 40
14 41 40
13 40 40
09 40 39
09 41 38
05 39 38
06 40 36
02 38 37
03 36 36
07 36 35
09 37 36
09 35 34
10 34 31
10 33 32
11 35 31
10 36 30
13 34 29
15 33 31
16 34 31
18 35 31
14 36 32
16 35 32
16 35 33
14 37 33
14 37 32
11 36 33
10 36 33
10 37 33
10 38 32
07 37 31
02 38 31
00 36 29
07 34 28
15 33 31
14 32 33
13 33 32
13 34 33
14 35 34
17 35 35
17 38 36
19 36 35
19 35 35
18 35 35
17 36 35
17 37 36
14 38 36
10 35 35
07 36 35
07 36 35
05 37 35
03 39 34
05 39 37
08 40 37
10 36 35
10 38 33
10 36 33
12 37 30
14 36 30
17 36 32
19 36 31
17 38 33
17 38 32
17 37 32
17 38 33
15 38 33
12 37 33
11 38 34
09 38 33
05 37 33
01 37 31
00 36 31
00 35 29
03 32 28
15 28 29
17 31 32
13 32 30
14 34 32
17 35 33
16 34 34
21 33 35
19 36 34
18 36 34
16 36 34
16 35 35
14 36 35
12 34 35
10 34 35
09 33 36
08 35 35
06 32 36
01 33 33
00 30 29
03 31 33
12 32 35
14 36 33
14 37 32
14 36 29
16 35 29
17 36 29
18 36 30
18 35 31
16 33 31
16 33 30
15 35 30
14 36 31
14 36 32
13 37 32
13 36 32
10 36 31
10 35 29
12 37 30
06 36 30
03 36 29
00 37 27
01 36 28
11 34 30
16 32 32
12 32 32
11 34 31
11 33 31
12 34 31
11 34 33
12 35 33
13 37 33
14 39 37
15 39 37
14 41 37
14 43 39
18 44 38
17 42 39
18 45 41
22 47 48
22 51 43
22 49 42
27 43 43
28 45 43
30 44 44
31 45 45
33 47 48
33 43 47
32 39 44
34 37 44
39 37 48
36 36 49
34 42 50
36 39 51
37 38 54
36 36 53
37 34 51
39 36 54
39 36 53
37 36 51
38 38 52
39 36 52
39 37 52
39 37 53
39 36 51
39 35 51
40 35 53
40 35 52
38 35 53
39 37 52
38 36 52
39 35 52
40 35 53
39 36 52
39 36 50
39 35 53
38 35 51
40 35 52
39 35 53
39 35 51
39 36 52
39 35 52
39 35 52
39 35 52
40 35 52
38 35 53
39 34 52
38 34 50
40 36 54
40 36 53
38 34 52
39 35 51
37 33 52
40 34 52
38 34 53
39 34 52
39 34 52
39 34 52
39 35 52
39 34 51
39 35 52
38 36 51
38 36 52
38 34 53
37 31 52
40 35 54
40 33 51
42 33 51
42 33 54
