33 38 52
33 38 52
33 38 52
34 38 51
36 39 50
36 39 48
37 40 48
37 40 47
35 39 46
35 39 44
34 35 43
33 36 44
28 45 51
27 41 47
24 41 55
21 41 55
20 39 51
20 41 54
21 38 50
22 37 47
19 39 49
19 37 46
21 37 45
18 40 48
17 38 45
18 36 45
18 37 45
15 37 44
15 36 45
13 36 44
11 36 41
09 36 42
09 37 41
08 36 41
04 37 39
05 37 38
09 37 37
10 36 36
10 34 33
10 32 33
11 32 32
13 32 31
14 33 31
13 34 33
15 34 33
15 34 33
16 34 33
13 34 33
12 35 34
11 35 34
10 36 34
09 35 35
07 35 35
05 35 35
03 36 36
02 34 34
08 34 32
15 31 35
13 33 34
11 30 34
12 29 32
13 29 33
15 32 34
15 33 35
17 32 35
16 32 35
16 32 35
16 33 35
13 32 35
13 32 36
12 32 37
11 33 36
10 33 37
09 32 37
09 32 36
05 32 37
05 34 37
09 30 34
09 30 34
10 31 33
10 29 32
10 31 33
14 32 33
12 29 33
14 32 33
14 30 32
16 30 32
15 31 34
15 31 33
14 31 35
12 34 35
10 34 35
08 34 35
05 33 36
04 34 36
04 33 36
03 33 35
08 29 35
14 29 34
13 29 37
12 26 34
13 25 35
12 27 34
13 29 35
16 28 35
15 29 34
17 31 34
17 32 35
15 31 36
16 31 35
15 33 37
14 33 38
13 31 38
11 32 40
10 31 41
09 32 40
09 31 40
06 33 42
03 32 40
07 32 36
10 30 34
10 35 34
12 33 32
10 33 32
13 32 30
13 34 30
14 35 30
15 35 31
15 34 31
14 34 32
14 35 32
12 34 33
12 35 35
10 36 34
12 37 36
10 37 36
10 38 36
10 39 36
11 40 36
10 41 39
07 42 39
07 44 38
08 43 40
08 42 39
10 40 39
13 40 36
13 37 35
14 42 36
14 40 35
13 40 36
13 42 37
14 40 38
17 44 40
17 40 39
19 47 45
21 45 45
21 43 44
24 47 45
26 44 46
27 41 44
29 42 42
32 41 42
34 40 45
35 40 47
38 41 48
38 41 49
38 40 49
38 35 48
37 36 48
35 37 52
36 34 49
34 38 53
37 37 53
37 34 53
37 35 53
37 34 52
37 34 52
38 33 52
39 34 52
38 34 52
39 33 53
37 35 52
39 34 52
38 34 52
39 35 52
38 35 53
39 34 51
39 34 51
38 32 51
40 34 52
38 34 52
40 33 53
40 34 52
40 34 51
39 34 51
