13 38 37
13 38 37
13 38 37
13 39 38
13 37 36
14 38 36
15 37 37
12 39 37
13 37 37
13 37 36
13 38 37
12 37 37
13 37 37
15 38 38
13 38 38
12 38 39
13 38 38
13 39 38
13 39 38
14 39 39
15 38 40
14 38 39
14 37 39
15 37 39
15 39 40
14 38 40
12 38 38
12 38 39
09 39 38
04 41 37
00 41 36
05 40 37
12 38 36
13 37 35
11 37 35
13 37 34
14 38 34
15 37 34
18 37 34
20 37 34
19 36 33
18 37 33
16 36 33
12 37 32
08 38 33
06 39 33
04 39 35
04 37 33
02 37 34
06 37 36
14 37 38
13 35 37
14 35 37
13 35 36
15 37 38
18 38 37
19 36 37
19 36 39
19 36 37
19 38 37
17 37 37
15 36 37
13 37 37
13 38 38
10 39 38
08 38 37
03 40 36
00 39 36
02 39 35
09 38 36
12 37 35
12 38 34
13 38 34
14 38 33
15 37 34
16 37 33
17 37 32
19 38 34
19 37 33
18 36 34
16 37 33
14 39 33
12 38 33
09 39 33
06 40 34
08 38 35
06 39 34
01 38 34
04 37 34
13 38 37
13 36 36
11 34 35
14 35 36
16 37 37
16 38 38
20 36 37
20 34 37
22 36 37
18 37 36
17 37 37
15 37 36
14 38 36
13 39 38
11 39 39
10 38 38
06 40 37
02 39 36
03 40 36
10 40 36
12 40 36
11 36 35
12 36 35
14 39 33
13 38 33
15 39 34
17 38 33
19 37 32
18 38 34
20 37 35
20 38 35
17 38 34
16 39 34
11 38 35
11 40 35
09 40 36
06 41 35
05 40 35
02 40 35
04 38 34
11 38 37
14 37 38
14 36 38
15 37 36
15 36 36
17 37 38
19 36 36
21 35 36
21 36 36
21 36 36
20 36 36
16 37 36
13 38 36
10 38 37
10 39 37
07 40 38
04 42 37
00 40 36
06 39 35
11 39 35
11 39 36
12 38 35
15 37 34
15 37 33
17 36 32
19 36 32
19 38 34
19 37 35
16 37 34
11 38 33
10 38 33
09 37 33
06 38 35
05 37 33
05 36 34
06 37 35
10 36 36
15 35 38
12 35 37
15 35 37
16 37 38
16 36 37
18 36 36
16 38 38
18 38 38
18 36 37
18 38 38
16 37 38
17 38 38
14 39 38
13 39 39
12 38 40
09 38 39
03 39 37
03 39 37
08 39 36
12 39 36
12 38 34
13 38 33
15 38 33
16 38 34
16 39 34
17 38 34
18 38 36
16 40 33
17 39 35
18 38 35
16 38 35
16 39 33
13 38 35
13 39 33
11 39 34
09 40 35
07 39 35
05 40 36
02 38 35
02 39 35
06 38 37
12 36 38
12 36 38
12 35 36
13 36 36
16 35 35
18 34 35
20 34 36
21 34 37
19 35 35
19 36 36
16 37 37
15 37 36
13 37 35
13 38 37
12 38 38
12 37 36
10 38 36
05 40 37
00 39 36
03 40 35
07 39 36
11 38 34
13 36 33
12 36 34
14 36 34
13 39 33
17 37 34
19 38 34
18 37 35
20 37 35
17 38 34
16 38 33
14 40 34
12 40 33
13 38 34
14 39 35
15 40 36
13 39 36
11 38 36
07 38 35
08 39 36
09 38 38
12 39 38
16 36 37
18 36 37
18 38 37
