10 37 37
14 38 36
13 38 36
13 38 37
13 37 35
11 40 36
12 40 35
13 39 36
13 38 35
14 39 35
12 39 35
13 40 35
11 40 36
11 40 35
12 38 36
13 38 35
13 39 36
14 39 35
13 39 35
13 40 35
14 40 36
11 37 35
12 39 35
14 40 36
14 38 35
14 38 36
13 39 36
14 39 36
13 41 37
11 39 36
12 39 36
08 40 36
05 39 36
02 38 36
01 36 34
01 37 33
08 36 35
11 34 35
13 32 33
13 31 33
18 33 34
18 33 34
20 35 35
21 34 35
21 33 35
19 34 36
16 37 36
14 37 37
13 37 37
12 38 38
14 38 40
13 39 38
10 39 39
05 40 38
01 40 37
03 40 39
07 41 39
11 40 38
11 38 37
13 36 37
14 38 36
15 38 36
15 37 35
18 37 33
19 37 35
19 37 35
18 37 34
15 37 34
14 38 34
11 38 35
10 39 34
07 39 36
05 38 36
04 37 34
04 38 36
10 37 37
13 36 39
13 35 40
13 34 39
15 33 39
15 35 37
17 36 38
20 36 38
20 37 38
20 37 37
20 36 38
17 36 38
15 36 37
13 37 38
14 38 38
13 38 39
13 38 39
05 39 39
01 39 38
03 40 39
10 39 39
10 38 39
11 36 38
12 36 35
13 34 34
14 36 34
16 36 33
16 36 35
17 37 33
19 35 33
17 36 34
16 37 34
15 38 34
14 37 34
13 38 34
12 39 35
08 38 36
06 36 36
04 36 36
03 34 37
08 37 37
13 37 39
12 36 40
13 33 39
14 35 38
15 36 38
16 36 38
17 36 38
16 36 37
18 35 38
18 35 37
17 35 37
17 36 37
16 36 37
15 37 38
15 38 39
14 37 39
14 38 39
11 37 39
05 38 37
02 40 37
03 39 35
09 40 37
10 38 36
12 36 36
13 35 35
13 37 35
13 38 35
14 37 35
15 36 35
17 37 34
18 39 34
18 37 35
17 37 34
16 36 34
12 37 34
10 37 34
11 39 35
07 38 35
06 37 35
03 36 35
05 35 34
11 34 36
13 35 36
11 33 36
12 32 36
14 33 38
16 33 37
16 34 38
18 35 38
18 35 37
18 37 37
19 36 38
17 37 37
15 38 39
15 37 38
15 37 39
14 38 38
13 37 39
13 38 39
10 38 39
06 39 38
01 41 37
02 40 38
09 38 36
11 37 35
11 37 35
10 37 35
14 36 34
16 37 33
16 38 35
17 37 34
18 36 34
19 35 34
19 35 34
18 36 34
14 37 35
13 38 34
10 38 35
06 37 35
06 38 34
04 40 34
00 38 34
03 37 35
10 37 36
12 36 38
12 35 36
14 34 37
17 36 36
18 36 36
21 36 36
20 36 35
21 35 37
19 36 37
16 37 36
14 36 37
14 38 37
15 37 38
14 36 38
15 37 38
14 37 37
11 36 39
11 36 38
06 39 37
02 40 35
02 39 36
07 39 36
09 39 35
09 38 35
11 36 34
12 36 33
14 36 34
18 38 34
17 37 33
17 36 35
19 38 34
18 37 33
16 39 33
14 38 33
12 38 32
13 38 32
10 39 32
09 39 35
07 37 34
03 38 35
03 37 33
04 37 35
11 37 37
14 37 37
13 35 37
14 34 36
16 34 35
17 36 36
19 36 37
19 34 36
19 35 38
19 35 37
16 35 37
15 36 37
16 37 37
15 37 37
13 37 37
15 36 37
15 38 37
13 38 38
12 37 39
09 38 37
07 37 39
03 38 37
05 40 36
08 38 37
11 38 37
11 38 36
12 37 35
14 38 35
12 38 36
15 39 35
15 39 34
17 37 34
18 39 33
17 39 35
18 39 34
16 39 34
16 39 34
15 39 34
15 40 34
15 40 34
14 40 35
14 40 36
15 41 36
14 41 36
12 41 38
13 41 38
09 40 38
06 41 38
05 41 37
05 40 37
06 39 36
11 38 37
13 37 37
13 34 37
13 37 36
15 36 36
20 36 38
20 36 37
21 35 37
22 35 37
19 35 36
17 37 36
13 39 37
11 39 36
12 39 38
14 38 38
15 38 39
17 38 39
16 38 38
16 37 38
16 37 38
16 38 39
13 39 38
13 38 39
12 39 38
11 40 37
09 40 36
10 40 36
11 41 34
11 42 36
13 40 35
14 37 35
14 38 35
12 38 33
12 38 33
10 38 32
12 40 32
13 38 32
15 39 33
15 39 32
14 38 33
12 38 33
13 39 34
14 39 33
16 38 34
14 39 33
13 37 33
10 39 35
10 39 34
08 39 34
09 38 35
13 38 36
16 37 36
16 37 36
