33 37 52
33 37 52
33 37 33
33 38 51
33 38 51
33 39 52
33 38 51
32 38 51
34 39 53
32 40 51
35 40 49
34 39 48
34 40 48
33 41 47
32 42 46
30 42 50
28 45 49
28 44 49
28 43 50
27 41 49
27 41 47
25 45 49
25 46 49
24 41 44
22 43 46
23 43 46
21 46 47
20 43 45
19 46 44
17 44 42
17 41 43
16 42 43
13 43 44
13 43 44
14 42 45
14 40 45
15 38 42
11 38 43
08 40 41
08 40 41
06 41 39
07 43 38
10 40 36
11 40 34
09 40 36
09 39 33
10 39 32
09 38 32
11 37 31
13 37 31
13 37 33
15 37 31
14 37 32
16 36 33
18 37 32
16 37 32
16 36 32
15 38 33
14 37 34
12 39 34
11 39 34
10 39 34
09 38 34
04 38 34
02 38 33
00 39 31
04 37 32
14 37 34
17 36 36
14 37 36
12 35 34
14 35 33
15 33 35
17 34 35
17 35 35
17 36 36
18 37 36
16 36 35
17 36 35
16 36 35
14 36 37
13 36 37
11 37 37
13 37 37
13 38 36
14 37 37
14 36 37
11 38 37
10 38 36
06 38 35
04 37 35
02 38 36
03 39 36
09 39 35
10 38 34
09 38 34
09 35 31
11 35 31
12 36 33
14 35 31
16 34 31
16 34 30
17 36 30
18 38 31
18 37 30
17 36 32
18 36 31
16 35 32
14 38 33
13 39 34
12 38 34
13 40 33
13 39 35
13 37 34
10 38 35
08 38 34
03 38 31
00 36 30
00 38 30
03 39 32
11 38 35
18 35 37
15 36 38
12 35 36
13 33 34
13 31 35
12 34 35
13 34 35
17 36 36
17 36 36
20 37 37
17 38 36
18 35 35
17 35 35
16 37 36
16 36 35
13 36 35
14 35 35
10 37 34
06 34 35
00 36 33
00 36 37
07 41 42
08 41 36
04 39 32
05 36 31
10 34 33
13 37 34
14 36 32
14 37 33
18 38 33
17 38 33
19 37 32
18 36 33
17 37 33
17 38 33
15 36 34
14 36 34
13 34 34
13 36 34
12 35 34
09 36 33
04 37 31
00 35 30
00 37 27
02 38 29
15 38 34
18 37 38
14 36 36
13 35 33
14 34 33
15 34 35
15 35 36
14 37 34
16 37 35
16 36 37
17 39 37
18 37 37
18 38 37
18 38 36
16 38 36
13 37 36
13 37 37
09 38 36
09 37 41
04 40 42
04 46 39
05 45 35
04 40 32
07 39 32
12 36 32
12 33 31
10 34 30
10 34 29
14 34 31
15 35 33
17 36 32
18 35 33
17 36 34
17 38 34
18 38 34
17 38 34
17 40 35
14 38 35
14 37 33
13 38 33
12 36 33
11 36 32
10 37 33
06 38 35
00 38 34
00 39 32
00 44 32
06 42 36
17 35 35
23 31 35
20 31 34
19 31 34
17 32 32
15 31 33
16 32 33
16 35 33
16 37 35
16 37 35
17 36 37
15 36 38
16 36 38
15 40 39
15 40 40
16 40 38
19 40 41
20 42 39
18 42 38
17 43 40
16 43 41
13 45 42
11 44 41
09 44 40
09 44 39
09 42 36
07 41 36
03 41 38
06 38 37
11 33 32
13 34 27
13 37 27
12 42 28
14 42 31
15 36 29
15 36 28
15 36 28
15 37 30
16 39 31
15 36 33
14 36 32
14 35 31
15 34 32
14 36 33
12 35 31
12 37 28
07 37 26
00 40 33
00 35 27
00 34 22
07 33 28
17 35 33
19 34 35
13 35 32
13 34 34
09 34 33
10 32 33
10 30 34
12 31 35
15 32 35
15 32 35
16 34 35
17 33 36
18 32 36
17 32 36
16 35 36
16 37 35
16 38 35
15 39 35
13 40 36
14 40 36
10 38 37
06 41 35
06 36 33
04 36 38
07 38 37
07 33 32
07 35 33
08 34 33
10 34 32
10 35 33
11 36 33
14 36 32
16 36 33
15 38 34
14 38 34
15 38 34
16 39 34
16 39 35
14 39 35
12 42 36
12 45 38
13 47 40
12 47 42
14 47 43
18 45 43
18 45 43
21 43 44
19 42 45
20 44 44
21 44 45
24 39 46
26 41 49
25 42 48
27 42 47
33 38 48
35 39 46
38 38 45
39 40 47
38 38 44
38 36 43
37 35 47
38 35 51
34 35 52
31 36 56
35 37 56
33 35 53
35 36 53
37 36 54
40 36 52
42 38 50
39 39 51
39 37 52
41 38 53
40 37 51
40 38 51
39 37 51
39 36 52
41 36 50
38 35 51
39 36 52
40 36 52
39 36 51
39 36 51
40 37 52
39 37 52
39 37 51
40 37 51
39 37 51
39 37 50
39 37 51
39 35 51
39 37 52
40 37 51
39 36 51
40 36 52
39 37 52
40 37 52
39 37 51
38 38 51
39 37 52
39 37 53
40 35 50
39 37 52
38 38 50
39 37 51
