15 33 35
15 44 35
16 43 36
16 43 36
16 44 35
14 43 36
14 45 36
16 44 36
17 43 36
17 44 35
16 45 37
15 45 35
16 45 36
16 44 36
16 45 36
17 45 35
17 44 36
17 45 36
16 45 35
14 45 35
15 45 36
14 45 36
16 45 35
15 43 36
16 45 35
15 45 35
15 45 35
15 45 35
17 44 35
15 44 35
14 43 35
15 44 34
15 43 35
16 43 34
15 45 36
14 44 35
13 44 34
10 43 35
09 45 34
08 45 35
07 43 33
07 44 34
05 42 33
09 40 33
12 38 33
16 38 33
15 38 33
15 37 34
17 37 33
18 37 34
19 37 34
21 38 34
20 38 34
20 39 35
20 40 35
17 41 35
13 42 35
12 42 37
11 42 37
10 42 35
09 43 34
07 43 35
06 45 34
07 43 34
10 43 34
14 41 34
16 42 33
17 40 32
17 40 33
16 38 33
18 39 33
19 39 33
19 38 32
18 39 34
16 39 34
13 40 33
11 38 32
08 38 32
06 39 34
05 40 35
03 40 33
03 40 33
06 38 35
13 37 35
17 35 35
17 35 35
17 36 33
16 36 35
17 36 34
19 36 34
20 37 35
20 37 35
19 38 35
18 39 36
16 40 36
15 40 36
14 42 36
13 41 37
14 41 37
13 43 37
13 44 37
10 44 35
06 45 35
06 44 35
05 44 35
06 43 34
12 41 35
16 40 34
16 39 33
17 39 33
16 37 32
17 38 33
18 37 34
19 36 32
20 37 32
18 38 31
14 38 32
13 37 31
12 38 31
09 38 32
08 39 32
07 38 32
05 37 33
02 38 32
02 37 32
06 35 33
12 33 33
15 31 33
14 33 33
17 33 34
17 33 34
20 34 34
20 36 36
18 37 37
19 38 36
17 41 36
17 41 35
15 45 35
15 44 34
15 44 34
13 42 34
12 43 35
10 42 36
09 42 36
08 40 37
06 41 36
04 41 37
07 40 37
12 38 35
13 37 34
13 38 34
12 37 33
13 34 32
17 34 32
19 34 31
18 32 32
17 35 32
17 35 31
14 35 31
10 36 31
06 34 31
05 34 30
02 35 32
01 34 32
04 34 33
12 32 34
15 32 35
14 33 35
14 35 35
16 37 35
18 36 35
18 34 34
18 36 35
19 36 35
19 37 34
19 38 35
15 38 36
15 40 37
12 38 35
10 40 35
07 40 36
05 39 34
03 40 34
03 42 34
04 43 33
05 41 34
12 41 33
14 39 32
14 40 32
12 40 31
14 39 31
16 38 30
18 36 31
19 37 29
19 39 31
19 41 31
17 40 31
17 38 31
15 39 30
11 39 30
10 39 30
08 40 31
11 41 31
07 40 32
05 40 33
07 41 33
09 39 33
11 37 33
16 37 33
17 37 33
15 38 34
16 38 35
17 39 35
19 39 35
19 39 35
18 38 35
16 37 34
15 36 34
13 36 35
09 37 34
08 37 34
07 36 33
07 37 32
05 39 33
03 39 33
06 39 33
10 38 33
12 38 34
13 37 33
12 36 32
13 35 31
17 35 31
17 35 31
19 34 31
19 34 31
18 33 32
16 34 31
12 34 30
07 34 31
07 36 31
03 34 30
02 36 31
04 36 32
09 35 33
13 32 33
14 32 33
13 35 32
14 35 35
16 34 35
17 35 35
19 35 35
19 35 34
20 36 35
19 37 35
16 37 35
15 38 36
13 39 35
11 41 36
08 40 36
06 42 35
05 43 35
03 44 34
07 43 35
12 40 35
15 39 33
14 39 34
14 39 34
16 37 33
16 35 32
19 36 33
19 37 31
19 39 31
19 39 31
16 39 30
14 39 31
12 39 30
10 39 30
09 41 30
09 42 31
08 41 31
08 41 33
05 42 31
04 41 32
04 41 32
09 40 33
12 34 33
17 35 34
18 39 35
18 38 33
20 40 32
17 38 33
18 39 33
19 38 34
18 39 35
18 40 34
17 40 34
17 40 34
15 39 34
15 42 34
15 41 34
14 39 35
14 40 33
15 39 35
16 38 35
14 41 34
13 41 34
15 40 34
09 41 34
08 41 34
08 41 33
08 42 32
11 41 32
15 41 34
18 40 34
16 39 34
11 38 34
09 37 34
09 38 31
10 38 31
11 37 31
12 37 31
13 36 31
13 36 33
14 37 33
12 38 31
10 39 32
10 38 33
12 38 34
14 37 34
17 38 35
15 37 33
15 37 34
14 38 34
13 36 31
10 39 33
09 39 33
11 40 35
15 38 35
16 40 35
14 38 35
12 39 36
11 38 36
11 37 35
12 37 34
12 37 35
14 37 35
13 37 35
15 38 36
12 38 35
11 39 35
12 40 34
13 39 35
13 40 35
13 39 35
13 39 35
13 38 35
14 37 35
13 38 35
12 38 34
12 39 35
14 38 34
13 38 36
15 40 34
13 39 34
12 37 34
12 38 33
13 36 32
12 37 34
11 38 34
12 37 34
12 37 34
12 36 33
13 37 34
12 37 34
14 37 33
14 37 33
12 37 34
13 38 34
12 39 34
11 38 34
13 38 33
13 39 34
13 39 34
12 39 34
13 40 34
13 37 35
14 38 34
11 39 34
13 36 35
14 38 34
13 39 34
11 39 34
11 38 33
12 39 33
13 38 33
14 38 34
13 37 35
13 39 36
14 37 35
12 39 34
