31 40 51
31 40 51
31 38 49
31 39 48
31 39 48
31 39 47
30 39 47
30 39 45
29 40 45
27 42 44
24 43 44
22 46 44
19 44 42
18 46 41
17 50 43
12 44 41
10 46 41
11 45 41
10 43 40
09 41 39
11 40 39
11 39 37
10 37 36
10 40 36
11 38 36
12 37 38
13 37 37
12 37 38
12 38 38
14 38 36
11 37 36
14 37 36
12 37 36
14 37 36
12 35 38
12 37 37
12 37 37
13 36 37
14 36 37
13 37 37
12 35 37
12 38 37
13 36 38
12 36 39
12 36 38
13 38 37
14 38 37
15 36 37
14 37 37
15 37 38
15 36 38
15 34 37
15 41 37
16 39 38
14 39 36
15 42 38
15 40 37
14 39 37
13 41 37
12 39 38
10 38 37
08 38 36
06 44 36
02 39 34
03 40 33
07 38 34
11 37 33
12 34 32
14 35 30
13 33 30
13 35 30
13 35 29
15 35 29
14 35 30
17 36 30
16 37 30
15 37 31
17 38 31
15 38 32
13 38 32
13 36 31
13 37 32
12 37 31
07 37 32
03 40 32
02 38 33
01 37 32
06 33 31
13 32 34
16 33 31
14 34 31
11 34 31
13 36 33
15 37 35
17 37 36
19 37 35
19 36 35
19 38 36
19 37 36
17 35 35
15 36 34
13 35 34
11 37 37
08 39 36
05 40 35
04 37 37
04 42 37
08 42 37
11 40 35
13 38 33
14 35 31
13 36 31
14 36 30
16 37 31
15 37 31
17 37 31
16 38 32
16 38 33
15 37 33
13 37 32
13 38 32
10 37 32
09 37 32
06 36 32
06 37 32
02 36 31
02 35 29
08 34 30
17 36 34
17 35 35
14 31 32
14 33 33
16 38 34
17 39 34
20 39 33
19 39 34
19 41 34
20 41 34
20 41 34
17 36 34
17 40 35
15 38 36
12 39 35
09 38 35
06 38 32
04 37 32
03 38 32
01 37 31
05 40 35
11 39 34
11 36 32
12 36 30
10 36 32
11 36 31
14 37 33
17 37 33
17 36 32
18 37 33
18 36 33
17 37 33
17 37 33
14 38 33
12 36 32
10 37 32
06 35 32
05 36 31
02 38 32
04 37 33
09 36 32
16 36 35
14 35 34
14 35 33
15 36 33
16 35 33
19 38 34
19 36 35
19 37 33
20 39 34
18 39 34
17 38 35
14 38 35
10 38 34
08 38 34
05 37 38
01 38 35
02 37 33
09 54 36
13 41 34
15 36 33
16 37 32
14 40 33
13 41 32
12 40 30
14 38 30
14 38 31
15 36 32
15 36 32
14 35 32
14 36 32
13 36 31
13 38 31
11 37 31
10 37 32
08 36 32
05 37 33
04 37 32
03 35 31
08 33 35
14 34 34
17 35 37
14 32 35
13 33 33
12 33 35
16 32 37
17 35 36
18 34 36
19 36 35
19 36 34
17 38 34
15 39 34
13 37 34
13 37 35
11 38 35
11 37 35
07 36 33
03 35 34
02 45 36
03 39 37
10 38 36
11 37 34
11 35 33
12 36 33
12 35 33
12 35 33
13 35 33
14 36 32
15 36 32
17 35 31
17 35 31
16 38 32
16 38 31
16 37 32
15 39 31
12 37 32
08 37 32
05 38 34
02 39 35
00 36 30
06 34 34
14 35 36
16 35 37
15 37 36
13 36 36
13 35 34
14 35 35
15 37 36
17 36 37
19 39 35
19 38 35
19 38 34
18 37 35
16 37 35
15 37 36
13 36 36
11 34 37
11 34 36
09 34 36
08 38 35
07 38 33
03 36 34
03 38 33
06 36 33
10 39 33
12 31 30
14 32 30
13 33 29
12 32 28
13 33 29
12 34 30
11 35 30
12 35 31
11 35 31
13 37 31
14 37 30
14 38 31
15 36 31
15 37 32
15 38 31
15 37 31
14 38 31
13 37 31
14 37 31
12 37 31
13 37 31
13 39 33
13 36 32
12 39 33
11 41 32
09 44 32
11 41 32
12 42 33
14 41 36
13 41 35
12 41 35
12 39 36
09 35 36
05 35 34
06 35 34
08 35 33
14 37 34
17 37 35
18 37 34
13 38 33
10 38 33
12 39 32
14 34 33
15 34 35
15 36 35
14 36 33
13 37 34
13 36 33
10 38 32
09 36 34
09 33 41
12 34 37
14 37 36
13 38 34
13 37 34
13 37 32
13 37 33
13 38 33
12 37 33
11 35 33
12 36 32
11 37 34
12 37 34
12 37 35
12 35 36
12 36 37
12 36 35
13 36 35
11 37 35
12 36 34
12 37 35
13 37 34
12 36 34
12 37 35
12 36 36
13 36 35
12 36 35
11 37 35
10 39 36
08 40 38
05 42 37
06 44 38
06 51 41
09 45 42
10 40 40
17 37 43
21 41 47
24 40 48
26 43 48
29 41 47
30 37 43
32 38 46
34 38 50
35 39 46
34 37 46
31 38 49
32 40 49
30 41 50
29 36 50
30 40 52
30 40 53
33 40 52
32 41 53
33 40 53
34 39 52
32 37 55
30 36 54
30 39 52
32 39 52
32 38 52
34 38 52
