30 36 52
30 36 32
32 30 36
32 30 36
32 30 36
32 33 36
32 30 36
30 37 50
31 37 50
29 38 50
32 39 48
32 41 46
34 39 44
34 39 41
31 39 42
32 42 43
31 43 43
28 46 44
26 48 43
22 41 40
17 40 37
07 44 33
00 36 29
00 42 37
00 50 38
14 40 32
10 32 30
07 28 30
08 29 30
11 32 33
15 38 36
16 38 36
15 39 38
15 36 36
15 36 33
14 37 33
13 36 33
11 35 32
08 36 32
04 36 32
01 35 32
00 34 30
00 35 31
02 35 32
09 32 33
15 31 33
18 30 32
16 32 31
16 32 32
16 33 35
18 34 35
18 35 34
20 34 34
19 34 34
19 34 34
16 35 35
14 36 35
08 36 36
06 37 35
04 35 36
00 36 38
01 38 38
08 38 39
09 36 35
10 34 31
09 34 30
11 34 31
14 33 31
16 33 30
17 36 33
16 35 31
15 37 31
15 36 30
12 36 30
09 36 30
06 37 31
05 37 30
02 35 31
03 34 30
09 36 31
14 35 34
15 35 34
15 36 34
15 36 34
16 37 34
17 37 36
16 38 35
20 36 36
17 37 35
15 36 37
10 37 37
04 37 36
03 36 37
04 35 38
03 36 40
01 37 40
03 37 38
13 35 38
15 37 35
10 36 33
11 35 31
13 33 29
16 34 30
17 35 31
19 36 32
18 36 31
17 37 29
12 36 29
10 35 29
03 37 29
01 36 28
00 36 30
02 36 30
04 36 31
10 36 33
15 35 35
16 35 34
15 36 33
16 36 33
17 38 33
19 37 36
19 39 36
21 37 37
17 37 34
16 37 35
13 35 36
08 36 35
06 34 35
05 34 36
03 37 37
01 38 37
01 36 38
10 35 38
12 35 35
10 35 33
10 34 32
12 33 32
14 33 33
16 36 31
18 36 33
19 36 33
17 35 31
15 35 30
14 34 30
12 34 29
08 36 30
03 38 29
01 39 31
01 40 31
03 38 32
09 36 31
11 36 33
11 38 32
13 37 31
14 38 32
15 38 32
16 39 30
17 39 32
18 37 32
17 38 31
16 38 33
13 38 31
09 37 33
07 37 33
06 37 36
04 36 38
03 38 40
03 38 43
11 38 43
11 35 40
10 34 37
09 32 35
10 34 34
14 34 34
16 36 34
17 34 34
19 36 33
17 35 32
15 35 31
12 34 30
11 36 31
08 35 31
05 38 31
04 39 31
01 38 31
04 38 32
08 38 32
12 38 32
14 37 31
16 37 32
17 37 32
16 39 32
17 40 31
17 39 32
16 38 30
15 38 32
14 38 33
10 40 34
07 38 34
06 38 34
04 39 36
00 39 39
05 38 40
15 38 40
14 37 38
12 36 36
10 34 34
09 33 32
10 34 31
12 35 32
13 37 34
15 36 34
13 36 33
13 36 31
10 36 31
07 37 30
03 35 30
05 35 29
04 37 30
04 37 30
05 37 31
09 36 31
11 37 31
13 35 31
13 37 32
15 36 33
17 37 34
14 39 32
18 37 34
17 38 33
16 39 33
15 37 35
11 37 34
08 36 35
06 38 36
05 37 38
02 38 38
03 37 41
11 38 40
12 36 37
11 36 33
09 34 32
12 33 32
13 33 32
15 36 31
15 36 32
17 35 31
16 38 31
14 35 30
13 36 30
08 35 29
03 36 29
02 35 30
01 36 30
02 35 31
04 36 31
13 35 34
14 36 34
14 35 34
16 35 34
16 35 35
15 36 34
18 37 36
17 37 37
19 38 36
19 37 37
16 35 39
16 35 38
11 36 40
06 36 40
05 35 39
03 37 38
00 35 37
00 36 36
04 34 36
15 37 36
15 36 35
13 36 33
12 37 31
12 34 32
16 37 33
19 38 32
18 37 33
19 39 32
18 38 33
12 40 34
08 42 35
02 45 37
00 45 39
00 50 41
03 49 43
10 49 46
14 47 47
19 45 47
22 43 47
26 40 45
29 37 43
31 36 43
31 36 42
32 36 42
33 37 41
35 39 41
33 38 41
34 40 44
34 44 49
35 45 54
35 48 57
36 46 59
37 45 58
35 47 56
31 50 59
28 48 56
29 43 48
30 42 46
32 41 44
32 39 44
31 41 44
31 41 44
31 38 44
32 38 42
32 37 44
32 39 47
33 38 46
34 38 47
34 42 50
33 41 53
33 44 58
34 41 60
33 44 60
32 48 60
32 47 59
31 46 58
29 47 55
29 43 53
29 40 50
30 40 50
32 40 49
32 37 48
31 36 48
32 37 46
34 37 46
33 35 46
32 36 45
34 36 46
32 36 50
36 37 52
35 38 54
34 41 57
34 40 59
32 43 59
30 44 61
29 43 60
31 43 55
33 40 49
32 42 49
32 40 47
32 39 47
31 39 48
32 42 47
33 40 47
32 40 47
34 39 48
33 39 48
34 39 49
33 38 51
34 39 51
34 39 51
33 41 50
36 39 50
34 41 50
33 41 52
32 40 51
31 40 52
30 39 52
30 37 53
31 36 53
30 39 54
30 39 53
