33 42 50
32 41 50
37 33 32
32 41 50
32 41 51
32 44 49
33 46 46
34 47 45
33 49 45
33 48 43
34 44 44
31 43 45
30 44 44
26 52 49
27 46 47
26 45 46
26 45 46
26 43 45
24 46 47
22 43 46
23 43 45
22 41 47
20 40 44
19 39 46
21 36 47
19 34 44
17 35 42
18 32 39
05 36 48
05 33 42
03 33 35
00 30 36
00 30 38
00 33 38
06 35 36
11 32 33
12 33 32
13 35 31
13 35 30
11 37 31
11 38 30
12 33 29
14 36 29
14 36 31
17 34 32
18 36 33
18 37 33
17 38 33
16 37 33
14 36 34
11 37 35
08 37 35
05 36 34
00 36 33
00 37 32
03 36 32
10 33 32
17 35 33
16 35 36
15 34 34
14 34 34
14 35 35
15 34 35
16 36 36
16 36 36
18 35 35
18 37 36
20 36 37
16 35 37
16 37 38
13 37 37
12 36 37
09 36 37
05 37 37
02 36 36
02 36 36
04 40 38
10 38 36
13 35 34
13 34 34
14 35 33
13 35 32
14 36 33
15 35 34
16 38 33
17 36 32
16 38 34
16 39 33
15 37 32
14 36 33
10 36 33
08 36 33
06 36 31
06 35 32
03 35 31
03 35 30
08 33 31
15 34 32
17 33 35
16 34 34
14 34 34
14 37 35
15 34 36
17 36 35
16 37 36
17 36 35
16 41 38
15 39 38
15 33 39
14 37 39
13 37 39
11 39 37
09 39 36
06 37 34
06 40 34
03 40 34
06 39 35
10 39 35
12 39 33
13 37 32
11 37 32
12 35 31
14 35 32
17 35 31
17 37 32
16 37 33
15 36 32
17 38 32
17 37 32
15 37 34
13 37 33
10 36 33
08 36 32
07 35 31
03 37 32
01 36 32
05 35 32
12 33 32
18 35 34
15 35 35
15 36 35
16 37 35
18 37 37
18 37 35
18 37 35
19 37 36
16 39 36
17 37 37
17 37 36
15 39 37
12 39 38
12 38 38
09 38 37
07 38 36
06 37 36
03 37 37
04 40 38
05 40 38
12 37 36
13 36 34
13 36 33
13 35 33
14 34 33
15 35 33
16 38 32
16 35 32
17 37 31
17 38 32
18 36 33
16 38 32
16 37 32
14 37 33
12 38 33
10 36 33
08 36 33
06 37 36
05 36 35
03 37 34
01 38 35
04 37 34
11 35 35
14 33 36
13 34 35
14 33 32
15 35 33
13 36 34
16 36 34
16 36 34
16 37 36
16 36 36
17 37 36
17 37 35
16 37 36
18 37 35
14 34 36
12 37 36
10 37 36
09 36 34
09 35 36
07 38 37
03 38 35
05 39 36
11 38 37
12 39 36
11 38 35
11 34 33
11 33 33
13 34 33
15 34 32
15 35 33
15 36 33
17 37 33
17 35 33
15 37 33
14 37 32
12 36 33
11 36 32
09 37 32
08 36 33
07 36 34
02 38 33
02 37 32
04 36 32
13 35 33
17 35 36
15 33 34
14 30 32
14 29 30
15 30 32
17 33 33
18 35 35
16 36 35
16 37 35
17 38 37
16 36 36
16 35 35
14 35 35
12 35 37
12 35 35
10 36 36
06 35 36
05 37 35
04 37 35
05 37 38
09 38 37
12 37 34
12 34 31
11 34 30
13 34 31
16 35 32
16 36 31
17 36 30
18 38 32
16 38 31
17 38 31
17 36 31
14 36 33
14 37 32
13 38 32
11 36 33
10 37 33
08 35 33
05 35 33
01 37 34
02 34 31
05 35 33
10 34 35
15 33 35
14 35 35
14 34 35
14 34 34
16 33 33
16 35 34
17 35 34
18 35 36
17 37 36
17 36 36
17 37 37
17 34 35
15 34 35
14 36 37
12 35 37
10 36 37
09 35 36
07 35 36
06 34 34
04 37 34
03 36 35
05 36 34
09 34 33
13 35 33
12 35 31
13 34 31
13 33 31
14 34 30
15 33 30
15 35 31
15 34 30
15 35 31
17 35 30
16 37 31
14 36 32
15 38 32
13 38 32
14 37 33
13 36 31
12 36 32
09 36 32
08 38 32
06 37 31
03 36 30
02 34 31
04 35 31
10 35 33
14 34 32
14 31 33
14 30 32
14 32 31
15 29 30
16 30 32
17 31 33
18 32 33
20 31 33
19 33 33
15 33 33
12 34 33
10 33 34
10 32 35
13 33 37
13 31 37
11 29 34
12 31 33
12 32 32
13 35 32
14 33 33
12 34 34
09 34 35
11 33 34
12 31 35
12 30 35
14 28 35
12 36 34
11 37 35
12 37 32
13 34 33
12 34 34
11 35 35
12 34 35
12 35 34
12 37 35
11 37 34
13 37 34
13 36 34
11 37 35
12 37 36
12 36 35
12 36 35
13 36 34
12 36 36
12 35 34
13 36 35
12 36 34
13 36 35
11 36 34
12 35 35
11 37 35
12 35 35
13 36 35
12 36 35
13 36 36
13 35 35
12 35 34
12 36 34
11 35 35
11 37 35
11 37 35
12 36 36
11 36 35
11 36 35
13 35 35
14 36 35
13 37 35
12 37 35
12 36 36
11 38 37
10 38 37
09 36 37
07 42 40
07 42 39
08 44 43
09 44 45
11 45 47
14 44 47
20 41 46
23 41 47
26 42 46
27 40 47
31 39 45
35 35 43
35 40 45
36 42 48
36 41 46
36 39 46
36 40 49
33 43 50
34 39 52
33 39 52
32 39 51
34 40 52
35 39 52
36 38 52
36 37 51
35 39 52
36 39 52
37 39 51
37 40 52
37 39 52
36 39 51
36 40 52
36 39 51
36 39 51
36 40 52
37 39 52
36 40 52
37 40 52
36 39 52
36 40 51
37 39 52
36 39 53
36 40 51
36 39 52
37 40 51
37 39 51
36 39 52
37 40 52
37 40 51
37 40 51
37 38 52
37 39 52
38 39 51
36 40 52
36 39 52
36 39 53
37 38 52
36 40 49
36 40 50
38 39 53
36 38 51
37 39 52
36 39 51
35 37 51
36 38 52
