12 35 36
12 35 36
13 34 37
12 34 37
13 35 37
12 34 37
11 34 38
12 33 35
12 34 36
12 35 36
11 35 36
11 35 36
12 35 36
14 35 37
13 34 36
13 36 36
14 35 36
13 35 37
13 36 37
13 36 36
13 37 36
12 36 37
13 36 36
12 36 36
12 35 36
12 35 36
12 34 35
11 34 35
13 34 36
12 35 35
12 35 35
12 35 35
11 34 37
10 33 35
07 31 34
05 32 35
09 32 37
12 32 35
10 36 35
09 36 36
11 35 35
14 33 36
15 34 36
13 34 35
14 35 35
13 35 36
13 33 37
12 34 36
14 33 38
12 33 38
13 33 37
14 32 38
14 32 37
12 32 38
11 33 36
09 32 36
08 32 35
07 33 33
07 33 33
10 32 34
12 33 34
13 33 33
13 33 32
11 33 32
12 32 32
12 34 32
12 35 32
13 33 34
12 35 33
14 34 34
14 34 34
14 34 33
15 33 35
14 33 35
13 33 33
12 35 35
07 34 34
05 34 35
04 34 35
04 36 35
10 34 35
13 34 34
17 33 35
16 34 36
15 32 36
14 32 33
13 32 35
13 34 35
12 34 35
14 34 37
15 33 35
15 35 37
14 33 37
13 33 37
13 35 36
12 35 37
11 35 36
09 35 36
09 34 37
12 34 36
09 35 36
11 35 35
11 35 35
11 36 33
11 34 34
11 34 32
13 34 34
13 35 32
15 36 33
15 35 33
14 35 34
15 36 32
13 34 35
11 34 34
13 35 34
11 34 34
11 34 33
13 35 34
13 35 34
14 35 34
13 33 34
13 34 33
11 33 34
10 33 33
06 34 33
05 35 33
08 33 34
12 33 36
13 33 35
15 34 35
14 33 36
12 33 35
11 33 35
12 33 36
12 36 36
13 35 36
14 35 36
13 33 37
13 34 37
14 33 36
15 33 37
14 33 38
14 34 36
11 33 37
10 33 36
12 34 36
10 32 36
08 33 34
08 35 34
09 35 35
11 36 33
11 33 33
14 34 33
13 36 34
12 35 33
13 34 33
14 33 33
14 35 33
13 35 33
13 33 32
13 35 33
13 34 33
14 34 33
15 33 33
15 34 34
13 34 34
10 35 34
08 36 35
06 37 35
06 35 34
07 34 35
08 34 35
13 33 35
15 34 36
14 33 35
14 31 34
13 31 34
14 32 34
11 34 36
13 34 36
14 33 36
14 34 38
15 33 36
13 31 37
14 33 37
13 33 37
13 34 37
12 34 36
11 33 36
11 34 37
10 34 36
10 34 36
10 35 36
09 36 35
09 37 36
11 35 34
12 34 34
12 33 34
12 35 34
13 35 34
14 35 33
13 35 33
13 35 33
14 35 33
13 35 34
14 34 34
13 34 34
11 36 34
13 35 34
11 35 33
11 34 34
11 35 35
12 35 34
11 34 34
10 33 35
08 34 34
06 34 34
04 34 35
05 33 33
11 34 35
16 34 35
16 36 35
16 36 35
15 34 34
15 33 34
13 34 34
13 35 35
13 34 33
13 33 34
12 32 34
14 33 35
14 33 34
12 33 35
11 33 35
12 32 35
11 33 35
10 33 36
12 33 36
11 33 35
09 34 35
09 34 35
10 33 34
09 33 34
11 34 34
12 34 32
12 35 33
13 34 33
12 35 33
15 33 32
14 35 34
14 34 34
15 33 34
15 33 34
14 33 34
14 35 34
13 35 33
11 36 34
12 35 32
11 34 33
12 36 34
13 33 33
13 35 33
12 35 32
11 35 34
12 35 34
08 34 34
05 35 34
04 34 35
01 33 35
06 32 36
14 33 35
16 32 35
16 33 34
15 31 35
14 31 33
14 32 33
14 32 34
14 33 35
15 35 36
15 34 35
15 33 35
14 34 37
12 34 37
12 32 37
13 33 36
12 34 37
12 32 36
11 34 36
12 34 36
11 34 35
09 33 34
09 32 34
06 34 34
07 33 34
09 33 34
10 34 32
11 32 33
13 32 33
13 33 33
14 35 33
16 35 33
16 35 33
17 35 32
16 36 33
14 34 33
13 35 33
13 34 34
12 35 34
11 35 34
12 34 34
11 33 33
09 34 34
10 35 34
07 33 34
05 32 34
04 32 34
09 33 34
15 32 34
15 31 34
14 33 34
15 31 34
14 30 34
14 32 34
14 34 35
15 34 35
14 34 35
16 35 36
15 34 36
14 34 36
14 34 36
13 34 36
12 34 37
11 34 37
12 34 38
14 32 37
15 34 38
14 33 38
13 33 37
13 33 37
10 33 35
09 33 36
08 34 35
09 33 34
11 32 34
13 33 34
12 33 34
09 32 33
10 32 32
11 31 31
13 31 33
14 33 33
14 32 32
12 33 32
11 32 33
12 33 33
13 34 33
13 33 33
13 32 35
15 32 35
15 32 34
14 32 34
08 32 36
06 32 36
11 31 37
