39 38 49
37 43 48
37 33 32
38 40 47
38 40 47
39 37 48
39 38 48
37 37 47
36 36 46
36 40 49
31 37 47
29 39 47
29 41 50
27 44 50
26 43 47
25 40 47
25 44 47
23 49 48
23 49 46
23 46 45
19 51 48
17 53 46
18 52 42
15 48 42
10 45 38
08 45 38
07 46 40
06 47 39
09 45 38
12 44 32
09 46 32
11 45 31
11 44 31
12 41 33
16 42 33
17 42 31
18 42 31
18 41 32
19 41 32
18 42 32
18 44 33
14 42 32
15 44 32
10 43 33
08 43 31
09 46 32
05 49 33
05 45 32
11 42 31
18 41 36
17 40 36
15 40 34
15 39 35
16 37 36
15 41 37
17 40 36
18 40 36
19 39 35
18 40 35
18 38 34
18 41 35
17 39 37
16 45 39
14 49 41
11 47 40
10 45 38
08 48 35
07 49 36
09 48 37
12 47 35
14 45 33
11 43 31
13 42 31
14 41 31
15 41 32
17 40 32
19 40 32
19 41 32
18 41 32
18 42 31
18 41 31
18 41 31
17 43 33
15 44 32
14 45 32
12 45 33
09 46 34
06 47 33
01 47 33
05 44 32
13 42 32
18 39 35
16 42 35
15 41 36
15 40 34
20 37 33
17 41 34
18 42 34
19 40 33
19 38 34
16 42 35
14 42 35
13 41 35
12 40 37
12 39 35
11 41 35
12 41 33
10 42 33
09 41 32
07 43 33
07 42 35
13 42 35
12 41 33
11 40 32
12 40 32
13 40 32
15 39 32
16 39 32
17 40 33
18 40 32
17 42 32
18 41 32
18 41 33
16 42 32
17 43 32
13 43 33
11 43 33
12 42 32
08 45 33
04 44 27
03 48 30
08 42 31
16 35 32
17 36 32
13 36 33
12 37 33
14 36 32
15 40 34
17 40 35
18 39 36
18 40 36
18 38 35
16 38 34
15 39 34
15 41 34
14 40 35
14 40 34
13 42 33
12 42 34
11 43 35
10 43 36
07 42 37
04 43 36
07 49 35
12 47 35
14 43 34
11 40 32
11 39 32
11 38 31
13 39 31
15 40 32
17 41 33
18 41 33
19 40 33
21 40 33
18 40 32
17 41 32
16 42 32
15 43 30
11 42 31
10 42 31
09 44 32
06 46 31
07 47 32
08 45 30
14 38 34
19 38 36
12 37 33
12 37 30
13 38 33
10 39 34
17 38 34
17 38 34
17 38 35
18 38 34
19 40 33
17 41 33
15 41 33
16 42 33
15 42 34
13 44 36
15 44 35
11 41 35
10 42 36
08 44 36
02 44 37
04 47 37
10 44 38
14 42 33
12 40 31
14 39 30
16 39 32
17 41 32
17 43 32
18 41 32
18 41 33
18 41 33
17 41 34
17 41 33
15 42 33
14 43 34
13 42 33
11 43 33
08 42 32
08 43 32
04 45 31
04 43 30
10 41 32
16 40 33
13 39 33
13 39 30
16 40 30
17 39 33
20 42 38
20 41 36
21 41 36
22 40 37
18 41 37
16 42 35
16 43 35
14 43 33
14 42 33
14 42 33
13 43 34
11 40 34
10 41 36
07 43 36
07 44 37
07 49 39
13 45 36
15 43 33
13 42 31
12 41 31
13 38 30
16 40 30
18 41 31
18 41 31
18 40 31
18 40 31
17 41 32
16 41 30
15 44 32
14 43 32
12 43 33
10 43 33
08 42 33
06 43 33
04 44 32
04 42 31
11 38 31
17 36 34
15 37 35
13 37 33
12 39 33
15 37 35
20 39 33
19 39 34
19 40 33
18 40 34
17 40 35
16 41 36
15 43 39
15 41 35
14 37 31
12 42 33
11 44 36
13 47 37
10 48 38
01 50 34
03 47 34
08 43 38
16 38 33
15 40 31
12 41 31
16 41 32
14 43 33
16 41 33
16 40 32
17 39 31
18 40 32
18 39 31
19 41 32
18 41 32
18 41 32
15 41 33
14 42 33
11 42 33
06 43 33
07 43 31
03 45 34
02 44 32
10 42 32
18 38 35
15 38 34
15 39 33
15 39 34
17 38 33
18 40 34
20 39 34
19 40 35
21 41 35
20 40 36
18 41 34
16 40 35
16 41 35
14 42 36
13 43 35
11 44 35
08 41 35
07 43 36
04 42 37
01 44 37
07 44 37
15 43 35
14 40 31
12 40 29
14 39 30
18 40 29
19 42 30
19 40 31
19 40 31
18 40 30
18 41 32
16 41 31
15 42 31
14 42 32
14 42 32
10 42 32
12 42 31
08 43 32
06 42 30
04 43 29
03 40 26
11 36 30
16 38 35
15 38 34
12 40 32
13 40 34
15 40 33
18 38 34
17 39 33
18 40 34
19 39 34
20 40 34
20 40 34
17 41 36
17 40 35
15 41 35
13 41 34
12 42 34
13 40 36
10 41 35
07 42 35
05 42 35
05 45 33
07 45 35
11 43 34
13 41 34
13 41 32
12 40 30
12 40 30
15 39 30
16 40 31
19 40 29
18 39 27
20 41 30
19 40 31
20 40 29
17 41 32
14 41 31
13 42 31
13 42 31
14 43 33
12 44 33
12 46 32
10 46 31
07 50 31
04 50 29
03 51 28
08 51 29
14 49 30
17 48 32
18 50 33
18 48 33
19 47 34
21 50 36
23 53 36
24 50 37
27 51 38
28 48 39
31 48 39
33 48 37
35 47 39
35 43 39
36 41 36
39 44 39
39 38 41
43 46 44
43 43 46
45 45 43
43 39 43
43 39 46
42 40 48
41 40 52
41 34 54
39 33 50
42 39 51
42 35 51
43 34 50
43 36 50
42 34 50
44 35 50
43 35 52
44 36 49
44 37 49
43 34 52
45 35 51
44 32 50
43 35 51
43 35 49
43 34 49
