36 39 51
35 38 51
35 36 51
35 38 49
36 39 51
38 38 49
37 40 50
35 39 50
36 38 47
34 42 51
32 40 49
29 36 46
29 38 51
27 39 51
26 37 48
22 42 57
22 40 55
19 40 54
21 41 55
23 38 52
23 37 51
24 37 52
25 36 49
24 36 49
25 37 49
24 37 50
23 38 50
24 38 50
24 37 49
23 37 49
22 38 51
20 39 50
21 38 52
20 41 53
18 41 50
17 40 50
17 41 50
14 42 47
14 41 45
14 44 45
13 41 43
16 42 41
15 40 42
16 41 41
16 42 41
17 41 41
18 39 42
18 39 42
19 37 43
18 39 44
17 38 43
17 38 43
18 37 43
18 37 44
19 37 43
17 39 44
19 39 44
17 38 44
16 40 46
13 40 47
11 40 46
11 40 48
10 39 47
08 38 44
12 36 42
14 37 42
16 37 42
15 33 40
17 35 39
16 35 41
17 36 40
17 34 40
16 36 40
19 36 40
20 36 40
19 36 40
22 35 38
20 36 39
19 38 39
17 36 38
14 38 39
08 37 39
04 37 37
04 36 36
03 35 36
02 35 36
01 37 35
05 37 36
12 36 35
14 35 34
12 35 31
13 35 30
13 34 30
14 36 32
15 37 32
15 34 33
16 37 32
15 37 33
15 36 32
16 36 32
13 36 33
13 36 33
12 37 33
10 36 34
09 37 32
06 36 31
07 37 30
07 35 30
04 35 31
04 34 30
08 32 30
14 33 32
13 35 34
12 34 35
12 35 36
13 34 36
14 33 36
15 34 37
16 37 35
17 35 36
17 35 36
18 34 35
18 35 35
15 36 34
11 35 34
09 34 33
07 34 34
07 35 34
06 37 34
04 36 34
04 37 34
05 35 34
10 35 34
08 35 33
09 35 33
11 34 34
13 36 35
14 36 33
14 36 33
16 34 34
15 33 34
17 34 34
17 36 33
16 36 33
14 36 33
12 35 33
10 36 33
10 34 32
05 36 32
02 35 32
01 38 31
04 34 33
12 34 32
17 32 33
14 36 36
13 33 34
12 34 34
14 33 35
15 33 36
16 33 35
16 33 35
17 33 34
17 34 36
15 34 35
14 34 34
15 35 33
13 36 36
11 34 35
11 35 35
10 34 35
08 34 35
05 36 35
04 35 36
04 35 37
06 33 36
11 33 34
09 31 32
09 31 32
12 28 30
13 30 30
15 32 30
15 32 29
14 31 29
14 35 31
15 33 30
15 35 30
15 34 31
13 35 30
13 35 31
11 36 31
11 35 31
08 35 31
04 36 32
04 35 31
02 34 30
05 32 30
13 30 32
14 31 33
13 30 33
11 30 32
14 30 33
15 29 33
15 31 33
14 30 32
17 31 33
15 34 32
15 33 32
13 34 33
14 34 32
13 36 33
13 35 33
12 34 34
12 35 35
10 33 34
11 34 35
08 35 35
07 34 34
07 32 34
04 34 34
04 33 34
07 30 32
12 31 33
11 29 31
10 31 30
12 30 30
12 30 30
14 32 28
14 30 29
14 30 30
14 31 29
14 31 29
14 33 30
14 34 29
12 34 30
13 34 31
12 35 31
11 35 30
11 34 31
10 36 30
09 34 31
08 33 31
07 33 31
05 33 29
03 32 30
05 31 31
10 31 30
14 31 32
14 31 33
11 31 33
12 31 32
12 31 33
16 31 32
16 31 32
17 32 32
16 32 32
15 32 33
15 33 32
11 33 32
12 31 32
12 33 32
11 34 32
10 34 32
11 34 33
11 34 33
12 33 33
13 34 33
12 34 33
12 33 32
12 33 33
11 34 32
09 34 31
10 33 33
07 34 32
07 32 32
07 31 31
04 31 32
05 31 32
07 31 32
09 29 31
13 30 31
12 29 30
13 29 30
14 26 30
15 28 32
13 28 31
13 29 30
16 27 31
15 28 31
14 27 29
12 29 28
13 29 29
13 28 29
14 30 29
13 29 29
13 28 30
13 28 29
12 27 29
13 28 28
09 28 28
11 26 28
10 27 28
09 28 29
08 27 29
09 27 28
09 25 28
09 26 29
13 25 29
11 26 29
13 26 30
13 27 31
13 27 31
13 27 30
12 26 31
14 27 31
13 29 33
14 28 34
15 30 34
16 30 35
15 29 35
13 30 33
12 30 35
11 31 35
11 31 36
09 29 36
11 27 35
10 30 35
11 29 36
11 31 36
12 32 36
13 33 37
14 34 37
13 33 37
14 34 37
13 35 38
13 35 38
13 36 39
10 35 39
10 35 38
08 35 40
09 34 39
07 35 38
03 34 36
06 31 33
10 32 32
11 33 31
10 34 31
11 34 28
12 33 28
13 34 31
14 34 31
15 35 30
17 36 31
15 35 30
14 36 31
13 36 31
14 37 31
13 36 33
14 36 32
14 36 33
14 37 33
13 38 32
13 38 33
14 37 32
11 37 33
11 37 33
10 35 32
11 35 33
11 35 34
10 36 32
07 37 32
07 39 33
06 38 31
06 37 32
06 38 31
05 36 31
07 37 32
10 36 32
13 34 32
12 33 33
12 35 34
13 34 32
15 33 33
16 33 32
17 33 33
19 35 33
17 35 35
16 35 35
15 36 35
13 35 34
12 34 33
13 35 32
11 35 33
11 36 33
11 38 33
10 37 35
11 38 35
10 36 35
09 33 34
08 34 34
05 34 34
06 30 34
10 29 32
12 31 31
09 36 30
09 32 29
11 33 32
12 34 32
13 33 31
15 33 30
15 33 31
15 32 30
13 32 31
13 33 32
13 35 32
13 35 32
12 36 32
11 37 33
11 36 33
13 35 32
12 35 34
12 36 34
11 37 33
10 35 32
07 34 30
02 35 30
03 33 30
07 30 29
12 31 32
14 29 32
12 27 33
11 29 32
10 29 33
13 31 33
14 32 34
16 32 34
16 31 32
17 33 33
16 34 33
16 33 33
15 32 33
15 33 34
14 32 33
12 34 34
11 34 35
12 33 35
10 32 36
09 33 35
08 33 34
06 35 35
05 36 36
04 35 33
06 34 33
11 35 32
11 32 31
12 31 29
11 33 29
13 34 31
14 35 30
14 35 32
14 34 31
13 35 29
13 35 30
14 33 30
13 34 31
13 36 31
12 37 32
11 37 33
12 34 32
11 35 32
11 36 32
12 34 30
10 35 31
09 36 32
08 35 31
06 36 30
06 37 29
05 36 31
07 35 31
12 33 31
12 31 31
12 32 31
10 33 32
10 34 31
12 37 33
11 39 35
09 42 34
07 41 35
06 42 37
09 42 37
12 44 38
16 43 38
21 38 37
27 38 42
28 44 42
27 45 39
28 49 40
31 45 42
34 45 41
37 46 40
37 46 40
39 44 42
38 43 44
39 42 44
38 40 47
38 43 48
36 41 50
36 37 51
35 36 51
37 35 53
38 33 53
38 33 53
40 33 52
41 33 52
40 32 50
40 33 52
40 33 53
39 34 52
39 34 51
40 34 51
39 34 52
40 34 52
40 33 50
40 33 52
39 32 52
40 33 52
40 33 52
40 33 51
39 32 52
40 33 52
38 33 53
39 33 50
40 33 50
40 33 51
40 33 53
40 33 51
40 31 51
40 33 51
40 32 51
41 32 53
