14 40 38
13 40 38
13 40 38
13 40 38
15 40 38
14 41 38
14 40 38
15 39 37
14 40 38
14 40 39
14 40 39
16 40 39
15 41 39
16 41 39
16 41 39
14 43 38
15 43 38
14 43 40
14 45 39
16 46 37
16 45 37
16 45 36
17 45 37
16 44 37
16 43 36
15 43 37
15 43 36
16 44 35
15 43 36
16 42 35
13 43 35
14 41 35
12 42 36
10 44 35
08 45 34
07 45 35
10 44 35
13 43 35
15 42 33
13 41 34
14 41 35
12 38 35
12 38 35
12 37 36
14 36 35
16 37 36
16 37 36
17 39 36
18 39 37
20 38 37
19 40 36
19 40 35
14 42 36
12 43 37
10 43 39
07 45 39
09 43 40
09 43 40
07 43 39
11 44 36
17 42 36
19 41 34
18 42 33
18 43 34
14 45 32
14 44 31
15 41 32
15 44 31
17 43 32
15 43 32
17 42 32
18 42 33
18 42 34
18 40 34
19 40 33
16 41 34
12 41 33
05 41 33
04 43 35
04 45 34
06 45 34
08 47 36
09 47 37
15 41 36
18 39 37
18 39 35
15 38 34
12 38 33
12 38 34
14 38 35
16 39 36
17 39 36
17 39 36
17 40 35
18 39 36
17 39 35
18 39 34
17 41 35
15 41 37
13 42 37
08 44 37
06 43 38
06 44 39
05 44 40
05 45 40
11 42 39
15 41 37
19 43 37
18 43 35
18 44 34
15 44 33
14 44 34
15 43 32
17 43 32
16 44 32
16 46 32
17 43 32
18 43 33
18 43 32
20 41 32
19 42 32
19 40 33
18 39 33
13 40 33
07 42 35
04 45 36
01 46 36
04 45 37
07 46 38
12 46 38
17 41 36
17 39 34
17 38 34
14 39 35
12 39 34
14 40 35
15 39 36
15 38 36
16 39 37
17 38 35
19 38 36
21 38 35
20 37 35
20 39 35
18 40 35
16 41 36
13 42 38
11 44 39
08 43 39
05 43 41
04 44 41
04 45 41
08 43 40
17 42 37
18 40 36
17 40 35
15 39 34
13 41 33
13 41 34
13 43 33
14 44 33
16 45 33
16 44 34
16 45 34
18 43 33
19 43 34
19 42 33
20 40 34
22 40 35
20 39 35
18 42 34
13 43 36
08 45 37
05 47 39
03 46 39
04 48 38
08 46 39
14 45 39
19 42 39
20 40 36
17 41 36
15 40 35
15 40 35
14 40 34
14 39 36
14 39 36
16 41 36
15 39 36
17 39 36
17 39 37
19 40 36
18 39 36
17 40 38
16 40 37
16 40 37
14 40 39
12 42 39
10 42 41
08 44 41
05 46 41
08 44 40
14 42 38
15 42 37
17 42 35
16 41 35
15 43 34
14 44 32
14 42 33
14 43 31
15 43 31
16 44 32
17 44 32
18 42 31
17 42 31
19 41 32
19 40 32
20 40 32
17 40 32
18 41 32
12 42 34
06 45 34
04 47 36
01 47 36
02 47 36
02 48 36
10 46 36
17 43 36
21 40 36
20 39 36
17 40 35
16 38 34
14 38 34
15 38 33
14 38 33
14 39 33
14 36 33
14 36 33
13 37 33
15 37 34
15 38 33
15 40 33
13 40 34
15 40 35
15 41 36
16 41 37
15 42 36
16 42 37
14 41 37
13 42 38
10 42 37
08 41 38
09 43 37
10 41 37
11 41 37
13 40 35
12 39 35
11 39 33
12 38 33
12 39 33
13 40 32
16 41 32
16 41 31
15 43 33
16 45 34
15 44 32
14 45 34
14 45 34
16 44 35
15 43 35
16 43 36
15 43 35
16 43 37
16 42 38
16 42 36
12 43 37
10 44 36
13 43 37
14 45 36
17 44 37
16 43 37
16 42 37
16 41 36
16 42 37
14 41 37
13 41 39
14 39 39
15 37 41
15 36 39
16 38 41
15 39 40
15 41 41
14 41 39
14 39 38
15 40 38
16 40 38
16 39 38
14 39 38
14 40 38
13 40 38
10 42 38
12 42 37
14 38 37
15 40 37
14 40 37
14 39 37
13 41 37
14 42 37
15 42 38
16 41 36
16 39 37
15 40 37
14 41 38
15 40 37
15 42 37
15 40 38
13 42 39
12 41 37
13 42 37
12 43 38
14 42 38
14 44 38
15 44 39
15 43 38
16 43 38
16 44 38
14 44 40
15 42 39
15 42 38
14 42 38
14 41 39
14 39 38
14 39 38
12 38 39
12 38 38
13 36 39
13 36 39
13 37 38
13 39 38
14 39 38
15 40 38
15 40 38
14 41 38
15 41 39
14 39 38
13 39 38
13 40 38
14 42 40
14 40 40
14 41 40
15 41 38
15 40 39
14 40 38
14 38 38
15 41 39
14 40 38
14 40 38
14 41 38
14 40 38
13 41 37
14 38 39
14 41 38
15 40 38
15 39 38
13 39 38
14 39 39
15 39 38
14 40 38
14 40 38
14 38 38
14 38 38
13 40 39
13 41 39
14 38 40
14 39 39
14 38 38
14 40 39
14 41 39
14 40 38
14 38 38
15 40 39
14 39 38
14 39 38
14 39 38
13 40 38
15 39 38
14 39 38
15 39 38
13 39 38
14 39 37
13 39 37
14 38 38
14 39 37
13 41 39
14 38 39
14 39 38
13 38 38
13 40 38
13 37 38
14 39 37
14 38 39
14 39 39
14 38 37
13 39 38
14 39 38
14 39 38
14 38 38
14 38 38
13 38 38
15 39 38
14 38 38
14 39 38
14 39 38
13 39 39
13 39 38
15 38 38
14 39 38
13 39 38
14 40 38
12 40 37
13 38 39
13 37 37
13 39 37
14 39 37
14 38 37
14 39 37
13 39 38
13 37 38
13 39 37
13 39 37
14 39 38
12 38 38
13 38 38
14 38 37
14 39 37
13 39 37
12 39 38
12 40 37
13 38 38
13 38 37
13 39 38
13 39 37
13 39 37
13 39 37
13 39 38
13 39 37
12 39 38
13 40 38
13 40 37
15 39 37
13 39 38
13 39 37
13 39 37
13 40 37
14 39 38
13 38 38
14 39 37
13 38 38
14 39 38
13 39 37
13 37 38
14 38 38
14 39 37
13 38 38
14 38 37
13 39 37
14 40 38
13 38 37
14 38 37
12 39 38
15 39 37
14 40 38
13 39 37
13 38 37
13 38 38
14 38 38
13 39 38
14 39 39
13 39 38
14 38 38
13 38 38
