13 39 34
13 39 33
15 38 34
15 38 33
13 38 34
14 37 35
13 38 35
12 38 34
12 39 33
14 38 33
15 37 34
13 38 34
12 39 34
11 39 35
11 40 34
12 37 35
13 37 35
14 37 35
13 38 35
13 38 36
12 38 35
13 39 35
12 38 34
13 38 34
12 38 35
14 38 34
13 38 34
11 40 34
12 40 34
13 39 35
13 39 36
12 38 34
09 39 35
05 39 34
03 39 33
02 40 34
04 39 34
09 38 35
11 36 36
11 35 35
13 35 35
14 36 35
15 35 35
18 35 35
19 33 35
21 34 35
19 35 36
18 35 34
17 37 35
16 36 34
15 36 35
16 40 35
16 39 38
13 40 38
13 39 38
10 40 38
03 39 37
02 42 36
04 42 38
06 42 37
08 42 36
11 39 35
12 38 36
15 38 35
18 37 36
18 37 35
17 37 34
20 37 35
19 36 34
18 37 34
15 38 33
13 37 33
13 38 33
13 39 34
13 39 34
11 39 34
11 38 34
07 39 35
06 38 35
03 39 34
00 38 35
04 36 35
09 34 35
10 31 34
12 32 33
14 33 34
17 34 34
19 34 35
22 34 34
21 34 34
20 33 35
20 35 37
17 38 35
14 37 36
14 39 36
15 38 37
15 39 37
13 40 36
10 39 37
05 39 36
00 41 36
00 41 35
05 41 36
08 39 36
12 39 35
12 37 35
14 37 34
17 38 35
20 37 34
18 32 33
20 32 32
18 37 34
16 39 33
15 38 32
12 37 32
12 38 31
10 38 32
12 38 32
11 38 33
08 36 32
06 36 33
04 37 31
02 37 32
04 37 33
09 36 34
12 36 35
14 34 35
14 34 35
16 35 34
16 36 35
18 37 35
21 37 35
23 36 35
21 36 37
21 35 35
19 37 36
17 36 36
12 37 35
11 38 36
12 38 37
10 37 37
09 38 37
06 38 36
00 39 35
02 40 37
08 39 37
09 40 35
12 36 34
12 37 34
13 37 34
17 36 34
18 36 33
19 36 33
18 36 33
18 36 33
17 38 32
14 37 33
13 39 34
11 38 32
10 39 32
08 39 33
08 38 34
03 38 33
01 37 33
02 36 34
08 35 35
12 34 35
12 35 35
14 33 34
18 34 35
19 36 35
21 36 35
20 37 35
18 37 35
16 38 35
18 39 36
15 38 37
15 38 37
13 38 37
14 38 37
12 41 38
09 39 38
06 38 38
03 39 37
01 42 37
05 41 36
10 40 35
10 38 35
12 37 34
14 37 32
14 30 31
16 34 33
19 37 33
19 37 33
20 35 32
18 35 32
15 36 31
14 36 31
12 37 32
10 39 33
08 39 33
07 38 33
04 37 33
02 38 33
03 37 33
07 35 34
12 36 36
12 32 34
14 33 34
15 33 35
18 36 34
21 34 35
21 34 36
21 36 35
23 36 35
18 39 36
16 39 36
14 39 38
12 39 37
12 39 39
12 38 39
11 39 39
10 39 38
03 40 38
00 40 37
04 39 38
10 38 37
12 38 36
12 36 34
14 36 34
16 36 33
17 37 33
18 37 33
19 38 34
19 37 33
17 37 34
16 36 33
16 37 34
13 38 33
12 37 33
09 37 33
07 37 35
04 37 34
04 36 34
02 35 36
01 35 34
08 35 35
12 31 34
12 32 35
16 33 36
17 33 36
18 35 36
20 34 35
21 33 35
22 34 36
20 36 35
17 37 36
16 36 36
15 37 37
13 38 37
12 38 38
14 39 38
11 38 39
07 38 37
01 38 36
00 38 36
02 40 36
08 38 35
09 37 35
13 36 34
13 37 34
15 36 34
17 37 33
18 33 33
22 36 33
20 37 33
18 36 32
17 37 32
14 38 32
10 39 33
13 38 33
14 38 34
14 38 35
12 36 34
11 36 34
05 37 34
03 37 34
08 38 37
15 37 39
20 33 36
20 32 35
16 34 36
12 35 37
10 38 35
12 38 37
15 39 38
17 37 38
15 37 37
14 35 37
13 39 37
13 40 38
14 40 38
14 39 38
14 38 39
14 39 38
15 38 38
