31 41 50
31 41 50
31 41 50
31 40 52
29 39 51
30 38 51
30 38 51
32 36 49
31 35 48
31 37 46
30 38 44
27 38 43
27 37 42
24 36 42
17 42 42
14 37 40
11 33 38
04 31 34
00 32 35
00 32 33
00 36 31
01 39 30
09 44 30
10 43 34
13 46 38
13 44 34
15 39 35
15 38 36
14 39 37
14 38 39
13 39 39
12 40 41
07 39 41
05 36 39
04 36 38
00 37 38
00 37 37
09 36 36
16 36 34
13 40 32
07 37 30
08 35 28
11 32 29
13 34 29
13 35 31
14 36 31
16 37 32
18 37 31
18 34 31
19 36 32
16 36 32
13 39 33
11 38 34
07 40 34
02 40 32
01 38 33
00 37 35
01 39 36
10 37 38
11 36 37
12 37 36
14 37 35
17 36 35
19 36 36
21 37 37
21 38 36
23 36 36
21 36 37
18 38 38
12 39 40
08 36 39
04 36 38
00 34 37
00 36 36
00 37 38
03 37 39
15 37 37
14 37 34
10 36 32
11 35 31
13 33 30
16 34 30
18 36 30
19 36 31
19 35 30
19 36 30
15 37 30
10 36 31
06 35 30
03 37 31
01 36 32
01 36 32
03 36 32
08 37 34
14 37 35
14 36 34
14 36 33
15 36 33
15 36 33
18 39 35
15 40 34
18 40 36
18 40 37
16 36 38
14 37 37
10 38 38
06 36 38
04 35 38
02 37 37
00 36 36
00 38 37
08 34 37
17 33 36
13 36 31
09 37 30
08 34 29
14 34 31
16 34 31
17 35 31
18 36 31
19 36 32
17 36 31
16 35 31
13 36 31
09 34 29
07 37 31
02 37 31
02 36 29
01 36 30
06 35 32
10 36 34
13 35 31
13 36 30
13 37 32
16 37 33
18 37 34
17 39 33
18 37 33
18 38 32
15 37 32
13 38 33
08 36 34
07 39 35
06 38 36
04 39 39
01 39 42
06 37 41
14 37 39
09 35 37
06 33 36
06 33 35
06 34 34
10 33 35
13 36 34
16 34 34
17 34 33
17 36 32
17 36 33
15 36 33
12 37 32
08 38 32
06 38 32
03 38 32
03 39 32
05 39 32
11 38 33
14 37 33
13 37 32
12 37 31
14 38 31
15 38 33
14 39 32
17 40 32
15 41 32
16 39 32
13 38 33
12 38 34
07 38 35
06 39 36
06 38 37
03 39 40
02 40 43
07 37 41
17 37 40
16 38 38
12 37 35
10 36 33
08 32 32
11 33 31
13 37 32
13 36 32
13 36 32
16 37 31
16 35 32
13 36 31
11 37 32
08 37 32
05 38 32
04 40 31
03 41 31
05 39 31
09 39 30
12 39 32
13 38 31
15 39 33
16 38 32
15 38 32
18 38 31
17 41 33
16 43 32
16 40 33
14 42 32
14 39 34
12 38 34
08 39 36
06 38 35
06 39 37
01 39 38
02 39 38
11 39 38
13 39 38
13 37 34
12 38 33
11 37 33
12 34 32
12 36 33
14 36 31
14 36 32
15 35 31
17 36 31
16 35 31
14 36 31
12 36 30
06 38 30
03 37 31
02 37 31
04 38 31
04 38 31
06 37 33
13 39 34
13 38 34
15 36 34
16 36 32
14 36 33
15 37 35
16 38 36
17 40 36
18 39 37
17 38 38
15 38 39
13 37 40
08 39 39
05 38 39
05 35 39
02 38 38
01 35 39
08 36 39
15 36 37
14 36 35
13 36 33
09 34 33
10 33 31
12 35 32
14 34 33
17 35 32
18 35 32
17 36 32
15 37 31
13 35 32
09 34 31
04 37 32
04 35 32
02 35 33
02 35 33
03 36 32
08 37 35
14 36 36
15 37 35
15 37 34
16 36 34
18 35 35
18 36 36
20 37 36
17 39 36
18 36 37
16 37 39
14 36 39
12 36 41
06 37 40
04 36 39
04 36 38
04 36 37
00 36 37
04 35 39
14 38 40
11 37 35
10 36 33
12 32 34
13 33 33
15 33 33
18 35 33
19 36 32
20 36 32
18 36 31
14 36 31
12 36 31
08 35 30
02 36 30
01 36 31
01 36 32
00 36 32
04 37 33
12 37 35
14 35 35
14 37 34
16 35 33
15 36 34
15 36 35
17 40 35
21 39 36
20 39 36
19 38 39
17 37 38
16 36 39
12 38 39
09 35 38
07 34 37
03 34 36
02 35 36
00 36 35
00 37 35
09 36 36
14 37 34
08 35 32
08 35 31
10 34 32
11 36 32
14 37 33
15 38 33
15 39 33
15 39 35
13 44 36
11 47 37
10 46 37
10 48 40
10 46 42
11 46 45
15 43 47
20 46 47
24 39 48
27 40 48
29 40 48
32 37 47
33 38 48
36 36 46
35 37 47
36 37 45
36 37 45
37 37 46
36 37 46
33 39 49
34 38 51
32 36 51
32 36 52
32 36 51
34 38 52
35 36 54
34 35 53
36 34 51
37 34 52
36 38 55
37 38 55
38 39 55
37 39 53
39 40 55
35 40 55
34 41 54
34 40 51
36 39 48
35 38 49
36 41 50
36 41 50
35 42 52
36 42 53
35 41 51
36 41 51
36 41 49
36 39 50
35 38 51
36 40 52
36 41 52
35 42 51
35 41 51
36 41 52
