12 38 35
12 38 35
13 38 35
12 40 35
13 40 35
15 40 35
13 40 36
13 39 35
12 39 35
11 39 35
13 39 36
14 40 36
13 39 35
12 39 35
13 38 35
12 39 35
12 40 34
13 38 35
13 38 34
12 39 34
13 39 34
13 40 35
12 41 34
14 40 34
18 40 34
18 39 34
13 43 33
08 46 33
08 44 33
09 44 32
12 41 34
15 44 34
16 43 35
18 42 34
18 43 34
15 42 33
13 41 33
11 41 34
10 41 33
08 40 34
05 39 31
03 39 31
05 38 31
07 37 32
11 38 33
16 36 34
17 36 32
14 37 33
14 37 33
17 35 34
16 37 34
19 38 34
20 38 34
19 36 35
21 36 35
17 37 36
14 39 36
12 39 35
09 39 35
04 37 35
02 39 34
00 39 33
01 40 33
08 39 33
14 37 33
13 39 33
13 39 34
13 38 32
16 37 33
19 36 33
19 38 32
20 37 33
20 37 33
18 37 33
15 38 33
12 37 32
08 39 32
04 39 32
05 40 33
02 37 33
02 38 31
03 39 34
12 38 35
19 35 34
17 35 33
17 36 34
17 38 36
19 37 36
22 37 36
22 39 35
22 38 36
21 38 35
17 38 36
14 38 36
11 38 35
07 40 35
06 40 37
09 40 36
07 41 35
03 41 34
01 41 34
01 40 34
07 40 33
14 38 33
15 38 33
13 38 32
16 38 32
19 37 32
21 37 32
21 38 31
22 38 32
20 36 33
18 39 32
13 37 32
11 39 31
06 39 32
03 39 31
05 39 32
01 36 30
01 37 29
05 37 32
13 36 35
18 35 35
21 37 34
20 38 35
16 38 35
18 39 35
21 36 35
21 37 34
21 38 34
18 38 34
16 38 35
14 39 34
10 39 34
08 39 34
09 40 33
06 39 34
03 40 34
01 40 33
01 41 33
07 40 34
14 39 33
16 41 33
16 40 32
18 39 33
19 38 33
20 37 33
20 38 32
17 40 33
16 39 32
16 41 32
14 41 33
14 43 32
11 43 33
10 43 32
10 43 33
08 44 33
07 43 33
06 44 33
07 42 34
12 40 33
15 39 32
16 38 33
16 39 34
17 40 36
18 39 38
20 38 37
22 37 36
22 39 36
21 41 36
18 41 36
16 42 36
14 43 36
12 44 36
13 43 34
09 44 35
08 46 34
04 47 34
04 46 35
08 42 35
14 43 34
14 42 34
12 42 33
14 40 33
16 38 34
21 37 34
21 39 34
22 39 34
22 39 35
20 37 34
17 39 35
10 40 35
05 40 33
01 39 33
00 41 34
00 38 33
02 40 32
06 41 34
11 40 36
15 37 36
18 36 35
19 37 35
17 37 34
16 37 35
19 37 36
21 38 36
21 38 34
21 39 35
17 40 36
15 39 37
13 40 35
11 40 36
10 41 36
10 39 36
08 42 35
06 42 36
03 43 36
07 41 37
12 41 38
13 39 34
15 40 36
14 40 35
17 39 34
21 39 33
19 38 34
18 37 33
18 38 34
17 39 33
15 38 33
13 38 32
12 37 32
07 38 33
08 38 32
04 39 31
04 38 34
08 38 35
11 38 35
16 37 36
15 36 35
15 36 37
14 38 36
17 37 36
18 38 37
20 36 38
20 38 38
19 39 37
17 36 35
14 38 36
10 44 33
09 46 29
12 44 29
11 43 31
09 42 30
08 42 30
08 42 30
10 42 30
13 42 29
14 41 29
13 42 29
13 40 30
15 40 29
16 40 29
16 39 30
18 40 31
18 37 32
17 36 32
18 37 32
15 36 33
13 36 32
11 37 32
08 39 32
06 37 31
07 38 32
03 39 31
04 39 32
07 39 32
11 39 33
15 37 32
16 35 33
14 36 34
13 36 36
15 36 35
16 37 36
17 37 35
18 37 35
17 36 34
17 35 34
15 37 33
15 37 34
13 38 35
14 38 35
15 39 33
16 40 34
17 40 35
15 42 36
15 42 35
16 42 35
17 42 35
15 43 35
15 44 35
12 44 35
10 45 35
09 43 35
09 46 34
11 45 35
12 45 34
15 44 35
14 45 34
12 45 33
10 41 32
09 42 34
13 42 33
15 42 33
14 42 36
15 41 35
16 39 33
15 40 34
16 40 32
14 41 33
13 41 32
14 43 31
15 44 31
15 44 34
16 44 33
19 45 34
21 49 35
22 52 41
18 51 43
18 45 41
16 43 41
16 43 42
18 44 43
18 45 42
19 45 43
21 47 42
23 48 43
22 48 42
21 49 42
22 49 40
23 49 39
22 52 40
21 51 39
20 50 40
22 49 44
21 50 48
24 48 45
27 45 43
29 46 43
29 45 44
29 47 42
28 44 40
27 47 39
27 48 40
26 50 39
27 50 40
25 48 42
24 49 42
24 46 41
21 48 42
20 46 42
19 45 42
20 45 42
19 44 41
17 45 40
16 44 40
15 42 40
14 44 39
13 41 39
12 41 39
12 41 38
12 41 39
11 41 38
11 39 37
13 39 37
13 39 37
14 38 36
14 39 36
12 40 36
10 39 35
12 40 36
12 40 36
11 40 36
14 39 37
14 40 35
14 38 36
12 41 36
