55 13 35
12 35 36
13 34 35
12 36 36
12 36 36
12 36 35
14 36 34
12 36 35
11 36 35
12 35 36
11 34 35
12 35 37
13 35 37
10 35 36
08 35 38
09 37 38
13 35 37
13 36 37
13 35 37
14 36 37
13 36 37
12 36 38
12 37 38
13 35 38
10 35 38
12 34 37
12 34 37
12 34 36
11 34 37
07 36 36
06 36 35
10 35 35
13 36 35
13 36 34
12 35 33
11 33 33
11 33 32
12 34 32
13 34 32
15 35 32
15 34 32
14 36 33
13 34 34
14 33 35
14 35 34
14 34 35
11 36 35
09 35 34
09 36 34
07 36 35
04 36 35
06 36 35
11 35 36
14 34 35
16 34 36
15 33 36
13 33 34
12 31 35
12 33 36
12 34 37
14 35 36
13 35 36
14 34 37
14 34 37
14 35 36
13 34 36
12 33 36
13 34 36
12 35 35
11 35 35
11 35 35
11 34 35
08 36 35
09 35 34
09 35 34
11 34 34
11 36 34
12 34 32
13 35 33
14 33 32
15 34 32
16 35 32
16 36 33
16 35 33
14 36 33
15 35 33
12 35 33
12 35 34
11 36 34
11 37 35
11 35 35
10 35 35
08 36 35
06 35 36
05 37 34
07 35 34
09 35 35
15 32 35
15 34 35
15 35 34
15 33 34
14 32 34
13 33 36
12 34 37
14 34 36
14 34 36
16 35 36
16 33 37
14 34 37
15 36 37
14 35 37
14 35 37
12 37 36
13 35 37
12 35 37
11 36 38
07 35 37
06 36 37
06 35 36
08 37 36
10 36 36
11 38 34
12 36 34
14 35 34
13 35 34
14 37 33
16 34 32
16 35 33
16 35 32
18 35 33
16 37 32
15 34 33
12 35 33
11 35 32
10 36 33
11 36 32
10 36 33
10 36 32
06 37 34
07 37 35
08 36 34
07 35 34
08 34 34
13 34 35
14 34 34
13 35 35
13 32 34
12 31 33
13 32 34
13 34 33
13 35 34
15 35 35
14 32 34
14 34 35
13 33 35
12 35 34
12 34 36
11 35 36
10 35 36
11 35 36
09 36 36
10 35 35
11 36 35
07 37 35
08 36 34
12 35 34
14 34 33
15 34 33
12 34 33
14 34 31
14 34 31
14 36 32
15 36 33
14 35 33
14 35 31
14 35 33
13 35 32
13 35 32
13 34 32
12 33 32
12 34 32
11 35 30
13 34 32
12 36 33
10 37 32
08 36 34
08 36 34
04 36 34
05 34 35
11 33 35
14 34 36
13 36 36
13 36 36
12 34 36
12 33 36
13 35 36
14 35 36
14 34 35
14 33 36
15 33 35
14 33 36
13 32 35
12 35 35
13 34 36
14 35 35
12 33 36
11 34 36
11 35 36
12 35 36
09 35 36
07 36 36
11 35 35
14 33 34
14 33 35
13 34 35
13 33 32
12 35 33
13 34 32
13 35 33
15 35 33
15 34 34
13 36 32
12 35 33
13 33 33
14 36 33
13 36 34
13 34 34
12 35 35
13 37 34
11 35 34
10 35 35
09 36 35
08 37 36
05 36 36
03 35 35
06 33 35
12 32 35
13 33 35
14 34 36
13 34 35
14 32 35
13 34 35
14 33 35
14 35 36
14 34 35
14 33 36
14 34 36
14 35 36
14 34 37
14 35 36
15 35 36
14 35 36
12 35 36
11 35 38
11 34 37
09 35 36
05 36 36
06 35 36
12 35 36
12 35 34
12 34 35
13 34 34
13 33 33
14 34 33
15 34 33
16 35 32
14 34 34
12 36 34
14 34 34
15 33 34
14 35 34
13 34 34
14 35 34
15 35 34
15 36 34
15 36 34
13 36 34
14 36 35
13 36 36
12 36 35
06 34 37
05 33 37
08 35 37
13 35 39
16 35 39
15 33 37
12 34 36
10 33 35
10 34 37
13 33 37
12 34 37
14 34 37
14 32 36
13 31 36
12 31 36
13 34 37
14 33 36
14 31 35
13 34 36
09 34 36
07 34 36
11 32 35
