37 38 45
37 38 45
38 37 44
37 40 46
36 43 46
35 41 42
34 42 45
31 46 44
29 40 40
25 48 47
21 48 45
20 44 40
13 60 47
15 52 45
17 44 41
18 44 42
15 47 44
12 46 41
12 44 41
10 42 42
09 42 41
05 42 40
04 42 38
09 42 38
13 40 34
13 40 33
12 37 33
11 37 32
14 36 32
16 35 33
16 42 34
16 40 34
14 36 34
13 33 32
10 33 34
10 32 34
10 34 33
09 33 34
02 32 34
02 33 32
04 33 33
07 32 33
13 31 33
14 32 34
12 32 33
15 31 32
16 32 35
18 33 36
18 32 37
18 32 36
18 34 38
15 34 38
14 32 39
10 34 38
09 34 40
12 35 37
10 34 37
12 36 37
06 34 35
07 32 33
04 33 32
05 35 31
07 33 33
09 33 32
12 34 32
16 31 32
13 32 33
11 33 31
15 32 31
19 29 31
19 33 33
10 32 33
10 33 32
10 35 35
09 36 39
08 35 37
11 34 36
13 34 38
15 34 37
17 33 37
19 35 38
17 36 38
17 36 37
16 35 37
14 37 37
11 36 38
08 34 36
07 35 36
06 36 37
10 37 36
14 36 35
12 36 35
08 36 33
09 36 32
10 34 31
11 37 34
14 37 35
14 37 34
14 38 34
16 38 34
15 38 34
14 37 34
13 38 34
13 40 34
12 39 35
10 39 36
06 42 37
04 41 37
03 41 39
06 40 36
13 39 36
13 41 39
13 40 39
12 40 37
13 40 37
17 40 37
18 39 38
19 39 38
22 41 39
21 40 41
21 42 41
21 42 43
23 43 45
23 44 46
25 45 47
26 44 48
28 45 49
30 43 49
32 44 50
32 44 50
33 43 48
34 43 48
37 43 48
36 39 47
36 39 45
40 40 48
39 37 49
38 40 50
39 41 52
38 39 52
38 37 50
38 36 50
38 38 53
36 34 52
38 35 53
40 34 52
40 36 52
40 36 52
40 36 53
39 37 51
40 34 51
41 35 52
38 35 51
41 35 51
40 35 51
40 35 52
40 36 51
40 35 51
41 36 52
40 34 49
41 36 53
40 35 52
41 34 52
41 35 52
40 35 51
40 35 51
