61 12 36
12 38 38
12 38 38
14 37 36
13 37 37
13 38 37
13 38 36
14 38 37
12 39 36
13 38 37
13 38 36
13 38 38
12 38 39
14 37 39
14 37 39
11 37 39
10 38 41
11 38 40
13 37 39
14 38 40
14 37 40
13 37 40
13 37 40
13 37 39
14 37 40
14 37 40
14 37 40
12 37 40
13 36 39
12 37 39
12 36 38
08 36 39
09 36 38
11 36 37
11 37 36
12 36 36
12 34 36
13 36 34
12 35 34
14 36 35
14 37 35
15 37 35
15 36 36
16 36 36
16 37 35
14 38 36
14 37 37
12 38 37
13 38 38
12 37 37
11 39 37
08 38 38
08 38 38
06 37 39
08 38 38
15 36 38
17 36 35
16 36 38
14 35 37
12 34 38
12 34 37
14 36 38
14 36 38
14 36 38
16 36 38
15 36 37
14 36 39
14 36 38
15 35 37
13 37 38
13 36 38
12 35 38
11 36 38
11 36 38
12 36 39
10 35 38
10 37 39
08 38 38
10 38 37
13 37 36
14 36 36
13 36 36
14 36 35
14 36 35
15 36 35
14 36 36
16 37 35
14 36 36
15 36 36
13 36 35
15 37 36
15 38 36
13 36 35
12 39 35
12 38 35
14 39 36
13 39 36
12 38 35
12 36 36
11 37 37
06 41 38
05 38 38
07 38 38
12 37 38
13 36 38
13 36 37
14 37 37
12 35 36
13 35 36
15 35 36
15 37 36
15 36 36
14 37 35
14 36 34
14 35 36
15 34 35
13 36 36
13 36 37
14 37 38
15 37 36
14 36 38
11 37 39
11 37 38
10 36 39
10 37 39
08 38 38
05 39 37
07 37 36
11 37 36
11 37 34
11 36 35
15 36 36
15 34 34
14 34 34
15 35 35
15 34 34
15 35 34
14 36 36
14 36 35
13 37 35
13 37 35
13 37 37
12 37 36
12 37 36
12 38 36
13 39 35
14 38 36
11 38 37
09 38 37
06 38 37
04 39 37
10 37 37
13 36 37
13 35 37
12 34 36
15 32 35
16 33 35
15 34 35
15 34 35
14 34 34
14 37 35
14 36 35
14 36 35
13 36 36
14 34 37
13 36 37
14 36 37
15 35 37
13 37 38
12 35 37
12 36 38
11 36 36
09 38 37
06 38 37
08 39 37
10 37 36
12 37 36
13 36 35
14 35 35
13 35 34
17 34 34
17 36 35
16 37 33
15 37 34
15 38 34
14 37 34
12 37 34
13 36 34
13 36 35
13 37 35
14 38 34
13 38 35
12 38 36
11 39 36
08 38 37
08 37 38
06 38 37
09 36 37
13 37 37
13 37 36
13 35 36
13 34 35
14 34 35
15 35 37
14 36 36
14 36 36
14 35 36
14 36 36
14 36 36
14 35 36
14 34 36
13 36 38
13 36 36
13 36 37
12 36 38
10 35 38
10 37 38
08 36 37
09 36 36
10 39 38
11 37 36
12 37 36
14 37 35
13 36 35
14 36 34
14 36 33
15 36 34
16 36 33
15 36 34
15 36 35
14 36 35
14 36 36
13 37 35
11 38 36
12 39 36
12 38 36
10 39 36
10 40 37
09 40 36
08 39 36
07 38 35
10 35 36
13 36 37
14 36 36
13 35 36
13 36 35
14 35 36
14 34 36
15 36 36
16 37 36
15 35 36
15 36 37
15 37 37
14 36 37
14 36 37
13 36 38
14 36 37
14 38 38
13 37 38
11 37 37
11 37 38
11 36 38
09 38 38
07 39 37
11 39 37
13 37 36
13 38 35
12 37 34
14 36 34
13 37 34
14 35 34
15 36 34
14 36 34
14 36 35
14 36 35
14 36 34
14 35 33
14 37 34
14 37 34
13 39 34
11 38 32
10 37 35
08 39 35
09 37 35
07 37 34
04 37 38
09 35 37
13 34 36
14 36 37
14 36 38
13 35 37
14 34 36
14 35 35
15 35 35
15 35 35
14 35 35
13 35 35
14 38 36
13 34 33
13 37 34
15 35 35
15 37 35
14 36 36
13 36 36
13 35 35
13 38 36
13 36 38
10 37 37
08 38 35
08 37 35
10 36 35
10 37 35
10 38 34
13 35 33
14 34 33
12 35 33
12 35 32
13 36 33
13 36 32
13 36 33
13 35 32
13 36 33
14 36 34
15 35 33
14 36 33
12 38 34
12 39 36
10 39 35
08 38 35
09 38 35
08 37 35
09 38 36
10 36 36
13 36 37
14 35 36
15 34 36
15 35 36
17 34 35
17 35 37
16 35 36
16 37 37
16 36 36
14 35 37
14 36 36
11 35 37
12 36 37
13 35 37
13 35 36
13 36 37
14 34 37
15 36 37
17 37 38
16 35 38
13 36 38
11 36 38
09 37 38
07 35 38
08 36 38
10 36 36
11 36 36
10 34 35
10 34 35
09 34 35
12 34 35
12 35 35
14 35 35
15 35 34
13 35 35
15 35 34
13 36 34
12 36 36
12 37 35
13 35 35
13 35 35
13 37 36
14 36 36
14 38 37
14 38 39
13 38 40
11 37 39
13 36 40
14 36 41
14 35 40
13 36 40
12 34 40
12 34 40
14 33 40
13 33 40
14 34 40
13 35 39
13 35 40
13 34 40
13 34 39
14 35 39
14 34 39
13 36 39
13 35 40
13 35 39
14 35 39
13 35 38
12 35 39
11 33 38
12 35 38
13 35 38
13 35 38
13 34 37
12 35 38
13 35 37
12 35 39
11 34 37
12 36 37
13 34 37
13 36 38
12 35 38
12 35 37
13 35 37
13 36 36
12 36 36
13 37 37
