12 39 39
12 39 39
14 38 38
14 39 39
13 38 38
13 38 38
14 38 39
14 37 39
13 37 39
12 38 39
14 37 39
13 39 38
14 38 39
14 39 38
14 37 39
14 38 38
14 38 38
15 38 38
14 39 38
15 38 38
14 39 39
14 39 39
13 39 38
14 40 39
13 41 38
14 40 38
14 40 38
13 40 37
13 40 37
11 40 37
13 40 36
12 39 37
14 39 36
14 39 36
14 38 36
12 38 36
12 39 35
10 37 35
10 38 35
10 36 35
10 36 35
03 37 34
02 36 34
05 37 33
07 37 34
10 34 34
11 34 36
12 33 34
14 33 34
15 33 35
18 32 35
20 32 35
19 32 36
20 32 36
17 35 37
17 36 37
15 36 37
14 36 37
15 36 38
14 37 39
14 38 39
13 35 39
13 35 40
10 38 41
07 37 39
01 39 38
00 41 40
04 39 40
09 38 38
12 38 37
14 36 37
16 37 36
19 37 35
21 38 36
20 36 36
19 36 36
18 37 34
16 37 35
15 38 35
13 37 35
14 38 35
13 39 35
14 37 36
12 37 37
09 38 36
07 39 38
04 37 36
00 38 35
01 38 35
07 37 37
11 36 38
13 33 37
14 32 38
17 34 37
19 36 38
20 35 36
21 35 37
22 35 38
19 36 37
17 37 38
13 37 38
12 35 39
12 39 39
13 37 40
15 38 41
14 37 40
12 39 40
09 38 39
03 40 38
00 39 39
03 40 39
07 40 37
12 39 38
12 38 36
13 39 36
16 37 36
19 38 36
20 37 36
20 36 36
20 38 35
18 39 34
15 38 34
16 38 34
13 38 34
14 38 34
15 40 35
15 40 34
13 38 37
12 40 36
08 38 37
05 38 37
01 41 37
01 41 38
08 40 39
12 40 38
11 39 39
13 36 39
14 36 38
16 36 37
18 37 37
19 36 37
20 36 38
19 37 36
19 36 36
15 37 37
15 37 36
15 37 36
14 37 36
14 38 37
17 37 38
15 38 38
16 38 37
15 38 39
12 39 39
12 38 38
11 38 40
09 39 40
05 40 38
02 42 38
02 41 39
07 41 39
10 39 37
11 39 37
12 37 36
14 37 36
16 38 36
17 36 35
19 38 36
19 38 35
18 37 35
17 37 34
15 38 35
16 38 35
15 39 34
14 39 35
14 39 36
15 38 36
15 39 37
13 39 38
11 40 37
08 39 38
02 40 37
00 40 36
03 40 36
07 40 38
11 38 39
11 37 37
12 36 37
15 36 37
16 37 37
18 37 37
20 36 36
21 36 36
18 35 37
20 37 36
15 37 36
14 38 37
13 39 36
13 37 37
14 39 38
15 38 39
15 38 39
15 37 40
13 38 39
08 38 39
06 38 38
03 40 38
03 40 39
07 39 39
12 39 37
12 37 37
12 36 36
15 36 36
15 38 35
16 39 35
17 36 35
18 37 34
17 38 35
18 38 35
17 38 35
15 39 35
15 40 36
13 39 35
14 38 34
13 38 36
12 38 36
10 38 37
07 37 36
05 39 35
03 38 35
01 39 36
06 37 37
11 37 37
13 35 36
12 33 36
15 34 35
14 36 36
15 37 36
17 37 37
18 37 37
17 37 38
18 37 38
19 38 39
17 38 38
17 38 40
16 39 39
17 39 41
17 39 42
15 37 40
16 39 41
18 40 42
16 40 44
15 39 44
11 40 44
09 41 44
07 42 44
06 43 44
11 43 45
14 38 43
18 40 41
17 41 42
15 39 41
15 40 39
16 39 40
18 39 37
19 40 38
19 39 39
19 39 38
18 40 38
17 40 37
16 39 37
17 40 37
15 40 37
15 39 36
14 39 36
12 39 37
10 39 37
08 39 38
06 40 37
01 38 36
02 39 38
05 40 39
10 36 39
12 35 38
10 34 35
13 33 34
13 34 36
16 36 36
18 33 35
19 33 36
19 33 36
19 34 36
18 34 35
15 35 36
15 36 36
15 35 36
15 36 36
15 35 37
15 35 37
15 35 37
16 35 38
12 35 38
13 35 38
11 37 38
06 38 38
02 37 36
02 39 36
04 39 36
06 39 35
09 37 34
11 36 34
13 36 35
15 36 35
18 36 35
20 36 35
20 36 35
20 36 34
19 37 35
14 40 34
11 39 33
12 39 34
13 40 34
14 39 35
14 39 36
14 38 36
13 38 36
13 39 37
14 38 37
14 39 38
14 38 38
12 38 37
10 38 37
06 39 36
08 38 35
11 38 37
15 36 37
19 33 35
18 33 36
13 36 36
10 36 36
10 36 36
12 37 38
14 38 37
16 35 38
15 35 37
13 35 37
12 37 38
13 37 37
13 37 38
14 36 37
13 35 38
15 37 37
14 36 38
13 35 37
13 37 38
15 36 37
14 36 37
14 37 37
08 37 36
04 35 37
13 36 36
14 35 37
14 35 37
14 35 35
14 37 36
13 36 36
14 37 36
11 37 35
09 37 36
09 39 35
10 38 36
14 38 37
14 37 36
15 38 36
13 38 36
13 39 37
13 38 37
12 40 35
11 39 36
11 40 38
12 39 37
15 39 38
16 38 38
14 39 37
15 38 38
14 38 37
15 37 38
14 37 38
13 38 38
14 39 38
14 38 38
13 38 38
13 39 38
13 37 38
12 38 37
14 38 37
14 38 37
13 38 38
13 39 37
13 37 37
12 38 37
13 38 37
13 39 37
13 39 37
12 38 37
13 39 37
13 37 36
14 39 36
