37 34 43
37 34 43
35 39 46
33 39 48
31 36 44
29 38 47
28 42 50
25 39 46
20 47 56
19 45 54
19 38 48
19 35 46
20 38 44
18 48 51
18 41 45
18 41 42
20 39 40
19 37 42
17 39 38
14 40 39
11 42 38
08 39 39
04 37 37
04 34 37
06 36 36
04 36 36
02 37 36
01 38 36
04 37 37
09 35 37
13 36 35
12 33 31
11 33 31
11 33 28
11 34 30
13 36 32
15 35 32
14 37 33
14 35 31
14 36 32
14 36 31
14 37 31
12 36 31
11 37 31
09 35 30
08 37 32
05 35 32
03 37 30
04 36 30
12 36 31
17 34 35
14 34 35
14 34 32
14 35 31
15 33 34
15 34 35
15 36 34
16 34 34
16 36 35
17 36 35
16 38 35
17 36 35
14 38 35
12 38 35
10 37 36
07 35 37
06 35 35
01 39 34
01 36 36
06 37 35
14 36 35
15 37 35
10 38 33
09 36 31
10 35 31
12 35 32
14 37 33
15 36 33
15 38 32
16 38 32
17 36 32
15 38 33
15 37 32
14 37 32
11 37 32
08 37 32
07 36 33
03 37 34
03 36 31
06 35 32
14 34 33
17 35 36
14 32 34
13 34 34
14 33 34
15 34 35
16 34 36
16 34 34
20 35 34
18 36 35
14 35 36
10 36 34
10 36 35
13 35 34
12 35 35
10 35 35
09 34 34
04 36 34
01 37 35
03 37 38
09 34 36
14 33 34
12 33 33
12 33 31
12 34 32
13 36 33
15 36 34
17 34 33
17 37 34
14 36 32
15 35 31
17 35 33
17 35 34
13 33 33
09 35 33
07 35 32
06 35 34
04 34 34
04 35 33
01 33 32
06 33 32
16 32 34
17 30 35
14 31 33
13 31 33
16 32 34
15 34 34
15 35 34
16 35 36
17 36 35
16 36 36
15 35 35
14 35 34
14 36 37
12 35 36
13 36 34
11 35 36
09 32 39
07 31 41
04 31 36
03 44 35
05 42 35
10 37 35
12 34 34
11 33 33
10 36 33
13 37 32
13 36 32
14 35 31
15 36 32
15 37 32
15 37 32
16 36 32
17 35 33
16 37 32
15 36 33
11 37 33
09 36 33
06 36 33
06 37 33
04 35 32
02 35 31
05 35 30
14 33 33
16 33 33
12 32 31
13 33 31
15 34 32
18 34 33
15 35 31
17 34 31
15 34 32
15 36 33
16 35 32
15 37 33
14 35 36
14 33 36
12 35 36
10 35 33
10 37 37
10 38 36
06 38 39
04 41 40
07 43 37
10 40 36
12 40 34
10 37 33
11 32 33
14 33 34
14 35 36
15 35 34
14 36 33
16 35 34
15 36 33
15 36 33
16 39 34
14 39 34
12 35 34
10 37 33
09 35 33
07 34 32
05 35 32
05 36 32
02 34 31
05 33 31
13 32 33
17 33 33
13 33 32
09 34 32
12 33 34
14 34 34
16 37 34
16 36 33
17 37 34
18 37 35
17 36 33
18 36 33
16 35 33
12 37 34
11 36 35
11 36 34
09 37 35
08 36 35
07 37 34
04 37 35
02 37 37
06 37 38
13 36 37
12 36 36
09 35 35
08 34 32
10 34 33
11 33 31
11 34 32
15 35 32
14 37 33
17 37 33
17 37 33
17 37 33
14 37 32
13 37 32
12 36 32
08 36 34
05 37 33
05 36 32
01 38 32
01 35 31
08 35 30
13 34 33
12 34 33
12 34 33
14 32 32
17 33 33
17 35 34
17 35 34
16 36 34
16 36 35
15 36 35
15 36 36
15 36 36
14 36 36
13 35 35
10 34 34
08 34 34
02 34 31
04 35 31
03 30 41
06 42 40
11 42 35
14 38 33
13 35 32
13 36 30
14 36 31
14 36 32
16 35 32
15 36 32
16 36 31
15 37 32
15 37 33
15 38 34
14 37 33
13 39 33
10 37 33
08 36 32
10 36 34
08 35 34
06 34 32
04 34 32
02 35 31
07 34 32
14 32 34
16 31 35
13 33 33
14 33 33
15 32 33
16 32 35
15 35 34
16 36 35
15 36 34
15 36 35
16 36 35
15 35 34
15 36 36
12 36 36
10 35 35
11 37 35
11 35 37
09 35 37
07 34 36
05 34 37
02 35 35
04 37 36
11 34 35
15 34 33
12 35 32
10 36 32
11 35 32
12 35 32
12 35 32
16 37 33
14 38 32
16 37 33
16 37 33
15 36 33
14 35 32
14 37 31
13 37 33
13 37 32
11 36 32
09 37 34
08 36 32
04 35 34
01 37 33
02 36 32
10 33 35
15 35 35
15 34 36
11 33 34
13 32 34
15 33 34
15 34 34
16 33 34
16 36 34
16 36 35
16 35 35
17 34 35
14 35 35
12 34 35
12 35 35
11 35 35
11 34 35
08 32 35
08 32 36
08 32 37
06 37 37
03 38 36
05 35 34
11 35 33
13 35 32
12 35 31
10 34 31
13 35 31
16 35 31
14 35 32
14 34 30
15 35 30
15 34 31
14 36 31
12 34 30
13 35 31
13 35 32
13 35 32
11 36 33
11 36 33
09 36 33
08 36 32
06 36 32
04 35 31
02 34 30
08 33 31
16 33 31
16 32 32
12 31 33
11 32 32
11 30 31
12 33 33
12 34 33
14 33 33
15 34 33
12 35 35
12 36 35
11 36 37
11 39 36
10 41 38
13 43 39
13 47 38
14 47 39
16 46 43
19 45 43
21 43 43
26 40 41
26 49 37
27 55 36
26 53 36
29 48 37
32 49 35
33 52 35
37 47 38
39 43 40
41 42 42
41 45 43
38 38 44
36 42 48
36 41 51
37 40 52
37 38 51
38 37 51
38 38 53
40 38 52
39 37 51
42 36 51
41 37 52
41 37 50
41 41 51
40 38 51
39 38 49
39 38 52
39 41 53
40 37 51
40 36 51
39 38 51
40 37 50
