12 34 36
12 34 36
12 34 35
11 34 36
13 34 37
12 35 34
12 36 35
14 37 34
13 37 36
11 38 35
12 37 34
12 37 34
11 38 35
13 37 36
13 38 36
13 35 35
12 36 36
13 36 35
12 35 36
12 35 35
11 35 35
10 35 34
10 35 35
09 35 35
07 33 34
04 34 34
03 33 34
06 34 34
13 33 35
16 33 35
16 35 36
14 32 35
12 31 33
11 33 33
14 34 35
14 35 35
15 34 36
14 34 36
13 33 35
13 33 35
13 33 36
12 34 36
12 34 37
09 35 36
08 35 35
10 34 36
08 33 35
09 35 35
11 35 35
12 36 34
13 34 34
11 35 35
11 33 33
12 34 33
14 35 33
15 35 33
16 35 34
15 34 34
15 34 33
15 36 34
15 35 36
13 34 34
11 34 34
10 35 33
09 34 35
07 36 35
06 34 35
07 34 36
06 32 35
07 33 35
13 35 37
14 34 36
16 32 35
15 33 35
15 33 35
15 33 35
14 32 35
15 32 35
15 33 35
14 32 35
14 32 35
14 31 36
13 32 37
13 33 36
14 33 37
12 33 35
11 33 36
10 31 36
10 33 35
11 33 36
08 33 33
09 35 35
09 35 33
12 35 34
12 34 34
13 34 34
12 35 34
12 34 32
14 35 32
15 35 31
15 36 32
14 34 33
15 35 32
13 34 33
12 35 33
11 34 33
12 34 33
11 35 33
09 34 33
10 35 34
09 35 33
08 35 34
07 34 34
05 33 33
10 33 34
14 34 34
13 35 34
14 32 33
13 30 34
16 31 34
13 34 34
14 34 34
14 34 35
15 34 35
13 34 35
12 33 35
12 33 36
13 34 36
14 35 35
15 34 35
15 33 36
15 33 35
15 33 35
11 33 36
10 33 35
08 34 34
05 34 34
03 34 35
09 35 35
11 34 34
11 34 34
13 35 34
14 34 35
14 34 33
14 34 32
15 34 32
16 35 33
16 35 32
15 35 32
15 35 32
14 34 32
13 34 33
13 34 33
13 35 33
12 36 33
13 35 35
11 36 34
11 36 35
09 34 35
05 34 35
05 34 35
04 34 35
09 33 36
13 34 36
14 35 36
13 34 35
12 34 35
13 34 34
13 34 35
14 34 35
15 36 36
15 35 35
15 33 35
14 34 36
14 33 36
12 35 36
13 36 35
12 33 35
12 33 36
14 35 37
14 35 35
12 34 36
12 33 35
09 35 34
05 36 34
09 35 34
11 35 33
13 34 33
13 32 33
11 34 32
10 34 31
12 34 33
12 35 32
13 35 32
13 36 32
13 35 32
14 34 32
15 35 32
16 35 32
14 35 33
15 36 32
14 34 33
13 35 33
10 34 33
11 36 34
09 35 33
07 35 35
05 35 35
03 33 34
04 33 35
09 35 35
13 34 36
16 35 37
14 36 37
13 33 34
13 32 35
13 32 35
14 33 36
15 35 36
16 35 36
14 34 36
13 33 36
13 33 36
14 34 36
14 33 38
15 33 37
15 34 37
15 33 37
14 34 37
10 34 36
08 33 38
09 33 37
08 34 36
05 35 36
08 34 35
09 35 35
12 34 33
12 34 34
12 34 35
14 35 34
16 35 34
16 35 33
18 35 34
18 35 34
14 35 34
13 35 34
13 36 35
11 35 34
12 34 34
11 35 33
12 35 35
10 36 35
10 36 36
08 36 35
03 34 35
01 34 36
05 33 35
12 34 36
14 35 35
14 35 36
14 35 35
17 34 35
17 34 36
17 34 36
17 36 36
16 37 36
16 37 36
15 36 36
15 33 37
14 34 36
13 34 36
14 35 36
14 34 36
14 35 37
14 36 37
14 35 37
15 35 38
14 34 38
13 35 37
09 35 36
06 35 35
05 36 35
10 36 35
15 36 34
12 37 35
10 37 34
08 34 33
10 33 32
14 33 33
14 34 34
14 34 32
14 35 33
13 35 32
12 36 33
13 37 32
11 37 34
13 36 34
15 37 35
13 36 36
12 37 36
13 38 36
14 36 37
12 36 37
11 36 37
10 36 37
11 36 38
13 36 37
11 37 37
13 36 37
14 36 37
13 34 38
13 34 38
12 34 37
11 35 39
12 35 38
12 35 39
14 35 37
15 34 38
14 33 37
15 34 37
12 32 38
12 35 37
13 34 36
12 33 37
13 33 36
12 32 35
10 34 36
09 34 36
11 35 36
12 35 34
12 35 34
09 35 34
10 35 34
11 33 32
11 34 33
12 34 32
12 34 33
12 35 31
11 35 31
12 33 30
12 35 32
11 35 32
12 36 33
12 36 32
13 35 33
13 36 33
13 34 33
11 35 32
12 35 33
11 35 33
12 36 34
13 36 35
13 36 35
13 38 35
13 37 35
12 37 35
10 35 35
