13 39 36
13 40 37
14 40 37
13 40 38
12 40 38
14 39 37
14 39 38
14 38 37
14 40 38
14 39 37
14 39 37
15 40 38
14 38 38
14 40 38
12 39 38
12 40 39
13 41 39
15 41 39
14 41 38
13 40 39
13 40 37
14 40 38
14 39 38
12 38 38
13 37 38
13 37 38
13 37 38
14 37 37
15 38 38
15 39 38
16 38 38
14 38 39
16 38 39
14 38 39
13 38 40
12 39 39
11 40 38
08 41 38
07 42 38
07 42 38
11 42 38
15 41 36
15 42 37
13 42 38
12 42 37
13 40 36
13 41 38
16 42 38
17 42 37
18 43 38
19 43 39
19 43 39
19 42 39
18 42 39
15 42 40
14 41 40
13 42 40
10 44 42
09 41 39
11 40 39
11 42 38
14 36 34
15 37 33
16 38 34
14 41 37
11 46 38
05 31 38
05 56 43
10 62 49
15 56 45
17 51 41
20 44 38
21 38 34
22 41 34
23 37 34
22 42 35
20 42 37
19 40 39
15 40 41
14 39 39
13 34 36
13 36 37
11 41 39
09 46 37
11 39 33
12 37 31
10 40 34
10 46 35
11 43 35
10 43 36
13 48 40
15 45 40
18 45 40
18 44 41
18 44 40
17 42 40
14 44 39
11 43 39
09 41 40
05 43 40
05 41 38
06 37 38
08 38 37
08 38 35
11 36 35
15 36 35
17 35 35
18 36 35
17 37 35
16 40 36
14 40 36
13 41 35
09 40 35
10 42 38
10 43 37
13 41 38
16 43 37
17 40 35
16 41 37
15 41 37
15 39 37
12 39 38
10 39 36
08 40 37
05 40 36
05 40 34
05 38 35
04 39 33
07 38 30
10 37 31
12 42 30
15 39 30
15 33 30
17 33 29
16 34 29
18 32 30
19 35 32
18 36 35
18 38 37
16 39 37
13 45 37
14 51 42
15 47 42
17 47 40
17 49 41
18 49 41
14 48 39
13 46 38
07 46 37
05 45 34
05 44 34
06 43 34
08 43 33
12 41 33
16 40 34
19 39 33
22 39 34
19 38 35
17 38 34
25 42 34
12 41 35
13 42 38
12 42 36
14 43 39
16 46 39
16 45 39
17 46 38
19 43 39
19 42 39
18 44 39
15 44 39
13 45 38
11 43 38
10 42 39
10 43 37
10 43 37
10 44 36
10 43 36
13 41 35
17 39 34
16 40 34
17 37 33
17 35 32
14 37 32
15 38 34
16 38 33
13 40 34
13 41 36
13 43 36
15 42 35
16 42 36
17 43 35
16 41 34
16 43 35
14 40 36
14 41 35
13 42 36
12 41 35
10 41 35
08 41 36
07 42 35
07 41 35
07 42 34
07 42 34
10 42 33
15 41 32
17 39 34
19 38 33
19 38 34
17 38 33
14 40 34
14 41 36
14 43 36
13 42 36
15 42 35
15 41 36
15 41 35
16 41 36
16 41 36
17 41 36
15 41 35
14 42 36
13 43 36
11 44 36
11 44 36
10 43 36
08 43 35
08 40 34
07 43 34
12 40 33
16 37 32
17 38 33
16 39 31
14 38 32
15 37 31
14 38 32
13 38 33
13 38 34
14 40 33
15 40 33
14 39 33
14 39 33
15 39 33
14 38 33
14 41 34
14 38 33
13 39 33
14 38 32
11 43 34
10 43 33
11 39 32
08 40 29
03 41 32
05 44 35
06 43 33
10 42 32
11 42 33
14 40 32
18 39 31
19 37 33
19 37 32
20 37 32
19 38 31
16 37 32
15 37 33
11 38 33
10 38 32
11 38 32
10 40 32
10 39 32
13 37 32
13 36 32
14 37 33
15 37 33
14 37 33
14 37 34
16 39 34
16 37 34
16 38 35
15 39 34
14 38 35
15 39 35
16 40 36
14 39 36
14 38 36
12 38 35
09 38 33
08 40 34
05 37 33
07 38 32
11 37 33
13 38 35
12 37 34
13 37 33
13 36 33
13 37 32
13 39 32
12 37 32
13 36 33
13 39 33
14 39 33
14 39 32
13 40 34
14 39 34
13 40 35
15 39 33
14 41 35
14 41 34
13 39 35
13 39 34
13 41 33
12 41 33
11 41 32
09 40 31
09 42 33
10 43 36
13 43 36
15 41 37
15 40 39
16 39 38
17 38 37
14 39 38
12 37 38
12 40 37
12 38 40
13 36 41
16 35 40
15 36 39
16 37 38
16 37 37
17 39 36
16 38 36
13 42 36
13 43 37
13 43 36
13 41 36
13 43 36
14 45 36
13 43 37
13 44 38
13 43 37
13 44 38
12 43 39
12 41 39
14 41 38
13 41 36
14 40 34
15 42 34
13 42 36
14 40 34
13 38 34
13 41 37
14 40 36
13 40 37
15 40 38
15 39 38
14 39 40
13 40 38
12 38 39
14 39 38
13 39 38
13 39 38
15 39 41
15 40 40
15 39 41
16 40 42
16 38 41
16 40 40
16 39 41
16 39 36
15 42 37
15 43 41
16 43 40
16 44 41
14 46 41
11 48 40
12 49 42
13 47 42
16 44 40
20 42 37
21 41 37
23 43 38
23 44 36
21 46 36
17 53 36
15 55 37
18 52 36
21 49 37
24 47 39
25 46 39
26 46 37
25 47 38
23 51 41
23 54 40
24 52 40
25 50 40
26 49 40
26 48 40
26 50 40
27 49 40
25 49 40
24 52 41
24 51 41
25 50 41
25 49 41
25 49 41
25 48 40
25 48 41
24 49 42
24 49 42
24 48 42
24 50 41
23 49 43
24 49 41
24 49 41
24 50 41
24 50 41
23 50 41
24 50 41
25 50 42
25 49 41
26 49 42
25 51 41
24 52 41
23 53 42
24 52 42
26 50 42
27 49 42
26 48 41
26 48 42
25 50 41
23 51 42
25 52 41
24 50 42
26 49 41
28 48 41
26 49 41
25 51 42
23 52 43
25 54 42
24 51 43
27 49 43
27 47 43
28 46 42
27 48 42
24 54 42
21 55 43
25 53 43
27 49 41
29 46 41
29 47 41
29 46 42
23 55 42
23 56 42
26 56 43
30 46 42
30 43 41
30 44 42
23 57 42
22 59 43
27 52 41
30 43 42
32 38 40
30 41 41
28 43 40
21 54 41
22 55 42
23 51 42
24 47 43
24 47 42
23 49 43
24 50 43
24 50 42
23 50 42
24 50 42
25 51 41
24 51 42
23 51 42
25 51 41
24 50 42
25 51 41
26 50 41
26 50 40
27 52 39
26 52 40
27 52 39
