17 48 36
17 48 36
17 33 37
17 49 37
48 17 49
16 49 38
16 49 38
18 46 39
19 46 38
21 42 39
22 41 38
22 42 36
23 42 36
23 43 35
20 47 35
18 50 33
18 51 33
17 51 33
17 52 33
16 51 35
15 52 34
15 53 36
18 54 37
19 52 36
19 52 36
20 51 35
21 50 34
22 47 34
23 46 34
24 45 34
23 45 37
19 50 38
16 51 42
18 49 42
18 47 42
20 44 43
20 45 42
23 45 41
24 46 39
23 49 36
24 53 36
22 57 35
23 55 34
24 53 33
22 52 32
24 47 35
24 44 35
23 47 34
22 48 35
23 48 36
22 47 36
17 45 33
17 46 35
16 46 38
16 43 37
15 45 39
15 48 37
17 47 37
16 46 36
17 47 36
16 46 36
15 48 36
15 48 36
14 49 37
16 51 37
16 50 37
15 50 36
16 49 36
17 48 35
16 47 33
17 48 33
16 47 32
17 47 32
17 48 31
16 47 31
17 48 31
16 48 30
18 47 30
18 48 30
19 45 32
19 45 32
20 45 32
18 46 33
18 45 35
18 46 36
17 47 35
14 48 36
13 47 36
13 49 36
12 50 35
12 50 34
12 50 33
16 49 34
18 45 33
19 43 33
17 42 33
16 41 35
16 41 35
16 40 36
15 41 35
16 42 35
15 42 35
16 42 35
18 42 33
18 42 34
18 42 33
19 42 33
18 42 34
18 43 34
17 45 36
14 45 36
11 48 38
09 48 39
09 49 38
07 47 38
07 46 34
09 45 33
16 45 33
18 44 34
16 43 33
15 43 31
16 42 31
16 42 30
19 44 30
19 45 32
20 45 31
20 46 32
20 44 31
20 41 31
18 43 31
17 43 32
13 44 30
10 45 30
06 46 29
05 44 30
05 47 30
09 46 30
10 45 32
16 45 34
17 41 33
19 39 34
19 39 34
15 41 34
14 42 34
15 42 34
15 42 36
17 42 35
18 42 35
18 43 35
18 42 35
17 43 34
17 44 33
16 44 34
17 43 35
15 44 36
12 44 36
09 44 37
10 43 38
09 45 37
06 46 36
10 42 34
16 42 33
17 42 32
13 44 33
12 44 32
11 44 32
14 43 31
15 42 30
17 42 30
18 42 32
19 41 31
20 41 30
21 40 32
22 41 31
19 43 32
17 43 32
14 44 32
11 43 31
07 42 32
03 43 33
04 45 32
05 45 32
07 46 32
10 45 33
14 45 33
18 40 33
18 39 33
15 39 34
15 38 34
15 40 34
15 40 35
16 40 35
16 39 35
16 39 35
17 40 35
17 40 35
17 40 34
17 41 34
17 41 35
15 40 35
13 42 37
10 41 38
09 43 38
08 44 37
07 45 38
03 47 36
08 43 34
15 40 34
18 41 33
17 41 33
15 40 31
13 42 29
12 43 28
14 43 29
15 43 29
16 43 30
17 43 29
19 43 31
20 43 30
20 42 31
21 41 31
17 41 30
16 42 31
14 43 30
09 43 31
05 44 30
05 44 31
04 46 30
07 47 29
08 48 29
12 46 31
18 42 32
21 40 33
18 39 33
16 40 33
13 39 33
14 40 33
13 40 32
14 41 33
15 39 33
17 39 34
18 39 34
17 40 34
17 40 34
16 42 35
17 42 35
16 43 35
15 43 35
13 44 36
12 44 35
11 44 36
10 45 35
07 46 35
06 44 34
11 42 33
16 41 32
15 41 31
15 39 31
13 41 31
13 41 30
14 42 29
17 42 29
16 43 29
17 42 29
17 43 29
18 43 29
20 41 28
19 40 29
21 40 29
19 40 30
18 41 30
15 42 29
13 42 29
10 44 30
06 44 29
04 45 29
02 45 27
01 48 29
06 46 30
12 42 30
20 39 31
22 35 31
20 39 31
17 36 32
15 38 34
15 39 34
15 39 34
15 40 35
13 39 35
14 39 34
14 38 33
14 38 33
15 38 33
14 38 31
13 40 32
16 38 33
16 40 33
15 40 34
15 41 34
15 41 35
14 40 35
15 42 35
15 41 35
16 40 35
15 41 34
10 42 35
06 41 34
08 41 34
10 42 34
13 41 33
12 39 33
12 38 32
13 37 31
14 37 32
14 39 30
12 39 31
12 40 29
14 40 30
13 42 31
14 43 31
13 41 31
15 43 32
15 43 32
14 44 33
15 44 33
14 43 33
11 42 33
15 43 34
18 45 35
18 46 35
19 42 36
18 44 35
17 43 34
16 46 35
14 46 35
15 45 37
16 46 37
16 45 37
17 44 38
17 45 36
16 46 37
18 45 36
16 45 36
18 46 36
19 46 36
18 46 37
16 47 38
17 47 37
17 47 37
16 46 35
17 44 35
16 44 36
18 46 36
17 46 34
17 46 35
18 44 35
17 47 34
17 47 35
16 47 35
17 47 34
16 47 35
15 47 35
17 47 34
16 47 32
16 47 35
15 45 34
17 46 34
18 45 33
18 46 33
17 45 34
16 46 34
16 46 33
16 48 34
16 47 34
17 46 35
18 45 36
17 45 37
17 45 36
16 44 36
15 45 36
15 44 35
15 45 36
16 45 36
16 45 35
16 44 37
15 45 37
16 44 36
15 43 36
16 46 36
15 43 37
15 43 37
15 42 36
16 43 35
16 43 36
17 43 37
17 41 36
14 42 35
14 44 36
13 43 35
13 42 37
13 42 35
