12 38 34
12 33 34
14 38 33
13 39 34
13 39 34
11 39 34
10 39 33
07 40 33
01 39 34
00 38 33
04 38 34
10 36 35
13 34 35
13 32 34
14 33 33
16 33 34
17 35 34
17 34 33
20 34 35
18 33 34
17 34 35
16 34 35
15 35 35
15 34 36
14 36 36
12 37 36
12 37 36
13 38 37
16 38 39
14 38 38
14 38 38
14 39 37
14 37 37
11 38 38
09 38 38
06 40 37
03 39 36
01 40 36
05 40 36
11 39 37
11 38 35
13 37 34
13 37 34
16 37 33
16 37 32
17 38 33
19 35 34
18 35 34
19 36 33
17 35 31
14 36 31
12 38 31
08 36 31
07 38 32
04 37 33
02 37 32
00 38 32
03 37 33
10 36 35
12 37 35
15 35 35
17 35 35
17 35 35
19 38 35
21 36 35
20 36 35
22 35 36
19 37 35
17 36 35
13 38 35
13 38 36
14 39 37
12 39 36
13 37 37
08 37 36
02 39 36
00 40 34
02 40 35
07 39 35
12 37 35
13 36 34
14 30 33
16 36 33
18 37 34
20 38 34
21 34 33
19 36 32
15 36 33
15 38 32
12 39 33
11 38 33
12 39 33
11 38 33
07 37 33
03 37 33
00 37 33
01 37 33
04 36 34
11 34 34
13 32 34
13 32 34
17 31 35
20 35 34
22 34 34
23 33 35
23 33 36
21 34 35
19 35 35
15 37 34
13 38 36
12 37 36
13 37 36
14 37 37
13 36 37
10 36 37
07 36 36
01 38 36
01 40 35
07 38 36
09 39 35
11 36 34
13 35 34
15 37 33
15 35 33
17 37 32
19 35 33
19 36 33
18 37 33
15 37 32
13 37 32
12 37 31
11 37 31
10 38 32
10 38 33
07 37 32
05 37 32
03 37 32
00 37 32
02 35 33
10 35 36
12 33 35
13 32 34
15 34 34
18 33 35
20 35 35
22 35 35
22 35 35
21 34 35
19 36 36
17 36 36
13 38 35
13 38 35
14 38 36
13 37 37
11 38 37
09 36 36
07 39 36
00 39 35
00 38 35
05 36 36
09 37 35
10 37 34
14 35 34
14 35 34
15 36 33
17 35 32
17 36 32
20 36 32
20 36 33
19 37 34
16 37 31
14 38 32
10 38 33
11 36 33
11 38 33
09 38 33
08 36 34
04 36 34
02 36 34
02 37 33
06 33 33
12 34 34
13 32 34
14 32 34
15 35 34
17 35 35
19 35 35
20 34 35
22 34 35
20 32 36
20 36 35
17 35 37
15 36 36
13 37 36
14 37 37
14 38 36
12 37 37
11 37 38
10 38 37
05 38 37
00 38 36
02 41 36
07 38 37
10 37 35
11 37 34
11 35 34
14 37 33
16 37 32
19 36 34
20 36 34
21 36 33
18 36 33
16 37 33
13 37 31
13 37 31
13 37 31
11 37 31
11 38 32
09 36 33
06 36 32
03 37 33
00 38 33
00 37 32
05 36 33
10 35 35
12 34 35
15 32 34
19 34 35
21 34 34
22 35 35
24 35 36
23 35 35
22 36 36
20 35 35
15 38 35
13 37 35
11 38 35
13 38 36
15 38 37
15 38 37
15 36 37
15 37 37
13 39 37
12 39 37
10 40 37
08 41 38
08 40 36
08 42 35
09 38 36
15 40 35
16 39 36
17 38 36
14 39 34
11 37 33
09 39 31
11 39 31
13 40 31
13 39 31
14 37 32
13 38 32
12 39 32
12 37 32
13 38 32
14 37 34
13 39 34
13 38 34
11 38 34
11 39 33
11 39 36
11 38 35
09 37 35
10 38 36
12 37 37
14 35 35
16 34 35
16 34 36
12 35 36
11 37 36
10 38 36
11 37 37
13 37 38
14 36 38
16 35 37
