11 35 34
11 34 35
11 34 33
55 11 34
12 34 35
12 33 32
12 34 35
12 34 34
14 35 34
14 35 34
12 34 36
11 35 35
12 34 36
12 34 36
12 35 35
12 36 36
11 34 36
11 36 35
12 34 36
12 36 36
12 35 36
14 36 35
13 34 36
12 34 36
12 35 35
11 35 36
13 35 35
12 35 35
12 34 35
13 35 36
15 35 34
13 37 34
11 37 34
11 38 33
10 36 34
12 36 33
14 37 33
12 35 34
10 37 33
12 37 33
12 36 33
12 34 33
12 35 33
10 36 33
11 35 33
11 35 34
12 35 33
10 35 33
09 34 34
08 34 34
07 33 34
04 34 34
02 35 33
07 33 34
13 33 35
17 33 35
17 33 35
15 34 35
13 34 33
13 33 34
13 34 35
12 33 35
12 33 36
12 34 35
13 33 36
14 34 35
14 35 36
15 34 36
15 34 37
14 34 37
12 35 36
13 36 36
12 35 36
09 36 36
07 36 34
08 36 35
12 35 35
13 35 34
13 35 35
13 36 35
12 34 33
13 33 33
13 34 34
14 35 33
13 36 34
14 35 33
13 34 33
12 33 34
14 34 34
13 36 34
12 35 33
10 35 34
08 36 34
07 34 33
06 35 34
08 37 33
12 35 35
15 35 36
16 35 35
16 35 36
13 33 35
13 34 35
12 34 36
12 35 36
15 35 35
14 35 36
14 35 35
13 34 36
13 34 36
12 34 36
13 34 37
13 33 37
13 34 36
11 35 36
11 34 36
11 34 36
10 36 36
08 36 35
11 35 35
11 33 34
10 35 34
11 34 34
12 35 34
14 36 33
14 36 33
15 36 33
14 35 34
16 35 33
16 35 33
15 35 33
14 35 34
13 35 35
10 34 34
09 35 34
09 37 35
07 36 35
06 34 35
07 35 35
07 34 35
09 34 35
13 35 36
14 34 35
15 36 35
14 34 36
14 35 35
14 33 34
13 36 35
14 35 35
14 34 36
14 35 36
13 34 36
15 33 36
15 34 36
14 33 37
12 34 36
12 33 36
11 35 37
10 35 36
11 35 37
09 34 36
08 35 36
09 36 36
12 36 35
12 36 33
13 35 33
13 36 33
13 34 33
14 33 32
14 33 33
15 34 32
14 33 32
14 35 32
12 34 33
12 35 32
13 35 34
12 34 34
11 35 34
11 36 33
09 35 34
08 36 35
07 35 35
07 36 34
08 35 33
05 35 34
08 36 35
12 36 36
14 36 35
14 35 34
14 33 35
14 32 33
16 32 33
14 33 35
15 34 35
14 36 35
15 34 36
12 33 36
14 33 37
13 33 35
13 36 37
13 35 37
13 36 37
10 34 38
08 36 37
09 35 36
10 35 36
09 36 35
09 37 35
13 37 35
12 36 35
11 34 34
12 33 33
13 32 34
13 33 32
14 33 32
14 33 32
15 34 32
13 34 32
14 33 32
13 35 32
12 36 33
13 35 33
12 35 34
10 36 33
09 36 34
08 34 34
07 32 33
06 33 33
05 34 34
04 35 34
08 34 34
13 34 34
14 32 35
15 33 35
16 34 35
13 33 34
13 34 35
14 32 36
13 32 36
13 34 35
14 34 36
14 33 35
14 32 36
13 32 37
14 33 35
14 34 35
12 33 36
14 34 36
12 34 36
10 33 36
11 33 36
11 33 35
07 35 35
08 35 36
08 36 36
11 37 34
12 34 33
10 33 33
13 34 33
16 35 33
14 35 34
16 34 33
16 35 33
14 36 32
13 34 33
12 35 33
13 33 33
12 33 33
12 34 34
11 35 34
09 36 33
09 36 35
09 34 34
06 35 34
07 33 34
05 34 35
10 33 35
15 31 34
15 33 35
14 34 36
14 33 34
13 33 35
13 33 34
13 34 36
14 34 36
14 33 35
14 33 35
15 33 35
15 34 36
14 34 36
15 34 35
14 34 36
12 34 36
11 34 37
08 33 37
10 34 36
07 34 35
05 34 36
09 34 35
09 35 35
11 35 35
12 33 34
13 34 34
14 35 33
14 34 32
15 34 33
15 34 33
15 36 32
15 34 33
15 36 32
16 35 33
12 36 33
12 35 33
13 35 34
13 35 33
13 34 34
16 35 35
14 35 35
13 35 36
12 35 35
11 34 35
10 34 36
05 35 36
04 33 37
11 34 36
16 35 37
15 36 37
12 36 36
09 34 38
15 32 37
15 33 38
15 35 37
15 37 37
14 35 38
13 34 37
13 35 38
13 34 37
11 35 37
11 34 35
11 33 36
09 34 36
09 33 35
10 33 33
14 33 33
13 34 33
12 34 34
12 34 33
11 34 32
13 34 32
12 34 32
11 33 31
13 34 32
12 33 33
12 34 31
13 34 31
11 35 32
12 34 31
12 34 31
12 34 31
12 34 32
12 34 32
12 33 30
12 34 31
10 34 31
11 34 32
13 34 31
12 34 32
12 33 32
12 34 32
10 34 32
12 33 34
12 33 33
13 34 33
12 32 33
12 32 33
11 29 32
12 32 34
11 31 33
13 32 33
11 32 35
10 32 34
11 32 35
12 32 35
11 31 35
13 32 35
13 32 35
12 32 36
11 32 35
12 33 35
