38 44 42
38 46 41
39 44 40
39 43 38
40 46 42
38 48 43
37 45 40
34 51 43
34 46 41
31 48 40
25 55 46
25 49 44
23 47 41
20 52 43
19 52 42
18 54 42
14 51 41
14 49 39
13 50 40
12 48 39
12 46 35
07 45 34
01 42 33
00 42 29
03 45 32
11 42 34
15 41 34
14 41 35
16 42 36
15 39 35
16 39 35
17 37 34
16 38 36
19 38 34
18 36 34
18 37 36
16 39 35
15 38 34
15 39 34
14 39 35
11 39 35
10 41 34
08 40 34
03 40 32
03 41 34
09 39 33
14 42 35
11 41 34
13 39 34
15 41 35
15 42 34
16 41 34
16 40 34
16 40 33
16 40 34
13 38 32
13 38 32
13 38 32
10 38 30
08 38 30
06 38 30
04 37 30
05 38 31
06 39 30
12 37 31
19 34 34
14 37 34
13 36 32
14 33 33
17 36 34
18 36 34
19 37 34
19 38 34
17 38 35
17 39 35
14 39 35
12 39 35
10 37 34
05 38 35
07 40 33
05 40 34
05 43 37
06 41 38
13 37 36
10 38 36
10 35 33
12 37 33
14 39 35
14 40 34
15 38 32
16 37 32
18 37 33
18 39 33
16 38 33
15 39 31
10 39 32
06 38 31
04 38 30
07 41 33
05 42 35
04 36 31
10 34 33
17 34 34
13 35 33
11 34 34
11 33 32
18 34 34
20 34 33
19 35 35
18 34 33
17 36 33
15 37 34
14 37 34
12 38 35
11 38 34
10 39 33
09 38 35
09 39 34
08 40 34
04 40 35
03 39 38
08 41 39
12 39 36
09 38 34
10 36 33
10 36 33
13 37 32
15 38 32
16 37 32
15 36 31
16 35 32
16 36 32
14 36 32
12 37 31
11 39 32
10 37 32
08 38 31
05 38 32
04 40 33
03 40 31
08 36 30
15 35 32
18 34 33
15 35 31
11 34 30
14 37 32
15 38 35
17 40 35
16 39 36
16 37 36
18 38 35
20 37 34
17 37 35
15 39 36
14 39 36
12 38 35
09 42 35
07 40 35
04 39 35
05 41 37
08 41 36
14 39 35
13 39 34
11 38 32
13 38 33
13 39 32
13 39 32
13 39 33
14 38 31
16 37 32
16 38 33
16 38 33
14 38 32
14 39 32
12 40 33
10 39 32
06 38 32
05 41 32
04 42 32
05 38 31
14 38 33
16 38 35
13 37 33
14 36 32
15 33 33
18 33 34
18 34 34
19 35 33
17 37 33
15 37 35
16 38 35
14 38 35
11 40 36
13 38 36
13 37 36
10 38 35
11 40 35
05 41 36
04 41 37
04 42 39
10 40 40
13 37 35
12 37 34
10 36 32
11 36 33
14 38 34
16 38 34
17 38 34
16 39 33
16 38 32
15 38 33
17 37 32
16 38 32
14 37 32
11 38 32
09 39 32
07 38 31
08 38 32
05 39 33
01 40 31
08 39 31
16 36 34
16 37 33
13 35 32
12 35 33
17 35 33
18 34 34
19 35 34
19 35 34
17 35 34
15 35 34
12 37 35
11 38 35
11 37 36
12 37 37
11 36 35
08 38 33
07 38 35
05 41 36
08 40 38
11 41 38
11 39 36
11 37 33
10 36 33
13 38 34
13 38 34
16 39 34
17 38 33
17 38 33
16 36 33
16 37 32
15 38 33
13 38 33
11 37 31
08 37 32
07 39 33
07 40 34
04 38 33
04 36 31
06 37 31
15 35 35
16 34 37
14 33 35
12 35 36
15 35 36
16 35 35
18 35 36
17 36 36
18 36 36
18 35 35
16 37 36
16 37 36
14 38 37
12 38 36
09 40 38
04 38 35
07 38 35
06 39 37
04 37 33
04 38 35
10 45 43
16 40 36
14 42 33
14 37 32
13 36 32
16 37 32
15 41 32
14 40 32
16 37 31
17 38 31
18 37 31
15 39 32
14 38 31
11 38 32
12 39 32
08 39 33
06 38 33
02 38 34
01 37 32
05 37 32
12 35 34
17 34 35
14 37 36
12 35 35
15 34 36
18 35 34
18 37 35
21 36 35
22 36 34
20 37 35
16 39 34
13 38 34
13 39 35
10 38 35
08 40 35
07 38 35
04 39 34
05 39 36
04 40 37
09 39 38
12 38 36
12 37 33
10 38 33
12 37 32
15 37 32
15 38 32
18 39 28
19 37 27
20 38 29
19 38 30
17 39 29
13 38 30
12 37 31
08 36 31
07 36 31
07 36 32
04 37 33
01 40 33
03 39 33
10 35 32
14 34 33
17 32 33
14 35 31
13 33 30
15 34 32
19 35 32
16 38 33
17 38 33
18 38 34
17 39 34
16 38 34
15 38 34
15 38 35
15 39 35
12 37 36
11 37 35
13 38 36
12 39 37
11 37 38
08 34 39
07 39 37
04 41 35
02 41 33
04 39 33
09 37 32
13 36 29
12 35 28
12 34 26
13 33 28
14 33 27
14 34 27
15 35 28
13 36 28
13 37 29
13 38 30
11 40 30
11 39 29
11 40 31
13 40 32
14 40 32
13 48 33
12 50 33
11 51 35
12 54 34
14 57 35
17 54 37
22 54 36
24 52 37
28 47 39
31 38 34
31 38 35
34 38 42
33 49 44
35 40 40
35 44 44
37 44 45
35 42 47
34 39 48
34 43 50
33 38 50
31 38 53
31 40 54
32 36 54
32 39 55
32 37 52
33 37 52
33 38 54
33 38 52
32 38 52
34 38 52
34 36 53
33 37 52
34 38 52
33 37 52
34 37 53
34 38 53
35 37 52
35 37 52
33 40 55
34 41 50
33 37 50
33 38 55
34 37 52
35 36 53
34 37 52
33 39 50
34 37 51
