36 36 45
36 36 45
37 38 45
38 37 42
37 41 45
36 41 45
35 38 44
31 45 49
31 45 48
29 36 44
21 50 49
19 48 48
19 46 47
16 48 47
14 43 44
11 43 42
06 45 43
00 44 41
00 45 42
00 44 40
09 39 37
13 37 35
12 36 31
12 33 31
11 34 31
13 35 30
13 35 31
16 34 31
16 34 32
15 35 33
16 35 32
15 34 32
14 34 32
10 34 32
08 34 31
04 36 30
00 34 29
00 36 28
04 34 28
18 32 32
20 31 36
14 30 33
12 33 31
14 30 34
15 32 37
16 32 36
17 33 37
18 33 37
18 33 37
15 33 36
15 34 35
13 33 36
15 33 36
11 35 37
08 33 36
06 34 35
03 35 36
01 35 36
06 36 35
11 37 37
11 35 36
11 36 33
12 33 33
14 34 33
15 35 33
15 34 33
17 34 33
15 34 34
16 34 33
16 34 33
16 35 33
12 35 33
10 33 33
07 33 32
05 34 33
02 34 32
00 36 33
00 36 31
10 32 30
17 33 33
15 32 35
12 31 32
14 31 31
17 33 35
16 33 35
16 34 36
16 34 35
17 34 36
17 35 37
15 34 37
13 36 36
13 36 36
11 35 35
11 36 36
10 38 36
07 37 36
01 37 36
04 36 36
09 36 37
12 36 36
12 37 34
11 34 34
12 34 32
13 35 32
12 34 32
15 34 33
18 35 34
17 37 33
17 36 33
16 36 33
13 35 33
12 36 32
09 36 30
01 39 29
02 36 28
01 33 30
04 33 31
15 32 28
19 32 32
17 32 34
13 32 33
17 32 33
17 35 37
17 35 36
16 33 36
18 35 37
17 34 34
16 34 34
16 34 36
13 34 35
13 36 35
12 34 39
10 36 38
06 36 36
04 37 33
03 37 37
10 37 38
13 36 38
12 32 34
12 36 35
11 36 36
12 36 34
11 35 33
12 37 32
14 35 33
17 36 33
16 34 34
16 37 34
17 37 32
17 37 33
16 36 33
11 37 35
08 38 34
06 36 34
02 36 33
01 38 34
00 37 32
05 34 31
16 34 33
19 34 35
13 32 33
12 32 33
15 32 32
17 34 35
15 34 35
15 35 36
17 34 36
17 36 36
18 36 36
17 35 36
16 35 38
12 37 37
12 35 38
09 37 39
08 35 38
05 37 37
03 37 37
07 37 39
13 36 36
11 35 36
11 36 34
11 36 33
14 34 35
13 35 34
14 34 31
16 34 33
15 33 33
16 34 33
16 35 32
14 33 33
13 34 34
09 36 33
04 36 33
01 34 32
03 35 31
04 35 32
12 31 31
16 32 33
13 33 33
12 33 32
13 33 33
16 35 35
16 36 36
18 37 36
18 35 35
20 36 36
20 36 37
20 36 38
17 35 38
16 37 39
15 38 39
13 40 41
13 39 40
12 39 40
07 39 40
05 36 36
01 36 36
00 35 35
05 35 35
06 35 33
05 37 33
04 38 32
08 41 32
12 41 35
17 40 39
20 44 36
23 45 38
27 43 36
25 46 39
28 44 36
30 48 34
31 45 35
30 49 31
26 49 31
28 49 29
27 50 32
29 50 33
32 50 35
34 51 34
29 57 25
28 53 32
25 54 30
18 50 29
21 51 30
22 49 26
22 53 25
25 53 26
27 54 29
29 57 35
28 58 41
25 56 49
25 52 52
24 52 51
24 48 46
23 41 44
24 44 49
25 43 48
31 40 47
32 44 48
34 44 49
36 39 50
34 39 48
34 39 49
35 36 49
34 38 51
33 38 52
33 33 52
33 37 53
35 34 52
37 35 53
37 33 54
37 36 53
38 35 53
37 34 52
37 35 53
39 35 52
39 34 53
40 35 53
38 36 53
39 36 52
38 35 52
39 34 53
40 34 52
38 34 52
41 35 51
40 35 51
40 35 52
40 34 52
39 35 51
40 34 51
40 34 51
41 33 53
41 34 52
39 35 51
40 34 50
41 36 53
40 34 53
40 34 51
40 33 51
41 34 52
41 34 52
