17 46 32
16 44 32
15 44 32
16 45 31
16 44 32
14 45 33
15 45 32
16 46 32
16 46 32
16 45 31
15 46 34
17 48 32
17 46 33
17 45 32
16 46 33
16 45 32
18 43 32
17 45 31
18 47 31
17 48 33
15 46 32
14 48 32
15 47 33
17 46 31
17 45 32
19 44 33
18 46 31
15 45 30
16 45 31
18 46 30
18 47 31
16 46 31
17 42 31
16 42 29
15 46 29
16 45 29
17 43 28
14 44 28
10 46 28
08 51 27
06 52 28
04 49 31
06 45 31
08 39 30
11 33 33
11 36 31
14 40 31
15 43 32
17 40 32
19 40 34
20 40 34
21 42 35
23 42 34
23 41 33
22 40 35
22 40 38
21 43 38
19 47 38
18 48 39
09 55 39
11 56 39
12 51 37
11 53 38
17 46 36
17 45 31
16 44 31
17 44 33
17 43 32
19 45 31
21 45 31
22 41 30
22 39 31
21 38 32
21 41 32
19 45 32
17 47 32
15 46 29
09 47 30
08 49 28
10 50 30
08 47 29
06 48 29
04 48 29
07 43 29
12 36 31
14 33 33
16 37 32
15 41 31
18 44 32
20 44 33
22 42 34
22 42 34
24 39 32
25 39 35
22 41 37
20 44 39
17 43 40
19 45 41
19 51 43
17 54 43
13 55 46
11 51 36
11 49 37
14 48 40
18 44 34
18 43 31
19 45 32
19 45 31
19 44 31
21 43 30
21 41 31
22 38 30
20 37 32
18 43 32
17 47 31
15 47 31
13 45 29
12 45 29
12 49 28
11 50 31
10 47 29
06 47 30
02 52 29
04 45 29
11 37 30
11 36 33
15 35 34
16 38 34
18 42 31
22 44 32
20 43 32
22 40 35
24 39 34
25 36 35
22 41 35
19 43 37
18 43 39
17 45 41
18 48 40
20 49 41
20 50 40
12 58 44
13 54 36
10 49 35
13 48 40
18 48 35
20 45 33
20 46 34
19 47 32
20 45 30
19 42 31
20 40 31
24 38 32
20 39 33
21 45 30
17 47 30
17 47 31
16 46 29
14 44 30
11 46 30
11 49 28
13 51 29
15 46 30
11 45 29
07 49 28
03 49 32
02 44 32
07 37 31
11 34 31
14 37 32
18 41 32
21 44 32
22 43 35
23 38 35
22 39 35
23 40 34
22 40 33
22 42 36
21 44 37
20 44 40
19 46 42
19 48 41
17 51 40
12 57 43
15 54 37
13 45 36
14 44 40
15 46 33
17 48 30
18 47 32
18 42 32
20 42 31
21 41 31
21 41 31
21 39 31
21 38 33
16 40 32
14 46 30
14 50 28
13 42 31
11 41 31
10 48 28
13 48 29
13 45 32
09 45 30
02 51 29
00 50 28
06 42 30
10 35 32
14 36 33
15 40 32
16 43 30
20 44 32
23 43 35
25 40 34
25 36 33
24 35 33
21 35 35
17 42 41
14 47 39
16 48 39
18 49 41
20 49 41
20 49 41
15 54 41
14 57 40
14 43 37
12 46 37
12 49 42
15 47 34
17 46 31
17 43 33
17 44 33
18 43 31
19 43 30
22 41 30
23 38 30
21 37 33
20 38 32
18 44 31
16 46 29
12 46 30
09 46 29
09 50 28
11 49 30
08 46 28
05 51 31
01 49 29
05 41 28
11 36 31
13 33 33
15 36 32
17 42 32
17 41 32
20 43 33
20 42 35
20 44 33
21 38 33
23 37 35
22 40 37
21 43 38
20 45 42
21 47 42
21 47 42
17 50 42
16 58 41
15 51 34
13 48 38
14 49 40
18 46 35
18 45 33
19 47 34
18 51 33
18 48 32
16 45 33
18 41 33
19 38 35
17 36 34
19 36 34
19 35 34
20 44 34
17 47 32
11 50 30
09 51 31
08 46 31
07 46 31
04 48 33
03 44 34
05 39 34
08 34 34
13 36 34
15 39 34
16 42 32
17 42 35
18 42 35
18 40 35
19 39 36
20 38 34
23 39 36
22 42 38
21 41 38
20 43 39
21 44 40
21 46 41
18 47 42
10 58 47
10 60 39
12 47 35
15 43 44
17 42 39
17 45 33
18 46 32
18 44 32
20 43 33
19 40 33
21 42 32
20 43 31
20 43 32
20 42 32
19 44 32
17 46 31
14 47 31
14 47 32
15 47 31
17 47 32
17 44 33
18 43 33
16 45 31
16 48 31
16 48 31
13 46 32
10 45 33
09 47 30
08 46 33
12 44 32
16 38 31
17 35 32
16 35 32
13 40 34
11 45 35
12 47 34
16 46 37
18 44 39
20 43 37
21 42 35
21 40 35
21 40 34
18 43 36
16 48 36
16 49 36
16 49 36
18 52 37
12 57 40
11 52 33
14 40 33
17 34 36
18 40 35
18 47 32
17 45 32
15 43 31
12 41 32
10 42 32
11 47 30
12 45 30
17 45 31
17 42 32
16 42 30
16 44 32
15 47 31
14 47 31
15 47 30
16 46 30
16 46 31
18 48 31
17 47 32
18 48 31
18 48 30
18 49 31
18 49 32
17 48 33
18 47 33
18 45 33
17 47 32
18 49 33
16 46 34
17 44 36
16 42 35
17 44 34
16 42 34
16 43 35
15 42 34
14 46 34
15 47 34
14 47 36
13 45 38
17 44 36
18 45 35
18 43 36
19 42 35
17 43 36
16 47 36
15 46 37
18 49 36
18 49 38
18 47 37
18 45 38
17 46 37
16 45 37
17 48 34
16 47 34
16 46 35
18 45 34
17 44 35
17 43 35
16 45 34
15 44 35
16 44 34
13 44 34
16 46 34
16 45 34
16 46 33
17 48 33
17 47 33
17 47 33
16 47 32
16 46 32
18 47 32
19 46 32
