05 39 34
02 41 34
05 39 34
12 38 34
09 38 30
10 36 29
10 36 30
12 36 30
16 36 29
16 37 30
16 36 30
17 37 30
18 37 30
16 37 31
16 36 31
15 39 31
14 39 32
14 40 32
14 39 33
11 40 32
10 39 33
06 40 33
03 38 32
00 39 31
00 41 30
04 36 31
14 37 32
15 36 33
11 36 32
13 35 32
14 33 32
16 35 35
18 35 35
18 36 37
17 37 35
17 35 35
18 35 36
16 36 36
16 36 34
14 38 35
12 37 35
14 39 35
12 37 36
12 38 35
11 38 34
09 39 35
05 36 34
00 40 35
01 38 34
08 38 35
11 38 35
10 37 32
12 33 30
13 35 32
14 36 30
15 37 31
16 37 31
17 39 30
16 38 31
17 37 31
15 38 31
15 36 30
13 38 33
13 39 32
13 39 32
13 38 32
11 38 32
09 37 32
05 37 32
04 36 32
01 36 30
00 37 31
05 36 31
14 33 33
17 32 34
13 33 34
09 33 33
12 34 34
15 34 36
14 34 36
17 37 35
18 36 35
18 36 34
17 37 35
15 37 35
16 37 34
14 37 34
14 36 33
14 37 35
14 37 35
13 38 36
11 39 35
10 38 35
06 37 36
01 37 35
00 41 36
03 40 35
09 38 34
11 38 32
10 35 32
11 35 31
12 35 30
14 36 31
17 38 31
16 37 30
16 38 31
17 36 30
17 36 30
16 37 31
14 36 31
14 38 31
12 37 31
11 37 31
12 38 31
11 40 31
09 39 31
06 38 32
04 39 31
01 37 31
01 38 29
07 35 30
15 34 33
15 35 35
12 35 35
13 35 34
14 34 34
14 36 35
16 35 34
16 35 34
17 35 34
16 37 34
16 38 34
15 37 34
14 36 34
14 38 34
14 38 34
13 38 35
12 38 34
10 39 35
07 39 36
04 38 35
00 39 37
05 39 37
09 37 36
10 34 32
10 35 31
11 36 31
12 37 32
13 38 32
14 39 31
14 36 32
15 36 32
18 37 30
17 37 32
17 38 30
16 39 33
16 40 33
16 38 33
12 38 33
10 36 33
07 33 31
05 33 31
04 36 32
00 38 31
04 38 34
13 35 33
17 32 34
14 33 34
12 33 33
12 32 34
14 34 36
16 33 36
14 33 35
17 35 34
16 37 34
15 36 35
16 36 34
15 37 35
16 37 35
17 38 36
15 38 36
16 36 36
16 38 37
15 39 37
11 39 37
09 38 36
08 39 37
02 38 35
00 40 35
00 39 38
08 40 37
12 41 35
10 40 34
11 37 33
12 34 32
14 36 31
16 36 32
18 39 30
19 37 31
17 37 30
17 37 31
16 38 31
15 37 31
14 37 30
13 39 30
13 38 32
12 38 32
12 37 33
13 38 32
08 38 34
05 37 35
02 36 32
00 36 32
03 36 34
12 35 36
15 32 36
13 33 34
08 32 31
13 31 34
14 33 35
14 34 36
17 35 35
17 34 35
17 35 35
17 37 35
17 36 35
16 36 34
16 36 34
14 37 35
14 38 35
14 37 35
15 37 35
14 37 35
12 37 38
07 34 40
05 37 38
02 48 37
00 42 34
03 37 34
10 33 35
11 36 32
09 37 30
09 37 30
12 36 30
13 35 31
14 37 30
16 35 29
17 38 30
17 37 30
18 37 30
18 37 30
17 37 31
17 38 32
15 38 32
13 38 33
11 39 33
09 39 33
06 38 33
03 35 33
01 35 32
00 37 33
03 38 34
11 36 35
15 34 35
13 33 34
12 32 32
13 33 33
17 34 35
17 34 36
17 35 35