13 36 38
13 36 38
61 13 36
12 36 39
13 38 38
12 37 39
13 35 39
15 36 38
14 36 38
13 38 38
13 38 38
11 38 38
12 37 38
14 38 38
13 37 38
15 37 38
14 38 37
14 38 38
13 38 38
13 38 38
13 37 38
13 37 38
13 36 38
13 37 38
13 36 38
10 37 37
10 37 38
10 38 38
08 35 38
08 36 38
07 38 37
09 37 37
10 36 36
12 34 36
13 35 38
14 34 37
15 33 36
15 33 37
14 34 36
14 34 36
14 34 36
14 36 36
14 34 37
13 33 37
13 36 37
11 35 38
14 35 38
14 35 38
12 35 38
14 35 39
15 34 39
14 35 38
13 34 39
12 36 38
11 35 39
10 37 38
11 36 38
09 35 37
10 35 37
13 36 36
13 36 36
14 36 36
13 37 35
12 37 36
12 37 36
14 36 35
13 36 35
13 37 36
12 35 35
14 36 36
13 37 34
14 38 36
15 37 35
15 36 35
14 38 36
12 38 37
11 38 37
12 37 38
10 37 38
10 35 38
08 38 39
06 36 38
06 37 38
09 35 37
14 34 37
15 34 36
15 33 37
16 35 37
15 33 36
15 32 36
14 35 37
13 34 37
13 36 37
13 34 37
14 34 37
15 35 37
14 35 37
15 36 37
15 36 38
15 36 38
14 35 39
14 36 38
13 35 39
12 34 39
11 33 38
09 37 36
09 40 40
08 36 39
10 34 35
13 35 36
13 37 36
14 36 37
13 37 34
12 36 34
12 36 34
12 36 35
13 36 35
13 35 35
14 36 35
15 36 35
14 37 36
15 35 36
15 36 35
15 38 36
14 39 35
11 38 36
10 37 37
10 38 36
09 38 38
08 38 38
09 36 38
07 36 37
08 35 37
12 35 37
12 34 37
13 34 37
13 33 36
14 33 36
14 32 37
13 34 37
13 34 36
16 34 37
15 35 37
15 35 38
15 35 38
16 34 37
15 35 38
15 35 38
15 35 39
13 35 38
13 36 39
12 35 39
11 36 39
11 36 39
09 36 38
06 36 37
10 35 36
11 36 35
14 35 35
12 34 35
13 37 35
14 36 36
15 35 34
15 36 35
16 36 34
15 38 34
14 36 34
13 37 35
13 36 34
12 36 35
13 35 35
13 35 35
12 36 36
12 36 35
11 38 36
10 36 37
09 36 36
07 36 37
06 37 38
08 35 37
13 34 37
14 34 36
13 35 37
13 35 37
13 35 36
14 34 36
13 34 36
15 35 38
15 35 37
16 35 37
15 34 37
13 35 38
14 34 38
13 36 38
13 36 39
13 35 38
15 35 39
13 35 39
12 36 40
12 36 39
12 37 38
10 36 38
08 37 38
05 37 38
09 37 38
12 37 36
12 35 35
13 36 35
14 35 34
14 35 34
15 36 35
15 36 35
15 37 34
15 35 33
15 35 35
14 35 34
15 36 35
14 36 35
13 34 36
15 37 35
13 38 35
12 38 35
11 37 37
09 37 38
08 38 37
04 38 38
04 36 37
10 36 37
14 35 37
15 36 36
14 34 37
14 33 36
14 33 37
14 34 37
14 35 37
13 35 37
13 34 36
15 33 36
15 35 37
13 34 37
13 33 37
14 35 37
14 35 37
13 35 36
12 35 37
13 36 39
11 36 37
10 36 38
05 37 38
07 36 37
12 37 37
14 37 35
15 36 35
13 37 35
14 37 34
13 36 34
13 36 34
14 36 33
14 36 34
15 37 33
15 37 34
14 37 34
14 36 34
14 35 34
12 37 35
13 37 36
11 36 37
09 37 35
09 38 35
08 37 36
05 38 35
06 36 35
10 35 37
14 34 36
15 35 36
15 35 37
15 34 36
14 33 38
16 34 36
15 35 36
16 35 37
15 36 36
15 36 36
16 35 37
15 35 36
15 36 35
14 35 36
15 35 36
13 35 37
13 34 37
14 35 38
14 35 38
14 35 39
13 36 38
14 36 39
13 37 38
09 38 40
07 38 38
07 38 36
11 36 36
13 37 36
13 37 37
14 36 35
12 37 35
10 35 35
11 36 33
10 36 35
12 36 35
12 36 34
14 35 34
13 36 35
12 36 35
12 35 33
12 36 35
12 37 35
12 35 36
13 37 34
12 37 37
12 37 36
13 37 36
14 37 36
12 39 37
11 35 37
11 36 37
11 34 38
12 35 38
13 34 38
12 34 38
13 34 38
14 34 38
12 34 38
13 33 38
12 33 38
12 34 38
13 34 38
12 34 39
14 34 39
12 34 38
14 33 39
14 34 38
13 34 39
11 35 39
13 34 38
14 35 38
13 35 38
12 34 37
13 35 38
14 34 38
12 35 38
11 34 37
13 34 37
12 35 37
13 34 37
12 34 37
11 35 37
12 35 37
12 35 36
13 34 37
13 36 36
12 35 37
11 36 35
12 35 36
12 33 37
13 35 36
13 35 37
14 35 36
