40 11 37
37 41 49
37 41 49
40 45 50
39 45 45
39 44 43
39 43 42
38 45 44
36 43 42
34 40 42
33 47 45
30 41 44
28 45 45
25 54 48
25 44 45
22 44 42
20 48 44
19 46 43
18 43 41
13 48 40
13 48 39
11 49 37
10 48 39
10 46 37
09 46 36
07 46 36
05 42 36
03 50 40
05 46 37
10 41 36
09 39 32
11 37 28
11 36 27
13 40 29
15 43 31
17 42 31
17 39 30
18 41 29
18 41 31
18 41 30
18 40 31
14 41 31
12 42 30
12 41 29
08 42 31
08 41 30
07 43 31
02 43 30
07 39 30
17 36 33
18 37 36
15 38 35
12 37 32
13 38 32
15 37 35
15 39 35
17 39 35
18 38 35
18 39 34
19 38 35
16 39 35
16 41 35
14 42 33
11 42 33
10 42 34
08 42 32
02 44 33
04 44 35
08 43 36
11 43 35
12 41 34
12 41 33
11 39 29
12 39 30
14 39 30
16 40 31
18 40 32
17 40 31
18 39 31
18 40 30
17 39 31
14 40 31
13 42 30
13 41 31
10 43 31
05 41 30
03 41 29
08 40 29
12 35 32
19 37 34
13 37 34
12 37 32
13 37 33
18 39 34
19 39 36
17 39 33
18 40 34
19 39 35
18 40 35
17 38 35
15 41 35
13 41 37
09 41 35
13 44 35
08 43 34
08 43 33
07 43 35
09 43 34
14 39 34
14 39 32
11 38 30
11 38 31
13 38 31
13 39 31
13 40 32
14 40 32
15 38 30
16 39 32
16 40 32
16 38 31
16 41 32
13 40 30
12 40 32
09 42 30
05 42 29
04 41 28
06 40 28
13 37 30
18 37 33
14 37 33
13 38 32
14 37 32
19 36 34
17 39 34
17 38 33
18 40 34
16 40 34
18 40 33
16 40 34
14 42 34
15 41 34
12 42 34
09 44 34
08 43 34
07 45 35
07 43 36
11 41 36
14 39 34
11 38 31
10 38 31
12 37 31
14 38 32
16 39 31
15 38 31
16 40 32
18 40 32
17 40 32
15 39 30
14 37 32
13 42 32
12 40 31
12 41 30
11 41 31
07 41 31
04 41 30
04 41 30
10 37 31
16 36 33
14 36 33
12 36 33
14 37 34
20 35 34
16 41 35
17 41 35
17 40 35
18 40 33
18 40 34
16 41 35
15 41 34
14 42 33
13 42 33
07 43 33
05 43 32
05 43 37
04 45 42
10 39 37
14 39 32
11 35 29
12 33 29
15 35 30
16 38 31
16 39 31
16 38 30
17 38 30
17 39 31
15 41 32
14 41 32
15 42 31
11 40 31
09 41 31
07 42 31
07 41 30
04 41 30
05 39 28
13 35 30
18 38 33
15 38 35
13 39 33
15 38 32
20 36 33
22 39 35
18 41 34
17 39 33
18 41 35
17 39 34
16 40 34
14 40 34
12 40 33
12 41 34
06 41 34
08 41 35
07 43 36
06 44 34
11 43 35
14 40 32
13 39 30
12 40 30
14 38 31
16 41 31
17 40 31
17 39 30
17 40 30
16 39 32
18 40 31
14 41 31
12 40 30
09 41 30
08 41 30
06 40 30
06 40 29
05 39 29
11 37 29
16 39 33
14 39 32
12 36 32
14 35 33
18 34 34
21 37 35
18 38 34
17 38 34
18 39 35
17 39 34
16 39 34
15 40 35
13 41 35
13 41 34
09 41 35
09 40 35
07 40 34
02 40 36
04 42 35
10 41 36
16 39 33
12 39 31
11 40 31
11 37 30
16 40 31
16 40 30
16 40 32
18 39 30
16 41 31
17 39 30
18 39 30
12 41 31
12 39 31
10 41 30
05 42 30
04 42 30
05 41 30
05 40 30
12 37 30
18 38 34
16 36 34
13 38 33
14 37 34
17 37 34
20 37 33
18 38 34
17 39 34
19 38 34
19 39 34
16 40 34
14 40 35
13 41 35
10 42 34
09 42 35
09 41 34
06 42 34
04 41 35
01 42 36
11 41 37
17 40 34
13 38 32
10 35 30
12 37 29
14 38 31
16 41 30
18 39 30
18 38 31
17 39 30
17 38 31
15 39 30
13 36 31
12 39 31
10 40 30
07 39 30
06 39 30
04 38 30
05 39 29
09 35 29
16 35 32
17 36 33
13 37 34
11 36 31
13 36 32
15 39 35
18 37 34
19 39 33
19 38 35
18 38 35
17 39 33
16 38 34
14 38 34
12 40 34
10 39 34
08 40 33
07 40 33
05 40 34
03 42 35
05 40 36
14 34 35
12 35 31
12 33 30
12 35 29
12 36 29
15 38 29
16 38 29
15 37 30
14 37 30
14 38 31
16 38 32
17 37 31
15 38 31
15 38 31
14 39 30
12 39 30
10 39 30
09 39 30
08 39 30
05 39 29
04 39 29
04 38 27
11 37 31
17 34 33
16 35 33
13 35 31
11 34 29
13 34 32
16 34 33
14 36 33
13 37 33
15 37 33
15 39 34
14 40 34
13 41 33
11 44 34
08 48 35
09 50 34
10 52 35
12 53 36
17 46 36
23 49 40
26 52 43
29 51 43
31 47 42
35 41 41
37 37 40
40 39 38
40 44 45
40 42 48
41 41 47
41 46 44
39 40 43
37 38 43
39 44 49
38 39 48
38 37 51
39 36 52
41 37 52
41 37 53
41 36 52
42 37 50
42 37 50
41 37 49
42 38 51
41 38 50
42 37 51
42 37 51
41 37 51
42 37 51
41 38 51
42 38 51
39 37 51
40 39 50
41 37 49
41 36 53
41 37 53
41 36 51
42 36 50
40 36 50
42 36 50
40 37 52
40 36 51
