13 38 36
13 38 36
13 39 36
13 39 36
13 39 36
14 39 36
14 39 36
13 40 37
13 39 36
13 40 36
14 40 37
15 40 37
13 39 37
13 39 37
14 41 38
13 39 37
14 40 37
14 41 37
13 41 38
14 41 37
14 39 36
13 40 36
13 40 37
14 39 36
16 39 36
20 39 35
15 41 35
08 43 35
07 43 36
12 41 34
12 41 36
15 42 36
16 42 35
13 39 36
12 39 34
13 39 34
13 40 35
14 38 35
13 39 35
15 39 35
14 40 36
14 40 35
11 40 36
09 40 36
05 37 35
00 41 35
00 41 31
03 40 33
10 34 30
13 31 30
14 31 30
15 33 31
15 32 31
14 32 31
16 33 32
16 33 33
16 32 33
17 33 33
14 33 34
15 34 34
15 35 35
15 37 34
13 36 35
12 37 35
12 37 37
11 37 36
09 36 37
08 36 36
05 39 35
02 37 34
08 36 35
13 34 34
14 35 33
13 34 33
14 35 33
13 36 32
14 36 33
16 37 32
14 36 33
17 36 32
16 37 33
15 37 32
14 36 33
12 37 33
13 36 33
11 37 33
11 37 33
09 37 35
05 37 33
02 39 32
03 39 33
09 35 35
14 33 32
15 31 33
14 31 32
14 33 33
15 34 33
14 35 34
17 36 34
19 35 36
16 34 34
16 35 35
16 36 34
15 35 35
14 35 35
14 35 36
13 38 36
13 36 36
11 36 36
10 36 36
10 38 35
09 38 36
03 37 33
02 37 32
09 36 33
14 36 35
15 37 33
13 37 32
12 36 33
12 37 33
13 37 33
13 36 32
15 37 33
15 37 32
16 36 33
17 36 31
16 37 32
14 38 31
12 36 32
11 38 32
12 39 32
12 38 34
09 38 34
06 38 33
02 39 32
03 39 33
06 38 34
13 35 33
16 31 32
15 32 32
15 33 31
13 32 32
13 34 32
14 33 33
17 33 33
16 34 34
17 33 33
15 33 34
15 33 33
14 34 34
13 36 33
13 34 35
14 35 36
13 36 35
11 36 36
11 35 36
07 35 34
02 37 32
00 36 30
07 35 33
12 36 34
13 35 31
14 34 31
13 35 31
13 36 31
15 35 31
17 36 31
15 34 31
15 35 32
15 37 32
15 36 31
16 37 32
14 36 31
14 37 31
13 37 32
11 36 32
12 38 31
10 38 32
07 38 32
06 37 32
03 36 33
03 38 32
08 35 31
10 34 32
14 32 32
14 34 32
15 35 33
13 36 33
15 37 33
14 36 33
16 37 34
16 38 35
15 37 35
15 35 35
14 37 35
13 36 34
13 38 35
12 36 35
13 35 35
14 37 35
15 37 35
14 37 34
14 38 36
13 40 35
13 38 36
12 40 37
10 38 35
07 38 35
04 40 35
04 38 33
06 38 35
11 38 35
14 36 34
14 36 34
14 36 33
12 37 32
12 37 33
12 37 34
15 38 33
16 37 34
17 37 34
16 38 34
15 37 34
15 37 33
14 37 32
15 38 33
13 38 33
14 38 33
13 39 33
12 39 32
11 39 34
10 39 34
08 38 34
04 40 32
03 40 33
07 37 36
10 34 34
15 32 34
15 34 35
12 35 33
13 34 33
13 35 33
14 34 33
14 35 34
15 34 34
16 35 33
15 34 34
16 35 35
14 34 35
13 36 34
13 37 35
12 36 36
13 35 36
12 36 37
13 35 36
12 36 36
11 36 36
10 37 36
10 37 36
04 38 35
02 36 33
06 36 34
11 38 35
13 35 34
13 33 33
14 34 32
14 37 33
13 37 32
12 37 33
15 36 32
16 37 33
16 37 33
16 37 34
14 39 34
15 40 34
15 40 34
16 39 35
14 39 35
14 40 34
13 39 35
13 42 35
13 39 35
15 39 35
14 39 34
13 39 34
13 39 36
13 40 36
12 41 37
12 40 37
11 39 38
09 40 37
12 38 38
13 40 36
10 37 35
09 36 34
14 34 34
16 36 34
15 34 33
14 33 34
11 35 33
12 34 36
13 37 35
15 36 36
15 35 37
15 37 36
14 37 37
14 40 37
12 39 36
12 38 37
12 38 37
12 38 38
12 38 37
12 36 36
12 37 35
08 36 35
05 38 33
05 36 32
07 36 33
09 35 33
09 34 32
10 36 32
12 35 33
14 36 33
14 37 32
13 36 32
15 35 32
16 36 30
16 36 31
15 37 30
14 37 31
13 36 30
14 38 30
13 36 30
13 35 31
14 36 31
13 37 31
13 36 31
13 37 31
13 38 32
11 38 31
11 38 31
11 36 31
08 39 30
05 38 31
06 37 28
08 37 30
11 33 30
14 33 30
13 34 30
12 32 29
12 32 31
11 34 30
12 34 31
11 33 31
13 34 32
13 34 33
15 33 33
15 33 34
15 33 32
14 35 32
13 35 33
14 34 32
13 36 32
14 36 33
15 38 34
14 37 35
12 37 35
14 37 36
15 38 36
15 39 36
13 38 36
14 39 37
14 39 35
13 39 37
13 39 36
14 39 38
11 41 36
11 37 34
12 38 35
12 39 35
12 38 36
11 39 34
12 39 35
13 40 35
12 39 34
15 40 34
14 38 34
14 39 34
12 39 33
12 40 33
11 40 33
12 40 32
12 40 32
12 40 32
13 39 32
13 40 32
13 38 32
14 39 33
13 40 33
12 41 34
13 40 33
12 41 33
13 40 33
14 40 34
13 40 34
13 42 35
14 41 34
12 41 34
12 41 35
13 41 34
14 41 34
11 42 34
12 42 35
13 41 35
13 40 36
14 42 36
14 39 36
14 40 37
13 39 36
14 42 38
15 40 38
15 40 38
16 39 36
15 39 36
13 40 36
14 40 37
15 40 37
15 39 36
14 39 37
12 38 35
13 37 35
13 37 35
13 37 34
13 38 34
13 37 34
14 35 35
14 37 35
12 36 36
11 37 36
14 38 35
08 40 34
06 39 34
09 38 35
12 37 34
12 39 33
12 37 34
12 38 33
12 40 32
12 37 32
11 37 30
11 37 30
13 37 32
14 37 31
12 37 31
13 36 30
11 37 31
12 37 31
12 36 32
14 36 32
13 37 32
13 37 32
13 39 33
11 41 32
11 40 33
10 39 33
09 40 31
07 40 32
05 39 32
04 38 31
09 36 30
12 32 30
14 31 30
13 31 29
13 29 30
13 30 32
13 30 32
13 31 33
15 31 31
15 31 32
15 33 32
15 33 32
15 34 33
14 35 34
13 35 34
13 35 33
12 35 34
12 35 33
10 35 35
11 36 34
10 36 34
09 35 32
03 36 30
04 35 30
09 34 32
14 33 31
15 33 30
14 33 30
14 35 30
13 36 31
14 35 31
15 34 30
16 35 30
15 35 30
14 37 30
15 37 31
14 37 31
14 36 29
12 37 30
13 36 30
11 35 32
11 36 31
11 37 30
10 39 30
08 37 29
06 37 29
03 38 28
05 38 30
10 35 29
12 31 29
15 32 30
14 35 31
12 33 30
11 31 29
12 32 31
13 33 32
16 32 31
16 32 31
16 32 31
15 31 32
14 34 32
13 34 31
14 36 31
14 36 31
12 37 32
14 36 33
13 36 34
12 36 34
12 37 33
11 36 33
09 36 34
08 36 32
05 36 31
03 36 29
06 37 30
09 36 31
13 33 31
14 34 31
12 35 30
13 36 31
12 35 30
15 36 31
17 35 30
16 36 30
16 36 31
17 35 31
14 36 31
14 38 30
13 38 31
13 38 31
12 39 32
11 38 32
13 37 33
13 37 32
13 37 31
13 38 32
13 38 31
12 39 30
12 38 31
10 38 32
09 38 31
07 38 31
07 39 32
06 37 31
05 36 30
07 35 28
12 32 28
15 33 29
15 32 29
15 32 30
12 33 29
11 33 31
13 35 32
14 34 32
15 35 33
15 33 32
14 35 33
15 36 32
14 37 33
14 38 33
12 36 32
13 37 32
14 37 34
13 35 34
13 35 34
12 35 33
11 36 34
11 36 34
09 36 33
05 36 32
04 36 30
06 38 32
10 37 32
13 35 31
14 35 32
14 36 31
14 37 31
14 37 31
14 37 32
14 36 31
14 35 31
16 36 31
16 36 30
15 36 30
15 36 30
15 37 30
14 37 29
14 38 29
13 38 30
13 38 31
13 37 30
14 39 32
15 38 32
11 38 32
10 40 31
10 38 31
07 39 31
06 40 31
04 40 31
06 39 31
09 36 30
12 33 29
14 33 29
14 32 29
13 34 30
12 33 29
12 33 30
13 34 30
13 33 31
16 34 32
16 32 31
15 33 30
13 34 31
15 35 32
12 35 32
14 36 32
15 35 32
15 36 33
13 37 33
14 38 33
14 35 35
13 38 35
13 39 36
12 38 35
12 39 35
13 38 35
13 39 35
11 39 35
07 41 33
07 39 33
10 38 33
13 39 33
13 38 34
14 38 36
12 38 34
12 39 34
13 38 34
10 38 33
11 38 33
13 40 34
15 38 34
15 39 33
15 38 32
15 39 34
15 39 33
15 40 34
14 40 34
13 41 34
11 40 35
10 39 36
12 40 36
07 41 36
08 41 36
13 41 35
14 37 35
13 34 33
13 35 32
13 34 32
13 36 35
13 36 34
13 35 35
13 33 35
13 35 37
13 37 37
12 37 38
13 38 38
12 38 38
11 38 38
11 38 36
14 38 36
17 37 36
16 37 36
16 38 35
12 37 34
10 39 34
12 39 34
11 40 36
14 39 36
14 38 38
14 38 37
13 37 38
13 39 37
12 38 37
14 39 37
13 37 38
14 38 37
15 39 36
15 36 37
14 39 36
11 40 36
11 40 37
11 40 38
14 39 37
14 40 38
14 39 37
13 39 36
14 40 37
14 41 37
14 40 36
15 40 37
13 40 36
13 41 36
13 41 36
13 42 36
13 40 37
12 41 36
12 40 37
12 41 36
13 40 36
13 40 36
13 40 37
13 41 37
13 41 36
14 41 37
12 40 37
13 40 36
13 40 36
14 40 36
13 41 36
13 40 36
14 39 36
14 39 36
13 39 37
14 40 35
14 41 36
13 39 37
13 40 37
13 40 36
13 40 36
14 39 36
14 40 36
13 39 36
13 40 35
13 40 36
12 40 35
14 40 35
13 40 36
13 39 36
14 41 37
14 40 36
15 40 37
12 41 36
14 40 36
13 41 37
14 40 35
14 40 36
13 40 36
13 41 36
14 40 37
15 41 37
15 40 35
14 39 35
13 38 36
13 40 36
14 40 36
13 39 36
13 39 36
14 40 35
13 38 36
13 41 36
14 40 36
13 40 37
12 40 36
13 40 37
13 39 37
13 40 37
13 40 37
13 42 37
14 41 36
12 40 36
13 40 36
15 41 36
14 41 35
13 40 36
13 40 36
12 40 37
