38 40 48
38 40 48
40 41 46
40 45 45
41 43 42
39 48 43
38 48 42
38 45 41
37 42 40
34 46 43
33 44 43
32 44 45
28 46 46
26 43 45
22 51 51
21 46 49
20 46 46
18 53 51
18 47 47
19 46 46
20 43 44
20 42 42
19 46 42
18 47 43
17 49 41
18 46 42
19 45 42
19 43 41
18 44 41
16 43 42
13 41 42
11 44 41
09 46 37
05 47 38
05 46 37
09 43 33
12 42 33
12 42 32
11 42 31
13 40 30
13 41 31
16 40 31
16 41 31
16 39 30
18 41 30
19 40 31
17 41 32
17 40 31
17 41 32
14 40 31
11 43 32
09 41 31
06 44 32
04 45 32
02 44 33
05 42 31
14 38 33
17 39 34
13 40 35
13 38 34
14 37 33
17 38 36
16 38 35
18 38 35
18 38 36
19 39 36
18 39 36
17 38 35
16 40 35
14 41 35
14 42 35
13 43 35
10 43 36
11 41 35
09 43 35
03 46 35
08 44 35
13 42 37
14 42 35
13 41 33
12 39 31
15 39 32
15 41 32
15 42 32
16 40 31
16 41 32
17 39 31
18 41 32
17 41 31
17 40 32
15 40 33
14 42 33
11 42 33
09 41 33
08 43 33
02 43 32
02 42 31
07 38 32
16 39 35
18 37 37
15 38 36
12 38 35
14 37 32
17 37 35
15 40 36
17 39 35
19 40 35
18 41 36
18 38 35
17 41 35
15 42 35
14 41 37
12 42 35
13 43 36
12 41 36
10 43 36
06 44 35
07 44 37
10 45 37
13 42 35
11 39 33
09 39 32
11 39 31
14 38 30
15 39 32
17 39 31
16 38 32
17 39 32
17 39 32
18 40 31
17 41 33
14 41 32
14 40 33
12 42 33
12 39 34
10 43 33
04 42 32
00 39 28
03 38 28
17 37 33
18 35 36
12 36 34
10 37 34
14 37 34
15 37 36
16 37 37
19 37 36
18 37 36
17 40 35
17 41 36
17 39 36
16 39 35
16 40 35
13 40 35
12 41 36
11 41 36
08 42 36
05 43 36
04 43 36
10 39 37
17 40 38
13 42 34
11 39 33
14 39 32
15 40 34
15 39 33
15 39 31
18 38 32
17 39 33
17 37 32
17 39 31
15 40 32
15 39 33
13 40 32
11 42 32
12 40 32
08 41 32
08 40 32
04 42 31
02 42 32
11 38 32
18 36 33
16 38 34
12 39 35
15 38 35
16 37 35
15 39 37
17 39 36
17 40 35
17 38 34
17 39 36
17 40 35
17 40 35
16 41 35
14 39 35
15 41 35
16 41 37
12 42 35
09 42 34
05 44 35
01 46 35
04 44 36
12 43 37
13 40 35
12 41 33
11 39 33
13 41 33
16 39 35
16 40 34
15 41 31
18 41 33
17 39 33
18 39 32
18 39 32
16 40 33
14 42 32
13 41 32
09 43 32
08 43 33
08 43 33
06 41 32
04 41 32
07 39 32
15 37 35
17 37 36
15 39 37
10 40 35
13 38 36
15 37 36
16 38 36
16 39 34
17 39 33
17 38 35
18 38 35
17 40 35
16 40 34
15 40 35
15 42 34
14 41 35
12 42 34
09 43 34
06 44 33
01 45 35
02 45 38
11 44 36
13 48 33
11 41 32
14 38 31
16 39 33
17 40 33
16 38 29
17 38 30
18 39 30
19 38 31
16 38 30
15 39 28
14 40 28
13 41 29
14 40 30
12 41 31
12 42 31
10 42 33
07 42 33
02 41 31
05 41 32
10 39 32
16 37 35
16 38 35
12 38 35
12 38 33
15 37 34
17 39 34
17 40 34
17 37 35
19 39 36
18 39 34
16 40 36
14 38 34
13 40 35
12 42 35
13 41 34
12 40 35
11 40 36
10 42 35
08 41 34
06 42 34
09 41 36
13 39 36
16 38 33
14 40 32
12 40 31
12 39 30
14 40 32
15 39 33
16 39 32
16 39 32
17 39 32
18 39 31
15 41 32
15 40 32
13 40 32
10 40 32
10 40 33
09 41 33
06 41 34
04 40 32
04 39 30
09 37 32
18 38 34
16 37 34
14 38 33
12 37 34
13 34 35
16 37 35
17 38 34
18 37 35
16 39 36
15 38 35
14 40 36
15 39 35
16 38 34
16 39 35
15 41 36
15 40 37
12 43 37
12 43 36
10 42 33
09 43 35
09 46 35
10 48 34
12 44 34
13 42 33
12 39 30
12 40 30
14 39 30
14 38 31
13 39 29
15 38 29
16 40 30
15 40 32
16 39 31
16 40 31
17 40 30
14 40 31
12 39 32
12 40 32
10 41 31
09 41 32
07 41 32
04 41 31
04 41 32
10 39 32
16 37 33
14 38 33
12 37 32
12 36 31
14 35 33
14 37 34
16 38 33
17 39 35
16 38 35
17 38 34
18 40 35
16 40 34
15 40 35
14 40 34
13 40 34
13 41 35
11 40 35
10 38 38
09 38 38
10 40 37
09 41 35
03 45 34
06 43 33
12 40 33
13 40 33
11 39 32
13 39 31
15 37 32
15 40 33
16 41 32
15 39 32
15 41 33
16 39 32
16 39 32
15 38 32
15 38 31
14 39 32
15 41 32
14 42 32
14 42 32
14 40 32
12 40 33
10 42 34
07 42 33
04 42 32
03 42 32
07 39 31
14 39 34
11 41 34
07 44 33
07 45 34
08 46 34
09 46 35
13 46 36
17 46 35
20 47 36
23 49 36
26 48 38
27 50 37
30 46 37
33 45 39
36 41 40
38 43 37
39 40 38
41 44 39
41 46 36
39 43 38
40 46 40
41 48 47
41 47 45
39 42 47
37 37 46
38 36 51
42 35 54
43 35 51
43 37 52
43 37 52
43 36 50
44 37 50
44 37 51
44 36 50
44 37 49
43 37 50
44 36 49
43 35 51
43 36 47
43 37 50
43 38 53
43 37 49
43 36 50
43 36 49
44 35 48
43 36 50
44 37 52
44 36 50
