15 37 37
16 37 37
13 38 37
12 37 37
08 37 36
08 39 36
06 37 37
04 38 36
05 38 37
06 36 35
09 36 36
10 37 34
11 36 34
11 38 32
11 37 32
13 35 32
14 35 32
14 35 33
15 36 32
14 36 32
15 35 33
14 36 32
12 35 32
13 36 33
10 36 33
10 35 33
07 34 34
03 35 34
02 35 32
06 33 33
11 31 34
13 32 35
12 32 36
11 33 35
13 33 35
14 34 36
15 33 35
17 36 35
18 33 35
18 34 36
18 34 35
15 35 34
14 35 35
14 35 36
14 34 36
14 35 35
11 35 37
11 35 36
07 36 37
04 36 36
03 35 35
01 37 37
01 37 38
06 35 37
12 36 37
11 36 35
10 36 34
11 34 34
11 34 33
12 35 34
13 35 34
13 35 32
14 35 32
16 36 33
16 36 31
16 35 32
15 39 32
17 37 32
15 36 33
11 36 32
08 38 34
05 35 34
04 34 35
01 36 34
02 38 34
09 32 35
14 28 36
13 32 35
12 30 32
14 29 32
15 31 34
16 31 36
18 36 37
19 38 36
18 37 38
16 35 36
13 35 36
15 36 39
14 36 40
13 34 40
11 35 39
10 33 39
09 33 37
08 34 36
07 35 35
07 35 36
08 36 36
09 36 34
08 37 34
08 36 34
11 35 33
12 36 34
13 35 33
13 35 34
14 34 33
16 36 34
15 34 34
15 34 34
16 35 34
15 36 34
15 36 34
13 35 34
11 36 34
09 35 34
08 36 35
03 35 35
00 35 34
00 33 32
06 33 33
14 34 35
20 34 35
14 34 35
13 33 33
14 32 33
15 33 36
17 35 35
19 37 34
17 34 35
18 34 38
18 34 37
17 33 38
15 34 37
13 33 36
12 33 38
11 35 37
11 34 37
08 36 36
05 33 34
03 35 34
01 37 35
07 38 35
10 36 33
08 36 33
13 36 33
13 34 35
16 35 34
15 35 34
15 36 33
16 37 33
16 37 34
15 36 34
14 35 34
13 36 34
12 35 34
13 34 33
09 35 33
06 35 33
06 34 32
06 37 33
02 37 32
03 36 32
10 34 34
14 33 33
11 32 33
13 30 32
13 31 32
15 30 34
16 35 35
18 35 33
18 34 34
16 35 36
18 35 36
15 35 34
10 34 34
12 36 33
12 37 37
11 35 37
10 36 35
07 36 35
08 35 36
08 36 36
05 36 37
07 37 38
10 35 37
11 33 34
12 36 35
16 35 35
15 36 35
17 36 35
16 35 34
16 35 34
16 34 35
15 34 34
14 34 35
12 35 34
11 34 33
09 35 34
07 34 34
06 34 33
05 35 35
02 35 32
05 32 32
12 32 32
14 32 34
12 31 33
09 31 34
12 35 33
13 37 33
16 35 35
17 37 35
18 36 33
19 35 35
18 36 35
18 35 34
16 36 35
13 35 36
12 35 37
13 36 38
14 36 37
15 38 38
11 37 38
10 38 37
07 37 37
03 38 37
03 38 37
09 38 38
12 37 38
11 38 37
11 36 34
12 35 34
14 34 33
14 35 34
14 35 34
13 37 34
14 36 31
13 35 31
14 36 31
14 35 32
14 36 32
14 36 33
13 37 33
12 36 33
10 36 33
09 35 34
07 35 35
03 34 35
00 34 33
00 34 33
06 33 35
15 31 35
14 34 35
10 35 35
13 34 34
15 35 35
16 36 35
18 37 35
18 36 34
18 35 35
19 36 34
17 35 34
16 35 35
15 37 36
13 34 37
12 36 36
12 34 36
13 35 37
13 34 37
11 35 36
09 35 36
05 37 35