36 53 31
35 53 30
35 53 30
34 52 31
35 54 29
34 53 31
34 53 31
35 53 32
34 52 31
35 53 32
34 53 32
34 52 31
35 53 31
32 53 33
32 53 32
34 52 33
33 51 31
32 52 31
31 51 31
29 52 31
27 54 30
28 54 31
26 49 32
25 51 35
23 52 36
25 54 38
19 54 38
19 48 44
19 42 46
19 42 48
19 42 48
23 46 46
22 45 46
23 45 48
24 45 47
27 45 44
27 45 45
26 48 46
26 48 45
24 44 43
23 45 40
19 43 40
09 46 40
05 45 39
05 45 37
06 48 37
06 45 38
08 44 36
11 42 37
11 44 36
11 45 36
17 43 34
18 42 34
20 41 38
18 42 39
17 41 38
16 41 39
11 40 44
10 38 43
15 35 46
15 43 44
14 43 48
10 23 42
05 34 49
10 38 51
16 41 48
20 42 49
21 39 48
23 39 45
25 35 46
26 35 43
27 37 44
30 30 45
26 29 46
28 35 49
28 37 52
31 39 56
34 39 57
39 37 59
34 34 59
40 35 61
39 37 62
38 35 62
39 36 58
39 38 57
40 39 55
38 36 51
39 35 49
39 32 45
39 32 45
41 31 44
39 33 44
39 36 44
41 35 43
42 39 43
47 37 45
50 42 48
51 34 51
50 34 54
49 31 55
49 32 55
49 29 51
49 33 48
49 33 47
46 33 42
47 32 42
47 31 40
45 30 38
44 34 39
46 36 35
43 33 33
42 35 33
40 46 40
45 49 40
49 38 45
53 35 40
48 39 39
49 44 42
48 41 41
52 41 41
52 38 43
51 41 44
49 40 43
49 40 40
48 39 42
51 37 43
49 40 43
49 41 41
51 40 42
50 40 41
50 40 40
48 41 43
48 39 43
49 40 43
49 41 43
48 43 44
49 42 43
50 45 44
48 46 42
47 46 45
46 45 44
49 46 45
45 44 45
42 41 44
42 46 46
40 45 44
40 45 45
37 46 46
36 47 46
37 47 47
38 46 47
37 44 46
36 46 45
36 47 46
38 47 48
36 47 48
36 48 46
37 47 46
35 48 49
34 48 48
33 51 47
35 51 49
33 48 50
31 48 47
31 48 49
28 49 49
27 52 48
27 57 49
30 56 51
33 55 53
36 50 54
41 47 52
42 43 49
43 43 43
42 43 42
41 41 39
41 42 40
39 39 41
38 39 44
38 40 43
38 41 43
37 40 40
41 47 46
44 61 36
46 43 45
44 42 42
43 45 41
39 51 43
41 49 41
42 50 41
38 46 41
33 48 43
34 51 42
35 49 41
32 51 44
35 50 43
36 50 43
34 53 43
33 52 44
34 51 43
32 53 44
33 53 46
33 53 45
31 50 45
30 51 45
28 52 43
27 50 43
27 51 44
24 51 40
19 49 40
18 51 36
22 59 41
28 58 49
33 55 51
37 53 55
42 51 54
40 48 50
42 44 49
44 44 49
46 41 48
45 36 51
48 32 51
47 29 50
47 27 47
40 28 45
36 35 42
32 39 42
27 40 40
18 45 38
20 44 36
23 39 43
26 31 43
23 40 44
32 62 53
42 33 50
34 45 54
31 33 50
33 47 53
35 43 51
34 41 52
34 40 53
36 45 54
36 46 53
35 41 54
34 40 52
32 46 52
32 43 52
31 43 53
29 42 52
30 42 50
27 45 49
28 43 49
27 42 47
26 43 48
26 52 43
29 52 49
33 49 51
32 50 57
34 52 59
35 52 59
32 49 60
35 46 56
36 42 54
37 38 54
38 37 51
36 37 48
35 38 49
33 38 48
28 36 44
25 37 40
23 38 40
21 39 39
16 41 34
14 35 45
23 22 55
30 62 53
41 43 56
37 44 46
35 48 49
35 47 54
37 44 48
34 48 51
36 49 52
34 44 49
33 45 48
33 48 47
33 48 48
31 47 48
31 47 50
28 48 47
27 48 45
25 50 48
27 53 40
28 47 38
34 49 43
32 59 49
38 54 54
42 51 54
42 50 56
43 49 57
41 46 57
39 45 58
41 39 57
43 35 57
41 33 56
40 32 53
40 30 53
39 29 52
37 27 49
35 29 47
34 29 46
32 30 45
30 30 44
28 31 43
29 30 44
29 27 44
29 26 44
30 26 48
34 26 50
30 25 50
27 29 46
27 27 53
28 29 41
38 38 49
41 25 62
41 20 59
37 31 46
38 33 47
39 26 54
40 26 54
39 32 50
38 29 51
37 29 49
37 31 50
37 30 51
37 31 51
39 30 52
40 29 51
40 29 53
41 28 53
41 27 57
41 28 55
40 29 52
39 27 51
37 30 53
35 28 54
34 29 53
33 30 49
34 30 50
32 34 54
33 32 53
33 29 50
33 34 51
34 36 53
35 35 50
37 37 52
38 37 55
39 35 56
41 34 55
42 37 55
41 38 53
38 39 51
37 41 51
27 51 52
24 47 46
24 48 43
24 56 44
26 51 43
27 52 42
26 51 38
26 50 37
25 51 38
28 51 36
29 49 35
31 50 33
31 51 34
31 52 33
32 52 31
32 54 31
31 56 31
30 58 30
31 57 31
30 59 32
31 61 30
30 60 28
29 61 28
27 58 28
28 53 30
29 53 29
29 54 30
29 52 30
29 50 30
30 49 31
31 47 30
30 47 32
29 49 33
31 48 32
31 49 32
31 50 32
32 52 34
32 53 33
31 54 34
31 53 36
31 50 35
33 52 35
33 52 35
34 53 34
33 53 35
33 53 34
34 55 35
33 54 34
34 53 32
33 53 32
33 54 32
32 53 31
32 54 31
33 54 32
32 55 31
33 53 31
32 54 31
30 54 29
32 55 29
32 55 29
33 53 30
33 52 31
33 52 32
34 52 32
33 53 31
32 53 31
33 52 31
34 53 31
34 54 32
33 54 32
34 53 31
34 54 32
34 54 32
33 54 32
34 54 31
33 53 32
32 52 33
34 54 33
34 53 33
31 54 32
32 53 33
31 54 33
32 53 33
33 53 33
32 53 34
34 52 33
32 53 33
33 54 32
31 54 32
32 54 32
31 53 32
32 54 32
33 55 32
32 53 32
