38 45 44
38 45 32
00 38 45
00 38 45
00 38 45
00 38 45
00 39 45
39 39 44
39 41 45
37 46 46
37 44 45
38 42 44
35 44 48
35 44 47
35 41 44
33 44 47
31 44 47
31 42 45
27 53 49
25 45 45
25 45 43
23 52 47
22 46 44
22 45 42
19 47 44
18 46 43
12 45 43
08 45 41
08 44 41
04 44 38
00 44 39
03 43 37
10 42 37
11 42 36
08 41 33
10 36 31
10 37 32
12 37 32
15 37 32
15 40 32
16 37 31
16 39 32
18 39 33
16 37 31
15 39 32
10 38 33
09 38 33
07 39 33
04 39 33
04 40 34
03 39 32
10 36 33
18 35 35
16 38 36
14 35 34
13 37 34
16 35 35
16 37 35
13 37 36
16 38 36
16 37 36
17 38 37
16 38 36
16 37 36
14 38 37
11 38 37
11 38 37
08 38 36
08 40 36
08 40 38
07 40 37
08 38 36
11 38 34
09 38 35
09 37 34
11 38 34
13 38 34
13 38 33
15 37 31
16 37 32
17 36 32
17 38 32
16 37 32
14 38 33
14 37 33
11 38 33
10 37 33
08 38 33
06 38 34
02 39 33
04 38 35
10 36 36
16 36 38
14 36 36
11 38 36
13 36 35
16 37 36
17 35 36
16 37 35
17 37 35
17 37 35
18 37 36
16 38 35
15 38 36
13 39 36
10 37 36
10 36 36
09 36 36
08 38 36
08 39 35
05 39 35
05 40 37
08 38 36
11 36 34
12 39 34
12 38 34
12 37 31
13 38 32
14 38 33
14 39 32
14 38 32
15 37 33
18 38 33
15 36 33
16 37 34
14 38 33
11 37 33
12 38 33
10 38 33
07 38 34
05 37 34
03 38 33
05 37 34
10 36 34
15 35 34
12 36 35
12 35 36
14 35 35
16 36 35
17 36 34
18 36 35
19 35 34
18 37 34
17 37 35
14 37 35
14 38 34
12 37 35
12 37 35
11 37 36
09 38 35
08 38 36
06 37 36
05 38 36
05 38 38
08 36 38
12 35 34
12 35 33
12 36 35
11 36 33
12 37 32
13 37 32
14 36 32
15 36 32
14 36 33
15 36 31
14 36 31
15 35 33
12 37 32
13 36 33
13 38 32
10 37 32
10 37 33
08 38 33
05 37 32
05 37 32
06 36 31
11 35 32
16 34 34
14 36 34
12 34 34
13 34 34
16 35 34
16 36 34
15 33 34
17 35 34
16 37 34
16 35 35
14 37 34
15 36 35
14 38 35
13 36 36
12 37 36
08 36 35
09 38 35
07 39 35
06 38 36
05 38 36
05 37 36
10 37 35
12 38 33
11 37 32
13 35 32
13 37 32
15 37 33
14 37 32
13 37 31
15 37 32
16 38 33
16 38 33
14 38 32
15 39 33
14 37 33
13 38 33
12 38 33
10 37 34
09 37 33
06 38 34
07 38 34
03 39 33
04 37 33
10 35 33
18 35 35
15 36 36
11 35 34
12 35 36
14 34 35
16 36 36
17 36 35
16 35 35
17 36 34
18 36 35
16 36 35
15 36 36
13 36 36
12 38 36
14 36 37
11 36 36
09 37 36
06 37 35
06 38 36
03 39 37
05 37 37
11 38 37
14 36 35
13 38 34
12 36 32
14 37 33
15 37 32
18 38 32
15 38 33
16 37 32
16 37 32
15 38 32
15 37 33
14 39 33
14 39 33
13 39 33
13 37 34
10 39 34
07 38 34
07 37 32
05 39 33
01 39 33
04 37 32
13 35 32
16 35 36
13 36 34
12 36 33
12 35 34
15 36 35
17 36 34
17 36 35
18 36 33
16 34 36
16 36 35
17 37 35
15 38 35
13 36 35
13 37 36
12 36 36
13 37 35
10 38 36
07 37 35
10 37 35
08 38 35
05 38 35
08 39 35
12 38 35
13 38 33
11 35 33
12 35 31
14 35 32
15 37 32
13 37 32
14 36 32
15 36 31
14 36 32
15 37 32
15 37 32
14 38 33
13 38 33
11 37 32
12 38 33
12 39 32
09 38 33
07 38 32
06 37 33
05 39 33
04 35 31
10 36 33
15 35 34
16 37 35
13 36 34
12 35 34
16 35 35
18 34 36
16 34 34
15 36 35
16 35 35
16 36 36
15 38 37
14 38 37
14 37 36
13 37 36
13 36 36
11 35 36
10 35 37
10 38 36
08 39 37
08 39 36
07 38 35
06 39 37
07 37 35
09 37 33
11 34 33
10 34 32
12 36 31
14 37 31
15 38 32
13 36 32
14 36 32
14 36 31
15 37 32
16 39 33
17 37 32
15 36 33
15 37 33
14 38 33
13 38 33
12 38 32
11 37 33
10 38 33
07 37 35
06 39 34
02 39 33
03 38 33
11 37 33
14 36 34
12 36 33
13 37 33
14 35 33
15 36 33
17 36 35
17 35 34
16 36 33
18 36 35
17 36 34
16 37 34
15 36 35
14 38 35
13 37 35
13 38 36
11 38 34
11 38 36
11 39 36
08 38 36
10 37 36
06 37 37
03 40 35
05 38 36
11 35 34
12 37 33
13 36 31
13 37 31
13 37 31
14 36 31
14 36 30
15 35 31
16 37 31
16 38 31
15 37 32
15 37 31
15 38 31
14 39 33
14 40 32
14 38 32
13 39 33
12 40 32
11 39 33
11 39 33
09 38 33
08 38 33
06 37 31
05 39 32
04 38 31
08 36 32
15 36 33
15 36 34
11 36 34
10 34 33
12 35 34
12 36 34
14 37 34
13 37 34
14 37 35
14 38 35
15 38 35
15 38 35
15 40 36
12 44 37
13 48 38
14 50 39
14 54 41
16 55 41
19 52 41
23 50 42
27 47 41
29 41 42
33 42 38
34 46 41
37 44 43
38 47 42
39 45 42
40 40 45
42 42 45
40 38 46
40 37 46
37 39 47
39 40 51
38 39 52
38 37 52
37 38 52
39 39 54
40 38 51
40 37 51
41 37 52
40 35 51
41 35 51
40 35 51
41 36 52
41 37 51
41 37 51
40 38 51
40 36 50
42 36 51
41 36 52
40 36 52
41 37 51
42 36 50
