14 41 36
14 41 36
14 41 37
13 41 36
14 43 38
16 43 36
15 43 36
14 44 35
15 43 36
15 45 35
12 44 33
12 44 33
12 46 33
12 46 32
12 46 33
14 45 33
15 46 32
15 45 33
16 45 33
15 46 34
12 44 33
11 42 33
06 42 34
07 40 33
09 40 33
06 40 33
09 41 33
14 39 36
14 38 37
14 37 35
13 39 35
15 39 36
16 41 36
20 43 35
17 43 36
18 44 36
16 48 38
15 46 37
13 47 37
11 48 37
09 48 35
10 49 36
09 49 37
08 49 34
11 47 33
14 46 32
15 49 33
15 51 34
15 50 34
14 56 38
16 55 40
19 56 44
20 53 45
23 56 47
28 55 49
29 56 46
32 55 44
34 56 44
38 48 42
40 46 41
44 44 41
43 44 40
41 40 40
41 41 42
41 41 44
43 41 42
45 41 43
43 39 41
42 37 42
44 34 42
48 34 41
49 33 43
51 28 44
52 27 46
52 28 47
47 28 47
45 28 45
45 28 45
40 26 42
39 29 39
38 31 36
41 31 33
31 32 22
43 32 55
59 37 51
52 35 45
48 29 42
49 28 43
51 34 44
52 28 41
51 32 37
52 37 43
52 33 43
51 33 42
48 30 44
54 40 45
51 33 42
51 34 40
51 37 41
49 37 40
52 34 40
51 36 40
51 36 43
51 37 41
52 36 41
54 36 41
51 37 42
51 37 41
54 38 40
56 38 40
52 36 38
51 39 42
50 37 42
52 37 40
50 38 40
49 39 42
50 36 41
52 37 40
50 38 40
48 37 41
50 42 43
51 40 44
49 42 44
49 47 42
50 44 41
47 45 39
47 43 41
45 43 42
45 47 42
48 46 41
48 45 44
43 46 42
41 47 41
43 43 42
46 42 41
44 46 40
45 46 42
43 48 43
45 49 44
44 49 44
40 50 46
41 52 49
42 54 49
41 54 47
40 50 46
39 47 47
40 48 44
38 47 45
37 45 46
33 50 45
34 43 44
32 43 46
33 52 48
32 57 53
34 44 55
38 45 52
34 50 50
35 35 58
40 42 55
54 52 57
52 46 60
46 42 53
44 37 56
45 29 58
47 25 51
48 21 46
45 25 44
44 29 41
43 25 39
41 29 38
40 27 39
37 29 41
35 32 40
32 34 43
31 39 48
30 37 46
28 34 44
10 58 63
28 03 38
50 39 61
54 30 53
50 43 53
35 33 48
43 39 51
43 38 49
42 37 49
40 39 50
41 35 51
43 37 51
44 37 50
44 40 49
43 37 50
45 36 51
43 40 54
44 37 54
41 34 54
38 34 53
41 39 51
36 40 51
38 32 52
36 35 49
33 40 51
32 38 50
32 37 52
32 33 54
33 36 55
32 43 56
32 42 61
42 40 63
44 39 63
47 39 63
47 44 61
47 36 52
50 42 47
49 45 43
48 39 46
47 35 46
49 40 45
44 42 46
41 43 44
40 45 42
32 36 45
30 41 44
29 37 42
30 40 39
24 44 41
29 40 54
35 31 59
62 54 59
39 32 37
47 38 50
42 41 44
48 39 46
47 38 45
43 38 46
46 42 46
47 41 44
46 39 45
45 38 47
45 41 44
46 41 45
47 40 47
48 39 46
48 41 48
48 39 47
49 43 47
47 44 47
44 41 50
43 42 48
43 45 50
42 41 50
41 41 48
42 46 46
39 43 47
39 48 43
38 45 43
37 46 46
37 51 44
36 49 47
35 50 50
34 52 49
32 57 49
33 59 46
31 55 47
29 60 54
27 39 58
28 35 50
35 37 45
32 41 44
31 53 44
32 52 48
34 47 47
33 48 51
34 44 53
33 41 54
34 46 57
34 44 59
36 41 57
38 38 53
43 36 51
42 33 47
37 29 46
38 33 46
37 31 42
34 31 42
32 36 45
28 40 46
30 40 50
28 38 52
32 34 53
37 39 58
36 39 58
34 26 55
40 35 56
41 40 51
35 40 50
27 38 57
33 30 56
29 36 49
25 35 50
26 34 52
22 31 51
21 36 50
22 36 45
21 35 48
19 34 47
16 35 44
16 34 44
15 37 48
16 35 50
14 42 52
20 43 49
21 46 53
21 46 56
23 43 55
20 46 55
15 44 52
13 44 49
16 43 46
15 43 44
19 42 42
25 39 42
23 42 41
28 42 42
33 41 44
33 42 46
35 40 46
37 39 47
38 39 47
38 39 50
37 38 51
35 38 52
35 39 52
31 37 53
35 38 53
34 39 55
33 37 56
35 37 53
34 35 53
33 35 53
35 37 49
36 37 51
35 37 54
34 35 53
34 36 52
36 35 52
37 36 52
38 35 52
35 36 52
35 37 53
35 34 53
