13 38 36
13 38 36
13 38 36
12 39 36
13 39 36
12 38 35
13 37 36
14 39 36
13 38 36
13 38 35
13 38 36
14 39 35
12 38 35
14 38 35
12 37 35
13 38 36
12 38 37
13 39 36
13 39 37
13 39 37
13 39 37
14 39 37
14 38 37
13 38 37
13 39 37
14 39 37
13 40 37
13 39 37
13 39 36
17 39 35
15 40 35
12 40 34
08 41 34
10 41 34
10 42 34
13 41 34
13 41 35
14 41 35
14 39 34
12 39 33
11 39 34
13 39 34
13 40 33
12 40 34
12 39 32
12 40 33
11 39 34
10 38 35
09 41 34
08 40 33
07 39 32
06 38 31
08 37 31
08 36 31
11 33 33
12 32 33
14 30 32
15 30 32
15 31 33
18 32 33
18 33 34
16 35 34
14 37 34
15 35 35
13 36 35
11 36 35
12 36 36
11 36 37
12 35 35
12 35 35
12 36 36
08 37 36
08 36 35
04 37 33
04 36 31
10 36 33
12 36 32
13 34 32
14 35 33
12 35 33
13 37 32
13 34 32
14 35 33
15 36 34
15 38 33
15 39 34
15 38 33
13 38 34
14 37 34
12 38 34
14 38 35
13 37 34
13 36 33
11 38 33
09 37 32
06 37 31
05 36 31
05 36 30
07 37 31
09 34 30
13 31 30
14 29 29
14 32 31
14 32 31
12 33 32
12 32 32
14 34 33
15 33 34
16 33 34
16 35 34
17 35 33
15 36 33
15 36 34
13 35 33
11 34 34
11 34 34
09 35 34
08 38 34
06 37 35
07 36 34
04 36 33
08 38 33
13 37 34
15 38 33
14 37 32
12 36 31
13 36 33
13 37 32
15 36 34
16 36 32
16 36 32
15 37 31
14 38 32
15 36 32
12 38 32
13 38 32
12 36 33
13 37 33
12 37 33
10 37 32
06 37 31
02 36 30
01 36 29
06 36 30
10 34 30
14 32 30
16 31 32
15 33 33
14 33 32
13 34 32
14 34 33
15 35 32
17 32 33
17 33 32
17 33 31
16 33 32
15 34 32
14 34 33
14 34 32
13 35 33
12 35 34
11 35 34
09 34 34
07 36 35
04 36 33
00 36 31
06 35 33
14 34 34
15 33 33
14 35 32
13 34 32
13 35 33
13 35 31
14 36 31
15 36 32
17 36 32
15 36 32
15 35 32
16 36 32
14 35 33
13 34 32
12 34 30
12 35 31
10 35 31
08 37 31
07 35 30
06 37 31
04 35 30
05 34 28
08 32 29
13 31 29
16 31 31
15 34 32
13 33 32
12 33 32
12 32 32
13 34 32
14 33 33
15 33 33
16 35 33
15 33 33
13 35 33
15 35 34
14 36 34
13 34 34
13 35 34
12 36 35
12 35 34
11 35 35
10 36 34
08 36 34
05 37 34
03 36 33
08 37 33
13 37 34
15 35 34
13 34 33
13 36 33
13 37 32
12 36 33
13 36 33
13 36 33
14 36 32
16 35 34
15 35 33
15 36 34
14 37 34
13 36 32
12 37 33
12 37 33
12 38 33
12 37 33
09 37 33
06 37 31
05 36 31
07 36 31
08 35 32
11 32 30
15 30 31
15 30 32
16 32 34
14 33 32
12 32 33
12 33 33
12 33 33
14 32 33
15 32 33
16 32 34
14 33 32
15 33 33
16 34 33
15 33 33
14 35 33
13 36 33
13 34 35
13 35 34
11 35 34
11 35 35
10 35 35
05 35 34
03 34 32
03 35 30
08 35 31
12 33 32
13 33 32
14 33 30
13 34 31
12 34 29
12 35 30
13 34 30
14 32 29
15 32 31
16 34 31
12 36 30
14 36 31
14 37 31
15 35 31
14 36 32
14 36 31
12 35 30
14 36 30
14 35 31
14 37 30
13 37 30
14 37 30
11 37 30
10 37 29
11 37 30
09 36 30
10 36 31
07 36 30
04 35 30
05 34 30
09 32 30
13 31 29
14 32 29
16 32 31
14 29 29
13 31 30
13 31 30
13 31 30
12 32 28
13 30 30
14 31 30
14 30 31
14 32 31
14 32 32
14 33 33
13 34 33
13 35 33
13 34 33
14 35 32
12 35 31
14 34 31
14 34 31
12 34 32
14 33 33
12 34 34
10 36 32
10 36 33
09 33 32
10 30 29
04 31 27
06 29 25
10 28 30
09 33 33
07 30 32
10 31 33
17 33 38
17 29 38
13 26 34
12 26 34
15 26 34
14 29 35
13 30 36
13 29 35
13 32 36
15 33 36
15 35 36
12 36 34
11 34 34
11 36 34
11 38 36
11 40 36
11 39 38
14 37 38
13 38 38
13 37 39
10 38 38
11 39 38
13 36 41
13 39 41
12 37 41
12 36 41
14 35 40
14 38 40
13 35 40
12 36 38
14 36 38
14 36 39
13 37 38
14 37 39
13 37 38
13 38 39
13 37 39
13 36 38
14 38 39
13 38 40
14 37 38
13 36 39
13 37 38
14 37 38
13 36 38
14 36 39
13 36 38
12 35 38
12 35 38
13 36 37
12 36 37
13 37 37
13 37 37
13 37 38
14 37 38
13 38 38
14 38 37
14 38 39
13 38 38
13 38 38
11 38 38
12 37 38
12 38 39
13 37 38
13 39 38
13 36 36
13 36 37
12 38 37
13 37 37
12 37 38
13 37 37
12 38 36
12 38 36
12 38 38
12 38 36
12 38 36
12 36 37
13 36 36
12 35 36
14 37 37
13 37 36
13 38 37
14 37 37
13 37 38
12 37 37
15 37 37
13 38 37
13 37 38
13 37 37
14 38 38
13 38 37
12 38 37
13 38 38
13 37 38
13 37 37
13 36 38
14 37 37
12 37 37
12 38 37
14 38 37
14 37 37
12 37 38
13 37 38
13 36 38
13 35 37
13 37 37
14 37 38
14 37 38
13 38 37
13 36 37
13 37 37
13 38 37
13 37 37
14 37 37
14 37 37
13 37 38
14 37 37
13 37 37
13 38 38
12 39 38
14 38 38
12 38 37
13 37 38
13 37 37
11 40 37
13 39 36
12 40 37
11 40 36
12 37 37
12 37 36
12 38 36
13 38 35
13 37 36
13 37 36
14 36 36
13 37 36
13 39 36
14 37 36
13 39 37
13 38 37
14 38 36
13 38 36
12 38 36
13 39 36
13 36 36
12 38 37
12 38 37
14 39 36
12 37 36
13 38 36
13 38 36
12 37 35
12 38 36
13 36 36
12 39 37
13 37 37
14 38 37
13 37 36
13 38 37
14 38 36
13 39 37
12 39 36
12 38 36
13 39 37
12 38 36
12 38 36
13 39 36
13 37 36
12 38 37
13 39 36
13 38 36
13 38 36
12 38 37
13 38 35
13 39 36
12 39 36
13 39 37
13 38 36
12 37 35
11 38 36
