37 43 51
36 42 49
36 42 49
36 43 50
35 41 52
36 42 51
36 42 50
36 42 51
35 43 50
37 40 50
36 42 50
35 44 50
36 43 50
35 45 48
36 46 49
34 47 49
32 51 49
31 53 49
31 51 47
30 48 45
32 48 44
31 46 44
28 51 45
29 50 44
30 50 43
29 48 42
31 45 42
31 47 44
31 46 44
31 46 44
29 47 46
32 47 46
32 46 44
31 49 50
26 45 50
30 51 40
28 56 47
29 49 48
29 47 39
28 51 34
29 50 35
27 49 32
23 45 34
21 45 37
20 43 40
19 38 41
15 38 41
12 38 43
08 41 41
08 43 38
08 42 36
11 41 35
09 43 35
08 44 35
03 43 35
00 38 34
00 34 35
00 35 33
04 37 35
13 35 35
16 36 36
14 37 34
10 36 32
16 34 33
16 34 34
18 37 33
23 37 34
23 37 35
23 40 35
23 39 35
16 41 35
11 37 35
04 39 33
03 37 35
03 37 37
00 40 37
02 38 38
10 38 36
10 35 33
10 35 31
10 37 30
10 34 30
12 33 30
14 34 31
17 37 30
19 35 31
19 37 30
19 38 31
18 36 31
14 37 30
09 36 32
05 37 32
03 37 31
01 37 32
02 34 31
07 35 31
12 37 36
14 36 35
14 37 33
18 36 34
16 36 34
18 37 35
18 39 34
19 38 34
16 37 34
16 37 37
13 37 37
11 38 37
07 39 40
04 37 38
03 35 39
02 37 38
01 37 37
04 35 37
15 34 36
15 36 33
14 38 31
13 36 31
13 33 29
15 32 30
17 36 30
18 34 32
20 37 33
19 37 32
19 35 32
14 35 32
10 37 32
03 37 31
00 35 31
00 36 31
01 37 32
02 36 32
02 35 31
10 36 34
16 33 35
16 34 33
14 35 31
15 37 32
17 37 34
18 38 34
19 38 34
21 38 34
20 38 33
18 36 34
15 37 35
09 36 35
05 38 35
05 38 37
04 39 39
00 39 38
00 34 37
10 36 38
16 35 35
12 35 32
09 36 32
12 35 31
12 32 33
14 34 32
15 36 32
17 36 31
18 36 32
17 36 31
15 36 32
14 37 30
09 37 30
07 39 30
04 38 31
02 42 31
03 43 31
10 41 33
12 41 33
14 40 33
15 39 33
18 37 33
20 37 33
21 37 33
21 38 32
21 40 33
19 39 33
16 39 31
11 40 30
11 38 31
08 39 31
04 41 32
04 41 34
03 40 36
01 41 38
02 39 39
12 37 38
13 39 38
11 37 35
10 35 35
10 34 34
13 33 32
14 35 32
16 35 33
18 35 33
17 36 32
17 36 32
17 36 33
13 37 32
10 37 32
07 38 31
05 37 32
03 38 31
05 38 31
08 38 33
12 37 34
12 36 32
14 35 32
16 36 32
16 38 33
19 37 33
19 40 34
18 37 32
17 37 32
17 37 32
14 39 34
12 38 32
09 38 33
06 37 35
04 38 36
04 37 37
01 39 39
02 38 40
11 37 40
12 36 38
10 36 36
08 35 35
11 34 35
12 34 35
16 35 34
16 36 33
18 36 32
18 36 34
17 36 33
17 36 33
16 36 32
13 37 32
08 36 32
06 36 32
07 38 32
03 38 32
03 37 31
05 38 33
12 36 34
13 36 34
14 35 34
17 34 34
17 36 36
19 37 35
20 37 36
19 38 35
16 38 35
15 36 36
13 39 37
12 37 38
10 37 39
06 37 39
04 35 39
04 36 38
03 35 37
00 37 38
05 36 38
14 34 37
14 35 34
11 36 33
12 34 32
14 32 32
15 35 32
17 35 32
19 36 32
17 36 30
16 35 32
15 35 30
13 36 30
09 36 31
05 36 31
05 36 31
03 37 30
01 36 31
05 35 33
11 35 35
12 35 34
12 36 35
14 35 34
16 35 36
16 35 38
16 37 38
19 37 38
19 37 38
18 37 36
17 35 37
15 34 37
13 34 37
10 34 36
07 36 37
05 35 37
04 36 37
02 38 35
00 36 36
08 37 38
15 36 36
13 36 34
13 35 31
12 34 30
13 31 31
16 35 32
17 37 32
19 36 32
20 36 32
19 37 31
17 36 32
12 35 32
09 35 31
05 35 31
01 35 31
02 37 31
00 36 33
02 36 32
08 35 35
16 37 36
15 35 35
15 35 34
17 35 35
18 35 35
19 35 35
21 37 35
20 38 34
18 38 37
18 37 36
16 39 37
12 41 38
11 42 39
08 41 38
08 44 36
07 46 36
05 41 36
01 42 36
04 43 35
13 42 36
14 39 35
14 39 31
13 35 28
15 35 25
15 38 26
19 38 29
20 37 29
21 37 30
20 38 31
20 39 30
18 42 33
14 45 33
10 46 34
07 49 33
05 54 32
05 54 30
07 54 30
11 53 29
14 52 29
17 51 30
19 48 31
19 47 33
22 46 32
24 47 31
25 44 32
25 43 32
27 49 31
26 44 32
26 43 32
27 47 32
31 49 35
29 50 32
35 53 32
37 53 37
38 58 37
38 62 38
35 54 43
36 47 50
35 42 53
35 47 52
33 47 51
31 41 49
29 40 48
30 43 49
31 41 50
29 42 49
30 41 48
30 41 48
31 40 48
31 38 47
33 39 46
34 39 46
33 39 49
34 40 49
35 40 51
36 38 51
36 41 52
36 41 52
36 41 52
36 40 51
35 39 52
34 41 51
36 41 52
35 41 52
35 40 51
36 40 50
33 40 52
33 41 52
31 41 52
31 42 52
33 42 53
34 41 52
33 41 52
34 38 51
33 40 51
34 39 52
