14 41 37
14 41 37
15 40 37
13 42 37
11 41 37
11 39 36
12 41 37
13 39 35
14 40 37
13 39 35
12 39 37
12 39 36
13 41 36
14 38 35
14 38 36
13 37 36
13 37 36
13 37 36
13 38 36
14 39 37
12 39 37
13 39 37
12 40 36
12 39 37
13 39 37
13 39 37
14 40 37
15 40 38
15 40 37
17 41 38
16 43 37
15 44 38
14 46 37
16 47 37
14 46 36
13 47 36
14 45 36
14 45 35
16 44 36
15 44 35
16 46 34
17 46 34
16 44 33
17 44 33
16 43 34
18 44 33
17 43 33
15 44 33
12 42 33
11 43 34
11 43 33
07 43 33
05 45 34
08 45 33
11 43 34
14 41 34
15 39 33
15 38 33
14 38 34
13 37 34
14 38 34
15 39 35
16 38 35
17 39 35
16 40 36
16 39 36
17 39 36
17 40 37
16 40 35
15 42 36
11 43 38
07 43 39
05 43 39
07 43 40
04 43 37
05 43 35
11 42 34
17 40 32
20 40 33
18 43 32
17 42 33
15 42 32
15 43 31
16 44 31
16 45 33
16 44 32
16 43 31
17 43 32
18 41 32
16 42 32
13 40 32
08 40 31
07 39 30
03 39 30
04 42 30
08 42 31
11 45 33
14 46 35
19 41 35
17 39 36
15 38 34
11 37 35
12 39 36
12 38 36
14 39 35
16 38 35
17 38 35
20 38 35
21 38 36
21 38 34
19 39 35
15 41 34
13 40 36
08 42 38
06 44 37
05 43 38
05 43 39
05 42 39
09 43 37
16 41 37
18 42 36
19 44 35
16 44 34
13 45 34
12 44 32
14 43 33
14 43 32
15 42 31
16 42 32
19 40 31
20 40 32
20 39 32
20 38 32
17 39 33
13 40 32
06 42 32
02 43 32
01 44 32
03 46 33
09 44 36
14 42 36
17 39 35
17 38 34
15 37 35
14 37 35
12 38 35
12 38 35
15 39 37
16 38 36
16 38 36
16 39 35
18 39 34
17 38 34
17 39 35
16 40 36
16 38 34
15 38 35
12 40 37
09 39 37
06 38 36
06 38 38
03 43 39
03 41 38
11 38 36
16 39 35
16 39 34
14 39 32
14 37 32
13 38 32
12 39 30
12 39 30
14 38 30
15 39 30
15 40 31
16 39 31
17 39 32
18 37 32
16 39 33
14 39 33
11 39 33
09 39 33
04 40 34
04 40 35
05 39 33
05 40 35
10 40 36
15 38 35
18 37 34
18 37 35
16 37 34
14 36 35
12 37 35
11 36 34
11 36 35
15 37 35
15 37 35
16 36 34
16 37 36
16 38 36
17 37 36
16 40 37
15 39 37
13 41 38
13 42 38
11 42 38
07 45 38
01 44 37
06 43 35
13 40 34
15 40 32
14 37 31
15 35 31
13 37 30
13 39 31
12 41 32
12 43 33
15 42 34
15 42 33
16 42 32
18 41 32
17 40 31
17 40 33
18 41 33
17 40 33
14 41 33
09 41 33
07 41 34
07 43 34
05 42 35
06 42 35
07 42 35
11 40 35
15 39 35
17 36 35
18 37 35
16 37 34
13 35 35
12 36 36
14 36 35
14 36 36
13 37 36
14 35 37
14 36 36
14 36 36
15 37 36
15 38 37
16 38 36
15 38 37
14 40 38
16 40 38
16 42 37
15 42 37
14 41 38
15 40 37
17 41 37
15 41 36
11 41 36
10 41 35
10 42 36
12 42 34
12 42 34
12 41 32
13 41 33
12 41 33
14 41 32
14 42 32
15 42 31
16 42 32
15 43 32
16 45 32
16 46 33
15 46 33
14 46 34
15 47 34
15 46 34
15 45 34
15 45 33
16 44 34
17 44 32
17 43 33
18 45 33
18 42 34
18 45 33
16 46 33
14 48 33
13 48 34
16 47 34
17 47 35
20 46 34
20 47 36
19 46 36
17 46 37
15 46 37
13 45 37
13 43 39
13 40 40
13 39 41
17 38 40
17 39 39
18 42 40
17 43 37
19 46 39
19 46 38
20 46 38
21 45 37
19 46 38
17 44 38
17 45 38
16 42 39
15 41 38
16 42 38
16 46 38
17 48 37
16 49 39
18 49 39
18 50 39
18 49 38
18 48 40
19 47 39
19 45 37
18 46 38
18 46 36
18 46 36
18 46 36
19 45 36
18 46 36
18 45 36
17 46 38
14 46 41
14 46 42
15 45 41
16 43 39
17 42 37
16 42 38
16 43 36
15 42 38
15 42 38
14 43 39
17 44 39
15 45 39
16 45 40
16 44 38
16 44 39
16 44 38
15 44 39
16 43 39
15 43 38
17 44 39
16 44 38
16 43 38
16 43 40
15 44 40
16 44 40
14 46 41
13 52 40
16 53 40
18 50 40
21 47 41
21 45 39
22 45 39
23 45 38
23 46 39
22 49 38
22 53 39
21 51 36
23 44 39
21 43 42
22 41 41
23 40 42
22 42 42
21 43 42
19 43 43
16 45 43
14 48 42
13 53 40
11 48 36
13 47 35
15 42 38
17 39 37
17 41 37
17 41 38
15 41 41
13 42 44
15 39 43
16 39 40
13 43 38
13 41 37
12 39 37
13 40 37
14 38 36
13 40 37
12 42 36
14 42 37
15 44 35
14 46 35
16 46 35
17 43 36
16 42 38
16 44 39
15 44 38
14 43 38
15 42 35
16 44 36
16 42 38
17 43 37
17 40 38
17 42 38
16 41 37
15 41 36
13 42 35
14 40 36
12 38 36
