13 37 36
13 36 36
13 38 35
13 37 36
13 38 36
13 39 36
14 39 36
13 38 36
13 37 35
13 37 36
13 38 35
12 39 36
12 39 35
12 39 36
12 38 36
13 39 36
13 38 37
13 38 36
13 40 36
11 39 37
11 39 37
11 37 37
14 35 37
13 36 37
13 37 37
13 37 36
13 37 35
13 36 36
14 36 37
15 39 38
11 38 36
10 41 38
10 39 36
10 38 35
09 39 35
13 38 33
13 39 34
13 39 34
12 37 34
14 37 34
14 40 34
12 39 34
11 39 35
13 42 38
13 42 40
12 43 37
12 46 41
14 46 42
14 46 41
14 43 38
14 42 37
17 40 35
17 43 35
17 40 32
17 32 33
18 28 36
16 36 40
12 39 40
12 36 37
11 35 37
08 38 36
05 40 36
05 39 37
10 39 37
12 42 38
13 42 37
15 41 36
14 41 37
13 41 36
11 40 36
10 40 36
08 39 36
08 39 34
07 35 32
09 37 32
13 38 34
16 35 33
15 34 31
15 36 30
14 36 31
16 36 33
14 38 33
13 39 33
14 39 36
15 42 38
18 42 38
17 40 38
16 42 37
16 43 38
14 42 38
11 41 37
08 41 36
05 40 34
05 38 33
05 37 34
05 39 33
07 40 33
10 37 33
16 39 33
17 37 33
18 38 34
18 39 34
15 37 34
14 38 34
14 39 34
14 39 35
13 40 35
13 40 36
14 39 35
15 37 36
14 38 37
14 39 36
15 38 37
13 39 38
14 37 37
10 37 38
08 37 37
06 37 36
05 36 36
07 35 35
06 36 33
08 34 31
12 34 31
16 35 31
16 33 30
15 31 28
14 33 28
14 36 29
14 33 30
15 35 35
15 39 36
12 37 34
12 38 35
11 40 37
10 43 40
11 41 37
14 39 37
14 38 37
14 41 35
13 41 35
10 41 35
09 39 33
08 40 32
05 42 32
05 45 32
05 41 30
09 35 30
14 34 30
17 34 30
16 36 31
15 38 33
13 37 35
12 37 36
12 36 35
10 34 33
12 36 34
13 39 35
11 45 34
10 49 33
12 45 33
11 45 33
09 48 26
08 48 30
09 43 31
11 37 33
13 36 32
14 36 33
15 36 31
10 41 31
07 37 31
10 33 31
12 32 30
14 34 30
14 34 31
15 36 32
14 34 31
15 35 31
13 37 32
12 40 34
11 41 35
12 40 35
13 42 34
14 41 33
13 40 33
13 40 33
14 40 34
13 41 33
11 39 32
09 39 32
05 38 29
02 34 28
01 35 30
03 35 31
05 33 31
09 34 32
12 33 31
15 32 33
15 33 31
17 32 31
16 32 31
13 33 30
14 33 31
13 35 32
16 39 35
14 41 35
14 40 35
14 38 35
12 39 35
12 40 36
11 40 36
13 38 34
13 40 34
11 39 35
09 39 34
08 39 34
09 37 34
09 37 33
07 37 31
07 33 30
07 33 30
10 35 31
15 32 31
16 32 31
16 31 30
13 32 31
14 32 31
13 32 32
13 34 31
15 36 32
13 37 34
12 38 33
14 38 32
14 37 32
13 37 32
13 37 34
15 37 33
13 35 33
14 38 33
14 36 34
11 36 31
09 35 29
07 35 30
05 36 30
04 36 29
04 35 29
04 35 28
07 36 29
12 33 30
14 34 29
17 32 29
17 31 29
17 32 30
16 31 29
14 31 29
14 32 30
12 34 31
12 33 31
10 33 32
11 33 31
13 33 32
13 33 32
15 34 32
15 33 32
16 33 33
15 35 33
16 34 32
14 35 33
15 35 34
14 37 33
14 37 33
11 35 32
08 34 32
06 34 32
04 36 31
06 32 30
12 32 30
13 32 30
12 32 30
11 31 30
12 30 30
13 31 30
14 33 31
13 31 30
12 32 31
13 33 29
13 34 30
13 38 30
11 37 31
13 36 32
13 35 33
12 37 32
13 38 32
15 37 33
14 37 32
13 36 32
12 38 32
12 39 33
09 39 31
06 37 33
07 38 34
12 39 36
15 40 36
16 36 38
14 35 34
14 35 33
13 36 34
12 36 36
14 35 36
13 33 37
13 34 37
13 35 36
14 33 36
12 34 37
12 34 37
13 34 36
12 35 35
13 34 36
12 35 36
12 35 35
12 34 36
13 34 36
12 33 35
13 35 35
13 38 35
13 36 36
12 35 35
14 36 36
12 37 35
11 37 35
12 35 36
12 36 35
11 37 36
10 39 36
11 36 36
11 35 35
14 36 37
12 37 35
13 37 37
12 38 36
11 37 36
12 38 36
12 39 35
13 38 36
12 37 36
13 37 36
12 37 35
12 38 36
14 38 34
14 36 37
13 37 36
13 38 35
14 37 38
13 38 37
13 37 38
12 37 38
13 38 37
13 39 37
12 38 37
13 37 37
12 38 38
14 39 37
13 38 37
12 37 38
14 37 38
12 37 39
13 37 38
13 37 38
14 38 38
13 37 38
12 37 38
12 37 38
13 37 38
13 37 37
13 38 38
12 39 37
12 39 37
13 38 37
13 38 37
14 38 36
13 39 36
13 39 35
15 38 36
13 38 36
14 39 36
14 39 36
14 39 35
14 40 35
13 41 35
13 40 35
12 37 36
12 42 39
11 37 39
12 38 37
13 40 36
15 40 36
14 39 36
14 38 36
14 38 37
12 39 37
12 40 35
13 39 36
14 39 37
13 39 36
14 40 36
14 41 36
13 40 35
14 40 35
