12 35 35
55 12 35
12 34 36
14 34 35
12 34 35
11 34 35
12 33 34
12 34 36
12 34 35
13 35 35
13 33 36
12 34 35
13 35 35
12 33 36
13 34 36
12 36 35
12 36 36
12 36 36
12 36 36
12 36 36
12 36 34
13 37 35
13 37 34
12 38 34
13 37 35
12 37 35
12 38 35
12 38 35
11 37 35
11 39 35
12 36 35
10 36 35
11 36 34
11 36 35
12 36 34
11 36 34
12 35 35
09 36 34
07 36 34
11 38 34
09 37 35
06 36 34
04 35 36
08 34 34
14 33 35
14 33 34
15 35 35
13 33 35
12 31 34
13 32 35
13 33 35
14 34 35
13 33 35
15 32 36
12 33 35
13 32 35
13 32 36
13 34 35
13 34 36
11 34 36
13 35 35
14 34 34
10 34 34
09 35 35
10 36 34
12 36 33
13 36 32
12 36 32
12 36 32
12 36 33
14 35 33
14 34 34
14 35 34
15 36 34
13 35 34
13 34 34
12 36 33
12 35 34
14 36 33
12 36 34
11 36 33
11 35 33
12 37 33
11 35 34
09 36 35
07 35 34
05 35 34
04 35 34
09 35 35
14 35 35
15 35 34
16 36 34
16 34 34
15 33 34
14 34 34
14 34 35
12 35 34
13 35 35
13 34 35
15 34 35
14 33 35
13 32 35
13 33 35
12 34 34
11 35 35
10 35 35
10 35 34
12 35 36
10 35 35
08 35 35
11 35 35
14 34 33
13 35 34
13 35 33
12 34 32
13 35 31
13 33 31
15 35 32
13 35 32
15 34 33
14 34 33
14 34 33
14 36 33
14 36 32
14 35 33
11 37 33
11 35 34
11 35 34
11 35 32
10 36 32
07 37 34
05 36 34
05 34 35
10 35 34
14 33 35
15 35 34
14 34 35
12 33 34
12 31 34
13 33 35
12 33 34
14 34 34
14 34 34
14 34 35
14 34 35
13 33 35
14 34 35
13 33 35
12 35 36
12 34 34
09 32 36
12 35 35
14 35 36
12 35 34
09 35 33
10 35 34
10 36 33
12 35 32
13 36 33
13 35 33
12 36 32
12 35 32
14 35 32
14 33 33
14 34 32
12 35 33
13 34 34
13 34 33
12 35 32
12 35 33
12 34 33
12 35 33
12 34 33
10 35 33
12 34 32
12 35 32
11 35 33
11 35 33
08 35 33
06 33 32
07 35 33
11 33 34
15 31 33
13 32 34
14 32 34
13 32 34
12 33 33
14 33 34
13 33 34
14 34 35
13 35 35
14 34 37
14 34 35
14 34 36
12 34 37
13 34 36
11 34 35
13 33 34
13 34 35
12 35 35
13 35 36
11 35 36
10 33 36
09 33 35
07 35 35
10 34 35
13 34 34
14 34 33
12 34 33
13 33 34
14 33 32
13 33 32
13 34 33
12 34 33
13 35 33
13 35 33
13 35 33
14 35 33
12 35 33
13 35 33
12 35 34
12 36 34
11 34 35
11 35 34
11 35 34
09 35 35
09 34 35
07 35 35
05 35 35
06 34 34
11 35 34
14 36 35
13 33 34
13 34 34
13 31 34
13 33 35
15 33 35
14 33 35
14 35 35
13 34 34
14 35 34
12 36 36
12 35 35
11 35 36
11 36 37
12 35 36
13 36 37
13 34 37
13 33 37
13 34 36
12 34 34
10 35 34
11 36 33
13 35 33
13 34 33
13 34 34
12 33 33
11 32 33
12 33 32
14 34 33
13 34 34
13 36 33
14 36 34
14 35 34
13 36 33
14 35 33
13 34 34
12 36 33
10 34 33
11 35 33
11 35 33
10 36 33
10 36 34
09 34 34
07 35 34
07 35 34
06 34 34
11 33 35
14 35 35
13 35 35
14 34 33
14 33 34
15 32 34
13 34 33
15 35 34
13 35 34
13 34 35
14 33 34
13 34 34
14 34 35
12 35 35
13 33 35
13 34 36
12 35 36
12 35 36
12 34 35
10 34 35
09 33 34
06 34 36
08 34 35
09 36 34
12 34 34
12 33 33
14 34 32
14 33 32
14 34 32
13 34 32
16 34 33
15 34 33
15 34 32
14 34 32
12 34 32
11 35 33
14 35 33
12 35 33
11 35 33
10 35 34
09 35 34
07 35 33
08 35 34
05 35 34
05 34 34
08 33 34
12 34 34
14 34 34
12 34 35
14 33 34
14 31 33
14 34 34
15 34 34
12 35 34
14 34 35
14 34 34
15 32 35
12 34 35
13 33 35
13 33 35
12 34 35
15 34 36
13 33 36
12 33 36
13 34 35
11 32 35
10 34 36
11 34 35
08 34 35
07 35 36
10 34 34
12 33 33
13 34 33
12 34 34
13 33 33
15 34 33
14 34 33
16 34 33
16 34 32
15 34 33
14 34 33
14 33 32
14 34 33
13 35 32
11 35 32
12 34 34
12 34 34
12 35 35
13 35 35
13 35 35
13 36 35
14 35 35
12 36 36
10 35 36
06 35 36
10 34 36
13 34 36
12 35 37
12 36 37
12 35 37
11 32 37
11 32 36
14 33 35
14 34 36
14 36 36
14 36 36
14 35 37
13 35 37
12 35 37
12 34 37
13 34 37
12 34 37
12 32 37
12 34 37
10 33 36
12 33 36
13 32 35
12 35 35
10 35 34
09 35 35
11 33 34
13 35 34
12 32 34
13 33 34
12 31 34
12 30 32
10 29 30
09 29 30
10 30 29
13 32 31
13 32 31
14 34 32
12 35 32
11 34 32
12 36 32
12 34 31
11 35 34
11 36 33
12 36 33
12 36 34
12 35 34
12 34 35
13 36 35
14 34 36
12 36 37
12 36 37
12 34 36
12 33 36
12 34 36
13 35 36
12 35 37
13 34 37
13 35 38
14 35 37
13 34 38
13 36 38
12 36 38
12 35 38
12 35 38
13 34 37
13 33 37
12 34 37
11 34 36
13 35 36
12 34 36
12 34 35
10 34 36
10 34 35
12 34 35
14 34 35
13 33 34
13 32 33
12 34 34
11 35 34
10 35 33
11 35 34
