04 53 33
04 53 33
04 53 33
35 37 50
35 37 50
35 38 50
36 39 50
37 37 48
37 36 45
36 39 45
37 40 44
38 37 42
35 37 39
33 41 41
27 50 47
24 47 46
22 46 44
16 49 51
14 49 50
14 48 48
15 44 47
12 39 42
09 44 44
01 44 46
02 41 42
05 41 41
09 42 42
09 39 38
12 38 36
12 40 35
10 39 33
13 35 30
13 34 30
15 36 31
16 38 32
14 36 32
15 37 32
16 37 33
16 37 33
12 37 33
11 37 31
08 37 33
04 35 32
03 37 32
00 36 32
02 35 31
12 35 33
18 34 37
12 33 36
13 34 33
15 35 35
17 35 36
13 37 34
17 37 35
19 37 35
18 37 35
17 37 35
15 37 36
15 37 35
14 36 36
11 34 38
11 35 37
09 36 36
04 37 36
01 38 35
04 36 35
11 35 34
09 35 32
09 36 32
11 35 32
13 34 34
14 36 33
15 34 32
16 35 31
16 36 31
15 34 32
16 35 31
13 36 33
13 36 34
12 35 32
10 35 32
09 35 32
07 34 32
04 35 33
00 35 33
05 35 32
13 32 32
18 33 35
13 33 35
12 34 34
16 33 35
15 35 36
16 35 37
17 34 36
17 37 37
17 34 37
15 35 37
15 37 37
13 35 37
10 36 37
09 36 37
09 36 37
09 35 35
05 35 35
01 39 36
03 32 38
13 32 40
10 36 37
09 35 34
09 34 34
12 32 33
15 35 32
13 34 33
16 31 34
16 33 33
16 32 35
15 33 34
16 32 33
13 34 34
11 33 33
08 33 32
06 34 35
03 32 34
01 33 33
03 33 32
06 33 31
15 32 33
17 33 36
12 33 34
12 34 32
15 32 36
15 33 36
15 35 35
17 33 35
18 33 36
18 33 37
16 34 36
16 35 37
13 36 37
13 36 36
13 35 38
12 37 38
10 34 36
07 35 35
03 40 37
05 36 39
07 36 41
11 38 36
10 36 34
10 36 34
11 34 32
12 33 32
14 35 32
14 34 32
13 35 30
13 35 28
14 34 29
17 35 31
16 37 31
14 38 32
14 39 35
12 36 34
06 36 32
03 38 33
04 36 33
08 37 33
13 35 31
12 34 32
10 33 31
12 33 30
13 34 33
14 35 34
15 36 34
16 34 34
17 35 34
17 38 34
16 35 35
15 37 35
13 38 35
11 37 36
10 37 36
10 33 36
10 39 36
04 42 37
02 40 34
07 38 33
11 37 33
12 37 32
12 37 31
14 37 32
15 35 32
15 35 32
16 35 32
16 34 31
15 35 32
16 37 31
14 37 32
14 38 33
11 38 32
10 38 31
08 37 32
07 37 31
04 38 31
03 36 30
00 37 31
05 33 26
13 36 32
12 36 36
13 36 32
17 37 31
20 36 33
22 38 34
21 38 35
21 39 33
18 39 35
16 40 36
13 39 35
11 40 36
11 39 38
11 38 36
11 38 36
11 38 37
09 37 36
08 40 35
05 39 36
08 40 37
11 39 36
10 38 35
10 39 35
11 38 34
12 37 33
14 36 33
16 36 33
17 36 32
16 36 32
14 36 33
14 35 31
13 36 32
12 36 32
11 37 32
09 35 31
09 36 33
07 36 32
05 37 31
01 37 33
09 37 33
14 36 33
14 36 36
10 35 36
13 35 32
16 35 34
17 36 35
18 38 36
19 37 35
18 36 35
17 35 35
16 36 33
14 38 35
09 37 35
07 35 34
09 36 35
09 36 35
08 37 34
06 37 35
04 36 37
07 37 37
10 39 36
11 38 33
11 33 32
10 33 31
11 34 31
13 37 32
15 36 32
16 37 32
16 36 32
15 35 33
15 36 32
13 36 32
14 35 32
12 36 32
09 36 32
09 36 33
08 36 33
06 34 33
04 35 33
04 34 31
12 34 32
15 34 36
16 35 36
13 33 34
09 33 33
12 33 35
13 35 37
14 35 35
14 38 37
18 37 36
20 34 37
21 34 36
18 34 35
16 34 37
13 36 37
10 33 37
09 33 37
08 35 39
07 37 37
05 38 36
06 40 35
07 39 36
10 39 34
10 35 32
10 35 32
09 35 29
12 36 31
13 37 31
15 37 31
15 37 31
16 38 29
15 36 29
15 37 30
16 36 30
15 37 31
14 37 33
12 37 33
12 36 35
07 38 34
06 35 32
01 35 32
04 33 31
03 34 28
09 35 29
15 35 33
15 36 34
13 34 33
14 35 32
17 36 34
19 35 33
19 36 34
19 36 36
19 37 36
17 36 35
15 38 38
13 35 37
13 36 37
12 36 36
11 36 36
11 35 36
10 36 35
09 36 35
07 38 35
02 39 36
05 39 34
10 36 35
12 35 35
12 35 33
14 34 31
13 35 31
15 35 31
16 36 29
16 36 30
16 36 31
14 35 31
16 36 32
15 37 32
14 38 33
12 37 32
12 37 32
12 36 33
11 36 33
10 37 33
09 37 32
07 38 32
04 36 30
01 37 30
02 36 29
05 34 29
13 32 31
17 33 34
13 32 32
11 31 31
13 33 32
13 32 32
13 34 33
14 31 34
13 34 34
13 41 35
12 37 34
13 41 36
12 43 36
13 43 37
13 47 38
14 49 39
17 47 40
19 46 39
22 44 42
25 42 42
25 44 40
31 44 43
34 45 43
34 46 45
33 45 44
36 42 43
36 49 42
35 48 45
37 45 45
37 46 44
37 44 46
34 41 47
36 41 48
35 37 51
35 35 51
37 36 53
38 36 54
38 35 53
38 37 53
39 36 52
38 36 52
39 38 52
39 37 53
39 35 52
40 34 52
39 35 52
38 36 52
38 35 53
38 34 52
39 35 52
40 35 52
38 35 52
39 34 52
39 34 53
39 35 52
39 35 52
38 34 52
39 35 52
38 35 52
39 34 51
38 34 53
39 34 52
38 36 53
39 34 51
39 35 53
38 35 52
37 35 50
38 35 52
39 35 53
40 36 53
39 35 52
39 36 50
38 34 53
