15 34 37
55 15 34
13 34 37
12 34 38
12 34 37
12 34 37
12 34 37
11 34 37
13 32 36
13 33 37
12 33 37
12 34 36
12 34 36
13 35 36
13 35 34
13 36 35
11 36 34
11 36 35
14 35 35
13 35 35
12 35 34
13 35 34
13 36 36
13 36 35
12 37 35
11 37 35
10 35 36
12 34 35
12 36 35
11 36 34
11 35 35
10 34 36
11 35 35
10 35 35
10 34 34
08 33 34
04 33 34
07 34 33
07 35 34
14 34 34
11 33 34
12 32 34
14 32 34
13 32 33
13 32 33
13 31 34
13 31 35
14 32 34
15 31 34
14 30 35
15 32 36
13 33 35
12 32 37
13 34 36
12 35 36
11 34 36
10 34 36
08 35 36
09 34 36
07 35 36
10 35 36
13 36 34
13 35 33
12 34 33
11 35 32
14 34 33
13 36 32
13 36 33
15 35 33
15 34 33
14 35 33
14 34 33
14 34 34
14 35 32
11 34 33
08 35 33
06 34 34
06 33 33
05 35 33
08 35 34
11 31 35
14 30 34
15 32 34
13 31 33
13 31 34
12 32 35
15 33 35
13 33 35
14 32 35
15 34 35
14 34 36
14 35 34
13 34 36
13 34 35
10 33 35
09 34 36
09 33 35
10 34 34
10 33 34
12 35 35
12 35 34
11 34 33
10 34 33
11 34 32
13 34 32
12 35 32
13 35 33
15 35 33
15 35 32
15 35 32
14 33 33
14 34 32
12 36 33
09 35 32
07 34 33
06 35 33
06 33 33
08 33 32
09 34 34
16 33 35
16 33 35
14 34 34
12 34 34
13 32 34
12 32 36
14 34 36
15 34 36
15 33 35
13 33 35
15 33 35
15 33 34
14 34 35
12 33 34
12 33 34
11 33 35
10 35 35
10 33 35
09 34 35
08 36 35
10 35 36
11 34 33
11 33 34
11 33 34
11 35 32
13 34 32
14 35 33
14 35 34
15 36 34
14 35 32
14 34 33
14 34 32
13 34 33
12 33 33
09 34 32
10 34 33
07 35 34
07 35 35
07 34 34
09 34 34
13 33 35
15 33 35
14 34 36
12 32 34
13 31 33
13 31 34
16 34 36
16 34 35
15 36 36
14 34 34
13 34 35
13 32 36
12 32 35
10 33 35
11 34 35
10 34 34
09 34 34
10 34 34
07 35 34
08 35 35
13 34 34
14 34 32
13 34 33
10 34 33
13 33 32
14 36 31
14 35 31
16 35 32
16 34 32
16 35 32
14 33 31
13 34 31
13 34 31
12 35 31
10 34 32
09 36 32
07 36 32
06 34 32
05 33 33
08 34 33
08 34 33
13 33 34
14 33 34
14 33 35
14 32 32
14 31 32
15 33 34
15 33 34
14 35 35
16 33 35
14 33 35
13 33 35
13 33 34
13 34 35
13 34 35
11 34 35
10 34 35
09 34 36
09 33 36
09 34 35
08 35 36
12 34 36
12 35 34
11 35 34
11 35 34
12 35 33
14 34 33
15 35 32
15 35 33
16 34 33
15 34 34
14 34 34
14 35 32
13 34 32
13 34 34
11 35 33
09 35 33
08 35 33
07 35 33
05 34 35
07 35 35
12 33 35
14 33 35
12 34 36
11 31 36
11 30 35
11 31 34
12 33 36
13 33 36
14 34 35
14 33 36
15 34 36
14 34 36
16 34 36
14 34 35
13 35 36
12 34 37
11 34 36
12 34 34
09 35 35
07 37 36
09 35 35
10 36 34
12 35 33
12 35 35
12 35 34
14 34 34
15 34 33
15 35 32
15 35 34
15 35 33
14 34 32
15 34 32
15 35 33
14 35 34
14 36 34
12 37 33
08 37 34
05 38 34
03 36 35
05 31 33
07 32 35
12 33 35
12 35 35
12 31 35
13 30 33
12 30 33
14 32 34
15 35 36
16 35 35
17 34 35
15 37 37
14 36 36
15 34 36
13 34 36
12 32 36
15 33 36
15 35 37
15 35 37
17 35 37
17 35 36
15 36 36
14 36 37
11 36 37
09 37 37
05 36 37
07 36 37
11 36 35
09 36 35
09 34 34
10 35 34
12 33 35
15 34 33
15 34 34
13 35 34
13 34 33
14 35 32
14 35 33
14 36 34
14 36 34
14 34 34
13 36 34
14 36 35
14 35 36
12 35 37
11 35 37
09 33 36
08 35 37
09 34 38
12 35 38
14 35 36
13 36 36
11 35 37
11 35 37
13 33 38
14 34 38
14 34 37
12 34 37
13 34 38
14 34 38
13 33 38
13 33 38
13 33 37
12 33 37
14 33 35
11 33 35
10 34 36
09 33 35
12 33 36
14 33 34
14 34 34
11 34 34
11 35 34
10 32 33
12 30 33
12 33 33
11 33 33
10 34 31
11 33 33
12 34 32
13 34 33
11 34 34
12 35 34
14 34 34
15 33 34
13 34 34
12 34 34
10 34 34
10 33 35
12 33 35
13 33 34
12 33 36
11 33 35
11 33 36
12 33 36
11 33 36
12 34 36
12 35 36
12 33 35
11 34 36
13 33 36
11 33 35
12 34 35
12 34 35
12 32 35
12 34 35
