37 36 52
37 38 50
37 38 50
38 36 47
37 37 45
37 44 47
36 41 44
36 42 43
32 47 47
31 42 45
28 43 45
26 51 48
25 43 45
24 46 48
20 48 49
21 44 45
17 46 45
18 46 44
17 43 42
13 47 42
14 45 41
14 46 40
14 45 40
14 44 40
13 43 40
13 40 39
10 42 38
07 41 38
04 41 38
03 44 39
05 40 37
12 40 35
11 40 33
10 36 32
11 35 30
12 37 30
14 37 31
14 37 32
15 38 31
15 37 32
17 36 31
15 36 32
13 38 32
14 36 32
14 37 32
13 36 33
11 39 33
08 38 33
05 37 33
03 38 33
00 38 33
04 36 32
13 35 35
18 34 37
14 34 36
11 33 33
11 32 33
16 33 34
17 34 36
16 36 35
17 34 35
17 34 35
18 34 35
17 35 35
17 35 34
17 37 34
15 37 35
12 37 36
11 36 35
09 38 36
07 39 35
06 38 35
04 39 36
04 40 37
05 39 38
08 38 39
10 37 35
10 36 35
12 36 35
16 37 35
18 36 34
18 39 33
17 36 31
16 37 31
15 37 33
15 37 31
13 38 33
11 38 33
11 37 32
12 37 33
10 35 34
10 38 34
08 36 33
04 36 33
02 36 34
06 39 34
14 37 36
15 35 37
13 32 37
13 31 33
13 30 34
18 30 35
18 32 36
18 35 37
17 36 37
16 37 37
15 38 36
15 37 35
14 36 35
13 37 36
12 37 36
11 37 35
11 36 35
10 36 36
07 36 36
04 40 35
03 40 38
06 39 34
10 37 32
10 33 30
13 33 29
14 36 29
16 38 31
16 35 31
15 36 31
15 36 33
15 39 33
16 38 33
15 39 33
13 39 34
13 39 34
10 38 33
08 37 32
05 35 31
05 34 30
04 36 30
02 35 30
05 32 30
14 32 31
17 31 31
12 32 33
10 32 32
12 32 32
16 32 33
18 35 34
17 34 35
18 34 35
18 35 35
16 37 34
15 34 33
14 35 34
12 36 35
13 37 35
11 36 37
08 38 37
07 38 36
08 38 36
06 40 37
07 39 38
08 40 38
12 37 36
09 37 35
10 37 33
10 37 35
12 38 34
14 36 34
13 38 33
16 35 33
17 36 32
17 36 32
17 37 34
17 38 33
16 37 33
14 38 33
11 37 34
10 35 34
07 34 32
05 36 31
00 38 32
01 38 31
05 38 31
13 37 33
14 35 33
11 35 33
13 34 31
16 35 33
19 36 34
17 36 34
17 37 34
18 36 34
18 36 35
17 38 35
16 36 36
15 38 34
12 36 35
11 37 36
07 37 36
05 39 37
06 39 37
03 41 39
08 38 39
13 37 36
09 36 34
07 34 33
10 35 34
13 36 34
14 38 33
14 39 32
15 37 32
16 37 34
15 37 32
18 36 32
16 36 32
14 37 33
12 38 32
09 38 33
06 37 33
04 37 34
03 38 33
04 38 36
10 34 35
16 34 35
15 34 36
12 34 35
11 33 33
15 34 33
13 35 35
15 37 36
17 37 36
16 37 36
19 37 36
16 37 36
15 37 35
14 39 36
14 37 35
12 36 34
12 38 36
09 38 36
08 37 35
03 38 36
02 40 37
09 39 38
12 37 37
11 37 37
11 36 33
13 35 34
15 37 34
15 37 34
16 37 35
15 37 34
16 36 33
16 36 33
14 37 33
13 36 33
12 36 33
10 38 33
07 37 33
07 36 32
06 36 32
04 37 31
02 35 32
06 34 33
13 34 33
17 34 36
11 34 35
09 33 36
13 33 35
18 32 35
17 35 36
17 37 36
14 36 34
17 35 35
18 38 36
16 37 35
13 35 35
12 37 37
11 37 36
10 37 36
09 38 36
07 36 36
05 38 37
03 39 37
06 38 37
12 38 37
10 39 34
11 37 34
13 35 34
11 35 31
13 37 32
15 37 32
17 37 33
18 38 33
16 36 33
14 36 31
13 37 31
11 36 30
10 38 32
11 37 31
10 37 33
08 38 32
05 37 33
02 36 34
03 35 35
10 32 33
16 33 35
14 36 39
14 37 37
14 35 35
18 35 36
18 35 34
18 36 35
17 37 35
17 37 36
16 37 36
16 38 36
15 37 36
13 37 35
12 37 36
10 37 36
09 36 36
10 37 37
09 37 37
03 39 37
02 40 37
07 37 38
13 39 36
12 38 35
10 37 34
11 35 32
12 35 32
13 36 33
15 37 32
15 36 32
15 35 33
16 38 32
16 36 33
15 37 32
14 37 32
12 36 32
13 37 31
12 36 32
08 35 33
09 37 33
05 36 35
03 35 34
02 35 34
10 35 35
17 33 36
15 35 36
13 33 35
13 33 34
15 34 34
16 35 35
17 35 36
16 36 36
17 37 36
16 38 36
17 36 36
17 36 36
15 37 36
12 38 36
12 38 36
10 38 36
10 38 36
08 37 36
05 37 36
04 40 38
05 41 36
09 38 36
13 36 34
12 35 34
10 37 32
11 36 33
12 35 31
13 37 32
13 37 32
15 37 30
16 36 31
16 37 31
15 36 31
15 37 31
15 38 31
14 37 31
12 38 32
14 38 33
11 36 31
12 38 32
10 38 33
07 37 33
04 37 35
02 35 33
06 34 33
13 34 36
14 34 35
13 34 35
10 34 33
09 33 33
12 32 33
13 36 33
14 36 34
14 35 33
14 36 35
13 38 35
12 40 35
11 42 36
12 41 35
16 41 35
21 40 37
19 42 41
18 43 41
16 44 41
16 50 45
16 51 47
18 51 45
18 53 46
24 49 46
26 45 46
29 48 44
31 45 41
36 49 43
37 42 42
38 46 41
39 45 42
39 46 43
40 42 44
39 40 45
39 41 45
37 38 47
38 40 48
39 41 51
40 36 49
38 37 52
39 37 53
42 37 53
40 36 52
41 36 52
40 38 52
42 37 51
41 36 50
42 37 52
40 35 51
40 37 51
41 36 51
40 36 52
40 37 51
41 35 52
41 35 50
41 35 51
41 36 53
39 35 52
39 34 51
41 34 52
40 36 53
41 36 52
40 34 52
40 33 51
41 34 51
40 34 52
