35 49 49
35 49 49
35 49 49
36 47 47
34 47 44
34 48 43
33 44 40
30 48 41
31 47 42
33 47 42
30 47 45
29 45 41
26 49 44
25 49 44
23 45 42
21 53 47
19 50 46
17 44 41
14 47 43
14 46 42
13 44 41
16 42 41
15 37 41
14 37 40
12 36 40
12 37 39
11 39 40
11 37 41
12 36 40
12 36 40
14 37 41
14 35 40
13 36 38
15 35 39
15 33 41
14 34 39
14 35 39
14 33 40
12 34 40
13 35 40
12 35 39
11 37 37
08 36 37
08 36 37
08 36 36
06 36 37
09 36 35
07 35 32
11 33 30
11 32 30
10 32 30
10 32 29
11 35 28
13 34 29
14 32 29
14 34 29
15 34 30
14 34 30
15 36 30
15 36 31
14 36 32
13 37 31
12 37 31
12 38 33
13 37 33
13 38 33
11 38 32
11 36 33
11 36 32
11 35 32
11 37 31
11 36 32
10 37 30
12 38 31
13 37 30
14 35 30
14 34 30
12 33 31
09 33 32
09 33 34
10 32 35
09 33 37
13 33 40
15 29 42
14 32 43
13 31 39
14 31 37
15 28 36
15 29 36
15 29 37
14 31 36
13 31 35
13 32 35
11 32 36
14 32 36
14 32 36
14 31 37
13 33 39
12 31 39
10 33 38
08 35 38
05 34 38
03 36 37
03 35 38
08 35 38
11 33 35
11 33 33
09 31 32
12 32 32
11 33 33
14 35 34
16 36 34
15 37 33
16 36 33
17 34 32
15 37 33
17 36 34
17 38 34
15 36 35
15 36 33
15 36 34
14 36 36
13 37 36
12 37 35
09 36 35
09 37 36
06 36 36
04 35 34
01 37 35
01 37 34
06 32 34
12 32 34
14 32 34
13 31 33
14 31 32
16 30 33
16 32 34
18 34 34
18 35 35
17 35 34
19 35 35
19 35 37
17 34 36
15 34 35
12 35 36
12 35 36
12 34 37
11 37 38
10 34 37
08 34 36
05 35 36
02 36 36
00 39 37
05 36 37
10 33 33
13 33 32
11 33 32
11 36 31
13 36 31
13 34 31
14 37 31
16 37 31
18 37 31
16 35 31
17 38 32
16 37 32
16 37 32
14 36 33
13 35 32
08 37 32
06 36 33
04 36 32
01 35 32
04 33 33
11 32 32
15 34 35
12 31 35
14 30 32
13 30 33
15 33 36
18 34 35
17 35 36
16 35 34
16 37 35
18 37 36
16 37 36
16 38 37
12 34 35
12 36 36
12 35 35
11 32 39
06 32 38
06 33 36
03 37 36
01 37 35
04 36 36
10 34 34
12 33 33
11 35 33
10 35 30
12 32 30
14 33 30
14 34 30
15 37 32
17 36 31
19 36 31
18 35 31
19 37 32
15 36 33
14 38 33
12 38 33
11 36 33
07 36 33
04 36 32
00 36 34
00 37 33
01 38 32
14 32 33
22 28 34
18 31 35
17 33 35
14 32 36
14 31 35
16 33 35
17 33 36
19 34 35
19 33 35
17 33 35
16 34 36
14 34 36
12 36 37
12 36 37
12 34 36
09 35 36
07 36 36
04 35 37
02 37 36
02 39 35
07 37 35
13 37 33
13 34 32
11 35 33
11 33 31
12 34 31
15 36 32
16 37 33
17 37 33
19 37 31
18 37 32
17 37 32
15 36 31
12 37 32
11 36 31
10 36 32
05 36 31
02 36 31
02 37 32
02 34 30
06 33 30
15 33 35
15 33 34
13 32 34
13 30 33
14 33 33
16 32 34
17 34 35
19 35 35
17 36 34
18 38 35
19 35 36
18 35 36
17 36 35
15 34 35
14 35 36
12 35 37
08 34 36
07 36 35
04 37 34
01 37 35
02 38 36
06 36 36
11 35 34
13 32 31
13 30 30
14 29 30
15 32 31
13 33 30
14 34 30
14 33 30
16 37 30
15 36 32
16 37 31
17 37 32
16 36 33
14 37 32
10 36 34
09 35 33
09 35 32
07 33 33
04 34 31
02 34 30
01 33 32
07 31 32
16 30 32
17 27 31
14 27 32
14 30 33
14 31 33
16 33 34
17 32 34
19 33 34
18 33 35
17 35 35
16 33 35
14 33 36
12 34 35
12 33 35
10 34 36
08 34 34
07 32 33
07 32 33
04 36 34
02 33 36
05 37 35
08 34 32
12 33 31
10 28 31
11 32 27
15 35 33
14 32 34
16 33 34
15 36 33
15 35 31
18 32 29
17 34 29
15 36 30
14 37 30
14 35 31
13 35 31
13 35 32
12 36 33
11 36 32
11 36 31
08 37 33
08 35 33
06 37 33
05 34 33
02 36 33
01 36 33
03 35 33
09 33 31
14 30 32
16 29 30
16 28 28
14 31 28
14 29 27
16 31 29
19 33 32
20 31 31
19 30 30
17 29 31
16 32 32
13 32 34
09 34 33
11 31 37
12 31 37
12 34 36
11 31 35
13 33 34
14 33 34
13 33 34
14 34 33
13 34 35
14 33 36
12 35 36
12 34 36
11 35 38
10 34 40
13 36 38
14 37 36
14 37 34
14 35 33
13 34 34
12 36 34
11 37 32
11 37 34
12 36 34
11 34 35
12 34 35
12 36 36
12 35 35
12 37 35
13 37 34
12 37 33
13 37 35
12 36 33
12 37 33
12 36 34
13 36 34
13 37 35
13 36 35
12 36 35
13 37 35
13 37 34
12 37 34
12 36 32
11 37 33
12 37 35
13 38 34
13 39 32
12 38 34
14 38 34
14 38 33
14 38 34
12 39 34
13 38 34
12 37 34
13 38 35
10 39 35
10 41 35
10 42 36
07 45 37
05 48 38
03 53 40
06 51 39
12 49 36
19 50 37
22 51 39
27 43 40
27 41 37
31 42 39
35 37 39
36 42 43
37 42 45
37 40 46
37 39 48
35 44 50
34 41 49
35 41 50
35 42 53
35 39 50
36 41 50
37 41 51
37 40 51
37 40 52
38 40 52
38 39 52
39 42 52
36 40 52
35 42 52
36 42 52
36 38 52
36 39 51
36 41 51
38 38 52
38 39 50
