12 35 34
12 35 34
11 34 35
11 34 35
13 34 35
12 36 34
14 35 35
13 34 35
12 35 35
12 34 34
11 36 34
12 35 35
13 35 34
12 36 34
13 36 35
12 35 34
11 35 35
12 35 34
13 35 34
11 35 35
11 36 35
12 36 35
12 34 35
12 35 35
12 35 34
13 35 35
12 36 34
12 37 35
11 36 35
12 36 35
10 36 35
09 37 35
09 36 36
09 38 34
06 36 33
06 35 33
06 35 34
10 34 34
13 33 34
13 33 34
13 33 34
13 32 35
14 33 33
12 33 34
12 34 34
13 34 34
13 34 35
14 34 35
15 34 35
15 35 35
13 34 35
12 34 35
13 34 36
11 33 35
10 33 34
12 34 35
12 35 35
08 35 34
09 35 34
08 34 34
12 35 33
12 35 33
11 35 34
13 33 32
14 36 33
14 33 33
14 35 33
15 35 33
15 35 33
16 36 32
14 33 34
12 35 33
12 36 34
11 34 34
12 35 33
11 35 34
09 36 34
09 35 34
08 36 35
07 35 35
05 35 36
06 35 34
07 34 36
12 34 36
15 33 36
14 33 36
15 33 33
15 31 34
14 31 34
15 34 33
16 35 35
14 35 35
15 34 37
15 34 37
14 35 37
15 35 38
14 34 37
13 34 38
12 34 38
12 34 38
09 32 38
09 35 37
08 34 37
09 33 35
07 34 34
11 35 35
14 36 34
14 34 33
11 34 33
12 34 34
14 35 33
14 34 33
13 36 33
14 34 33
15 36 33
16 34 33
15 35 33
15 34 33
12 34 33
10 34 34
11 34 34
11 34 34
11 33 35
10 33 34
09 35 33
07 35 33
08 35 33
09 35 34
07 34 33
06 34 33
09 33 34
14 34 34
14 34 35
15 34 34
15 34 34
15 31 35
16 31 34
14 34 36
13 34 35
14 34 35
14 33 35
15 33 36
12 33 37
12 33 36
11 33 35
12 33 36
09 34 37
11 34 36
10 35 36
11 34 35
10 34 36
13 34 36
08 35 35
08 35 35
12 35 34
13 35 34
13 33 34
13 33 33
14 34 33
14 35 33
13 34 32
14 32 32
14 33 33
15 33 33
14 33 32
13 33 33
12 33 32
11 32 33
11 32 33
12 33 33
12 33 33
13 34 34
11 36 33
10 35 34
10 35 34
09 34 35
09 32 34
08 33 35
03 34 35
03 32 34
09 32 35
15 33 35
14 35 35
14 33 34
15 32 36
14 31 35
14 31 35
13 34 37
14 35 37
14 32 35
13 34 37
14 32 37
13 32 37
11 33 37
13 34 37
12 34 35
10 35 36
08 33 36
10 32 37
13 32 35
12 32 34
11 34 34
08 36 35
10 34 34
11 35 35
11 34 34
11 34 34
12 35 33
13 35 33
11 34 33
15 33 33
14 34 33
15 35 33
15 34 33
14 34 33
14 34 34
14 34 34
13 33 34
13 34 34
12 34 34
13 34 33
12 35 34
11 35 34
10 35 35
08 35 35
06 34 34
04 33 35
08 33 36
13 35 36
17 34 36
14 36 35
12 34 36
14 32 35
14 33 34
15 32 35
14 35 37
14 34 36
14 35 37
15 33 36
15 34 36
13 34 37
13 32 36
12 33 37
13 34 38
12 33 37
13 33 37
11 34 39
11 34 37
10 32 37
09 34 36
07 35 35
08 33 35
10 34 35
12 36 34
11 34 34
14 34 34
13 33 33
15 34 34
14 34 32
14 35 33
13 35 32
15 34 33
13 34 32
13 34 32
11 35 33
12 34 32
11 34 32
11 34 34
12 35 34
12 34 34
12 35 35
12 35 34
12 37 34
11 36 34
10 35 34
10 37 35
08 35 34
05 35 34
03 36 35
07 35 34
13 33 34
14 33 36
13 35 36
15 34 34
14 35 35
14 35 36
14 34 35
13 34 36
14 35 36
14 35 35
14 34 35
15 34 36
14 33 35
12 34 34
13 34 35
12 33 36
12 34 36
12 33 36
11 34 36
12 35 36
10 32 35
08 34 35
06 32 35
09 34 33
10 36 34
11 34 34
11 36 34
12 34 33
12 33 33
14 33 33
16 32 33
15 34 33
16 34 33
15 35 32
13 34 33
13 33 33
11 35 32
11 34 33
13 36 32
11 35 34
12 35 33
08 36 34
08 36 35
06 35 34
07 34 35
07 35 35
10 34 35
12 34 36
14 34 35
14 34 36
15 34 35
17 32 35
15 32 34
16 33 34
16 36 35
15 36 36
15 35 36
14 34 35
14 35 36
13 34 36
13 34 37
12 34 36
11 34 35
13 33 37
11 35 36
11 35 35
15 35 35
14 35 37
14 34 36
14 34 36
10 34 35
10 34 34
09 34 35
06 35 35
10 34 34
14 34 34
15 34 34
13 34 33
11 34 32
11 32 31
10 30 32
12 32 31
11 32 31
13 34 31
15 32 31
13 33 31
14 34 33
13 35 34
11 34 33
11 33 32
12 33 32
13 33 33
12 35 33
13 35 34
12 38 33
10 35 35
11 36 35
12 34 35
11 35 36
12 36 36
12 33 36
11 32 36
13 33 35
13 33 35
12 33 36
12 33 36
12 32 37
12 32 36
13 31 36
11 33 36
12 32 36
11 33 37
12 33 36
11 34 35
11 33 36
11 34 36
12 33 36
13 34 36
10 34 36
12 33 36
12 33 35
11 34 34
12 33 35
10 34 35
12 34 34
14 34 34
12 35 35
13 33 34
12 35 35
12 34 35
12 34 34
12 34 35
12 34 34
12 34 34
12 34 34
12 33 34
12 34 33
12 33 34
12 35 34
12 34 35
11 35 34
12 34 33
11 34 34
14 34 35
13 34 34
