51 37 43
33 44 47
33 44 47
31 44 47
32 47 47
33 47 47
32 47 46
32 45 44
32 45 43
30 50 41
29 59 41
29 48 40
24 54 38
23 56 40
24 50 40
24 53 38
25 49 38
25 46 39
24 49 38
22 48 40
21 49 38
20 46 39
19 45 39
16 45 42
18 42 42
17 40 41
18 37 42
18 34 44
15 38 43
15 37 43
14 36 41
11 36 42
09 39 42
12 39 41
12 37 39
10 37 38
08 37 39
09 36 37
12 36 37
12 37 36
09 37 36
08 36 34
08 36 33
10 38 34
12 36 34
14 36 34
14 37 35
14 37 34
14 37 34
14 36 33
14 36 34
14 35 35
14 36 35
13 35 35
11 36 36
09 36 35
10 35 35
08 35 36
07 35 35
12 35 35
15 35 35
13 36 36
13 36 35
13 38 36
13 38 37
16 35 37
16 37 36
17 36 36
16 36 37
16 36 37
14 35 36
14 36 37
13 34 37
12 35 37
08 37 37
07 38 36
06 38 35
05 38 36
08 36 36
12 37 33
11 34 31
10 34 31
11 34 31
13 35 32
15 36 33
17 36 32
18 37 32
16 37 31
16 36 32
14 37 33
14 35 33
12 36 34
11 36 33
09 36 32
08 36 32
09 36 33
06 37 35
07 37 34
13 34 35
15 36 35
16 38 36
14 38 37
13 36 35
15 36 33
15 37 35
16 37 36
16 37 35
14 37 34
15 37 36
15 36 35
13 37 34
11 36 35
08 37 35
08 37 36
08 38 35
05 39 36
07 38 36
12 36 34
12 37 33
10 34 33
10 35 33
12 36 33
13 37 32
14 36 34
17 38 32
18 35 33
17 37 34
16 35 33
15 36 34
16 36 33
12 36 33
09 36 34
07 37 33
08 36 33
09 37 33
10 36 33
14 35 34
13 35 35
11 33 35
14 34 34
16 35 34
14 35 34
17 36 36
17 36 36
15 36 36
14 34 37
14 35 37
13 37 37
10 35 34
07 37 36
07 37 35
02 38 35
03 39 36
09 37 34
09 35 32
10 34 32
12 35 33
13 36 34
14 37 34
15 36 33
17 36 33
17 36 33
18 36 33
18 36 33
16 36 33
14 36 32
11 35 33
09 36 32
07 36 33
03 37 31
06 35 32
13 34 34
13 36 34
13 35 33
12 35 33
15 35 35
18 37 36
18 38 35
16 38 36
15 36 38
14 37 38
11 36 38
13 36 37
12 36 36
09 35 36
07 36 34
07 38 35
04 37 36
07 37 36
10 38 34
09 37 33
10 36 33
11 35 32
13 35 32
14 36 32
16 37 31
16 36 33
16 35 32
15 36 33
16 35 33
14 35 32
12 36 33
08 37 32
09 36 31
07 36 32
06 37 32
09 36 32
13 36 35
11 37 35
12 36 36
11 35 35
15 34 35
17 35 37
19 37 36
18 38 37
16 35 36
16 36 37
13 35 38
12 35 39
08 36 37
05 38 36
06 37 35
06 38 35
06 38 36
12 37 35
11 37 33
10 34 31
12 34 30
13 35 31
15 36 33
15 36 32
17 37 32
17 36 33
16 37 32
15 36 32
15 36 33
13 37 34
09 36 33
06 35 33
07 35 33
05 37 35
04 35 33
08 35 34
14 36 34
14 38 35
15 36 33
14 36 33
16 36 35
17 37 36
17 37 34
17 37 34
16 36 34
13 37 36
13 38 36
12 36 35
10 33 35
08 37 34
07 38 34
02 39 33
07 38 36
11 38 34
10 37 33
11 35 32
12 34 32
14 33 32
16 35 31
16 36 33
19 37 34
16 39 33
17 37 33
14 37 33
12 38 33
09 37 32
05 34 31
04 34 30
02 36 30
10 36 35
16 32 34
14 34 32
12 34 34
15 37 34
16 35 35
17 37 36
20 38 36
20 37 36
18 36 37
14 37 37
13 37 36
11 36 37
09 34 37
08 38 37
05 39 35
04 39 36
06 39 36
09 37 34
09 37 34
10 34 31
11 35 32
14 35 33
16 37 33
17 36 32
18 36 32
18 35 33
16 35 32
18 35 32
15 35 32
12 36 34
08 36 32
07 35 33
06 37 34
05 36 33
07 35 34
14 36 35
12 36 36
13 37 34
14 38 35
17 38 36
20 36 36
17 38 37
16 37 36
14 36 36
15 37 37
13 38 36
11 37 37
06 34 37
05 40 35
03 39 36
04 40 36
10 39 36
11 38 32
10 36 33
12 37 32
13 37 33
14 37 32
17 36 31
17 36 31
17 37 32
17 36 33
16 36 32
15 35 31
12 36 32
07 36 31
08 35 30
06 35 31
04 36 32
14 32 35
13 35 33
13 37 35
12 35 36
15 35 37
18 38 36
20 36 36
17 37 36
16 38 36
15 37 36
14 38 37
12 36 38
13 36 39
13 36 38
11 38 38
08 42 36
05 40 34
04 40 34
10 39 34
09 38 34
09 35 33
10 36 33
14 37 33
17 38 35
18 36 34
18 36 34
16 36 34
17 34 32
16 35 33
14 35 33
11 36 32
07 35 32
09 36 31
05 38 33
04 37 33
11 37 35
11 36 36
11 35 35
12 34 34
17 33 35
18 36 35
19 36 37
19 38 37
18 36 38
16 36 36
14 35 37
14 39 37
10 39 37
09 39 36
06 37 37
05 41 35
04 40 36
09 39 38
11 38 36
12 39 34
11 38 34
10 36 33
11 37 34
14 37 34
15 36 34
16 36 32
16 36 33
17 35 33
16 36 34
13 36 32
11 38 33
10 34 32
09 36 33
08 37 35
05 37 32
12 36 33
12 35 36
13 36 37
13 35 33
14 34 34
15 35 34
19 37 34
16 37 35
17 41 36
16 42 35
15 40 36
14 38 37
14 38 37
09 38 35
08 41 33
06 40 32
04 42 33
08 39 34
10 37 33
07 37 32
10 35 31
10 36 33
13 36 33
15 35 33
16 36 32
17 35 32
17 35 33
14 36 31
15 35 33
16 36 33
12 36 33
09 37 33
07 37 32
07 35 34
05 36 33
12 35 33
10 36 34
12 36 35
12 35 35
14 35 34
18 37 36
18 37 35
19 37 35
18 38 36
15 38 36
15 38 36
13 37 36
13 37 37
09 39 36
06 40 36
05 39 37
04 39 37
08 38 37
10 38 34
09 35 33
10 33 32
12 33 32
14 33 35
15 36 33
16 36 32
18 36 33
17 35 33
17 35 33
15 36 33
14 35 32
10 35 33
08 36 32
07 35 32
08 36 32
08 38 36
10 35 34
13 36 36
11 36 36
12 35 36
12 35 35
16 33 36
17 35 35
18 33 35
17 36 36
17 36 36
15 36 36
14 35 36
13 35 36
10 34 37
04 40 37
06 39 34
02 39 36
07 37 37
10 36 34
10 36 32
10 35 32
12 37 34
15 34 35
16 36 33
18 37 33
18 36 33
18 35 33
17 37 33
15 35 32
12 35 32
08 37 34
05 37 33
07 36 33
05 37 34
07 36 32
16 34 34
12 36 36
13 36 35
12 36 34
16 36 35
18 35 35
19 36 34
18 36 33
19 39 33
16 39 35
11 33 39
11 35 39
09 36 39
05 40 36
05 38 36
04 39 35
03 37 35
12 36 31
10 36 32
10 34 31
10 36 32
12 37 34
15 36 34
16 37 34
18 36 33
15 36 33
16 34 31
17 37 32
16 35 32
14 36 33
11 36 33
09 36 33
08 36 32
04 36 32
07 36 31
13 36 34
12 40 37
11 35 34
11 34 32
13 36 33
15 27 37
17 30 40
19 42 38
19 40 37
17 38 36
15 37 34
14 37 33
10 37 35
07 36 34
06 36 32
03 37 34
03 40 37
09 39 35
10 38 35
09 37 34
11 34 33
11 34 33
13 36 35
16 37 33
18 37 33
16 36 32
17 37 33
16 37 33
16 36 32
13 37 33
10 36 34
08 35 31
10 36 32
06 35 33
08 36 33
13 34 37
11 32 36
11 33 32
13 40 35
18 47 35
20 45 35
22 41 34
21 41 32
20 41 34
18 41 34
16 40 35
16 39 33
11 36 32
08 38 33
04 40 33
04 43 34
01 45 35
07 43 35
10 41 33
08 38 33
08 36 32
08 37 31
11 33 32
15 34 33
17 34 32
19 36 32
20 37 33
19 37 33
19 36 33
16 37 34
11 37 33
07 37 33
07 35 32
06 37 34
04 38 32
10 39 35
11 37 37
13 36 36
13 35 35
16 36 35
17 36 35
18 38 34
17 37 35
14 37 36
14 38 37
14 37 35
13 35 36
12 36 35
08 41 34
06 36 35
03 39 34
05 39 35
10 38 34
08 38 35
10 36 33
10 37 33
10 35 34
14 34 33
15 34 32
17 34 33
18 36 32
16 37 34
17 37 33
15 37 33
13 35 32
10 37 33
06 34 32
06 34 32
05 35 32
09 33 32
13 35 34
11 35 35
11 35 35
14 34 33
17 35 34
17 36 35
18 38 35
16 37 34
16 38 36
16 38 35
15 37 35
13 37 35
11 35 36
09 35 37
08 40 37
07 38 35
02 40 36
05 38 36
09 37 35
09 35 33
09 34 33
10 35 34
12 36 33
14 36 33
14 36 32
16 35 32
18 34 32
16 35 32
17 36 32
16 35 33
15 36 32
10 37 33
10 36 33
08 37 33
07 37 33
07 35 32
11 36 34
12 36 36
12 35 35
12 36 33
14 35 34
15 37 34
19 39 35
19 37 36
17 36 36
16 37 36
14 38 35
12 37 35
10 36 34
06 36 33
02 37 34
02 38 35
05 38 36
11 36 35
10 35 33
10 36 32
09 35 34
11 34 33
12 34 33
13 33 32
16 34 32
16 34 32
15 35 31
15 37 32
16 37 31
16 36 32
13 37 32
10 37 32
09 35 32
07 35 31
06 35 32
09 35 32
14 36 34
14 36 36
13 36 36
13 35 34
14 37 34
14 36 35
16 41 37
15 39 37
15 38 37
13 37 36
14 37 37
13 37 37
10 37 37
07 37 35
07 39 37
02 39 37
04 38 37
09 37 36
12 34 35
08 36 32
08 34 32
07 32 33
08 35 33
11 35 31
14 36 31
15 35 30
15 35 31
15 35 32
16 36 31
16 37 31
16 37 32
16 35 32
14 36 33
11 36 34
07 37 35
06 36 35
12 36 37
14 36 37
13 37 37
10 36 35
13 37 36
15 38 36
15 36 36
15 40 35
15 36 37
13 37 38
14 38 37
14 37 36
09 37 36
09 35 34
06 37 35
06 36 37
04 36 35
07 36 36
11 36 36
12 34 34
10 35 34
10 32 30
08 28 30
11 32 32
12 36 31
15 40 31
18 37 32
17 38 32
17 36 31
18 38 32
15 36 32
12 37 32
08 37 32
08 36 32
07 36 32
07 37 34
12 37 35
17 35 36
17 37 38
14 36 37
14 36 36
15 36 37
15 37 37
15 41 38
15 39 37
14 41 40
14 39 39
14 40 38
13 38 37
13 39 36
10 38 36
07 38 37
06 37 37
05 41 38
07 42 38
11 38 37
10 40 36
11 40 35
13 40 33
13 39 32
14 40 33
15 38 32
16 37 32
17 37 33
17 38 34
16 38 33
16 39 35
15 40 36
13 39 35
09 39 37
08 41 37
06 42 39
07 41 40
12 40 39
15 42 42
11 41 43
09 44 42
11 43 43
14 45 44
15 45 45
17 46 45
20 45 46
22 46 48
24 44 46
25 44 46
28 42 45
29 39 44
32 42 46
32 41 46
34 42 45
34 43 46
36 40 46
35 44 47
34 42 47
35 41 47
35 40 47
34 44 51
32 41 52
33 38 53
33 41 52
34 43 54
33 44 53
34 40 52
35 40 50
35 42 50
34 42 51
35 42 51
34 42 51
35 42 51
35 41 50
36 42 50
36 42 50
36 43 51
37 44 50
36 43 51
35 43 50
35 42 51
36 45 49
38 42 49
38 43 51
38 42 49
37 43 51
37 42 49
36 42 50
36 42 50
38 42 50
36 42 51
37 42 50
37 43 51
38 41 50
36 41 49
38 42 51
37 42 52
38 42 51
38 42 50
38 42 50
38 42 50
