39 40 33
39 40 47
40 42 48
40 43 47
41 41 44
42 39 43
40 44 47
39 42 46
39 41 42
37 44 45
36 44 46
33 43 44
30 50 49
28 44 46
26 45 45
20 52 49
20 45 44
19 45 45
18 45 43
15 45 40
16 42 41
15 44 40
13 43 37
13 42 37
11 43 38
09 42 36
10 41 33
10 40 33
09 40 33
10 40 34
10 41 35
12 40 35
08 42 34
08 41 33
08 40 33
10 41 34
13 39 33
13 40 34
12 40 33
09 38 32
11 39 32
12 38 32
14 37 31
13 38 29
14 37 31
13 40 31
11 38 30
10 39 31
10 37 30
09 39 32
06 37 33
16 37 35
16 38 37
14 36 38
14 37 38
16 35 40
18 34 39
17 37 39
17 37 39
17 38 41
14 38 40
11 38 39
09 41 37
06 42 38
06 40 34
03 43 35
04 42 33
04 41 31
07 40 33
12 42 31
13 42 30
15 39 27
16 37 26
17 37 25
18 36 25
21 35 23
18 37 22
20 40 25
19 37 25
19 38 23
19 44 23
18 41 25
15 46 23
16 42 25
17 43 27
16 41 27
14 42 24
12 37 22
11 40 23
09 32 17
10 32 19
12 32 23
14 30 23
13 35 24
11 38 25
12 38 27
12 38 28
12 38 26
10 32 26
10 35 25
08 41 24
08 43 23
10 44 24
12 48 23
13 51 23
16 45 24
16 45 25
18 45 21
15 35 20
14 31 19
14 40 19
14 39 12
25 44 15
30 39 19
30 37 23
26 41 25
21 45 26
22 40 25
25 37 25
27 37 24
25 38 22
26 41 25
21 40 24
18 39 24
16 45 27
16 46 23
12 44 28
13 43 29
04 44 28
06 38 25
06 37 28
09 33 32
12 39 28
13 39 39
12 36 37
10 37 35
12 39 35
14 39 36
11 38 35
13 36 35
13 36 33
12 36 35
08 38 35
04 40 33
06 41 32
04 39 34
09 38 34
14 39 35
11 40 34
09 38 32
09 37 33
08 38 32
11 38 34
13 38 33
15 37 33
17 37 33
17 36 33
19 37 32
20 38 33
18 37 34
16 37 33
13 38 35
12 36 34
09 38 36
03 41 38
01 42 37
07 39 37
10 37 38
10 37 37
12 38 35
10 39 35
13 38 34
15 39 34
16 38 35
15 39 35
15 40 35
16 38 36
14 38 35
15 38 36
13 38 37
11 39 36
09 40 36
08 39 36
07 39 35
07 40 36
11 38 34
13 37 32
11 39 31
08 37 32
10 38 31
12 39 30
12 39 31
14 37 31
14 37 30
14 37 31
14 38 31
14 37 31
14 38 30
14 37 30
12 38 30
10 37 31
08 37 30
06 39 31
09 39 33
15 35 35
14 36 36
13 35 36
10 36 32
12 36 35
14 36 35
15 39 35
13 39 37
15 38 35
14 38 36
14 38 36
14 37 37
13 38 37
12 38 36
10 39 36
09 39 35
08 39 35
06 39 35
08 40 34
09 39 33
11 39 31
11 38 30
10 36 28
11 37 29
13 38 29
13 39 31
15 40 31
14 40 32
14 39 34
12 39 36
13 40 38
13 41 39
13 36 38
13 36 36
10 34 36
11 35 40
09 32 38
10 33 41
10 30 44
13 29 42
15 28 41
13 27 40
16 29 40
16 30 37
16 29 35
17 31 36
18 31 35
18 29 34
16 28 36
16 33 37
13 26 38
11 27 40
11 28 40
11 26 40
09 19 42
07 27 37
07 24 41
14 28 46
13 28 43
16 31 42
12 25 39
12 25 38
12 27 41
15 24 45
17 33 46
15 28 42
14 27 40
12 29 39
15 29 40
13 30 42
13 33 47
13 30 45
16 30 42
14 31 41
15 31 45
13 32 45
15 31 48
16 32 46
15 33 45
18 32 46
17 35 44
17 32 42
18 31 42
16 33 43
15 32 43
16 32 41
16 34 42
14 32 45
16 32 44
13 34 42
12 41 45
11 34 44
15 35 41
17 38 42
15 33 44
19 33 42
15 40 38
15 33 38
14 35 39
12 37 39
11 38 39
11 38 40
12 39 39
12 38 38
12 36 38
12 35 39
12 36 39
13 37 39
12 35 38
13 37 38
14 38 38
13 37 39
14 36 38
15 37 38
14 37 39
13 38 39
13 38 38
13 39 38
11 34 37
10 39 37
11 34 39
12 35 35
12 37 35
13 33 36
11 34 34
12 37 33
12 37 34
13 40 32
11 38 33
09 36 35
10 36 37
12 35 37
12 35 36
11 36 35
12 38 35
12 37 34
13 37 34
13 37 34
13 37 35
12 38 36
13 36 35
11 37 36
12 38 37
12 36 38
13 39 37
13 38 36
14 37 36
14 41 35
15 36 36
14 36 38
11 37 38
13 36 38
13 35 38
12 36 35
10 38 35
10 40 35
11 41 34
12 41 34
10 38 34
11 37 33
13 36 34
12 36 33
12 39 33
12 42 32
11 37 36
12 33 38
14 34 39
14 36 38
15 36 38
15 37 36
15 38 35
14 38 34
15 39 35
13 38 36
12 36 37
12 36 37
10 36 37
10 38 37
07 41 38
07 39 37
11 38 36
14 37 35
13 36 35
13 36 34
12 36 33
12 37 33
09 37 33
11 37 32
12 37 32
14 37 32
14 39 33
16 38 33
15 39 34
15 38 34
15 38 33
12 37 35
08 38 36
06 35 33
06 37 34
08 38 36
10 37 37
13 37 38
19 36 37
18 33 35
15 35 33
13 37 33
12 37 34
13 38 35
13 38 37
14 37 38
13 38 37
12 41 38
12 38 39
12 40 41
14 42 41
14 44 44
16 45 43
16 49 43
15 50 43
14 50 42
14 49 41
15 48 40
15 50 42
15 49 41
17 46 41
21 47 42
21 47 40
22 45 41
26 46 42
27 49 40
26 51 35
25 51 35
25 51 31
23 52 32
24 50 31
26 51 32
25 49 33
27 51 32
27 49 34
26 56 32
24 53 35
34 56 48
35 44 31
35 47 34
26 62 36
30 52 41
30 59 43
37 54 40
35 54 39
34 51 37
34 51 37
34 53 38
32 54 38
33 54 38
33 54 38
32 52 37
31 52 36
31 53 36
31 53 37
31 53 37
30 52 34
30 52 34
31 50 35
30 52 32
31 54 32
32 56 31
32 54 30
31 55 31
30 52 31
31 51 31
30 52 32
30 53 31
29 53 30
31 53 29
29 52 29
30 51 28
31 52 27
31 56 27
30 55 28
31 52 29
30 52 27
30 51 28
32 52 29
31 52 27
30 53 28
32 53 27
30 54 26
30 54 27
30 54 27
29 53 28
29 52 27
31 51 28
31 49 29
31 54 27
28 53 28
24 47 32
24 53 30
25 51 30
26 50 30
26 49 31
26 48 34
27 51 35
24 55 35
23 51 35
21 53 35
20 51 35
18 51 33
16 51 34
15 48 37
16 47 35
15 49 34
18 47 35
17 45 37
14 46 37
14 45 35
16 45 36
16 46 36
14 45 37
14 47 36
16 45 37
16 45 37
18 44 38
18 44 38
15 43 36
15 44 37
16 42 38
17 43 38
15 43 37
16 42 39
17 41 37
13 42 36
10 42 35
09 42 34
05 43 34
08 41 33
15 41 33
18 40 35
15 40 33
13 41 33
11 43 32
13 43 34
11 41 34
12 41 32
12 39 32
12 38 33
12 38 32
12 37 31
12 37 31
14 39 32
13 39 32
12 39 32
11 38 30
09 38 29
11 39 30
12 40 33
14 41 33
16 39 32
16 38 32
15 37 30
12 37 31
11 37 31
09 39 33
11 41 34
12 39 33
13 39 33
11 40 32
12 40 32
12 38 33
14 39 33
13 39 33
14 40 33
15 41 33
15 40 33
14 42 32
13 41 33
14 41 32
14 40 32
14 40 33
13 41 34
12 42 34
11 40 33
10 42 33
12 39 32
12 40 31
15 39 31
15 40 31
14 41 30
12 42 30
14 45 30
14 41 31
15 40 31
12 41 31
13 43 31
14 43 31
14 42 31
14 43 32
14 43 31
13 42 32
14 41 32
13 43 32
14 42 33
12 41 33
13 41 33
13 41 33
14 41 32
14 43 33
14 40 32
15 41 34
14 41 33
12 41 35
11 41 34
14 40 35
14 38 36
13 38 35
13 40 37
12 41 33
11 40 36
12 41 37
14 40 36
15 41 37
16 37 35
13 41 35
14 40 35
15 40 36
15 40 35
14 41 36
14 41 36
14 41 36
13 43 37
14 45 36
12 44 33
13 47 31
12 42 36
12 45 32
12 53 33
14 35 37
15 44 37
16 40 35
12 39 32
12 42 35
12 40 37
12 38 36
12 38 31
14 37 31
13 38 31
13 38 31
13 38 31
13 40 33
13 38 32
16 40 33
15 38 32
13 39 31
09 39 32
10 38 35
08 40 35
05 39 35
07 38 35
14 35 38
21 34 37
12 36 35
08 36 33
08 38 33
09 37 33
11 36 33
13 37 33
14 39 32
14 39 32
16 38 32
16 38 33
17 38 33
16 38 35
15 37 34
14 38 36
12 38 35
07 40 35
02 39 36
02 40 37
08 38 36
13 35 35
11 41 32
11 38 32
11 37 34
10 36 34
12 37 33
13 39 33
15 39 32
16 38 33
16 39 33
16 38 33
17 38 33
16 39 33
14 39 33
11 38 33
09 38 34
07 38 33
06 38 33
05 38 34
10 39 34
14 38 34
14 36 35
13 35 36
10 36 33
13 35 32
15 34 33
16 36 35
14 35 34
15 37 35
13 37 35
15 36 35
13 36 33
13 35 34
14 36 32
12 36 33
10 38 33
07 39 31
05 38 31
06 40 32
10 37 31
16 34 30
14 31 31
11 33 30
09 31 31
10 31 30
11 33 30
14 34 30
15 37 30
15 35 30
14 36 30
14 36 31
13 37 31
14 37 31
12 38 32
10 38 32
10 37 31
07 40 32
05 38 32
07 38 32
15 36 32
15 34 34
12 32 30
11 33 30
13 34 32
12 37 33
13 37 31
13 39 32
13 39 33
15 39 33
14 39 33
15 39 33
16 37 35
14 37 36
14 40 33
12 39 34
12 37 33
12 37 32
10 38 32
06 40 32
07 39 31
13 37 30
09 39 32
09 38 31
11 38 29
12 38 30
12 38 30
14 38 29
14 37 29
12 38 29
13 37 29
13 38 29
15 37 29
15 36 30
15 38 30
14 37 31
11 36 31
10 36 30
06 38 31
04 39 30
11 38 34
16 39 36
16 35 36
13 33 34
09 32 32
11 33 33
14 35 34
15 36 35
15 37 36
16 36 36
15 35 36
15 36 35
16 36 34
14 37 35
13 37 35
12 37 34
09 41 35
05 40 35
02 40 33
04 39 37
09 38 37
15 37 35
10 37 34
08 37 34
10 37 33
11 37 33
13 39 33
13 38 32
14 38 32
16 39 33
16 38 35
16 37 34
19 36 33
16 37 33
16 36 33
12 37 33
10 38 34
07 38 33
04 40 34
07 39 34
14 37 36
11 37 35
10 38 34
10 36 33
13 38 34
17 37 34
18 40 36
17 41 35
17 41 34
16 39 36
15 39 36
14 38 36
12 39 36
11 39 36
09 39 36
07 41 37
05 39 37
05 40 38
11 38 36
12 36 37
11 35 35
10 36 33
10 34 32
10 36 32
11 38 32
14 38 33
14 39 31
16 38 31
17 38 32
16 36 32
17 37 32
16 39 32
15 38 33
12 39 33
09 37 32
08 39 33
05 40 34
08 38 34
12 37 36
13 36 36
12 38 35
13 38 35
12 36 33
15 37 34
16 37 35
17 40 35
14 40 35
13 39 36
15 38 34
14 38 35
12 39 35
12 37 35
11 38 34
08 38 34
06 41 33
06 39 33
07 40 34
14 38 32
12 39 31
11 39 30
11 36 30
11 37 30
13 39 30
14 37 30
16 37 32
16 39 31
16 39 33
15 39 32
16 38 33
16 38 33
13 39 33
13 37 33
10 38 32
08 37 33
08 38 31
05 39 31
10 37 32
15 37 33
13 37 34
10 37 33
12 37 31
15 36 34
16 38 34
16 39 35
16 38 34
14 38 35
14 39 34
14 37 35
14 38 35
14 37 35
11 36 36
10 37 35
08 40 35
03 41 35
04 41 35
10 40 36
13 39 33
11 39 33
10 38 32
10 38 34
12 37 33
12 38 33
14 37 31
15 36 32
14 37 31
15 37 32
15 37 31
14 37 33
13 38 32
10 38 31
10 37 32
07 38 31
06 37 32
05 38 34
11 35 34
17 37 36
14 37 38
13 37 37
14 39 36
16 37 37
16 38 37
17 40 36
17 40 34
15 40 36
14 39 34
12 38 36
11 35 34
10 38 36
09 40 37
06 41 37
01 41 38
00 41 38
06 36 36
14 36 37
13 37 35
11 38 34
10 38 33
09 38 35
11 37 34
14 37 32
15 38 31
15 38 32
17 36 32
17 37 33
18 38 33
18 36 33
15 38 33
12 37 33
12 37 33
06 40 33
02 40 34
05 38 35
15 37 38
11 37 37
10 38 35
12 35 34
13 37 34
16 35 35
16 39 34
16 39 36
16 38 36
14 39 36
14 40 35
13 38 35
11 38 35
11 39 35
11 41 35
07 38 36
07 40 36
06 39 36
09 40 37
13 38 36
12 38 34
08 39 34
09 38 34
10 38 34
10 38 33
12 38 33
13 37 32
15 37 32
15 36 30
15 37 31
16 38 31
16 37 31
15 38 32
13 37 31
11 37 32
09 38 33
07 40 33
09 37 35
16 37 36
15 38 37
12 38 36
10 37 35
10 36 35
14 36 36
13 38 37
14 38 38
13 37 39
13 42 39
14 43 40
14 42 38
13 40 37
13 38 35
12 36 34
12 38 34
09 39 34
06 39 32
07 39 34
10 40 33
12 38 32
12 40 31
10 40 31
08 40 31
08 37 29
10 38 30
13 35 30
13 36 30
14 37 31
15 37 30
16 37 32
15 39 31
15 38 33
12 38 32
11 38 33
09 38 32
06 39 35
05 39 35
10 37 36
16 37 37
14 37 37
13 37 33
14 37 31
18 40 34
16 41 37
14 40 35
13 39 34
12 38 35
12 37 34
10 37 36
11 37 36
12 39 36
13 39 35
13 38 35
12 38 34
13 38 34
12 39 34
11 41 34
11 41 34
13 41 33
13 38 31
10 38 31
08 40 31
11 39 32
13 38 32
15 39 31
14 39 30
14 37 30
14 39 30
13 39 30
13 38 30
12 38 29
10 37 29
09 38 29
07 38 29
06 38 31
12 38 32
18 38 35
16 37 34
12 36 32
12 36 32
14 33 34
16 36 35
14 39 35
14 38 35
14 38 34
14 38 35
14 37 35
15 35 36
16 36 37
14 36 37
13 39 36
10 42 37
07 48 36
08 44 37
09 41 37
12 42 35
13 41 32
13 41 34
12 39 34
13 38 34
11 39 33
14 40 34
13 40 33
14 39 34
15 40 34
16 42 35
18 42 36
16 39 35
16 37 35
15 40 36
12 40 36
11 40 36
09 40 37
05 40 37
08 41 38
10 39 37
13 41 35
17 41 35
13 46 33
15 43 33
16 43 35
14 46 35
15 42 38
18 38 38
17 38 36
18 38 34
18 38 33
16 37 34
17 36 34
12 38 33
06 39 35
09 41 35
15 39 36
15 40 37
12 40 36
07 40 36
08 42 37
11 44 36
12 44 37
16 43 35
16 41 34
15 41 33
13 41 32
12 43 34
12 42 33
13 42 32
14 41 33
14 42 34
14 41 34
14 38 34
14 39 33
14 41 33
13 38 35
14 40 34
13 39 34
11 38 34
10 39 33
09 38 35
04 40 35
07 38 34
12 37 34
19 36 34
15 38 34
13 40 33
11 36 33
15 37 34
14 40 35
15 38 33
15 40 33
15 39 34
14 38 35
14 38 34
14 37 34
14 38 34
12 38 34
11 36 36
10 39 34
07 41 34
05 40 34
05 39 34
10 37 35
14 39 33
13 37 33
12 39 32
11 37 33
11 38 32
13 38 31
12 38 31
13 38 31
15 38 32
15 37 33
15 39 32
15 38 33
15 38 33
14 38 34
12 38 32
12 38 33
10 38 33
07 40 34
05 38 34
10 39 36
16 38 38
17 36 36
14 36 34
11 36 33
11 37 34
12 38 35
15 38 36
14 39 35
14 39 35
14 37 35
13 38 36
14 38 35
16 39 34
14 38 35
14 36 34
15 38 34
11 37 34
09 37 33
05 39 32
05 39 33
11 40 34
14 39 34
10 38 32
10 38 31
10 37 32
10 38 31
11 37 30
13 38 31
15 37 32
14 39 32
15 36 32
15 39 32
15 38 32
15 39 33
15 37 34
16 38 34
15 38 34
15 37 36
10 38 35
05 39 35
03 40 35
06 39 36
10 40 38
17 37 37
15 36 34
09 38 34
08 39 34
08 46 36
08 44 37
08 42 37
10 45 38
12 48 40
14 47 41
20 47 41
21 49 42
22 45 42
27 46 43
29 44 41
32 44 41
36 46 41
36 42 39
36 44 40
38 46 43
38 44 43
38 41 46
36 37 47
36 38 50
35 36 50
37 38 51
38 36 52
37 37 52
39 38 53
40 37 53
39 35 52
41 36 51
40 36 52
39 37 51
40 37 51
41 37 52
39 36 52
41 37 52
40 36 51
40 37 51
40 36 49
42 34 52
40 37 51
41 35 52
41 34 51
