33 53 30
33 53 30
34 53 30
35 52 29
34 53 31
34 53 30
33 54 30
33 53 30
34 53 30
35 53 30
33 54 31
34 54 30
33 53 31
35 53 29
34 52 31
33 52 31
35 53 31
32 53 30
33 53 31
34 54 30
33 52 30
35 54 30
34 54 31
34 54 31
34 54 31
35 53 30
33 54 32
33 54 31
33 54 30
34 54 31
34 54 30
33 55 30
35 55 32
35 54 30
34 53 31
35 54 31
35 53 31
34 53 32
35 53 32
35 51 33
35 51 32
36 51 31
37 51 32
37 51 32
37 52 34
37 54 34
39 53 32
36 53 33
35 52 33
34 53 34
32 54 33
33 57 31
30 55 31
31 55 31
31 53 32
31 47 32
33 46 33
33 44 34
30 53 34
29 48 36
28 43 38
26 48 38
24 49 39
21 49 39
19 52 40
15 53 36
14 54 36
14 51 36
14 49 37
14 47 36
14 45 37
13 43 36
10 45 37
10 52 38
14 46 38
15 42 38
16 38 37
14 40 39
12 40 38
13 41 35
13 40 37
15 36 38
15 37 37
14 37 38
14 37 35
14 39 33
18 40 33
18 40 35
17 42 35
17 43 35
13 45 34
06 49 33
06 56 33
11 54 38
14 42 35
16 47 34
18 47 34
18 44 32
17 43 34
19 43 34
19 43 34
19 42 33
18 39 33
14 40 35
11 39 35
08 35 32
05 38 30
05 40 30
09 41 30
04 44 32
07 47 33
16 46 36
19 43 36
16 42 35
13 40 33
16 40 31
16 39 31
18 38 34
18 39 35
19 39 35
17 40 35
18 40 35
18 38 37
17 40 36
15 40 35
12 42 37
10 44 36
08 45 36
04 47 35
05 45 37
10 45 37
13 41 35
14 40 35
13 39 34
14 40 34
13 41 35
14 42 34
14 41 33
13 41 33
14 40 34
12 40 34
13 39 33
12 41 31
10 41 33
09 40 33
10 39 34
09 40 34
10 39 33
16 38 33
20 38 35
18 38 36
17 40 35
17 40 36
16 40 36
17 41 35
16 40 35
16 41 36
13 41 36
14 42 35
13 42 37
13 42 36
09 41 36
07 44 37
08 45 37
06 46 36
07 45 36
09 44 37
16 42 33
12 42 33
10 42 32
05 39 32
09 38 34
10 37 32
13 37 32
13 39 32
14 40 31
15 38 32
17 39 32
16 39 33
15 38 33
15 39 33
13 39 34
10 40 35
13 40 35
13 40 35
12 40 37
10 40 37
11 39 36
14 40 34
16 41 34
16 40 35
16 42 34
12 44 35
11 42 36
13 42 36
13 42 36
12 44 37
11 44 38
07 44 36
03 46 37
06 44 37
09 43 34
09 41 36
09 39 35
10 41 34
09 39 34
09 39 34
12 39 33
14 39 32
13 39 31
15 37 32
18 38 32
18 38 33
18 38 32
16 40 32
16 40 33
12 42 33
11 41 34
12 41 34
13 40 36
10 43 38
08 41 36
09 39 36
13 41 37
13 41 36
14 42 36
13 42 37
13 43 35
14 45 38
13 44 37
13 42 37
11 45 38
09 45 37
04 45 37
03 46 37
06 44 36
10 42 36
09 40 35
08 38 34
07 38 34
08 39 34
09 38 34
11 38 34
14 38 34
15 39 32
17 38 32
20 39 33
20 38 32
20 40 33
19 41 33
16 40 33
11 43 32
11 40 34
13 41 35
11 41 34
08 41 36
06 43 35
10 42 35
12 43 35
14 41 35
14 41 35
12 44 35
12 45 35
11 46 35
14 47 37
12 44 37
10 45 36
10 46 36
09 47 35
04 48 36
07 46 35
11 43 35
09 41 36
07 38 34
07 37 33
06 40 33
06 39 34
10 38 34
11 37 33
14 38 33
15 38 34
17 37 34
18 38 33
20 38 34
20 39 34
18 37 34
16 36 32
10 40 32
11 43 37
08 43 38
08 43 37
10 45 37
11 44 37
14 43 36
15 45 35
15 44 34
12 43 33
13 41 34
12 41 35
13 45 35
11 44 36
10 44 36
09 45 37
10 46 38
06 48 37
09 44 37
13 42 37
11 44 35
09 41 34
08 40 33
06 38 34
08 37 34
09 38 33
11 38 32
12 38 33
13 38 32
15 38 32
17 38 33
19 39 33
18 39 34
19 39 34
16 39 34
13 40 35
13 39 34
13 41 35
10 43 37
09 40 38
10 41 35
12 41 35
12 41 34
13 41 35
11 41 35
12 43 34
13 44 35
14 45 35
13 45 36
13 45 35
10 46 36
11 44 36
07 45 34
07 46 36
11 42 34
10 41 34
10 41 35
08 39 33
09 39 33
11 38 33
11 38 33
12 39 33
12 40 31
14 40 32
16 38 32
16 40 32
17 38 32
16 38 34
15 39 35
15 39 35
10 41 35
10 41 36
11 41 36
09 42 36
10 41 36
10 38 35
16 40 34
15 41 34
18 40 34
17 39 34
13 41 33
14 42 34
13 41 33
14 43 33
12 44 35
09 43 35
10 44 35
07 44 36
06 45 38
11 45 36
14 42 34
12 42 36
10 41 34
08 40 35
09 38 34
11 39 34
11 40 33
12 40 33
13 38 35
14 40 33
15 38 34
16 39 33
14 39 33
13 40 34
14 40 33
10 40 33
10 40 35
15 40 36
16 41 36
13 41 37
13 40 35
15 40 35
16 38 34
16 40 35
16 41 36
14 43 35
13 42 36
12 45 36
12 43 37
13 43 37
11 43 36
13 43 36
08 44 34
06 46 34
11 44 34
10 42 32
09 39 30
07 37 28
11 37 31
14 36 31
14 40 28
15 40 30
14 39 29
14 37 30
14 38 30
16 37 32
15 38 33
14 40 34
13 39 33
11 41 33
09 41 34
12 41 36
15 42 37
15 43 37
12 43 35
14 42 34
16 41 36
17 42 34
16 43 35
16 45 35
16 45 35
16 43 35
15 43 34
15 43 34
15 43 33
13 43 33
13 41 32
09 43 33
09 45 33
09 46 33
11 43 32
10 41 31
11 41 31
13 42 31
15 40 31
14 40 31
15 39 32
14 39 31
14 38 32
14 39 31
13 40 32
11 39 33
10 39 33
09 40 34
11 40 36
15 39 37
17 38 39
14 38 39
12 41 38
10 45 35
13 50 35
14 51 36
14 50 36
17 52 36
18 52 35
19 51 35
19 51 36
21 48 35
24 49 37
25 47 37
27 46 39
27 47 40
29 50 40
27 52 36
27 43 38
29 56 45
21 37 40
19 51 50
29 52 48
27 44 48
26 42 47
26 33 47
27 35 46
27 39 43
23 43 45
19 41 56
27 33 48
28 40 49
26 37 51
25 46 54
22 42 52
19 39 52
19 40 51
22 40 50
23 39 50
24 40 50
23 40 50
25 40 50
23 39 50
24 40 50
23 39 50
23 40 49
20 39 50
22 38 50
22 40 50
22 39 50
24 40 50
23 39 50
22 39 48
22 40 49
23 38 48
23 40 48
22 40 47
23 40 47
23 40 48
22 41 48
21 41 48
22 41 47
23 41 48
23 42 46
21 44 46
23 44 47
23 43 48
23 43 47
24 41 46
23 46 46
24 42 45
23 43 47
24 44 47
22 44 47
24 40 45
25 41 50
24 43 50
25 43 48
24 44 47
25 44 49
24 43 48
27 43 47
24 44 50
23 42 53
28 44 53
31 45 50
28 43 49
25 42 48
24 41 49
26 43 50
27 42 49
28 41 50
26 43 49
27 41 47
26 42 48
26 45 51
26 44 49
24 43 46
24 50 44
25 45 44
26 43 44
30 46 45
28 43 45
27 46 46
30 48 47
27 46 52
30 45 60
28 47 41
26 48 43
23 48 43
23 47 42
21 48 40
20 43 34
26 45 31
26 44 32
21 44 31
14 43 30
05 43 33
00 44 33
03 45 30
05 44 32
09 40 36
13 40 35
13 43 35
10 45 34
04 44 32
07 43 35
12 39 36
15 39 38
13 39 37
10 38 35
09 39 35
10 40 37
13 38 36
15 36 36
17 40 35
18 39 35
18 38 35
19 38 37
18 40 36
18 41 35
16 42 37
14 39 35
11 43 36
05 42 36
02 44 37
12 44 36
14 42 35
12 44 33
09 42 33
08 43 31
10 42 32
14 41 33
13 40 32
14 42 32
13 42 32
14 41 32
14 41 31
13 41 31
11 42 32
06 40 31
06 38 33
11 38 35
17 40 34
15 38 33
13 37 35
14 38 35
14 38 35
16 39 36
15 41 37
16 40 37
15 42 36
15 41 35
15 42 35
14 39 35
12 41 34
10 43 32
12 41 32
12 42 33
10 41 32
14 41 30
12 42 28
11 40 28
11 42 29
11 41 29
12 41 28
13 41 28
12 39 28
12 40 28
11 40 29
13 40 29
13 39 31
14 40 30
13 39 31
13 41 31
13 37 32
09 39 31
08 40 32
15 37 32
16 37 35
14 37 35
12 39 34
11 36 34
12 38 34
13 39 36
14 40 34
13 40 35
13 40 36
14 39 36
13 41 37
13 40 37
15 39 36
15 41 36
14 42 36
15 42 34
14 41 34
05 43 35
06 44 34
08 42 32
11 41 34
14 39 35
13 39 34
11 39 33
11 39 32
12 38 32
15 38 33
13 40 32
12 39 32
13 39 33
15 39 33
16 39 33
15 39 32
14 39 33
13 39 32
11 38 33
13 39 33
13 40 33
16 40 36
15 40 37
13 40 36
13 40 35
13 39 36
11 40 35
10 40 38
14 40 36
15 40 36
16 43 36
17 41 36
15 42 36
15 42 33
07 44 33
11 43 34
14 43 32
14 41 31
11 43 31
11 43 31
13 42 30
12 43 31
13 42 31
14 40 31
14 40 32
13 40 32
14 40 32
14 40 32
15 39 32
15 41 32
16 39 32
17 42 33
16 40 32
14 41 32
13 43 33
10 45 31
07 46 31
10 43 33
13 44 35
16 43 35
16 42 35
12 41 35
14 43 36
15 43 36
16 43 36
15 42 36
16 42 37
14 43 36
13 43 35
14 41 36
14 41 35
15 42 36
14 43 36
16 44 36
14 43 35
09 45 34
07 47 34
12 43 35
14 41 34
15 42 33
11 42 34
12 42 32
15 40 32
16 39 31
16 40 32
17 39 32
17 39 33
16 39 32
15 39 32
16 40 32
14 40 32
13 41 33
10 40 34
09 41 33
08 42 32
09 43 34
13 45 37
15 46 36
12 47 36
11 46 37
11 45 37
14 44 37
16 46 37
17 42 36
15 43 35
16 44 35
14 43 34
14 42 34
14 43 32
16 44 33
14 42 32
15 41 31
10 44 30
12 42 31
12 42 30
13 41 30
15 40 31
13 40 30
14 43 31
13 40 30
16 41 31
15 42 31
15 40 32
14 41 31
10 41 31
10 41 32
13 42 34
14 39 34
14 40 33
16 42 33
16 40 33
15 40 35
15 40 33
14 42 33
14 44 33
14 45 35
13 45 33
13 44 32
14 43 32
15 44 33
16 43 33
16 44 33
15 43 34
14 45 33
15 43 33
16 44 33
15 45 33
14 45 34
16 44 33
14 44 33
13 44 33
15 43 34
13 41 34
14 43 34
13 42 35
15 42 35
15 41 35
15 41 35
13 42 36
15 40 36
15 42 37
16 42 37
15 42 38
14 43 36
15 40 36
15 42 35
13 41 35
12 40 35
12 40 34
12 38 35
12 41 34
13 40 34
12 41 33
11 40 33
12 41 32
13 40 34
12 41 34
11 38 34
11 40 33
14 41 34
13 41 36
14 41 37
13 40 38
15 40 37
16 41 38
16 40 37
14 42 37
14 41 38
15 41 37
14 42 37
15 42 38
15 42 38
17 42 38
15 44 39
12 44 37
10 45 36
08 44 34
13 44 35
18 41 37
17 42 34
15 42 34
13 39 33
14 40 32
16 39 33
16 41 33
18 40 34
18 41 34
16 42 35
16 43 33
14 42 33
13 43 33
11 44 32
10 43 32
07 44 33
04 42 32
09 41 31
13 41 35
14 42 33
12 42 33
14 41 34
13 40 34
14 40 35
16 40 35
18 42 36
15 42 38
15 41 37
15 40 37
14 39 38
15 41 39
13 43 38
12 41 37
13 42 36
11 40 35
06 42 36
07 44 37
09 41 36
12 39 35
12 39 35
13 39 34
12 40 34
14 38 34
14 38 34
16 38 34
15 39 34
16 39 34
18 39 33
17 39 33
17 40 34
17 40 33
13 39 33
11 40 32
10 39 35
04 42 33
04 42 34
12 40 36
16 39 36
11 41 36
09 40 34
11 41 33
15 40 34
19 41 36
18 40 36
18 41 36
16 42 35
15 41 37
15 41 38
14 41 38
12 43 38
14 43 38
13 41 38
12 42 37
03 44 35
07 44 37
12 43 35
13 42 34
09 40 33
09 40 33
10 40 33
11 38 34
12 39 34
12 38 33
13 40 34
15 39 34
15 38 33
17 40 34
17 40 34
16 41 34
15 39 34
15 40 34
11 39 34
09 42 35
12 42 36
12 42 37
13 43 38
14 41 36
13 41 35
16 41 36
15 41 35
17 42 35
17 43 36
18 43 36
17 42 36
15 44 36
14 45 36
13 43 36
11 44 36
10 44 35
08 45 33
03 47 34
09 46 34
13 43 31
12 41 30
11 41 30
10 39 30
11 38 33
12 39 32
13 39 31
14 38 31
14 39 31
15 39 33
16 38 32
17 39 33
17 40 33
16 39 33
14 40 32
14 39 33
11 41 33
10 41 34
13 41 34
13 40 35
14 42 36
11 42 35
11 40 35
13 39 35
16 40 36
14 42 35
15 42 35
14 43 36
15 43 37
14 42 37
13 42 36
11 43 37
10 43 36
08 42 35
04 44 35
07 42 34
11 43 34
13 40 33
09 40 32
08 40 31
10 41 33
12 38 32
14 39 32
14 38 31
13 38 33
14 38 32
14 39 31
16 39 31
14 40 33
13 40 33
13 40 32
13 39 32
10 41 33
12 39 34
15 39 37
16 39 37
13 39 37
12 38 36
12 39 38
15 39 39
17 39 39
15 40 38
13 43 37
12 42 38
14 43 37
14 43 39
13 42 38
10 44 38
10 43 38
09 44 36
03 46 35
07 43 36
12 43 35
09 42 35
09 41 34
09 39 34
09 39 35
11 38 35
12 38 35
13 38 34
15 39 33
16 39 35
18 39 34
17 39 34
17 38 33
16 39 34
18 39 35
12 40 34
11 42 35
12 39 35
10 41 37
07 40 37
09 42 37
12 39 35
14 40 37
14 40 36
16 42 35
17 41 36
15 44 38
14 44 37
11 44 38
11 44 38
10 46 38
08 46 38
05 45 36
02 45 37
06 43 39
10 42 37
08 40 35
10 40 33
06 39 33
08 39 34
10 38 35
13 38 33
14 37 33
14 38 33
15 36 32
17 38 34
18 38 33
19 39 34
19 39 33
17 40 35
13 40 35
10 41 35
13 40 35
12 41 35
09 39 37
09 42 36
10 41 34
11 41 35
13 42 36
13 42 35
16 43 34
13 42 35
13 44 35
13 45 36
14 43 37
13 45 36
12 47 37
11 48 36
10 47 34
06 46 35
06 45 35
10 43 34
09 41 33
09 39 32
07 40 31
08 39 31
10 40 31
12 39 31
12 37 32
13 40 32
13 39 32
16 39 32
16 38 32
17 39 34
17 40 34
18 39 35
15 39 35
11 40 35
13 41 34
11 43 36
12 46 37
13 47 37
12 45 36
16 44 38
18 42 37
18 42 37
17 43 37
14 43 36
12 44 36
11 44 37
10 44 36
09 44 36
09 44 35
11 45 35
08 44 34
05 45 35
09 45 34
09 43 33
09 42 34
11 41 34
11 39 34
08 38 32
10 37 33
09 38 32
09 38 31
11 38 31
14 38 31
16 37 32
17 38 32
16 40 33
17 40 33
15 43 34
11 47 34
16 51 37
20 48 39
20 45 42
18 45 44
17 46 42
18 46 42
19 46 43
20 44 40
21 47 39
21 49 39
21 51 39
21 50 39
21 51 38
20 53 39
22 51 39
22 52 38
19 55 38
18 54 36
19 54 36
20 54 34
23 51 35
25 48 36
26 47 36
26 49 34
26 48 35
27 50 35
29 50 35
29 53 37
30 52 37
32 52 38
30 49 41
28 51 41
29 52 42
28 56 40
29 54 40
27 50 40
27 47 39
26 49 40
28 51 42
25 49 43
26 49 42
27 50 43
26 51 41
25 48 43
25 51 42
25 49 42
26 50 44
26 45 41
21 47 41
22 54 44
20 44 41
21 48 42
21 47 43
21 45 41
22 46 38
22 45 41
21 43 40
22 43 37
22 45 41
22 43 43
20 45 41
20 45 44
18 46 42
16 47 42
16 44 45
17 42 44
16 43 42
11 47 41
10 45 44
11 44 42
11 42 39
12 43 36
12 44 33
12 41 36
11 35 35
15 37 33
16 39 35
16 39 36
16 40 35
16 41 36
16 40 35
08 44 34
09 44 36
10 45 36
14 42 34
17 39 34
12 39 33
10 40 33
09 41 31
10 39 33
11 39 35
14 40 34
16 41 33
16 40 33
16 40 33
17 40 34
15 39 34
15 42 34
10 43 33
10 42 33
11 42 36
12 42 37
14 41 36
14 42 36
15 41 36
15 41 35
15 41 35
13 41 34
15 40 35
15 42 34
14 42 34
14 40 34
13 40 33
13 41 33
13 41 33
12 41 34
12 41 34
12 40 33
09 41 33
11 42 34
13 39 33
13 40 31
12 39 31
12 40 30
12 39 30
14 40 31
15 42 31
14 42 32
14 44 32
13 43 31
13 40 32
13 39 32
14 41 32
12 41 32
13 40 33
12 41 33
12 41 32
11 40 32
12 40 35
14 40 33
15 40 34
13 40 34
12 41 34
13 41 34
13 40 34
15 43 35
15 44 35
16 44 35
16 44 36
17 44 35
17 45 34
16 46 36
15 47 36
16 46 35
19 49 33
19 47 34
19 47 34
19 48 37
19 50 37
20 51 38
20 50 39
20 50 39
18 51 38
19 51 38
19 53 38
18 54 37
17 56 37
18 54 38
22 51 38
23 52 37
22 51 38
21 51 38
20 52 39
20 48 39
21 46 38
21 45 38
23 44 40
24 45 40
24 45 42
25 42 44
24 41 46
23 42 46
21 41 48
20 40 47
20 43 48
20 38 50
21 39 48
20 37 47
22 36 48
23 36 50
20 35 41
14 40 36
14 33 49
18 37 58
29 37 54
31 37 57
22 38 50
17 37 45
14 35 48
13 34 50
12 34 47
17 36 40
17 38 38
17 37 38
17 41 40
17 47 41
18 46 41
18 50 42
18 58 37
19 61 37
24 60 42
28 58 39
28 59 40
27 60 42
29 56 37
26 53 37
24 56 37
24 52 37
22 52 41
23 49 40
23 51 44
24 47 42
24 48 44
22 48 45
21 50 45
19 50 44
22 49 45
27 44 45
29 44 46
30 42 46
28 41 45
23 43 46
17 43 45
14 44 45
15 40 47
18 41 46
20 37 47
19 38 45
19 37 46
16 39 47
16 38 47
17 37 46
15 37 47
18 37 46
20 37 46
20 37 46
18 38 45
14 36 45
16 39 44
16 41 44
16 41 45
17 39 44
19 39 44
17 40 43
17 38 43
17 41 43
16 40 44
16 39 43
16 39 44
16 40 44
18 38 44
16 40 43
16 38 44
14 36 44
14 32 44
16 34 45
14 36 41
15 35 42
16 37 43
17 38 42
15 36 40
15 35 40
13 36 39
14 35 40
13 34 42
13 35 42
11 35 39
12 32 43
15 33 42
15 37 41
10 31 40
08 28 39
11 34 39
10 33 38
14 31 38
14 32 39
14 32 37
16 31 38
14 33 37
18 34 39
17 30 43
10 30 41
11 35 41
17 37 46
12 35 45
15 35 46
17 36 46
15 36 45
15 37 44
15 35 44
14 37 44
15 37 43
15 37 45
15 37 43
15 36 39
15 39 38
11 37 37
14 38 39
15 37 40
16 37 41
15 39 39
16 37 40
15 39 42
15 36 43
14 35 43
14 37 43
14 37 43
12 36 43
17 36 45
18 36 46
18 41 44
16 40 43
14 42 41
15 39 42
16 38 42
16 39 44
18 40 45
16 38 43
13 36 45
15 39 45
17 38 43
17 39 43
16 39 43
16 38 44
19 36 44
17 43 42
16 35 45
17 38 45
14 38 43
15 40 42
17 39 43
16 37 43
17 36 41
16 37 43
15 40 45
14 37 45
12 36 43
14 32 41
14 33 42
15 36 42
16 35 41
16 33 40
13 33 42
14 33 42
14 36 42
14 32 41
14 32 42
13 34 42
14 35 42
14 34 41
14 34 42
14 34 41
15 33 40
14 34 42
13 34 40
14 36 43
14 35 41
14 35 41
14 36 41
13 33 41
14 35 41
14 35 40
13 34 42
13 33 44
15 34 43
11 34 45
13 38 43
14 32 43
14 36 43
14 35 45
12 34 42
14 33 41
13 35 42
12 38 45
14 38 46
13 37 44
10 40 44
12 36 45
17 34 44
18 37 40
18 34 39
17 41 36
18 38 40
17 39 42
17 40 41
21 42 38
17 45 41
15 43 42
17 40 44
19 40 45
19 39 45
19 40 40
19 42 40
19 41 42
17 45 37
17 46 39
15 45 39
15 44 38
15 47 38
14 45 38
15 46 37
15 45 36
15 45 34
16 44 33
14 44 33
13 46 31
12 46 31
11 45 29
12 44 30
13 42 31
14 41 31
14 41 33
11 40 31
12 40 33
10 41 32
08 39 33
12 41 34
15 41 36
17 40 36
16 39 35
13 41 35
14 40 37
15 40 39
17 38 38
17 40 39
15 39 37
14 42 37
15 40 37
14 39 37
12 39 38
13 42 37
13 41 37
13 42 35
12 44 36
12 43 36
06 44 35
07 44 36
08 41 32
08 40 30
08 39 32
12 36 33
15 38 33
15 39 34
15 41 34
15 39 33
14 39 33
15 41 34
15 39 33
15 36 33
14 36 32
14 40 32
13 41 33
12 39 33
09 40 33
11 39 35
14 41 36
11 38 37
09 40 35
11 39 34
14 40 35
19 40 35
18 39 34
18 41 34
17 42 33
14 41 34
13 42 35
10 42 34
10 44 37
08 41 37
06 43 39
07 43 40
06 40 37
05 42 36
04 38 36
07 36 37
10 37 37
09 37 37
13 38 35
13 39 35
14 38 36
16 39 35
18 38 36
18 39 34
19 38 34
18 39 33
17 40 33
15 40 31
09 42 29
09 41 32
10 40 37
08 40 36
09 41 38
11 40 38
13 38 37
14 38 37
16 40 35
14 42 36
13 43 34
12 42 35
10 41 37
10 44 36
11 46 37
12 45 36
12 45 37
11 44 37
06 46 39
10 43 36
09 44 36
09 41 36
08 40 36
07 39 36
08 40 36
10 37 36
11 38 34
11 36 35
14 38 35
15 41 35
16 40 35
16 41 33
15 38 34
14 38 35
14 40 34
10 40 33
12 39 33
17 40 35
12 41 37
10 42 35
09 44 34
12 43 33
15 43 35
17 42 35
17 41 34
14 42 34
14 43 34
12 42 35
11 43 36
11 44 36
11 43 36
11 45 36
05 43 35
04 46 36
09 43 35
10 44 34
10 42 36
11 42 35
11 40 35
12 38 34
11 38 32
11 38 32
12 38 33
13 39 33
13 38 32
14 37 33
15 38 33
14 39 33
15 38 33
13 40 34
09 40 33
16 38 34
15 39 37
14 41 37
10 40 36
12 40 35
14 39 37
16 39 36
14 40 36
15 41 36
12 41 36
12 42 36
12 44 35
11 44 37
09 45 37
09 44 37
08 44 36
05 46 37
12 45 35
11 43 34
09 43 34
08 41 33
08 39 34
10 37 34
11 38 33
12 38 32
10 39 31
12 39 32
13 39 32
13 40 34
16 39 34
16 40 34
16 44 35
19 44 38
13 46 37
16 49 38
18 47 40
18 48 42
18 46 41
18 45 41
20 44 39
23 42 39
24 43 39
23 45 39
23 44 40
23 46 41
24 47 40
23 49 41
23 52 42
19 53 40
20 53 40
16 53 41
15 54 42
17 50 42
17 50 40
18 49 38
17 48 38
17 47 39
19 45 38
21 45 38
20 44 36
22 43 38
21 43 37
20 44 36
20 45 37
18 45 39
18 45 39
17 44 38
15 45 37
15 44 39
17 44 40
16 46 40
16 46 38
16 48 37
18 49 38
21 52 37
23 54 36
22 53 33
22 52 34
23 52 32
24 52 34
25 53 32
26 53 32
26 54 31
25 52 32
25 52 31
20 52 32
19 52 31
16 50 31
17 51 32
18 51 32
19 52 32
21 49 34
22 51 34
21 51 33
19 51 33
21 51 33
24 49 35
27 51 36
30 52 35
29 52 34
28 53 35
30 56 34
27 58 32
29 62 32
30 59 34
35 54 34
35 55 33
31 56 31
30 58 31
29 57 33
31 55 33
32 53 33
33 53 34
30 51 35
29 53 33
29 52 34
28 50 35
28 49 36
28 48 36
27 51 36
22 49 37
22 53 37
22 55 36
23 53 36
24 52 36
25 52 35
24 50 35
24 50 34
24 50 33
25 51 33
24 50 35
23 50 33
23 51 32
23 52 31
24 53 30
24 55 32
24 52 31
22 54 30
23 54 29
24 54 31
25 52 31
25 54 30
25 53 29
24 52 28
24 54 24
20 49 26
24 46 29
24 48 29
24 50 31
24 50 31
25 53 30
27 55 28
25 53 27
27 52 26
27 54 26
29 52 26
27 48 27
28 51 26
28 51 26
28 51 25
27 51 25
27 54 28
27 52 35
25 50 29
27 60 26
25 52 29
25 52 32
24 50 31
24 48 32
25 50 33
25 51 33
25 48 33
26 48 35
25 49 37
28 47 35
30 49 39
31 50 38
28 52 38
25 54 39
25 54 39
25 54 39
25 54 41
24 54 39
27 55 40
25 55 42
27 55 41
30 55 41
26 58 39
25 59 40
26 57 42
25 55 43
29 54 45
27 54 42
27 53 46
27 53 46
25 56 46
27 52 45
26 52 45
30 50 43
31 48 43
32 46 44
35 44 43
37 40 43
38 42 42
38 43 43
41 44 46
39 39 45
38 38 47
38 38 50
38 36 52
36 34 53
35 34 53
37 35 54
39 35 55
37 34 52
39 35 52
39 35 50
39 36 49
41 34 52
40 35 52
40 36 52
38 34 53
38 35 53
38 35 53
37 34 53
36 33 52
36 34 52
35 33 54
35 34 52
