38 37 46
41 39 45
41 38 45
41 35 43
39 40 43
39 47 45
36 40 38
33 50 43
30 53 46
28 44 42
23 51 48
24 48 44
20 53 46
16 51 43
17 51 41
18 44 38
16 45 42
18 47 39
14 43 38
12 43 39
10 44 38
09 44 38
07 42 38
07 41 36
07 41 35
04 43 37
08 41 35
11 40 36
15 39 36
15 40 36
13 38 34
15 37 33
16 38 34
16 38 34
17 37 34
17 39 36
18 39 36
17 40 37
16 39 36
14 39 35
16 40 36
15 41 36
11 39 36
08 41 37
03 43 39
04 44 37
06 41 35
11 40 32
12 37 32
12 38 32
12 39 32
13 39 31
14 40 32
15 37 32
16 38 32
15 38 32
17 39 34
16 38 34
16 36 34
15 38 34
14 37 35
10 37 34
08 39 34
04 42 33
05 38 31
11 39 35
12 40 37
11 40 35
12 39 34
14 38 33
15 38 33
16 39 33
19 39 34
19 40 36
17 40 39
16 38 39
17 39 37
14 38 37
13 40 36
10 40 37
05 39 35
02 42 35
04 39 35
13 39 35
14 39 36
11 39 34
10 38 32
11 38 32
13 38 33
14 38 34
15 39 33
16 38 32
15 37 34
17 38 35
17 38 34
17 38 36
13 37 35
12 38 34
08 38 33
04 39 31
00 43 31
10 38 32
13 42 33
15 41 35
13 42 33
13 39 31
15 38 31
16 38 33
17 41 34
19 42 36
18 41 39
18 41 38
20 43 37
20 45 36
17 46 37
15 45 36
14 45 36
09 47 35
04 47 36
03 46 35
11 40 31
12 37 30
10 37 30
10 38 29
13 37 31
13 39 32
14 40 31
14 40 31
14 40 33
14 41 33
16 41 34
17 41 32
16 40 33
16 43 35
15 43 34
12 43 35
10 43 33
08 42 34
02 43 33
07 39 31
14 39 36
11 38 36
13 39 34
14 39 32
19 37 33
19 38 34
19 38 33
17 39 34
16 40 36
16 42 37
16 43 38
16 45 37
13 46 36
12 45 37
10 45 37
11 48 37
10 46 36
10 46 36
12 43 36
15 44 35
13 45 34
13 43 32
15 42 32
16 42 32
18 43 31
16 42 33
18 43 32
18 43 33
17 44 34
17 43 34
16 44 34
15 46 35
14 47 35
10 47 34
12 48 35
14 47 38
16 48 37
14 47 37
14 46 35
14 46 34
19 48 35
20 47 35
22 47 37
21 47 36
21 48 38
21 49 37
21 51 41
20 51 40
20 53 42
20 53 42
21 51 42
19 51 42
21 50 42
21 45 42
21 45 42
23 41 43
22 38 46
18 38 45
18 38 46
20 35 46
20 40 48
19 37 47
19 37 47
22 35 48
22 35 48
20 33 48
22 34 49
21 33 48
20 33 50
20 30 53
21 33 52
22 38 50
23 34 48
21 33 45
18 27 46
16 27 45
18 35 44
19 38 42
19 39 40
19 35 39
19 37 37
19 41 38
17 47 41
19 44 44
17 42 47
15 47 48
14 47 47
13 45 44
13 44 42
13 44 40
11 48 41
14 52 40
14 47 42
14 44 40
14 46 39
15 46 38
16 44 37
15 43 36
15 44 35
15 44 34
14 43 32
14 44 33
15 47 33
17 46 32
19 43 32
19 44 32
17 43 32
16 44 33
18 42 32
15 42 32
16 44 33
13 44 32
09 43 33
09 44 32
05 45 32
08 44 32
15 44 35
12 41 36
13 40 36
14 43 33
16 40 34
18 39 34
18 41 34
18 41 36
18 41 37
19 41 36
18 41 37
16 43 37
17 43 37
15 47 38
11 46 37
08 46 35
06 47 35
10 44 34
13 41 33
11 40 30
11 40 29
12 38 30
15 41 31
14 40 32
15 39 33
15 39 33
15 40 33
15 39 34
17 40 34
17 42 34
16 42 34
14 44 35
12 43 36
10 42 34
09 44 34
05 45 34
10 41 34
14 40 35
12 40 37
12 38 33
13 40 32
16 38 32
18 39 33
20 38 34
21 41 37
18 41 37
17 42 38
16 40 38
14 42 38
11 41 39
05 42 38
06 39 36
04 42 36
08 40 35
12 39 37
12 40 32
12 41 33
12 41 32
13 39 33
15 39 32
14 38 32
16 37 33
15 38 34
16 37 34
16 36 33
16 37 32
16 37 34
12 36 35
07 38 33
05 38 32
01 42 33
06 42 35
17 39 35
14 40 38
13 37 36
14 37 34
15 36 34
18 37 34
21 37 34
20 38 37
18 38 35
18 40 36
16 38 36
14 38 36
12 39 36
11 40 37
06 39 38
04 41 36
01 41 36
05 40 36
11 41 36
08 41 34
10 38 31
12 39 32
14 38 30
15 39 31
16 38 31
16 36 31
16 38 31
16 38 31
17 38 30
16 37 32
13 38 31
09 39 28
07 39 29
05 37 26
04 39 29
15 39 35
17 41 38
14 40 39
13 39 37
13 38 35
15 38 35
15 40 34
14 38 35
15 38 36
14 39 36
16 41 34
14 41 34
14 39 32
12 39 32
10 38 31
07 39 29
06 39 30
04 41 31
13 39 33
12 42 31
09 40 30
07 38 31
09 36 28
11 34 27
13 35 30
16 35 30
15 37 29
16 38 30
16 38 30
16 36 30
16 38 30
13 37 29
10 38 31
08 37 29
06 40 29
03 40 31
09 40 33
14 39 34
17 38 36
13 39 35
14 37 32
14 35 32
15 38 33
14 38 34
16 38 33
14 38 33
15 37 33
15 38 35
15 40 33
14 40 32
15 39 34
11 39 34
08 40 31
04 38 30
03 40 31
09 40 33
13 39 32
10 38 29
10 40 30
12 39 30
12 39 31
14 38 29
14 37 28
17 37 28
16 38 29
17 37 29
15 38 29
14 38 30
13 38 30
12 40 30
11 39 30
09 41 32
02 44 32
10 43 33
12 43 33
13 43 35
13 44 34
12 42 33
15 42 32
18 41 32
19 41 34
20 43 34
19 42 35
20 44 34
19 46 37
17 47 36
14 49 37
14 52 38
13 52 39
12 55 40
12 56 40
16 58 43
20 50 45
23 51 44
25 49 43
31 44 42
32 41 42
36 43 44
38 38 45
39 40 45
39 41 47
40 38 45
37 38 46
37 42 49
38 39 49
36 37 51
36 39 54
37 37 52
38 37 53
39 34 53
40 35 52
40 34 52
38 35 52
38 34 52
39 35 53
39 33 52
39 34 53
39 36 53
39 33 51
39 34 52
39 35 51
38 34 52
38 33 52
38 34 53
39 34 52
39 34 50
39 34 52
39 35 55
39 34 53
39 34 53
39 34 51
39 33 50
