13 36 31
13 36 33
12 36 31
12 36 31
13 36 32
13 34 31
12 35 32
12 36 31
11 36 32
12 36 32
12 37 33
13 36 34
12 38 33
12 39 33
14 38 34
13 38 33
12 37 34
13 39 35
12 39 35
14 39 36
12 38 34
13 38 34
14 39 34
13 39 35
13 39 35
12 37 34
14 39 35
14 39 34
13 40 34
14 38 34
13 38 33
11 38 33
09 39 34
10 39 33
13 37 33
11 38 32
09 37 30
10 37 31
12 37 30
14 37 31
15 36 31
13 36 31
12 35 30
12 36 29
10 37 29
11 36 29
12 37 30
13 38 30
13 35 31
12 35 32
14 35 30
12 35 31
13 36 31
12 37 32
12 37 32
12 37 32
13 37 32
12 37 32
12 38 32
11 38 32
10 37 32
09 36 31
09 37 31
10 35 30
13 36 31
15 35 32
14 34 31
13 34 31
12 36 31
11 36 31
11 37 31
12 35 31
13 35 31
13 35 32
14 36 33
13 37 33
13 36 33
13 37 32
15 37 32
13 36 32
10 38 31
08 38 32
10 37 31
09 36 30
09 37 30
13 36 32
15 35 29
14 35 30
13 33 28
11 33 28
10 33 27
12 35 28
13 36 28
15 35 30
12 35 28
13 34 28
12 35 30
09 34 30
10 34 29
10 35 31
11 36 32
13 35 34
13 35 33
12 33 33
13 33 32
12 34 33
12 35 33
12 33 33
13 34 34
14 33 34
13 34 34
13 34 33
12 35 33
12 34 33
13 36 32
14 34 32
13 35 31
12 35 32
10 34 31
08 34 31
08 33 30
08 34 29
09 33 31
12 34 31
13 33 31
13 33 30
13 33 29
12 33 28
13 33 28
14 34 28
12 33 28
12 34 29
12 35 28
14 33 29
13 34 29
13 34 29
13 32 30
14 32 30
14 35 30
12 34 30
11 34 29
09 35 28
11 36 30
08 35 29
05 34 29
08 35 30
13 36 31
15 33 32
13 32 31
12 34 31
11 34 27
11 33 27
13 35 29
16 35 29
17 34 30
16 35 29
16 36 30
15 34 31
15 32 33
07 39 35
02 56 35
04 46 27
09 33 29
13 38 37
14 45 36
10 45 30
13 44 28
16 42 28
18 37 27
19 40 27
18 41 28
17 39 29
18 37 28
17 35 28
17 34 29
14 36 30
10 38 31
06 38 29
05 38 29
05 41 30
07 42 32
11 40 33
11 38 33
11 40 31
10 37 33
11 38 32
12 40 31
13 39 34
13 41 31
13 38 31
15 39 32
14 39 33
15 38 32
13 37 32
14 38 33
13 36 32
10 36 32
06 36 32
05 36 31
11 36 31
13 37 30
15 38 32
13 38 30
10 36 30
11 38 30
14 40 30
14 41 31
15 42 31
14 42 31
14 40 30
14 40 30
13 40 31
14 39 31
13 39 32
13 39 32
12 38 31
11 36 29
10 37 30
13 37 32
14 34 31
14 36 32
11 35 32
11 35 32
11 37 31
11 38 31
13 38 31
13 37 32
12 38 33
14 39 33
14 39 33
14 39 32
12 39 34
12 39 33
11 37 32
05 38 31
03 38 31
09 37 29
13 37 30
13 39 31
12 38 31
11 36 28
11 35 26
14 34 27
15 34 28
14 35 28
14 34 29
14 35 29
15 35 31
13 35 31
12 37 31
13 37 30
13 38 31
12 38 31
09 39 31
06 38 31
02 37 28
06 38 29
11 40 31
16 39 32
17 35 31
13 37 32
13 37 31
13 38 32
13 38 32
12 36 32
12 36 33
13 37 33
12 36 33
12 37 31
14 37 31
14 37 31
16 37 32
15 36 32
13 35 33
08 34 30
06 36 31
08 35 29
12 35 29
13 35 30
13 37 30
10 36 28
10 36 29
12 37 29
14 37 30
16 39 31
15 38 30
14 37 29
13 36 30
14 35 29
11 36 28
11 36 29
11 35 30
06 33 28
06 35 28
11 35 30
13 37 32
14 35 32
13 32 31
12 30 31
11 32 32
12 34 33
13 34 33
13 35 33
14 35 32
13 38 32
14 38 32
15 38 32
14 39 31
12 40 31
13 39 32
12 39 31
08 38 32
04 39 32
07 37 31
11 36 31
13 38 31
12 38 30
12 37 29
11 37 29
13 36 28
14 36 28
16 38 30
17 37 30
15 37 30
15 38 29
14 37 30
13 37 30
12 37 31
12 37 31
10 37 31
06 36 28
05 36 30
10 37 31
11 38 30
12 36 32
13 37 32
12 36 32
12 36 32
14 37 33
13 38 34
13 36 34
13 38 33
13 38 33
13 39 34
14 36 34
13 37 33
13 39 34
12 39 32
11 39 32
12 38 32
08 36 31
05 39 32
09 36 29
13 34 31
15 35 31
12 36 31
11 35 30
12 31 28
14 33 29
15 34 30
14 36 30
12 35 30
14 36 31
12 36 30
12 37 30
12 38 31
12 38 31
11 39 31
10 38 31
09 37 32
08 39 31
06 36 31
09 38 33
14 39 33
14 38 33
12 36 32
10 35 32
09 35 32
10 36 32
12 35 32
12 36 33
12 35 33
13 36 33
15 34 33
16 35 33
16 35 32
16 36 33
14 38 32
12 39 32
08 38 31
04 42 31
08 38 31
12 38 31
14 38 32
14 38 32
12 40 29
13 39 29
13 39 29
14 39 31
14 40 31
13 39 30
13 41 30
13 37 31
12 37 31
11 36 31
11 38 29
12 36 30
11 36 30
09 37 31
08 36 31
09 38 31
14 37 31
14 38 34
14 38 33
16 37 33
15 36 34
14 35 34
13 34 34
11 36 34
12 34 34
12 35 33
13 36 33
13 36 33
12 35 32
12 38 31
12 39 33
13 37 32
14 39 32
14 39 32
13 38 33
10 39 33
07 38 32
09 37 31
10 35 31
10 37 32
12 35 30
10 35 32
11 33 30
12 33 30
11 34 30
12 37 30
11 34 29
12 35 29
13 36 30
13 37 30
12 41 30
13 41 30
13 40 30
14 39 30
13 41 31
13 41 32
13 40 29
12 37 29
13 37 30
13 39 31
13 37 31
12 37 32
12 37 32
12 38 32
10 39 31
12 37 33
12 36 32
11 38 32
12 36 31
12 37 32
12 36 32
12 36 32
13 37 33
13 35 34
15 36 34
13 36 34
13 38 34
13 39 34
14 39 35
12 38 34
12 37 33
11 37 34
10 36 33
11 37 32
12 36 32
12 36 32
13 36 33
12 36 32
12 37 32
13 35 31
10 36 31
12 36 31
13 35 31
12 35 31
11 36 32
10 36 32
12 36 32
13 37 32
13 38 33
13 37 33
14 36 32
13 35 33
13 37 32
13 36 33
12 36 34
13 36 33
11 36 35
12 36 34
11 36 34
13 35 34
12 35 33
12 37 33
12 38 33
13 37 33
13 37 33
11 36 33
12 37 33
12 36 32
13 36 33
13 37 34
13 36 32
12 37 33
14 35 33
13 37 33
11 37 33
12 39 33
12 38 32
12 37 32
12 37 33
10 36 34
12 36 33
13 36 33
12 36 33
10 37 34
13 37 33
13 38 34
13 38 33
12 38 34
12 36 33
12 37 33
13 36 33
13 38 33
12 38 33
12 37 33
12 37 32
12 37 34
12 37 33
12 36 33
12 37 33
12 38 33
12 38 33
11 37 33
12 39 33
13 39 34
13 37 33
13 38 33
12 36 34
13 37 33
11 38 33
13 38 33
12 37 33
12 37 32
