37 35 51
37 35 52
37 35 52
35 35 51
34 36 52
35 37 52
35 37 53
35 35 52
36 36 53
37 39 54
36 37 53
35 40 55
33 41 56
35 42 53
33 43 50
29 47 48
32 42 47
32 44 45
33 44 42
31 44 42
31 44 41
30 40 41
30 40 43
26 43 45
25 41 45
21 42 46
18 41 47
16 37 48
16 34 47
11 36 47
10 37 47
11 40 43
07 42 44
07 42 46
09 44 47
14 44 46
16 42 45
13 41 44
13 40 44
16 40 45
17 40 44
19 40 44
20 39 46
19 39 46
20 39 45
19 38 46
19 36 46
17 37 46
15 35 44
13 34 44
09 34 44
09 37 46
14 38 45
17 36 40
16 35 40
15 35 41
15 38 42
18 40 42
19 40 42
20 40 44
20 41 45
20 41 47
22 40 47
21 40 47
19 40 47
20 38 48
18 40 47
17 39 48
15 39 46
12 38 47
12 39 49
15 39 47
13 37 45
14 36 44
16 35 45
17 38 44
22 38 44
22 36 42
22 36 41
21 36 41
21 35 42
21 34 43
20 34 42
19 35 43
17 34 44
14 34 44
12 37 44
08 38 45
06 40 47
11 44 47
12 43 43
12 42 42
14 40 43
14 40 42
18 40 41
18 39 40
19 39 39
18 38 39
17 37 39
18 37 39
16 38 38
14 37 37
12 39 38
08 38 35
05 38 36
03 38 36
10 40 38
17 41 39
17 40 39
12 38 36
11 37 35
14 35 38
16 35 37
18 36 35
16 37 35
15 39 37
16 38 37
14 38 38
15 37 37
12 38 39
10 37 38
11 37 39
08 38 38
03 37 38
03 40 40
11 38 40
11 39 35
09 37 35
08 36 34
11 35 34
13 34 32
15 36 32
14 36 33
15 37 33
16 37 32
17 37 33
16 37 32
14 37 32
13 37 33
12 37 32
11 37 32
08 38 33
10 38 33
15 38 36
13 38 36
10 39 36
11 36 35
10 36 35
15 35 35
13 36 36
13 38 36
15 38 39
14 38 39
14 36 40
14 39 41
13 39 42
10 39 42
08 37 42
06 35 41
04 35 39
04 36 40
11 37 38
07 35 35
05 35 34
05 35 34
10 34 32
11 37 31
14 38 32
14 36 32
16 36 32
17 36 33
17 36 32
18 36 31
17 36 32
16 35 32
15 36 33
11 36 33
09 36 34
09 36 34
14 38 36
09 38 36
06 37 35
08 38 35
09 38 35
10 38 35
13 37 37
12 37 39
13 38 39
13 36 40
13 36 40
14 39 40
13 36 42
10 38 42
08 36 43
06 35 43
01 33 43
03 35 41
10 35 38
10 35 34
06 35 34
06 35 34
11 33 33
12 35 33
13 35 33
16 35 33
15 36 34
17 34 34
18 36 34
18 35 34
18 34 34
17 36 34
15 35 34
09 36 34
08 36 35
07 36 38
11 38 37
09 37 37
05 36 36
08 36 36
12 34 38
14 35 36
15 37 38
17 37 38
15 38 40
16 37 41
16 38 41
14 39 42
11 38 42
10 38 42
07 38 42
04 34 41
02 37 42
10 35 40
13 35 36
09 35 35
07 36 35
08 34 34
11 34 34
12 37 34
14 36 35
16 36 34
15 36 33
17 36 33
16 36 33
17 37 33
17 37 33
15 36 34
12 37 35
12 36 34
07 37 35
08 36 37
12 37 36
09 36 38
06 37 36
08 36 37
13 37 37
15 38 36
14 36 37
15 36 38
16 38 38
14 38 37
16 39 38
15 39 39
15 37 40
12 38 39
10 37 38
06 35 36
01 36 38
05 37 38
08 37 35
04 35 34
02 33 33
05 33 31
09 35 31
10 33 31
13 34 31
17 36 33
18 37 34
21 40 36
22 39 37
23 41 37
22 41 39
21 41 39
20 41 40
16 46 41
14 43 43
13 43 45
13 43 45
13 40 45
16 40 47
19 37 47
20 37 44
20 37 42
18 36 41
18 39 41
18 39 40
18 37 39
18 36 40
14 34 40
14 33 40
12 29 39
07 31 38
00 29 34
02 30 34
11 30 33
07 30 30
08 33 29
09 33 30
09 34 31
11 36 32
12 35 32
15 36 34
15 38 33
16 37 34
19 37 35
18 36 34
18 36 34
17 37 34
16 37 36
17 36 35
13 37 35
10 38 33
03 38 32
00 38 32
02 38 35
05 40 37
10 40 38
13 39 37
15 37 36
15 36 36
16 36 36
17 38 36
18 37 38
15 39 40
14 36 41
10 37 42
08 38 45
03 32 44
03 33 43
07 34 44
11 34 40
13 34 37
11 35 37
09 35 36
06 34 36
07 32 34
09 34 33
12 35 33
13 36 34
16 36 33
18 36 34
18 37 34
19 36 33
18 35 33
17 36 34
14 37 36
12 36 34
09 37 34
05 38 34
07 37 36
10 39 38
09 39 37
05 37 36
08 36 36
12 36 35
14 35 36
15 38 36
16 36 37
16 37 39
15 38 39
15 39 41
14 40 41
11 39 41
08 39 42
07 36 42
00 36 40
01 35 39
09 35 35
09 34 34
05 34 32
06 35 32
10 34 31
12 36 32
13 36 32
13 36 32
15 37 31
16 38 31
17 36 32
15 36 32
14 37 31
15 35 32
10 36 34
08 36 34
11 35 36
14 35 38
12 38 37
10 38 37
07 35 37
11 35 36
12 35 36
14 36 38
16 37 40
15 36 41
14 37 40
15 37 41
14 36 41
11 38 41
08 37 42
08 37 42
06 35 41
02 35 42
04 35 40
11 35 37
08 35 34
05 33 33
09 34 34
11 34 34
16 36 34
15 37 35
17 37 33
17 36 32
17 36 32
18 36 32
17 36 33
14 36 33
14 36 33
14 36 34
09 37 33
09 37 36
12 36 39
10 39 39
04 37 38
06 34 37
12 34 37
13 32 35
16 33 37
15 35 37
15 37 39
14 36 38
15 39 39
17 40 40
13 39 40
10 39 39
09 39 39
03 35 37
01 34 38
06 37 37
09 36 35
09 37 34
06 36 32
08 37 31
12 36 29
14 37 27
13 39 28
15 41 27
15 41 27
15 45 28
16 47 28
15 49 31
14 51 31
14 53 31
19 53 32
22 54 28
26 56 27
27 57 32
29 53 32
31 53 33
34 49 39
33 47 41
37 44 41
36 43 39
38 36 39
37 34 43
34 32 47
32 35 50
31 36 52
32 38 53
30 39 55
32 37 51
34 34 49
35 40 53
31 40 60
30 42 59
33 41 53
33 40 52
31 40 52
32 41 51
29 39 50
31 39 50
31 37 50
33 36 48
32 37 49
33 37 50
33 38 50
33 37 51
33 39 54
32 38 54
