13 37 35
02 13 37
14 36 35
14 36 35
13 37 35
13 37 35
02 13 37
13 37 35
13 37 33
11 38 35
12 38 35
13 38 34
13 38 35
13 39 35
15 37 35
15 38 36
14 38 35
12 40 36
14 40 34
13 40 35
14 40 37
12 40 36
12 40 36
07 39 36
06 40 37
08 40 37
11 39 36
14 37 36
17 35 37
16 35 36
11 35 35
10 36 35
10 34 36
14 34 37
15 37 36
15 35 36
15 34 37
16 34 36
15 36 36
15 36 36
15 37 37
15 39 36
15 37 38
14 38 38
13 37 38
06 39 38
02 39 36
09 40 36
12 39 35
15 39 36
16 38 35
14 37 35
12 36 34
14 38 34
14 39 35
14 39 35
14 38 34
14 38 33
14 39 34
15 38 34
15 37 35
14 39 35
13 39 36
13 38 35
11 39 35
08 36 35
04 37 33
05 38 33
12 37 35
15 35 34
14 33 33
13 34 34
14 36 35
14 37 36
16 35 35
17 36 36
17 35 37
14 36 37
15 37 36
15 37 37
17 38 38
15 38 38
14 37 38
10 39 37
08 36 34
01 38 36
03 38 34
10 39 34
14 37 34
14 37 35
11 35 34
12 36 33
14 37 33
15 36 34
16 35 33
17 36 33
15 37 33
14 37 34
16 38 34
15 39 34
13 38 35
10 36 34
09 39 34
06 38 33
02 38 32
10 37 35
15 38 37
14 36 36
10 34 35
13 33 35
14 36 37
17 36 37
18 37 37
19 36 37
17 36 36
16 37 38
15 36 38
16 38 38
17 38 38
14 37 40
12 38 38
07 38 38
00 39 36
06 40 36
11 39 36
13 38 35
14 38 35
12 39 35
11 37 34
14 37 34
16 37 34
15 36 34
17 35 33
18 37 33
15 36 34
17 37 34
15 37 35
14 38 34
08 38 34
07 37 34
00 38 33
06 38 34
16 38 37
15 36 37
11 35 34
12 36 35
13 36 35
15 39 36
17 38 36
18 36 36
17 35 37
16 37 37
15 37 36
17 36 37
16 39 37
14 37 37
12 38 38
08 36 35
02 39 35
02 39 35
06 39 35
11 38 35
13 37 34
11 38 34
11 38 32
13 36 34
15 35 34
16 36 33
17 37 33
16 37 33
17 37 33
15 37 34
16 37 34
15 38 34
12 37 34
10 38 34
05 37 34
02 39 33
06 38 33
14 37 37
14 36 36
10 35 33
14 34 35
13 36 36
16 38 36
17 37 36
18 36 35
16 37 36
16 38 37
15 38 37
16 39 37
17 37 38
12 39 39
11 39 37
07 38 36
00 40 36
04 40 37
11 40 35
10 39 34
09 38 34
11 37 33
15 37 33
15 38 33
17 38 33
16 36 33
18 37 34
18 38 34
18 39 34
17 40 34
15 39 35
13 39 34
10 39 35
07 39 34
02 39 34
06 38 34
13 39 38
14 37 38
13 35 35
12 36 34
13 36 35
15 38 37
16 36 36
17 36 35
17 36 37
16 38 37
15 39 37
15 38 36
17 39 36
16 39 38
14 38 38
11 39 38
09 39 37
01 40 36
02 40 37
10 40 36
12 40 36
10 37 35
12 37 35
14 36 33
16 38 33
16 37 35
15 37 34
15 36 33
16 38 33
17 39 34
16 38 34
17 38 34
13 38 35
11 39 35
10 39 36
05 39 36
00 40 34
09 40 36
15 38 38
12 38 36
11 36 36
13 34 36
16 39 36
16 38 36
17 37 37
18 37 36
17 37 37
15 38 36
15 38 37
17 39 37
15 39 38
13 40 38
11 38 38
09 37 37
00 40 37
00 41 37
06 39 37
13 39 35
11 38 35
12 37 34
13 37 35
15 37 33
15 38 33
16 36 34
16 37 33
17 37 34
17 37 34
17 37 34
18 36 35
15 37 35
13 37 34
09 38 35
03 38 34
01 39 33
09 40 35
15 39 38
12 38 35
11 36 33
13 33 35
16 37 36
21 39 37
18 38 36
17 37 37
17 37 36
15 37 37
15 37 38
14 38 37
15 39 38
13 39 38
11 38 37
05 37 34
00 41 35
06 39 36
11 39 35
11 38 35
12 37 35
13 37 33
13 38 33
15 39 33
16 36 33
17 37 33
17 38 33
16 37 34
17 37 34
17 37 34
14 39 34
13 39 35
10 40 34
07 38 35
00 38 32
05 36 32
14 38 37
14 36 37
12 34 35
12 34 34
15 35 36
16 37 37
16 37 36
17 36 36
17 37 36
16 38 37
16 38 37
15 38 38
16 38 37
14 39 38
11 38 37
08 38 37
02 39 36
03 40 35
11 40 37
12 41 34
12 38 34
11 38 34
14 37 34
14 38 34
16 38 34
16 38 33
17 37 33
17 37 33
15 38 34
17 37 34
17 39 34
14 37 36
12 39 35
07 39 35
01 38 34
01 39 33
11 39 37
15 37 38
14 35 35
12 33 34
15 35 35
16 39 36
18 38 35
17 38 36
18 37 36
17 38 36
15 38 37
15 39 38
16 38 38
16 38 37
14 39 37
10 39 38
09 38 36
04 39 36
01 41 37
08 39 35
13 39 35
11 40 35
10 38 35
13 38 33
14 38 34
15 38 34
16 36 33
17 37 33
17 37 33
17 37 34
16 38 34
16 38 35
13 39 35
10 39 35
09 38 35
04 38 33
00 40 32
11 39 35
15 38 37
11 35 35
12 35 33
14 37 35
16 38 37
15 36 35
19 36 37
18 37 36
16 39 37
15 40 36
16 40 36
17 38 37
15 40 38
12 40 38
10 39 36
04 39 36
01 41 36
08 38 35
12 38 33
10 36 34
09 37 32
11 37 31
14 37 32
15 38 32
17 37 33
17 36 32
17 38 32
16 38 32
16 38 33
16 38 33
17 38 34
13 40 35
09 40 35
04 39 35
00 39 32
05 38 32
14 36 37
13 34 34
14 35 32
13 35 33
14 36 35
15 38 35
18 36 35
17 36 35
17 37 36
16 38 35
15 37 36
15 38 37
16 38 36
15 39 38
09 38 37
08 38 35
01 41 35
00 40 37
09 41 35
12 38 34
11 37 35
10 37 33
12 36 33
14 37 33
16 36 32
17 35 33
17 38 33
17 36 32
18 38 33
18 38 34
17 38 33
13 37 34
09 39 33
07 40 34
01 40 34
06 40 34
16 38 39
13 37 36
11 35 34
13 35 34
15 35 37
16 36 36
18 37 37
18 35 36
17 36 36
15 35 36
15 37 37
16 38 36
15 39 37
15 38 37
11 39 37
08 38 37
03 38 35
00 39 35
05 41 36
12 39 36
10 38 36
11 37 35
12 37 35
15 38 33
17 37 33
17 35 34
16 36 33
16 36 33
17 38 33
18 38 33
17 37 34
16 38 35
10 38 35
09 38 34
02 40 34
00 38 32
11 40 35
13 38 39
12 36 35
12 33 33
14 34 34
16 37 37
18 39 35
17 36 36
18 35 36
17 36 35
16 39 36
16 37 36
16 39 38
14 38 37
11 38 38
08 39 37
02 39 37
00 40 37
09 40 36
11 40 34
11 40 35
09 38 36
11 37 34
14 37 34
15 38 33
16 36 33
18 36 33
16 36 34
17 37 33
16 37 34
17 38 35
15 38 34
12 39 34
10 37 34
08 39 35
01 38 33
05 38 32
12 37 37
13 37 37
11 35 35
12 33 35
15 35 37
17 38 37
18 37 37
18 36 36
18 37 35
16 38 36
15 38 36
16 38 37
16 38 38
12 39 38
11 37 37
06 37 36
00 41 35
05 40 37
12 42 36
11 39 35
09 38 34
10 37 34
14 36 34
15 37 34
17 37 34
16 35 34
16 36 33
17 37 34
16 38 35
16 38 35
15 37 33
13 38 35
10 38 35
08 40 35
00 39 33
03 40 33
14 40 37
14 38 38
13 37 37
10 37 34
13 34 34
15 37 37
17 38 35
17 37 37
18 37 37
18 38 37
18 38 38
15 37 36
16 39 37
14 39 38
12 39 39
10 39 38
05 39 36
00 39 36
07 39 36
13 38 35
10 38 35
10 37 35
12 36 34
15 39 33
15 38 33
17 38 33
18 37 34
17 38 33
16 37 34
17 36 35
16 38 35
14 37 36
10 37 35
08 38 35
03 38 33
00 38 32
09 39 37
15 37 39
14 36 36
11 35 34
13 35 35
14 38 36
17 37 35
16 36 36
17 36 36
17 37 37
17 38 37
15 37 38
15 38 37
15 39 37
12 38 38
10 36 37
04 38 36
01 40 36
03 39 37
09 40 36
10 38 35
08 38 34
11 37 34
13 36 34
15 35 34
17 35 34
17 36 34
18 36 34
17 36 35
15 35 35
16 37 35
16 37 35
11 39 34
10 38 35
08 38 34
00 39 34
05 38 33
14 38 37
13 36 37
10 36 35
11 34 34
13 36 37
16 37 36
16 36 37
17 36 37
18 38 37
16 37 37
15 37 38
17 37 36
16 39 37
14 39 37
10 37 38
07 37 36
00 41 36
02 40 37
11 37 37
12 38 36
10 38 36
12 38 35
14 37 34
16 39 34
17 36 33
18 36 34
18 37 33
19 37 34
17 37 34
16 38 35
14 38 35
11 38 35
09 37 35
08 38 34
01 38 34
02 39 34
13 38 37
14 38 37
10 35 34
10 33 34
15 37 35
17 38 37
17 37 36
19 36 37
17 36 36
16 37 36
15 39 36
17 38 37
16 38 38
14 38 38
10 39 38
06 36 36
00 40 35
05 40 35
10 39 35
09 38 35
10 36 34
13 37 34
14 38 33
15 36 34
16 35 33
19 35 33
17 35 32
17 37 32
17 37 35
16 37 35
14 37 33
12 37 33
08 38 34
04 38 34
00 37 33
13 39 35
15 37 38
10 35 37
10 33 35
13 36 36
16 38 37
16 36 36
17 36 36
18 37 36
17 37 37
16 37 37
17 38 38
16 38 37
15 38 38
13 39 38
10 37 37
03 39 37
00 40 37
07 39 36
14 38 36
13 41 35
13 37 35
13 36 33
15 37 33
15 38 34
17 37 34
17 36 34
16 36 33
16 38 34
16 37 33
15 38 34
14 38 35
10 38 34
05 38 34
00 39 32
07 38 35
14 37 38
13 35 38
10 33 34
12 36 35
15 37 37
17 36 37
17 36 36
18 35 36
17 36 38
16 37 36
15 37 37
16 37 38
17 37 38
15 36 38
13 36 38
10 38 36
01 39 36
03 39 35
10 37 36
13 37 36
12 36 35
11 36 34
11 37 34
13 36 33
14 35 32
15 36 32
14 36 33
14 37 32
14 36 33
16 37 32
15 37 33
15 38 33
15 39 35
11 38 35
11 38 36
05 40 34
02 39 34
11 37 37
14 36 36
14 33 33
10 34 33
11 34 34
13 36 36
14 36 35
15 35 35
16 35 36
16 37 35
15 36 35
14 35 36
16 37 35
17 38 36
15 37 36
14 36 36
12 36 35
06 37 35
02 38 33
08 39 33
13 36 35
13 36 34
12 36 34
10 37 34
11 38 33
11 37 33
14 36 32
14 35 32
14 38 32
15 39 32
12 38 31
11 39 33
12 39 33
13 40 33
13 37 32
15 39 34
13 38 34
13 38 34
12 38 35
11 39 35
09 39 36
10 39 36
10 37 36
11 37 37
12 35 38
13 33 38
15 34 38
15 34 38
13 35 38
15 34 37
15 35 37
14 35 38
13 36 37
14 37 38
15 36 36
15 38 37
14 39 37
14 39 37
14 39 37
13 39 38
14 41 38
14 41 37
15 42 38
16 42 38
16 42 39
11 45 39
10 44 39
12 44 38
14 40 38
14 41 39
16 42 38
14 41 38
16 40 39
14 40 38
16 41 39
16 40 38
15 41 38
14 41 39
16 41 40
14 40 39
13 41 39
13 39 39
15 39 39
12 41 39
10 39 38
13 38 38
15 38 39
15 39 39
15 39 39
13 38 38
15 39 39
15 39 40
16 39 39
16 38 40
16 38 41
15 38 39
16 38 40
16 39 39
16 39 40
15 38 39
15 39 39
14 40 38
13 39 39
14 39 38
09 40 38
11 40 38
13 39 36
14 40 37
11 40 36
15 39 36
14 40 35
