33 40 37
33 40 49
31 38 50
31 38 50
33 39 47
34 35 47
30 39 48
30 38 47
29 40 48
28 45 51
28 40 47
26 40 46
23 45 50
22 39 48
16 46 49
14 41 45
15 38 43
14 37 43
11 38 42
11 37 42
11 36 41
10 35 38
11 34 38
09 34 39
11 35 39
11 35 39
11 38 39
11 37 40
09 38 41
11 36 41
11 35 40
09 36 40
10 36 39
11 35 38
10 37 36
09 36 35
07 36 33
08 36 33
10 37 32
15 36 32
14 37 32
16 37 33
16 37 33
16 35 34
17 37 34
18 36 34
18 36 36
16 36 36
16 36 36
12 36 36
10 37 37
07 37 36
03 37 34
02 37 35
07 37 36
15 35 36
14 36 35
11 37 34
13 36 33
14 36 34
17 38 34
18 38 35
18 39 35
18 37 37
17 38 36
14 36 37
12 37 39
08 36 37
08 34 39
07 33 40
07 38 40
05 39 37
06 39 38
09 38 35
10 37 35
06 37 33
07 37 33
07 36 33
07 35 32
12 35 32
14 36 31
16 35 33
17 36 32
18 38 32
17 37 31
17 37 32
17 36 32
15 36 34
11 37 34
10 37 36
08 38 36
04 38 36
07 35 34
12 34 35
11 35 37
11 38 36
11 37 34
13 36 35
17 38 36
17 41 37
16 37 37
17 38 38
14 38 37
14 36 37
12 36 36
10 36 37
06 37 35
07 37 37
05 37 37
04 39 37
09 38 36
13 36 35
11 36 33
08 36 31
08 30 31
08 34 32
12 36 32
16 36 32
17 36 32
16 38 32
15 37 32
16 37 31
18 36 32
16 35 31
13 37 33
10 38 33
08 36 34
06 36 34
06 35 34
12 33 34
12 33 36
13 36 36
13 36 35
13 36 37
14 35 37
16 37 36
18 39 39
17 39 39
15 37 39
14 38 38
14 38 37
13 36 38
12 36 35
08 36 36
06 36 35
04 35 35
03 38 36
08 37 36
11 37 34
12 36 32
10 34 30
09 32 31
11 36 32
13 34 33
17 37 32
17 37 32
18 37 31
18 37 32
16 37 32
17 38 32
13 36 33
10 36 34
08 36 34
08 36 34
06 35 35
07 35 35
11 36 33
15 33 36
13 35 35
10 36 35
15 37 35
16 35 35
18 37 36
17 37 35
16 36 37
15 37 38
16 38 38
14 37 38
14 37 37
11 36 36
07 37 35
05 36 34
06 37 34
05 39 36
07 39 37
13 36 34
10 35 33
11 36 32
11 35 32
11 37 33
14 35 34
15 37 34
17 37 33
17 36 33
17 37 33
16 36 33
16 36 32
13 35 32
11 35 34
08 36 34
07 35 32
07 36 33
03 36 34
10 34 34
15 34 35
14 35 35
11 34 35
13 35 34
17 34 35
16 35 36
17 36 36
16 35 37
15 34 37
15 36 37
14 36 37
13 36 37
11 35 36
08 36 36
07 36 34
05 37 35
03 38 36
11 37 36
12 37 35
11 37 34
10 35 34
12 36 33
13 35 34
15 36 33
16 35 34
16 36 32
19 36 32
17 36 33
16 35 32
14 36 33
11 35 34
09 36 32
06 35 34
06 36 34
05 36 34
10 34 34
13 35 35
14 35 37
12 35 36
10 37 35
15 35 36
17 39 37
16 39 35
16 37 37
17 36 37
16 36 37
14 36 35
12 36 38
11 37 38
08 35 39
07 37 37
05 39 36
02 39 37
09 36 35
11 36 34
10 35 33
12 36 33
12 36 34
13 37 34
16 38 34
16 35 34
17 34 34
18 33 32
17 35 33
15 35 34
13 34 34
10 36 33
07 35 33
06 35 33
05 34 34
05 33 32
10 34 32
13 35 35
12 35 35
13 34 33
13 34 34
16 34 36
17 36 35
19 37 35
16 35 36
14 36 36
13 35 36
14 35 37
11 37 36
10 35 36
07 35 34
05 36 33
03 36 35
03 38 35
11 37 35
12 37 34
10 35 32
11 37 32
12 36 33
13 37 35
15 37 32
15 35 32
16 35 34
16 35 32
16 35 33
15 34 32
15 35 33
13 37 32
08 34 32
08 35 32
08 34 32
05 35 33
06 34 33
14 33 35
13 35 36
14 36 35
13 36 34
16 34 36
16 37 36
16 37 35
17 36 36
15 37 37
15 35 36
14 37 36
11 35 36
11 34 36
08 34 36
05 38 35
03 37 36
03 38 37
09 37 35
12 35 34
12 36 34
12 36 34
12 37 33
12 36 33
16 36 33
16 35 31
17 36 33
18 36 33
17 35 31
16 36 32
16 36 33
11 36 33
10 35 32
08 33 32
07 36 34
05 34 34
10 33 34
15 34 36
12 36 36
12 35 36
13 35 37
16 35 36
19 35 36
18 37 36
17 37 36
15 36 37
13 35 37
14 37 37
12 35 37
09 34 36
07 39 36
06 37 36
02 38 36
03 39 36
08 38 36
13 37 35
12 37 34
11 36 34
11 36 33
12 36 33
13 36 33
15 35 32
16 36 33
17 35 32
16 36 31
16 37 32
15 36 33
12 37 33
10 35 33
09 36 33
07 35 33
07 36 34
08 35 34
14 35 36
13 35 36
12 36 36
14 36 36
16 34 36
17 38 36
18 38 36
17 37 37
15 37 35
14 38 36
14 38 35
12 35 36
10 35 36
07 37 34
04 38 35
04 39 36
06 37 38
10 36 35
11 35 34
09 37 34
09 37 34
10 36 34
13 36 34
17 36 33
18 35 32
17 34 33
17 37 32
17 36 32
16 36 32
15 36 33
12 36 32
08 36 32
10 37 33
07 36 34
07 35 33
14 34 33
13 36 36
11 35 36
13 35 36
16 35 37
15 35 36
19 36 38
16 37 35
16 37 37
15 37 37
14 37 38
13 35 38
13 35 37
09 37 36
05 37 36
05 37 36
03 38 36
06 38 38
11 36 36
10 36 33
09 35 33
10 35 32
11 35 33
13 36 33
16 34 33
16 35 33
16 35 33
16 34 33
17 36 32
18 37 33
15 37 33
12 37 33
09 36 33
08 35 33
05 36 34
07 36 35
14 34 37
12 35 38
12 35 36
14 34 33
15 35 36
18 35 36
18 36 35
18 37 36
18 37 37
14 37 36
14 34 37
13 34 35
12 35 36
09 33 36
07 36 35
04 38 36
04 38 37
08 39 37
11 38 36
09 36 33
10 35 33
08 36 32
11 36 33
13 36 33
16 36 32
16 36 33
17 36 33
16 35 32
17 36 33
15 35 33
13 37 33
12 37 33
11 34 32
10 37 34
07 36 35
08 35 34
11 34 35
10 34 36
12 35 35
14 37 37
16 35 36
17 37 36
16 37 36
16 37 36
15 37 37
14 36 36
12 36 38
11 36 37
09 36 36
05 37 35
04 39 37
02 40 37
06 37 37
11 35 36
09 35 35
10 35 32
12 32 32
12 32 34
14 35 33
16 38 33
16 37 33
18 35 32
18 37 33
19 35 32
14 37 32
12 34 32
09 36 33
08 37 32
08 36 34
05 36 34
09 35 33
12 35 35
12 36 37
14 33 37
15 35 36
16 35 36
16 38 37
19 38 35
17 39 38
16 38 36
15 39 38
14 38 36
13 36 36
10 37 36
06 38 37
06 37 36
03 39 38
04 38 38
10 35 34
09 36 34
10 35 34
11 31 32
08 33 32
12 36 32
15 36 32
16 36 32
17 36 33
16 38 32
15 37 32
16 36 32
13 37 32
12 36 32
08 36 31
08 35 32
06 36 33
09 34 33
13 34 35
13 36 36
12 35 35
14 35 36
17 34 37
18 35 37
17 37 37
17 37 36
15 39 38
15 38 38
12 38 37
12 36 37
10 35 37
08 36 36
07 38 35
05 37 35
04 38 37
09 37 37
12 38 34
09 37 35
09 36 33
10 34 33
13 35 33
16 36 32
17 37 32
16 35 32
17 35 32
16 35 31
16 37 32
14 35 33
12 36 33
09 36 33
10 34 32
05 36 32
05 35 32
13 34 34
13 34 36
12 35 35
11 36 35
15 35 36
15 34 38
17 37 36
18 39 36
17 38 37
15 37 35
14 37 38
13 37 39
13 37 38
10 36 38
07 38 36
06 37 36
05 35 35
02 36 37
09 36 35
13 36 34
10 36 34
09 37 33
09 35 34
12 35 34
12 36 34
15 36 32
17 35 32
18 35 32
16 36 31
18 37 32
15 35 32
13 37 32
10 36 33
10 35 34
07 36 33
05 36 34
09 35 34
12 35 36
13 36 36
11 35 35
12 36 36
14 36 36
17 37 37
17 37 36
16 38 37
15 37 36
14 37 37
15 37 37
13 36 37
09 34 37
07 36 36
06 37 35
06 38 36
05 39 39
09 37 37
13 35 35
09 34 34
08 35 34
11 33 33
09 35 33
13 36 31
15 37 34
15 36 32
17 35 32
16 37 32
17 36 32
15 36 32
14 36 32
12 36 33
10 36 32
11 34 33
07 37 34
08 35 33
12 35 35
13 37 37
12 35 36
13 36 36
12 34 35
16 36 36
15 37 36
17 38 37
15 38 37
14 39 37
12 36 37
12 36 37
09 35 36
09 36 37
06 37 37
05 37 37
03 38 39
09 37 38
12 34 35
10 35 34
09 35 34
09 36 34
10 37 35
13 35 32
13 35 32
16 36 33
16 35 33
16 35 32
17 36 31
15 37 33
14 36 33
10 36 32
08 34 32
09 33 34
08 36 34
06 36 34
14 35 36
17 34 38
16 35 38
14 36 38
14 36 37
16 34 37
14 36 37
14 38 39
14 39 39
15 39 40
15 38 40
14 37 40
14 36 38
11 36 38
09 35 39
08 36 37
04 38 37
03 38 37
10 36 35
14 34 35
12 34 33
11 36 34
10 35 34
11 37 33
11 36 33
13 36 31
15 35 31
15 35 32
15 36 34
15 35 32
15 35 33
13 35 34
13 35 35
10 35 34
10 35 34
05 36 36
05 38 36
05 38 36
14 38 38
16 37 38
12 39 38
11 37 38
15 38 39
17 40 40
18 39 39
19 39 39
18 37 39
16 37 39
15 38 39
13 36 37
14 39 38
10 38 39
10 40 41
04 45 43
07 45 39
09 44 40
11 39 38
15 40 38
14 41 36
16 41 36
14 44 37
12 44 37
12 46 37
14 48 40
15 47 43
16 47 43
19 49 46
22 46 45
23 49 45
26 47 45
27 45 46
30 44 43
33 44 44
34 41 44
34 43 45
36 43 46
36 40 46
35 42 47
35 43 49
36 41 49
35 41 51
33 42 50
33 42 49
34 42 52
34 42 52
34 42 51
35 41 50
35 40 51
36 41 51
37 42 51
37 42 51
36 41 51
36 41 51
37 40 50
37 41 51
35 40 51
36 40 50
34 41 52
35 40 52
37 42 51
35 40 52
35 40 52
35 41 51
34 41 52
34 40 52
34 40 52
35 41 51
35 40 51
35 41 51
35 41 50
35 40 51
34 40 52
35 41 50
34 39 52
34 40 52
34 41 52
35 40 52
35 39 52
33 41 49
32 40 50
33 40 53
31 39 52
31 42 52
33 41 51
33 39 52
35 41 50
