41 33 54
41 31 54
41 33 55
41 33 53
41 31 51
39 35 49
42 38 49
42 39 47
45 38 44
44 38 43
43 40 41
43 41 40
40 44 39
39 41 41
38 41 39
34 49 40
34 48 41
30 42 40
27 45 43
22 50 44
23 45 42
18 41 41
13 51 47
12 44 44
12 37 43
10 35 42
06 36 40
05 39 41
06 43 39
07 44 39
07 43 39
08 39 37
12 36 38
11 40 38
12 39 37
13 38 38
13 39 38
13 38 37
12 38 36
12 39 36
12 36 36
12 37 36
12 37 36
13 36 36
14 36 34
13 37 36
13 38 36
12 39 35
13 38 36
13 37 35
14 39 36
13 37 35
13 37 34
13 37 36
14 38 36
13 39 35
13 39 36
12 37 35
13 39 36
12 39 36
12 39 36
12 37 37
12 39 35
13 39 35
12 38 37
12 39 36
14 39 36
13 38 36
14 38 36
13 40 36
13 39 35
14 38 36
13 38 35
13 38 36
12 37 36
13 39 36
13 38 36
13 38 35
12 39 35
13 37 35
13 38 36
12 37 35
12 38 35
13 38 36
12 38 35
13 39 36
13 38 35
13 38 35
13 38 36
12 38 35
12 37 35
13 38 35
13 39 36
13 39 36
11 36 36
14 37 36
13 39 35
12 38 36
14 38 35
13 39 35
13 38 36
13 38 35
13 38 36
13 37 36
13 37 36
13 37 35
14 37 35
13 38 35
13 38 35
13 38 35
13 38 35
13 37 34
13 39 35
13 37 36
13 39 35
13 38 35
12 39 35
13 38 35
11 39 35
12 37 36
12 39 35
12 37 36
14 38 35
14 37 35
12 38 35
14 38 37
14 38 35
13 38 35
12 38 35
13 38 36
13 38 35
13 38 36
12 38 36
13 37 36
13 37 36
13 38 35
13 39 35
13 38 35
12 38 35
13 36 35
13 37 35
13 39 34
12 38 35
12 39 35
13 37 35
13 37 35
12 38 35
12 38 35
12 37 35
13 38 36
13 39 35
12 40 35
14 39 35
13 38 36
15 39 36
14 37 37
13 40 38
12 39 37
13 39 39
13 41 39
12 40 40
12 41 40
13 39 41
13 39 41
14 39 40
14 41 40
14 39 40
16 41 39
14 41 39
15 41 39
15 42 39
13 41 38
13 41 38
11 40 37
08 40 37
09 40 36
13 38 35
15 36 34
15 36 34
14 36 33
13 37 33
16 35 33
15 37 33
14 37 33
13 38 34
12 38 34
09 38 35
10 38 35
10 37 34
07 37 33
05 37 34
05 38 33
09 38 33
05 37 34
08 38 35
16 38 37
19 38 39
14 38 37
10 39 36
11 35 35
10 33 35
13 35 37
13 37 36
11 37 37
11 37 36
13 38 36
14 38 37
14 39 36
14 39 35
14 38 34
12 39 34
10 40 36
13 39 35
11 38 35
10 36 33
10 35 33
13 35 32
13 38 33
14 37 34
14 38 35
13 36 34
13 36 32
12 38 34
09 38 34
07 39 34
05 41 35
09 42 35
04 39 37
07 37 34
12 39 36
15 39 40
14 42 38
13 41 38
14 40 38
15 39 36
13 37 37
12 35 36
10 36 36
12 36 37
10 37 37
11 38 37
10 37 38
07 36 37
09 36 36
04 37 37
11 37 38
12 38 36
11 37 34
11 36 33
15 36 32
16 36 33
18 37 34
17 37 33
17 36 34
16 37 33
14 36 33
12 37 34
10 38 34
08 39 35
05 40 34
03 38 36
00 39 36
08 38 36
11 38 39
13 39 39
13 40 38
16 39 36
18 38 36
18 38 36
18 38 36
16 39 35
16 40 36
14 38 35
13 40 33
12 42 34
09 38 34
07 40 34
02 39 33
00 37 34
05 39 36
10 38 31
09 41 34
07 39 33
10 37 32
13 36 31
15 35 32
17 35 33
16 36 32
18 37 33
19 36 33
21 37 34
18 36 34
16 38 35
15 38 34
12 37 35
05 37 34
09 37 36
09 38 38
07 38 39
07 39 37
14 37 36
11 36 36
10 37 38
13 38 36
12 39 37
12 39 36
15 40 37
17 39 38
15 39 38
12 39 37
07 40 38
07 38 36
01 40 37
02 40 36
07 39 32
06 37 32
05 37 32
07 35 31
10 37 31
11 35 31
10 34 31
12 37 30
12 36 30
11 34 32
14 36 32
12 37 33
12 36 33
13 36 34
11 36 34
11 36 33
16 35 33
16 37 38
17 35 38
15 37 36
16 38 36
16 36 37
15 36 36
14 36 37
13 37 39
10 39 38
10 39 40
08 37 40
06 38 40
04 41 40
02 39 39
02 42 43
09 38 38
08 38 37
07 39 36
08 38 36
10 36 35
12 35 34
11 36 34
10 36 34
09 35 32
08 34 33
10 34 32
07 34 34
07 35 34
09 35 34
10 34 34
10 33 31
17 33 33
17 35 36
15 34 35
15 36 34
17 36 33
16 35 33
15 36 35
14 36 35
14 38 35
11 39 36
12 38 38
08 38 35
04 41 39
04 42 40
05 41 41
03 41 41
01 43 43
10 39 38
08 36 39
09 37 37
08 38 35
09 36 36
10 35 35
12 37 33
11 35 33
11 36 33
11 37 33
13 34 32
13 37 31
10 35 32
11 35 34
13 33 33
11 34 33
08 35 33
15 34 35
13 35 37
11 35 35
14 35 33
15 37 35
15 37 35
14 37 34
15 36 35
13 38 34
12 40 37
10 38 37
09 38 35
07 38 38
05 41 40
05 41 39
00 45 45
09 41 42
09 39 40
09 36 39
08 37 36
09 36 36
09 35 36
09 36 34
07 35 33
07 35 33
08 35 32
10 35 33
10 37 33
10 35 33
11 35 33
15 32 33
10 32 33
14 35 33
14 36 35
14 36 37
13 36 36
14 36 33
16 37 35
16 37 37
15 37 34
14 38 34
12 39 35
09 38 37
06 38 37
04 41 36
06 40 40
05 40 40
01 41 40
04 41 43
10 39 37
08 38 37
09 38 37
09 36 35
11 35 36
11 36 34
13 36 33
12 36 33
12 36 32
11 36 31
11 34 32
11 36 33
09 35 33
11 34 33
10 35 34
05 35 31
14 34 33
13 35 36
13 35 36
12 35 34
14 37 31
17 36 35
19 36 36
17 38 35
17 39 35
14 39 35
10 38 38
08 39 38
08 40 37
09 38 39
04 40 42
04 40 40
00 42 42
06 40 39
08 40 37
08 38 38
08 39 36
09 37 35
13 35 34
13 37 34
12 36 33
12 37 33
11 35 33
12 36 34
13 37 34
12 35 35
11 35 33
13 33 34
08 36 33
13 38 35
14 37 37
15 36 37
15 37 36
16 37 35
17 37 34
17 37 36
15 37 35
13 38 37
11 38 38
11 38 39
09 40 38
07 40 40
03 40 39
06 39 39
00 41 40
06 41 40
09 38 38
09 39 37
09 38 36
11 38 35
12 36 35
14 34 34
14 36 34
13 37 33
13 36 34
11 36 33
11 35 32
09 35 34
10 35 34
10 35 35
13 36 36
05 35 35
11 36 34
14 34 37
14 36 36
14 36 36
16 35 34
20 38 34
19 37 36
18 38 36
18 37 36
15 38 35
12 38 37
11 40 40
09 38 40
08 41 39
07 41 40
05 41 39
01 43 43
10 41 40
09 39 37
10 37 37
11 38 36
13 35 34
14 37 34
15 36 33
15 36 35
13 35 33
15 35 34
12 37 34
10 34 34
09 35 35
10 34 35
09 36 33
03 35 34
15 35 36
18 37 37
15 38 37
15 35 37
15 36 35
17 36 35
18 37 36
19 38 36
16 38 37
15 38 37
14 39 38
14 37 37
12 38 39
12 39 39
09 40 41
07 41 39
00 40 40
04 42 37
07 39 35
08 39 35
12 39 35
17 38 35
15 37 33
15 36 32
13 37 32
11 37 32
11 36 33
11 34 34
11 35 32
09 38 31
10 37 33
12 36 33
10 34 33
05 34 33
14 33 33
14 37 36
14 37 37
13 38 37
17 38 34
17 36 35
18 36 37
16 37 37
13 36 37
14 39 38
14 37 38
12 39 37
11 39 38
08 37 38
08 38 38
00 39 37
04 42 38
06 41 34
06 39 33
09 37 32
12 38 32
16 36 31
15 36 30
15 37 30
13 36 30
12 35 30
12 35 32
10 35 33
10 36 33
10 37 35
10 36 34
06 34 33
08 35 33
13 35 35
13 36 36
13 36 34
17 35 34
17 33 34
17 36 34
16 36 34
16 37 35
15 37 35
13 38 36
13 39 37
13 38 38
12 39 38
09 39 39
10 40 40
03 40 39
04 42 40
06 39 36
06 39 35
08 38 35
10 38 35
10 37 35
14 37 35
13 36 34
13 36 35
12 36 33
12 35 34
14 36 34
15 38 34
13 36 34
13 35 36
09 35 34
02 36 34
11 36 35
14 38 38
14 35 37
13 37 34
15 38 34
16 36 36
17 36 35
17 37 35
15 39 35
14 40 37
12 39 37
12 41 39
11 41 39
06 41 40
07 40 37
07 40 37
03 41 41
09 41 38
06 40 36
06 39 35
05 39 36
09 36 35
13 35 34
13 37 33
14 37 34
12 37 33
11 36 33
12 36 33
13 35 33
11 34 36
12 35 34
14 35 34
08 36 34
13 35 33
14 37 36
15 35 37
14 38 36
15 37 35
14 38 34
16 36 35
15 37 37
14 38 36
12 38 35
11 38 38
11 39 38
10 40 38
10 39 38
07 40 39
06 41 37
01 40 39
05 42 39
09 39 37
08 38 36
08 38 36
10 37 36
12 35 36
13 36 35
11 38 35
12 35 34
12 35 35
14 35 34
14 35 33
11 35 33
10 35 32
14 36 35
10 34 34
09 36 34
15 35 34
13 36 35
14 35 36
14 38 34
16 37 36
16 37 36
17 37 36
14 38 37
12 39 37
10 39 37
09 40 38
07 38 38
07 37 38
05 37 37
09 38 36
04 41 39
10 41 41
12 40 36
10 37 37
10 38 37
11 37 36
11 35 34
13 35 34
12 36 35
11 35 33
09 35 32
09 35 33
09 35 34
11 36 35
10 36 34
13 34 33
09 33 33
07 35 32
13 33 32
16 36 35
15 35 37
15 36 35
14 37 34
15 37 33
17 36 37
15 38 35
13 39 36
12 39 38
10 38 38
09 39 36
09 39 39
07 39 39
06 38 38
09 39 38
02 42 41
09 40 39
10 39 37
10 39 37
09 38 36
10 37 35
11 34 35
12 36 33
12 36 33
10 35 34
10 36 34
11 35 33
13 36 33
11 35 33
12 35 35
15 36 34
10 35 34
11 36 33
17 36 33
16 37 37
15 36 37
13 36 35
15 36 35
16 37 36
14 38 36
13 38 35
11 38 38
10 38 37
11 39 37
11 40 38
08 40 39
08 41 38
09 41 37
05 40 39
07 38 39
08 39 36
07 39 36
08 39 35
08 38 34
09 36 34
11 37 33
10 36 33
11 36 32
11 34 34
12 36 33
13 36 33
14 35 34
13 35 33
14 35 35
16 36 37
13 35 37
06 36 36
10 36 35
14 36 37
13 37 38
12 37 38
11 38 34
12 35 34
14 38 35
13 38 35
11 40 36
10 40 35
11 41 35
13 41 36
13 41 37
10 40 37
08 42 38
11 40 37
10 41 37
04 41 39
07 41 37
12 38 36
10 37 36
07 39 34
06 36 33
08 34 32
09 35 32
12 35 32
12 36 31
13 36 31
14 36 32
14 35 33
16 34 32
16 35 34
15 34 33
14 35 34
11 36 34
14 36 37
12 37 37
12 38 38
13 36 37
12 37 37
10 37 37
09 38 38
09 38 37
14 38 39
13 38 38
11 38 38
12 40 38
12 38 38
12 37 38
13 38 39
14 38 36
10 38 37
10 37 37
09 37 37
12 36 36
13 37 36
13 37 35
12 37 35
11 37 34
12 36 35
13 36 35
13 36 35
13 37 34
13 37 35
14 37 35
13 36 34
13 37 36
13 37 36
13 38 36
13 37 35
12 38 36
14 37 38
11 37 36
12 38 36
11 37 35
11 38 35
12 38 36
11 38 36
13 39 36
13 37 36
12 36 35
13 36 35
13 37 36
12 37 35
12 38 35
11 36 36
12 37 36
13 36 36
12 38 35
12 37 36
13 37 35
14 37 35
14 38 35
11 38 35
12 38 37
12 38 36
13 37 36
13 38 36
12 38 35
13 37 35
12 37 35
13 37 35
12 37 35
12 38 36
13 38 36
13 37 35
12 38 36
12 37 37
13 38 35
14 37 35
12 37 36
13 38 35
14 37 36
13 39 35
13 37 35
12 37 36
12 36 36
13 38 35
13 37 36
12 36 36
12 38 36
13 39 36
13 37 36
13 36 35
12 36 36
12 38 36
13 37 36
13 37 36
11 37 35
13 36 36
13 37 36
13 38 35
13 38 36
12 38 36
12 37 35
13 38 34
13 37 36
13 39 35
14 37 35
11 38 35
12 37 35
13 37 36
14 36 35
12 37 36
13 36 35
14 38 36
12 37 36
13 37 36
13 36 36
13 36 36
13 37 36
14 36 36
12 36 35
12 36 36
13 37 36
13 37 35
12 36 35
13 37 35
12 37 35
14 37 36
13 38 36
14 36 36
12 37 35
13 38 35
13 38 37
13 37 35
13 38 35
11 37 36
13 37 36
13 36 36
13 39 36
12 37 35
13 38 36
14 38 35
13 37 37
12 37 37
12 38 36
14 37 35
12 38 36
13 38 36
13 38 37
12 39 36
08 49 37
07 53 37
06 54 37
07 55 38
08 59 39
09 59 38
15 56 38
17 53 36
18 52 35
20 51 36
26 45 38
29 40 36
34 38 36
36 39 40
40 36 39
39 36 42
41 35 44
41 35 45
43 32 47
41 31 50
41 30 51
40 32 51
43 32 53
41 29 53
41 34 53
44 34 50
44 34 48
45 33 51
45 34 50
45 34 49
44 34 51
44 34 50
44 34 49
43 33 48
44 32 51
45 32 50
44 32 50
43 30 50
44 31 49
