35 42 49
35 42 49
36 41 46
36 41 46
36 41 46
36 40 44
34 48 43
35 43 40
33 41 39
29 51 45
28 45 44
29 41 40
25 43 41
21 40 43
12 62 35
14 58 32
15 47 39
13 46 37
13 53 35
13 51 37
14 45 35
13 43 35
11 42 39
08 40 37
06 39 35
06 39 36
06 36 34
08 35 32
12 34 33
15 33 33
17 35 34
13 36 34
12 35 33
15 36 34
15 34 34
16 35 35
18 36 35
15 38 36
15 37 37
15 36 37
14 35 38
13 38 37
12 36 36
10 38 36
07 39 34
05 40 34
02 39 35
02 40 36
08 39 35
12 38 35
10 38 33
11 35 33
10 37 32
12 36 33
13 38 33
16 35 32
16 36 32
18 36 31
18 36 32
16 37 32
14 36 32
11 38 31
10 36 32
09 36 31
05 38 32
07 36 31
13 35 33
12 38 35
12 37 35
14 36 33
16 35 36
18 37 35
19 39 35
18 39 35
16 38 38
13 36 39
12 40 37
10 42 37
10 40 36
09 39 36
04 39 34
00 41 36
05 39 35
09 38 33
07 37 31
10 35 30
11 35 32
15 36 30
16 35 29
17 36 29
16 35 29
18 35 30
16 37 30
17 34 31
14 35 33
09 36 33
09 36 32
09 33 33
05 35 33
03 35 34
11 34 35
11 37 36
12 36 36
13 36 35
16 36 37
18 37 37
19 41 36
17 39 36
18 38 36
16 38 36
15 37 36
12 36 35
10 38 35
09 36 36
06 38 34
03 40 35
04 38 35
09 39 34
10 38 33
10 37 32
11 37 33
13 38 33
15 36 34
17 36 34
18 36 32
18 35 33
15 34 33
15 37 33
13 35 33
10 36 33
07 35 31
06 35 31
08 35 30
07 37 32
13 37 32
14 35 35
11 35 35
11 35 34
14 34 34
16 35 35
18 34 35
18 39 36
16 41 37
16 36 39
13 36 39
13 36 38
13 34 37
08 35 35
09 38 36
07 41 36
04 38 35
03 40 35
09 39 36
09 37 33
08 36 31
09 34 32
13 35 32
14 35 33
17 36 32
18 36 32
17 36 32
17 36 31
14 36 33
15 36 32
12 36 33
10 37 33
08 34 30
10 35 31
05 35 33
09 34 33
12 36 34
12 36 35
11 35 35
12 36 34
16 35 34
18 37 35
18 38 36
18 37 37
16 36 39
14 38 39
12 39 38
12 39 36
09 38 35
05 39 34
05 37 34
04 38 35
04 40 37
10 40 36
09 37 35
09 36 32
09 35 32
12 36 33
16 35 33
17 36 33
17 36 32
17 36 31
16 35 32
17 36 32
15 36 31
13 37 32
09 37 32
10 35 32
05 37 35
06 35 33
13 34 34
13 36 35
10 37 35
13 37 34
16 36 36
17 36 37
18 36 36
18 32 37
18 34 40
17 38 40
14 38 38
12 40 38
09 39 37
08 38 35
04 36 34
01 38 34
01 37 34
07 38 37
12 36 36
09 37 34
09 36 33
08 35 33
12 36 33
15 36 34
17 35 32
16 36 32
17 35 33
17 36 31
18 36 33
16 37 33
15 37 33
11 36 34
08 36 31
06 36 33
06 37 34
11 34 33
11 36 34
10 38 34
10 35 35
14 36 34
17 36 34
18 37 35
18 39 37
16 35 38
16 38 38
15 38 37
13 39 39
08 38 37
07 40 36
05 36 35
05 38 36
02 39 36
08 37 35
11 37 33
10 35 33
08 37 34
11 37 35
14 34 35
17 35 33
18 35 33
18 34 32
17 37 32
16 37 33
15 36 32
12 36 32
10 36 33
08 36 33
09 35 32
07 37 33
11 34 35
13 36 37
12 37 35
12 35 36
17 35 35
18 37 37
18 36 38
17 36 37
17 38 36
16 36 37
14 36 37
13 37 37
11 36 35
09 35 36
06 33 36
07 38 36
04 39 35
05 37 37
09 37 37
09 35 35
09 33 34
10 35 34
12 35 33
15 36 33
15 35 33
17 35 32
18 36 32
17 37 33
17 37 32
16 36 33
13 36 32
09 35 33
07 35 33
08 35 33
06 38 33
09 34 34
11 37 36
12 36 36
10 37 34
13 36 35
16 36 34
18 38 36
19 39 36
18 38 36
16 37 36
14 37 37
13 37 37
10 36 37
09 37 36
07 37 36
04 37 35
02 38 36
08 38 36
12 37 35
09 35 33
07 36 33
09 37 33
12 37 34
16 37 34
16 37 33
17 37 33
17 36 32
18 36 32
16 37 32
14 36 32
15 37 32
11 36 32
08 36 32
10 36 33
06 38 33
09 37 34
12 36 36
12 36 37
11 35 36
12 34 35
14 35 35
16 35 36
18 37 36
18 40 37
17 38 37
16 37 38
16 36 40
13 38 39
12 35 37
07 35 36
05 35 35
04 34 35
02 38 37
09 38 36
13 37 35
11 37 34
11 35 34
11 34 33
13 35 32
15 35 32
17 37 32
17 36 33
16 37 33
15 35 32
15 37 32
13 36 33
10 35 32
07 37 31
08 36 33
04 35 33
07 36 34
12 34 34
11 35 36
11 35 36
13 35 35
16 35 36
17 37 37
18 38 36
18 37 37
17 38 38
16 36 38
14 37 37
14 34 38
11 35 37
08 37 36
06 35 37
03 39 36
02 37 37
06 36 37
11 35 35
12 35 34
10 34 32
12 37 33
12 37 33
15 36 33
15 36 32
18 36 32
17 36 33
17 35 32
15 36 32
13 36 33
12 36 32
08 36 34
07 36 33
08 36 33
07 36 34
08 36 34
11 35 33
11 37 35
13 35 34
14 37 34
15 36 36
17 38 36
18 40 36
18 38 36
16 36 37
14 38 36
13 36 36
12 37 36
10 34 35
08 35 34
05 36 33
04 38 33
06 38 34
11 37 34
10 37 33
10 37 32
11 36 33
13 35 33
15 37 33
17 36 32
17 37 32
16 35 32
17 38 33
16 37 31
14 36 32
12 37 33
10 37 34
06 36 32
07 35 33
07 37 35
08 34 34
11 35 35
12 37 37
13 36 36
14 34 34
14 36 34
17 36 35
18 39 34
18 38 34
18 37 35
16 38 35
13 38 36
12 38 35
10 35 35
08 37 35
06 37 35
05 38 35
05 39 36
09 38 37
13 37 36
11 36 34
11 36 34
12 35 34
12 37 34
14 36 33
16 37 33
16 36 32
17 36 33
16 37 32
13 38 33
14 36 33
12 36 32
09 36 33
07 35 32
04 36 32
05 36 33
11 35 33
15 34 36
13 35 35
12 34 36
15 35 35
16 36 36
18 36 36
18 37 37
17 39 36
16 37 37
14 37 37
12 36 37
12 35 37
09 36 36
07 37 37
05 37 36
04 39 35
06 38 36
11 36 36
12 37 35
12 37 34
10 36 33
12 37 33
13 36 33
16 35 33
17 37 32
17 37 32
17 36 32
16 36 33
15 37 33
13 36 32
09 36 33
06 36 32
06 35 32
06 34 33
10 36 33
15 34 34
12 37 35
13 35 35
14 37 35
16 36 36
18 36 36
18 38 36
19 39 37
18 37 36
16 38 37
13 36 37
12 37 37
11 37 37
06 38 37
05 37 37
02 38 36
02 39 36
11 34 35
10 36 34
09 35 32
09 35 32
13 35 32
14 35 32
15 36 32
16 35 31
18 36 31
18 35 32
16 37 32
17 36 33
14 37 34
10 36 34
07 37 33
07 35 31
07 37 33
08 35 34
10 35 35
10 37 36
12 36 35
14 37 36
15 39 36
17 39 36
18 39 35
19 38 35
16 39 36
16 39 36
15 36 36
12 34 36
11 34 34
06 36 34
04 35 35
04 35 35
04 38 36
08 38 37
10 38 37
09 40 35
07 37 33
09 32 32
11 30 32
14 34 34
14 34 33
16 36 32
17 35 33
17 36 32
17 36 33
16 36 33
14 37 33
10 37 32
08 36 32
06 36 33
05 36 32
12 35 34
13 37 37
13 35 36
12 34 35
12 36 33
15 36 35
18 36 35
16 39 36
17 38 37
14 36 36
14 36 38
13 37 38
11 36 37
07 36 35
04 38 36
06 38 36
03 39 35
10 38 36
11 37 34
09 37 33
10 35 31
12 36 31
14 36 33
15 35 33
16 36 32
18 35 32
17 37 32
16 36 32
15 35 33
12 35 33
09 36 33
06 38 32
08 35 32
05 35 32
07 35 32
14 34 35
12 36 34
12 35 34
11 36 34
14 34 34
18 36 36
19 37 36
17 38 36
17 37 37
17 37 36
15 36 36
12 38 36
10 36 36
09 36 37
05 36 36
05 36 36
02 38 36
07 38 37
12 37 35
12 35 33
10 36 32
12 36 32
14 37 34
15 36 33
16 36 33
17 36 33
18 36 33
15 35 33
15 35 33
14 36 33
11 36 33
07 36 34
06 35 33
07 36 34
05 37 34
12 35 32
13 33 35
11 36 34
12 35 34
14 35 33
18 35 35
19 38 35
19 39 36
19 39 37
17 39 37
15 39 37
12 37 37
10 37 37
09 38 36
07 37 37
06 36 35
04 38 35
06 38 37
11 39 35
11 36 34
11 37 33
12 35 32
13 37 33
14 37 33
16 37 32
17 36 32
16 37 33
16 36 33
16 35 33
15 36 32
14 35 32
11 36 34
10 35 32
07 36 32
08 35 34
04 36 34
09 34 33
13 36 34
13 36 34
13 37 34
14 36 33
14 37 34
17 38 35
18 38 35
17 38 36
17 37 35
15 37 36
13 37 36
12 35 35
09 35 36
07 37 36
07 38 35
05 36 35
05 40 36
10 38 35
12 38 34
12 37 33
11 36 32
12 36 33
11 37 33
13 36 33
15 35 32
16 37 33
16 36 33
17 36 32
15 36 32
14 35 31
12 36 32
09 37 32
08 36 32
07 36 32
06 36 33
10 34 34
15 36 35
13 37 36
12 34 34
13 35 34
16 37 35
16 38 35
18 38 35
18 39 36
17 38 36
14 37 36
12 38 36
12 37 36
11 35 35
10 35 37
07 38 37
06 37 36
05 38 36
04 38 37
10 37 36
12 37 35
10 35 34
09 33 33
09 35 33
09 35 33
12 35 32
15 36 31
16 35 31
16 37 32
15 37 32
17 36 31
16 37 31
15 37 32
12 36 31
12 36 32
11 35 32
09 37 34
06 37 34
12 38 37
13 38 38
11 40 37
09 40 38
11 38 41
14 39 41
15 40 42
18 41 41
18 41 42
20 40 41
20 39 41
18 41 40
19 41 40
17 41 40
18 40 40
15 43 41
12 43 40
10 42 40
11 45 40
13 46 40
15 45 41
18 47 40
16 47 40
17 46 41
15 49 42
16 50 43
15 48 43
17 47 43
20 44 43
25 40 41
29 42 40
31 45 45
32 43 48
32 44 48
31 47 48
32 45 45
33 43 46
34 42 47
35 42 47
34 41 48
36 42 48
35 41 49
35 40 50
32 43 51
33 43 53
34 39 51
31 38 52
32 42 51
33 40 52
34 40 51
33 40 51
35 41 52
33 41 53
34 40 51
34 40 51
35 40 52
34 40 52
35 40 53
34 39 52
35 40 52
33 39 52
34 39 51
33 38 52
34 40 52
34 40 53
35 39 52
34 39 52
34 39 51
35 40 53
34 39 53
34 40 52
34 39 52
35 39 53
35 39 51
35 40 53
34 39 52
32 40 52
35 38 51
34 40 52
34 40 53
34 40 52
34 38 52
35 41 52
35 41 52
34 39 51
36 39 53
35 39 52
35 40 52
34 39 52
34 39 52
34 38 52
35 40 51
34 40 52
34 39 51
34 38 52
35 40 52
35 38 53
34 41 52
34 39 52
35 39 52
34 40 52
34 40 52
33 40 52
34 39 52
35 39 53
36 39 52
34 39 52
35 39 50
34 40 50
34 39 53
35 42 55
35 39 52
34 41 51
35 39 50
34 38 50
