19 42 37
19 42 37
19 42 37
20 39 36
20 39 37
19 40 39
20 40 38
16 40 37
16 40 39
18 41 39
17 40 39
19 44 41
22 41 39
21 39 40
19 43 40
15 42 40
12 42 40
12 44 39
15 43 39
18 42 38
18 44 37
17 43 39
17 43 39
16 44 40
17 43 38
15 43 38
17 42 40
20 42 37
16 41 46
20 46 40
18 40 38
19 42 37
19 44 37
18 42 34
16 42 34
14 41 34
12 40 36
11 37 36
07 38 35
03 41 34
04 39 33
06 39 32
08 37 35
08 37 36
06 38 34
06 38 34
10 38 34
11 35 35
15 33 35
15 31 34
15 31 34
16 32 34
17 34 33
15 35 32
14 37 35
14 37 35
15 37 36
15 37 34
15 38 36
16 37 36
14 37 36
12 36 37
12 36 38
12 36 39
14 34 40
13 33 37
10 34 36
09 35 36
08 37 35
04 38 35
04 39 36
06 38 36
13 38 36
16 35 34
16 34 33
13 35 32
11 37 34
12 36 32
15 34 32
16 30 30
15 33 32
14 36 32
15 37 31
15 39 33
14 37 31
11 36 31
09 37 31
09 37 33
10 36 34
09 35 33
08 34 33
07 35 34
05 35 34
09 35 35
11 34 34
15 31 33
16 35 33
17 36 33
18 38 35
19 38 34
19 37 34
17 37 34
14 37 35
12 39 37
11 39 36
13 38 37
13 36 37
13 36 38
13 36 38
11 37 36
09 37 36
07 35 35
04 38 35
02 39 36
03 39 36
12 37 34
15 37 34
13 34 33
12 32 30
11 34 32
14 36 32
15 35 31
16 37 31
15 37 32
17 38 32
17 39 33
17 37 33
16 37 33
13 37 33
10 38 33
11 38 33
09 37 36
06 38 33
04 36 32
01 38 34
06 38 37
14 35 36
16 32 34
16 32 34
17 35 36
16 41 35
17 41 36
17 37 36
19 37 34
19 34 33
17 37 36
16 40 36
14 39 35
12 37 36
11 37 36
09 35 38
08 36 37
07 38 35
04 35 33
01 36 36
02 39 37
11 35 36
14 33 33
14 32 35
11 33 33
11 36 34
15 37 31
16 36 31
19 37 31
18 36 33
18 36 33
16 36 32
15 36 33
15 36 33
13 38 34
09 37 33
08 38 34
11 36 35
06 36 35
04 36 33
03 41 36
09 40 36
14 37 35
14 35 35
16 35 34
16 37 35
18 36 35
19 35 36
20 36 36
19 37 37
17 38 37
16 38 37
15 38 36
13 37 35
13 36 35
11 34 37
10 36 35
10 37 35
09 39 34
03 39 35
00 39 39
06 42 37
11 40 35
11 42 35
12 40 34
13 38 33
16 35 32
18 32 31
19 35 32
19 36 32
17 39 31
16 40 31
17 41 31
14 39 29
10 38 29
10 38 32
10 35 37
10 39 37
10 38 32
11 37 29
08 39 31
04 38 35
11 37 37
12 38 36
13 36 34
14 38 33
16 38 34
16 37 34
17 34 35
18 33 36
17 37 35
17 39 33
16 39 33
15 38 32
13 36 33
11 36 34
10 36 35
08 35 33
08 36 33
03 37 34
01 38 36
01 39 36
10 33 36
12 36 31
10 31 34
10 35 33
15 29 30
19 30 29
19 35 31
18 34 31
17 37 32
16 37 30
15 35 33
16 36 33
11 36 34
11 37 33
08 38 33
08 39 34
12 36 35
05 33 34
05 35 32
05 36 35
11 34 37
13 34 34
15 34 34
14 36 34
15 36 35
18 33 36
19 32 36
18 32 36
17 35 36
16 36 36
14 37 34
13 37 34
12 37 36
12 35 34
12 37 34
09 37 36
09 37 36
07 37 35
01 38 36
02 33 39
10 40 38
12 39 36
11 39 36
10 40 35
11 39 32
14 37 31
17 33 32
16 33 33
18 33 31
18 36 33
16 35 31
18 37 31
16 35 32
14 38 34
10 38 36
08 40 36
09 40 35
08 37 35
05 36 32
04 38 31
05 36 35
12 34 39
13 32 36
13 32 34
15 35 35
16 37 35
18 37 35
17 37 35
17 34 36
17 34 36
16 37 36
16 37 35
14 36 35
14 35 36
14 35 35
10 37 35
08 38 35
08 37 34
03 37 35
01 38 36
04 38 36
09 36 37
10 36 35
10 37 36
10 36 35
14 32 32
17 32 32
18 35 33
19 36 32
17 38 31
15 37 32
16 38 31
16 37 32
16 37 32
14 36 33
10 37 34
08 38 34
10 37 36
09 37 36
05 36 34
02 37 36
07 36 38
12 33 37
14 32 34
14 34 34
15 35 35
17 36 36
18 36 35
18 36 35
19 37 34
17 37 34
15 36 36
14 37 35
13 38 36
14 38 36
13 34 38
10 36 37
09 39 38
09 37 34
03 35 35
00 37 37
02 37 37
10 36 37
13 36 34
12 36 35
11 35 36
11 36 34
14 35 31
17 35 32
18 35 32
18 36 33
18 37 32
17 37 32
17 36 32
16 37 34
14 38 33
10 37 34
09 39 33
09 37 35
07 35 35
03 35 32
02 37 34
07 35 37
14 33 36
14 32 34
14 33 33
15 34 34
17 36 36
18 37 37
17 35 35
16 36 35
16 36 36
14 36 36
13 37 36
14 36 36
14 36 36
13 35 37
12 37 37
11 37 36
09 36 36
05 38 36
01 40 37
05 39 36
11 37 34
11 36 34
10 38 36
08 39 36
12 36 33
15 33 33
16 31 33
17 34 33
16 36 31
16 37 32
16 39 33
18 37 33
16 36 33
12 36 32
08 37 33
10 38 33
10 36 34
08 35 33
06 36 33
04 36 35
07 35 34
12 33 33
16 34 34
15 33 34
15 34 35
17 34 34
18 33 34
19 34 34
17 35 33
15 34 33
12 34 34
11 38 34
15 36 34
12 35 34
09 34 35
08 35 33
05 33 31
01 34 31
01 35 30
07 32 28
12 32 30
11 33 32
12 34 31
17 35 31
17 33 33
20 30 34
16 30 30
16 32 28
14 31 31
13 31 32
14 34 30
13 34 31
10 36 31
08 38 32
09 36 33
12 35 33
07 32 31
04 32 31
04 35 33
10 32 33
10 29 30
12 28 30
13 32 33
15 33 33
17 32 33
19 34 33
16 35 33
17 33 33
15 36 36
14 36 35
12 35 34
12 35 33
13 36 35
12 36 33
12 37 33
09 37 34
09 37 33
04 38 34
00 40 35
04 38 37
11 41 34
11 37 33
11 39 35
11 39 33
14 35 32
19 32 33
19 32 33
19 34 34
18 34 34
16 37 34
14 39 33
14 38 33
13 37 33
08 36 32
08 36 34
10 37 35
09 36 34
04 37 32
03 39 34
07 37 36
13 36 35
14 33 34
15 36 35
15 36 35
16 37 36
17 37 36
18 36 35
19 36 36
19 37 36
16 37 37
15 37 37
13 36 37
15 37 37
12 35 38
11 35 38
07 36 37
08 37 37
07 36 35
02 38 37
02 39 37
09 36 35
11 37 36
10 36 36
08 37 38
13 36 36
17 36 34
17 36 34
19 35 34
17 35 34
18 39 34
18 38 34
17 36 34
15 36 33
12 37 33
09 39 33
11 38 34
11 36 37
07 37 35
05 36 34
05 37 37
07 37 38
13 34 38
14 35 37
15 34 37
15 35 36
17 35 38
20 37 37
19 37 36
18 37 36
17 37 38
15 38 39
15 37 38
14 37 37
14 37 37
11 35 39
09 39 37
10 37 37
08 38 37
01 37 37
03 39 38
07 39 37
12 36 36
10 37 35
08 39 35
10 40 35
16 38 34
16 35 33
19 34 33
18 34 33
18 36 33
18 37 33
17 37 33
17 36 33
14 38 34
10 37 32
10 38 33
10 38 36
08 37 36
05 36 35
05 38 36
08 35 37
12 33 36
13 35 34
12 34 35
13 37 35
16 36 36
18 36 36
19 35 36
18 37 36
17 35 36
15 35 37
15 36 38
14 37 37
12 38 37
11 39 37
07 38 37
09 37 35
09 35 35
03 35 35
01 38 36
05 40 36
12 36 34
12 36 34
12 38 36
13 38 34
14 34 33
16 34 32
19 32 30
19 33 32
18 34 32
16 37 31
16 36 31
16 36 32
15 37 32
13 37 32
08 36 33
09 38 35
10 36 36
03 35 34
03 37 36
08 34 36
12 31 35
11 33 35
12 35 35
14 37 36
17 36 36
19 36 36
21 37 35
19 38 36
18 36 37
18 38 36
13 39 36
10 38 38
09 38 39
10 38 40
11 37 39
14 38 38
13 38 37
07 39 37
07 40 37
09 39 35
07 37 35
07 40 35
08 39 35
11 39 35
15 37 34
18 35 34
18 35 34
19 35 33
18 34 33
18 36 34
17 38 32
15 39 34
15 39 34
11 39 34
10 41 34
10 42 36
12 40 38
13 38 36
09 38 34
08 38 36
06 37 36
08 38 37
14 36 37
15 34 34
15 37 35
15 39 35
16 39 35
17 37 36
18 36 36
16 36 35
17 37 36
15 41 37
12 38 36
13 37 36
14 36 36
11 37 37
10 38 37
10 37 36
08 36 34
02 37 36
02 39 37
07 38 35
11 34 35
10 35 34
09 34 36
11 35 34
15 35 33
17 36 32
17 36 32
17 36 33
17 37 32
18 36 33
19 36 32
18 38 32
15 39 32
10 38 33
09 38 33
10 39 35
09 38 35
06 37 34
04 36 33
02 36 35
11 33 35
16 33 35
13 33 35
13 34 35
14 37 36
16 36 35
19 35 36
19 36 34
18 35 35
17 37 36
15 37 35
14 37 35
14 36 35
12 36 36
11 37 36
09 36 35
09 35 34
07 36 33
02 37 34
02 40 34
09 39 34
11 32 35
12 38 35
11 37 36
12 34 35
16 30 31
17 31 32
17 33 34
15 36 32
15 37 32
15 38 32
15 36 33
14 36 32
12 36 32
08 35 31
09 36 32
11 35 35
06 32 33
05 34 33
06 35 35
11 33 35
12 32 35
12 32 34
13 31 34
15 35 36
17 34 37
17 34 36
17 35 35
16 36 36
15 36 35
16 36 37
13 39 37
12 37 35
13 37 35
11 37 37
11 38 35
10 37 34
11 37 35
06 38 35
06 39 34
06 39 31
08 38 32
09 38 33
09 37 34
09 37 33
13 35 32
15 30 32
17 28 32
15 30 34
14 30 30
12 35 30
15 34 30
15 36 31
12 39 30
11 38 31
12 38 31
12 37 31
14 38 34
12 38 34
09 39 34
09 37 34
11 35 35
12 34 34
13 34 34
11 37 34
09 38 34
12 36 35
13 35 34
14 34 34
13 35 35
14 36 34
14 35 33
14 35 33
14 36 33
15 35 32
14 36 31
13 36 30
13 37 31
10 35 31
11 37 31
12 36 31
12 36 31
08 37 31
05 36 30
06 36 30
13 35 32
14 35 33
12 36 31
09 36 32
09 35 31
12 33 30
14 33 31
15 32 31
15 32 32
13 32 30
14 33 30
15 30 31
13 33 30
12 36 31
10 39 30
12 40 31
13 37 32
10 37 33
10 38 34
10 37 35
11 35 36
11 35 35
12 35 36
13 34 37
14 35 37
13 35 38
12 36 38
10 36 37
13 35 37
14 36 37
15 35 37
15 37 37
14 34 38
14 37 38
13 35 37
11 35 38
11 37 37
12 37 35
14 36 35
13 36 34
13 36 34
14 38 33
13 37 34
13 37 34
13 38 33
12 38 35
12 37 34
12 37 35
12 35 35
14 35 34
09 34 34
08 34 35
13 35 33
13 32 33
11 34 33
10 37 34
09 38 35
11 38 36
13 36 35
14 35 34
15 36 35
15 35 35
14 36 33
11 34 32
07 33 29
06 33 29
07 36 30
09 37 32
12 37 32
16 38 31
15 38 32
14 37 32
15 37 32
13 37 32
10 36 31
11 37 31
09 36 31
12 38 31
11 39 31
12 40 32
13 39 33
13 40 32
12 39 32
10 38 33
07 36 32
07 37 32
09 37 31
14 38 33
16 39 34
17 37 33
17 38 34
16 38 33
16 37 34
15 37 34
11 38 35
11 37 36
11 33 35
11 37 36
12 41 35
12 43 43
11 30 52
12 35 41
14 43 36
14 45 32
16 44 31
16 38 32
16 39 34
