13 36 38
57 33 32
12 36 37
12 36 33
14 36 37
13 33 38
13 35 38
13 37 39
12 38 39
13 36 38
13 36 39
15 37 38
13 36 38
14 37 38
14 38 39
14 37 39
14 38 38
13 38 39
12 38 39
13 37 39
13 39 39
13 38 39
13 38 39
13 37 38
14 36 38
14 37 37
13 37 36
14 36 37
15 38 36
15 38 37
14 38 37
12 39 37
09 41 37
08 39 37
10 39 34
12 39 35
12 38 36
12 40 35
11 42 34
11 39 35
11 37 34
12 38 34
14 42 34
15 40 34
14 37 35
13 39 35
14 39 36
12 41 35
13 38 35
14 38 36
13 39 36
13 38 36
14 39 37
14 38 36
14 39 36
12 40 37
07 39 37
10 39 38
11 38 37
12 37 36
12 36 36
12 36 36
13 36 35
13 37 36
13 36 35
13 37 36
14 35 36
14 35 37
13 35 37
14 37 36
13 37 37
13 36 36
13 36 36
14 36 37
14 38 36
14 36 37
12 38 36
13 38 37
10 37 36
09 39 36
09 39 36
10 40 36
13 40 35
12 38 34
12 38 34
12 39 34
13 39 34
12 38 34
14 38 35
13 39 35
12 39 35
14 39 36
14 39 35
14 39 35
14 39 35
14 39 35
14 37 36
15 38 36
10 39 35
08 39 36
10 40 37
10 37 37
14 34 36
13 35 35
13 36 36
14 34 36
14 35 35
15 35 36
14 37 36
14 35 36
14 36 37
13 37 37
14 36 38
14 37 38
14 36 37
14 38 38
14 38 38
13 38 37
12 38 37
10 38 36
09 40 36
10 40 36
10 40 35
11 40 36
12 38 34
12 38 34
13 38 33
12 38 34
12 40 33
14 40 33
13 40 34
14 39 33
13 38 34
13 40 34
12 39 35
13 38 34
13 39 34
13 38 35
14 39 35
13 40 35
12 39 36
10 40 37
09 40 35
10 39 37
14 40 38
13 37 36
16 37 35
14 35 36
14 36 36
13 36 37
13 37 37
13 37 35
13 36 37
13 36 37
14 36 35
15 37 37
15 38 38
15 37 37
14 37 37
13 40 38
13 40 37
14 38 37
14 37 37
12 38 37
06 40 36
05 42 36
11 41 36
13 40 35
12 39 35
13 37 35
12 37 34
13 37 34
14 38 35
14 38 35
14 39 34
13 37 34
15 39 34
13 39 34
12 38 35
14 39 36
14 40 35
13 40 36
13 38 35
14 40 37
13 40 38
09 40 38
07 39 37
10 40 37
11 39 36
15 36 35
15 36 35
14 35 35
12 35 35
13 36 36
13 38 36
14 37 36
16 34 36
15 35 36
15 37 38
16 37 37
15 36 38
14 36 38
13 39 38
12 38 38
11 37 37
06 39 37
05 40 37
09 38 36
13 41 36
12 37 36
12 37 35
11 38 33
13 39 34
16 38 35
15 38 35
14 39 33
13 38 35
13 39 35
13 39 35
13 39 35
14 38 35
13 39 36
14 38 35
14 37 36
13 38 36
06 40 35
06 38 35
11 37 36
13 35 35
15 34 34
14 35 35
13 35 35
13 36 36
14 37 36
14 36 36
14 36 36
15 37 35
15 38 36
14 38 37
15 36 38
15 37 37
14 38 38
14 36 39
13 37 37
12 37 37
07 38 37
06 40 36
10 38 36
11 41 36
12 39 35
11 40 34
12 38 33
14 39 33
15 39 34
17 39 34
15 39 35
16 38 35
15 39 34
14 38 36
14 39 35
12 39 36
13 41 36
15 39 35
14 40 36
09 39 36
04 41 36
07 40 36
12 37 36
14 36 36
15 35 35
13 36 35
13 37 36
13 36 35
16 36 35
15 35 36
14 36 36
16 36 36
15 37 36
15 37 36
16 37 37
15 38 38
14 37 38
13 38 38
12 38 37
09 37 37
06 41 38
08 40 35
11 41 35
13 38 35
11 37 34
12 37 34
13 38 33
14 38 34
15 38 34
14 38 34
13 40 34
14 39 34
14 39 35
14 39 35
14 40 35
14 38 35
14 38 36
14 39 37
13 40 36
10 39 35
06 39 36
09 41 36
11 41 37
13 38 37
15 36 35
14 34 35
12 35 36
12 36 36
13 37 36
13 38 37
14 38 35
14 36 37
14 36 36
14 37 37
14 36 36
15 38 37
15 39 37
14 38 38
13 36 37
13 38 37
08 38 37
07 40 36
09 40 35
11 39 36
12 41 35
12 38 35
11 39 34
11 39 34
14 38 35
15 37 33
14 39 34
14 40 33
14 38 33
14 39 34
13 39 35
14 39 34
14 39 35
14 40 36
15 40 36
12 38 36
10 39 36
10 37 37
12 39 38
11 38 37
13 37 37
14 37 37
14 36 37
13 36 37
13 35 38
14 36 38
12 36 38
13 38 37
14 37 37
15 36 38
14 37 39
14 38 38
14 37 37
14 36 38
15 38 37
13 38 37
15 38 38
13 36 37
12 39 36
12 38 36
10 39 36
10 39 35
12 38 35
14 38 36
11 37 35
11 38 35
12 38 35
13 38 35
13 38 34
14 38 35
12 39 35
13 39 33
13 39 34
12 40 35
11 41 36
11 37 35
12 38 35
13 38 35
14 39 37
15 36 36
15 38 37
14 36 37
13 36 37
13 37 37
13 38 37
12 38 36
12 37 37
13 36 36
11 37 36
12 36 36
10 36 35
12 36 36
13 36 36
12 38 35
14 38 35
14 37 35
11 37 35
12 37 35
12 37 35
12 38 34
14 37 33
13 36 34
13 36 34
13 36 34
12 37 33
11 37 32
12 36 33
13 35 33
12 36 32
12 35 32
12 34 32
11 36 32
11 36 32
13 35 32
11 36 32
11 35 32
12 36 33
11 35 33
11 35 33
12 35 32
11 36 32
12 35 32
12 36 33
12 35 32
13 37 32
13 37 34
13 36 33
11 36 33
12 36 33
12 38 33
12 36 33
12 36 32
12 36 33
13 36 32
12 35 32
12 36 33
12 38 31
12 37 32
12 36 33
11 38 33
12 37 32
12 36 33
11 37 33
11 37 34
11 37 34
12 37 33
11 38 33
12 38 33
12 36 32
12 38 32
12 37 33
13 37 33
12 38 33
11 38 33
12 38 32
11 37 32
12 38 33
11 36 32
13 36 32
12 36 32
13 36 32
12 36 33
11 37 34
13 37 33
13 37 34
13 39 34
12 38 34
12 38 34
12 36 35
11 36 34
13 36 34
12 37 34
12 37 33
12 37 34
12 37 34
13 37 35
12 37 35
12 37 35
13 36 34
12 38 35
13 36 35
11 37 35
12 37 35
13 35 35
13 36 36
14 38 35
13 37 35
12 37 36
13 36 36
12 37 36
13 36 36
12 37 36
13 37 36
13 37 36
13 36 36
12 37 35
12 39 36
13 36 37
13 37 36
12 37 36
