11 37 32
11 37 32
11 37 32
11 38 34
11 33 34
11 37 33
11 37 34
12 37 33
12 38 35
13 38 34
12 38 35
12 37 33
13 37 34
13 37 34
13 37 35
12 37 34
12 37 35
11 37 34
11 37 35
10 36 33
12 36 34
12 35 33
10 35 33
11 36 35
14 35 35
15 35 34
15 36 34
14 35 35
13 35 35
11 37 36
11 37 36
12 37 36
16 36 36
15 36 35
15 35 35
16 35 37
15 35 37
15 36 37
14 37 36
14 37 38
13 36 37
11 37 37
10 36 36
08 37 36
05 38 36
06 38 36
07 38 34
07 37 36
09 39 36
15 39 36
14 39 35
14 38 34
14 37 33
15 38 33
15 36 33
16 36 33
17 35 33
15 37 33
13 37 32
15 38 34
15 38 34
13 38 33
09 38 35
10 37 34
11 36 35
08 37 34
08 36 35
08 36 35
09 36 36
12 37 37
14 37 36
15 34 35
14 36 35
15 39 37
18 37 35
19 38 36
18 38 36
18 37 37
15 37 38
16 38 37
13 38 38
12 38 38
11 36 38
08 39 38
09 37 37
05 36 35
03 38 36
04 36 34
09 37 32
11 35 32
09 36 33
09 38 32
12 40 32
15 38 29
16 36 30
18 36 29
17 37 31
18 38 32
17 38 33
17 40 33
18 39 34
15 38 33
11 38 33
07 37 33
07 36 34
08 37 35
05 35 33
06 36 34
07 37 33
09 35 33
11 32 31
12 32 32
15 34 34
18 36 35
19 39 35
20 37 35
19 37 35
19 36 35
17 38 35
16 39 36
13 39 36
11 40 37
10 39 37
09 40 38
06 39 36
06 37 34
05 37 35
02 39 36
03 40 37
08 38 34
15 35 36
13 37 36
13 37 35
13 37 32
17 35 31
17 35 31
16 34 31
17 35 30
17 37 29
17 36 31
17 38 33
18 37 33
14 37 33
10 38 32
09 38 34
08 38 35
05 38 33
02 40 36
03 39 37
07 37 37
12 34 35
13 32 33
13 34 34
15 36 36
16 37 35
19 37 35
21 36 35
19 36 34
19 38 34
16 38 36
15 37 36
12 38 36
12 39 36
11 38 37
09 39 37
09 39 35
05 38 35
00 40 34
02 40 35
10 39 34
14 36 35
11 39 36
12 40 34
14 38 33
17 37 34
18 36 33
18 37 32
18 36 33
16 36 33
15 37 32
16 38 33
13 38 33
12 38 33
09 38 34
09 39 33
07 38 34
03 38 34
06 39 36
08 38 38
13 34 37
13 33 35
12 35 34
15 38 36
18 37 36
20 36 36
21 36 36
20 38 36
19 38 35
18 38 36
14 39 37
14 39 37
12 39 37
11 39 37
09 40 37
10 38 36
04 36 34
01 38 36
01 40 37
09 39 36
11 39 34
09 40 37
08 39 36
12 37 33
17 34 34
18 34 34
19 36 33
19 35 33
18 38 33
18 38 31
18 37 32
15 37 32
12 37 32
08 38 32
07 39 34
09 38 35
02 38 33
02 38 34
07 38 38
13 35 39
14 33 36
13 35 35
17 36 35
20 38 36
22 37 36
22 37 35
20 38 36
17 40 37
14 39 37
13 40 36
13 40 38
13 37 36
12 39 37
10 39 36
10 37 36
05 38 35
00 41 36
00 42 36
05 39 34
10 39 34
09 39 35
07 37 33
11 36 31
16 33 31
19 33 32
21 36 33
19 38 33
18 37 32
20 38 32
19 38 33
16 40 34
14 39 32
09 39 32
08 43 32
07 43 35
00 39 31
01 40 33
07 38 37
11 33 34
12 32 33
15 32 32
19 34 34
20 37 35
23 36 35
21 37 33
19 39 33
17 38 36
13 36 36
12 36 35
12 36 36
10 37 36
08 38 38
08 38 37
09 38 36
04 40 34
00 41 35
03 39 35
08 34 34
10 34 34
09 34 36
11 34 32
15 35 32
18 34 32
19 37 32
18 36 33
18 36 30
17 37 31
16 36 32
17 36 30
16 38 33
15 38 32
11 37 32
09 39 32
10 38 34
04 38 32
03 36 32
05 38 36
10 34 36
10 32 34
12 34 33
16 34 35
17 36 35
21 33 35
21 36 35
20 37 35
19 37 35
12 38 36
10 38 36
12 37 36
13 37 36
10 37 36
08 38 35
09 35 34
06 37 34
00 39 36
03 40 35
13 37 35
13 37 35
10 38 35
09 38 32
13 36 31
16 34 31
16 35 33
18 36 32
18 37 32
18 36 31
18 35 31
18 37 31
14 36 32
09 36 31
09 37 31
10 38 33
04 35 33
04 37 34
04 39 36
07 39 36
10 35 37
11 35 36
13 36 35
16 36 36
19 37 37
20 37 37
21 37 35
19 38 36
15 38 35
12 37 38
12 39 38
14 38 37
14 35 37
12 38 36
08 37 35
09 35 34
07 37 34
01 38 34
03 41 36
10 38 35
10 37 35
09 38 35
08 38 35
14 37 32
19 34 33
20 35 33
19 35 34
18 38 33
17 37 33
17 38 32
17 37 32
17 37 33
13 37 32
09 37 33
08 38 34
09 38 36
04 35 35
03 37 36
04 38 37
10 35 38
10 32 36
12 34 36
15 35 37
17 36 36
21 36 36
20 35 36
19 36 36
18 35 36
17 38 34
17 37 34
16 36 35
14 38 35
11 39 36
09 39 36
09 39 36
10 39 34
06 41 37
04 41 38
07 40 36
08 37 35
05 40 35
07 40 36
12 38 35
15 35 35
17 37 34
17 36 34
16 35 33
16 38 33
17 38 33
16 39 33
13 38 33
13 39 31
13 40 32
13 42 32
15 41 34
15 42 35
10 43 37
09 40 37
09 37 34
09 39 36
09 40 37
13 39 38
13 40 38
13 40 35
15 40 34
16 37 35
19 37 35
20 38 34
20 40 35
18 40 35
14 42 36
12 40 36
09 38 35
08 37 34
09 38 36
05 38 35
02 39 35
00 41 35
07 39 33
13 39 34
12 39 33
12 40 33
13 38 32
17 37 32
20 35 33
19 36 32
17 35 33
15 37 32
15 38 35
15 38 34
13 38 33
10 38 33
08 39 34
07 39 35
06 37 33
02 38 33
07 38 36
14 37 38
15 34 35
13 33 33
14 36 33
17 37 34
19 36 36
22 36 35
21 38 35
19 37 35
17 37 36
15 38 37
13 37 35
11 37 36
11 37 37
10 37 37
11 39 36
09 38 36
02 40 36
00 43 38
07 41 36
11 36 35
08 36 35
06 35 34
12 39 35
17 35 33
21 34 33
21 34 34
20 36 35
18 38 33
16 39 33
15 38 32
17 37 32
15 38 32
12 38 33
09 38 34
12 38 36
06 36 34
03 36 34
02 38 35
09 37 37
11 35 35
13 35 35
15 36 36
18 35 36
19 35 36
21 35 35
19 37 34
17 39 36
14 37 37
13 40 39
12 39 37
12 37 37
10 35 38
08 36 38
09 36 36
09 37 35
02 38 36
01 41 37
04 38 36
09 37 34
08 38 35
08 38 35
12 38 34
17 35 33
18 33 33
19 35 32
16 36 34
15 36 32
15 38 32
16 37 32
15 36 33
15 37 33
12 37 33
12 38 33
12 37 34
10 38 35
03 38 34
02 38 35
06 37 36
11 37 37
12 34 36
14 35 35
15 35 35
18 38 36
20 37 37
18 37 36
18 37 36
17 39 36
15 40 37
13 37 37
12 37 38
10 37 37
10 36 37
07 38 37
07 36 36
03 37 35
00 37 35
03 39 35
11 37 36
11 37 35
09 38 35
13 36 34
15 36 34
18 35 34
18 35 34
18 36 34
16 36 33
13 35 33
13 36 33
15 34 33
14 37 32
13 37 32
12 38 32
14 39 35
10 38 35
03 37 33
02 37 33
08 35 36
10 35 37
11 33 35
14 35 35
14 36 34
20 37 36
19 37 36
20 37 36
19 37 36
17 38 37
15 38 36
14 38 36
12 37 37
12 38 37
10 36 38
09 38 38
09 38 36
06 36 35
02 36 35
02 38 35
08 37 34
10 36 34
10 38 35
08 34 33
11 34 32
15 33 31
17 32 33
18 34 31
16 35 32
17 37 32
17 37 31
18 37 31
16 37 32
14 36 32
13 36 31
09 39 33
12 39 34
09 39 35
05 37 32
05 37 34
08 38 36
10 34 37
12 34 35
13 36 35
15 37 36
18 39 36
20 38 37
19 37 35
19 38 36
18 38 36
17 40 36
11 39 37
11 38 35
11 39 36
11 39 36
07 39 36
07 39 36
06 39 35
00 37 36
01 40 36
07 40 35
11 34 34
10 35 36
11 37 35
14 38 33
18 35 32
20 35 31
18 36 32
17 36 32
16 37 31
16 37 33
16 38 31
16 38 32
13 38 32
12 38 32
10 38 34
11 38 35
07 38 35
03 38 36
04 40 39
12 38 39
11 35 38
12 36 36
14 36 36
17 38 37
20 38 37
21 37 35
21 38 34
19 38 35
16 39 37
14 39 36
14 39 36
13 39 37
11 38 38
11 39 38
10 38 37
08 37 37
02 39 38
00 40 38
06 37 37
09 37 37
11 37 36
10 39 36
11 38 35
15 36 34
16 35 33
18 35 33
18 35 33
18 36 33
17 37 33
17 37 32
18 37 34
16 36 33
13 37 34
12 38 33
11 37 33
11 37 35
08 37 35
03 39 34
04 39 36
09 39 37
12 36 36
12 36 35
14 37 36
16 35 37
17 36 36
20 36 36
19 37 36
17 34 37
17 36 38
16 38 36
15 38 34
15 35 35
09 38 35
07 38 36
08 37 34
04 34 33
02 37 34
01 37 34
05 38 31
09 35 32
10 36 34
13 37 33
15 33 33
17 31 32
18 28 30
17 34 31
15 35 31
14 37 30
14 37 29
14 37 30
12 36 30
13 36 30
11 35 31
09 36 31
11 36 34
10 36 33
05 35 33
05 37 34
09 36 35
12 35 37
13 35 35
13 35 35
15 34 35
15 35 35
17 35 34
16 36 34
14 37 34
16 37 35
15 35 35
15 36 35
15 37 33
13 37 33
14 35 33
11 35 33
11 35 33
11 35 33
07 35 34
02 37 33
00 38 33
04 37 32
13 35 33
14 35 34
12 35 34
12 36 32
13 33 32
16 33 32
14 34 32
13 34 33
13 35 32
14 35 32
16 36 33
16 37 33
15 37 32
12 37 32
10 36 32
11 37 33
12 37 35
06 34 34
06 33 33
06 35 33
08 34 36
09 35 36
16 35 35
16 32 34
16 34 34
15 36 36
14 37 36
16 36 36
16 38 36
15 38 36
13 38 36
12 38 36
13 38 37
13 36 39
13 39 39
13 39 38
12 38 36
11 36 35
12 36 34
13 36 35
11 36 33
09 38 34
06 38 33
06 39 34
11 37 32
15 35 33
14 34 32
12 33 35
06 32 34
08 29 30
11 29 30
12 32 31
14 36 31
14 37 30
14 37 31
15 37 30
14 35 30
13 36 30
10 34 30
10 36 30
12 37 30
11 38 32
10 38 34
09 39 36
11 39 34
11 36 33
11 37 34
13 35 32
09 34 29
08 36 31
08 36 31
09 37 31
11 39 32
14 39 33
17 40 34
16 39 33
12 38 34
13 39 34
13 38 35
12 36 35
13 37 37
14 37 36
14 37 38
15 37 37
13 37 37
12 30 43
10 30 45
13 36 41
15 42 40
14 40 37
15 38 35
17 37 35
15 37 36
11 38 35
10 39 36
12 38 37
13 39 36
15 37 36
14 37 37
14 37 37
12 37 37
11 34 38
09 32 36
07 32 33
08 33 32
08 34 33
11 35 34
14 37 34
15 38 34
15 39 33
15 38 34
12 38 32
09 36 32
08 36 34
11 37 33
13 36 35
13 38 34
14 38 34
12 39 35
12 39 35
13 39 35
13 39 35
13 37 35
12 37 35
11 38 34
12 39 34
11 39 34
14 37 35
12 37 34
12 38 33
13 36 35
12 36 34
12 36 34
13 36 34
13 37 34
13 35 34
13 36 33
13 36 35
12 34 34
11 36 34
11 35 35
12 35 35
12 36 34
13 37 35
14 35 35
13 37 35
12 38 35
11 37 35
12 38 35
13 37 35
14 36 35
13 37 35
11 37 36
13 36 36
11 38 36
12 37 36
13 36 35
13 36 35
12 37 35
12 38 35
13 38 35
12 36 35
12 37 36
11 37 35
13 36 35
12 38 35
13 37 35
14 35 35
13 35 36
13 36 35
13 38 35
12 37 35
