11 36 35
11 36 35
11 36 35
09 36 35
09 36 35
10 38 36
14 38 36
16 37 36
13 36 37
13 39 35
11 40 36
16 40 36
16 39 36
17 39 36
16 41 35
08 42 35
08 42 34
11 41 33
14 41 35
13 40 36
15 40 34
15 40 34
15 40 35
14 39 35
14 40 36
14 39 35
14 41 36
13 40 36
11 41 35
08 41 34
03 39 34
06 41 33
11 40 36
16 38 36
16 34 35
14 33 36
13 36 34
13 35 35
15 37 35
16 35 35
16 35 34
16 34 35
16 35 34
16 36 35
15 36 35
16 35 35
16 35 35
15 37 35
12 38 36
08 37 34
00 38 32
04 40 34
10 39 35
12 37 34
11 37 34
12 36 34
13 37 33
14 39 34
16 38 35
16 37 34
16 38 33
15 39 31
15 39 33
16 38 34
15 41 34
13 40 35
12 40 35
09 40 34
05 41 34
00 40 33
10 38 35
15 37 37
14 34 33
12 33 32
14 35 34
15 37 35
16 35 34
17 35 36
17 34 36
17 35 34
16 37 34
15 37 34
17 38 36
16 39 37
13 39 37
10 38 36
06 38 35
00 40 34
04 39 36
12 39 34
09 40 34
11 38 35
12 38 34
14 38 34
14 37 35
17 38 35
18 37 34
17 38 34
17 38 32
15 39 35
16 38 34
15 39 34
12 40 34
10 40 34
06 39 34
01 38 33
02 38 32
14 39 36
16 37 36
12 34 33
10 34 33
13 34 35
15 36 36
16 38 36
17 36 35
18 37 36
18 36 35
15 37 35
14 36 36
16 37 36
15 38 36
12 38 36
09 38 34
01 39 33
01 40 35
08 41 36
10 39 34
10 39 34
11 38 33
13 38 33
16 38 34
17 37 34
17 37 33
18 39 34
18 38 33
16 38 32
14 37 33
15 37 33
11 38 35
08 40 35
06 38 34
00 37 32
00 39 34
11 38 36
16 36 37
13 35 34
11 33 32
13 35 32
16 37 34
16 37 34
18 36 35
17 35 35
17 37 34
16 39 36
16 38 35
17 38 36
15 39 37
12 39 37
10 37 36
06 37 35
00 41 36
05 39 37
11 39 36
10 38 35
10 38 34
12 36 33
14 37 34
15 37 33
17 36 33
16 35 32
16 37 32
15 36 34
17 37 34
16 38 34
13 37 34
12 38 33
08 38 34
05 36 33
00 37 30
08 38 34
15 38 37
11 35 36
10 32 33
15 34 34
14 36 36
16 36 35
17 37 36
18 36 36
17 38 36
16 38 37
16 37 36
14 37 37
15 38 36
13 38 36
10 38 37
06 37 35
03 39 34
02 39 36
08 40 36
11 39 35
10 38 34
10 38 32
12 38 33
14 37 33
16 38 33
19 35 32
17 35 32
18 37 33
16 38 33
16 37 34
16 38 35
13 39 35
09 38 35
08 39 34
02 39 32
03 39 32
15 38 37
13 37 37
10 35 33
11 34 33
13 36 35
15 38 35
17 37 36
17 36 35
18 36 35
16 37 35
16 37 35
17 36 36
15 38 37
15 39 37
11 36 37
09 37 35
01 40 34
01 40 36
08 39 37
12 39 35
09 37 34
11 36 33
13 37 33
15 37 34
16 36 34
16 34 32
17 36 33
16 38 33
16 37 33
18 39 33
17 38 34
14 39 35
13 40 34
10 39 34
06 39 33
00 39 31
10 39 34
14 38 37
11 36 34
09 34 33
13 34 36
15 37 36
16 38 35
17 36 37
18 36 35
16 37 37
15 38 36
15 37 36
16 38 36
16 38 36
14 39 38
09 37 36
07 37 35
00 40 34
04 38 36
11 39 35
10 38 34
09 35 34
11 36 33
13 37 33
16 37 34
16 35 34
18 35 34
18 38 34
16 37 34
15 38 33
16 38 33
15 39 34
11 39 34
10 39 34
08 39 34
01 40 33
05 38 33
16 40 37
13 37 37
10 35 35
11 34 34
13 35 35
15 39 36
17 38 36
17 36 36
18 35 36
17 36 37
16 39 35
15 37 35
16 38 37
15 39 36
13 39 37
11 38 37
07 38 36
00 40 36
05 39 35
10 39 37
14 39 35
10 38 34
11 37 33
15 37 33
14 37 33
16 37 33
16 36 32
16 37 33
16 37 33
16 38 33
15 38 33
15 38 33
12 39 33
08 39 34
06 37 33
00 38 31
09 39 34
13 38 37
12 39 37
11 36 35
14 34 35
15 36 36
17 38 36
17 38 36
17 37 35
17 37 36
16 38 36
16 37 36
16 38 36
14 40 36
11 38 38
09 38 36
04 38 35
00 40 35
07 39 34
11 39 34
11 37 34
09 36 33
11 37 32
13 39 35
16 37 33
17 35 31
18 36 33
16 38 32
16 37 34
17 37 33
15 38 34
14 39 34
09 39 34
07 39 33
01 39 32
01 37 32
12 37 35
16 35 37
13 33 34
10 32 33
12 35 33
14 37 36
16 36 35
17 35 37
20 34 37
18 36 36
16 38 37
15 37 37
16 37 37
15 39 38
13 39 37
09 38 35
04 39 35
02 40 35
07 39 34
10 37 34
10 37 34
11 36 33
11 37 32
14 36 33
15 35 33
16 35 33
17 37 32
15 38 33
16 37 33
16 38 33
16 41 34
13 38 35
11 39 36
06 40 35
00 39 33
04 38 33
17 40 37
14 37 37
11 36 33
10 34 35
13 36 35
15 37 36
17 37 35
17 36 37
17 36 35
16 38 35
16 38 36
16 38 36
17 37 36
16 39 37
14 37 37
10 38 36
07 37 35
00 40 35
05 38 34
11 38 34
10 39 34
10 36 33
12 35 33
14 37 34
15 37 33
16 36 34
18 34 33
18 36 34
17 37 34
16 37 34
15 38 35
12 37 34
10 39 33
08 39 35
00 39 33
04 36 32
15 38 37
12 38 37
09 35 33
11 32 32
13 35 35
15 40 37
18 40 36
17 35 36
19 35 36
18 37 37
16 37 37
17 37 36
16 38 37
15 37 37
11 38 37
06 38 35
00 40 36
05 41 36
11 39 36
11 39 35
07 38 34
09 36 33
13 37 33
16 38 34
17 35 34
17 35 34
17 37 34
17 37 33
17 37 34
16 38 33
15 39 34
10 37 33
09 40 33
03 40 34
02 39 32
10 40 35
16 38 39
13 37 35
11 35 33
13 36 35
16 38 36
18 38 36
17 36 36
17 35 35
17 37 37
17 37 36
16 38 37
15 38 36
15 39 38
13 38 39
08 38 37
04 39 36
00 40 35
07 38 35
11 38 33
09 39 36
10 37 35
11 37 32
14 37 34
17 35 33
18 35 33
19 35 33
16 35 35
17 35 34
15 37 34
13 37 34
11 39 33
09 38 33
07 39 32
00 38 30
05 39 33
16 39 38
15 37 37
10 34 34
10 34 35
14 35 35
16 36 36
16 36 36
17 34 36
17 36 35
17 37 35
17 37 36
15 36 37
15 37 36
14 39 36
10 38 38
11 36 36
04 38 35
00 39 35
10 37 36
10 37 35
07 37 35
09 34 33
14 36 33
14 35 34
18 34 32
16 34 33
17 36 33
16 37 33
16 37 34
16 36 34
15 36 34
10 38 34
09 38 34
06 39 34
00 37 33
09 36 34
15 37 38
12 34 35
11 34 32
12 35 34
15 36 37
15 39 36
17 36 36
17 36 36
17 36 36
14 37 36
16 37 36
17 39 36
13 39 38
13 38 38
08 37 36
00 39 34
02 40 36
10 39 36
11 39 34
08 37 34
11 36 33
14 36 33
16 36 35
17 35 34
17 35 34
17 36 35
17 37 35
17 39 35
19 39 35
16 38 33
13 38 34
10 38 33
05 39 35
00 38 33
08 38 36
16 37 38
12 36 36
10 36 35
10 34 35
14 37 36
17 38 37
19 36 37
19 35 37
16 37 36
17 36 37
15 36 37
17 38 38
16 38 39
11 39 39
06 38 37
00 38 34
04 37 36
11 39 36
10 37 35
07 38 35
09 36 34
14 36 35
14 37 34
15 36 35
17 36 36
17 38 34
18 38 34
16 39 35
15 39 34
15 38 34
10 39 34
10 38 35
03 38 33
02 37 33
11 37 37
16 37 39
12 34 35
11 33 33
13 35 35
18 36 37
18 35 37
17 35 37
17 36 38
16 38 37
14 37 38
16 38 37
16 38 39
15 38 39
14 39 38
09 38 37
04 38 36
00 39 35
07 38 38
12 38 36
09 36 36
07 35 33
08 36 33
11 36 34
16 36 35
17 35 34
17 33 33
17 35 33
18 37 33
17 37 34
15 38 34
12 38 33
09 38 33
06 39 35
00 36 32
05 38 34
16 38 40
16 36 38
11 36 33
10 30 34
14 35 37
17 37 37
17 38 36
19 35 36
18 36 37
17 37 36
15 37 37
16 38 38
16 39 38
11 38 39
06 38 38
00 40 37
00 40 37
10 39 38
10 38 36
10 38 36
11 36 34
13 37 34
16 37 34
15 35 34
17 35 34
19 37 33
16 37 33
17 37 34
18 38 35
15 38 34
10 37 34
07 39 35
01 37 33
00 37 31
06 39 34
14 38 40
14 37 37
11 35 34
11 33 36
15 38 38
19 39 39
18 37 37
18 35 36
17 35 36
16 36 36
17 37 35
16 37 36
14 39 37
10 38 39
02 40 35
00 39 36
06 40 36
10 40 35
11 40 35
10 39 35
11 37 34
15 36 36
16 38 34
18 37 34
18 37 33
18 38 33
17 38 35
17 38 34
14 39 35
12 40 35
09 40 34
06 39 34
01 38 33
08 37 35
15 38 38
11 36 36
11 34 33
14 33 35
16 36 35
17 38 37
18 37 36
19 35 36
17 36 36
16 37 37
16 36 38
17 36 38
15 38 38
12 38 38
08 37 37
03 38 36
00 41 37
06 40 37
12 40 36
11 38 36
10 40 37
12 38 35
13 37 35
14 38 35
17 37 34
18 38 34
17 37 34
17 37 33
17 38 34
18 37 34
16 38 34
14 40 34
11 39 36
09 38 35
03 39 34
00 38 34
12 38 37
13 38 38
10 35 36
11 34 34
14 35 34
16 37 37
17 35 36
19 35 35
16 36 35
16 37 35
15 37 35
17 36 36
17 36 36
16 35 36
13 36 37
11 36 36
07 34 35
00 39 34
02 37 37
12 36 35
07 34 33
08 36 33
13 36 35
15 36 35
15 38 35
16 38 35
16 37 35
15 37 35
13 39 36
13 38 37
15 39 35
14 40 35
12 41 38
15 39 38
18 39 38
14 38 38
11 41 37
06 41 37
09 40 37
17 38 39
19 39 38
16 35 38
13 33 36
12 37 36
13 37 37
15 37 37
14 37 36
13 39 36
13 38 35
11 37 35
13 38 33
13 39 36
13 37 33
15 39 34
12 39 34
12 38 33
12 37 35
13 39 36
11 39 35
01 41 33
05 38 35
12 37 35
11 35 34
08 35 34
12 32 32
14 33 34
14 35 34
15 36 33
15 35 34
13 38 34
14 38 35
15 38 33
13 38 34
14 39 33
13 40 35
15 39 36
12 38 36
10 37 36
04 37 33
05 37 35
11 37 38
15 35 38
13 34 36
11 33 35
11 35 34
11 36 35
14 34 36
14 33 35
14 34 35
15 32 36
14 35 35
15 38 35
14 35 37
17 36 36
16 36 37
15 35 38
14 36 37
13 36 37
05 38 36
00 40 37
06 40 36
13 38 37
16 40 39
16 37 37
13 38 37
11 37 36
09 39 35
13 37 35
13 37 35
15 38 34
15 38 35
15 38 34
13 36 33
13 38 34
13 36 34
13 36 35
