13 35 34
12 36 34
12 36 34
09 36 33
08 36 33
09 36 33
10 37 34
12 36 34
12 36 33
14 37 34
14 36 35
14 36 35
14 36 35
12 37 34
12 37 35
12 38 34
11 37 33
12 37 34
12 37 33
12 38 35
11 37 34
12 39 34
13 39 34
13 37 35
13 38 33
12 39 34
12 38 35
12 37 35
12 39 33
11 38 33
11 37 34
12 37 33
12 36 33
13 37 33
12 36 34
11 38 34
11 34 35
10 35 35
10 36 33
10 35 34
11 36 36
11 36 36
12 33 35
11 34 35
13 35 36
15 34 36
15 35 36
15 36 36
15 35 35
13 35 36
13 35 36
12 35 36
11 35 35
11 33 36
14 35 36
16 33 36
15 33 36
15 33 35
15 34 38
15 35 37
14 34 36
12 35 37
11 34 35
11 34 35
09 33 34
09 35 34
07 35 36
05 37 34
05 36 34
08 36 34
14 36 35
16 35 36
14 36 35
13 35 34
13 34 32
13 33 31
13 35 32
12 35 31
12 38 32
12 36 31
12 37 31
13 35 32
13 36 32
12 36 32
12 36 32
12 38 33
11 37 33
11 38 35
10 37 34
07 37 35
07 36 34
10 34 35
14 33 35
15 33 33
11 35 34
13 35 36
15 36 37
17 34 35
18 35 35
17 34 36
15 35 37
12 35 37
11 35 37
12 35 36
13 35 37
15 36 38
15 37 36
13 35 37
10 36 36
06 37 36
03 37 37
03 37 37
04 37 36
10 38 36
15 35 34
14 34 33
13 33 31
14 35 31
15 36 30
17 36 30
15 38 30
15 38 32
14 37 32
14 38 33
16 37 34
14 36 34
13 37 34
12 36 34
10 37 34
10 38 37
11 38 37
09 37 35
08 36 34
03 36 35
04 37 36
13 36 37
17 32 35
17 35 36
17 36 35
16 38 35
17 37 34
16 38 35
16 36 34
15 36 34
15 37 35
14 36 34
16 36 37
14 36 36
13 35 37
12 37 37
11 38 39
10 35 35
08 36 35
03 38 35
01 38 36
04 38 33
09 36 34
11 35 36
11 39 36
12 37 34
15 33 31
17 32 32
17 31 32
17 35 32
16 36 31
15 38 31
15 38 32
14 38 32
15 36 32
11 36 33
10 38 33
11 37 34
09 37 35
04 34 32
07 34 34
06 34 36
06 31 36
09 33 35
13 31 32
14 31 34
16 34 35
17 36 35
18 38 35
17 35 35
17 33 36
15 33 39
15 36 37
14 37 35
12 35 33
13 35 35
12 34 37
10 37 37
10 36 35
10 36 34
03 37 34
01 38 35
03 39 36
07 35 37
10 36 34
11 35 35
12 33 34
14 31 31
17 28 31
17 30 32
16 35 33
16 39 32
14 38 30
15 40 31
16 39 34
16 37 34
12 38 35
10 39 35
09 38 36
10 37 36
06 34 34
07 33 31
05 35 33
07 35 36
13 33 34
15 33 33
14 34 34
14 35 34
15 34 35
17 33 35
19 35 34
19 36 35
18 35 34
17 35 33
12 34 36
11 35 34
13 34 36
13 35 37
11 37 37
10 35 38
10 35 37
08 36 35
04 37 38
01 39 39
03 37 39
13 36 35
13 35 37
11 36 37
12 35 34
14 34 31
16 34 31
18 35 32
17 35 32
18 37 33
18 37 31
17 36 31
17 36 32
13 36 33
12 38 33
11 39 34
10 37 35
11 37 37
05 35 35
04 35 34
03 35 35
09 35 37
14 33 36
14 35 35
15 35 34
16 35 36
17 37 36
18 36 35
17 37 36
15 37 36
16 36 36
14 36 35
13 36 36
14 36 36
14 37 37
13 36 38
11 37 37
13 36 37
13 34 34
08 35 36
03 37 35
02 40 34
09 39 34
12 36 35
10 39 36
08 39 36
11 37 35
16 35 33
17 34 34
17 36 33
17 36 35
16 37 34
16 38 33
16 35 34
14 36 34
13 35 34
10 36 32
10 38 34
12 37 36
07 36 34
05 37 34
06 37 35
08 35 35
11 35 36
13 35 35
13 34 35
14 36 37
15 37 37
17 36 37
16 34 37
17 35 36
17 36 36
16 37 36
14 37 37
14 36 36
15 37 37
13 38 37
11 36 37
09 38 38
08 36 37
09 34 36
09 37 35
04 37 35
02 41 36
07 40 38
14 38 35
14 37 33
09 38 35
09 37 34
14 34 32
15 34 32
14 32 31
16 35 32
16 36 32
17 36 31
17 37 31
15 38 32
13 37 32
09 36 32
10 37 32
12 36 34
08 37 34
05 37 34
07 37 35
06 36 35
11 35 35
13 34 34
13 35 34
14 36 35
18 37 36
17 36 35
20 38 35
18 38 35
18 38 36
16 37 37
14 38 36
14 39 38
12 38 37
13 38 38
10 37 36
11 36 37
10 36 36
11 37 35
06 35 35
03 39 36
04 39 34
11 38 33
12 36 34
11 39 34
07 38 35
12 35 33
14 28 32
18 31 29
17 32 32
16 37 31
17 38 30
18 36 30
16 38 32
16 38 31
12 37 31
09 38 31
08 39 34
10 39 35
07 35 33
04 36 32
07 35 35
07 36 36
11 35 36
14 33 34
14 34 34
15 34 34
16 36 37
18 35 35
19 36 35
19 38 35
18 37 35
14 36 36
14 37 36
13 36 37
14 36 37
11 36 37
09 36 37
09 36 35
10 35 35
08 37 35
05 39 36
03 37 35
07 36 34
09 33 34
09 34 36
07 34 34
09 32 33
14 32 34
17 31 34
18 34 33
16 36 33
18 36 31
18 36 31
16 38 33
14 38 33
10 37 30
09 37 31
10 37 31
13 37 35
13 38 36
10 37 35
08 35 32
09 35 34
07 36 36
07 35 34
12 32 33
13 32 32
13 33 33
15 35 34
15 34 35
16 30 37
16 31 38
16 32 37
15 36 35
15 37 34
15 37 33
15 37 32
14 37 34
13 38 34
09 37 34
11 37 33
10 37 34
06 38 33
03 39 32
05 39 34
10 38 32
10 38 33
09 37 36
09 33 35
11 34 33
15 28 30
18 28 31
17 30 33
14 33 33
14 38 32
13 38 30
15 36 29
15 36 28
11 37 28
07 37 30
07 32 31
11 30 33
12 30 33
10 33 31
09 35 30
09 36 31
10 35 32
11 33 32
11 33 32
10 34 32
13 33 33
17 35 33
18 34 32
18 35 33
17 33 32
16 32 35
13 36 33
14 35 31
09 32 32
09 32 31
07 34 31
08 36 30
11 36 30
08 34 30
05 36 32
03 38 32
07 36 31
10 33 31
12 35 33
13 37 33
14 35 32
16 32 28
18 31 28
19 29 27
18 28 26
16 29 28
15 32 29
15 34 30
13 36 30
12 37 30
11 39 31
08 40 32
10 39 32
11 35 32
06 32 31
06 32 33
08 32 32
10 32 32
12 30 31
13 32 31
15 34 33
14 34 33
16 33 33
19 34 34
18 34 34
15 36 34
16 33 36
14 36 35
13 35 35
13 35 34
12 34 35
10 34 36
09 36 36
09 37 34
06 37 33
03 38 34
04 39 36
10 39 34
10 38 34
10 39 37
10 39 36
13 35 34
18 31 32
18 31 34
18 34 34
17 37 32
17 38 33
18 39 32
16 37 31
17 37 33
13 36 32
09 36 32
08 36 32
09 36 35
07 35 34
04 36 33
04 38 35
10 38 36
12 34 36
13 32 34
14 34 34
14 36 35
17 36 37
19 36 36
19 36 35
18 37 36
18 37 36
15 36 37
13 37 35
14 36 36
12 36 36
09 37 35
09 36 36
10 35 34
06 35 32
01 37 33
02 37 34
09 34 31
11 32 31
12 33 32
11 34 32
15 34 28
17 32 29
18 31 30
17 33 31
16 33 32
15 36 31
14 36 31
14 36 33
15 37 32
13 37 31
09 37 32
09 38 33
12 36 33
11 33 33
06 31 30
04 33 30
03 35 32
11 31 34
12 28 32
14 28 32
13 32 32
16 34 35
16 34 34
17 36 36
16 36 36
18 37 34
17 39 33
15 41 33
13 41 32
14 41 33
11 41 34
09 39 33
11 35 33
08 35 33
04 35 32
02 39 33
05 36 34
12 38 31
11 38 32
11 36 34
11 36 32
12 35 31
16 34 31
18 33 31
17 35 31
17 36 30
17 35 31
17 36 31
15 37 33
13 37 33
10 40 32
08 37 31
11 39 34
08 37 33
06 35 31
07 35 33
09 36 33
10 36 34
11 34 35
10 35 33
11 34 34
14 35 36
15 34 36
18 34 35
18 33 35
16 35 34
15 35 36
14 35 36
15 36 36
14 35 35
13 36 36
15 36 36
12 38 37
10 38 36
09 38 34
04 37 34
00 38 36
03 38 35
11 37 34
14 37 35
13 38 35
11 38 35
13 36 33
14 35 33
16 35 32
16 36 33
15 37 33
16 39 33
18 39 32
17 38 33
17 39 33
14 39 33
10 42 34
10 43 34
12 41 36
10 38 35
08 38 34
06 38 35
07 39 36
09 37 36
13 36 35
14 36 35
14 36 35
16 37 35
15 36 36
18 36 36
18 36 35
16 36 35
17 39 35
16 36 36
14 37 37
13 38 36
13 38 37
11 37 36
10 39 35
09 38 33
08 37 33
05 39 33
02 41 34
04 40 31
09 39 31
12 33 34
12 37 33
13 32 36
14 30 31
18 26 22
17 32 30
13 24 31
15 38 29
14 39 30
14 38 34
14 39 35
14 37 33
13 36 32
10 36 34
12 37 35
10 37 34
09 35 31
08 35 30
07 35 33
10 34 35
14 33 35
14 33 35
13 34 34
14 35 34
15 36 34
17 36 35
15 36 34
16 37 35
15 37 34
14 37 34
12 37 35
12 38 34
16 35 35
13 37 34
13 38 35
12 38 35
10 37 34
09 38 34
05 41 36
02 39 36
06 40 36
09 40 35
09 41 36
08 40 35
10 36 34
16 32 33
18 34 34
18 36 33
18 38 33
16 39 32
17 39 31
18 38 32
13 38 32
12 39 32
10 38 32
10 37 33
12 37 35
09 36 34
07 38 34
06 37 35
08 36 37
12 36 37
12 34 36
14 35 35
16 36 35
18 38 36
19 37 36
16 38 36
16 37 36
15 37 36
15 37 37
14 36 36
13 37 38
13 36 39
14 36 37
11 36 38
12 35 37
13 34 34
08 35 34
02 39 35
01 40 35
08 38 35
14 36 35
14 37 36
10 39 35
13 37 34
15 35 33
15 35 34
15 35 34
13 34 34
15 37 34
15 37 33
16 37 33
16 37 33
15 38 34
14 39 33
14 38 34
14 37 36
08 38 36
07 37 35
05 37 36
04 36 36
10 36 37
15 35 37
16 36 36
14 37 37
16 40 37
19 38 37
18 37 36
18 39 37
16 38 38
13 39 37
12 37 37
12 38 38
13 36 37
14 38 37
13 39 36
13 37 35
11 37 36
08 38 35
05 39 37
03 40 36
03 39 35
09 36 35
12 38 35
12 38 33
10 39 33
12 35 32
15 31 31
16 30 30
15 30 30
15 35 30
14 36 29
16 39 30
15 37 32
15 38 31
13 37 32
12 37 33
11 39 34
10 39 35
11 38 35
11 37 35
09 36 35
05 35 33
10 37 36
14 37 37
17 36 37
18 35 36
14 37 36
13 37 35
12 37 35
14 38 36
13 36 36
15 37 36
15 38 35
16 38 35
16 38 35
15 38 36
14 37 37
10 37 37
10 38 36
10 37 36
11 37 36
11 37 36
11 38 34
09 38 31
04 38 33
08 38 33
10 38 33
15 37 33
14 37 33
11 36 31
10 31 33
10 31 32
12 30 31
13 30 33
12 32 30
13 37 29
12 36 28
14 36 29
13 37 28
13 37 30
11 38 32
11 38 33
12 37 34
14 38 35
10 36 34
11 37 33
11 35 33
11 36 34
12 37 34
10 36 34
12 38 35
15 37 35
15 36 35
16 35 35
15 37 36
15 36 35
14 35 36
12 35 36
12 36 37
11 35 38
14 35 38
14 35 38
15 35 39
14 37 39
14 38 38
13 39 39
12 37 39
14 38 37
13 38 39
13 39 38
14 39 39
14 39 40
13 38 38
11 39 38
10 40 39
13 39 39
16 37 38
15 37 37
15 38 37
15 39 38
17 40 37
15 39 36
09 41 36
06 43 35
07 42 37
07 42 36
09 38 35
13 39 37
12 41 39
14 43 37
13 45 37
13 46 40
12 46 41
13 48 39
18 46 40
22 43 40
24 43 38
25 43 38
27 42 39
27 47 40
25 47 40
25 46 40
23 44 40
24 45 40
24 46 41
22 48 41
23 46 41
22 45 41
21 46 42
22 45 41
19 45 43
20 45 40
19 42 41
19 44 42
16 43 42
15 42 41
16 40 41
14 39 41
14 38 41
14 36 39
13 35 39
11 35 37
11 35 37
09 38 39
09 37 39
09 35 37
12 37 36
12 37 36
13 38 38
14 38 38
13 36 37
14 36 38
15 36 38
13 37 37
13 38 36
13 38 37
12 39 39
10 39 47
12 37 46
15 38 39
16 41 39
15 41 38
15 42 38
16 40 39
16 40 38
14 42 38
13 40 39
14 40 37
13 46 38
14 40 44
13 40 42
14 42 39
14 39 38
14 38 40
14 35 42
14 36 42
14 34 41
13 33 44
15 34 43
15 35 43
17 35 44
17 34 44
17 35 44
