10 35 34
11 35 33
11 35 33
12 36 34
13 36 34
12 34 34
12 35 35
12 36 35
11 35 34
12 35 34
12 36 34
11 35 34
12 35 34
12 35 35
13 35 35
14 34 34
13 35 35
13 36 36
12 35 34
13 35 35
13 36 35
14 35 34
11 36 35
10 36 36
11 34 35
13 33 36
12 35 35
11 35 37
11 34 35
12 33 36
11 34 36
11 35 36
10 34 37
13 35 36
14 32 37
13 34 37
14 34 36
13 35 37
14 32 37
14 34 37
14 34 38
14 34 37
14 34 38
14 33 37
10 35 34
04 36 36
05 35 36
10 34 33
15 33 34
15 35 35
13 36 35
11 35 34
10 32 34
10 34 34
13 33 34
14 34 34
13 35 32
12 36 34
13 33 34
12 35 34
13 36 34
14 36 34
13 36 35
13 36 36
14 37 37
12 38 37
13 37 37
13 36 37
12 37 37
11 37 37
05 37 37
06 35 38
12 34 38
14 34 37
13 36 36
12 37 36
12 34 36
13 33 37
14 35 37
15 36 36
14 35 37
14 35 39
14 35 38
15 35 38
14 35 37
14 33 38
13 34 38
12 35 37
12 35 37
11 34 37
05 37 36
03 35 36
07 35 36
11 37 33
10 36 33
10 34 34
12 32 34
14 33 34
14 34 33
14 35 34
14 35 35
14 34 34
14 34 33
15 34 35
16 36 35
14 35 35
14 37 35
14 36 36
12 37 36
10 35 36
04 36 37
01 34 36
09 33 37
14 34 37
11 37 36
13 38 37
15 36 36
13 34 37
17 32 38
16 34 37
16 35 37
15 36 37
15 36 37
15 35 38
14 36 37
14 35 37
14 34 38
14 34 37
13 34 37
09 35 35
05 34 38
06 35 36
12 35 35
12 36 34
12 37 33
12 35 34
13 34 35
12 33 35
14 34 34
14 35 34
13 34 34
13 34 35
14 35 35
13 33 34
13 33 34
12 33 36
12 34 36
11 33 36
10 34 36
05 34 36
04 34 37
11 34 37
11 35 37
09 36 37
11 35 35
15 33 37
17 33 36
16 32 36
15 33 36
15 35 37
14 36 37
15 35 37
14 35 38
14 35 37
14 34 36
14 34 38
11 34 37
08 34 36
05 38 36
08 37 36
13 37 35
12 37 34
11 36 36
12 35 35
13 34 34
14 33 35
14 34 34
14 34 34
14 34 35
13 34 34
13 35 33
14 37 33
13 34 34
14 34 34
12 34 34
12 34 35
12 34 35
10 36 35
04 34 37
05 34 38
12 33 37
13 35 37
12 36 37
12 35 36
14 33 37
15 32 37
15 34 37
14 36 36
14 34 37
15 35 37
14 34 38
14 34 38
15 34 37
15 33 38
14 35 38
13 36 38
08 35 38
03 35 37
06 36 37
11 36 37
12 37 35
11 37 35
11 35 36
12 34 35
14 33 35
15 35 35
13 32 34
16 34 35
15 33 35
16 34 36
15 35 35
15 35 35
14 35 35
14 35 36
12 35 37
11 36 37
09 36 37
04 35 37
05 33 37
11 32 38
13 34 37
11 36 36
12 35 36
14 33 36
15 33 37
17 34 36
15 36 36
15 35 37
14 36 37
15 37 39
14 36 39
14 36 39
15 34 40
13 36 39
12 32 39
08 33 37
01 34 37
04 34 37
13 34 37
13 36 35
10 38 35
12 37 35
12 34 35
14 32 35
15 34 35
15 35 35
15 34 35
14 34 34
14 34 35
16 35 34
15 34 35
13 34 34
14 35 37
13 34 37
11 36 37
08 33 37
03 35 37
08 34 38
11 32 38
11 34 37
12 35 37
13 37 38
15 35 38
16 33 38
17 34 38
15 36 36
16 34 37
14 34 39
14 34 38
14 35 37
15 35 38
14 35 39
12 34 38
10 34 37
03 34 36
02 35 38
10 34 38
12 37 35
08 38 36
09 36 36
11 34 34
12 32 35
14 33 35
15 35 34
16 35 34
14 35 35
16 34 34
14 34 34
15 34 33
14 35 34
14 35 34
13 34 36
13 33 35
11 35 37
05 36 35
03 34 37
09 33 38
12 32 38
11 34 38
11 36 36
13 33 37
14 31 37
14 32 38
13 36 37
14 35 37
15 33 37
15 36 37
14 35 38
14 35 37
14 34 38
15 34 38
13 34 37
08 34 37
00 35 37
07 34 37
10 34 34
09 37 34
09 36 35
12 34 34
14 34 35
16 34 36
15 35 35
14 34 35
14 34 34
15 33 34
16 33 34
13 34 33
13 35 34
12 34 35
13 33 33
11 35 34
06 34 35
02 34 37
10 34 37
14 35 38
12 35 38
11 36 36
10 31 36
13 32 38
13 32 38
14 35 38
16 35 37
16 35 37
14 34 38
15 34 37
14 34 38
14 35 38
13 35 38
12 34 37
06 35 36
04 35 36
03 34 37
11 34 36
13 36 35
10 37 36
10 36 35
13 34 35
14 33 35
16 35 34
15 35 34
14 35 34
14 33 35
14 35 35
14 34 33
15 34 34
12 35 33
12 34 34
12 34 34
10 35 35
05 35 35
04 34 36
13 32 37
14 33 36
13 34 37
12 35 35
12 33 37
13 31 38
14 32 37
16 34 37
16 35 37
15 35 38
15 35 38
14 35 38
14 34 38
16 34 39
14 33 38
12 35 37
09 34 37
04 35 38
05 36 38
11 35 36
11 36 36
09 37 36
09 36 36
13 33 36
16 33 35
15 34 34
15 36 35
15 35 33
15 34 34
14 33 36
15 34 33
16 35 35
15 34 35
14 35 35
13 34 36
12 35 36
10 35 37
04 34 37
01 33 37
07 33 38
13 32 38
13 33 37
12 37 34
12 35 35
12 34 37
14 34 38
16 34 37
16 35 37
16 35 37
14 34 38
14 33 37
14 33 37
14 33 38
13 33 38
12 33 37
09 33 35
01 35 36
04 34 37
12 35 36
14 34 36
10 37 35
09 35 35
11 33 34
14 33 34
14 34 34
15 37 35
15 35 34
15 34 34
16 34 34
14 35 33
13 36 34
13 34 34
13 35 34
13 34 35
13 35 35
10 34 36
03 35 35
07 33 37
11 33 37
14 33 37
12 35 36
09 35 35
13 33 37
14 32 38
15 33 36
17 34 36
16 34 37
15 34 37
14 34 36
16 34 37
14 35 36
13 36 38
14 34 37
09 34 36
05 34 35
01 35 36
08 33 37
12 36 35
13 36 34
11 38 34
10 33 35
13 35 34
13 33 34
16 34 34
15 34 34
16 35 33
16 35 34
15 34 34
14 36 33
13 34 34
12 35 35
12 35 34
12 34 35
09 34 35
04 35 35
01 34 35
10 33 37
15 33 37
15 36 35
11 35 36
12 32 35
13 30 35
14 31 35
15 34 35
15 36 35
14 36 35
16 35 36
15 35 36
15 34 36
13 34 37
14 34 38
11 35 36
07 34 36
03 33 35
06 34 36
09 35 35
10 35 34
10 37 34
13 34 34
16 34 34
17 35 35
15 37 35
15 35 34
14 34 35
14 34 34
14 33 34
13 35 34
13 35 33
12 35 35
12 34 34
11 34 35
07 35 34
02 34 34
03 34 38
13 33 38
15 34 36
12 37 36
12 36 34
12 33 35
15 32 36
15 33 36
15 33 37
18 36 36
17 36 35
16 35 37
14 34 37
15 34 35
14 35 37
12 35 38
12 34 37
07 34 36
01 35 35
01 35 36
11 35 36
13 36 33
10 39 34
10 36 34
13 33 34
16 35 35
16 36 35
15 34 34
14 33 33
15 33 33
15 34 33
15 35 33
15 36 33
14 36 34
13 35 34
12 34 35
11 34 35
05 36 36
01 35 36
09 33 37
13 32 37
13 34 38
11 36 35
13 35 36
14 31 37
14 31 36
16 34 36
16 36 35
16 36 36
16 35 36
14 34 35
14 34 36
13 34 36
14 33 38
12 32 36
06 33 35
01 33 36
07 34 37
13 36 35
13 36 35
09 35 35
10 34 35
13 33 34
16 34 34
14 36 35
14 35 33
14 35 33
14 34 34
15 34 34
14 35 34
14 34 34
11 35 33
12 34 34
12 34 35
10 36 36
09 35 35
04 34 36
10 33 36
12 33 37
10 34 37
11 35 36
13 34 36
14 33 37
18 32 37
18 34 36
16 34 37
16 35 37
14 34 37
14 34 37
13 34 37
14 35 38
13 35 38
13 34 38
06 35 36
00 35 35
06 35 37
13 35 36
13 35 34
11 38 35
12 36 35
14 34 35
15 34 35
15 34 35
14 34 34
14 34 34
14 33 34
15 34 34
14 36 33
13 35 34
12 34 34
12 33 34
11 34 34
08 35 35
01 36 36
05 34 38
13 32 37
15 35 37
13 35 35
13 36 36
13 33 35
13 32 36
14 33 37
14 34 37
16 36 35
17 35 38
16 35 38
14 34 36
15 34 37
14 34 38
12 34 37
10 34 36
01 34 35
01 36 36
09 34 36
12 34 34
11 36 35
10 36 34
14 34 33
16 33 34
16 35 34
15 34 32
14 34 33
14 33 33
16 34 33
15 35 34
15 36 33
12 35 34
14 36 34
12 34 34
11 37 35
07 36 36
01 35 35
06 33 37
13 32 36
13 35 38
10 35 35
11 33 35
14 30 34
16 29 35
15 32 34
14 33 34
15 36 34
13 34 35
15 33 34
15 33 36
13 35 36
14 34 36
13 35 36
11 34 35
03 35 35
02 36 35
11 36 35
13 35 34
11 36 33
10 35 35
12 34 34
13 32 34
14 34 34
13 36 35
13 34 33
14 35 34
16 35 34
15 35 34
14 36 34
13 34 33
12 34 35
12 34 35
11 36 35
11 35 35
05 35 36
02 34 36
11 33 37
14 34 37
15 35 37
11 36 35
10 35 36
12 32 36
14 33 37
15 34 36
16 36 36
16 34 36
15 33 37
15 33 38
15 36 37
14 34 37
14 35 37
13 34 37
10 34 36
03 34 36
03 35 36
10 35 36
12 36 34
09 37 35
08 36 35
13 35 35
15 34 35
16 33 35
17 35 35
15 35 35
14 34 35
14 33 33
15 36 33
15 35 34
13 36 35
13 34 34
12 36 35
10 35 35
06 34 36
02 34 36
07 33 37
15 32 38
13 35 37
11 36 35
09 35 36
12 32 36
15 32 36
16 33 36
16 34 36
16 35 36
14 35 35
16 34 36
15 34 37
13 34 37
13 35 38
12 33 37
11 34 36
05 34 36
00 36 37
07 34 36
10 34 35
13 36 34
10 37 33
09 35 35
13 33 35
16 34 35
14 34 35
14 36 34
14 34 33
12 33 33
14 34 33
14 34 34
14 35 33
15 34 35
14 34 35
13 35 35
14 34 35
12 35 36
10 34 36
04 36 36
04 32 37
09 33 35
09 37 38
11 38 38
12 39 37
14 35 36
14 34 36
17 34 36
16 35 34
15 35 34
15 35 36
14 35 35
14 36 35
15 34 36
15 36 37
13 34 36
13 34 37
10 35 37
06 35 37
01 35 36
05 35 37
11 35 36
14 33 36
14 35 36
11 35 36
11 33 35
12 33 34
14 34 34
14 34 34
14 35 33
15 35 32
16 35 33
15 37 33
14 35 34
14 36 34
11 35 35
12 34 35
13 33 36
10 34 36
04 33 36
01 33 37
08 31 37
12 32 36
16 36 38
14 35 36
13 36 36
13 32 35
13 30 36
15 32 36
16 32 35
14 35 36
14 34 35
14 34 37
14 35 37
13 34 37
13 34 37
12 34 37
12 34 37
10 35 37
03 37 35
04 36 36
10 34 36
14 36 35
14 36 35
11 36 36
10 34 34
12 33 33
15 33 33
15 34 33
16 35 31
15 36 32
14 35 32
15 34 32
15 36 33
15 37 33
14 36 34
13 36 34
11 35 35
11 35 36
07 36 35
03 35 35
04 35 35
13 34 35
12 35 36
10 34 36
11 32 33
14 30 32
14 31 34
14 32 34
13 34 34
14 34 33
14 33 34
15 33 35
14 34 35
13 32 36
13 32 35
12 33 35
11 33 35
04 34 33
01 36 35
08 34 34
14 34 34
12 32 34
11 33 34
12 33 34
14 33 33
14 33 33
15 37 33
15 35 32
15 34 34
15 34 33
15 35 34
13 35 33
14 35 33
14 35 33
12 35 33
12 35 33
12 36 34
09 37 33
02 36 34
04 31 34
12 29 35
13 33 36
10 32 36
10 30 34
13 29 34
15 30 35
15 32 35
14 34 35
14 35 35
13 35 35
14 34 37
15 34 35
13 36 36
13 34 37
12 34 36
11 34 37
11 34 36
11 34 35
05 35 35
04 35 35
10 35 34
12 34 34
11 34 33
11 36 34
12 33 32
14 33 33
15 33 32
15 34 33
15 34 32
14 35 33
14 34 33
14 32 32
14 34 33
14 33 34
12 34 34
11 35 35
12 35 35
05 35 35
03 34 37
10 32 36
14 32 37
12 34 36
11 34 36
11 33 38
15 32 37
16 32 37
16 35 36
14 36 37
13 35 37
12 35 37
12 33 37
13 33 37
13 34 37
13 34 35
14 34 36
