32 48 41
32 48 32
32 44 39
32 47 39
31 50 39
31 46 36
26 47 33
23 47 35
20 46 33
13 53 33
12 54 37
11 48 35
10 41 35
09 45 37
07 43 38
08 43 36
09 41 37
12 40 38
11 40 37
11 38 36
13 41 36
13 39 34
14 40 36
16 40 36
14 40 35
14 39 35
12 39 34
11 40 35
12 41 35
12 39 34
09 39 34
05 41 35
06 40 34
09 37 34
10 35 33
06 36 32
07 35 33
08 36 32
10 36 32
11 37 31
11 38 31
14 35 31
14 36 30
15 36 32
17 36 30
18 35 32
18 35 32
17 37 33
15 37 34
13 38 34
10 37 33
05 36 33
03 38 34
05 38 34
12 36 35
15 37 35
09 36 34
11 37 31
12 36 33
14 37 35
15 39 35
16 38 35
15 40 34
14 38 34
14 37 34
14 38 33
12 38 34
11 34 36
11 29 36
10 30 35
08 33 35
03 35 34
01 41 34
06 41 35
11 38 35
13 36 35
10 38 33
08 36 32
10 34 32
11 36 33
11 36 31
13 36 31
14 36 31
14 35 31
14 38 31
16 37 32
16 36 32
15 35 33
14 38 33
11 36 34
10 35 33
06 35 34
04 36 34
13 35 35
10 39 36
11 37 36
11 36 35
12 34 33
15 36 34
15 37 35
17 36 33
16 38 33
14 37 34
15 38 35
13 37 36
12 37 36
11 36 36
10 37 35
08 37 35
04 37 34
01 39 35
05 37 35
11 37 35
11 37 33
08 35 31
08 35 32
09 35 31
10 35 32
10 36 32
12 35 31
14 35 32
15 37 34
16 36 35
16 37 35
16 36 36
14 37 36
13 36 37
11 36 37
09 37 35
04 35 32
04 35 31
13 35 34
13 38 35
09 38 32
09 37 32
13 36 35
15 36 36
16 39 35
15 36 34
15 39 34
14 39 34
16 39 35
14 37 34
14 37 34
12 37 35
11 37 35
08 36 38
08 34 37
05 37 37
03 43 37
05 42 38
11 39 37
10 38 37
09 38 35
11 35 33
12 35 33
12 34 34
13 36 33
16 35 33
15 37 33
16 37 32
16 38 33
18 38 33
15 36 33
14 37 32
10 36 32
07 35 33
05 34 33
01 37 34
06 34 34
14 35 36
15 37 36
13 35 36
13 36 34
13 33 34
14 35 35
15 38 35
15 38 34
16 38 34
15 37 35
15 38 34
14 35 35
13 36 35
11 38 35
09 39 35
08 38 34
04 38 34
02 38 35
08 39 36
12 37 34
08 38 32
06 34 32
08 34 32
10 35 32
14 36 32
14 37 32
15 35 32
18 35 31
18 35 32
18 36 31
18 35 30
15 35 30
11 35 30
05 35 31
04 36 30
00 36 30
08 35 34
14 35 35
11 35 35
09 33 33
10 33 32
14 34 36
16 35 36
18 36 35
17 36 35
15 35 35
13 36 37
13 35 36
14 35 36
12 35 35
13 36 35
09 38 34
04 36 35
00 38 34
00 36 38
10 35 39
12 30 37
11 36 32
11 32 33
11 36 33
13 38 33
12 38 33
13 36 32
13 36 31
13 34 32
16 37 32
16 36 31
15 36 31
13 36 33
10 36 34
11 35 35
10 35 35
04 38 35
08 35 36
11 36 36
11 36 37
11 35 34
05 36 32
13 35 33
15 37 33
15 37 33
15 37 33
16 38 34
14 38 33
12 37 35
13 36 34
10 35 34
10 37 35
08 39 36
02 40 37
00 40 37
08 37 38
12 37 36
07 37 34
09 34 33
09 34 34
12 32 37
13 36 34
11 36 32
10 36 32
13 34 31
15 34 32
17 36 33
18 36 33
18 37 34
16 37 35
15 37 35
10 38 36
06 36 34
02 36 32
07 38 35
13 39 37
12 39 36
10 36 35
13 36 32
12 34 33
14 34 34
14 37 34
15 38 34
15 38 36
15 39 36
15 38 35
13 37 35
12 36 36
11 36 36
10 37 35
08 37 36
05 38 36
03 37 38
06 36 37
11 34 34
09 32 34
09 32 32
08 32 33
10 36 32
12 38 32
13 36 32
15 35 32
16 35 32
13 36 32
15 36 31
16 35 31
15 36 31
15 36 31
13 35 33
11 35 33
09 37 33
09 36 33
03 36 34
09 35 33
16 36 35
13 36 36
11 35 35
10 34 33
12 37 35
12 38 36
14 38 36
15 38 34
13 38 35
13 36 34
12 37 34
12 37 34
13 37 35
11 37 34
10 37 35
08 38 35
08 37 33
04 37 35
06 40 34
11 38 32
10 38 31
08 38 29
10 34 30
12 35 29
15 36 32
12 37 29
14 37 30
16 36 30
15 38 30
14 36 30
15 38 31
14 36 31
14 38 33
13 36 32
10 37 32
09 36 32
08 35 32
06 36 33
03 35 32
09 34 32
15 35 34
12 36 34
09 33 33
08 32 31
12 33 32
14 36 33
15 35 34
15 35 34
14 36 33
13 37 35
14 36 33
14 37 35
14 36 35
14 37 36
11 35 35
12 35 34
09 36 35
04 39 34
03 37 34
08 36 34
10 34 33
08 37 31
07 33 30
10 34 30
11 35 32
12 35 31
14 37 32
14 34 31
15 35 32
15 36 33
13 36 34
14 36 32
14 35 33
13 37 33
12 37 34
11 37 34
11 36 34
09 36 33
02 38 33
04 37 34
10 36 33
13 36 35
16 37 35
14 35 34
12 36 32
12 36 32
13 36 34
14 38 34
13 37 33
13 37 33
13 35 33
13 36 33
14 36 35
14 37 36
13 35 38
12 31 40
11 36 38
13 38 37
12 38 35
11 36 35
10 37 35
06 36 34
05 37 34
07 38 34
10 36 34
13 36 35
12 35 34
09 35 33
09 36 32
06 34 31
09 35 31
10 35 32
11 36 32
13 38 34
13 37 32
14 36 31
14 36 32
15 37 33
15 37 33
15 37 33
15 36 34
14 35 35
12 36 35
12 36 35
10 37 35
08 37 34
04 37 34
04 36 33
07 36 34
12 37 35
13 37 34
11 37 34
10 36 33
11 37 32
12 37 32
13 38 34
14 37 34
15 38 34
13 35 34
10 30 37
11 30 38
14 34 36
12 36 35
11 37 34
13 35 33
12 36 33
12 35 34
11 34 35
11 35 35
06 36 37
06 36 35
08 36 34
10 32 35
14 35 34
14 36 35
12 37 32
12 37 33
10 36 33
09 35 31
11 35 31
12 35 30
12 37 31
14 37 31
13 36 32
13 36 31
13 36 31
13 36 32
13 36 32
11 36 32
12 35 32
12 37 33
12 36 33
11 37 33
12 37 34
11 37 34
09 37 33
06 36 32
10 36 32
11 38 33
10 37 33
09 38 33
11 34 32
11 35 32
12 36 32
13 35 32
13 34 33
12 32 33
13 32 33
11 31 32
12 32 32
14 32 33
13 31 33
12 32 33
13 32 34
12 33 34
11 35 33
13 34 34
11 33 33
12 36 33
13 36 33
12 35 33
11 35 33
10 35 34
11 35 33
12 35 34
10 36 34
12 35 34
11 34 34
09 38 34
10 37 34
10 37 34
09 36 32
09 37 33
12 36 32
12 38 32
12 38 33
15 36 32
12 37 32
14 39 33
13 38 31
13 38 31
13 35 32
13 36 32
13 38 32
11 38 34
11 36 34
10 36 34
10 36 34
11 38 36
10 36 35
09 35 35
05 36 36
07 34 35
12 34 35
15 34 35
14 33 34
11 32 31
10 34 32
12 35 32
12 37 33
14 35 33
14 34 32
13 35 33
13 36 33
12 35 32
14 36 33
13 36 35
13 37 34
14 36 35
11 35 34
13 35 35
12 36 34
11 37 35
11 37 34
09 37 34
05 37 33
05 38 35
09 37 34
11 36 32
12 37 32
12 37 31
10 35 31
09 36 30
09 36 29
11 36 30
12 36 30
13 35 31
12 36 31
14 36 31
14 35 31
13 37 31
14 36 31
14 36 33
13 36 32
12 37 33
10 36 32
11 37 34
10 37 32
04 38 33
04 36 33
10 36 32
14 37 35
15 35 34
15 35 33
12 35 32
10 34 33
12 35 33
13 36 33
13 36 34
15 37 33
14 36 33
11 34 34
13 34 35
12 35 34
13 36 35
14 35 34
13 35 35
13 35 34
13 36 34
10 37 34
10 36 33
09 37 34
05 37 34
05 38 36
08 37 36
11 34 35
14 36 35
11 33 33
09 34 34
07 36 33
08 36 31
10 35 32
12 35 33
13 36 31
13 38 32
13 38 32
14 36 31
15 36 32
17 36 32
16 35 34
16 36 33
17 36 34
14 36 35
12 35 35
09 35 34
05 37 34
03 37 34
05 36 36
13 35 37
18 36 38
16 37 36
10 36 34
07 36 34
10 34 33
13 36 34
15 34 36
14 34 36
13 35 37
12 35 36
13 38 35
13 36 34
13 37 33
13 36 34
13 35 34
13 36 35
13 36 34
11 37 35
11 37 34
07 38 34
04 36 35
07 37 35
11 35 36
11 34 34
09 32 33
10 35 33
09 37 32
09 36 33
12 35 31
13 36 32
13 36 31
12 36 31
14 36 31
15 36 32
15 34 32
14 36 32
17 37 33
15 36 33
13 36 34
13 35 33
11 36 33
10 36 34
03 36 34
02 38 34
08 36 35
17 37 37
17 37 37
13 36 35
11 36 34
11 34 34
12 35 34
14 38 35
13 40 35
14 37 34
13 36 34
12 35 35
12 36 34
12 36 33
12 36 33
13 34 33
12 33 33
10 35 34
13 37 33
10 38 34
09 38 33
11 37 32
07 38 34
05 37 34
07 37 33
11 37 32
13 38 32
10 37 31
11 35 32
11 39 34
09 38 31
11 35 32
11 34 30
11 35 31
13 36 31
13 37 30
12 37 30
10 36 31
13 36 31
14 36 30
13 37 30
15 36 32
14 35 31
10 35 31
09 35 33
07 37 34
07 36 34
11 36 34
15 34 36
15 35 37
10 36 36
07 35 36
10 34 36
11 34 35
12 34 35
14 37 35
13 37 35
12 37 34
13 35 32
13 36 32
13 37 32
13 34 32
14 36 32
12 37 32
14 37 32
12 36 33
13 37 33
11 37 33
12 37 33
10 37 31
07 38 32
06 38 35
09 34 35
13 30 35
12 39 35
11 38 33
07 38 32
07 36 32
11 38 31
12 36 31
12 37 31
12 35 32
12 36 32
13 36 31
13 35 31
13 34 31
14 36 31
15 37 31
14 36 32
12 35 32
12 36 32
05 36 32
01 36 32
07 36 32
12 36 35
16 35 36
16 35 35
12 32 34
10 30 33
12 31 35
12 35 37
12 38 38
12 44 40
14 40 38
15 40 39
16 40 39
17 42 38
16 41 38
16 39 38
15 40 36
16 38 35
16 38 36
13 39 36
11 39 35
04 41 35
02 40 35
08 40 35
13 36 34
12 38 36
12 39 36
12 38 35
09 39 35
12 41 32
12 44 35
14 42 35
14 48 36
14 45 38
16 44 35
17 39 36
18 40 36
20 40 34
18 40 34
17 39 35
17 41 35
15 40 35
14 42 37
13 45 36
10 44 29
11 46 30
13 43 35
16 44 34
14 41 33
11 47 36
14 40 35
13 41 34
14 43 35
13 41 33
12 41 33
12 43 34
13 42 35
10 40 35
13 34 37
11 35 37
10 36 35
12 38 34
12 38 32
13 42 32
12 40 32
14 38 31
13 38 32
15 39 32
13 38 31
07 40 31
07 40 31
10 38 30
10 36 29
10 36 27
09 36 28
11 37 27
12 37 29
12 35 28
14 36 28
13 36 28
13 37 29
11 37 31
12 38 30
11 38 30
13 38 33
11 39 32
12 39 32
13 40 33
14 39 33
13 38 33
13 40 34
13 38 34
13 41 34
06 40 33
06 38 33
10 38 34
12 39 35
13 40 34
11 39 33
10 37 35
12 36 34
13 38 32
15 38 32
14 39 31
15 39 33
14 38 33
14 38 34
12 41 35
12 40 34
11 38 35
13 39 36
13 38 36
13 37 35
14 39 35
13 40 36
14 40 35
11 40 37
08 40 36
06 41 34
08 40 34
10 41 32
11 39 31
12 39 31
10 39 31
11 42 30
08 44 29
10 44 29
11 43 30
12 45 31
14 48 32
15 48 32
14 49 32
16 50 34
19 52 33
19 53 33
23 50 37
26 48 38
29 48 40
32 44 42
35 44 42
35 43 41
37 44 45
35 43 44
34 41 46
32 42 46
33 41 47
32 41 49
31 40 50
32 40 50
31 42 52
32 40 53
31 40 52
35 40 52
34 40 52
35 40 53
35 42 52
35 40 52
33 39 50
35 39 51
33 39 51
34 39 52
34 40 51
34 40 51
34 39 51
33 38 51
33 40 51
34 38 53
32 39 53
34 40 52
31 39 51
