37 38 53
37 38 53
39 38 53
39 38 53
38 41 53
36 41 54
37 42 56
37 40 56
36 43 58
30 43 55
35 40 50
33 43 49
34 44 47
33 45 47
34 38 46
34 36 46
33 37 49
33 39 49
33 42 47
32 42 44
31 46 45
29 48 47
29 47 45
27 40 43
25 37 42
18 36 41
13 40 42
11 39 41
10 35 38
05 33 36
03 35 35
03 39 34
06 41 34
11 41 34
12 42 36
13 43 41
12 43 41
14 42 40
13 41 41
11 39 41
09 40 43
08 40 44
04 36 42
01 35 42
06 36 40
13 34 38
12 36 36
08 36 35
06 36 35
12 35 34
13 35 34
12 36 34
14 36 33
14 37 32
15 36 34
16 36 32
17 36 32
16 35 32
14 37 34
12 37 34
13 35 35
08 36 35
09 36 35
14 35 38
13 37 37
10 36 36
08 35 35
09 36 36
12 36 36
16 37 37
14 37 37
17 38 38
16 39 39
15 38 38
14 37 40
14 38 41
11 37 43
10 39 43
07 36 41
03 34 41
03 35 40
06 34 39
09 34 36
09 34 35
06 36 34
07 36 35
10 35 33
13 36 33
15 35 33
14 36 32
16 37 33
17 37 31
18 35 32
19 37 33
17 37 33
16 36 34
14 35 34
09 35 33
06 36 34
12 36 37
12 38 39
08 37 37
05 36 36
07 34 36
11 35 36
11 34 36
14 36 36
15 38 38
13 38 36
17 37 37
17 37 37
15 40 39
15 39 39
13 38 41
09 38 40
11 35 40
05 34 40
01 36 41
06 35 39
11 33 35
08 33 34
03 36 33
05 36 34
07 35 32
08 35 33
11 36 34
13 36 33
15 36 32
15 36 33
16 35 32
18 35 34
17 35 33
16 36 33
15 35 33
13 37 35
10 38 33
06 40 34
07 41 36
11 42 36
10 42 35
09 45 33
08 44 35
10 43 35
09 41 33
11 41 33
11 42 34
13 43 34
13 42 33
13 41 34
13 39 35
14 40 34
11 40 35
08 37 35
07 38 38
09 40 39
09 39 42
11 39 44
11 36 44
13 36 42
13 34 40
12 34 38
12 34 38
12 36 38
11 36 37
11 34 38
10 36 36
11 36 35
10 35 35
12 34 36
12 35 35
13 36 36
14 36 37
15 35 36
10 36 35
10 34 36
16 35 38
16 36 36
14 38 35
14 35 35
15 36 36
15 36 36
16 37 37
15 37 37
15 36 39
15 38 41
13 39 40
13 38 41
10 38 41
09 37 43
09 36 42
07 34 42
03 34 42
06 35 41
12 35 40
12 35 38
10 35 37
08 36 35
11 36 35
12 35 35
12 36 35
14 37 34
14 38 35
15 37 34
15 36 34
16 35 34
16 36 34
14 36 34
13 35 34
14 37 35
10 36 34
09 36 34
10 37 35
14 37 36
10 36 36
10 36 35
09 36 35
13 35 35
15 37 36
16 36 37
14 37 37
14 37 38
14 37 39
14 38 39
15 39 42
12 38 42
08 39 42
07 39 41
08 34 42
04 33 42
05 34 41
10 34 40
11 35 37
09 35 37
06 34 37
10 35 35
11 34 34
11 35 33
13 35 33
14 37 35
14 36 34
15 37 33
14 38 34
15 35 33
15 37 33
13 37 34
11 36 34
09 36 35
12 35 37
16 37 38
13 37 36
11 35 36
09 35 35
13 35 38
12 37 38
14 36 38
11 37 40
15 35 41
14 37 41
14 38 41
14 37 41
13 35 42
11 38 43
08 38 42
09 34 42
04 34 40
03 34 38
06 36 39
12 35 38
13 35 35
09 37 34
09 36 34
11 35 34
12 35 33
13 36 32
12 36 32
14 37 32
14 36 33
15 36 33
16 37 33
14 36 33
13 36 33
12 36 32
11 36 32
09 37 33
09 36 35
15 38 37
14 39 36
10 37 36
09 38 37
09 37 37
14 36 37
13 37 38
14 36 39
13 37 38
14 37 40
13 37 39
14 38 40
13 38 40
11 39 41
11 37 40
09 37 39
06 35 39
03 37 39
03 37 38
08 38 36
09 36 34
08 35 32
07 34 33
11 34 33
12 36 32
14 36 31
14 35 34
16 36 35
18 36 34
19 34 35
21 35 35
18 36 36
17 36 35
16 36 35
14 35 33
12 37 33
10 37 34
11 39 36
10 39 38
05 38 37
04 37 35
09 36 35
12 33 36
10 36 36
13 35 39
14 37 38
15 37 39
15 35 41
14 37 41
12 37 41
10 37 42
08 38 42
09 36 41
03 34 41
03 37 41
07 35 39
10 34 38
08 35 36
05 34 36
05 35 35
11 33 33
13 37 33
12 36 33
14 37 34
15 36 33
17 37 33
18 36 33
18 35 35
16 37 34
15 37 34
14 36 35
10 36 33
07 36 34
11 36 36
11 37 37
08 36 38
07 36 37
09 35 38
13 35 37
13 34 37
15 36 39
13 36 39
15 37 41
13 39 40
14 35 39
16 37 40
14 37 41
11 37 41
09 37 40
10 37 41
05 35 42
02 38 40
09 37 39
12 37 36
09 37 36
05 38 35
06 35 35
09 36 34
11 35 32
13 34 32
13 35 32
16 37 33
16 37 32
16 36 33
17 37 33
16 37 33
15 36 34
15 35 33
10 36 34
10 37 35
13 37 38
14 39 36
09 39 36
06 37 36
09 36 36
12 35 36
12 35 36
13 33 36
13 36 39
13 39 38
13 38 39
14 37 42
13 37 42
12 37 43
10 37 44
09 35 42
05 33 41
02 35 40
07 35 39
09 34 36
07 34 34
06 33 34
08 34 33
09 35 32
12 37 31
14 36 32
15 37 32
15 37 33
15 36 31
17 36 30
17 36 31
16 35 32
14 36 33
14 36 34
10 38 34
09 36 34
12 36 37
13 37 37
08 36 36
08 36 37
08 34 37
12 36 38
11 37 37
14 37 37
14 35 40
14 36 39
13 37 40
13 37 40
12 36 42
10 36 42
08 36 42
08 36 43
07 33 42
05 33 40
02 36 39
08 36 36
11 39 35
11 38 32
12 38 30
12 38 30
13 41 29
13 41 29
15 40 29
16 43 29
16 42 29
15 43 31
15 45 32
14 46 32
13 50 32
09 54 33
11 54 33
14 58 33
18 54 34
23 51 36
24 49 36
27 49 38
27 44 39
26 46 40
27 50 39
28 53 43
30 52 41
32 20 48
30 44 41
32 49 37
35 50 37
33 52 36
33 58 35
31 53 33
38 55 31
40 55 33
40 52 38
38 48 39
37 55 40
34 52 47
34 51 47
36 47 45
35 43 44
34 41 47
33 41 49
32 43 50
33 41 52
33 40 53
34 37 52
34 40 53
34 41 52
36 38 51
34 41 52
35 40 53
36 39 52
34 40 52
35 39 51
35 40 52
34 39 53
35 39 51
34 40 52
35 39 52
34 38 51
35 37 52
35 38 53
35 38 52
35 38 52
35 39 53
36 39 52
36 39 52
35 39 52
35 39 52
36 39 52
34 39 52
36 39 51
35 38 52
34 38 51
35 39 52
