12 37 34
13 37 34
12 36 34
12 36 34
12 37 35
12 38 34
12 36 35
13 36 36
18 37 36
19 37 33
12 38 34
07 41 34
07 39 32
08 38 33
12 38 34
16 38 34
15 40 36
16 42 36
13 39 36
11 37 35
09 37 35
10 35 34
09 36 35
10 35 35
09 35 34
11 35 33
09 35 33
07 35 32
12 33 31
16 32 32
16 33 33
16 34 34
15 37 34
16 37 35
16 36 35
15 35 35
16 35 36
16 35 36
14 36 35
13 36 36
14 35 37
13 36 39
12 37 38
12 38 36
11 38 36
08 36 35
07 36 35
06 37 34
08 37 35
13 37 35
13 38 35
12 38 34
12 38 33
13 37 33
15 36 33
15 38 33
16 39 34
14 38 34
14 39 34
15 39 34
16 38 35
15 39 34
13 40 35
10 40 34
07 41 35
07 39 35
07 36 35
07 36 35
08 38 36
09 36 36
13 35 35
15 34 34
15 35 35
15 35 35
16 37 35
18 37 35
18 38 34
17 37 35
17 36 36
15 36 37
14 35 39
14 36 39
14 33 39
13 31 41
10 32 39
09 35 36
10 38 36
08 40 36
05 40 35
04 40 36
07 39 37
12 37 34
11 38 34
10 41 35
12 41 36
14 40 36
16 38 34
17 35 34
17 35 36
17 36 36
14 36 35
14 36 35
15 37 35
12 37 35
09 35 35
08 37 34
11 37 36
10 36 35
04 36 36
03 36 37
09 38 37
15 36 38
16 36 36
14 37 35
16 40 37
17 37 36
19 36 34
21 37 34
20 39 35
19 39 35
16 39 36
14 39 39
13 36 36
12 36 37
10 36 39
08 37 39
07 37 38
04 37 37
00 39 38
02 42 38
10 39 36
12 35 34
11 36 35
12 35 34
15 36 35
16 33 32
18 34 32
18 34 34
17 36 33
17 36 33
18 38 33
17 37 34
16 36 33
13 39 34
09 37 35
08 36 33
08 37 37
09 36 35
04 37 34
00 38 36
09 38 38
14 35 37
15 34 34
15 36 35
16 38 35
18 39 35
19 39 36
20 37 35
20 38 35
20 39 35
17 40 36
12 41 37
13 38 37
10 38 37
08 37 38
09 36 38
08 35 37
04 37 36
00 38 37
00 39 39
09 38 35
14 37 37
14 36 35
13 35 34
14 37 32
16 38 30
18 39 29
16 40 31
16 38 31
17 38 31
16 40 31
16 37 31
17 38 33
15 37 32
12 38 33
12 38 33
11 38 34
07 37 33
03 35 32
01 38 35
06 38 37
13 36 36
13 34 35
15 36 34
15 37 36
18 38 36
21 37 36
20 37 36
18 39 36
17 36 36
14 38 37
13 39 36
12 38 37
10 38 37
10 38 37
10 39 37
09 36 36
03 37 34
01 39 36
03 38 36
09 36 34
10 36 33
09 37 34
11 37 33
16 36 32
18 35 33
18 35 32
16 37 34
17 37 34
16 37 33
18 36 33
16 37 33
15 38 34
14 38 33
10 38 34
10 37 35
05 36 34
03 36 32
02 36 33
05 38 36
12 37 38
13 34 37
14 36 35
15 37 36
19 36 36
19 38 36
20 37 35
17 37 36
14 36 37
15 36 36
13 38 37
14 38 36
15 38 37
11 38 37
09 37 37
09 36 37
07 36 35
01 37 35
01 39 37
06 37 36
11 37 35
13 36 37
12 37 37
13 36 34
15 35 34
17 34 33
16 34 33
17 36 32
15 37 33
14 35 33
15 37 32
15 37 33
14 36 32
12 38 32
10 38 34
12 37 35
09 36 35
06 36 34
06 37 35
07 38 38
12 36 37
13 36 37
13 37 36
13 36 36
13 36 37
17 37 36
16 36 37
17 37 37
17 36 38
17 36 37
18 36 37
15 37 37
12 38 37
13 38 37
13 37 37
11 38 36
11 39 37
11 39 37
07 40 36
05 39 35
04 40 34
05 41 34
11 38 34
15 36 33
15 33 33
12 33 33
13 32 32
16 30 30
15 35 32
15 35 30
14 38 29
14 39 31
16 38 32
16 38 32
15 36 32
12 38 32
11 39 33
10 38 33
10 38 34
10 36 34
07 35 33
06 37 33
04 38 33
07 38 34
14 36 32
15 34 33
14 37 34
15 37 33
18 37 33
19 36 33
17 37 34
15 36 35
15 37 35
14 38 34
14 38 34
14 37 34
15 36 35
13 37 35
11 39 34
09 39 35
09 37 34
06 37 34
02 41 34
03 40 34
08 37 34
10 38 33
11 39 34
11 39 33
15 38 32
18 37 30
20 36 31
18 36 30
18 36 31
17 37 31
17 39 31
16 38 32
15 40 33
13 38 33
10 39 33
11 39 33
10 39 34
07 38 34
05 39 33
05 40 35
10 39 36
13 37 35
14 37 35
14 37 35
15 37 35
18 38 35
19 36 35
19 36 34
19 38 33
19 37 33
16 37 35
15 39 35
15 40 35
15 39 37
12 40 37
10 41 36
10 40 36
10 39 36
04 40 36
01 41 36
01 40 36
08 37 36
11 38 34
11 38 35
11 37 33
14 35 32
16 38 31
17 35 31
17 34 31
17 36 31
17 38 32
16 37 31
16 39 31
16 39 32
14 39 32
10 40 32
09 40 33
10 39 35
10 40 35
08 38 34
06 41 36
07 38 38
11 36 36
12 37 34
13 38 35
15 38 35
16 38 35
18 36 35
20 36 33
18 36 34
16 37 34
16 37 33
15 37 32
15 37 34
15 36 35
12 37 35
09 42 34
10 41 31
08 37 31
03 37 32
02 40 33
05 40 31
09 37 31
11 35 31
16 41 34
15 42 33
16 34 33
16 33 32
17 30 32
17 34 31
16 37 30
16 36 31
16 35 32
15 36 34
13 38 34
12 40 33
10 40 31
10 43 33
11 42 34
09 40 33
06 40 33
07 40 33
10 38 36
12 35 35
14 35 34
15 35 34
15 36 34
15 38 37
16 34 36
16 33 36
14 33 35
15 36 35
14 37 33
13 37 34
13 37 34
13 40 34
14 39 34
11 39 35
11 38 34
12 37 33
07 38 33
02 41 35
02 41 38
11 40 35
10 39 35
09 42 36
11 41 36
15 37 34
18 34 35
17 33 34
17 32 33
17 33 33
17 36 33
16 38 33
16 37 33
15 38 33
13 39 32
10 39 33
09 38 34
10 38 35
07 39 35
03 35 31
02 37 34
08 37 36
13 36 36
14 36 34
14 37 34
17 38 35
18 38 37
19 37 37
19 34 37
19 37 37
16 38 37
16 42 37
14 42 35
13 40 36
12 38 37
12 35 36
10 35 37
09 34 37
08 36 35
03 37 35
02 40 37
09 39 37
15 38 34
11 37 35
09 41 37
10 41 36
14 37 34
16 35 34
17 35 35
18 35 34
17 37 34
17 39 34
18 38 35
17 37 34
17 38 34
16 37 33
12 40 32
12 41 35
10 43 37
08 43 35
03 40 34
02 41 35
07 37 38
15 33 37
13 35 36
13 36 35
14 39 36
16 39 37
17 38 35
19 37 36
18 37 34
18 38 34
17 37 34
13 38 35
12 37 36
14 36 37
11 35 38
12 35 37
10 37 36
08 37 35
06 38 35
02 40 35
02 40 36
10 38 34
13 36 34
11 38 34
10 39 34
13 39 33
18 36 33
18 34 33
17 35 34
18 37 33
17 39 32
17 39 32
17 38 33
14 38 33
10 39 34
10 39 33
11 39 34
09 37 35
07 36 33
05 37 33
05 38 34
12 36 36
15 34 35
14 35 34
13 35 34
14 37 34
17 35 35
18 35 36
18 37 35
19 37 35
17 37 35
16 38 36
15 37 36
15 37 35
15 38 37
10 38 36
10 39 36
09 38 36
07 38 35
01 40 35
00 41 35
07 41 34
11 37 34
11 37 35
09 40 35
12 39 33
16 36 32
19 34 33
20 35 33
19 38 33
18 38 33
16 38 33
16 38 32
14 39 33
12 40 33
10 39 34
12 41 32
11 39 36
08 38 35
05 37 33
04 38 34
07 36 35
12 35 34
14 34 35
14 37 35
16 38 35
18 37 37
20 37 35
19 38 35
18 37 35
17 38 34
16 38 35
15 37 35
12 38 36
12 37 35
12 38 36
09 39 37
08 39 38
09 37 35
03 38 35
01 39 37
04 40 36
10 37 37
11 37 34
09 37 37
10 35 35
16 36 34
18 35 32
18 36 31
17 38 32
16 37 32
17 36 32
16 36 32
16 36 32
14 37 33
13 38 33
11 38 33
12 38 34
11 37 36
05 36 33
02 37 33
04 37 37
12 38 39
14 34 37
14 35 36
13 36 35
15 38 35
17 37 35
18 37 36
18 37 36
18 37 35
17 38 36
15 36 36
16 37 37
14 37 37
13 36 36
11 36 36
09 38 36
07 36 35
08 37 35
04 36 35
00 40 36
02 40 37
12 38 35
13 36 34
11 37 34
13 38 34
15 37 33
17 36 33
19 36 33
19 36 34
17 37 34
16 37 33
14 37 32
12 36 33
13 34 34
13 37 34
10 38 35
10 38 34
12 37 35
09 36 35
04 38 33
04 37 34
09 37 36
12 36 37
12 34 35
13 35 34
14 36 34
15 38 35
17 36 36
19 37 35
21 37 36
19 37 37
17 39 37
14 38 37
13 39 38
13 37 38
12 38 37
08 37 38
09 37 37
06 37 36
02 39 36
01 39 36
06 38 35
10 37 33
10 36 35
09 39 35
10 37 35
16 35 33
16 34 33
18 34 32
19 36 32
17 37 33
18 38 32
18 38 32
17 38 33
13 38 33
12 38 33
09 38 32
09 38 34
10 38 35
07 37 34
07 37 34
07 38 34
11 38 36
12 36 37
14 35 34
13 35 35
15 38 35
16 35 37
16 37 36
18 38 36
17 38 36
18 38 36
17 38 35
15 37 36
14 37 36
11 37 36
10 38 37
08 37 37
08 36 35
05 37 35
02 38 36
05 37 35
08 38 34
11 37 33
13 37 34
10 37 33
11 36 32
14 35 30
17 34 31
15 35 30
16 35 31
16 36 30
15 35 30
15 36 31
15 36 32
14 36 32
13 37 32
11 38 32
11 37 32
11 37 34
10 35 32
06 35 32
05 35 32
07 36 35
12 35 34
15 32 33
14 33 32
12 34 33
15 36 34
14 34 35
15 36 33
13 36 34
12 34 34
14 34 34
15 36 34
13 35 34
13 37 35
12 37 34
15 36 33
14 37 34
15 37 34
15 38 34
14 38 33
10 39 33
05 39 34
01 39 32
04 40 33
12 39 33
16 36 36
16 35 35
13 34 34
12 33 32
10 30 32
10 32 31
09 29 31
10 31 30
13 31 30
14 34 30
15 36 29
15 35 30
13 35 30
12 36 29
11 34 30
12 36 30
11 37 31
11 36 31
12 36 32
13 36 35
12 37 33
09 38 32
07 37 31
08 37 30
10 38 32
13 37 34
15 36 34
15 39 34
15 39 36
17 39 36
16 35 37
13 31 41
11 32 42
12 35 40
12 37 38
13 35 37
13 35 36
14 38 36
14 37 35
14 38 36
14 37 36
11 37 38
09 39 38
11 41 37
13 38 36
15 37 36
14 37 36
12 37 35
13 36 35
11 34 33
08 36 32
08 35 31
09 36 30
12 36 32
13 38 33
15 38 33
14 38 33
14 37 34
13 38 33
09 36 34
08 37 33
12 38 34
14 38 35
18 37 37
17 38 36
14 39 37
11 38 37
12 38 38
12 37 38
15 34 37
15 37 37
14 37 38
12 37 37
13 37 37
13 36 38
14 38 38
13 37 39
13 38 39
14 36 39
14 38 39
13 37 39
15 39 39
14 38 39
13 37 40
13 37 40
12 38 40
12 39 41
11 38 39
11 36 38
15 37 36
17 37 36
15 37 37
13 38 37
13 37 36
15 39 36
14 38 37
14 38 37
15 38 35
14 37 36
14 37 36
14 39 37
12 38 36
12 38 36
11 39 36
10 38 37
10 38 37
10 38 36
12 40 36
13 38 36
12 39 36
15 38 36
14 38 36
14 39 36
13 39 36
12 38 37
12 39 38
12 38 37
11 41 38
13 41 38
13 42 37
12 43 36
12 42 37
13 43 37
13 43 38
13 45 37
14 43 38
15 45 37
14 44 37
14 44 39
