12 38 36
40 12 38
40 12 33
40 12 38
12 39 35
13 39 36
13 39 36
13 39 36
15 39 36
15 40 36
13 40 35
12 39 34
11 39 34
11 38 35
13 39 34
13 39 35
15 38 36
15 38 36
14 37 35
14 38 36
14 39 36
12 39 35
11 39 35
10 39 34
10 39 34
07 40 35
05 38 34
08 38 35
16 38 36
18 37 35
15 35 35
15 36 35
13 35 33
13 36 34
16 37 35
15 37 37
16 36 36
15 36 35
14 37 36
14 38 36
15 38 36
16 37 37
15 38 38
13 37 37
10 39 38
08 40 36
01 39 33
04 37 35
09 38 34
13 37 34
14 37 33
11 39 32
12 40 31
14 38 33
17 38 33
16 37 34
16 37 35
15 37 35
16 38 34
15 37 34
14 38 35
13 39 35
09 40 34
08 41 35
06 40 35
03 39 32
08 38 34
17 37 36
15 37 35
13 36 33
12 36 34
13 36 35
14 36 35
17 37 35
17 37 35
15 35 36
15 36 35
14 35 34
15 37 35
15 37 37
13 35 36
09 39 36
08 37 33
01 39 34
03 38 32
11 38 35
13 39 35
12 39 33
13 37 33
12 36 33
14 36 33
16 39 34
17 37 32
15 37 33
16 37 33
16 38 33
15 37 34
13 38 33
12 37 33
10 38 34
09 39 35
05 40 34
04 39 34
12 39 35
16 38 37
13 36 35
11 36 32
14 37 35
15 38 36
15 37 37
18 37 36
18 38 36
17 36 36
16 38 36
16 38 37
16 38 36
16 38 38
13 38 38
11 38 36
05 38 36
00 40 35
06 40 35
11 38 36
12 38 36
12 38 34
12 37 34
14 37 34
16 38 33
16 36 35
17 37 34
17 38 33
16 40 34
17 39 34
15 39 33
14 39 35
12 38 34
08 39 35
07 38 34
02 38 33
08 37 35
14 37 37
14 35 37
12 36 36
14 35 35
15 36 37
15 38 36
16 38 37
17 36 36
17 35 36
16 37 36
15 38 38
16 38 38
16 38 38
13 39 38
11 38 38
09 38 36
02 39 36
01 40 36
07 39 36
11 38 34
14 38 34
12 39 34
13 38 33
14 38 34
14 37 34
16 38 33
16 37 34
16 37 33
16 37 33
16 38 32
15 38 33
13 39 34
10 38 35
08 38 34
04 38 35
02 37 34
10 38 36
12 38 37
12 36 35
13 34 35
14 36 35
17 36 36
15 37 35
16 36 35
16 37 35
15 37 36
15 37 37
15 38 36
17 37 37
16 38 38
14 39 38
12 38 37
07 38 36
00 41 35
05 40 36
10 38 36
12 40 35
11 38 35
12 36 35
13 36 34
15 38 35
17 36 34
18 37 34
18 36 33
17 36 34
15 36 34
14 37 33
14 38 34
12 38 33
09 39 34
07 39 35
03 38 34
08 39 34
14 37 36
13 35 36
10 36 35
13 35 35
14 37 36
16 36 36
17 36 37
17 37 38
18 36 37
16 38 38
16 37 37
17 37 38
16 39 38
13 38 37
10 37 38
03 38 35
00 39 36
07 39 36
12 40 35
12 37 36
12 37 35
12 36 35
15 38 34
16 38 35
16 37 33
15 39 34
16 37 35
15 38 34
17 39 34
16 38 34
12 37 34
10 38 35
10 39 35
03 38 33
05 38 34
15 38 38
15 37 37
12 36 36
12 34 36
14 36 37
16 39 37
15 37 37
17 37 37
17 37 38
18 38 37
15 38 37
16 38 37
18 38 38
16 39 38
13 38 38
10 38 37
05 38 36
01 40 37
06 40 36
10 40 37
12 40 36
14 39 36
12 38 35
14 37 36
15 37 35
16 38 33
17 37 35
15 38 33
16 37 34
16 38 34
15 38 34
13 38 34
11 37 36
09 38 34
03 38 35
03 38 34
13 38 38
15 37 38
12 35 37
10 33 35
13 36 36
16 36 38
17 35 38
18 34 36
18 35 37
15 36 37
15 37 38
17 38 38
17 38 38
14 38 39
11 37 38
08 39 37
00 40 36
05 39 35
14 39 36
12 39 35
11 39 34
09 36 33
13 37 33
15 38 34
17 37 34
17 36 34
17 37 33
17 37 34
14 38 34
15 39 35
14 39 34
11 40 34
10 38 35
06 40 33
03 39 34
07 38 35
14 37 35
13 35 35
11 36 35
12 37 36
14 37 36
15 38 38
17 37 36
18 39 36
16 38 35
16 37 36
15 37 36
16 38 36
16 37 37
14 37 37
11 37 36
08 38 35
00 40 34
02 39 35
11 40 34
12 38 35
11 36 34
10 37 34
13 37 33
14 37 33
16 37 34
16 37 34
17 37 34
15 38 33
16 38 34
15 38 34
15 39 34
12 37 33
09 38 34
05 39 34
01 38 33
12 37 37
15 36 37
12 36 35
11 35 35
12 36 35
16 37 37
17 37 36
18 36 37
18 36 36
17 39 38
16 37 36
15 38 37
15 38 35
16 39 37
15 39 38
11 39 38
07 38 36
01 39 36
01 39 36
10 40 35
13 39 36
13 38 35
12 38 34
12 37 33
13 37 33
16 38 34
18 36 34
17 37 34
16 38 34
16 38 33
15 39 33
14 39 33
12 38 34
10 38 34
10 38 34
05 39 35
03 39 33
13 38 35
13 37 36
11 36 36
12 35 36
15 37 36
17 37 36
17 37 35
18 37 37
17 38 35
16 38 36
15 38 37
16 39 38
16 40 38
15 38 38
12 38 37
10 38 36
01 40 35
02 40 35
08 40 35
11 40 35
12 38 35
12 38 35
12 38 33
14 40 33
15 37 34
16 38 32
17 37 34
17 39 34
17 38 34
16 38 34
17 40 35
14 39 34
12 39 35
09 39 34
08 40 35
05 40 34
05 38 33
13 37 35
15 38 36
12 35 35
12 35 34
14 36 35
16 37 34
18 35 35
17 38 37
18 37 37
15 38 36
15 38 36
14 37 37
15 39 37
14 38 37
13 39 37
10 39 36
04 39 36
01 41 35
06 40 35
12 38 34
11 38 34
13 39 34
13 37 34
14 38 33
15 38 32
16 37 33
17 36 33
17 38 35
15 38 33
15 39 33
16 38 34
13 39 35
12 39 34
09 39 35
08 39 36
03 38 34
04 38 36
16 40 38
14 38 36
11 37 35
12 36 35
12 36 37
15 38 36
17 37 36
17 36 35
17 36 36
18 36 36
16 37 37
16 38 36
16 38 37
15 39 38
13 38 37
09 37 37
06 39 35
02 40 36
05 40 35
10 41 36
13 41 37
13 39 35
13 38 35
15 37 35
14 39 34
16 37 34
16 38 34
17 38 33
14 38 33
16 38 34
15 38 34
14 39 34
10 39 35
08 38 35
04 40 34
04 39 36
11 39 37
15 38 36
14 37 36
13 36 35
14 37 36
15 37 36
16 37 35
17 36 35
17 37 36
15 38 37
14 37 37
16 36 36
17 38 37
16 39 38
12 38 37
10 38 36
01 41 36
01 40 36
09 40 35
13 39 34
12 36 34
12 37 34
12 35 33
12 38 33
16 36 33
15 36 33
17 34 33
17 36 33
17 38 33
15 39 33
15 39 34
14 38 35
09 38 34
09 38 34
08 40 35
01 39 33
07 37 34
15 38 36
14 36 35
12 36 35
11 37 36
13 38 37
15 37 36
17 38 35
19 35 35
19 37 36
17 38 36
15 39 36
17 37 36
16 39 38
13 38 38
11 38 36
06 37 34
00 40 34
04 38 35
09 39 34
11 38 34
13 37 34
11 37 34
14 37 33
14 37 33
16 36 34
16 36 33
14 37 33
16 39 32
15 39 34
16 38 35
15 38 35
12 39 35
10 37 33
04 38 35
01 38 33
12 38 35
14 37 37
11 35 35
11 35 34
12 35 34
14 36 36
17 37 36
17 36 35
15 36 35
16 37 37
15 38 36
15 38 36
17 38 36
17 38 37
14 39 38
13 38 36
11 37 36
01 42 36
00 40 35
08 40 35
13 39 35
12 39 35
12 36 34
12 36 33
15 39 34
15 37 34
16 37 33
15 37 34
15 38 33
16 37 33
16 39 34
15 40 34
12 39 34
11 39 34
09 40 36
02 39 34
05 38 35
13 36 36
16 36 36
13 35 35
14 35 35
15 38 36
15 38 36
17 36 36
18 36 37
17 36 38
16 38 37
16 38 37
16 37 37
15 37 38
14 38 38
12 38 36
09 37 36
02 43 35
01 39 35
09 40 35
12 41 35
11 39 35
11 38 34
12 36 34
13 39 34
16 39 34
17 36 34
16 38 34
16 39 32
17 37 34
15 39 34
15 39 34
13 40 35
11 39 34
09 39 35
06 39 35
02 39 34
07 38 36
14 37 37
14 36 36
12 36 36
12 36 35
15 37 36
16 36 35
17 36 36
19 37 36
16 37 37
16 38 37
14 37 37
15 38 37
16 37 38
13 38 39
11 38 37
09 37 36
05 39 36
01 40 35
10 39 35
13 38 37
12 38 35
11 36 34
13 37 33
15 37 35
16 36 35
17 36 34
17 36 35
14 37 33
14 38 35
15 38 34
14 38 34
13 38 34
11 38 34
09 38 35
02 38 34
06 39 34
14 39 39
15 38 39
14 36 38
12 34 36
12 35 35
15 36 36
17 37 36
16 35 36
17 36 35
16 36 38
16 38 37
15 38 37
16 37 37
16 39 39
13 37 39
10 37 38
06 38 37
00 40 36
06 39 36
13 40 37
13 39 36
12 37 35
10 36 34
11 37 34
14 38 35
17 36 34
18 37 34
16 36 34
16 38 33
16 38 33
14 36 33
13 38 34
11 38 34
09 38 36
07 38 35
03 37 33
09 38 36
15 39 37
12 36 37
11 34 35
10 35 36
14 38 36
17 36 37
18 37 37
18 35 36
16 37 37
15 39 37
15 37 37
16 38 38
15 39 38
14 39 38
12 37 37
08 38 37
02 39 36
04 40 36
07 40 36
12 39 37
12 38 35
10 38 34
12 37 33
13 38 33
16 37 33
16 36 34
17 37 33
17 36 33
17 39 34
16 37 33
14 40 34
13 39 35
11 38 34
09 38 34
05 38 33
02 38 33
10 40 37
15 38 37
12 36 36
11 35 35
14 37 37
17 36 37
17 37 38
17 36 37
16 37 36
15 37 37
16 38 37
15 39 37
17 37 37
16 39 37
14 37 37
13 38 36
11 39 37
03 40 36
02 40 36
11 41 36
13 38 36
11 37 36
11 36 35
10 36 34
12 38 36
14 37 34
15 36 34
17 36 33
16 36 34
17 38 35
16 36 36
15 37 35
11 38 35
11 38 35
11 38 36
06 39 35
03 39 34
09 38 37
15 37 37
15 36 38
13 36 38
12 35 37
13 38 37
16 37 37
17 36 37
16 35 37
17 37 38
16 36 37
16 36 36
18 37 38
15 37 39
13 38 37
05 39 37
00 39 36
07 37 36
13 39 35
14 38 36
14 38 36
12 38 34
11 38 34
11 37 34
14 36 34
14 36 33
14 36 33
15 36 34
15 37 33
15 38 34
14 38 33
13 39 35
11 39 35
10 38 36
08 39 35
06 37 34
10 37 35
13 35 36
16 35 36
14 37 35
10 36 36
13 37 35
14 36 37
15 38 37
16 39 36
16 36 35
15 37 36
15 37 36
17 39 37
16 38 38
14 38 37
13 38 37
09 38 37
06 41 35
06 40 35
09 40 35
14 40 35
15 39 36
15 39 34
11 39 34
09 39 33
10 38 33
14 38 35
14 39 35
14 40 34
14 39 35
15 38 32
14 40 35
13 41 35
14 40 35
12 40 34
05 41 33
06 38 33
15 39 36
18 39 37
17 36 34
14 34 34
12 36 35
11 38 35
11 37 34
13 36 33
15 34 35
13 35 34
14 36 33
13 36 34
12 36 33
14 36 33
13 36 34
15 37 34
15 37 35
14 36 36
14 38 36
11 38 35
05 41 34
04 38 35
11 40 36
15 37 36
15 37 37
12 39 34
12 38 35
12 40 33
14 40 33
15 39 33
14 38 34
14 39 33
15 40 33
15 40 33
14 39 32
14 39 33
14 40 34
13 37 34
13 38 33
12 39 34
