12 35 34
10 35 35
11 35 33
11 34 34
12 34 34
12 35 33
12 35 34
12 36 33
12 35 34
12 34 34
13 34 35
12 34 34
12 35 34
11 35 34
11 34 35
12 35 35
12 34 35
13 33 35
12 33 36
12 33 35
12 32 36
12 34 35
10 35 36
11 33 36
12 33 35
12 34 35
10 34 37
11 35 38
13 35 36
13 35 37
14 35 38
15 35 39
13 35 38
13 36 38
14 35 39
14 36 39
13 35 38
12 35 37
12 35 37
10 33 37
10 33 36
13 33 35
10 34 35
08 34 35
10 34 34
12 31 31
11 31 31
09 30 32
10 31 30
13 32 30
14 32 32
15 34 32
13 34 31
13 33 32
12 34 32
14 33 33
14 33 33
13 35 33
14 35 34
12 34 33
10 33 33
11 35 32
04 33 32
04 32 32
12 33 32
11 33 36
12 34 36
15 34 33
14 31 31
14 32 33
12 33 33
11 33 32
13 33 33
13 32 33
13 33 33
14 32 33
12 31 33
13 31 32
13 32 35
12 32 35
11 32 34
07 33 33
05 33 33
08 33 32
10 33 32
10 34 31
09 33 30
12 30 29
15 28 30
16 30 32
15 33 31
15 34 30
12 32 30
12 35 31
12 34 31
13 33 32
13 35 32
14 33 31
11 32 32
09 32 32
04 32 32
03 34 31
11 31 32
13 32 34
11 32 35
12 31 31
12 30 31
16 29 33
16 32 33
14 33 34
13 33 34
14 34 34
15 34 36
14 33 36
13 34 36
13 33 36
10 32 35
07 33 34
01 31 34
06 34 35
13 33 35
14 36 33
10 35 33
11 32 32
14 32 31
16 34 33
15 34 32
15 35 32
15 35 32
14 34 32
15 34 32
13 35 32
13 36 33
12 35 33
12 34 33
08 35 33
02 34 33
07 33 34
11 32 34
08 34 37
09 35 36
15 34 33
16 29 34
17 30 35
15 34 35
14 35 34
15 34 35
13 35 35
13 34 36
13 34 36
13 35 36
11 34 35
10 36 35
03 33 34
03 36 35
10 34 34
11 38 33
10 34 33
13 35 32
14 31 33
17 32 33
15 34 33
13 34 31
14 34 31
13 32 32
14 33 32
13 33 32
12 34 31
12 34 32
12 32 32
09 34 34
03 34 33
05 34 33
12 32 35
14 34 37
12 36 35
13 33 34
13 30 34
15 30 34
16 33 35
14 34 34
13 36 34
14 34 35
14 34 36
13 35 36
12 35 36
12 33 36
11 34 35
03 36 34
00 36 36
09 35 34
13 36 33
12 35 35
14 36 35
15 37 33
15 36 33
15 35 33
15 34 33
14 33 32
16 33 32
15 33 33
14 34 33
14 36 32
11 33 33
12 33 34
10 32 34
01 35 33
03 34 34
08 34 36
13 33 37
12 35 37
11 35 36
14 33 33
15 30 34
17 29 36
17 34 35
15 35 35
14 37 37
15 35 37
14 36 37
14 35 37
13 35 38
12 34 36
05 34 34
01 36 35
08 36 36
09 36 34
10 36 34
12 34 34
15 34 34
16 32 35
16 32 33
15 34 32
14 32 32
14 32 32
14 32 31
15 34 32
14 35 32
12 35 34
11 36 34
10 34 34
02 35 33
03 36 35
13 32 35
14 34 38
11 35 38
10 34 34
14 29 34
17 30 34
15 33 36
15 33 35
15 36 36
14 35 35
14 34 36
13 36 36
14 33 36
13 34 37
11 34 36
05 35 34
00 34 34
09 35 34
10 35 32
10 34 33
11 34 34
14 33 34
13 34 34
14 35 34
13 33 33
16 32 32
13 32 32
15 32 33
14 34 33
16 34 32
14 35 32
13 37 33
12 36 34
09 36 34
05 36 34
02 35 34
08 32 33
12 33 37
11 35 37
11 35 35
13 31 32
15 29 33
15 33 34
16 34 35
15 35 33
14 34 36
14 33 35
13 34 34
13 34 34
13 35 35
13 35 35
08 33 34
02 36 34
04 35 34
10 35 33
12 36 33
12 33 33
11 32 33
15 33 33
17 35 33
15 35 32
15 34 31
14 33 32
13 33 31
14 35 32
13 35 32
12 35 33
15 34 32
12 33 34
08 34 34
02 35 33
06 33 33
10 33 35
12 35 39
11 36 36
13 34 34
15 32 33
16 30 35
16 34 36
15 35 34
14 35 36
14 36 35
14 34 36
13 34 36
12 34 36
12 35 35
06 35 34
02 35 34
01 35 35
11 33 33
13 35 33
10 34 33
11 33 33
14 32 34
15 34 34
16 33 33
15 34 32
14 32 32
13 33 32
14 33 32
13 35 32
13 36 32
13 35 32
12 34 34
12 33 35
04 34 33
02 33 33
07 32 35
12 33 38
11 34 39
14 31 34
17 29 33
17 29 34
16 34 36
15 34 35
12 36 35
11 35 37
13 35 38
15 36 37
14 35 37
13 36 38
11 36 38
10 35 36
08 37 36
10 36 37
12 38 36
12 35 34
11 35 34
11 35 35
15 34 34
16 35 35
15 35 34
13 36 34
12 35 33
13 35 34
12 33 33
10 35 34
12 34 34
11 34 34
12 34 33
09 33 33
04 34 33
07 31 33
12 32 34
12 34 36
13 35 35
13 35 34
14 31 33
16 29 35
16 34 34
14 34 34
13 36 34
14 34 34
13 33 35
14 34 35
12 35 35
13 34 35
10 33 35
06 33 34
02 35 34
09 35 35
11 35 33
11 34 32
10 32 33
13 33 33
15 34 33
17 35 35
15 35 33
13 35 32
14 32 32
14 34 33
14 34 33
11 36 33
14 34 33
13 35 34
09 35 33
02 34 33
04 32 34
12 31 35
12 33 36
10 35 38
13 34 35
16 32 34
18 31 34
17 33 35
14 35 35
13 35 35
12 35 36
13 36 36
14 36 35
13 37 36
11 36 36
09 33 35
02 36 34
06 36 36
12 35 33
11 36 34
10 32 33
12 32 33
15 32 33
16 33 32
16 34 33
13 34 32
13 34 31
14 34 31
14 33 31
14 34 32
11 35 33
12 35 33
12 35 33
13 34 35
05 35 34
04 35 33
10 32 35
13 34 35
10 36 37
11 35 35
14 31 33
16 28 35
17 32 34
14 34 35
14 34 34
12 34 35
13 33 36
13 36 35
14 36 36
13 35 34
12 35 35
08 34 34
05 35 34
07 35 35
11 35 33
07 37 34
09 31 33
13 32 33
17 32 34
17 35 35
16 35 33
12 34 32
13 32 33
13 34 32
14 34 32
12 34 31
12 35 33
13 33 33
13 33 34
07 34 35
02 33 32
06 33 34
14 32 34
15 36 37
11 36 37
12 34 35
15 30 35
15 31 36
15 33 37
14 37 35
13 37 36
13 34 37
14 35 37
14 34 37
13 35 38
11 36 37
10 35 36
03 35 34
02 36 34
10 35 36
13 33 35
13 35 33
12 36 33
10 33 32
13 32 32
15 33 33
16 34 33
14 34 33
15 33 33
14 33 34
14 32 32
13 34 33
12 35 33
12 35 33
13 34 33
11 35 34
06 36 33
01 35 32
07 32 34
15 33 35
13 37 37
09 36 35
12 31 33
14 29 35
14 30 35
16 34 34
14 35 33
12 33 35
14 32 35
14 33 35
14 34 36
13 34 35
13 33 35
12 33 34
04 34 33
01 36 35
06 32 33
10 33 30
11 30 31
13 30 32
15 31 33
17 32 32
15 35 33
13 34 32
14 35 33
13 34 33
11 34 33
12 33 33
13 32 33
11 34 33
11 32 34
11 34 35
10 34 34
03 33 33
06 33 32
10 34 34
11 35 37
12 37 36
14 34 34
16 31 34
17 31 34
16 33 35
14 35 35
15 34 35
13 35 37
14 35 37
15 37 37
14 37 36
11 37 36
10 37 35
04 36 35
00 35 35
08 34 34
15 33 33
15 35 32
12 33 32
13 31 31
15 30 31
15 33 31
15 36 32
13 35 32
14 33 35
14 34 33
13 34 33
13 34 34
12 35 33
12 34 34
11 34 35
11 34 34
05 33 33
02 32 33
11 32 33
13 33 36
11 36 37
12 35 33
13 32 34
16 31 34
15 32 36
14 34 34
13 36 35
14 34 35
15 35 37
15 35 36
14 33 36
13 34 37
10 35 36
08 34 35
02 34 34
06 35 35
13 35 34
13 36 33
10 35 33
10 34 33
14 33 34
16 34 34
16 34 33
15 35 33
14 33 33
13 33 32
14 34 33
13 36 32
12 35 32
12 35 33
12 36 34
11 36 35
05 35 34
01 35 34
11 33 36
12 34 36
10 36 38
10 34 35
14 32 34
16 30 34
15 32 35
13 35 35
12 36 35
14 34 36
15 35 36
15 35 35
12 36 36
11 33 36
12 32 35
10 32 34
05 34 34
04 33 34
08 31 32
10 34 33
11 34 32
12 35 34
15 34 33
14 34 33
13 35 33
14 34 32
12 34 31
13 32 34
12 33 35
12 32 35
12 35 34
12 34 33
12 34 33
13 34 34
13 36 34
12 37 35
08 37 35
09 34 35
11 34 37
13 36 38
11 35 36
14 36 37
13 34 36
12 34 37
12 34 38
14 35 36
15 35 36
14 35 37
12 35 35
13 34 36
14 34 36
14 34 35
13 33 34
13 33 33
12 32 33
06 34 33
04 34 33
09 34 33
11 34 32
13 34 32
10 35 32
10 31 33
14 33 34
15 32 35
14 34 34
13 33 33
13 35 32
13 35 33
14 36 33
12 35 33
12 34 33
12 35 33
12 33 33
11 34 34
04 35 32
04 31 33
10 30 33
11 33 34
12 34 36
11 35 34
15 31 32
17 31 35
16 32 34
15 34 35
14 33 34
13 35 36
13 34 36
14 34 35
12 36 35
12 34 36
12 35 33
08 33 33
04 36 33
07 35 33
11 32 32
10 34 32
11 32 31
14 30 34
15 30 34
14 32 34
14 34 33
12 34 33
12 34 34
12 35 33
14 34 34
13 35 34
11 36 34
11 37 34
11 33 34
12 33 35
05 32 34
05 35 34
12 29 33
12 32 34
12 35 36
14 35 33
16 31 33
16 30 34
15 33 35
13 34 35
12 34 34
12 35 35
14 33 36
14 36 36
14 34 35
13 34 34
12 31 35
07 32 33
00 34 32
05 33 32
13 32 32
14 37 34
10 36 32
10 31 30
14 31 32
15 31 34
15 32 33
14 34 31
14 35 31
13 34 32
12 33 33
14 34 32
12 34 32
12 34 33
12 33 33
11 32 34
04 34 32
02 34 33
09 30 34
13 32 35
10 35 36
09 34 33
13 31 32
16 28 33
16 30 35
16 34 34
13 34 33
13 32 33
13 32 34
14 33 34
15 35 35
14 35 34
13 34 36
11 33 34
06 34 33
02 34 33
07 32 31
11 33 32
12 35 34
10 34 34
12 32 32
16 30 32
14 31 33
15 34 32
15 35 32
13 33 32
13 33 32
13 34 33
14 34 32
13 33 32
13 33 32
12 34 33
13 32 33
06 32 32
02 34 33
05 32 34
14 32 35
15 32 36
12 31 35
10 33 34
10 31 34
14 31 34
14 32 35
15 34 35
14 34 36
13 34 35
13 34 35
15 33 36
15 35 37
13 33 36
13 33 36
07 34 34
03 33 35
06 33 33
09 34 32
11 33 33
11 33 34
12 36 35
12 33 33
11 33 32
12 31 32
11 33 32
14 33 31
13 32 31
14 32 31
13 33 31
12 34 32
11 34 32
12 32 33
13 34 33
13 33 34
12 33 35
12 34 34
11 32 36
12 33 35
13 33 35
12 35 35
11 34 34
12 33 34
12 33 35
11 33 35
10 33 36
11 34 36
11 33 36
12 32 36
13 33 35
11 33 35
12 34 35
11 34 37
13 34 36
12 33 35
12 33 35
12 34 35
11 35 36
11 34 35
12 34 35
12 33 36
12 34 35
13 35 36
12 34 36
13 34 35
13 33 35
12 34 36
12 33 35
12 34 36
13 34 35
12 35 35
11 33 35
14 34 35
12 34 35
11 35 36
12 34 36
12 35 36
14 33 37
12 35 35
12 34 35
11 35 36
12 33 36
12 34 35
11 35 35
12 35 35
12 33 36
12 34 35
12 33 35
