36 41 49
36 41 49
36 42 47
37 43 45
36 46 43
38 46 42
38 44 39
38 53 37
38 50 36
40 50 35
39 50 34
38 44 34
34 46 33
35 45 34
30 45 34
26 55 38
21 47 36
13 40 32
04 54 41
00 47 37
00 50 37
03 44 36
04 41 36
05 38 40
08 39 39
09 40 35
07 42 33
09 44 31
16 42 30
19 38 32
13 40 32
15 37 31
14 36 33
16 40 34
15 39 34
15 39 33
15 38 34
17 37 35
16 38 35
15 37 33
14 38 33
14 38 33
11 38 33
11 39 32
09 40 33
10 41 32
01 45 33
11 40 35
11 42 35
05 40 34
08 39 31
11 34 31
14 33 35
15 38 33
15 40 31
14 41 32
14 40 32
17 40 31
16 39 32
17 39 32
16 42 32
12 42 33
08 39 32
08 37 31
01 39 30
11 34 31
13 34 34
12 35 36
10 32 35
12 32 34
15 34 35
15 36 35
18 34 36
18 35 38
16 37 37
15 41 38
14 39 37
14 38 38
12 39 38
09 39 37
04 41 36
00 41 36
04 40 34
11 41 34
10 40 32
10 39 32
13 40 31
13 39 32
15 38 31
16 39 30
16 37 32
17 38 31
18 38 31
18 38 33
16 38 33
15 39 33
11 39 34
09 37 32
06 39 31
00 40 28
04 40 28
15 39 34
11 39 35
10 38 32
13 35 28
14 37 31
17 40 32
17 40 33
17 40 33
16 39 34
15 39 33
14 39 34
14 40 34
11 40 35
07 41 37
07 39 36
05 40 35
02 44 35
07 41 36
10 39 34
07 39 33
06 34 29
08 33 30
11 34 31
13 40 31
14 40 31
15 39 30
17 38 30
19 37 30
18 38 31
16 38 30
14 37 29
11 38 29
11 40 30
08 41 33
05 42 36
11 39 38
12 36 40
09 38 36
11 34 36
12 32 35
15 35 35
18 37 37
19 38 36
19 40 36
18 41 37
17 39 37
15 38 37
14 39 36
13 39 35
11 37 36
07 38 35
07 39 35
01 40 35
06 41 37
13 39 36
06 42 35
05 38 31
07 36 30
11 37 32
13 36 32
17 37 32
17 38 31
17 39 31
18 38 31
18 37 31
16 36 30
16 38 29
14 40 30
09 41 32
08 39 32
03 40 33
05 39 32
13 36 34
12 37 36
11 36 35
10 35 33
14 35 35
17 38 35
16 39 37
15 38 38
15 39 38
15 39 37
15 38 37
17 38 35
14 37 34
14 37 33
12 40 33
08 45 34
04 42 34
04 38 34
11 36 33
09 38 32
07 39 31
07 38 32
09 36 32
11 36 32
13 38 32
15 40 32
16 39 33
18 39 32
18 38 33
17 40 33
17 39 32
14 40 34
12 42 33
10 43 35
08 43 35
02 52 40
06 48 40
14 48 40
16 50 43
16 51 43
18 46 41
18 49 42
20 47 41
24 48 41
27 47 40
32 45 42
33 44 43
36 42 44
38 41 45
38 39 43
37 40 44
40 38 46
41 40 47
41 40 47
42 39 47
44 43 52
41 47 54
40 42 51
39 44 50
41 42 47
41 42 48
41 42 48
42 42 47
42 41 48
41 40 49
40 40 48
39 41 50
40 39 49
41 39 49
42 39 49
41 39 50
42 39 50
43 39 50
42 39 49
40 39 52
40 39 48
39 40 46
41 39 53
41 38 51
41 37 51
42 39 50
41 37 50
