39 43 49
38 44 47
40 44 44
38 39 42
37 42 42
37 43 42
37 41 41
34 50 45
32 49 44
31 41 45
25 51 51
24 48 48
23 45 51
21 47 51
23 47 51
26 45 50
26 42 49
28 44 50
26 44 48
25 45 49
24 46 49
24 46 49
24 45 48
24 45 48
25 44 48
24 50 48
22 53 47
21 53 44
22 50 42
21 49 39
25 50 40
24 53 38
24 52 35
25 54 34
27 53 34
28 52 33
31 50 32
31 51 32
33 50 33
33 50 33
33 49 33
35 47 34
33 51 35
33 52 35
31 53 36
30 56 37
28 56 36
27 54 34
27 57 35
25 59 34
26 55 34
25 53 36
23 52 36
22 49 36
24 49 35
24 48 35
27 45 36
27 46 38
29 46 38
31 42 37
30 40 37
29 42 37
28 38 37
23 46 41
23 45 39
18 50 38
08 54 39
03 47 36
01 51 36
05 49 38
06 45 37
05 40 32
05 39 30
05 37 32
11 37 34
14 37 34
16 37 33
15 38 33
15 39 33
15 39 33
17 36 34
18 37 34
16 38 34
16 39 33
13 38 34
11 39 33
08 38 34
05 38 34
04 39 34
11 38 36
11 38 36
12 39 36
11 37 35
12 37 35
13 38 35
15 36 36
17 38 35
16 36 37
15 37 37
14 35 39
14 36 36
15 38 37
14 37 36
13 37 35
12 36 34
12 37 34
12 38 35
10 37 36
05 39 34
07 41 36
09 38 36
11 36 37
15 38 35
15 35 35
13 35 33
10 37 33
06 37 32
07 36 31
11 37 31
14 38 31
16 37 33
15 39 32
13 39 33
14 38 31
14 37 31
15 38 32
13 38 33
13 38 33
12 37 34
11 38 34
10 38 35
08 38 35
10 37 36
10 36 36
11 37 37
14 37 39
16 37 38
14 38 37
11 38 37
11 38 38
13 38 40
13 38 41
14 37 38
14 37 38
13 37 38
13 37 38
14 35 40
12 38 38
10 39 38
13 37 37
12 35 36
13 36 37
14 38 36
13 37 35
14 36 36
14 38 37
14 37 38
13 37 38
14 36 38
11 37 38
14 37 38
11 38 38
09 38 38
12 38 38
11 36 37
07 36 33
10 37 35
15 37 35
15 37 35
15 38 35
13 37 35
13 36 34
12 36 35
10 38 35
11 38 33
10 37 34
11 38 35
13 37 35
13 37 35
14 36 35
14 37 35
14 38 36
13 38 35
16 37 35
16 39 36
12 41 38
11 41 38
10 39 36
09 37 35
11 37 35
11 37 34
10 38 35
07 39 34
06 40 36
07 40 36
12 38 36
17 37 37
16 34 36
16 33 36
14 34 36
13 35 38
11 34 38
12 35 38
13 36 39
14 34 38
15 34 38
17 36 39
16 35 40
16 35 38
16 37 40
15 37 39
15 37 36
16 37 38
14 39 40
14 39 39
13 42 40
10 38 38
10 37 38
08 38 38
05 40 38
06 37 37
12 38 37
11 37 36
08 37 33
08 38 35
09 36 35
09 37 34
12 37 34
13 36 35
14 37 35
16 37 35
17 37 35
16 35 34
16 36 32
19 38 35
18 40 37
16 42 37
12 42 35
09 40 36
05 39 34
00 37 30
00 40 33
10 40 42
18 41 42
16 39 37
15 37 33
14 34 32
16 33 33
17 37 34
18 39 36
17 39 36
14 37 36
13 37 36
15 39 36
14 37 36
12 36 37
10 37 35
10 34 35
10 34 36
09 38 34
05 40 35
05 40 34
08 39 36
10 38 35
10 39 32
10 38 33
08 38 33
10 38 33
12 36 33
14 37 33
14 37 33
14 37 32
14 36 32
15 37 32
15 37 33
17 36 33
13 36 33
12 37 33
10 35 32
06 37 32
05 35 33
12 36 34
17 38 37
15 40 38
12 37 37
13 36 38
13 36 38
14 36 36
17 36 36
14 38 36
14 38 38
14 39 38
13 38 38
15 36 38
14 38 37
13 38 37
11 37 37
11 39 36
09 40 37
05 40 36
04 39 35
05 40 37
11 38 35
13 38 34
11 38 33
08 35 34
06 35 32
07 36 34
11 37 33
13 37 32
15 38 35
16 36 34
16 38 33
16 37 34
17 37 33
16 37 34
16 38 37
14 38 40
11 37 38
08 34 36
05 35 34
05 33 36
06 35 35
11 36 35
13 36 35
12 37 33
10 37 32
12 37 33
14 39 35
15 37 35
17 37 36
16 35 38
14 35 37
14 36 39
14 36 41
15 36 40
13 36 38
13 36 37
12 38 37
11 38 38
05 37 36
04 37 36
05 39 37
11 37 35
12 36 35
10 37 34
07 36 34
08 36 33
11 36 33
13 37 33
14 37 34
14 36 34
14 36 34
16 36 34
15 36 33
16 38 36
13 40 37
10 45 37
10 47 40
07 53 41
08 52 41
13 52 43
17 51 43
20 50 41
23 47 41
24 44 40
26 46 41
28 48 44
29 47 44
33 47 48
35 45 48
34 43 45
35 41 46
36 39 46
35 43 46
36 41 47
37 37 48
35 41 49
36 39 47
36 39 49
37 43 52
35 40 51
35 38 50
36 38 52
36 38 51
35 38 52
37 39 50
37 40 52
37 36 51
37 38 52
37 39 54
36 39 51
36 40 53
36 38 51
37 40 52
38 39 51
39 38 52
37 40 52
37 41 52
37 41 50
36 41 51
37 40 51
35 40 51
36 41 50
36 43 52
36 40 50
38 41 50
