41 35 56
41 35 15
40 34 56
38 32 54
38 34 51
37 37 48
39 33 45
39 36 43
39 45 42
40 43 42
43 42 40
37 45 41
38 45 40
36 45 36
26 44 36
27 50 37
26 45 37
23 46 35
14 52 40
17 48 42
14 44 42
09 42 38
05 41 39
01 42 40
02 41 40
02 44 38
06 43 41
10 40 39
11 41 37
11 40 37
11 40 35
13 39 36
14 38 36
13 39 36
13 39 35
13 38 36
12 38 35
10 37 35
13 38 34
12 37 35
14 37 35
14 37 34
14 39 35
14 37 35
13 38 35
14 38 35
13 37 35
13 37 36
11 36 36
14 39 35
14 39 35
13 39 36
13 38 36
12 39 35
14 39 35
13 38 34
14 37 36
13 39 35
12 39 36
12 39 36
13 39 35
13 38 35
13 38 34
13 38 35
13 38 35
12 38 35
12 37 35
14 38 34
12 38 36
13 38 35
13 37 35
12 37 35
12 37 35
11 38 35
12 38 35
13 38 36
12 37 36
12 38 35
12 38 35
13 38 35
13 38 34
12 38 35
13 37 35
13 37 35
13 38 36
13 38 35
14 38 36
14 38 36
13 38 35
13 38 34
12 38 34
12 38 36
12 37 35
13 37 36
12 37 36
12 37 34
15 37 35
12 38 35
11 37 36
12 38 35
13 38 35
13 38 35
14 39 34
13 38 34
14 39 34
12 41 35
11 42 37
11 40 37
12 41 37
13 41 38
14 42 39
14 41 40
15 41 40
14 41 40
15 41 40
15 41 40
13 40 40
14 41 39
14 39 39
14 38 39
14 39 40
13 38 38
13 39 36
11 39 34
10 38 35
12 38 36
16 38 35
16 37 34
14 37 35
11 37 35
12 37 34
13 36 32
13 38 32
13 38 33
13 39 33
12 40 33
12 40 33
13 39 34
13 39 35
09 39 34
05 42 33
06 42 33
11 42 34
08 41 34
05 40 34
09 39 37
12 42 38
09 40 38
09 38 36
12 35 37
15 35 36
16 35 36
14 38 36
14 37 35
15 38 35
15 37 35
17 38 35
16 39 35
13 38 35
12 36 35
09 37 33
06 37 35
12 38 36
11 38 35
08 38 33
08 37 33
10 36 34
14 36 35
16 36 36
15 38 36
14 39 35
14 38 35
13 38 35
12 39 35
11 38 35
09 39 35
07 39 36
03 39 36
02 39 37
12 38 37
12 37 37
13 37 38
11 36 37
11 36 37
11 35 37
14 35 36
15 36 36
15 36 35
16 36 36
16 36 35
15 35 35
13 35 34
13 36 34
13 36 35
07 36 34
09 38 35
08 37 33
07 37 34
09 36 32
10 37 34
13 37 35
13 39 36
14 38 35
15 37 35
13 37 36
13 38 36
11 37 34
09 38 33
08 38 32
10 39 34
06 39 35
05 37 33
13 38 36
13 38 37
13 40 38
13 37 38
12 37 37
13 35 38
11 34 37
12 35 37
12 35 38
15 36 37
17 36 37
16 37 37
15 37 37
13 36 36
12 37 35
12 37 34
08 39 34
10 39 36
11 39 34
10 39 34
10 39 33
12 36 34
16 37 36
16 38 34
14 37 35
14 39 34
12 37 34
10 40 36
11 36 37
09 37 37
07 39 35
06 38 35
04 38 36
07 38 35
13 39 36
15 41 40
15 39 39
16 37 39
16 36 39
15 36 38
13 36 38
13 36 37
11 37 38
10 37 38
12 38 37
10 39 38
08 40 37
10 38 36
06 39 37
07 40 37
13 38 37
14 38 35
15 38 35
16 37 35
16 36 34
19 37 35
18 38 33
18 38 34
17 38 34
16 38 35
13 38 35
11 40 36
10 41 35
06 39 35
03 39 36
00 40 38
04 41 37
11 40 41
12 40 41
12 40 37
14 39 37
17 38 37
17 38 36
17 38 37
16 39 37
16 38 37
14 37 36
13 38 37
08 40 38
09 40 37
05 41 37
03 39 37
02 41 37
09 40 36
11 39 35
11 38 33
12 37 34
16 36 33
18 37 33
20 35 33
20 36 33
19 37 33
18 37 33
18 36 34
15 37 34
13 38 35
11 38 34
06 38 34
00 39 35
02 40 37
07 41 40
10 39 41
13 39 38
15 39 37
15 38 37
18 40 37
20 37 36
18 39 36
18 39 37
15 39 36
12 40 37
11 37 37
07 37 38
04 37 36
00 40 37
03 39 38
05 37 36
07 37 34
09 37 34
09 36 35
11 37 34
13 38 33
15 36 32
18 33 31
19 32 32
20 32 31
19 35 31
19 36 33
15 36 33
12 37 32
09 36 33
01 38 33
03 38 34
06 39 38
08 39 39
08 39 36
11 37 34
14 36 36
17 37 35
19 38 36
17 40 36
16 38 36
16 37 37
13 39 35
11 40 40
07 39 39
04 40 40
00 38 41
01 39 40
07 37 38
07 35 38
06 36 38
07 36 34
10 35 32
12 34 34
15 34 33
16 35 33
18 33 33
18 35 32
19 34 32
17 36 31
13 36 33
14 37 34
10 35 33
03 40 34
12 37 39
11 38 37
16 38 37
15 38 37
16 36 38
13 37 37
13 36 38
12 38 39
10 39 40
10 40 39
09 39 39
07 39 40
02 40 41
03 41 41
07 38 38
06 36 36
08 36 36
08 36 35
10 36 35
13 34 33
15 35 34
13 36 33
15 36 33
15 35 32
14 34 32
15 36 33
12 36 33
13 35 32
13 36 34
07 36 33
12 36 34
12 36 35
11 37 37
12 37 37
14 38 35
17 37 36
17 37 38
17 37 37
13 39 36
12 39 38
10 39 39
10 39 39
08 41 39
09 41 40
06 39 39
01 39 39
04 40 41
10 37 36
09 37 36
08 37 36
05 37 35
09 35 34
13 35 33
12 35 32
13 36 33
13 36 33
14 37 33
14 36 33
13 36 34
13 35 34
13 37 34
12 36 34
07 36 34
14 35 35
15 37 36
14 37 37
14 38 36
13 38 35
16 36 38
15 35 37
13 36 36
12 38 35
11 39 36
11 42 38
09 42 39
06 43 38
07 42 39
05 42 39
01 43 39
03 44 41
09 39 38
07 38 38
06 38 36
07 37 36
11 36 36
11 36 35
12 36 33
12 36 32
12 36 33
14 34 32
14 35 33
15 36 33
14 36 33
16 36 32
15 36 33
11 36 33
12 35 33
12 34 34
12 37 35
12 38 37
13 39 35
15 39 36
16 37 36
15 36 36
13 37 36
10 41 38
10 40 39
09 41 39
07 42 40
06 42 42
05 44 39
04 40 39
03 41 42
09 39 38
06 38 37
05 36 36
07 36 34
08 35 35
11 36 34
13 36 32
13 37 32
13 37 32
15 37 31
15 35 32
13 36 32
14 36 32
13 35 32
13 36 33
08 36 34
12 37 35
13 36 35
11 37 38
11 37 37
14 37 35
17 37 35
16 37 35
13 37 37
10 39 37
10 39 37
11 39 38
10 39 38
08 40 39
07 41 40
04 41 41
00 43 42
07 39 38
08 38 37
05 37 37
05 37 35
07 37 35
08 34 34
10 35 33
12 36 33
13 35 34
14 35 33
16 36 33
16 36 32
15 36 33
14 36 33
14 35 33
17 37 34
11 37 35
10 36 33
11 37 34
10 37 37
10 38 37
09 39 36
12 37 36
13 38 37
07 40 35
10 41 37
10 39 38
11 40 38
11 40 38
10 41 39
11 41 39
08 39 39
07 40 38
05 42 41
06 40 39
04 38 36
03 35 35
06 34 35
08 34 35
09 35 34
11 37 33
13 37 32
14 36 34
14 36 33
15 34 33
16 35 32
15 35 33
13 37 34
15 35 32
10 36 34
11 37 34
14 36 35
12 38 38
09 36 38
09 39 37
13 36 37
13 36 36
11 37 35
10 39 36
11 39 38
11 40 38
11 42 37
13 40 38
12 39 39
10 40 38
02 41 38
00 41 41
06 37 38
07 36 37
07 35 40
05 31 36
06 34 34
09 35 36
11 36 36
10 39 37
09 36 36
11 35 35
14 37 35
17 35 37
18 37 36
17 39 36
15 37 36
12 36 33
11 36 34
16 35 38
15 37 35
10 38 34
07 37 33
05 38 35
07 38 35
10 39 35
08 38 34
11 41 32
11 38 33
10 40 34
10 39 34
12 39 33
12 40 35
10 41 37
09 40 36
04 40 38
04 43 41
09 40 40
10 37 39
08 36 39
06 38 38
08 36 37
09 36 37
11 34 35
11 34 36
13 35 35
13 35 35
14 35 35
16 36 34
16 35 35
13 36 33
14 35 34
15 37 33
08 36 33
10 36 32
12 39 32
11 38 36
09 38 36
10 41 34
11 38 35
13 35 37
14 36 36
14 39 37
13 41 38
10 40 41
10 41 40
09 40 39
10 40 40
06 41 39
08 40 38
01 41 39
04 41 39
09 39 36
07 37 35
06 36 35
06 36 34
10 35 33
12 35 33
13 36 33
12 36 33
12 36 32
15 36 33
16 33 33
20 36 34
18 35 34
16 37 34
15 36 34
09 36 35
07 37 33
11 34 34
11 38 38
10 37 39
08 40 36
11 39 35
15 37 36
10 37 36
13 41 36
12 39 37
11 38 38
11 41 38
12 41 38
12 41 39
09 40 38
09 39 38
03 40 40
02 41 40
05 37 35
06 36 35
05 35 35
07 37 35
09 36 35
12 34 34
12 35 32
11 35 32
14 34 31
13 36 32
15 36 32
18 35 32
19 36 32
19 36 32
17 37 32
18 37 33
14 35 34
11 37 34
10 36 34
07 36 36
08 38 38
06 39 39
10 40 39
14 38 38
11 39 38
11 41 37
11 39 39
11 39 39
13 41 39
13 42 39
13 39 39
10 42 39
07 39 37
06 37 37
04 39 37
05 37 36
06 36 34
06 35 33
06 34 32
08 36 32
11 35 32
14 37 31
15 36 32
14 35 32
15 35 32
16 36 32
17 36 33
16 36 34
15 39 34
14 38 34
11 39 34
09 39 36
09 38 37
11 39 37
14 39 38
14 39 37
13 38 37
10 39 38
11 36 38
12 39 38
13 39 39
13 39 39
11 39 38
13 39 39
12 39 39
13 38 37
13 38 38
14 38 37
12 37 38
13 38 36
11 37 37
11 37 35
09 37 35
10 36 35
12 35 34
13 38 34
14 37 34
13 37 34
13 37 33
13 38 34
14 37 34
13 37 34
14 36 34
13 38 35
13 37 35
13 38 36
13 39 35
13 38 35
13 39 36
12 38 36
14 39 36
13 40 36
13 39 36
12 40 36
12 39 36
14 40 36
13 38 36
12 38 34
12 37 36
12 38 35
14 38 36
13 38 35
13 38 35
12 37 36
14 38 36
13 37 36
12 37 36
12 37 36
14 39 35
12 38 35
13 39 36
13 38 36
13 38 35
12 38 36
13 38 35
12 38 36
13 39 36
13 39 36
13 39 35
13 38 34
12 39 36
12 39 36
13 38 36
13 38 36
12 38 35
14 37 35
12 37 35
12 39 36
12 38 36
12 38 36
14 37 36
12 38 36
13 37 36
12 37 35
11 39 36
12 38 36
12 38 36
13 38 36
12 38 36
13 37 35
11 38 35
12 37 36
12 38 35
12 37 36
13 37 36
12 39 36
12 38 35
13 38 35
13 37 35
13 38 37
13 38 36
14 38 36
13 37 36
14 39 36
12 38 36
13 38 35
12 36 36
12 38 35
13 38 36
12 38 35
12 38 34
14 37 36
12 37 35
14 38 35
12 38 36
13 39 35
12 36 35
13 38 35
12 38 35
12 37 36
12 38 37
14 37 35
13 36 35
13 37 35
13 38 35
11 37 35
13 37 35
12 37 37
12 37 35
11 38 36
13 37 35
13 38 36
13 38 36
12 38 36
12 37 35
12 37 36
12 37 36
12 38 35
13 37 36
13 38 36
13 37 36
13 38 36
14 37 36
12 37 35
13 38 36
12 37 35
12 37 35
14 38 35
12 38 35
12 39 36
12 38 37
12 38 36
12 37 36
13 39 36
13 38 36
14 38 36
13 38 37
12 37 36
13 37 36
12 37 34
12 36 36
12 37 35
12 38 35
13 38 36
13 37 35
13 38 35
12 36 36
12 38 35
13 38 36
12 38 36
13 38 35
12 38 35
12 37 35
12 37 36
12 38 36
12 38 35
13 38 36
12 38 36
13 38 36
13 38 35
13 38 36
13 38 35
12 38 36
13 38 34
12 40 36
13 39 36
12 38 37
12 40 36
11 41 36
11 43 37
11 43 37
10 46 37
11 48 36
10 50 36
11 53 36
11 53 36
13 54 37
14 54 37
17 55 37
19 53 38
21 52 40
24 49 40
28 50 40
32 46 38
34 41 39
37 39 39
39 38 39
41 35 40
42 36 43
42 35 43
43 34 45
42 34 48
42 35 50
40 33 52
40 34 54
39 34 53
38 38 56
40 34 55
40 35 53
42 35 53
42 35 51
42 36 50
43 36 50
42 36 51
42 36 52
41 34 51
42 35 52
41 34 51
42 34 51
43 36 52
41 36 51
43 36 52
41 34 52
43 35 51
41 36 51
41 36 51
41 36 51
41 36 50
