37 40 49
37 40 49
36 41 50
37 42 50
35 42 49
36 43 48
38 44 46
36 42 43
35 49 47
35 44 43
35 43 42
34 42 41
32 43 42
29 41 43
25 50 44
22 43 44
20 51 48
15 46 46
15 41 46
12 42 47
12 42 44
13 41 43
11 42 43
14 41 41
13 42 41
13 45 41
13 41 41
14 41 41
13 41 43
14 41 42
13 41 45
13 41 44
14 42 43
13 41 44
13 42 43
14 42 42
14 42 40
13 42 42
12 42 40
13 46 40
14 44 42
15 44 40
14 46 38
15 46 37
15 47 35
16 47 35
17 45 35
19 45 33
19 44 34
21 45 33
23 47 33
22 44 34
21 48 31
21 47 31
22 43 32
21 46 28
13 53 30
26 47 41
29 50 40
22 60 35
23 55 33
19 53 36
23 57 36
21 54 38
23 50 36
24 47 36
23 48 38
21 51 37
21 53 38
22 52 38
24 49 38
23 51 38
21 47 40
22 51 40
24 49 38
22 50 39
22 50 40
23 49 39
22 48 40
22 48 42
21 48 43
22 48 40
22 50 37
22 48 39
22 50 37
24 53 37
25 49 37
25 50 34
24 50 32
25 53 31
27 50 34
23 51 35
23 53 32
25 51 34
25 53 34
25 53 32
27 52 30
27 52 30
25 51 32
22 52 33
21 50 34
20 49 31
16 51 31
12 49 33
16 53 32
20 55 32
23 56 35
28 55 37
32 52 41
33 52 44
34 51 44
33 55 46
33 54 42
33 54 44
30 55 46
29 48 46
27 47 48
27 43 49
28 44 49
30 37 52
29 36 53
28 33 48
23 29 51
24 30 47
22 28 45
21 30 45
20 31 49
20 30 50
22 30 50
21 33 50
23 30 53
25 28 51
22 27 50
22 30 50
23 29 50
22 28 50
23 33 49
24 36 48
26 38 47
27 38 46
27 35 48
28 36 47
28 36 45
21 39 42
14 41 45
11 43 45
10 44 41
06 44 39
05 41 39
05 42 37
06 42 36
09 40 35
09 39 34
10 38 32
10 38 33
11 38 32
12 38 33
13 38 33
13 38 32
12 38 33
10 37 32
08 38 31
06 40 31
12 37 33
18 37 36
13 39 34
13 38 34
13 37 34
15 37 35
15 36 36
14 38 34
17 39 33
15 40 36
15 38 35
15 37 37
14 33 39
12 38 36
10 43 35
10 43 34
05 42 36
02 43 34
02 43 36
06 42 36
13 40 36
11 41 33
09 40 32
08 40 32
08 39 31
11 38 32
13 36 31
15 37 31
14 37 31
15 38 30
16 39 30
17 38 30
16 38 30
13 38 31
08 38 32
08 39 33
08 39 34
13 38 37
18 36 38
13 38 36
13 38 38
13 36 35
16 38 36
18 37 37
15 37 37
15 39 36
15 39 35
14 38 37
14 37 37
13 38 36
09 39 36
06 39 36
03 39 35
02 39 37
02 40 38
11 40 39
12 39 36
08 39 33
06 37 33
09 37 33
10 39 33
12 39 34
14 38 33
16 36 32
16 36 32
18 37 31
19 37 32
18 36 31
16 38 33
13 39 34
12 39 35
05 41 33
03 44 38
12 41 40
08 41 39
10 40 40
11 38 37
15 37 35
17 40 37
20 38 36
20 40 36
19 42 37
17 40 38
16 42 37
14 42 38
13 42 37
09 43 38
08 44 37
07 44 37
07 43 37
12 42 35
10 41 34
10 39 32
10 39 32
10 40 33
13 39 33
15 39 32
16 38 33
16 38 33
16 38 34
17 37 34
18 37 33
18 37 35
15 38 36
10 37 35
08 39 35
00 41 34
04 38 35
14 35 36
09 40 37
11 38 34
11 36 33
17 36 33
19 38 33
23 41 36
22 41 37
17 41 37
16 42 38
14 42 39
13 40 36
11 39 37
08 37 37
05 38 36
06 41 36
05 43 37
11 42 37
15 41 36
10 40 35
09 40 34
11 38 34
12 38 34
14 38 34
14 38 35
16 37 33
17 36 33
19 37 34
19 38 35
18 38 35
17 39 34
12 39 35
12 39 34
09 38 34
05 41 35
01 41 34
08 37 34
10 38 37
12 37 36
18 36 33
15 37 33
14 37 33
16 38 33
17 38 34
16 39 35
16 40 35
16 39 35
14 39 35
11 39 35
10 39 36
08 39 36
07 42 34
05 40 35
09 39 35
13 40 33
10 41 32
10 40 30
11 38 31
13 37 31
14 39 31
15 39 31
17 38 31
16 38 31
13 38 32
13 39 32
13 38 32
14 37 32
09 39 32
08 39 31
06 39 29
04 40 32
10 37 32
17 40 35
14 40 37
13 37 34
12 36 33
15 36 35
14 38 35
16 38 35
15 39 35
16 39 36
15 40 36
15 38 36
15 39 36
14 38 36
11 39 36
13 40 36
09 40 33
06 41 34
05 42 34
12 42 35
15 41 35
12 41 32
11 39 32
09 38 33
12 37 32
13 37 33
15 36 33
15 39 32
15 39 32
14 39 32
14 37 33
15 38 32
13 39 32
12 38 33
10 38 34
07 39 33
09 39 34
11 40 37
15 38 37
13 38 36
11 39 36
12 37 35
13 36 35
15 39 35
16 38 36
16 39 36
15 38 36
14 39 34
14 39 34
11 39 34
09 40 35
10 39 33
08 39 32
10 38 31
12 36 32
12 38 30
11 38 30
13 38 29
13 38 29
12 39 28
13 39 29
13 40 31
10 39 31
12 38 31
11 39 31
12 37 30
14 38 32
15 40 31
14 40 32
13 40 32
13 37 32
12 38 33
14 38 33
13 39 34
07 38 33
04 38 32
12 36 35
19 37 37
16 40 37
11 43 36
11 40 35
12 37 35
14 37 37
13 37 37
12 37 36
12 39 37
13 40 35
14 39 34
14 38 32
16 38 32
17 42 32
19 40 31
16 40 31
11 41 31
07 43 31
05 43 33
08 41 33
11 40 34
11 41 35
10 37 33
07 38 32
09 38 33
09 38 31
11 37 33
15 37 33
16 40 35
17 38 33
17 38 34
18 37 35
17 37 33
16 37 34
13 40 35
08 43 34
04 42 32
03 46 31
06 43 32
13 39 32
12 38 33
11 38 33
12 40 31
18 40 33
18 38 33
20 38 34
19 37 36
16 36 37
14 38 38
15 39 36
13 39 35
11 39 37
09 40 37
06 41 37
04 41 36
02 40 37
09 39 36
14 39 34
14 39 35
12 40 34
11 38 34
10 38 34
10 38 32
13 38 32
14 37 32
16 38 32
16 38 34
18 38 34
18 38 33
17 39 33
16 39 34
14 39 35
11 41 35
08 38 34
04 40 35
04 40 35
10 37 36
13 38 37
12 37 34
14 35 32
12 37 34
15 36 34
18 38 34
20 40 36
16 40 35
17 40 36
16 39 36
15 40 36
12 38 35
11 37 35
08 38 34
06 39 35
04 40 34
07 39 36
11 40 34
11 36 32
10 38 31
12 39 32
14 39 33
15 39 33
16 39 33
17 39 33
17 38 33
17 37 32
15 38 33
16 38 32
15 37 30
14 39 32
09 39 32
08 37 32
08 39 32
03 42 34
06 39 34
11 40 35
15 39 35
15 39 36
12 38 34
11 37 34
15 38 34
16 38 34
15 38 35
15 39 34
15 38 34
16 38 33
17 38 34
16 39 34
12 38 35
10 37 34
09 37 34
05 40 34
04 41 34
08 40 34
11 40 34
11 39 34
12 39 34
11 38 34
12 38 33
12 38 32
12 38 32
14 38 32
16 38 33
16 37 32
15 39 32
14 39 32
14 37 32
12 37 32
10 37 32
08 36 31
05 37 30
08 37 31
15 38 35
16 40 36
11 38 35
10 37 33
09 35 34
14 33 34
16 36 35
16 38 34
16 38 35
15 38 36
14 37 35
15 39 35
14 38 36
15 39 36
14 36 36
11 40 36
09 39 35
04 40 35
04 39 35
08 40 37
14 38 35
14 39 34
09 41 33
09 38 33
11 38 33
12 37 34
12 38 32
13 38 33
15 37 32
15 37 31
15 37 33
17 38 32
17 38 33
17 38 34
16 38 34
12 38 34
08 39 33
06 40 34
05 39 34
08 39 36
14 38 37
12 38 36
12 37 35
11 37 33
14 38 34
17 38 34
17 38 35
17 41 36
16 39 35
16 37 34
14 39 36
13 38 35
13 38 35
13 37 36
12 38 36
07 39 36
03 38 35
05 41 36
06 40 35
13 36 34
15 39 35
15 39 34
12 39 34
11 39 33
10 39 32
13 38 32
14 38 32
16 37 32
15 39 33
15 37 33
16 38 32
15 38 34
15 38 33
12 38 34
10 37 35
08 38 33
06 41 35
07 38 34
09 39 35
15 37 36
13 38 37
13 39 35
12 38 34
14 38 35
15 38 35
14 39 35
14 38 34
15 38 35
15 38 34
15 38 34
12 38 34
12 39 35
14 39 35
13 39 34
10 40 34
08 38 34
07 40 34
10 41 33
10 41 34
13 37 31
12 38 32
11 37 31
10 38 31
12 39 32
13 38 31
14 39 32
15 38 32
15 38 33
16 39 31
15 38 32
14 38 32
12 38 33
12 39 32
12 38 32
10 38 32
07 40 32
06 39 33
14 38 34
20 38 36
17 40 34
13 36 33
10 37 34
10 38 34
12 38 35
14 39 35
14 39 34
14 39 34
13 38 34
12 39 34
13 38 34
12 38 33
13 39 33
13 38 33
12 38 33
12 38 33
12 38 34
09 39 34
09 40 33
12 40 32
15 38 32
10 38 31
09 39 31
10 39 31
13 39 30
12 38 32
13 36 31
13 37 31
14 38 30
13 39 30
14 38 30
13 38 30
14 39 30
13 39 31
12 37 31
11 39 31
08 40 31
08 41 30
10 39 33
15 37 34
17 38 34
13 39 33
11 38 32
09 37 33
09 39 34
12 38 34
13 40 34
14 37 32
13 38 34
13 38 33
13 38 33
14 38 33
14 37 34
13 39 33
14 39 33
14 37 33
13 36 34
12 36 33
13 37 34
12 38 34
08 38 31
05 39 33
06 39 33
11 39 34
15 40 34
15 42 35
12 40 35
11 39 34
09 37 34
11 36 34
13 35 33
13 38 34
12 38 34
13 38 32
14 38 32
15 37 33
15 39 33
13 38 34
12 36 34
12 37 35
10 36 34
06 38 34
08 36 35
13 35 36
18 35 37
13 36 35
11 36 34
12 36 35
14 36 35
15 38 36
14 38 35
14 37 34
14 38 36
15 37 34
15 38 36
13 38 35
13 36 35
11 38 35
12 37 35
08 38 36
03 40 38
05 37 38
12 38 37
16 37 37
17 37 36
16 36 35
12 39 35
08 39 34
06 38 33
07 38 33
11 38 33
12 37 32
15 38 33
15 38 33
15 38 33
16 37 34
16 38 34
16 37 36
15 38 35
12 38 36
11 37 35
04 39 34
05 41 37
10 39 35
14 38 36
14 38 35
10 40 33
11 38 33
09 37 34
15 39 35
15 38 34
15 40 35
15 38 36
14 39 37
15 39 37
13 39 38
13 38 38
12 38 38
12 38 40
13 38 39
14 39 37
13 37 36
11 37 33
06 38 34
04 38 34
06 37 32
10 35 32
15 34 33
17 35 34
15 36 34
10 37 33
09 35 31
09 34 32
09 34 33
10 36 32
13 37 31
14 37 33
15 37 33
15 38 33
13 37 33
14 38 34
12 38 33
13 38 34
12 39 34
11 39 34
07 39 34
10 39 33
11 40 35
11 39 35
12 39 35
13 38 33
12 38 33
12 37 33
12 37 33
12 37 37
12 36 37
11 35 36
13 37 37
13 38 37
13 39 35
13 38 35
13 38 35
10 38 36
10 41 37
11 42 37
10 45 36
10 45 37
08 46 38
11 45 39
13 48 39
15 49 38
17 47 38
19 48 39
20 49 41
23 51 42
24 52 43
28 50 44
30 48 41
33 49 38
34 42 39
38 42 41
38 45 41
39 41 42
39 40 45
38 40 47
38 37 49
36 36 49
37 37 51
37 37 53
38 33 51
39 37 52
39 35 54
42 35 53
42 33 49
41 36 51
40 36 51
42 36 51
41 35 52
42 34 51
40 34 52
39 33 50
40 34 50
41 36 52
41 35 53
40 35 50
40 35 51
40 35 51
40 35 52
