10 32 36
10 32 36
11 34 38
08 34 37
08 35 37
08 34 37
10 34 38
11 34 37
12 34 37
13 33 36
13 35 36
15 36 36
16 36 36
17 37 37
17 37 36
19 38 37
17 37 35
15 39 35
12 40 35
12 40 34
11 40 33
11 39 34
09 41 34
13 42 34
13 42 33
16 42 34
16 42 33
12 43 34
13 43 35
13 42 35
12 40 34
13 40 35
12 39 35
14 40 35
13 39 33
12 39 34
10 37 33
11 36 34
12 36 33
10 36 33
08 35 32
09 35 35
12 35 34
15 36 36
16 37 35
16 37 35
18 38 35
18 37 35
16 37 35
15 37 36
15 39 36
12 39 36
13 38 36
12 39 35
12 38 35
11 40 36
13 42 34
13 42 35
14 43 35
10 44 36
10 44 36
10 46 36
09 46 33
12 48 33
16 42 33
17 40 31
16 43 31
15 44 31
15 43 30
16 43 30
17 44 31
19 43 32
19 44 31
21 42 32
21 43 32
22 42 33
20 43 32
17 43 34
16 42 35
14 42 34
10 42 36
08 41 34
07 41 34
06 41 34
06 41 36
09 38 36
12 37 34
13 36 34
16 39 33
17 39 33
19 38 34
18 38 34
18 39 34
18 38 35
16 39 34
13 39 36
12 38 36
12 38 36
10 41 38
08 41 37
08 41 36
03 42 34
00 42 33
03 39 34
10 38 31
11 39 32
13 38 31
14 38 29
16 38 27
18 36 28
20 37 28
16 37 30
15 36 31
15 37 30
15 37 32
15 37 32
14 38 33
12 37 32
10 38 33
10 37 32
08 37 31
03 38 31
03 38 33
07 38 34
13 36 35
13 35 35
15 37 34
18 37 34
20 38 35
20 39 36
20 38 35
18 39 36
15 39 37
12 39 36
11 39 37
11 38 37
13 37 37
13 38 36
11 38 37
09 38 36
07 36 35
03 37 33
00 37 32
03 38 31
10 37 32
10 38 33
12 38 33
15 37 30
15 38 31
16 35 30
17 35 32
18 36 32
18 35 32
15 37 31
16 36 31
14 36 32
13 37 31
11 37 31
11 38 32
10 39 33
04 38 32
02 38 31
05 38 33
12 37 36
13 37 34
11 37 34
15 37 34
16 38 34
19 38 36
20 40 35
19 40 36
17 41 36
15 40 36
12 41 38
11 38 38
12 37 36
12 38 37
08 38 37
06 37 35
04 36 35
02 37 34
03 38 35
08 37 33
10 36 33
09 37 33
12 39 31
14 38 31
15 35 31
16 35 31
18 37 30
17 38 32
16 38 32
16 37 32
15 37 31
16 36 32
14 37 31
12 37 32
11 39 32
11 38 32
08 38 32
05 38 31
06 39 34
10 39 35
11 38 36
10 37 35
10 38 34
13 37 35
15 38 36
18 39 37
19 39 37
20 40 37
19 39 36
17 39 36
15 39 37
12 38 36
09 38 36
06 39 36
06 38 35
06 37 34
05 37 34
03 38 33
07 37 33
10 36 32
12 37 31
12 38 32
15 35 31
16 38 29
17 35 30
18 36 31
18 38 32
18 37 30
16 38 30
13 38 31
13 38 31
11 37 31
10 38 31
10 40 31
12 39 33
09 38 32
07 40 32
06 39 33
07 41 35
11 38 35
12 36 33
13 37 35
14 38 35
16 38 35
19 39 36
19 38 36
19 38 36
19 39 35
17 38 36
14 39 35
14 37 34
15 38 35
12 38 35
09 38 36
09 38 34
09 37 34
05 38 33
02 39 35
03 40 34
09 38 33
10 37 33
09 40 33
12 39 33
12 38 32
16 35 31
17 34 30
18 36 33
17 38 32
18 36 30
16 35 30
17 37 31
15 37 31
13 38 30
12 39 32
09 39 33
08 38 34
05 38 32
03 40 33
07 40 36
13 37 36
13 35 33
12 35 34
12 36 35
16 37 36
19 37 36
19 37 34
20 38 35
19 39 36
17 37 36
13 38 34
13 37 35
11 38 35
09 39 37
08 39 35
09 38 35
07 39 33
04 39 34
02 41 33
07 40 33
11 37 33
11 37 33
12 40 34
13 40 33
14 37 32
18 35 33
19 35 33
18 37 31
17 38 30
16 37 30
16 36 30
16 38 32
11 37 32
09 38 32
09 37 34
09 35 34
03 38 34
04 38 33
10 37 36
12 36 37
11 34 36
14 35 35
16 36 35
19 36 36
18 37 36
19 38 35
16 37 36
16 38 35
17 39 35
15 39 35
13 40 35
13 40 34
12 41 36
09 42 34
10 40 33
06 40 33
04 40 33
04 40 33
09 38 32
12 36 32
12 36 32
12 36 32
12 36 32
13 32 30
17 34 32
18 35 32
17 37 32
15 35 30
16 35 31
17 36 29
13 38 28
12 39 27
11 38 26
10 39 27
11 38 29
08 39 30
07 39 29
07 38 31
12 37 33
13 36 33
14 36 32
12 36 29
12 38 32
14 36 32
16 38 33
17 36 33
18 36 35
17 35 35
16 36 31
14 38 30
13 40 30
13 39 30
11 41 30
09 39 32
10 41 30
10 41 32
07 42 32
03 43 33
07 42 31
09 36 33
08 44 33
09 39 33
13 38 29
15 31 32
17 32 33
17 35 32
17 36 31
19 38 30
19 40 30
17 38 32
14 41 31
12 41 31
10 42 31
11 41 32
11 41 34
10 40 35
08 38 32
05 39 31
06 39 34
14 38 36
14 35 34
14 35 35
16 36 36
17 39 35
18 39 35
19 39 35
19 40 34
18 41 34
18 40 35
17 40 34
14 40 33
14 40 33
10 38 36
10 42 36
09 43 33
08 39 32
01 39 32
02 41 34
07 39 35
12 39 33
12 40 34
12 38 34
13 37 33
17 34 32
19 33 32
19 36 31
18 38 32
17 39 30
16 39 30
15 40 32
15 38 32
14 40 33
10 39 31
08 37 32
10 39 35
07 37 32
05 40 31
07 38 33
09 37 35
12 35 33
13 33 35
13 34 36
15 37 38
18 39 36
19 40 33
21 40 33
19 43 33
19 41 33
17 40 32
17 42 30
16 44 33
13 39 36
11 45 35
12 48 29
11 45 29
06 50 30
02 49 33
08 43 33
12 38 33
12 36 32
12 40 30
11 40 29
15 38 29
18 39 30
20 39 30
19 39 32
19 40 31
18 39 33
18 41 32
17 42 34
16 41 33
14 42 34
11 41 33
11 41 35
09 40 36
07 38 32
05 38 32
06 38 35
09 37 36
12 35 34
12 38 34
14 38 34
15 38 34
18 37 33
20 36 34
20 35 33
18 35 35
17 39 35
14 41 33
14 41 33
13 39 33
11 39 35
08 37 35
08 37 34
06 37 34
01 38 35
01 40 38
06 40 36
11 35 33
11 37 35
09 35 34
13 39 34
15 34 33
16 36 31
16 37 32
15 37 33
15 37 31
16 38 31
19 38 31
19 38 31
17 39 30
15 39 31
14 39 31
13 39 33
11 39 34
05 38 32
02 39 33
03 40 35
08 39 38
12 35 35
12 34 36
13 35 35
18 37 36
19 39 35
19 38 35
20 38 34
18 37 36
16 40 37
14 39 36
13 40 36
13 39 35
11 38 36
08 38 37
07 37 35
03 38 34
00 40 35
01 40 35
09 39 34
12 38 35
10 35 36
10 33 34
13 35 32
15 35 31
17 36 31
19 37 33
18 37 31
18 37 31
18 38 31
18 38 33
17 37 31
13 37 31
11 37 31
11 38 32
10 37 34
05 37 31
04 40 33
09 40 36
11 37 36
10 35 35
12 36 34
15 39 34
16 38 35
19 39 35
21 38 35
20 38 35
18 39 35
16 38 35
14 39 37
11 42 37
11 40 36
09 39 36
09 42 37
07 40 35
07 39 36
04 40 34
03 41 36
06 40 33
11 37 33
10 37 34
11 38 32
12 37 30
16 37 30
16 36 30
16 36 29
15 35 29
16 36 30
14 37 30
16 37 31
17 38 30
15 39 31
14 38 31
14 38 32
12 39 33
09 39 33
06 39 33
06 39 32
06 39 36
11 37 35
11 37 35
10 37 35
13 37 35
17 39 36
20 39 35
20 38 35
20 39 36
18 38 34
17 38 35
15 40 36
13 38 36
12 40 36
11 39 37
09 38 36
09 37 33
06 39 35
01 41 36
04 41 35
09 39 34
10 38 33
09 39 35
09 38 35
13 37 32
15 34 30
17 35 31
18 35 31
19 35 32
18 36 31
17 36 31
18 37 31
16 36 31
13 37 31
11 38 32
11 38 33
10 39 34
06 37 33
05 38 32
06 39 34
11 38 36
10 35 35
09 37 35
12 37 35
16 38 37
19 38 37
20 37 35
21 38 36
20 40 35
19 39 35
17 38 36
14 38 35
12 39 36
11 39 37
09 39 36
08 39 36
06 39 34
03 40 35
02 41 35
07 38 34
09 38 34
10 38 35
10 38 34
12 37 31
17 35 32
16 34 32
18 36 32
17 36 32
17 36 33
17 37 31
17 38 33
17 38 32
13 39 33
10 38 33
11 40 33
11 39 34
08 37 34
06 38 33
03 39 34
08 38 35
10 37 36
12 37 34
12 37 33
15 37 35
17 38 35
20 38 35
19 38 35
19 38 35
17 39 35
16 38 36
15 39 35
14 38 36
13 39 36
09 40 36
08 39 36
06 38 34
04 39 34
01 39 35
04 39 33
11 37 33
11 38 34
11 38 33
13 37 31
15 36 30
18 34 31
17 36 32
17 36 31
16 36 30
16 37 32
16 37 31
17 38 32
15 40 32
13 40 32
10 40 32
10 39 33
09 39 34
06 38 32
03 38 32
07 38 35
12 38 35
11 35 33
12 37 33
14 38 33
17 39 33
20 36 33
21 38 34
21 39 33
19 39 33
19 39 34
17 40 34
15 40 34
14 42 35
13 42 34
11 41 34
08 41 33
08 39 34
04 40 33
01 42 34
03 39 32
10 39 31
11 39 33
13 38 31
11 38 30
13 36 29
18 33 28
19 33 30
19 34 29
17 36 30
18 36 29
15 36 29
15 35 30
11 36 28
09 35 29
09 37 31
09 37 32
07 36 32
05 37 31
08 38 33
15 36 35
14 34 36
12 35 34
12 36 33
15 37 35
15 36 36
16 37 35
15 38 35
16 38 35
15 37 35
14 38 35
16 38 34
14 39 34
13 36 35
11 38 33
10 36 34
07 37 33
07 37 34
07 38 32
08 36 33
07 37 33
06 37 32
09 35 32
12 35 32
12 36 31
12 36 32
15 35 32
15 36 33
13 35 32
10 36 32
09 37 32
13 37 33
13 38 35
14 39 34
15 37 35
16 36 37
15 37 36
13 37 35
09 39 34
09 39 35
13 39 36
14 37 36
16 40 36
