13 37 37
48 13 37
13 38 38
11 39 38
13 37 38
14 38 37
12 38 38
13 37 37
13 37 37
12 38 37
14 38 38
14 39 39
12 38 38
12 37 38
13 37 38
13 38 38
12 37 37
14 38 37
15 38 37
14 39 38
13 37 38
14 38 37
14 39 38
14 38 38
14 39 37
14 38 38
13 38 38
14 39 38
13 40 38
15 39 38
13 38 38
14 38 38
14 38 38
13 38 38
13 39 38
13 37 38
13 38 39
13 39 39
13 37 39
13 38 38
14 38 39
13 37 38
15 37 39
14 35 39
15 36 40
15 35 39
15 35 40
15 35 39
15 36 41
14 37 39
12 38 40
14 38 40
14 38 39
13 37 39
11 37 39
12 39 39
13 38 39
13 39 39
14 37 39
12 38 38
13 38 37
13 39 39
14 39 38
13 39 37
12 39 37
13 40 37
15 39 36
14 40 36
14 40 37
13 43 36
15 41 36
15 41 36
15 42 36
15 40 37
14 40 37
14 41 38
15 40 37
14 40 37
13 39 37
13 40 38
15 40 38
14 40 38
13 40 37
13 38 38
11 40 37
11 39 37
13 39 36
13 40 38
13 38 37
15 37 37
14 38 36
14 38 37
13 36 36
11 36 38
11 37 38
13 36 38
15 37 39
14 36 38
15 36 38
13 36 38
13 37 38
14 37 37
14 37 38
13 38 36
15 38 36
14 36 37
15 37 38
14 39 38
15 38 38
11 38 38
10 40 38
09 39 37
07 39 38
10 38 36
14 39 35
16 39 34
13 39 34
13 38 33
11 38 33
12 39 32
13 38 34
14 40 34
16 39 33
15 39 34
14 40 34
13 41 34
14 40 35
14 41 35
13 40 35
12 40 36
13 39 36
12 39 35
13 39 37
11 39 35
10 39 35
10 38 36
14 39 37
14 39 37
14 36 36
14 37 35
15 36 35
12 38 37
10 37 36
10 39 37
13 38 37
15 36 36
15 34 36
12 35 35
13 36 36
12 37 35
12 38 36
13 37 36
13 35 35
14 37 36
13 38 36
12 36 36
14 36 35
12 36 34
10 37 34
09 38 32
08 37 33
10 36 32
13 36 32
13 35 31
13 35 30
11 37 30
12 38 31
13 39 31
15 39 31
15 39 32
14 39 32
15 38 32
15 40 33
14 39 33
14 40 33
12 40 34
14 40 33
13 39 33
13 39 34
14 39 35
11 38 35
08 39 34
10 40 34
11 41 36
12 38 35
15 37 36
17 39 34
15 38 34
13 38 35
10 38 36
11 38 37
15 37 37
14 37 37
14 38 37
13 36 36
13 37 36
13 38 35
13 37 34
14 39 35
14 38 36
15 38 36
13 38 35
12 38 35
08 40 34
06 40 35
07 40 34
09 40 35
12 37 34
14 37 34
13 36 31
11 38 33
10 39 31
11 39 32
15 38 32
15 37 30
15 39 32
15 39 33
14 38 32
13 40 33
14 40 33
13 40 34
13 40 32
13 39 33
15 40 33
14 40 35
13 39 34
12 39 33
09 40 34
10 40 34
12 40 35
11 38 35
13 36 34
14 36 34
12 37 35
12 37 34
11 36 35
13 36 36
14 38 36
14 35 36
15 36 35
14 37 34
13 36 35
14 38 35
13 38 35
14 39 35
13 38 37
16 38 36
14 39 35
14 38 35
11 39 35
06 40 36
05 40 33
09 42 34
12 40 35
14 39 34
15 38 33
15 39 32
14 39 32
14 39 32
14 41 31
14 41 32
12 41 31
13 40 31
14 40 31
13 40 32
13 40 33
13 40 33
12 41 33
13 42 34
12 40 34
12 40 35
12 40 35
13 38 35
12 38 35
12 38 36
12 38 35
09 40 34
11 43 34
13 41 36
13 42 35
15 37 34
15 38 34
14 40 35
12 40 33
12 39 35
14 39 35
14 38 36
16 38 36
14 37 36
14 37 36
14 37 37
13 37 37
13 38 36
14 37 36
15 38 37
15 37 36
14 38 35
13 39 36
11 41 36
07 41 35
08 40 34
10 42 35
13 40 34
13 40 33
13 39 32
14 39 33
12 39 32
13 40 32
13 42 32
15 40 33
14 40 33
16 39 32
14 39 33
13 38 33
14 40 33
14 40 32
14 39 33
12 41 33
13 39 33
12 39 34
09 39 34
10 39 35
12 40 36
12 37 36
14 38 36
16 39 34
15 40 36
14 40 35
11 37 34
13 39 36
14 38 37
14 39 36
14 38 37
15 38 37
16 38 37
13 36 37
15 38 37
14 38 36
14 38 35
15 38 35
14 37 34
13 38 34
12 39 35
09 41 35
07 42 34
08 42 33
10 41 33
13 39 33
15 40 32
15 39 32
13 39 31
12 39 31
12 40 30
13 40 30
13 40 31
13 38 31
13 38 31
14 37 31
14 39 32
14 38 32
13 40 32
13 39 32
12 40 34
13 41 34
12 41 34
13 39 35
10 41 33
09 40 32
11 40 34
13 41 33
14 39 34
14 38 33
16 39 33
12 39 34
11 39 35
12 37 34
13 37 35
14 36 35
15 36 34
16 37 35
14 38 36
13 37 35
13 37 35
12 38 35
14 38 36
14 37 36
14 39 35
12 40 35
09 40 34
06 40 33
08 41 33
10 41 34
14 39 33
14 38 32
14 38 32
12 38 30
11 38 29
11 39 31
13 38 31
16 39 30
16 39 32
15 39 32
14 37 32
14 40 32
13 39 32
12 39 32
12 40 32
14 40 32
13 40 33
13 39 33
13 39 34
10 40 33
08 40 34
11 40 34
09 42 34
13 38 35
15 38 34
16 39 35
15 39 34
12 38 35
12 36 36
13 38 36
13 38 37
14 37 36
12 37 36
13 37 37
13 37 35
11 36 35
14 37 34
13 38 34
14 38 34
14 39 34
14 39 36
13 40 36
12 39 35
10 40 35
09 40 35
08 41 34
08 40 34
10 39 33
14 39 33
14 38 34
14 38 32
12 37 31
11 37 31
10 38 30
10 37 30
14 38 31
14 37 31
13 39 32
14 39 32
14 38 31
14 39 32
14 39 32
14 40 32
13 41 32
12 40 33
12 39 33
13 39 34
13 40 33
12 40 33
11 40 33
11 40 33
10 40 33
13 41 34
13 40 34
15 37 34
15 37 34
14 38 34
12 39 34
11 37 35
11 37 36
13 37 36
14 37 35
14 37 36
12 37 35
13 39 35
12 37 35
11 37 34
13 37 34
13 39 35
14 37 34
14 38 35
14 38 34
14 39 34
13 39 34
14 38 36
12 38 35
11 39 35
09 39 34
11 40 33
10 39 33
11 38 34
12 38 33
14 38 33
14 38 33
13 37 32
11 36 31
10 38 31
12 40 30
13 39 31
14 39 31
14 40 32
15 41 32
14 41 31
14 43 32
13 42 32
13 42 33
13 40 33
13 40 33
15 40 32
13 39 33
12 40 34
14 40 33
12 42 34
12 41 34
12 42 34
13 42 34
14 39 33
15 38 32
15 38 34
16 39 34
14 40 34
12 39 35
12 40 36
13 39 36
14 40 37
13 40 37
14 39 37
13 39 37
14 40 36
15 39 36
13 39 35
14 41 35
15 39 36
15 40 36
12 40 35
11 40 33
10 40 34
12 41 33
13 41 34
14 41 34
14 41 33
12 41 32
11 41 33
12 42 31
14 42 32
15 41 32
15 42 33
15 41 33
16 41 33
14 41 34
13 42 34
14 42 35
12 41 33
12 42 34
14 41 33
14 41 34
14 41 35
18 43 35
15 40 36
15 41 36
13 43 35
13 43 37
14 43 37
16 42 37
17 42 36
16 41 37
16 41 37
14 42 37
13 42 37
14 42 38
14 42 34
14 43 34
14 43 33
13 44 34
14 44 33
15 45 33
14 44 34
16 44 33
16 45 34
16 44 36
16 43 34
15 43 35
14 44 35
14 45 36
13 45 36
15 43 35
15 43 36
16 43 36
17 45 37
17 43 37
15 41 37
14 41 37
14 42 37
14 42 37
14 42 37
15 43 37
17 42 37
17 43 38
16 43 37
14 44 37
14 45 38
14 43 37
16 42 38
17 41 37
16 41 37
17 42 37
16 43 37
15 44 36
14 44 37
15 44 37
14 44 38
14 43 38
15 44 36
15 43 37
14 43 37
15 44 36
14 43 36
15 43 35
14 42 37
15 42 37
15 42 37
15 44 36
16 44 38
14 44 36
15 42 37
15 44 35
15 44 36
15 43 35
14 42 36
15 42 35
13 42 36
14 42 36
13 42 35
15 41 36
13 44 35
14 44 36
13 43 35
14 42 36
15 43 35
16 44 35
16 43 35
15 44 35
15 43 36
13 43 35
14 43 35
12 42 36
