29 40 51
30 41 50
30 41 50
31 40 51
29 40 52
29 41 52
30 41 52
30 40 52
30 40 51
30 40 51
30 40 51
31 41 52
29 41 52
29 40 51
29 40 51
29 40 51
28 40 52
30 41 49
29 40 51
29 40 50
30 39 49
29 39 52
30 41 52
30 39 52
29 40 52
30 41 51
30 40 51
29 39 51
30 41 51
30 42 51
29 40 51
30 41 51
29 40 51
31 39 51
31 41 50
32 41 52
30 42 52
29 44 52
27 45 53
29 42 52
31 42 51
32 40 50
31 40 50
29 41 51
28 43 50
29 41 50
30 42 49
31 42 51
31 42 51
31 42 52
27 42 52
25 43 54
27 41 53
25 39 52
26 37 52
25 41 52
24 39 50
24 37 49
24 38 49
25 38 47
26 39 49
25 38 50
25 36 50
25 38 50
26 37 50
27 37 49
27 36 50
26 36 50
25 38 51
26 37 52
26 39 51
27 39 53
27 40 51
27 40 52
26 39 52
26 41 53
27 40 53
27 40 54
25 41 54
22 42 54
23 41 51
26 40 49
28 39 49
29 40 48
29 42 49
29 45 50
29 44 49
31 43 50
30 42 50
31 39 51
28 40 50
28 41 49
27 40 48
27 40 49
26 41 49
24 42 50
25 42 51
24 42 53
24 42 53
22 42 52
20 42 54
21 40 54
21 37 50
22 39 48
24 39 48
25 40 49
27 39 50
27 38 51
27 38 50
28 38 51
30 39 50
29 38 50
27 39 51
29 38 51
27 38 51
27 39 51
28 39 52
28 39 53
27 37 53
26 39 53
24 39 53
21 41 53
19 42 54
22 39 51
27 37 49
29 40 48
30 40 47
30 43 48
27 47 53
25 45 50
29 42 49
32 41 48
31 43 48
30 43 48
27 42 49
27 39 49
27 41 49
28 42 49
27 42 50
27 42 52
26 42 53
27 42 53
27 42 55
26 40 54
24 39 51
24 40 50
23 38 50
25 38 49
29 36 50
31 37 50
30 37 50
29 38 50
29 40 51
31 38 50
31 39 51
29 39 52
29 38 50
28 38 51
27 39 51
28 38 51
29 40 53
27 40 51
27 40 53
30 41 52
30 42 53
27 44 54
25 46 54
26 40 52
28 39 50
29 40 50
27 42 51
27 41 50
26 43 53
27 41 50
29 41 50
28 40 49
28 38 48
28 40 48
26 39 48
28 42 47
29 40 50
29 41 51
30 42 54
30 41 55
30 43 54
28 43 53
27 44 52
29 41 51
28 41 49
26 43 47
24 43 46
24 39 48
27 39 49
26 38 51
26 39 51
25 36 53
27 36 53
28 37 54
28 35 54
30 36 53
30 36 51
30 38 50
31 39 50
29 42 49
30 41 49
29 42 51
28 41 52
25 40 51
23 39 49
23 40 48
24 39 44
25 38 47
24 40 47
20 41 47
20 39 49
22 38 49
20 40 49
21 37 49
20 37 48
20 36 45
18 36 44
15 39 42
12 38 41
11 39 41
09 42 40
06 44 38
06 42 42
11 39 43
11 38 41
13 38 40
14 37 39
15 37 37
15 38 39
16 39 40
17 37 41
20 37 41
18 37 42
16 37 42
17 37 43
16 36 42
14 37 43
14 37 42
13 38 42
13 36 42
15 36 43
14 39 42
10 41 42
06 40 42
08 39 40
11 40 38
11 39 38
12 39 38
11 38 37
13 40 38
17 38 39
17 38 38
16 37 37
17 39 37
17 37 36
15 37 38
15 39 37
14 38 38
14 39 38
14 39 39
12 40 41
13 39 42
12 40 42
08 41 43
11 38 45
12 40 45
10 41 45
12 40 45
12 41 46
09 45 48
11 44 50
15 41 47
22 35 45
26 33 46
26 33 46
29 30 47
28 31 45
28 32 45
32 34 46
34 31 46
36 30 47
38 31 47
39 30 46
40 30 42
39 32 39
37 38 47
30 38 48
20 37 51
14 45 53
17 42 56
18 37 54
16 38 54
15 37 51
16 39 48
15 40 49
13 39 46
14 39 45
17 39 46
16 39 45
16 38 44
17 38 44
17 39 44
18 38 45
18 38 44
17 38 45
16 40 45
12 40 46
13 40 48
15 38 46
18 37 44
18 36 44
17 34 44
17 36 43
17 36 44
18 37 44
17 36 44
17 35 44
18 38 45
18 36 45
19 35 45
17 35 46
17 37 45
16 37 45
17 36 46
17 36 44
17 37 45
19 38 45
18 38 46
18 39 44
17 37 44
15 38 43
17 39 43
16 37 42
16 39 43
15 39 43
15 38 42
14 40 43
14 38 42
16 39 42
16 40 42
16 39 42
16 39 42
15 39 42
15 41 42
14 39 41
16 40 41
14 39 41
14 38 42
15 39 42
15 39 41
15 38 41
15 40 42
15 39 41
16 40 41
16 40 42
14 39 41
15 40 41
14 38 42
14 40 40
14 39 42
16 40 41
14 39 41
15 39 41
14 39 42
16 40 41
15 40 41
14 39 42
14 39 42
16 40 41
15 39 42
15 39 41
16 40 41
15 40 41
14 40 42
15 39 42
15 38 43
15 40 43
16 38 42
15 39 43
17 40 43
14 39 42
17 40 42
16 38 41
15 40 43
16 39 44
16 37 43
17 37 43
16 37 45
16 37 43
16 37 45
16 37 44
16 37 44
17 37 45
18 37 45
17 37 46
17 38 45
17 36 45
17 36 46
17 38 44
17 38 46
17 36 46
18 37 45
17 36 45
18 37 47
17 37 46
17 37 46
19 38 47
20 36 47
19 36 48
19 37 46
18 37 47
17 35 46
20 37 47
20 36 48
21 37 48
20 36 48
21 36 49
19 37 49
21 36 49
18 37 48
20 36 49
20 36 49
21 37 48
21 37 48
20 38 49
22 37 49
20 37 48
21 38 49
22 38 49
23 39 48
23 39 48
22 38 48
21 38 49
22 40 50
23 39 50
21 39 51
22 37 49
22 37 50
22 41 49
22 39 49
22 38 50
23 38 50
22 37 49
22 40 49
22 38 50
22 38 48
23 37 48
21 38 48
21 39 49
22 37 49
21 38 49
21 39 49
