32 48 51
31 46 46
31 46 46
32 43 45
32 45 44
35 48 45
34 47 45
34 46 44
34 48 44
33 44 42
32 40 41
30 43 40
27 45 41
25 44 40
22 46 40
18 45 38
14 47 38
10 50 40
12 47 38
09 44 37
10 45 37
10 43 35
08 41 36
10 41 35
10 42 34
12 41 36
12 40 36
12 41 36
11 40 36
12 39 36
12 39 37
13 39 36
11 38 35
13 39 34
13 40 34
12 40 34
12 39 33
10 40 33
10 38 32
13 39 32
11 40 32
11 38 32
13 39 32
14 38 32
15 39 32
14 40 31
15 40 32
14 41 33
13 40 32
12 41 33
13 42 34
12 41 34
14 41 34
14 40 35
14 41 36
15 40 36
14 40 36
13 39 38
13 39 36
13 39 37
11 40 37
10 40 36
08 41 36
07 40 36
10 38 36
12 38 35
16 39 35
14 38 33
12 37 33
14 38 33
12 38 34
13 39 35
15 40 35
13 39 34
15 39 35
14 40 35
15 38 36
13 40 36
13 39 36
14 40 36
14 39 37
13 38 36
13 40 37
12 40 37
13 40 37
11 40 36
07 43 36
06 43 36
08 42 37
12 40 36
12 39 35
12 38 34
12 36 33
10 37 34
08 39 33
10 38 31
10 37 31
13 37 32
13 39 31
14 39 31
14 40 30
14 39 31
15 38 32
16 38 32
17 38 33
14 38 34
14 38 33
13 38 34
12 37 35
10 39 34
06 40 35
08 39 34
11 38 36
16 38 38
14 39 37
12 38 35
11 37 34
12 37 34
13 38 33
13 39 35
14 39 35
14 38 35
14 36 35
12 37 35
13 36 36
14 37 35
13 38 36
13 38 35
12 38 34
11 40 35
08 40 34
07 39 35
05 42 35
08 40 36
10 37 37
13 36 35
13 36 33
12 38 33
09 40 33
11 39 33
12 36 32
12 38 32
13 38 32
13 38 31
15 39 31
15 38 31
17 38 31
15 39 31
15 38 32
16 37 32
14 37 33
13 37 33
11 39 34
09 37 36
05 39 34
06 39 35
11 38 38
15 37 38
15 37 38
10 38 35
08 37 33
10 37 34
14 39 35
16 39 35
17 39 35
15 39 35
15 39 35
13 38 35
14 38 36
14 38 35
13 37 35
12 37 37
13 36 36
13 36 36
13 39 36
11 42 35
07 40 34
05 41 34
05 41 34
09 39 34
13 37 32
11 38 32
09 38 32
08 37 31
11 37 31
12 38 32
12 38 32
11 38 32
13 37 32
14 37 33
15 36 34
15 38 34
15 38 33
16 37 34
17 38 34
16 39 34
14 40 34
11 40 34
09 41 34
08 41 34
03 42 35
02 40 34
10 38 34
15 37 36
12 38 33
12 36 32
11 35 31
12 37 33
15 37 34
16 38 35
16 39 34
16 38 33
14 37 36
14 36 34
14 39 34
14 37 36
13 37 37
14 34 36
12 37 37
12 40 36
10 41 35
04 39 34
04 39 35
08 39 35
12 37 35
14 38 33
10 37 32
07 37 31
08 36 32
10 37 32
11 37 31
14 38 31
13 40 33
14 36 32
14 37 32
14 37 33
16 39 33
15 37 33
14 38 33
14 38 33
13 39 34
12 38 34
11 38 34
10 39 33
04 40 33
03 38 32
08 38 31
11 40 34
14 40 34
13 38 33
12 37 33
12 35 33
11 36 34
13 37 33
14 37 35
13 37 34
14 37 35
12 39 36
13 38 37
12 37 37
13 39 37
13 38 37
14 37 37
12 40 37
12 40 37
12 39 38
12 38 37
13 38 37
14 37 36
13 38 36
10 39 34
10 38 35
10 37 34
10 38 34
08 38 33
07 37 32
11 37 31
13 39 33
12 38 32
13 36 32
10 38 31
08 41 32
10 40 33
11 43 34
12 44 37
13 46 36
14 45 38
16 43 40
17 41 40
19 43 42
18 42 42
20 38 42
20 40 45
21 41 46
21 38 45
23 37 43
22 38 43
22 37 43
20 36 44
19 38 46
18 36 45
17 36 45
18 39 49
18 36 46
20 37 47
19 40 49
19 40 48
19 39 46
19 38 46
19 36 42
20 37 42
17 40 43
15 40 43
14 41 42
07 46 41
06 44 38
10 43 38
13 44 38
17 42 35
17 43 33
15 44 34
14 45 33
13 44 32
14 42 30
13 41 30
14 40 31
14 40 30
14 40 31
14 39 29
13 40 30
12 40 32
12 40 31
12 39 30
12 39 31
11 39 31
12 39 32
13 39 33
12 41 33
12 40 33
11 39 34
10 38 33
12 38 34
12 38 35
13 39 36
14 39 35
15 38 35
14 38 36
14 38 37
13 38 36
12 39 37
12 39 36
12 38 38
12 40 35
12 38 36
11 38 36
10 38 38
08 35 38
11 34 38
13 36 37
12 39 35
12 41 35
09 41 33
11 38 33
11 37 34
14 39 33
14 39 33
14 37 34
15 38 33
11 37 33
11 38 33
11 37 31
12 38 32
13 38 33
14 40 32
14 39 33
12 40 32
13 38 33
13 38 34
12 39 34
13 40 34
13 38 33
13 39 35
12 38 35
12 38 34
11 39 36
12 39 35
11 40 35
12 38 35
06 40 33
08 38 35
10 39 34
12 38 35
13 38 35
15 38 34
15 37 35
14 36 33
11 38 34
11 38 33
13 38 33
13 38 34
13 38 33
13 38 33
13 38 34
14 39 34
13 38 34
14 38 35
13 38 35
14 37 35
15 37 34
14 38 34
15 38 34
15 37 34
13 38 35
12 39 34
12 38 35
11 38 33
08 39 34
08 40 34
09 40 35
12 38 34
15 40 34
13 40 35
11 39 33
09 39 33
09 38 33
10 37 33
11 38 32
13 38 32
11 39 33
12 38 33
13 36 32
14 37 33
15 37 33
14 38 33
14 37 32
13 37 33
12 38 32
12 38 32
12 39 33
13 36 34
11 37 33
05 39 34
05 38 34
06 38 35
11 37 35
14 38 35
16 38 34
14 36 34
11 38 33
10 37 33
13 39 34
14 39 34
14 38 35
13 40 34
12 37 36
12 37 36
14 36 36
13 36 36
14 35 35
12 37 34
13 38 35
13 38 35
12 37 35
12 37 34
11 39 35
11 39 35
06 41 35
08 39 35
10 40 35
12 40 35
14 37 34
13 37 33
10 39 33
08 35 32
07 37 32
11 37 32
12 38 32
13 39 32
14 38 33
14 38 32
14 37 32
13 38 33
14 37 33
14 37 33
15 38 32
15 38 33
15 37 34
15 38 33
13 38 33
11 37 33
10 37 34
06 39 34
05 38 34
08 39 35
13 40 36
15 37 37
18 37 36
13 36 35
09 36 34
10 38 34
11 37 35
13 38 36
12 39 35
12 35 36
12 36 36
13 35 36
13 36 35
13 39 34
14 39 33
14 38 33
14 36 34
14 37 34
14 38 33
12 40 33
12 39 34
08 39 34
04 38 34
04 40 36
07 38 36
13 38 36
14 37 35
13 37 34
11 40 34
08 38 34
08 36 32
09 37 33
11 38 31
13 37 33
13 37 32
14 37 32
16 38 32
15 37 33
15 36 33
16 37 32
16 37 34
15 38 35
14 38 34
13 38 35
10 37 35
11 37 35
03 40 34
01 39 34
07 39 37
15 38 38
16 37 36
13 37 34
11 37 32
11 35 33
13 37 34
15 38 35
15 39 35
15 38 35
13 37 34
14 37 35
13 36 36
14 35 38
13 35 38
14 37 37
14 38 36
14 38 35
12 38 35
11 40 35
09 38 34
05 40 34
04 39 36
07 38 34
13 36 34
15 38 35
14 37 35
13 37 34
08 38 33
07 38 33
09 37 31
10 37 33
12 37 33
12 38 32
14 38 33
14 37 33
14 37 33
14 37 33
15 37 33
15 36 32
14 37 34
15 38 35
15 38 35
13 39 35
13 39 36
11 38 35
09 40 34
02 40 34
03 38 35
08 40 35
10 39 36
16 38 34
15 36 34
11 35 34
12 38 34
13 37 33
14 39 34
16 38 34
13 40 34
13 39 34
12 35 35
10 29 38
12 30 37
14 34 35
12 36 36
13 39 34
13 37 32
14 37 34
13 39 34
13 37 35
13 38 34
09 37 35
05 37 37
07 39 36
09 38 36
11 37 35
13 39 35
14 36 33
13 37 33
09 38 33
09 38 33
08 37 32
10 37 31
13 38 31
12 37 33
14 40 31
15 37 33
14 38 32
14 38 33
14 38 33
13 38 34
14 37 33
14 38 35
12 38 35
12 36 36
11 37 35
10 37 35
05 38 34
10 37 37
08 40 37
09 38 37
14 38 35
16 36 34
12 36 34
12 38 34
12 39 35
14 37 37
13 36 36
10 32 39
12 33 39
14 36 39
14 37 38
14 38 35
15 38 36
14 38 35
14 37 36
14 36 36
13 37 37
13 37 37
12 39 37
11 37 36
08 38 37
03 38 36
06 38 36
09 37 36
12 37 36
14 35 34
13 38 34
11 38 34
09 38 33
09 36 33
08 36 32
10 37 32
13 37 32
13 37 32
14 39 33
15 38 33
16 38 33
15 37 34
15 37 34
14 37 34
14 37 34
14 39 34
12 38 34
13 40 35
12 39 34
10 39 34
06 37 34
03 39 34
05 37 33
08 38 35
14 37 35
17 38 35
15 36 33
10 37 33
10 38 32
12 37 33
14 37 33
16 36 33
14 36 34
13 35 34
09 31 38
11 30 37
12 35 37
14 39 36
14 40 35
16 39 36
14 38 34
13 38 36
13 39 34
12 39 35
06 40 34
03 39 34
05 38 34
10 37 34
13 38 34
14 37 33
13 37 34
08 38 33
06 35 32
07 33 29
09 37 30
11 37 32
12 39 32
14 38 32
14 38 33
15 36 33
14 37 33
16 38 33
15 39 34
15 40 34
14 42 34
13 42 34
13 41 35
13 41 35
12 40 34
12 39 35
12 40 35
11 40 33
09 39 33
04 40 32
06 39 32
11 39 33
13 39 34
15 37 34
15 37 34
14 36 34
15 35 35
12 38 36
12 38 36
13 39 38
13 36 38
14 37 39
12 38 39
13 38 38
14 36 38
14 36 39
16 38 39
16 39 39
15 38 38
14 38 37
14 38 37
08 39 36
01 36 32
04 38 33
11 40 36
15 40 34
17 39 35
14 41 34
14 40 35
11 44 34
16 43 34
16 45 35
15 45 35
14 45 35
16 45 36
13 44 35
15 43 37
15 44 36
15 42 36
17 43 37
17 42 38
16 42 39
19 43 37
18 45 37
20 45 40
18 46 41
17 44 41
17 46 41
16 45 39
13 45 39
11 45 37
11 44 35
12 42 34
13 43 34
11 43 33
12 45 33
12 44 34
15 44 34
17 43 33
18 42 34
19 43 35
18 42 35
19 42 36
18 41 37
17 40 38
16 41 38
15 42 39
14 42 39
15 42 38
15 45 39
14 46 40
12 47 39
12 50 40
11 48 40
15 47 37
17 46 35
15 47 35
15 48 36
16 47 38
15 47 37
16 44 35
17 45 36
18 43 38
18 43 37
19 44 39
19 44 39
21 43 39
21 46 39
22 45 41
20 47 41
20 45 42
18 46 42
18 46 41
18 44 41
19 45 40
19 43 41
20 45 41
20 47 41
17 45 40
16 45 38
13 45 39
13 45 40
10 44 38
12 41 36
13 42 39
15 40 38
18 39 37
17 38 36
16 38 35
15 39 35
14 38 35
12 40 35
13 40 35
12 40 35
13 38 34
11 37 34
13 38 34
14 37 34
12 38 33
12 38 35
11 37 34
12 37 34
06 40 34
04 42 35
07 39 35
12 36 35
12 35 35
11 32 36
11 35 34
08 37 33
08 38 31
11 36 31
13 36 32
14 38 31
14 39 32
15 39 32
17 38 31
14 37 34
16 37 33
16 37 33
14 38 34
13 39 33
12 38 35
12 38 35
06 40 34
03 40 35
07 38 34
10 35 35
14 35 34
17 33 34
13 33 32
09 36 31
11 36 31
12 38 31
14 39 34
16 40 36
14 37 37
12 32 40
12 33 40
13 35 38
14 38 35
14 38 35
14 38 36
14 37 35
14 38 35
11 36 36
12 38 35
08 38 35
03 40 36
03 38 34
06 36 36
12 36 34
14 35 33
15 34 34
12 35 33
08 35 32
08 34 30
09 35 30
11 36 30
11 37 31
13 39 31
13 37 33
13 38 32
14 38 33
15 38 34
14 40 34
14 39 35
15 40 35
15 40 35
13 40 35
12 39 37
11 40 37
11 38 34
10 37 34
04 38 34
06 38 33
07 38 34
10 38 36
16 38 36
16 34 34
13 34 33
12 36 32
12 34 32
11 36 34
14 37 34
15 36 34
13 36 34
12 36 35
12 38 36
13 38 35
13 36 36
11 37 36
13 37 38
15 37 37
15 39 37
13 38 35
12 38 33
12 38 34
11 37 34
08 37 34
04 38 35
05 39 36
10 37 38
11 36 36
14 38 35
13 37 33
11 38 33
09 38 33
08 34 32
08 37 31
11 37 31
14 39 32
14 40 32
15 39 33
16 39 33
15 38 33
15 38 32
16 39 32
15 38 33
13 39 32
16 39 35
15 42 38
15 44 39
13 42 37
11 40 36
09 38 35
09 39 35
08 41 33
08 41 32
10 40 29
11 38 30
15 38 30
15 39 32
12 38 32
10 39 32
09 24 40
14 38 39
14 42 37
15 41 34
13 37 33
14 37 33
13 38 33
16 36 34
16 39 35
16 39 35
14 39 35
15 39 35
13 38 36
12 39 36
10 38 35
06 38 34
01 38 35
02 39 34
07 37 34
12 37 35
15 37 36
15 35 34
13 38 33
09 38 32
09 38 31
10 37 31
13 37 30
15 38 32
14 38 32
13 39 31
15 37 32
14 36 32
14 37 32
14 37 32
14 37 33
13 37 34
12 37 35
11 38 35
11 37 36
11 37 35
11 37 35
07 40 35
05 40 35
08 39 36
11 38 35
15 36 34
17 36 32
13 37 33
10 36 32
12 39 33
14 39 34
14 37 35
14 38 34
13 38 34
14 37 34
12 36 37
14 35 39
14 35 37
14 36 37
13 37 36
14 37 36
15 38 35
14 38 35
13 37 34
11 37 35
07 39 35
06 40 35
08 39 34
07 37 33
09 39 34
13 37 34
14 38 34
15 38 34
13 38 33
11 36 33
08 38 33
06 38 32
10 37 32
13 39 32
13 38 32
15 38 33
14 38 33
15 37 31
15 37 33
13 37 33
12 40 33
12 40 32
13 39 34
12 40 33
12 41 36
13 43 36
13 42 35
13 44 37
14 43 38
12 46 37
13 46 38
14 45 38
14 48 38
14 48 38
14 48 38
15 47 39
15 50 39
15 49 39
16 48 40
18 49 41
22 49 42
23 48 44
26 45 44
28 48 44
30 43 42
33 44 44
34 46 44
34 43 42
36 42 45
37 42 46
38 40 46
38 41 48
39 40 48
37 38 46
37 42 50
37 42 51
35 38 51
37 41 53
38 40 51
36 38 51
37 37 51
38 37 52
37 39 53
35 38 52
35 39 53
36 39 53
34 39 49
35 39 51
34 41 51
35 42 50
34 40 50
36 41 49
35 42 47
36 43 46
