37 41 49
38 42 49
36 41 50
37 43 49
35 44 48
38 45 47
36 44 44
36 48 44
36 46 43
35 42 43
33 46 43
31 47 40
29 45 42
26 49 46
23 43 42
20 45 42
17 49 46
16 43 41
17 47 44
10 48 44
11 45 41
12 48 43
13 50 44
14 43 44
13 44 47
14 42 47
14 40 47
16 40 46
16 40 46
18 40 45
19 39 45
18 39 45
19 40 44
19 40 45
20 41 46
20 42 47
19 45 47
17 44 47
20 44 47
19 45 49
19 47 49
20 48 48
21 47 47
22 46 47
23 46 46
25 45 46
26 46 47
27 43 47
27 39 47
26 40 45
23 40 47
21 40 46
21 35 45
21 34 46
20 36 45
20 32 46
19 33 46
19 31 45
19 30 46
18 28 47
17 31 47
18 30 48
19 34 49
17 27 49
19 32 50
20 33 51
18 32 48
15 31 45
11 29 45
14 31 42
18 35 41
18 30 41
21 34 41
22 30 42
23 31 44
22 36 45
19 38 47
18 40 48
17 42 48
15 45 47
16 44 47
18 46 45
16 45 45
16 41 43
14 39 42
12 41 41
11 45 39
09 47 40
10 48 38
11 42 38
13 40 38
15 40 37
15 40 37
14 40 36
14 39 36
14 37 36
14 39 36
13 38 36
12 39 35
10 39 36
09 39 35
05 40 33
02 40 31
08 40 31
16 37 33
13 36 32
12 38 31
14 37 31
16 38 33
20 39 33
20 40 33
19 38 34
19 37 34
15 38 36
14 38 36
14 40 36
11 40 36
05 42 36
02 42 34
03 39 37
08 42 35
12 40 38
08 37 38
11 37 34
10 38 32
11 38 28
14 39 28
16 36 29
17 36 30
18 39 32
16 40 30
16 44 30
15 42 31
14 42 30
12 41 30
11 43 31
07 45 31
12 46 33
13 46 34
14 45 34
13 45 34
11 45 31
12 45 31
13 43 32
17 42 35
19 44 36
18 45 36
19 48 36
18 47 36
19 47 33
17 47 33
17 47 33
17 47 34
18 47 35
18 46 33
18 47 34
18 46 34
18 46 33
17 46 32
17 46 33
18 49 32
17 54 29
16 38 36
20 44 38
18 52 38
20 51 40
21 52 40
21 50 36
22 49 38
21 50 39
23 49 40
21 49 42
20 47 42
22 48 45
21 49 43
23 48 42
24 51 39
26 54 41
26 52 44
29 52 39
28 49 42
29 52 43
28 50 43
27 46 43
27 45 39
25 47 46
26 47 47
30 51 47
30 43 50
27 47 49
21 48 47
21 34 46
23 37 45
23 40 45
24 44 44
27 43 47
28 47 49
29 51 53
26 42 48
25 44 45
25 41 45
26 39 47
27 44 50
25 50 50
24 47 49
24 44 49
26 43 48
26 44 48
23 43 46
20 42 45
23 38 46
20 41 44
21 47 48
25 42 48
25 40 46
25 44 48
24 48 48
23 48 45
24 49 46
24 47 46
21 43 44
16 43 41
16 48 41
17 46 41
12 45 43
13 45 42
12 45 40
15 42 38
14 42 38
14 43 37
14 42 35
14 42 35
12 41 35
13 41 34
13 42 34
15 43 34
15 42 35
17 43 35
18 43 36
17 42 37
16 41 37
16 41 36
15 42 38
13 39 36
11 39 37
08 39 35
05 38 34
01 41 35
08 39 35
15 38 36
12 40 36
13 38 34
15 37 33
17 37 34
19 38 34
19 39 33
19 39 34
18 40 35
16 39 36
16 41 36
13 40 36
09 39 38
07 38 38
05 40 38
04 41 39
07 40 41
10 39 37
10 37 35
06 37 33
09 36 33
13 38 32
15 38 34
16 40 34
18 39 33
18 39 33
17 37 32
17 38 33
16 37 33
16 36 33
12 38 34
10 37 34
08 38 34
03 38 32
05 39 34
13 36 38
10 38 38
09 37 36
11 36 35
12 34 35
15 36 35
16 36 33
20 38 34
18 38 36
16 38 36
16 37 37
15 38 35
12 38 36
08 37 36
08 37 36
04 39 36
03 40 37
05 39 39
14 37 37
16 38 36
11 37 33
07 36 31
09 35 31
11 37 32
15 37 33
14 41 33
17 39 34
18 37 34
18 36 34
18 37 33
17 37 35
14 38 34
11 39 34
07 38 34
05 41 31
01 41 30
12 38 35
15 35 39
06 36 34
08 36 32
11 34 33
17 35 34
18 37 33
19 39 35
21 37 37
21 41 39
18 41 40
13 38 38
11 35 35
10 35 36
09 36 34
02 36 34
04 37 36
06 38 36
10 41 37
12 37 37
08 38 33
10 36 32
10 38 34
12 38 34
15 39 35
14 38 34
16 38 33
19 38 32
17 38 33
18 37 33
18 36 32
15 44 33
12 44 35
10 42 33
08 38 34
05 40 36
09 37 37
14 33 38
06 37 37
09 35 35
14 35 35
17 41 35
18 45 35
19 41 36
20 40 37
19 39 37
19 40 37
18 43 37
17 43 35
14 44 35
10 43 35
06 43 35
03 44 36
03 45 36
10 43 35
10 40 34
09 37 33
09 36 30
11 38 32
12 39 32
14 38 32
17 39 32
19 39 32
19 40 34
19 40 35
18 41 34
19 40 33
17 40 35
15 41 35
12 42 35
09 40 34
04 43 34
04 41 36
10 37 33
08 37 36
09 39 34
13 41 34
18 39 34
21 39 33
21 40 34
22 40 34
22 42 35
21 44 37
19 43 37
17 44 36
13 45 36
10 46 34
07 47 35
04 48 35
02 50 38
14 43 36
10 38 31
08 38 27
11 38 28
14 39 30
16 38 33
17 39 32
18 39 32
19 38 33
18 38 34
18 38 33
15 38 32
13 39 31
11 39 31
09 42 33
05 40 34
03 41 32
02 42 34
11 39 35
11 39 35
10 39 34
13 38 33
16 38 33
18 37 34
21 38 33
20 40 33
17 39 34
17 41 34
17 41 35
14 41 35
13 42 37
09 41 36
06 41 37
04 40 37
04 42 36
08 40 38
13 40 38
10 41 33
09 39 33
10 38 32
12 37 33
14 38 32
15 38 32
16 38 31
16 38 32
15 37 30
14 37 30
13 37 30
12 37 32
10 38 32
09 38 31
06 39 31
07 40 33
13 37 33
14 39 36
10 39 36
11 37 34
12 36 34
14 36 35
17 37 35
17 38 36
16 40 34
16 37 35
16 39 36
17 39 36
17 41 35
16 40 33
13 38 34
09 38 34
05 41 32
01 40 32
04 40 34
13 37 32
13 37 30
11 38 30
10 37 30
12 39 30
13 38 31
13 38 31
14 38 31
15 37 31
15 38 32
15 38 32
15 38 33
16 38 32
15 40 33
13 39 33
09 39 33
01 41 33
07 38 34
16 39 36
16 41 37
09 39 35
09 38 33
11 36 33
15 35 33
17 38 33
17 38 33
16 39 34
15 41 33
15 41 34
14 40 32
11 39 33
10 41 29
08 39 29
10 40 31
11 40 31
11 43 30
11 42 28
11 40 28
13 40 29
13 38 29
14 40 28
12 41 30
13 41 30
12 40 30
13 40 31
14 39 29
14 40 30
13 40 30
15 39 30
15 40 30
15 40 31
10 41 31
07 40 31
11 37 35
14 39 33
10 40 36
10 39 37
11 39 38
14 37 37
13 36 35
13 35 34
14 37 34
16 38 36
17 38 35
17 37 35
17 38 34
16 39 34
15 37 35
13 39 34
09 38 34
04 38 33
01 38 32
01 40 35
09 39 36
12 40 35
11 38 32
15 35 33
15 37 34
14 37 33
12 38 32
12 35 33
14 37 34
16 38 33
15 37 33
16 37 33
14 37 34
13 36 34
11 38 34
09 36 34
10 37 34
07 37 34
03 38 31
10 35 33
11 35 35
11 36 34
12 36 33
16 36 33
18 37 34
19 38 33
18 37 34
19 40 35
17 43 35
16 42 36
15 42 34
13 41 36
09 40 35
03 39 36
03 39 35
07 35 37
14 37 38
10 41 35
11 39 34
11 38 32
12 38 32
14 39 33
15 39 32
16 36 31
15 36 33
16 36 32
17 36 31
15 38 32
14 38 34
12 38 34
07 39 34
07 40 33
04 41 33
11 37 35
19 34 36
15 37 37
12 38 35
14 38 35
15 37 35
15 37 35
15 39 35
15 38 36
15 39 35
16 38 36
15 39 36
15 40 37
15 38 35
12 37 34
08 40 35
06 40 36
02 41 36
09 40 37
09 41 34
07 39 31
08 39 32
12 37 33
14 38 35
14 40 34
15 37 32
16 37 32
15 37 32
16 37 32
16 38 32
16 38 33
11 38 33
08 38 32
07 38 33
01 41 31
10 39 33
17 38 36
12 40 37
10 37 34
12 35 31
17 33 32
19 34 35
18 36 35
18 38 35
17 39 36
16 40 39
15 38 39
13 38 38
11 38 38
07 36 35
05 36 37
01 37 37
03 38 38
14 37 36
09 37 34
08 38 32
07 36 32
09 38 34
13 38 34
16 39 34
16 38 33
16 38 32
16 38 32
16 37 32
17 38 32
16 37 32
16 37 32
12 38 32
09 38 33
05 38 33
07 37 34
15 37 37
13 38 38
07 36 35
09 36 34
14 35 36
15 37 36
17 38 35
16 40 35
16 36 35
17 37 37
15 38 37
15 38 39
12 38 36
10 39 36
07 40 36
02 39 35
03 38 35
08 39 36
16 38 33
09 38 33
07 37 32
09 37 33
12 37 33
12 37 33
13 39 33
14 37 32
15 36 32
16 38 33
17 38 33
15 36 33
16 36 34
15 37 34
13 38 34
11 37 34
09 37 33
04 39 34
02 40 36
08 39 35
12 38 36
11 36 35
11 37 33
14 37 33
17 36 35
19 39 35
19 38 35
18 39 35
17 38 35
15 39 36
15 38 35
13 39 35
11 39 36
07 39 37
02 39 35
03 40 37
07 39 37
13 37 35
11 35 34
10 35 32
11 34 32
12 36 33
12 37 33
12 37 31
13 38 31
14 36 32
15 37 32
17 36 33
17 37 34
17 38 33
17 35 33
15 37 34
13 38 35
11 39 35
08 39 35
07 39 35
03 42 35
06 40 35
10 40 36
13 39 36
15 39 35
14 39 36
12 39 35
12 40 35
10 42 36
11 43 36
09 43 37
11 44 39
13 47 40
15 48 42
19 48 43
19 47 44
23 48 44
23 49 45
27 50 46
30 46 45
35 43 44
35 41 46
38 39 44
40 39 42
39 34 46
40 35 45
39 37 46
36 37 49
35 36 51
38 40 52
39 38 52
41 38 52
40 38 51
41 37 51
40 35 52
40 36 51
41 37 53
41 36 51
40 36 50
40 36 50
41 36 50
41 36 52
40 35 51
40 38 51
41 38 51
39 37 51
41 37 53
40 37 54
41 35 51
40 36 52
40 37 52
