40 35 56
40 33 56
37 38 55
38 36 54
38 34 51
39 34 48
38 37 45
38 38 42
37 39 42
36 42 41
38 43 38
36 44 38
35 45 38
35 45 36
27 51 36
30 46 38
22 47 37
14 57 44
13 49 46
12 42 43
08 42 42
05 42 40
04 42 39
04 42 39
04 43 37
07 41 37
08 41 37
10 40 38
11 40 37
11 39 36
12 39 36
13 38 36
13 37 36
14 38 36
13 37 35
12 38 35
12 38 35
12 37 35
13 38 34
13 38 36
14 36 35
13 36 35
13 38 35
13 38 35
13 38 35
12 38 35
14 39 36
14 40 35
13 38 36
14 39 36
14 39 36
12 39 36
13 39 36
15 39 36
14 39 35
13 39 35
13 39 36
13 38 35
13 38 35
12 39 36
13 38 35
14 38 35
12 38 36
12 38 36
13 38 36
11 39 35
14 40 35
13 38 36
12 38 35
12 37 36
12 39 35
13 39 34
12 38 36
13 40 36
13 38 36
13 37 35
13 37 35
13 38 35
13 38 35
13 37 36
13 38 35
13 38 35
13 38 35
12 38 35
12 38 35
12 39 35
12 38 36
13 38 35
12 38 35
12 39 36
12 38 35
12 37 35
13 38 36
11 38 35
12 38 36
12 38 35
13 37 35
13 38 35
13 37 35
13 37 35
12 38 35
12 39 35
14 38 34
13 38 36
13 39 35
13 38 35
12 38 35
12 37 35
11 37 35
14 38 35
13 38 35
12 38 35
13 38 36
14 37 36
12 38 35
13 36 36
13 37 35
13 38 35
12 39 35
12 38 35
12 39 35
14 38 35
12 38 36
11 38 35
12 39 36
13 39 35
12 38 35
12 38 36
13 38 35
13 39 35
12 39 35
12 38 35
13 38 35
12 38 36
12 38 35
11 38 35
13 36 35
12 37 34
12 38 35
13 37 35
13 37 34
13 38 35
13 37 34
14 38 34
13 39 34
14 39 35
12 40 36
12 40 36
11 39 36
13 38 36
09 40 37
10 39 37
12 37 38
12 38 38
13 39 39
13 38 39
14 39 38
13 39 39
15 37 38
15 37 39
14 38 38
15 37 38
15 35 38
14 36 38
14 36 36
13 35 36
10 36 35
05 36 35
06 38 36
10 39 36
12 37 35
12 38 35
11 37 34
13 37 34
15 38 34
16 39 33
15 40 34
15 41 35
13 38 34
14 40 35
13 44 36
13 43 35
10 41 36
05 38 37
04 37 36
05 38 38
04 37 38
05 35 37
12 35 36
11 35 37
11 35 36
13 33 33
19 33 33
20 32 34
22 33 32
21 34 31
20 34 31
18 35 32
16 36 32
13 36 33
12 37 33
09 37 33
02 40 34
00 39 35
00 43 38
05 42 37
07 40 37
11 41 36
13 39 38
17 40 39
18 40 39
17 40 38
15 38 35
12 37 35
10 37 34
09 35 35
07 36 34
05 36 34
07 35 34
01 35 34
07 34 32
14 33 35
15 33 36
16 32 34
17 33 33
19 33 33
21 33 34
18 34 34
17 36 34
15 36 34
14 38 35
15 38 37
10 39 38
04 39 36
03 40 38
02 40 38
00 43 42
07 42 40
07 40 37
08 38 37
11 38 38
14 38 38
13 37 37
14 36 35
16 36 35
13 35 34
12 35 34
12 35 33
13 37 34
09 35 33
07 35 32
10 34 32
06 34 32
10 35 33
14 35 35
13 35 35
14 34 34
17 35 35
17 36 34
18 35 35
17 37 34
16 38 35
16 37 36
11 38 37
12 38 39
08 40 37
06 39 39
05 39 40
01 40 39
02 42 43
10 39 38
09 39 36
06 39 36
07 36 36
11 35 34
11 37 35
12 35 34
14 36 33
14 36 33
12 37 34
12 36 35
12 36 33
09 37 34
12 35 34
08 33 33
07 35 32
13 34 34
13 35 35
15 35 35
14 38 34
15 38 34
19 37 35
18 36 35
15 38 36
14 37 37
10 39 37
08 38 37
09 38 37
06 36 39
04 40 39
01 42 39
02 43 43
09 41 39
09 38 38
07 38 37
09 37 37
10 36 36
14 37 35
12 36 35
12 36 34
09 34 32
11 34 31
10 35 33
11 36 33
11 36 33
10 36 33
11 33 33
08 33 32
12 35 32
15 36 35
15 36 36
15 36 35
16 36 34
16 34 34
14 37 34
17 38 36
15 39 36
11 39 35
10 39 37
07 38 37
06 39 38
03 41 39
04 40 40
00 41 40
07 42 43
12 38 38
11 37 38
10 39 37
09 39 35
10 37 35
14 35 36
13 37 34
11 37 33
10 36 34
11 35 33
12 33 35
11 35 34
11 35 33
14 35 33
11 35 34
10 36 34
13 36 35
12 37 36
13 36 35
14 38 34
17 38 35
18 37 35
16 37 35
15 36 34
11 38 36
08 38 37
07 37 37
09 39 37
08 40 39
06 40 38
05 41 37
02 41 37
04 40 39
12 39 36
11 39 35
12 39 34
10 37 35
11 36 33
12 37 32
13 38 32
12 35 32
11 35 31
11 34 31
08 33 33
10 35 32
11 35 33
07 30 33
18 30 35
05 31 32
10 34 32
14 35 35
11 35 35
09 36 32
11 37 31
16 37 32
16 37 34
16 37 34
12 41 33
17 38 32
10 43 34
11 39 35
09 43 33
09 42 36
05 39 37
00 42 41
02 42 41
07 41 40
04 38 43
04 36 39
03 34 37
06 35 37
08 36 37
08 33 34
11 28 31
14 28 33
17 33 35
16 35 33
17 33 32
17 34 33
17 35 32
16 34 34
08 37 32
12 36 32
09 38 34
08 38 36
06 36 35
08 38 34
08 36 34
12 37 35
10 39 34
10 38 35
10 39 35
09 40 35
08 40 36
09 40 37
08 41 38
06 40 38
01 43 41
08 41 41
12 38 38
10 37 39
07 36 38
07 36 37
08 34 37
09 33 36
11 34 35
12 36 34
10 36 34
12 34 36
13 35 33
11 34 33
12 35 33
13 34 32
16 35 32
09 35 33
10 35 32
13 36 33
11 37 35
12 37 35
12 39 36
14 36 36
13 38 37
13 37 36
12 39 37
10 39 37
10 38 38
11 39 38
08 38 39
08 40 41
08 38 39
02 40 40
06 39 40
09 37 37
08 37 35
08 36 35
08 35 34
10 35 35
10 36 33
12 36 34
11 35 34
11 34 33
12 35 33
14 35 33
14 36 34
12 35 35
13 35 34
06 34 33
08 35 31
12 36 34
15 36 36
14 36 35
14 37 34
17 37 33
17 37 35
16 36 36
16 36 36
15 37 35
09 38 36
09 39 37
07 39 38
05 40 39
04 41 41
00 44 41
03 41 43
10 37 38
10 35 38
09 37 37
08 37 36
09 36 36
11 35 33
12 35 32
11 35 33
10 35 33
10 37 35
12 36 32
10 35 34
09 34 36
12 35 32
12 33 33
07 35 32
14 35 33
14 37 35
12 36 35
14 36 34
15 37 33
16 36 36
17 37 36
15 36 35
13 37 36
12 37 35
09 38 36
07 38 37
05 41 39
03 42 41
00 44 39
02 42 37
10 38 37
11 39 37
10 40 36
10 40 34
12 38 34
13 38 35
13 35 33
12 36 32
12 37 33
10 35 31
09 35 33
09 35 33
08 35 32
07 35 33
09 31 33
08 31 33
12 32 33
10 34 34
11 32 35
14 34 34
15 36 33
19 36 33
18 37 34
17 36 34
14 37 34
11 37 33
10 39 35
07 39 37
08 42 37
05 41 39
05 40 40
02 42 39
01 43 42
09 39 38
08 39 37
07 38 37
08 37 36
10 36 35
13 36 35
11 34 34
10 35 34
10 36 32
10 35 34
11 34 33
11 36 33
11 36 33
11 34 32
14 32 32
09 33 31
14 35 32
14 37 34
12 37 34
12 37 33
14 36 33
17 36 34
14 37 36
14 37 36
10 39 36
07 38 38
06 41 39
08 41 40
04 43 40
05 42 41
06 41 39
01 42 41
06 42 40
08 40 38
04 39 36
04 36 34
07 36 34
08 35 34
09 35 33
10 35 33
11 35 32
11 36 32
13 34 31
16 36 33
14 37 33
13 34 33
16 35 34
12 34 32
08 35 33
13 35 32
13 37 36
11 36 35
11 37 36
13 38 35
17 37 37
14 38 37
14 39 36
12 40 38
11 43 38
12 42 39
10 40 39
08 39 39
05 41 40
06 41 40
03 41 41
03 41 42
06 40 37
07 39 37
07 38 36
07 35 35
08 34 34
10 35 34
12 35 34
10 34 32
10 37 33
14 35 32
14 36 32
14 35 32
15 35 32
15 34 33
13 34 33
10 37 32
12 37 34
10 37 36
11 36 36
12 38 37
15 37 36
18 38 35
15 38 37
13 37 38
12 38 37
09 41 38
11 41 40
09 40 39
08 41 39
09 41 38
03 40 37
02 40 40
06 39 36
08 38 38
07 37 36
08 37 37
10 36 37
11 35 36
11 36 36
12 36 36
13 36 35
12 36 34
12 34 34
14 35 34
13 35 33
12 35 34
15 36 34
08 36 33
10 36 32
11 37 33
12 37 34
12 38 36
13 38 33
16 37 33
17 37 34
16 37 35
14 39 36
12 40 38
11 41 38
12 42 39
07 39 40
06 37 39
07 36 38
01 40 41
01 41 39
07 41 39
08 39 42
05 35 39
07 35 37
08 33 39
07 35 38
10 36 36
15 35 36
17 35 36
19 36 34
21 36 34
18 39 34
17 39 35
16 39 34
16 39 34
14 39 35
08 39 35
11 39 35
14 38 36
13 38 37
10 38 36
11 40 36
13 37 36
14 40 35
13 39 35
10 41 36
09 42 37
10 42 38
11 42 37
10 40 38
09 41 38
10 40 38
05 42 39
07 42 38
07 40 36
05 40 37
06 37 36
06 37 35
08 35 35
08 36 34
11 35 34
11 35 35
14 36 35
13 35 34
15 35 34
16 35 33
14 35 35
12 36 33
13 35 32
08 37 33
13 37 34
13 36 35
13 38 35
12 36 36
13 37 35
15 37 36
13 35 36
13 38 36
11 39 36
11 38 37
10 39 38
11 40 38
10 40 40
09 41 40
07 41 39
00 42 39
03 41 40
07 38 35
06 37 36
04 35 35
09 37 34
11 36 34
10 35 34
11 36 34
11 35 33
11 35 33
13 35 33
14 36 33
14 35 33
13 36 34
14 36 33
13 35 34
09 38 33
14 36 35
15 37 37
13 36 37
12 35 36
13 36 34
14 36 34
12 37 37
11 39 36
09 39 35
08 38 36
10 40 39
11 39 39
10 39 39
10 38 39
10 40 39
08 40 37
05 40 38
04 40 39
08 40 35
07 38 35
07 37 35
08 37 35
08 34 32
11 35 34
09 34 31
10 35 33
10 35 32
09 35 32
11 34 33
12 34 32
13 33 32
15 30 32
13 34 32
17 37 32
18 40 34
16 41 37
14 41 38
14 43 39
13 42 37
14 40 37
13 39 38
12 41 38
10 43 38
13 41 40
11 41 39
10 42 38
09 42 40
11 41 37
09 41 36
06 41 36
06 40 37
10 39 36
15 37 35
15 36 34
12 36 31
05 35 30
07 33 32
08 33 31
14 33 30
16 35 32
16 36 32
15 39 32
16 38 33
16 36 33
13 36 32
14 37 32
15 37 35
14 38 35
12 39 36
12 39 37
10 39 38
09 39 37
10 37 37
12 38 38
11 39 36
10 39 37
12 38 37
11 39 36
11 37 36
13 39 36
12 37 36
13 38 36
12 37 36
13 37 36
13 38 36
13 37 35
13 38 35
12 37 35
12 38 35
13 39 35
12 37 35
13 36 35
13 38 35
14 37 36
13 38 34
13 37 35
12 38 35
13 37 35
13 38 35
12 38 35
12 38 35
12 38 34
13 37 35
12 38 35
11 38 36
13 36 35
12 38 36
13 38 35
12 38 35
13 37 36
12 37 36
13 38 35
12 39 35
13 39 35
13 37 36
14 38 35
13 38 36
14 38 35
13 36 35
13 38 35
14 38 36
13 37 36
12 37 35
12 37 36
13 39 35
13 38 35
13 39 36
13 36 36
13 38 35
12 37 36
11 37 36
12 37 35
12 36 36
13 36 36
13 38 36
11 38 36
13 37 36
12 37 35
12 37 37
13 38 36
12 37 36
13 38 37
13 38 36
13 37 36
13 37 37
12 38 36
12 38 36
13 38 36
13 37 35
12 38 36
13 38 35
12 39 36
10 42 36
08 47 36
04 53 37
04 54 38
06 56 37
10 54 38
17 50 38
19 49 37
21 48 38
24 49 39
25 50 38
26 48 38
31 51 39
35 50 40
36 47 40
39 44 39
43 39 38
41 39 39
42 38 42
42 36 42
39 35 45
40 31 48
38 31 52
37 29 54
39 32 52
39 32 54
39 32 56
40 33 55
42 33 51
41 36 52
42 35 51
41 34 52
42 34 52
41 34 52
41 33 52
41 34 52
42 35 51
42 34 51
41 33 51
41 35 53
41 34 52
41 34 52
