37 39 46
37 39 46
38 39 46
37 42 45
37 41 43
35 42 43
35 42 42
33 42 41
30 44 46
29 41 47
25 39 44
20 50 52
19 41 46
17 40 45
15 45 52
12 41 49
12 38 46
14 38 47
15 36 44
16 35 43
14 34 41
13 35 42
13 36 40
12 36 41
11 40 40
12 36 39
13 38 39
12 37 38
11 39 39
11 37 38
10 36 38
06 36 38
06 37 38
06 38 37
09 35 33
12 33 33
13 33 32
11 34 33
10 33 29
11 34 30
13 32 31
13 35 34
13 36 34
13 37 35
12 35 35
13 35 35
14 36 35
14 36 35
12 35 37
12 37 35
11 37 34
12 37 36
07 37 36
06 36 34
08 35 34
09 37 36
11 36 37
14 35 36
16 35 35
17 35 36
16 36 36
15 35 38
13 35 37
12 35 37
13 35 38
12 35 37
11 37 37
12 37 38
12 37 38
12 37 38
13 37 37
12 35 37
12 37 37
12 36 37
12 37 37
12 36 39
11 36 37
11 36 38
12 36 39
13 37 38
12 37 38
13 36 38
14 37 40
13 39 39
14 38 39
13 39 40
13 37 40
13 37 39
13 37 40
13 37 39
12 37 39
12 35 38
12 35 39
12 35 39
13 35 39
10 35 39
10 34 37
11 36 38
12 35 37
11 35 38
14 35 37
16 35 37
13 35 36
13 34 36
13 36 36
13 35 35
15 36 37
15 36 36
14 36 35
14 37 37
12 37 36
12 35 36
10 36 36
08 35 37
07 35 36
02 36 36
07 35 37
13 36 37
13 34 37
11 34 36
12 34 36
15 35 36
17 34 36
17 37 35
19 35 37
19 35 38
18 35 38
17 33 40
15 35 40
15 35 38
11 34 39
07 35 39
04 34 38
03 34 39
05 37 40
08 38 36
09 34 36
09 35 31
09 30 29
13 29 31
15 32 32
17 34 34
18 37 34
16 36 35
17 36 35
15 36 35
12 36 34
11 35 34
08 37 36
06 35 34
04 37 36
04 36 35
11 35 36
10 35 36
11 36 35
11 34 34
15 34 35
17 36 36
19 34 36
19 36 36
18 37 37
17 35 39
15 36 39
14 37 41
14 39 41
12 43 40
07 44 41
03 44 39
07 44 39
09 44 38
10 44 36
13 42 36
13 44 36
14 45 37
16 45 36
17 46 37
18 45 39
19 48 40
18 49 41
19 49 41
21 49 41
22 50 43
22 49 44
21 49 45
23 50 43
28 55 48
21 48 49
18 46 43
13 47 42
15 39 45
19 39 43
23 39 43
23 38 44
22 38 44
22 37 45
22 35 45
18 35 45
19 31 45
19 32 50
20 29 50
22 30 49
21 27 51
20 28 52
21 27 51
21 27 49
24 27 51
24 27 51
24 29 47
23 28 48
21 26 52
21 32 53
20 29 47
20 32 50
15 34 48
20 24 50
18 26 45
18 31 42
18 32 42
20 30 41
21 31 44
22 30 47
24 29 47
22 32 49
21 35 53
20 34 51
17 36 52
18 36 54
20 36 51
21 37 47
20 36 48
20 37 48
18 37 46
17 36 45
17 40 45
13 41 44
11 42 45
11 42 44
09 41 43
09 40 42
08 42 43
09 41 43
13 40 40
15 42 40
16 42 42
16 40 41
17 40 39
20 38 39
21 38 39
21 36 40
22 38 39
20 38 38
20 40 41
16 41 41
13 40 40
14 41 40
13 40 40
12 40 40
07 41 40
05 41 41
06 41 41
09 40 39
10 39 39
09 40 40
10 37 40
12 38 40
14 38 42
15 38 41
16 37 39
15 38 41
15 42 42
16 43 41
17 43 42
16 45 40
17 46 42
17 47 40
16 47 40
17 47 38
19 46 40
22 46 39
22 47 41
21 46 38
22 46 41
23 46 40
22 46 40
24 47 40
22 48 39
26 43 39
25 52 40
25 48 42
26 50 40
26 48 39
24 46 40
25 49 41
24 56 40
25 50 41
23 50 40
26 50 40
25 52 37
26 54 33
27 51 36
27 50 35
26 55 33
28 52 33
29 51 33
27 50 33
28 58 28
27 54 29
25 53 30
26 50 29
27 51 29
25 52 29
26 51 29
27 50 27
27 53 27
26 52 28
25 52 28
26 51 28
26 51 30
27 55 29
28 54 28
27 52 29
27 51 29
25 53 31
28 53 30
29 53 31
28 53 31
27 50 31
27 53 34
25 50 35
26 50 36
25 45 32
26 48 36
31 45 40
28 45 34
22 45 37
22 47 43
20 49 44
18 49 40
13 46 35
12 48 39
12 48 40
10 46 37
12 46 35
10 47 36
11 44 37
12 45 36
14 43 35
15 43 37
16 42 37
15 42 37
15 40 38
13 39 36
14 38 36
12 37 35
12 38 35
11 37 35
11 37 34
12 38 35
12 37 34
11 39 35
10 38 35
12 37 35
13 38 36
11 37 37
10 36 37
11 35 36
15 36 38
16 36 39
14 36 38
13 35 37
12 37 39
12 35 39
13 34 38
13 36 37
14 37 37
13 34 39
12 37 37
13 36 37
12 35 37
11 37 38
11 37 37
12 36 36
13 37 38
12 36 37
12 36 37
12 36 37
13 35 37
11 36 36
14 36 36
12 36 38
12 34 38
12 34 37
12 35 37
11 35 36
12 37 36
11 36 35
12 36 35
11 35 35
10 35 33
11 35 34
13 35 34
13 38 35
12 40 35
11 41 35
13 39 37
12 39 36
12 39 37
12 40 38
13 39 37
12 38 38
13 38 39
15 37 38
16 38 38
15 37 37
15 37 39
14 38 39
15 38 39
14 38 38
14 40 39
14 41 40
14 40 40
14 40 40
15 39 40
16 40 41
16 40 41
15 41 41
16 41 40
14 41 40
12 40 40
12 41 40
09 43 39
10 38 41
08 38 39
09 38 36
11 38 36
14 40 38
17 42 37
19 40 36
17 39 37
17 38 38
17 39 37
16 40 39
15 39 38
15 38 37
15 38 38
14 38 38
13 38 38
06 38 38
02 38 38
10 38 37
13 36 36
12 36 35
09 37 35
08 35 34
12 37 33
13 36 34
14 37 34
14 36 34
13 36 34
14 36 33
14 36 33
15 36 33
13 35 37
15 35 34
15 33 36
14 35 37
06 37 36
05 36 35
06 37 35
08 38 39
11 39 40
12 37 39
14 35 38
18 34 38
18 35 38
19 36 39
18 36 38
16 36 38
13 36 39
14 35 40
10 36 40
09 35 40
03 37 42
05 35 42
12 35 38
14 36 38
11 37 38
09 36 37
08 36 35
10 36 34
11 35 34
13 36 34
14 37 34
13 36 35
15 36 36
15 35 37
17 35 37
17 37 38
16 35 38
13 35 38
09 35 38
05 35 38
04 37 37
05 35 37
12 34 37
09 36 37
11 36 36
13 35 36
15 36 35
17 36 36
17 36 34
17 36 34
18 36 35
17 37 36
16 35 35
15 36 36
13 37 37
10 36 37
07 36 37
05 37 37
01 36 37
04 35 40
08 36 37
10 36 37
11 36 37
11 36 37
11 36 35
12 36 35
14 35 34
16 36 34
17 35 32
17 36 33
17 37 33
14 35 33
12 36 34
07 35 32
05 34 33
05 36 35
06 35 33
11 35 35
10 35 37
09 33 36
11 34 36
14 33 36
18 34 36
20 35 36
18 36 35
17 37 34
13 37 36
10 34 34
11 37 35
09 37 37
06 37 37
06 38 36
02 37 37
06 37 37
10 36 37
10 36 37
11 35 35
14 36 36
12 38 36
15 36 35
15 35 34
16 36 34
15 35 34
14 35 33
13 36 33
12 36 32
09 36 33
07 35 33
09 36 32
06 37 34
10 36 33
12 36 33
11 36 34
12 36 37
14 35 36
16 35 37
17 36 37
18 35 37
17 37 37
15 35 37
14 37 38
12 36 37
11 35 38
09 36 38
04 37 37
01 36 37
05 37 37
08 37 36
09 36 34
10 35 35
12 37 34
14 37 33
15 37 34
15 36 33
16 35 33
15 35 33
16 36 33
14 35 33
12 36 33
08 35 33
08 34 32
04 34 31
06 35 32
10 33 34
12 34 35
12 34 35
13 33 35
14 33 36
17 33 36
18 36 36
17 35 36
16 35 37
15 35 37
14 35 37
13 36 37
12 36 38
10 36 38
08 36 36
04 35 37
02 37 36
08 36 37
09 35 35
09 33 35
10 34 33
10 34 33
11 34 33
15 34 32
15 34 33
16 35 33
15 35 32
16 35 33
15 35 32
13 36 32
11 34 33
11 34 32
06 35 34
04 36 34
08 34 36
09 37 38
10 35 37
10 33 36
14 31 35
15 32 36
15 35 36
15 34 36
13 33 37
12 36 38
11 33 36
13 36 36
14 35 36
12 35 37
11 34 37
11 34 36
10 35 36
09 35 36
08 35 36
10 35 35
10 34 34
13 33 33
13 34 33
12 34 33
12 36 32
11 35 32
13 34 31
11 34 32
12 35 31
12 35 32
12 35 32
10 35 33
13 36 33
12 35 32
13 36 33
12 35 33
12 35 34
12 36 33
12 34 34
12 34 34
11 34 33
11 35 34
11 34 34
11 33 33
12 34 34
11 36 34
10 36 34
10 35 35
12 35 35
11 34 34
09 34 33
08 34 34
10 34 35
13 33 36
15 32 36
14 31 35
11 31 35
10 28 34
11 30 34
12 30 36
11 30 35
11 29 35
12 29 36
13 31 36
13 30 36
12 31 35
13 32 36
12 30 36
11 32 36
10 31 35
12 31 35
12 32 35
12 31 35
11 32 35
11 31 34
10 32 35
11 33 34
10 31 34
11 32 33
11 32 33
11 33 34
10 32 34
12 33 33
12 31 34
12 33 35
11 33 34
12 32 35
10 33 35
11 32 35
11 32 35
12 31 35
13 33 35
12 31 35
11 31 34
11 32 34
12 32 35
12 33 35
11 32 35
12 33 35
12 32 35
11 33 34
11 32 34
12 31 35
11 32 35
11 32 35
12 32 34
11 32 35
10 32 34
12 32 35
11 31 34
12 32 35
11 32 35
12 32 35
11 33 34
11 32 34
11 31 34
11 32 34
11 33 34
13 31 34
12 32 35
11 31 34
11 33 34
12 31 34
11 32 35
12 33 35
12 32 34
10 33 35
12 33 35
12 32 35
11 32 35
12 32 34
12 33 35
11 33 34
11 33 34
11 32 35
11 33 35
10 33 34
12 33 35
12 34 35
12 32 35
12 32 34
11 33 35
11 32 34
11 33 35
12 33 34
11 32 35
12 33 34
11 32 35
13 34 35
12 33 34
11 33 35
11 32 35
12 33 34
12 34 34
12 33 35
10 32 35
10 33 35
12 33 34
11 32 35
12 33 34
11 31 34
11 33 34
12 33 35
11 33 35
11 33 35
12 33 34
12 32 35
12 33 35
12 32 36
12 34 35
11 33 35
12 35 36
12 33 35
12 33 35
10 32 35
12 32 34
13 33 35
12 34 35
11 33 35
11 32 35
12 34 36
12 34 34
11 34 36
11 35 36
11 34 36
11 34 34
11 35 34
11 36 34
11 36 35
11 37 35
10 36 33
13 37 33
13 37 34
13 37 34
13 37 34
13 36 34
12 36 35
14 37 35
13 37 35
13 35 35
12 36 35
10 36 36
07 36 35
08 36 36
06 36 35
05 34 35
07 33 35
11 32 34
13 30 33
13 31 33
13 31 32
14 31 33
15 34 33
15 34 33
14 35 34
13 34 34
13 35 34
14 35 33
14 35 33
12 33 34
12 34 34
11 36 36
08 36 37
06 38 37
04 37 39
05 36 39
09 35 36
10 35 36
11 36 36
11 36 35
12 35 33
13 37 32
14 36 33
14 37 31
14 36 32
14 35 31
14 35 32
13 35 32
11 35 33
08 35 33
08 35 31
04 36 33
08 35 33
12 35 35
13 35 36
11 34 36
11 33 36
14 32 36
17 33 37
17 34 37
17 36 36
15 35 37
15 36 37
14 36 37
12 34 36
13 36 37
10 36 38
07 35 38
03 35 38
03 36 37
07 34 37
06 34 33
09 34 33
10 33 33
11 35 32
13 35 31
16 34 31
17 35 32
17 35 32
15 33 32
14 35 31
13 35 33
11 35 33
09 34 32
06 35 33
05 35 34
09 34 34
10 36 36
08 35 38
08 32 35
12 31 35
16 33 36
18 34 38
17 32 37
18 34 36
16 34 38
15 36 38
13 35 37
11 35 37
10 36 38
08 36 37
03 37 36
03 37 35
07 37 37
07 37 36
09 38 33
09 35 32
10 34 32
14 34 31
15 36 31
16 36 31
15 35 31
16 34 32
16 35 31
15 35 32
13 35 33
09 35 32
04 33 31
05 33 34
11 34 35
13 34 35
08 36 37
10 34 37
14 32 37
14 31 36
14 32 35
15 32 35
18 32 37
20 35 36
20 35 38
20 35 37
20 35 36
20 36 37
16 34 36
09 34 37
13 33 34
16 34 35
01 34 34
00 31 29
04 34 28
09 34 30
11 34 32
16 35 31
15 35 33
16 36 33
15 36 33
17 35 31
17 37 35
07 36 35
00 35 33
00 36 33
00 38 37
07 35 40
15 34 37
19 33 37
20 32 37
22 33 36
21 34 36
20 36 37
16 37 36
12 36 37
10 35 35
04 38 35
00 36 32
00 34 30
01 36 29
08 37 33
16 36 33
18 37 34
16 35 33
17 34 33
19 34 32
18 35 33
15 37 34
15 37 33
12 36 33
11 37 33
13 38 34
13 39 36
08 40 36
04 37 35
02 34 36
06 34 36
07 35 37
13 33 36
16 31 36
17 32 35
18 33 35
18 34 36
17 34 35
15 36 35
12 35 37
11 36 36
11 36 34
05 36 35
01 37 31
02 35 31
01 37 30
08 35 32
16 36 32
18 36 33
19 36 34
19 35 36
17 35 34
15 35 34
13 34 36
10 36 35
10 35 34
14 37 34
15 37 36
05 38 36
00 37 35
00 34 36
00 34 38
07 36 37
13 37 38
16 35 38
17 35 38
19 34 37
19 34 36
18 36 36
15 36 35
14 36 34
13 36 34
04 40 36
05 38 34
03 35 31
03 34 29
08 32 31
11 34 31
12 34 31
14 35 32
19 35 33
19 35 33
17 34 33
15 35 33
13 34 33
11 32 33
06 36 34
00 37 33
00 39 34
03 37 35
13 35 33
16 35 36
17 36 37
16 35 35
13 33 34
11 32 33
14 35 35
15 36 35
15 38 35
16 37 34
16 37 34
17 36 35
16 35 34
17 36 35
15 38 34
11 37 35
08 36 36
07 36 35
02 38 36
09 38 37
04 39 38
03 36 34
07 32 32
10 34 34
12 37 34
14 35 32
15 35 31
17 36 32
16 35 31
16 36 31
14 34 31
13 37 32
12 36 31
08 36 32
08 35 32
05 36 32
06 35 32
07 33 34
11 35 35
13 34 36
13 35 36
13 32 34
15 31 35
11 35 35
15 34 37
15 35 35
17 34 36
17 35 37
17 36 36
15 35 37
16 35 36
15 36 37
11 35 37
05 36 38
01 34 36
00 36 35
04 37 33
07 36 32
10 36 32
10 36 32
13 35 32
15 36 32
15 34 32
18 35 32
19 35 32
16 35 32
18 36 32
17 36 32
13 35 33
10 35 31
07 35 31
02 37 32
02 36 32
06 35 34
13 35 37
12 35 38
09 33 35
10 31 34
12 30 36
13 33 37
13 35 37
14 36 37
16 34 37
16 34 38
16 35 37
16 35 37
15 35 37
14 34 37
12 35 37
05 36 36
01 34 35
03 36 33
05 35 32
07 35 31
09 34 30
11 34 29
13 34 29
13 35 29
14 34 29
15 33 28
15 33 29
13 34 28
12 34 29
13 35 30
11 34 31
11 36 32
11 34 31
11 35 31
10 36 32
09 36 34
09 35 33
10 35 33
11 35 33
11 34 32
13 35 32
12 33 32
12 33 32
12 32 30
10 34 32
10 34 31
11 34 31
11 34 33
12 34 36
14 32 37
12 33 38
11 33 38
07 33 39
08 34 40
11 33 40
10 34 41
12 34 42
12 33 40
11 31 39
11 32 39
13 32 39
12 31 39
13 30 39
13 30 38
12 30 38
14 30 37
14 31 38
12 31 38
11 31 38
12 30 38
11 30 37
12 30 36
12 29 37
12 29 38
12 28 38
11 28 38
13 28 38
13 27 39
13 30 39
13 29 38
14 29 39
14 30 39
13 31 40
13 30 38
11 30 40
13 29 40
13 29 40
13 29 39
12 29 39
13 28 38
13 28 38
14 27 38
12 28 37
12 30 37
11 28 39
12 28 37
14 29 38
12 30 38
12 31 38
11 31 38
12 30 39
12 30 39
12 29 38
11 31 39
12 31 39
13 31 39
12 31 38
13 31 38
12 31 39
13 31 39
12 32 39
13 32 39
11 32 40
13 31 38
12 32 39
14 32 39
15 32 38
12 32 39
11 33 37
13 32 39
13 34 39
12 33 39
13 33 37
13 34 39
14 33 39
12 34 38
10 34 40
09 34 39
08 33 38
10 30 36
10 31 35
09 34 33
11 34 33
12 35 32
13 34 30
12 34 30
10 34 29
12 35 31
11 36 32
11 37 32
12 36 31
12 36 33
12 36 34
12 35 34
12 35 33
14 35 35
13 35 34
12 36 35
11 34 35
10 34 34
09 33 34
09 36 34
00 36 34
05 32 33
17 33 35
14 34 37
12 32 34
13 31 32
14 29 34
14 32 35
14 36 35
14 34 35
15 34 37
14 35 37
12 35 37
12 35 37
13 33 37
13 34 37
13 36 39
12 35 39
11 34 39
10 33 38
12 34 38
07 36 38
06 34 37
08 33 36
09 30 33
10 30 31
09 30 31
09 31 29
13 33 30
14 35 33
14 34 32
14 33 32
15 34 32
15 35 33
14 35 34
14 35 33
14 35 34
12 35 35
09 36 35
05 36 34
01 34 33
09 33 36
13 34 39
10 32 39
08 30 35
11 27 34
13 29 34
14 31 35
13 34 36
16 34 35
15 33 37
15 33 37
15 34 36
15 33 37
14 34 36
14 34 38
15 34 37
13 35 38
09 35 39
10 33 37
07 35 38
04 36 38
07 34 37
10 35 34
12 34 34
11 33 34
09 34 34
11 35 33
11 35 33
13 35 32
15 35 33
15 36 33
16 36 33
15 36 33
14 37 34
13 37 34
14 37 34
14 38 34
14 36 35
08 38 36
05 38 35
03 38 36
01 36 34
05 36 34
10 39 37
11 39 38
09 35 36
11 31 33
14 33 35
15 35 35
17 35 36
18 35 35
17 35 35
16 36 35
16 38 36
16 38 36
14 37 35
11 36 35
07 35 35
02 34 34
01 37 35
04 37 35
10 36 34
09 36 35
11 35 33
14 34 34
16 34 34
15 35 34
15 35 34
16 34 34
16 34 35
16 35 34
15 35 33
14 35 34
10 36 36
08 36 35
08 34 35
04 35 34
01 35 34
10 33 35
13 34 38
11 33 36
10 32 34
12 32 35
14 33 36
17 36 35
18 35 35
18 35 35
17 37 36
17 35 36
14 36 37
14 37 36
11 35 37
11 35 38
07 35 38
04 35 38
04 35 37
08 34 38
10 34 36
08 35 36
10 35 34
11 35 35
13 35 33
15 34 33
16 35 32
17 36 32
16 35 34
15 36 34
15 35 33
14 35 33
12 35 33
09 35 32
07 35 33
03 34 32
06 35 33
11 35 35
12 36 37
11 32 36
11 32 35
14 31 36
15 33 37
17 34 36
16 34 37
16 35 38
15 34 37
14 35 36
12 35 37
13 36 37
12 35 37
09 35 37
07 36 36
02 36 36
05 36 37
08 37 37
11 35 36
10 36 34
11 34 33
11 34 34
11 32 34
15 35 32
16 37 33
16 36 34
15 36 34
16 35 33
16 37 33
14 35 33
12 35 34
11 35 35
07 36 33
08 35 34
04 38 35
05 36 36
10 33 36
10 37 38
11 34 38
09 34 38
12 33 36
15 33 37
15 37 37
15 35 36
15 35 35
16 35 37
14 36 36
14 34 35
14 35 36
12 35 37
12 35 37
12 35 36
10 35 37
10 34 35
07 35 36
03 36 35
06 34 35
10 33 33
09 32 34
06 31 31
10 29 32
11 31 32
13 32 32
13 31 32
14 31 32
14 31 30
14 34 31
14 34 31
13 35 31
14 35 31
15 36 32
14 37 36
14 38 36
10 38 36
08 37 35
05 38 36
05 36 36
00 34 36
11 30 32
14 30 35
08 29 34
08 27 30
11 25 30
13 31 32
15 33 33
14 34 33
16 34 35
16 34 35
16 34 34
15 35 35
14 34 34
15 35 36
14 36 36
14 37 36
12 38 37
05 36 37
02 35 37
04 33 36
07 36 37
08 34 33
09 34 33
10 34 33
13 35 32
15 35 33
15 37 32
15 36 32
15 36 34
15 35 32
15 35 33
14 34 32
11 35 33
10 35 33
07 34 32
10 36 33
05 37 35
10 34 34
11 35 36
11 37 37
11 34 37
13 34 36
15 32 37
17 35 37
18 35 36
15 34 37
17 34 36
15 35 37
14 35 37
12 35 37
12 36 37
09 36 36
08 35 36
04 38 36
02 38 35
09 38 35
10 36 34
10 37 34
11 37 33
14 35 31
15 34 31
17 35 31
19 34 32
16 36 32
15 35 32
14 36 33
13 35 33
11 35 33
07 36 33
07 34 32
05 36 34
03 37 34
07 34 33
12 35 35
15 36 36
11 34 34
13 33 36
15 34 35
16 33 35
15 35 36
16 35 36
17 37 37
15 40 36
11 39 38
12 37 38
12 37 37
11 39 38
09 39 37
06 38 37
06 40 38
08 38 38
09 39 36
10 37 34
10 37 34
11 38 32
12 38 30
14 38 29
13 38 29
14 40 31
12 41 31
10 42 31
09 46 33
08 47 36
06 50 35
08 52 37
09 49 37
11 51 38
14 49 38
17 48 39
22 50 40
24 50 40
26 47 36
31 47 36
34 48 36
34 50 34
36 46 36
37 45 37
38 45 38
36 50 35
38 43 38
39 46 37
40 46 36
40 46 38
46 55 40
50 58 40
47 54 36
45 51 34
42 50 34
44 47 37
40 45 36
38 43 38
37 40 40
37 42 38
39 42 37
39 44 36
39 48 33
40 46 35
38 53 32
36 53 30
33 54 36
29 57 30
27 52 28
25 53 32
22 50 33
19 47 31
14 48 31
15 47 32
14 48 31
12 47 32
13 44 33
12 43 32
10 44 34
09 40 34
08 41 37
07 39 37
04 39 36
04 38 37
03 40 36
08 40 37
10 39 39
10 37 38
10 38 38
11 36 38
14 36 34
15 37 35
17 35 35
16 36 35
16 35 33
16 35 33
14 36 33
12 34 31
10 35 32
05 35 32
05 36 31
04 35 31
12 37 35
11 36 36
10 34 36
10 33 36
12 33 35
16 32 35
18 34 36
17 35 37
17 34 38
16 35 37
16 35 37
12 36 36
11 35 36
10 36 36
07 35 38
06 34 36
01 37 35
03 36 38
09 35 37
08 36 34
08 35 33
09 34 33
13 34 34
14 36 34
15 36 33
16 36 33
17 36 34
17 36 34
15 35 33
14 35 33
11 33 33
06 35 33
07 34 33
04 36 34
09 34 33
07 36 34
08 35 36
11 35 36
12 35 36
16 33 36
18 35 35
20 35 36
18 38 36
17 36 37
15 36 36
13 36 36
12 35 37
08 35 37
06 36 37
07 35 36
03 39 38
07 35 38
10 36 38
08 37 37
07 33 36
10 34 36
14 35 34
14 36 33
14 35 33
15 35 32
17 37 33
17 35 32
17 36 33
16 35 33
15 36 32
09 36 33
08 34 32
06 36 34
05 35 35
10 35 35
10 36 37
09 35 37
09 34 35
16 31 36
17 33 34
17 36 35
18 37 36
18 36 36
16 36 36
14 37 36
13 37 37
12 37 36
07 36 37
06 37 36
02 36 37
05 37 37
10 37 38
07 37 35
07 35 35
09 36 34
11 35 32
12 35 32
13 36 32
15 36 32
17 34 32
18 36 31
16 34 34
15 35 32
14 35 33
10 36 32
06 34 33
09 35 31
04 38 34
11 36 34
10 35 34
09 36 36
10 35 35
10 34 35
10 35 35
16 35 35
19 37 36
18 36 37
18 36 36
16 37 35
14 37 37
11 36 37
10 34 36
06 38 38
05 35 38
02 38 37
03 36 38
08 35 38
09 36 36
08 33 34
10 35 34
12 34 33
14 34 33
17 35 33
18 37 32
18 36 33
17 36 32
17 35 32
13 35 32
12 34 33
07 35 34
05 35 32
05 36 34
06 35 34
10 35 35
10 36 36
11 36 37
09 36 37
15 32 36
16 32 35
19 34 35
18 35 36
19 35 35
17 34 35
16 37 36
12 37 36
09 37 36
08 38 38
05 36 37
01 37 37
03 36 39
10 34 39
08 35 37
08 36 36
10 33 36
11 34 35
13 36 33
14 34 33
15 37 33
16 35 32
15 35 33
15 35 32
14 35 31
13 35 32
10 36 34
07 34 33
05 35 31
06 34 31
11 33 35
09 34 36
08 33 35
09 31 36
12 30 35
15 30 35
20 33 36
19 35 37
18 35 37
17 35 36
16 36 36
14 35 37
13 36 38
07 35 39
04 34 37
00 35 39
01 35 39
09 34 39
05 35 36
07 35 35
09 34 35
11 33 34
14 33 33
15 34 33
16 34 33
16 34 32
16 35 32
16 35 33
14 34 33
13 34 32
09 35 34
08 34 34
09 35 35
06 36 37
07 33 37
05 33 36
07 34 36
11 35 37
08 36 36
16 35 36
19 38 37
19 38 37
19 38 37
18 35 37
16 36 38
15 36 38
14 35 38
13 37 38
10 34 37
06 35 36
00 36 37
03 34 36
05 35 34
07 36 34
08 36 34
10 35 34
11 36 33
14 35 33
16 34 32
15 35 32
16 36 32
15 36 32
15 36 32
14 36 32
12 37 33
09 36 33
07 36 32
01 35 32
06 36 33
11 36 36
12 37 38
12 34 38
14 33 36
15 32 36
15 32 38
17 35 37
16 34 36
15 35 37
14 35 36
14 35 36
14 36 35
12 36 36
10 35 35
08 35 35
06 36 35
06 37 35
09 38 35
07 38 34
06 35 33
06 36 32
08 36 34
12 35 34
15 36 34
17 37 35
16 36 33
13 35 33
13 35 33
14 35 33
13 35 33
09 35 33
07 34 32
05 34 30
05 35 33
12 36 34
13 35 34
09 36 34
08 33 34
10 33 34
15 35 36
18 35 36
17 35 37
17 35 35
16 35 36
14 36 36
13 36 36
12 35 37
08 35 36
07 37 37
03 37 36
04 36 37
08 37 37
09 36 35
06 35 33
09 33 32
12 33 31
12 33 31
14 33 31
16 33 32
18 34 31
15 34 31
16 34 32
14 35 32
13 36 33
11 35 31
07 35 31
08 37 31
04 37 35
08 35 33
09 36 33
13 37 35
12 37 36
11 34 35
11 33 35
15 33 36
16 34 36
16 34 35
17 35 36
15 33 36
14 36 35
14 35 36
14 36 36
12 35 37
08 36 37
07 35 35
05 36 36
05 36 36
08 37 37
09 35 34
05 35 32
09 34 32
10 34 33
13 36 33
14 35 33
16 36 33
17 35 33
17 35 33
18 36 33
16 35 33
14 35 33
13 36 34
10 35 33
07 34 33
06 36 33
03 36 33
06 34 34
13 35 33
13 35 36
10 36 36
11 33 34
15 33 35
16 35 35
16 36 35
15 36 35
16 36 35
14 36 35
14 35 35
12 35 35
12 35 36
08 35 36
06 35 36
01 38 36
02 36 35
09 36 37
09 35 35
07 34 34
09 34 34
10 33 33
14 35 32
14 35 32
16 36 33
18 35 33
17 36 33
16 36 33
16 35 32
15 35 32
11 35 33
09 34 32
09 35 32
07 36 33
05 37 33
08 35 34
11 36 35
12 35 37
11 34 36
12 32 34
14 31 34
17 33 35
17 36 35
15 37 37
15 35 36
15 36 36
12 35 37
12 34 36
11 36 36
09 34 38
08 35 36
04 36 36
07 36 35
07 36 35
06 35 32
08 33 32
09 34 33
11 36 33
14 36 32
16 35 32
17 34 32
18 36 32
16 33 32
16 35 32
16 34 32
14 35 34
10 34 32
07 35 32
05 34 32
05 36 33
07 36 34
12 35 35
13 35 36
11 35 37
12 34 35
17 31 34
17 35 35
17 37 35
17 36 35
16 35 35
14 36 35
13 36 36
09 37 37
09 35 35
09 35 36
07 36 37
04 36 37
04 36 36
09 35 36
08 35 34
08 35 35
10 35 36
10 36 35
10 36 34
14 35 34
16 35 34
17 36 33
16 37 32
15 35 32
15 34 31
14 34 32
10 35 33
07 34 33
07 33 33
05 34 33
09 36 35
15 34 35
13 37 37
12 35 38
11 36 38
11 34 36
13 33 36
16 34 36
14 36 36
13 36 36
12 37 37
12 36 39
13 35 38
13 34 39
12 36 38
10 35 39
07 35 38
03 34 35
03 34 36
09 32 32
11 35 33
10 34 33
10 34 32
10 34 31
13 33 30
16 33 30
17 35 32
16 35 33
15 36 31
14 35 31
14 34 32
13 33 32
11 35 32
10 35 32
10 35 34
08 35 37
07 35 35
09 35 36
11 37 37
12 38 37
12 37 36
13 36 36
12 35 36
12 36 37
12 35 36
12 36 36
11 36 38
13 38 36
15 36 37
13 36 37
11 36 38
06 35 36
03 35 35
04 34 35
08 34 35
09 35 33
08 34 31
09 29 29
11 32 29
12 35 31
13 33 31
15 33 32
15 34 32
15 35 33
14 36 33
14 35 33
15 35 34
14 37 34
13 36 36
13 37 36
10 36 36
09 36 36
08 36 37
07 36 36
05 36 37
09 36 38
15 36 39
15 35 37
13 33 37
11 32 36
12 32 35
14 34 34
13 34 36
12 36 35
13 35 35
12 34 35
13 35 34
12 35 35
13 35 35
13 35 35
13 35 35
12 34 36
13 35 36
13 35 36
12 35 36
12 35 36
08 36 35
07 35 35
08 36 35
11 35 34
09 36 33
11 36 33
12 36 33
11 36 32
13 36 31
13 37 32
12 38 32
11 36 32
14 37 31
14 36 32
14 37 33
12 38 33
12 36 33
13 37 34
12 38 34
12 37 34
10 36 34
09 36 35
08 36 35
05 35 35
04 37 34
09 37 35
15 37 37
16 36 36
17 35 34
13 34 34
13 34 34
13 35 34
14 36 35
12 38 35
13 37 35
12 36 35
13 37 34
14 35 34
13 38 35
14 38 35
14 37 35
10 38 35
06 38 34
08 39 34
10 39 33
09 39 33
09 38 32
11 38 32
11 38 32
12 38 32
14 39 30
15 39 31
14 38 32
14 39 32
14 39 31
12 39 31
13 40 32
13 40 32
15 39 32
13 40 32
12 39 32
11 38 33
11 37 34
10 37 33
11 37 33
09 36 33
11 36 33
13 37 34
13 37 35
12 37 33
08 35 33
07 33 33
11 35 34
12 36 35
13 35 35
13 35 35
12 34 35
15 35 35
15 35 36
14 35 36
15 34 35
12 35 36
11 35 35
11 36 34
11 35 35
08 35 36
06 35 34
04 36 35
04 36 36
09 37 36
13 36 35
10 36 35
12 35 34
12 36 33
12 35 33
14 35 34
15 36 34
17 35 34
14 37 34
15 36 34
16 36 34
14 35 35
14 36 34
09 35 35
08 34 34
05 33 33
03 35 34
09 36 35
09 36 35
14 35 36
13 34 37
11 35 35
14 32 33
16 35 35
17 37 35
16 39 36
17 37 34
16 36 35
14 36 34
10 37 36
11 35 35
09 36 35
09 37 36
07 37 36
04 38 38
07 37 37
10 37 37
09 37 36
10 36 35
12 35 34
14 35 33
13 35 34
15 37 34
16 35 34
16 35 33
15 35 34
14 35 33
15 36 33
14 35 33
12 34 34
09 35 34
06 34 33
03 35 34
06 35 33
08 34 34
14 35 36
12 36 35
12 33 35
10 33 34
15 35 35
16 37 35
16 36 35
16 35 36
14 36 36
13 36 36
12 35 36
12 36 36
11 34 36
06 36 36
05 35 35
03 37 35
04 37 36
09 38 38
11 35 36
08 36 34
10 35 34
10 35 35
12 35 33
13 36 33
15 35 33
16 37 33
16 36 34
16 35 33
14 36 33
14 35 32
12 34 34
07 36 33
07 34 32
07 35 34
07 34 33
10 34 35
12 34 35
12 35 35
11 34 36
12 33 35
16 32 36
17 35 35
17 35 36
16 35 36
15 34 35
13 35 36
13 36 36
11 35 38
08 36 37
06 35 36
04 35 36
04 35 38
11 35 38
08 36 36
06 34 34
09 34 34
12 36 34
15 37 35
15 36 33
17 35 33
17 37 34
17 35 32
15 36 32
15 36 32
12 34 32
12 36 32
08 35 33
06 35 32
01 38 33
05 34 33
10 34 36
12 37 36
11 35 36
14 33 35
15 34 36
18 34 37
19 35 36
18 35 37
16 34 37
15 34 36
14 36 36
11 35 36
10 35 35
09 35 35
08 37 35
03 39 35
04 38 37
09 38 38
08 37 34
10 35 33
09 37 34
12 37 34
14 37 35
16 36 33
17 36 32
18 35 33
17 36 34
15 35 32
17 35 33
11 34 33
08 34 32
07 34 30
04 37 32
03 35 32
08 34 32
08 36 35
10 35 35
11 34 34
14 32 33
17 33 35
17 35 34
18 36 35
17 34 36
17 35 35
15 36 36
13 38 36
11 35 36
09 36 37
07 36 37
03 36 37
04 34 35
10 35 37
11 37 36
09 36 34
09 36 34
09 36 35
12 37 34
14 36 35
15 34 34
16 34 34
15 34 33
14 34 34
15 34 32
12 35 32
10 34 33
07 34 32
06 36 31
05 35 32
09 36 34
15 33 34
12 34 34
11 32 35
12 32 35
15 32 36
17 34 39
17 35 37
16 34 38
15 34 38
15 35 38
14 34 37
12 35 38
10 34 37
07 34 36
02 35 35
02 36 35
05 36 36
09 35 35
08 36 35
11 35 35
12 36 35
11 34 34
13 34 34
15 34 34
16 35 33
17 35 33
16 35 33
16 34 34
15 34 34
13 33 34
09 34 33
09 34 32
05 35 34
08 35 34
09 33 33
11 36 34
09 36 36
08 34 35
10 33 35
14 35 36
17 35 35
17 35 35
18 36 36
16 37 38
15 37 38
14 37 39
13 36 37
12 37 39
08 35 38
06 39 37
04 36 37
07 39 37
10 36 35
08 35 33
08 35 33
08 35 33
09 35 33
12 36 33
15 35 33
16 35 33
18 34 33
18 34 32
18 35 33
17 35 34
14 35 34
10 35 34
08 35 34
06 36 33
04 36 34
05 37 34
07 35 35
13 36 35
12 36 36
12 37 35
10 35 35
12 33 34
14 35 34
15 35 35
17 36 35
16 37 36
16 36 36
13 35 37
13 35 36
14 34 36
12 36 37
07 35 37
02 37 37
02 35 37
08 33 36
14 36 37
13 35 38
11 35 36
11 34 35
12 33 34
13 33 33
15 34 35
15 34 35
15 37 34
16 36 35
16 35 34
15 37 34
14 37 34
11 37 35
11 38 35
09 39 36
08 39 37
03 40 36
08 40 34
13 41 40
11 45 39
08 45 41
11 44 42
16 43 42
20 41 40
22 39 39
26 38 38
25 38 38
26 37 36
23 37 38
22 38 38
16 40 36
10 41 38
07 40 38
05 37 37
03 39 37
04 39 38
05 38 37
07 36 34
07 34 32
10 34 34
12 35 35
13 36 34
16 37 33
15 35 33
15 36 33
12 37 34
10 41 34
08 44 36
06 48 37
05 48 38
08 48 37
11 50 39
11 49 39
12 47 38
16 49 40
17 49 43
22 47 42
25 50 44
31 44 43
37 41 42
37 47 42
38 44 37
39 45 35
39 45 35
40 47 32
41 47 31
42 47 33
41 47 33
41 49 34
41 53 39
40 54 37
44 51 35
46 49 31
45 48 32
47 50 33
42 51 35
39 50 37
36 50 36
36 48 36
37 46 36
37 45 34
39 46 33
39 47 33
40 45 32
39 49 32
39 54 31
37 50 35
35 52 35
32 51 35
29 49 36
27 53 40
25 49 41
24 45 40
18 50 45
17 38 39
16 39 43
12 42 46
11 36 42
10 37 42
11 35 43
11 35 43
10 36 41
11 36 41
09 36 40
08 35 40
08 35 39
05 36 38
06 36 38
09 37 37
11 36 35
11 36 34
09 35 33
11 35 34
12 35 33
13 37 33
16 36 33
15 36 34
16 37 35
16 37 35
19 36 34
17 37 35
16 37 37
13 38 36
10 36 36
08 37 36
04 36 35
00 36 35
05 34 34
12 37 37
14 38 38
15 39 37
12 37 35
16 34 35
18 34 36
16 36 36
17 36 35
17 38 35
16 38 36
14 37 38
13 35 38
11 35 38
10 32 37
09 35 36
02 37 37
04 36 37
05 37 34
05 36 33
08 35 33
11 35 34
11 36 34
15 36 33
17 35 32
17 35 33
18 36 33
17 36 34
16 34 33
14 34 33
12 35 34
07 34 33
06 34 31
02 36 30
08 36 34
11 37 37
11 35 35
09 35 34
12 34 36
15 31 37
18 35 37
17 36 36
19 35 37
18 36 37
18 37 38
14 38 37
11 36 38
11 36 37
09 37 37
05 38 37
01 38 36
02 39 38
09 37 37
07 38 34
06 37 33
08 35 33
11 35 32
12 37 34
15 36 33
17 37 32
17 36 32
17 34 32
18 36 33
16 34 31
15 34 32
12 34 31
09 37 32
08 36 32
10 37 33
03 38 34
08 38 34
08 39 37
08 35 39
10 34 37
12 33 35
15 32 37
18 33 37
17 34 37
16 35 36
15 36 36
15 35 37
14 34 36
11 37 36
11 33 36
08 34 35
06 36 36
04 36 35
10 36 36
09 38 36
06 36 33
08 35 33
10 35 33
12 34 33
14 34 34
15 35 34
14 36 34
16 35 33
16 34 33
16 33 33
13 35 33
09 34 33
08 35 32
07 36 32
03 36 36
06 35 34
08 35 34
09 35 38
11 36 37
14 36 34
18 34 36
21 36 36
20 36 36
18 36 36
15 35 37
12 34 37
11 36 37
10 35 37
09 36 37
06 35 37
03 37 37
03 36 36
09 37 37
06 37 35
08 34 33
11 34 33
11 34 34
12 34 33
13 35 34
16 35 32
17 35 32
18 36 33
18 36 33
17 36 33
15 35 33
10 36 33
08 36 33
07 35 32
03 36 32
08 36 34
07 35 36
08 38 37
11 35 36
14 33 35
17 34 36
18 36 36
18 36 36
18 36 36
17 34 36
14 35 36
11 35 36
11 35 36
10 35 36
08 38 36
07 36 36
03 37 37
03 37 36
07 36 36
07 37 36
07 34 33
10 34 31
13 33 32
14 33 32
16 36 31
18 36 32
18 36 33
18 35 32
18 35 33
15 36 32
14 35 33
08 34 33
06 35 32
08 34 33
03 36 33
05 32 32
09 34 33
12 36 38
08 35 35
13 34 35
17 33 36
18 35 36
19 36 36
18 36 37
17 37 36
15 37 36
13 38 36
14 37 36
11 36 36
05 36 36
00 37 36
00 36 35
05 35 36
08 31 36
11 32 34
12 29 33
14 30 32
11 32 30
11 34 31
15 35 31
16 35 32
16 34 33
15 33 32
16 34 32
14 34 33
12 34 32
11 34 31
12 34 33
09 35 32
07 35 32
09 35 34
13 34 35
11 35 35
07 34 33
06 32 31
13 32 33
14 33 35
16 35 35
16 35 35
16 33 37
16 35 37
13 36 38
13 34 39
12 36 36
10 35 36
07 35 37
06 36 36
04 35 38
08 36 38
09 36 36
08 34 35
07 33 34
11 34 33
12 34 33
14 35 33
15 36 34
16 36 33
18 36 33
17 34 33
17 34 33
15 36 34
12 36 34
10 34 34
08 34 35
04 36 35
03 36 35
07 35 35
11 34 36
10 35 36
09 35 34
14 34 34
19 35 35
17 37 35
17 39 36
17 41 36
16 41 37
13 35 38
13 36 39
13 33 38
11 34 37
07 36 37
07 40 36
03 37 35
07 36 36
12 36 34
09 36 32
09 36 31
12 34 32
13 35 34
15 35 34
15 36 33
16 35 33
17 34 34
16 34 33
15 34 34
13 36 33
11 36 34
07 35 34
06 34 33
03 36 34
03 35 35
07 36 37
12 35 37
13 36 36
12 35 34
14 33 34
17 32 35
18 34 36
19 36 35
17 37 36
17 37 37
14 35 37
13 35 38
12 36 37
06 35 37
05 35 37
04 35 37
07 35 38
09 37 38
09 36 34
09 35 34
10 34 34
13 35 34
15 36 33
16 35 33
14 34 34
15 34 33
16 36 33
15 36 32
18 36 33
17 37 34
14 36 35
11 37 34
08 35 33
05 34 34
04 34 34
02 36 36
07 37 36
10 36 39
12 36 41
13 34 38
14 34 36
13 35 35
15 36 35
16 37 34
15 38 34
15 38 35
17 39 36
16 37 36
14 35 35
13 35 36
14 36 36
13 35 36
12 35 37
08 36 36
05 37 36
03 36 36
06 35 37
10 33 35
09 35 32
07 34 32
08 35 31
11 35 30
13 35 31
14 36 33
16 36 32
16 36 33
15 37 32
16 39 35
16 40 36
18 41 37
14 39 39
13 41 40
13 42 40
11 41 42
10 42 42
11 43 42
11 44 43
11 43 40
13 43 40
12 44 40
14 42 39
15 42 40
13 42 41
13 43 43
14 40 42
15 43 44
15 45 48
17 46 47
21 43 47
23 42 50
26 43 45
29 38 46
32 38 46
33 39 44
35 39 45
36 42 46
35 41 45
36 42 45
35 42 47
31 41 48
32 38 49
32 38 48
33 41 53
36 37 54
36 36 52
39 37 52
38 35 52
39 35 52
36 35 52
38 38 54
36 36 53
37 38 51
37 36 54
37 36 53
38 35 52
36 37 53
36 38 52
35 39 51
35 39 52
