12 33 36
12 33 36
14 34 36
14 34 36
12 35 36
13 34 35
12 35 36
11 35 35
11 36 35
11 36 36
11 34 36
13 35 34
12 35 35
12 36 35
13 35 35
12 36 36
12 35 36
10 35 35
12 36 35
10 36 36
12 37 36
11 35 36
13 35 36
13 35 35
14 36 35
12 37 35
12 36 35
13 36 36
13 35 35
12 36 37
11 35 37
10 35 38
14 34 37
12 34 38
12 34 38
13 34 38
14 35 39
14 34 38
14 35 39
14 34 39
13 35 39
14 36 39
15 34 39
14 36 38
13 35 39
13 36 38
11 36 38
11 35 38
07 35 38
09 36 37
11 35 37
14 36 36
14 36 35
13 36 35
12 36 35
11 37 35
13 37 35
14 36 34
14 36 34
13 36 34
13 37 34
13 38 34
14 38 35
13 39 35
14 37 37
14 37 36
13 37 36
13 37 36
13 37 36
11 38 37
07 37 37
06 35 37
11 35 37
13 38 37
12 39 37
13 36 37
14 34 37
15 33 37
14 36 37
14 35 37
14 36 37
15 37 37
14 36 38
14 38 38
14 37 38
15 37 39
14 38 38
13 38 38
13 37 38
11 37 36
07 39 37
06 40 38
09 38 36
10 37 35
12 36 34
16 36 36
16 36 35
15 37 33
16 37 34
14 36 34
15 37 34
13 38 34
13 37 33
12 37 34
13 39 36
14 38 37
14 38 37
13 38 36
13 38 37
11 38 38
06 38 36
07 38 37
09 36 38
12 37 38
12 38 36
16 37 37
17 35 37
15 35 36
17 36 36
15 37 36
15 35 36
14 36 37
13 37 37
14 37 38
14 36 38
13 37 37
13 36 38
10 37 36
04 38 36
05 38 37
08 38 36
10 38 34
11 37 35
15 35 34
16 36 34
17 36 35
16 37 34
15 37 34
14 37 34
14 39 35
15 37 35
13 37 35
15 37 36
13 36 35
13 37 36
11 36 36
11 37 36
04 37 37
05 35 35
11 33 36
12 39 38
14 39 37
15 38 37
15 37 37
17 33 36
15 36 36
15 37 37
15 38 37
15 37 37
15 36 37
13 38 38
15 36 38
14 36 38
13 36 38
10 36 38
06 37 37
07 38 37
10 37 37
10 39 36
12 37 35
12 36 35
16 37 34
17 35 35
17 37 35
15 38 34
14 37 35
14 37 34
14 37 35
14 38 35
13 36 36
13 38 35
13 38 36
11 38 37
09 38 37
05 37 37
07 36 38
11 36 36
11 36 38
12 39 38
13 38 37
15 36 37
15 33 38
14 34 37
14 37 38
13 34 36
13 36 36
15 36 37
15 37 36
14 36 38
14 35 38
14 37 38
13 36 39
09 37 37
04 39 38
06 36 36
11 37 35
10 37 35
10 37 33
13 35 34
16 35 33
16 34 33
17 36 33
14 36 32
13 35 32
15 41 34
14 36 35
14 37 36
13 37 37
13 36 37
14 38 36
12 40 37
09 38 36
06 38 36
07 37 36
08 36 37
08 38 37
12 36 36
14 34 35
17 32 34
18 33 35
15 35 34
14 35 34
12 36 35
12 36 36
15 38 36
14 37 36
15 37 36
14 37 36
14 36 36
13 36 35
09 36 35
05 37 34
06 37 34
07 35 33
09 35 33
09 35 34
13 35 34
15 35 34
17 34 34
15 36 34
14 35 34
13 36 34
14 35 34
13 36 34
12 37 34
13 37 33
12 36 33
12 36 35
13 37 36
12 36 38
08 36 36
04 36 35
08 35 36
10 36 37
11 36 38
12 35 35
13 34 34
15 32 34
14 34 36
14 34 36
14 35 36
14 35 36
14 34 36
15 37 37
15 35 36
14 36 38
15 37 38
13 37 38
10 38 36
05 39 37
07 39 39
10 37 36
09 38 35
09 36 34
12 36 35
14 36 34
18 37 35
16 37 34
15 37 35
13 35 35
14 34 34
13 37 35
14 38 35
14 38 35
14 38 36
12 38 35
12 37 35
11 37 36
05 37 36
04 36 35
11 34 36
13 37 38
13 39 37
11 38 38
13 35 36
16 33 36
15 33 36
15 34 35
15 35 36
15 35 36
15 37 38
15 37 38
16 36 39
15 36 38
13 36 39
14 36 38
11 35 36
05 35 35
04 37 37
08 38 36
09 36 34
09 35 34
12 35 33
15 34 34
17 35 34
15 36 35
16 36 35
15 36 34
14 36 35
14 36 35
14 38 36
12 38 35
12 37 36
11 38 36
12 36 37
11 36 37
07 36 37
04 37 37
10 34 38
12 35 37
13 36 38
14 35 36
15 35 36
16 33 37
15 34 36
13 34 36
15 36 36
14 35 37
15 36 38
15 36 37
14 37 37
14 37 38
13 36 38
11 35 37
05 37 36
04 39 38
09 36 36
12 36 34
11 36 34
10 35 35
13 34 34
16 35 35
15 35 33
14 34 33
13 34 31
13 34 33
15 34 34
14 35 34
13 36 35
13 36 35
12 37 35
13 37 36
11 39 36
10 37 35
06 38 37
04 36 36
10 35 37
11 36 36
10 37 37
11 36 35
13 34 34
15 33 36
15 36 35
13 39 34
14 35 35
14 34 35
14 34 34
13 34 34
14 35 35
13 35 36
13 36 34
13 35 34
08 36 34
04 37 35
06 36 35
10 34 35
13 36 34
12 37 36
12 35 34
13 35 35
14 34 34
14 35 33
14 36 33
13 36 33
13 37 34
12 35 34
14 36 33
13 36 34
13 36 33
13 37 34
12 37 35
08 38 36
04 35 36
05 32 37
11 32 37
11 33 36
11 35 35
11 33 35
12 33 35
13 31 35
14 33 36
16 34 35
15 35 35
16 34 35
16 36 37
15 36 36
14 36 37
15 36 37
13 36 38
12 34 35
07 34 36
01 36 35
05 36 36
08 34 34
08 37 33
11 38 34
14 36 33
16 36 33
16 35 34
17 36 33
16 36 34
14 36 34
12 36 34
13 37 34
12 37 35
14 37 34
13 37 34
11 38 35
11 37 35
09 37 35
05 35 36
03 36 35
11 35 37
15 36 36
14 37 35
12 37 35
14 35 36
15 33 35
17 36 36
16 35 35
15 35 36
15 36 36
15 37 37
14 37 38
14 38 37
13 37 38
13 37 38
13 38 40
10 38 38
06 39 38
06 37 37
05 36 36
07 36 35
09 37 35
14 36 35
17 35 35
16 37 35
16 36 34
16 36 35
15 35 34
15 35 34
16 36 34
15 37 34
14 36 34
14 37 35
11 38 35
12 37 36
12 37 37
07 38 38
04 39 37
08 35 37
10 38 39
11 40 38
14 38 38
15 35 37
16 33 36
14 35 38
14 37 37
14 36 39
14 36 37
14 38 38
16 37 38
15 36 37
14 37 37
13 36 37
12 36 37
09 37 36
05 38 36
07 39 37
12 36 36
14 37 36
12 38 36
11 37 36
13 35 34
14 35 35
13 35 34
14 37 33
16 39 34
14 37 34
14 38 34
14 37 35
14 38 35
12 37 35
13 36 35
12 37 37
10 37 36
06 37 36
03 35 36
10 35 36
12 37 35
10 38 37
10 35 35
15 33 34
16 32 35
17 35 36
16 36 34
15 35 36
14 35 35
13 36 35
13 35 36
15 35 35
14 35 35
14 35 36
12 35 36
10 32 35
05 37 34
02 36 35
07 35 34
09 35 33
11 34 34
10 33 35
14 32 34
16 37 33
15 35 34
15 36 34
14 36 32
14 37 34
13 36 34
13 36 35
14 37 35
12 36 34
12 36 34
12 36 35
13 38 35
09 35 36
06 36 35
07 35 36
11 34 36
11 37 36
10 36 36
13 34 34
15 32 34
17 34 36
17 34 36
14 36 36
13 36 37
14 36 37
15 35 36
15 37 37
14 36 37
13 36 37
12 36 36
09 36 35
05 38 36
06 37 36
10 35 34
13 35 34
14 37 35
13 39 34
13 36 35
14 36 35
14 35 34
15 35 34
15 36 34
15 38 35
14 37 35
14 37 35
11 37 35
12 38 35
14 36 35
11 37 35
11 37 37
09 38 35
06 37 35
08 37 35
12 36 36
12 38 37
12 37 37
14 36 36
16 34 36
16 34 36
15 34 35
14 36 36
15 35 37
15 36 36
15 36 37
15 36 37
13 37 38
12 38 37
12 35 36
10 37 37
03 39 37
05 38 38
12 37 35
13 36 35
12 36 34
11 37 35
14 35 34
15 35 34
14 36 34
14 34 34
14 36 35
13 36 35
14 37 35
16 37 35
15 38 35
14 38 35
15 38 35
13 38 36
13 38 36
13 36 37
09 35 37
07 37 36
09 35 38
07 36 39
11 37 38
14 35 38
17 35 37
16 35 38
14 35 38
14 34 37
14 37 37
13 37 38
14 36 38
14 38 39
15 36 37
15 35 38
13 37 38
14 36 39
12 37 39
08 36 37
04 38 38
07 37 38
12 36 37
14 36 36
12 36 35
12 35 35
12 36 35
13 36 35
15 37 35
15 37 35
14 37 35
13 36 34
13 37 36
14 37 34
14 37 35
13 38 36
14 38 36
13 37 36
12 39 37
12 38 37
11 38 38
08 38 37
05 38 38
10 36 38
14 36 37
13 37 38
11 39 37
13 35 38
15 35 37
16 35 37
15 37 37
14 37 38
14 37 38
15 37 39
16 37 38
17 37 38
16 38 39
14 36 39
13 35 38
12 36 38
09 36 37
06 39 36
08 37 36
11 36 35
14 36 35
12 38 34
10 37 34
13 37 34
14 36 35
14 36 35
15 38 35
14 38 35
12 39 35
14 37 35
12 37 36
13 38 36
11 37 35
14 36 34
11 36 36
11 37 35
12 38 37
08 37 38
07 38 38
12 35 37
14 35 36
15 37 37
13 39 38
13 36 37
14 35 38
16 36 37
16 36 38
13 37 37
15 36 38
13 36 39
15 36 39
15 36 38
14 36 38
14 37 38
15 36 37
09 38 36
04 40 37
08 38 37
12 39 36
14 36 33
14 37 35
13 37 35
13 37 34
14 37 34
15 38 35
15 38 36
14 38 36
13 38 35
13 38 35
14 39 35
12 38 35
13 38 35
11 37 35
10 36 35
11 36 35
07 38 37
07 37 37
12 37 36
14 36 37
13 37 37
14 38 37
14 36 37
15 35 36
15 35 36
14 36 36
15 38 37
12 36 37
14 36 36
13 37 36
14 35 38
14 35 37
13 34 37
13 35 37
12 35 36
10 35 38
08 37 37
06 38 37
09 37 36
13 37 37
14 37 35
11 36 35
10 36 35
15 36 34
15 35 35
15 36 36
15 37 35
15 36 35
13 38 35
13 36 36
14 36 35
13 36 35
13 36 35
13 37 35
12 37 36
12 36 37
07 36 37
03 36 37
08 35 38
15 35 37
16 37 36
15 38 38
13 37 37
13 35 37
14 35 37
14 36 37
14 37 37
14 37 36
14 37 37
15 35 36
14 36 37
14 35 37
14 35 37
13 35 38
10 36 37
11 36 36
06 36 36
04 36 36
10 36 36
12 36 35
14 36 34
09 37 36
11 35 35
13 33 34
14 35 33
15 36 34
13 36 34
12 37 35
13 36 34
13 35 35
13 37 35
13 36 35
14 37 36
12 37 36
12 37 36
13 37 36
13 36 37
14 36 37
13 37 38
12 36 38
11 36 38
12 36 39
13 34 39
13 36 38
13 35 37
13 34 38
13 34 39
14 34 39
13 34 39
14 33 39
14 36 38
13 34 39
13 34 39
12 34 39
13 34 39
