11 34 37
11 34 37
12 34 37
13 34 36
13 34 37
12 36 36
12 36 36
12 36 36
13 36 37
12 35 36
12 36 36
13 35 36
13 35 36
13 39 36
12 38 35
13 37 35
12 37 36
14 36 35
14 38 35
12 38 35
13 37 36
13 37 36
14 37 34
13 36 36
12 37 35
12 38 35
09 37 36
10 36 35
10 36 35
10 34 34
06 34 35
08 34 35
13 34 36
12 36 35
12 37 37
12 36 36
12 34 36
15 32 36
15 33 36
15 35 36
15 35 36
15 34 37
15 34 37
14 36 36
13 36 37
13 35 37
12 35 37
12 36 37
12 37 36
08 36 36
06 36 36
08 38 37
09 36 35
08 36 34
11 34 34
14 34 34
15 35 34
14 37 35
14 35 34
14 34 35
14 35 34
14 35 34
15 36 34
14 35 34
14 35 34
14 36 34
11 38 35
12 35 37
06 36 35
05 36 35
10 35 35
09 36 37
09 35 38
12 35 36
15 33 34
17 32 35
17 33 36
14 35 37
13 35 35
13 36 36
14 35 37
14 35 36
14 34 37
13 35 38
12 33 35
07 33 35
00 35 36
04 35 35
08 35 33
11 33 34
12 35 34
12 35 34
14 35 34
16 34 33
16 35 33
14 35 33
14 35 33
14 34 33
14 35 33
14 34 32
14 36 34
14 36 34
11 34 35
11 35 35
02 34 34
05 33 34
11 32 36
11 34 37
12 35 37
17 36 36
16 34 35
17 33 35
15 33 35
13 35 36
14 35 36
14 36 36
14 35 36
14 36 37
14 36 37
11 35 35
07 34 36
02 36 36
06 34 36
08 33 34
10 36 33
12 35 33
15 34 34
17 34 32
19 34 34
17 36 34
15 35 33
13 33 33
13 34 34
12 34 33
14 35 34
14 36 34
14 36 35
11 36 35
10 36 36
03 36 35
04 34 34
11 35 35
12 36 39
13 37 38
13 37 35
15 33 34
16 32 36
15 32 37
15 35 36
14 35 36
15 35 36
14 36 36
14 35 37
15 36 37
13 34 36
12 35 35
11 34 33
02 35 34
02 38 36
07 35 34
10 34 32
11 34 32
15 30 33
16 34 33
15 33 32
15 37 32
14 35 32
13 35 33
13 35 33
14 34 34
14 33 34
14 36 34
14 36 34
13 36 35
10 37 35
11 35 35
08 34 35
04 33 34
08 35 36
10 34 38
10 33 38
12 35 35
13 32 33
14 31 34
13 32 34
13 34 34
14 34 34
15 32 34
14 32 35
15 33 35
14 32 35
15 32 36
14 33 36
13 35 36
06 35 35
00 34 35
05 33 34
08 34 34
10 33 34
14 34 35
16 34 36
16 35 34
15 36 35
15 36 34
14 35 34
14 35 33
14 33 34
13 36 33
13 36 33
14 37 34
13 35 34
10 36 36
09 36 36
02 36 36
05 34 37
10 35 37
12 38 39
14 38 38
15 36 36
17 32 36
16 32 37
16 35 35
15 35 35
14 36 36
15 36 37
15 36 37
14 36 37
15 37 37
13 35 37
13 36 37
08 35 36
03 38 38
06 37 36
05 36 34
09 35 33
13 35 34
15 35 35
16 36 35
16 37 35
15 36 34
14 33 34
14 35 34
13 34 34
13 35 34
13 35 34
12 36 34
12 35 36
13 36 36
07 34 36
01 35 35
07 34 37
12 35 39
13 36 38
15 37 37
15 34 37
16 33 36
16 30 36
15 35 36
12 36 35
15 36 35
14 36 38
13 34 37
15 36 37
13 37 37
12 38 37
11 36 36
04 37 36
03 38 36
08 38 35
10 36 34
10 36 34
12 34 33
14 34 34
15 34 33
15 33 35
15 34 34
16 33 34
14 34 33
12 34 33
14 35 34
13 36 33
14 36 34
12 35 35
12 34 35
09 35 34
01 35 34
05 36 35
12 34 38
13 35 40
14 36 39
14 34 35
12 31 34
14 29 35
15 34 37
16 35 37
16 36 37
17 35 37
13 34 37
14 34 36
12 35 37
13 36 37
11 36 37
06 35 36
01 37 36
07 37 36
10 35 35
11 36 33
13 34 35
14 35 35
15 33 34
14 34 34
14 35 35
14 33 33
14 34 33
13 34 33
14 34 33
12 35 33
13 34 35
13 34 35
09 33 35
00 34 34
03 32 36
10 32 37
10 36 40
13 36 38
14 35 36
15 33 35
15 30 36
17 33 36
16 37 35
15 37 36
16 36 37
14 36 37
15 36 38
14 38 38
12 37 38
09 33 36
04 35 37
02 36 37
08 34 36
09 36 33
09 35 32
14 32 32
16 33 32
16 32 33
16 33 33
12 31 32
13 30 32
14 32 33
14 33 32
13 33 33
11 33 34
12 34 34
13 34 33
08 34 34
01 33 33
06 33 35
09 34 36
12 36 38
15 36 38
16 34 36
16 31 35
16 31 36
16 35 36
15 35 35
14 36 36
14 37 37
13 36 37
12 35 37
12 34 37
11 32 36
04 34 35
01 36 36
09 34 35
10 35 33
11 34 32
13 35 33
15 32 33
15 33 35
15 34 33
12 34 33
12 32 33
15 32 33
14 33 34
14 34 34
14 33 34
13 32 33
13 33 34
13 33 35
09 32 35
03 33 33
06 31 34
08 34 37
10 36 39
13 34 36
16 32 34
18 31 35
18 32 36
16 35 36
15 36 36
16 37 37
13 36 38
14 36 37
12 35 37
13 34 37
10 35 37
05 34 35
00 36 36
06 34 36
10 33 33
11 32 33
12 34 34
12 35 34
16 32 33
14 32 33
14 33 33
14 33 32
14 33 33
14 34 33
16 33 33
14 34 34
14 34 33
14 32 33
14 32 35
06 33 33
01 33 32
07 32 35
07 34 37
11 35 38
15 36 36
17 33 34
17 30 34
17 32 37
14 35 36
13 35 36
14 34 37
13 35 38
13 35 36
13 35 36
13 35 37
12 33 36
06 33 35
02 35 36
06 36 35
08 34 34
08 33 33
12 33 33
14 33 33
14 31 34
15 33 32
14 35 32
15 34 32
14 32 33
14 33 34
15 33 32
13 32 35
13 33 34
14 33 34
14 35 36
12 34 36
02 35 35
04 33 34
09 33 38
10 36 38
12 35 37
15 34 35
16 30 36
15 32 36
16 34 36
14 35 37
12 35 37
15 35 37
14 34 37
14 36 37
14 34 38
11 35 36
13 34 35
09 34 35
07 36 36
05 36 34
05 35 33
08 34 33
13 32 33
16 32 35
16 33 33
16 33 34
14 32 33
14 32 33
13 32 32
12 32 32
12 33 34
13 33 33
13 33 34
11 33 35
06 33 34
00 34 33
07 32 34
12 33 37
14 35 38
14 35 36
15 34 34
13 31 36
13 31 37
14 32 37
14 35 37
14 36 37
15 36 38
14 35 38
13 36 38
14 36 38
14 34 38
10 35 35
04 35 34
02 34 35
08 34 36
08 35 34
09 36 34
11 34 33
13 33 34
16 34 35
16 34 34
14 35 35
15 33 33
14 33 33
15 31 33
13 32 33
13 35 33
12 34 33
13 35 35
11 35 35
06 36 36
01 35 34
06 34 37
10 31 38
13 35 39
13 36 38
14 34 35
16 32 36
16 34 36
15 38 36
15 37 35
13 38 36
15 36 36
13 36 36
14 36 36
14 34 36
13 34 36
12 35 33
09 34 34
05 34 35
07 36 35
06 35 32
10 32 31
13 29 34
14 31 33
16 35 32
15 35 32
16 34 32
14 33 31
11 34 33
13 34 32
12 34 33
13 35 33
13 35 34
13 36 35
14 34 35
06 35 35
00 36 33
05 34 35
09 34 38
12 36 38
16 36 37
17 36 35
16 31 34
16 31 35
15 35 35
15 36 35
16 35 36
15 36 36
15 35 36
14 35 35
12 36 35
11 36 36
10 36 36
07 36 35
05 38 36
10 37 35
07 36 33
10 33 32
12 32 34
16 34 34
16 34 33
15 34 33
15 35 34
14 33 34
14 33 33
14 36 33
14 35 33
13 36 34
13 36 33
13 36 36
11 36 36
03 38 36
03 36 35
09 34 36
09 37 39
11 37 38
14 35 36
15 33 35
18 32 35
15 36 37
16 36 36
14 35 36
15 34 37
14 36 37
14 37 37
14 36 37
12 34 35
11 34 35
07 35 35
02 35 34
07 34 35
11 36 33
11 37 35
11 35 34
11 35 34
14 33 34
15 33 35
14 35 34
14 34 32
14 35 32
15 35 34
14 35 33
15 35 33
12 37 33
14 36 34
14 35 35
12 35 36
09 37 36
00 36 34
05 33 35
08 37 36
11 36 38
13 36 36
17 36 34
17 33 35
16 33 36
15 35 35
14 36 35
13 35 36
14 35 36
15 35 36
15 35 36
15 35 36
14 35 36
11 34 35
11 35 34
02 35 34
06 35 35
08 36 33
09 35 35
12 34 33
14 33 34
15 34 35
14 34 33
14 35 33
14 36 33
12 35 33
13 34 34
14 34 33
11 36 34
14 35 34
13 35 35
14 36 35
12 36 36
13 35 36
07 35 36
02 36 35
09 34 36
09 36 37
12 38 38
15 37 36
18 35 37
18 33 36
17 33 36
15 35 35
12 36 36
14 36 35
14 36 36
15 37 38
15 37 36
15 38 36
13 36 37
11 35 38
11 35 37
06 37 36
03 37 37
10 36 36
11 35 35
10 35 34
11 34 34
14 34 34
14 33 35
15 33 33
14 35 32
14 35 34
13 35 32
13 35 34
13 36 33
14 36 34
13 35 34
12 36 34
11 35 35
11 34 36
07 34 35
06 35 33
10 33 34
10 37 37
08 36 38
11 35 35
15 31 33
16 30 34
15 33 36
14 35 35
14 35 34
13 33 35
14 33 34
13 32 34
13 33 34
14 33 35
12 33 35
11 32 34
12 33 34
10 34 34
07 36 34
05 35 35
10 34 34
12 34 33
11 35 33
10 32 34
11 32 32
12 31 33
14 33 33
15 34 32
14 34 33
14 34 32
13 34 32
14 33 33
13 33 33
13 34 33
12 32 34
13 34 34
13 34 33
11 33 35
08 33 35
02 34 33
06 31 34
14 33 37
13 36 38
11 35 38
13 33 36
14 29 34
15 31 36
15 33 36
13 35 37
12 35 36
14 35 38
13 35 37
15 35 36
12 33 38
14 35 39
11 35 38
12 34 37
11 33 36
07 33 36
04 35 36
10 33 36
11 34 35
11 35 35
09 34 35
11 31 34
14 31 34
15 32 35
14 34 34
14 34 33
14 32 34
12 32 33
12 31 33
13 33 33
13 33 33
13 32 34
13 31 35
13 32 36
08 32 34
02 32 35
06 32 36
15 31 38
16 32 37
13 35 37
10 33 35
11 31 36
14 31 37
15 33 36
13 34 38
13 34 37
12 34 37
13 32 38
13 33 36
14 32 37
14 32 37
14 33 38
12 33 37
06 34 36
08 32 35
13 31 34
12 32 35
09 34 36
08 31 34
11 30 35
12 31 33
12 30 34
11 31 33
12 29 32
13 30 33
12 30 32
11 31 31
13 32 31
11 31 32
12 31 33
12 33 34
13 33 35
12 32 35
14 32 36
14 33 36
13 32 36
11 33 36
11 32 36
11 32 36
13 33 36
14 34 38
15 34 37
12 34 37
12 33 37
11 33 37
11 34 36
14 35 37
12 35 38
12 35 37
11 34 36
12 35 37
11 35 36
11 34 36
12 34 37
13 34 37
12 35 36
13 34 36
13 35 36
12 34 36
13 33 36
12 33 36
12 34 35
12 34 35
12 32 36
11 32 35
12 33 36
11 33 36
