02 13 40
11 41 35
11 41 35
09 39 36
02 09 39
10 37 37
10 37 37
13 37 37
12 39 39
13 36 40
11 34 39
13 32 39
14 35 39
15 36 39
14 34 39
14 34 38
13 35 38
15 35 39
14 36 38
13 36 37
13 36 37
13 36 37
14 37 37
14 40 38
13 40 37
14 40 37
15 41 36
13 41 36
12 41 36
11 41 36
12 42 37
14 41 37
14 41 37
15 39 36
13 39 37
10 39 36
10 38 37
12 39 36
15 38 37
17 37 38
15 38 38
16 36 38
14 37 38
16 37 37
14 37 38
15 37 38
11 37 38
07 36 36
03 37 37
06 40 36
10 41 37
14 38 37
14 38 37
15 41 36
13 38 36
13 38 35
13 39 35
15 39 36
15 40 36
16 38 36
17 39 36
16 39 36
15 38 36
16 39 36
13 38 36
10 39 35
06 38 36
03 38 35
07 38 35
13 37 38
15 38 38
09 37 36
10 35 36
14 36 37
16 38 37
17 38 37
18 36 36
18 34 37
17 36 37
18 37 37
18 37 37
17 37 37
14 37 39
11 38 38
00 38 37
01 41 37
08 39 36
12 41 35
13 41 38
14 41 36
14 40 36
14 39 36
15 39 36
16 38 36
15 39 37
17 39 36
17 40 36
17 38 35
14 39 37
12 39 37
10 39 37
08 39 37
04 38 37
07 38 36
15 38 38
14 39 38
11 36 36
12 35 36
14 35 37
16 36 36
16 36 36
18 36 37
18 36 38
17 35 37
16 37 37
16 35 38
16 37 40
14 37 39
11 37 40
06 38 37
00 39 38
04 41 37
12 41 39
14 41 39
14 41 39
14 40 38
16 39 38
17 40 38
15 41 37
15 39 36
16 39 36
15 40 36
14 38 35
15 39 35
13 38 36
08 38 35
07 37 35
04 39 35
05 39 34
12 37 37
16 36 38
14 37 37
11 35 35
13 34 36
15 37 36
17 37 38
18 37 38
17 36 38
17 36 37
16 37 37
17 37 38
18 37 39
17 40 39
15 39 39
11 38 39
05 39 36
00 41 39
08 42 38
14 42 39
12 41 38
11 40 38
12 40 37
14 41 37
15 39 36
16 37 35
16 38 35
15 38 36
18 37 36
16 39 34
16 38 34
14 40 35
12 38 35
10 39 36
07 38 36
02 38 35
08 38 36
17 39 40
14 38 38
12 37 37
12 36 36
16 37 39
17 39 38
17 39 37
18 38 36
16 37 38
15 37 38
14 39 38
17 38 38
16 38 39
13 39 40
11 38 38
03 39 36
01 41 37
07 41 37
13 40 36
12 39 36
10 39 35
11 38 34
13 38 33
15 37 34
15 38 33
16 38 34
17 36 34
16 38 34
17 39 34
17 39 36
16 38 34
12 38 35
09 38 36
04 40 35
02 40 34
11 39 36
15 40 39
14 37 37
11 37 36
13 36 36
15 38 37
16 40 37
19 39 37
17 36 35
17 37 36
17 38 36
16 38 37
17 39 38
15 39 37
12 39 38
09 38 36
01 39 37
00 40 38
09 41 37
11 40 38
10 40 36
09 37 35
13 34 35
15 36 36
17 37 35
17 36 35
18 36 34
17 37 34
18 38 35
19 39 35
17 38 35
14 38 36
10 38 35
07 38 36
00 39 35
06 40 36
14 41 40
14 39 38
11 36 37
13 35 38
16 37 37
16 39 38
17 38 39
17 38 38
17 37 39
17 37 38
17 39 38
18 38 38
17 39 38
15 40 38
11 40 39
07 39 36
00 41 37
05 42 37
11 40 35
11 40 34
12 40 35
11 40 33
14 39 33
15 39 34
17 38 33
17 38 35
17 39 37
16 39 34
17 38 35
17 37 36
15 38 34
13 38 34
11 39 36
07 40 35
01 41 33
07 41 35
14 40 37
12 39 36
11 37 35
14 37 36
16 37 36
17 38 36
18 37 37
18 36 36
16 38 37
16 38 37
18 38 37
16 39 37
15 40 39
12 39 37
09 39 37
00 41 35
03 40 36
10 40 36
11 40 35
11 38 35
13 38 34
14 39 35
15 39 34
17 39 34
17 37 35
18 37 35
17 38 34
15 39 33
15 38 34
16 38 35
12 37 34
10 39 34
07 39 35
02 40 33
07 40 36
14 40 38
12 37 37
11 36 36
13 36 36
17 38 37
17 38 37
18 37 37
18 35 38
17 38 37
17 39 38
16 39 38
16 39 39
15 38 39
13 38 39
11 38 38
06 41 37
00 42 37
06 42 36
14 40 36
14 40 36
12 38 35
11 39 35
11 37 35
13 38 34
15 39 35
15 37 34
16 38 34
16 38 34
17 38 36
17 38 34
16 40 35
12 40 36
11 39 36
08 39 35
02 40 35
06 40 35
13 39 39
12 39 38
13 37 37
12 37 36
16 37 37
16 39 37
18 38 37
19 39 36
18 38 37
16 37 36
17 38 37
17 38 37
16 40 37
15 39 39
11 40 39
07 40 37
00 41 37
06 39 37
12 39 35
09 41 35
09 39 35
10 38 33
13 38 33
15 39 34
17 38 34
16 36 33
15 37 34
13 38 33
17 38 35
18 37 35
15 39 35
13 38 35
10 37 34
03 38 34
05 38 35
11 38 36
15 39 37
11 38 36
11 36 36
13 38 35
17 38 36
18 36 35
15 36 36
16 38 36
16 39 37
16 39 37
16 39 37
16 38 38
15 39 38
11 37 37
10 37 35
02 40 35
03 37 34
09 38 35
12 40 36
12 38 36
12 36 35
12 36 34
14 37 33
15 38 34
16 38 34
16 38 35
17 38 34
16 39 35
16 39 36
15 40 35
13 38 35
10 38 34
08 37 34
01 38 32
02 35 31
12 37 37
15 35 36
11 34 35
11 31 35
13 34 36
16 36 37
18 37 38
19 36 37
18 36 37
17 37 36
14 39 37
17 39 37
16 40 37
14 40 38
11 39 39
06 38 36
02 40 37
03 40 35
08 40 36
13 39 36
13 38 35
11 37 35
11 37 33
13 37 33
15 38 34
16 36 34
16 37 34
17 37 33
16 38 33
17 37 33
15 39 34
13 38 35
11 39 34
08 39 34
04 39 34
03 38 34
09 38 36
14 38 39
11 37 37
10 34 36
13 36 36
14 37 38
16 37 37
17 36 37
18 37 37
16 37 37
16 37 37
15 36 36
17 38 38
15 39 38
13 38 38
10 38 37
02 39 37
00 40 37
09 39 36
15 38 36
12 39 35
11 37 35
11 36 34
13 38 35
15 39 34
17 38 35
18 38 34
18 38 35
17 37 34
18 37 35
17 39 36
13 38 35
10 38 34
06 39 33
01 39 35
06 37 34
14 38 40
13 37 37
11 35 35
13 35 35
15 37 36
16 37 36
17 36 37
17 38 37
15 36 37
16 38 37
17 38 37
17 38 38
17 39 38
13 39 39
05 39 36
01 41 36
03 41 36
10 40 36
13 39 35
11 40 36
09 39 34
10 37 34
13 38 34
14 38 34
15 37 34
18 36 33
17 38 34
16 37 34
16 36 34
16 37 33
14 37 34
09 37 34
09 39 35
03 38 33
03 37 33
14 38 36
14 38 37
10 36 35
11 35 34
14 36 37
17 36 36
19 37 37
18 36 36
17 36 36
17 37 37
17 37 37
17 38 37
17 38 38
14 39 39
11 37 36
06 37 35
00 39 35
04 39 35
11 37 35
13 39 34
13 36 34
13 36 32
13 37 34
15 37 35
13 37 33
15 38 32
17 39 34
15 38 35
15 38 34
15 38 35
15 39 35
12 36 35
10 39 34
09 37 34
01 38 32
06 37 33
14 39 37
15 38 36
12 36 34
13 36 36
15 37 35
16 39 36
16 37 36
17 37 35
17 37 36
16 38 36
15 37 36
17 38 36
17 39 36
13 38 38
11 38 37
05 38 35
00 40 36
06 40 35
10 40 36
10 40 33
12 39 34
12 38 33
14 39 33
14 39 33
16 36 34
16 36 34
16 37 34
16 37 34
16 40 34
16 39 34
14 38 34
12 39 33
09 38 34
02 39 33
02 38 32
12 37 35
16 37 38
16 36 37
12 35 35
12 35 36
14 38 38
16 38 37
16 38 38
17 36 37
16 36 37
16 38 37
16 39 38
17 38 36
16 40 38
14 38 38
11 39 37
07 38 36
00 40 35
05 39 34
12 38 35
13 38 35
12 39 35
11 37 33
14 36 33
16 37 32
17 38 33
16 38 33
18 38 34
17 38 34
14 38 36
14 38 34
13 37 34
12 38 34
10 39 34
01 37 33
02 39 34
13 37 38
15 36 38
14 36 35
12 36 34
15 35 35
16 35 35
16 36 35
17 37 37
15 36 36
15 37 37
15 38 36
15 38 37
16 37 37
15 38 37
12 39 38
10 37 37
02 38 35
01 40 37
08 40 37
11 38 35
10 36 36
11 36 35
12 35 33
15 35 33
17 36 34
17 36 35
16 36 34
16 36 33
17 37 33
15 38 34
16 39 35
15 38 34
13 39 34
10 39 34
09 39 35
01 39 32
03 39 33
14 38 37
16 37 38
13 36 35
12 33 35
13 34 35
15 38 37
17 37 37
18 37 36
17 35 35
16 37 37
16 38 37
17 37 36
15 39 37
14 38 38
10 37 37
08 37 36
03 38 36
01 40 37
10 39 36
13 39 36
10 37 35
08 36 33
09 36 32
13 37 32
16 37 33
16 35 33
17 37 33
16 36 33
17 38 33
17 38 34
16 39 33
11 39 34
11 38 35
09 38 34
05 39 35
00 38 32
11 36 35
15 39 38
11 37 37
12 35 34
13 36 36
15 36 35
16 38 36
17 37 35
17 36 37
16 36 36
16 37 37
15 38 36
16 38 38
17 38 37
14 40 37
12 38 37
09 37 36
03 39 35
01 40 35
08 38 36
12 38 35
11 38 34
10 37 34
12 36 32
14 37 31
16 37 33
16 35 33
17 35 33
19 39 33
15 38 34
15 38 33
14 38 33
13 40 35
11 38 35
09 38 35
04 39 34
02 39 33
09 37 35
15 38 37
15 37 36
13 36 34
13 35 35
13 38 36
16 38 36
19 36 37
18 36 36
17 36 36
16 37 37
15 39 38
16 37 37
15 38 37
15 39 38
11 38 37
06 37 35
00 42 35
04 39 35
08 41 36
13 39 34
13 38 35
11 37 35
11 36 34
12 38 34
15 37 34
16 38 33
16 36 33
16 37 33
16 38 34
16 39 34
16 38 34
15 38 35
12 38 34
09 39 34
05 39 33
01 40 32
07 39 33
16 36 37
13 36 37
11 36 35
12 36 35
13 37 37
16 38 36
16 37 36
17 37 36
17 37 37
16 38 36
15 38 36
16 37 36
16 39 37
13 37 36
10 37 36
08 39 35
01 41 35
05 38 33
11 38 34
13 38 36
11 38 34
10 38 33
11 37 32
12 35 33
14 36 33
17 38 33
17 38 34
17 38 33
16 38 34
16 39 34
16 38 34
12 38 35
10 38 34
10 40 35
08 38 35
04 39 35
06 39 34
12 37 37
16 35 37
13 36 36
11 35 35
13 37 36
14 37 35
15 35 36
17 36 35
16 35 36
13 36 37
15 37 36
16 37 36
18 38 38
15 38 40
15 38 39
12 35 38
05 39 37
00 40 37
09 38 36
14 37 37
12 37 37
11 36 35
09 36 33
11 37 33
12 37 33
13 36 33
13 36 33
14 37 34
15 37 34
13 38 35
12 38 35
