36 41 51
37 42 50
39 42 48
40 42 47
39 42 46
38 42 46
36 40 44
36 40 43
33 47 47
31 44 44
29 42 45
27 51 47
26 44 44
25 46 46
23 49 48
22 44 44
21 46 44
20 46 44
18 43 42
16 43 42
15 44 42
14 44 41
07 42 40
07 44 39
07 43 39
06 44 38
09 45 38
11 43 36
13 40 34
12 40 35
12 40 34
11 41 33
13 41 34
13 38 33
12 38 33
14 39 32
14 39 32
16 38 34
16 39 34
16 39 34
16 38 34
13 38 35
12 38 35
10 39 36
08 39 35
04 41 35
06 41 36
10 39 37
17 36 37
15 37 36
13 38 35
14 38 35
17 39 36
18 39 35
18 39 34
18 39 34
14 40 35
14 41 34
16 39 35
14 38 35
13 39 35
11 40 35
08 39 35
07 40 35
06 41 36
08 41 36
11 42 38
07 39 36
07 41 33
08 36 33
09 37 33
13 39 33
14 39 33
14 38 32
15 36 31
15 38 32
18 36 31
18 37 33
19 37 32
15 38 32
11 37 32
08 38 32
03 42 32
06 39 35
11 38 40
07 39 38
10 38 38
13 40 36
16 38 36
17 38 35
19 38 36
20 39 36
20 38 34
19 38 37
16 40 37
13 38 37
10 40 37
06 41 38
04 42 38
03 42 37
05 43 38
10 40 37
11 41 35
10 41 34
10 39 32
12 38 31
14 38 31
15 39 30
16 38 31
17 40 32
16 42 34
16 43 35
17 44 35
16 41 37
14 43 37
12 42 39
10 42 38
09 42 38
10 40 40
11 36 38
10 40 38
13 37 37
13 38 35
14 39 35
18 38 31
17 40 32
18 43 35
16 43 35
17 45 36
18 45 38
15 46 36
15 48 36
14 48 39
11 47 29
12 38 28
14 43 36
15 43 38
14 52 46
15 40 31
13 36 37
16 40 39
11 40 39
10 39 38
11 39 35
11 39 32
12 38 35
13 37 34
14 42 34
14 41 35
15 39 34
13 38 37
11 35 37
08 35 37
06 36 37
07 32 37
07 33 35
08 33 33
11 30 33
10 32 34
10 32 32
15 32 32
15 34 35
18 36 34
17 36 33
19 37 35
16 38 35
16 39 37
14 39 38
12 39 38
12 40 38
09 39 38
05 40 38
05 41 38
05 42 39
09 41 38
10 39 36
09 38 34
12 36 31
12 36 31
14 38 33
12 38 33
15 39 33
15 38 33
16 39 33
18 40 33
17 39 34
18 39 34
17 38 33
14 39 35
11 43 36
08 44 35
07 46 39
03 49 38
08 48 39
15 44 42
14 50 44
14 43 43
14 41 41
16 41 41
18 39 42
20 37 44
22 39 45
22 33 48
21 33 48
20 32 51
22 29 48
21 31 47
19 32 49
20 31 48
20 32 47
21 30 48
21 32 47
20 32 47
20 32 47
22 31 47
23 26 49
23 29 51
15 32 50
20 30 49
18 27 47
20 29 49
18 24 47
19 27 50
20 30 49
21 27 51
20 31 53
17 27 50
17 31 50
13 32 49
16 30 46
22 36 40
19 36 37
20 41 39
19 35 39
22 30 43
23 39 43
22 32 47
24 29 52
27 30 47
23 38 50
22 34 50
20 37 49
18 41 48
14 44 46
11 44 47
07 42 45
03 43 43
02 41 39
05 39 37
04 36 36
08 40 37
12 39 36
12 40 33
09 39 31
09 38 30
10 39 31
12 36 32
13 36 31
13 37 32
13 35 30
13 37 32
16 36 33
19 38 34
17 40 36
17 39 35
14 39 36
10 39 35
09 39 33
10 39 32
05 38 32
10 38 34
09 41 35
05 43 35
07 40 35
13 36 34
15 37 33
17 37 33
18 37 34
19 40 35
18 40 37
17 40 37
17 42 37
16 44 38
15 44 37
18 44 38
16 45 39
15 44 39
15 43 38
12 43 37
12 43 37
10 42 35
10 43 35
11 41 38
10 39 34
12 41 34
13 38 35
15 38 32
17 39 34
14 34 31
14 38 29
11 37 33
11 35 31
10 39 31
10 38 31
10 38 32
10 42 29
10 36 34
11 40 33
11 42 33
12 40 33
12 41 34
14 41 34
13 41 35
15 45 33
14 44 34
13 44 33
14 43 34
14 43 34
11 42 33
08 39 32
09 39 31
09 39 30
10 39 30
13 39 29
12 42 33
12 41 32
13 42 29
12 44 30
13 43 32
13 42 32
14 42 30
13 44 31
12 40 30
13 40 31
14 38 31
13 40 30
13 40 30
13 39 31
14 38 30
13 39 30
13 39 28
13 38 28
13 39 30
14 37 29
13 39 31
13 42 32
13 42 32
14 41 33
15 41 34
16 40 34
15 40 35
15 39 35
14 39 35
14 40 35
14 39 37
15 39 36
14 39 36
13 39 36
13 40 37
12 40 36
10 41 35
03 42 36
03 45 33
08 44 32
12 41 34
14 41 35
14 43 33
16 40 33
17 41 33
16 41 33
16 40 33
15 40 31
15 41 31
14 40 33
14 40 33
15 41 33
14 41 33
14 39 36
12 41 35
11 39 35
07 39 35
04 38 34
03 39 36
09 38 37
15 39 38
16 39 40
15 38 38
13 38 35
16 37 36
16 37 36
15 41 37
17 42 37
15 42 38
17 43 37
17 42 37
17 42 38
17 40 38
16 40 36
14 40 37
12 40 35
06 41 36
02 41 35
07 40 35
11 43 34
09 43 33
09 42 33
08 40 34
10 41 33
12 38 32
14 39 31
17 38 32
18 39 32
18 38 33
17 39 33
19 39 34
16 38 36
14 39 38
14 41 37
13 41 38
12 42 40
09 43 41
06 45 39
13 39 37
16 40 38
15 39 37
11 42 36
11 43 37
11 45 36
17 42 36
17 41 35
18 43 34
15 41 34
16 41 33
16 40 34
18 41 34
16 40 35
11 39 34
07 39 33
01 42 34
04 41 33
11 40 35
09 41 33
09 39 33
12 39 33
13 38 34
12 36 33
14 38 32
13 37 33
16 38 33
15 38 34
14 38 33
16 38 32
14 39 33
12 37 33
11 37 32
09 37 30
04 39 31
06 38 31
16 38 34
12 38 35
13 39 36
12 39 34
14 37 35
15 37 35
15 37 35
16 38 35
18 38 36
16 37 37
15 38 37
14 38 37
13 38 37
11 38 36
08 39 35
06 39 34
04 41 34
08 39 34
10 39 34
10 40 32
09 39 32
11 38 30
13 38 30
15 37 30
15 39 31
16 38 30
16 38 30
15 39 31
14 38 31
16 38 30
15 37 31
11 38 30
06 37 30
04 37 30
02 39 30
09 37 31
17 37 36
14 37 36
12 36 36
12 36 34
13 35 33
14 35 35
17 37 35
17 38 35
17 37 35
15 38 35
14 37 35
14 38 36
13 36 36
11 38 35
09 36 34
06 39 34
03 40 34
06 40 35
12 39 35
08 40 35
07 39 33
09 37 32
13 37 34
14 38 34
15 37 34
16 36 33
17 39 34
20 38 33
17 37 33
17 37 34
16 37 33
15 38 33
11 36 34
08 36 32
07 39 32
01 39 33
06 37 34
14 38 38
15 37 38
14 35 35
14 36 33
17 35 34
18 37 35
17 39 35
17 39 37
15 39 35
16 39 35
13 38 36
13 39 36
12 38 35
11 37 36
07 38 35
03 38 34
01 38 34
03 38 35
10 37 34
12 37 34
10 38 33
11 37 32
11 35 32
14 37 33
15 38 31
17 36 32
17 37 33
16 36 33
18 38 33
17 37 33
15 37 33
13 37 33
10 37 33
08 37 32
07 37 34
02 38 33
09 37 34
15 36 36
08 38 37
09 37 35
12 37 35
15 37 35
18 38 35
19 37 35
19 38 35
19 38 35
16 38 36
13 39 35
10 38 36
12 40 37
10 39 38
07 38 37
03 40 35
01 40 35
06 39 37
12 37 36
14 39 36
12 36 35
11 35 33
12 38 32
11 39 33
13 38 33
14 36 33
13 36 33
14 38 32
16 37 33
17 37 32
16 37 32
15 36 33
14 38 33
09 36 32
09 36 32
06 38 33
04 39 34
11 37 35
16 38 36
13 38 36
13 37 35
11 37 35
16 37 35
16 39 36
16 38 34
15 38 35
14 39 34
12 38 35
14 38 34
13 37 36
13 38 35
10 37 35
07 37 35
06 38 33
04 38 33
08 39 35
09 36 33
15 34 33
13 35 31
11 35 31
09 36 30
09 34 30
11 35 29
13 35 30
11 35 31
13 35 30
13 38 30
13 39 30
13 39 31
12 38 32
14 38 32
13 39 32
14 40 32
14 40 32
12 40 32
12 39 32
13 40 32
11 39 32
11 39 32
11 40 32
13 40 33
13 39 34
13 39 35
15 39 35
11 39 34
11 41 37
12 41 36
12 43 37
13 43 38
13 42 38
13 47 40
13 50 43
14 49 43
15 53 45
17 53 46
20 50 45
24 52 46
25 50 48
28 44 47
31 43 45
31 39 47
36 36 42
37 33 42
38 37 46
40 39 48
38 35 46
35 33 46
37 34 48
37 37 52
38 35 52
37 36 53
40 35 53
41 34 52
41 34 52
42 35 51
41 36 52
40 35 51
41 34 52
40 33 52
40 35 50
41 33 52
42 34 52
40 33 51
40 33 52
40 33 50
39 33 52
39 35 53
40 33 50
40 35 52
39 35 53
40 34 52
40 33 52
40 35 51
40 33 51
39 35 52
40 33 51
39 33 52
39 33 52
40 33 52
39 33 51
40 35 51
41 33 53
39 33 52
39 34 52
39 34 52
39 33 52
39 33 51
40 33 52
39 33 51
38 33 53
38 34 52
40 34 53
39 32 52
40 35 52
39 33 52
38 34 51
38 34 52
39 34 52
39 33 52
38 34 53
38 35 52
39 34 52
38 33 52
38 35 53
39 35 52
39 33 52
39 33 51
38 33 53
39 33 52
39 33 51
39 36 51
39 34 53
40 33 51
38 35 53
39 35 52
40 33 51
39 34 52
38 34 53
39 34 53
40 35 51
39 33 51
39 35 52
39 35 52
39 32 53
39 35 52
38 33 52
39 35 51
39 34 53
38 35 53
39 35 53
39 33 50
39 34 52
40 35 52
38 33 52
40 35 52
39 34 52
41 35 52
39 35 53
39 34 53
40 34 52
37 32 54
36 33 54
37 32 53
35 32 53
35 33 52
36 33 52
38 34 49
38 36 48
39 40 48
39 42 49
38 45 48
38 46 49
39 48 51
39 49 50
40 50 49
40 47 49
41 47 49
40 45 49
40 46 49
40 46 48
39 43 51
40 43 50
39 38 51
40 35 51
39 37 48
38 32 50
38 33 52
37 32 53
37 32 52
36 32 51
36 33 52
36 36 53
36 32 54
37 31 52
38 32 53
38 33 52
39 34 52
41 35 53
40 34 51
40 35 51
39 37 52
39 35 53
39 36 51
38 36 53
40 36 52
38 36 51
39 35 52
39 35 52
39 36 51
39 36 53
39 36 52
40 36 52
38 36 52
39 35 51
39 36 53
39 35 52
38 36 52
39 38 53
37 35 51
39 37 51
39 36 52
40 36 52
39 36 51
39 35 52
39 37 51
39 36 51
39 36 52
38 37 53
39 37 51
39 36 51
39 37 52
38 36 52
39 36 52
38 35 52
38 37 53
40 37 52
39 36 52
40 36 51
38 36 52
39 34 52
39 37 52
38 36 52
39 38 52
40 34 51
39 37 50
39 35 52
40 37 53
39 37 52
40 35 52
40 36 52
40 37 53
39 36 51
39 37 51
38 36 51
39 35 52
38 36 51
40 36 52
40 35 52
40 36 52
40 37 52
39 36 51
39 36 51
40 37 52
38 36 51
39 36 52
39 37 51
39 37 51
38 36 53
38 37 52
38 39 53
39 36 52
39 38 51
40 36 52
39 36 52
39 38 52
39 37 52
38 37 52
39 36 52
40 36 51
38 36 51
39 36 51
38 37 52
37 37 52
40 38 52
38 35 50
37 36 50
39 37 53
39 38 52
40 37 53
38 36 52
39 38 50
40 38 53
39 36 52
39 35 51
40 39 53
39 36 52
38 36 50
38 36 51
39 37 50
40 36 53
39 39 53
39 37 51
39 35 51
38 36 50
38 37 53
41 39 54
40 36 51
39 36 52
40 36 51
39 35 51
39 37 52
39 37 52
39 37 51
39 36 53
39 36 51
40 37 51
39 38 51
37 36 52
39 38 52
39 36 51
38 36 52
39 37 52
40 37 53
39 37 52
39 36 52
39 37 51
39 37 52
39 37 51
39 37 52
40 38 51
39 36 51
39 35 51
38 36 51
38 36 51
39 37 52
40 36 52
38 37 52
39 37 52
39 37 52
39 36 52
39 37 51
39 36 52
40 38 51
39 37 52
40 37 52
38 37 51
39 36 52
39 36 51
39 37 51
37 36 51
39 37 50
39 37 51
40 37 52
39 35 50
39 36 52
39 38 52
38 38 52
39 38 52
39 37 52
39 39 52
38 36 52
37 37 51
37 36 51
39 38 52
39 36 51
39 38 52
39 38 53
39 38 52
39 36 53
38 36 51
39 37 53
39 38 52
39 36 51
39 38 52
39 37 50
39 37 53
38 36 51
39 35 51
39 36 50
39 38 52
39 38 53
39 36 52
39 36 51
40 36 52
39 37 50
38 36 51
39 37 52
40 37 54
39 38 51
39 36 51
40 37 51
38 36 51
