30 39 50
30 39 50
30 39 50
29 39 51
28 37 50
28 37 49
26 39 46
27 40 47
28 41 44
26 42 43
25 44 42
24 44 41
23 46 42
21 47 43
17 49 41
15 49 38
14 52 37
13 51 36
11 46 36
11 44 38
13 43 37
12 42 37
13 43 38
12 44 37
13 43 36
13 40 35
11 40 35
11 38 34
11 40 36
10 36 36
11 36 34
11 35 34
07 39 33
07 40 34
09 36 31
10 34 30
11 33 30
13 32 32
10 34 30
08 35 29
09 34 28
12 36 30
13 37 29
15 36 31
15 38 31
16 37 32
16 36 31
15 38 31
15 38 32
15 39 31
15 39 31
13 41 31
12 39 30
11 39 30
06 38 27
02 39 27
09 37 32
12 39 33
12 37 32
09 35 30
11 34 32
13 36 34
15 37 35
17 38 35
16 38 36
14 37 36
16 37 35
15 36 36
15 38 35
16 39 35
13 38 34
09 35 33
05 37 31
01 37 29
04 35 29
08 39 30
08 35 29
09 34 28
12 35 27
16 34 29
16 35 30
16 36 29
16 39 29
17 42 30
17 43 32
17 42 32
17 42 33
14 41 32
13 43 32
12 41 31
11 42 30
09 38 29
02 40 30
07 38 32
13 37 34
12 35 32
10 33 30
09 35 31
10 35 31
11 36 32
11 36 32
12 37 33
12 37 32
14 37 33
16 38 33
17 38 35
18 38 35
19 39 34
17 41 35
16 41 35
15 43 37
12 44 34
09 44 35
06 43 35
05 43 34
09 43 34
10 42 33
08 42 31
10 40 31
12 39 31
14 38 30
13 38 31
16 38 30
17 39 31
18 39 31
18 39 31
18 39 32
15 40 32
13 40 31
10 39 32
08 39 31
06 39 31
03 40 32
08 38 34
16 36 34
13 37 35
09 37 34
10 36 33
13 37 35
15 35 35
15 37 35
17 37 35
18 39 35
16 38 35
19 38 36
17 38 36
18 40 36
15 40 37
12 40 38
07 41 37
08 41 37
08 40 37
07 39 36
04 40 38
07 40 38
12 39 37
11 37 34
09 37 33
07 36 33
12 36 32
14 36 32
14 37 32
15 39 34
15 39 34
16 40 33
18 40 33
19 37 33
18 37 34
18 38 34
14 38 34
11 39 32
10 39 32
05 40 31
05 38 33
09 38 35
14 39 35
08 39 35
08 38 32
11 38 32
12 36 33
15 36 34
16 38 34
14 40 34
17 38 35
15 40 36
15 39 36
14 39 37
12 38 37
12 41 37
10 40 39
10 40 40
05 40 39
02 38 37
03 38 36
09 37 35
12 37 33
08 36 31
08 37 31
11 35 33
13 36 32
13 38 31
13 38 32
13 39 31
15 38 31
17 38 32
17 38 32
18 38 32
15 39 31
16 39 32
14 38 31
13 40 32
06 41 32
06 41 31
10 39 34
12 39 34
08 39 34
07 40 35
11 38 35
12 38 33
13 34 35
15 38 37
15 40 37
16 38 37
16 39 38
16 37 38
15 38 38
13 38 38
10 38 38
10 38 38
07 39 37
00 40 37
04 37 35
10 39 34
11 37 32
08 37 29
04 37 27
09 35 30
12 38 29
14 39 30
13 38 31
15 39 31
16 39 31
20 38 31
20 38 32
21 38 31
19 39 31
18 39 30
17 41 31
16 40 30
10 41 30
06 42 31
06 43 33
09 43 36
04 44 36
04 43 37
10 40 35
12 40 34
16 40 33
17 40 33
16 38 32
17 39 32
18 40 32
18 39 32
15 41 33
13 40 34
11 40 36
08 40 36
08 39 36
04 41 38
03 40 37
09 38 35
16 33 33
14 34 32
09 36 29
09 35 29
12 35 25
15 37 26
14 33 27
15 34 28
15 36 28
16 37 29
16 36 30
15 37 31
14 40 31
13 40 31
11 40 30
09 40 30
08 39 30
00 38 29
06 36 31
15 33 31
10 33 30
08 31 30
11 34 32
14 35 31
16 34 31
17 35 32
16 37 33
14 37 35
16 37 35
15 39 35
13 38 35
12 37 35
12 37 36
13 38 36
12 38 36
12 38 34
06 40 32
02 40 35
04 38 35
11 38 33
11 38 32
09 37 30
09 36 31
12 36 30
15 36 32
15 37 31
17 39 31
16 37 31
16 39 32
16 39 33
17 38 32
16 37 32
15 38 33
11 39 32
11 38 32
07 39 34
02 40 34
08 39 36
16 40 37
12 39 38
07 39 35
09 39 34
15 36 36
17 37 36
18 37 36
17 38 36
15 39 37
14 39 38
13 40 38
14 40 40
13 41 40
13 40 40
13 40 39
14 38 39
13 38 38
09 41 37
06 41 39
08 42 37
13 41 33
14 40 31
13 39 30
15 39 30
15 42 29
15 40 28
18 40 29
18 40 29
17 40 30
15 39 29
15 40 30
14 40 30
13 39 31
12 39 31
07 40 32
05 41 32
02 40 33
07 40 37
11 42 38
08 40 37
09 41 35
12 38 36
15 35 34
16 38 35
18 35 35
18 39 36
19 41 36
17 42 37
17 42 37
18 43 38
19 42 38
16 43 38
18 43 37
15 42 37
13 44 36
08 42 36
06 44 37
06 44 36
11 43 34
10 41 33
09 40 34
10 39 35
12 39 34
13 39 33
14 38 34
14 39 34
14 38 35
14 39 35
16 39 35
14 38 35
14 39 36
13 37 35
14 37 35
08 37 33
10 37 36
11 38 37
14 39 35
10 38 35
08 37 36
11 35 36
14 37 37
17 38 37
15 38 39
18 39 40
16 40 41
17 41 41
15 40 41
15 39 42
15 38 43
14 39 43
11 39 40
10 38 39
07 36 39
07 37 37
11 39 38
17 41 38
16 43 34
12 42 33
14 43 33
18 46 34
18 43 35
16 45 37
16 44 38
16 45 38
16 44 39
17 43 40
16 42 40
16 42 42
17 42 41
17 42 41
17 41 42
18 40 41
18 41 39
18 42 39
16 44 37
10 46 37
09 46 37
14 45 35
07 42 34
08 40 35
10 41 34
14 41 34
17 41 35
17 40 38
20 42 38
17 43 38
18 41 38
18 42 39
17 44 40
19 45 41
17 42 40
17 44 40
15 43 38
10 44 35
06 45 35
09 47 35
14 46 35
15 44 32
15 44 31
15 44 31
15 43 31
16 42 31
15 40 31
15 42 32
14 42 31
15 43 31
14 42 31
14 42 31
15 41 29
15 42 29
15 42 29
15 43 28
16 42 28
16 40 27
17 40 26
12 41 25
08 44 24
14 45 27
15 45 28
12 41 30
10 40 29
12 44 32
13 44 33
14 41 32
15 40 32
14 41 33
15 40 34
14 41 34
14 40 34
15 39 34
14 39 34
15 39 32
12 39 31
06 38 31
04 40 32
10 39 35
14 40 34
14 44 34
14 42 34
14 44 35
15 41 36
15 42 37
14 41 37
13 40 36
13 42 36
13 40 35
15 40 34
14 38 36
14 39 35
13 40 35
15 39 35
14 40 35
10 40 35
10 38 35
11 41 33
10 41 33
08 40 33
11 38 33
13 38 32
12 40 32
13 38 32
12 37 32
15 38 32
15 39 31
15 38 31
14 40 31
14 41 32
15 40 32
15 42 32
14 41 34
13 40 33
14 41 36
16 41 35
15 41 36
15 40 35
12 41 35
12 39 33
12 39 34
06 38 31
05 39 30
10 38 33
14 37 34
17 37 32
14 36 33
10 36 32
12 35 32
15 37 33
16 37 34
15 38 35
16 39 35
13 39 35
13 39 36
12 41 36
13 39 38
13 40 37
14 38 36
13 38 36
11 38 35
10 38 35
09 38 33
06 38 31
05 36 31
09 35 30
14 33 29
15 31 29
11 32 28
10 35 26
12 35 27
14 34 28
13 33 29
13 36 29
14 36 29
15 36 30
14 36 28
13 36 30
13 37 29
11 36 29
08 37 29
10 36 30
12 36 33
11 36 31
12 33 32
12 34 30
12 34 30
11 37 33
12 38 34
13 38 34
13 37 34
12 37 34
14 39 34
14 39 34
15 39 34
15 39 34
15 41 34
14 40 34
16 40 34
14 39 34
12 42 33
09 41 32
08 41 32
06 43 31
03 41 30
10 38 31
15 40 32
14 39 31
11 39 29
12 39 28
14 41 26
15 40 26
14 41 26
14 42 25
15 42 26
13 44 25
13 44 27
15 44 28
14 42 29
13 44 28
14 44 31
14 44 30
16 45 30
15 45 31
17 47 31
16 47 31
18 48 33
17 49 33
17 48 34
17 49 34
19 48 34
18 46 35
17 46 35
15 48 35
17 46 35
18 47 35
21 46 36
23 46 36
22 47 36
23 49 37
24 51 37
23 50 37
24 51 38
23 51 38
23 52 37
23 53 37
23 51 38
22 53 38
20 52 38
20 54 36
18 56 37
19 53 37
22 48 36
23 46 36
23 49 35
22 50 36
22 49 35
22 47 35
23 46 36
24 50 36
25 48 36
25 47 35
24 47 36
25 47 36
25 49 37
24 49 37
23 50 37
22 49 38
18 52 37
13 53 37
12 52 37
16 50 38
16 48 35
15 50 36
16 50 38
18 49 37
21 47 36
25 46 38
23 47 37
24 48 39
25 46 37
23 47 38
24 47 39
24 47 38
22 48 39
21 46 39
18 46 37
16 46 36
12 46 36
09 47 36
12 46 37
16 45 34
14 42 33
09 41 34
09 43 34
12 43 33
12 41 34
14 41 34
15 41 36
14 40 36
15 40 35
16 40 35
18 40 35
17 41 35
14 40 35
13 40 35
11 40 34
09 40 34
06 40 32
02 40 33
08 40 35
17 39 36
15 39 35
12 39 33
12 37 33
15 37 34
16 37 35
16 38 35
17 39 37
16 39 37
16 40 37
16 40 39
15 40 38
15 40 38
13 42 38
13 41 38
11 41 37
10 41 36
07 41 34
06 41 36
06 41 36
13 42 34
14 40 33
10 40 32
09 40 31
11 39 29
13 38 30
14 38 30
14 39 29
13 38 29
15 38 28
15 37 30
16 37 29
14 38 29
14 38 30
13 39 31
13 38 31
12 37 32
14 39 33
11 38 33
07 39 33
10 41 33
16 40 34
13 41 35
09 42 34
09 40 33
14 41 32
14 40 31
15 38 33
16 39 32
15 40 32
15 41 33
15 40 33
15 40 33
14 40 33
11 39 32
10 40 32
08 39 32
07 39 31
09 40 31
09 40 31
13 38 31
12 33 31
11 33 28
11 33 29
11 35 28
15 38 27
15 39 27
14 36 28
14 36 28
14 37 28
14 37 28
13 38 28
13 38 28
11 38 29
13 37 28
13 38 29
13 39 29
11 39 29
11 38 28
09 37 28
06 36 28
06 36 29
12 36 30
13 35 32
13 32 32
11 33 31
12 33 33
12 34 33
14 34 34
15 35 33
14 33 33
13 34 32
13 33 31
12 35 30
12 35 30
12 35 31
12 36 32
15 36 32
15 37 33
14 37 32
13 39 34
12 38 34
11 38 32
05 37 30
02 40 31
04 40 30
09 39 30
08 37 28
09 36 28
10 38 28
15 37 27
17 38 28
16 37 27
16 36 27
15 38 27
16 38 27
16 39 28
16 39 29
16 39 30
15 38 30
12 38 29
12 39 29
12 40 31
10 39 31
05 39 30
07 38 32
11 39 33
16 38 35
15 37 32
10 37 33
07 36 32
11 35 33
13 36 34
15 36 33
15 38 33
16 37 33
15 37 33
16 37 34
16 38 35
15 38 34
16 39 35
13 40 35
12 38 35
10 39 34
05 40 34
03 40 35
02 42 36
08 39 35
14 40 34
16 38 34
13 38 33
10 39 31
11 37 32
13 37 32
13 38 31
14 38 32
14 40 31
15 39 31
14 38 31
15 38 32
16 38 31
16 38 34
13 38 32
12 39 32
11 37 32
09 38 33
01 38 32
10 39 35
16 38 37
12 38 36
06 37 34
08 35 35
11 32 36
14 34 37
12 35 36
15 36 37
16 37 38
17 39 38
18 38 38
18 38 37
17 38 38
16 38 38
14 38 37
10 39 37
09 37 37
04 40 36
02 40 38
03 40 36
08 39 36
13 38 35
13 37 33
11 38 33
07 36 32
13 36 32
15 36 32
16 38 33
17 39 33
16 40 34
17 39 33
17 38 35
18 37 34
17 37 35
16 37 35
13 39 34
10 40 34
09 40 34
09 40 34
01 42 32
04 40 34
10 40 37
16 37 34
10 38 33
09 38 31
14 37 32
15 37 33
18 38 34
19 40 35
18 40 34
17 39 36
16 39 36
16 38 37
14 41 38
12 41 40
11 42 40
09 42 38
10 40 39
07 41 37
03 41 37
05 40 36
11 41 35
14 38 33
13 38 30
10 38 31
11 37 29
13 37 29
16 39 29
17 38 29
17 38 29
17 37 30
16 38 30
17 38 31
15 39 32
13 40 32
10 38 31
09 39 31
10 40 32
08 40 32
03 39 32
07 39 33
15 38 36
12 38 34
07 39 33
08 36 34
14 34 34
15 36 34
17 36 35
17 38 34
16 37 35
16 38 34
16 38 36
16 39 37
16 39 37
15 41 37
14 39 37
12 39 36
10 39 36
11 38 34
04 41 35
04 42 35
06 42 33
14 40 32
12 38 31
10 38 30
10 38 31
13 37 30
15 37 31
13 37 30
16 37 32
18 37 32
17 38 32
16 38 32
18 39 33
16 37 33
15 38 32
13 37 33
10 37 32
08 38 32
01 40 32
05 40 33
12 40 37
15 40 35
06 38 33
09 38 33
13 35 34
17 34 35
16 37 34
16 38 35
17 39 35
15 39 36
16 37 36
14 38 37
16 37 38
14 39 38
14 39 38
14 37 38
12 38 37
12 40 36
08 39 35
05 41 35
04 41 36
08 42 34
15 40 33
14 37 33
10 37 32
09 39 31
12 38 30
14 38 31
12 38 31
13 38 32
16 38 31
15 37 32
16 37 32
16 40 33
16 37 32
16 39 32
15 39 33
13 40 33
11 39 34
09 42 33
03 42 33
04 44 35
12 41 36
16 39 36
10 39 34
09 38 34
09 39 33
13 39 34
15 41 34
17 41 35
17 40 35
18 41 34
17 39 36
17 39 35
16 39 37
16 40 36
16 39 36
16 40 36
13 41 35
07 40 35
02 42 35
04 43 35
09 43 35
15 40 34
17 39 34
13 40 33
09 40 32
09 39 31
12 38 30
13 38 31
13 37 30
12 39 31
12 39 30
12 41 30
11 41 30
11 44 32
11 47 34
12 48 35
15 49 35
17 47 34
19 47 35
22 45 36
23 45 34
26 45 34
25 45 35
26 44 35
24 43 36
22 45 34
20 43 33
20 44 34
15 44 35
15 43 34
15 44 35
15 44 36
15 44 35
13 44 34
11 44 33
10 44 34
09 45 33
10 45 33
12 43 34
11 44 33
13 43 33
13 42 32
12 42 33
11 42 34
13 42 34
13 40 34
12 40 34
12 40 34
13 41 34
11 41 34
13 41 36
11 40 37
09 40 38
11 39 36
13 37 35
13 38 34
11 39 33
12 38 34
14 39 32
11 38 31
09 39 30
10 39 32
13 39 31
14 39 31
15 39 32
16 40 32
16 40 32
15 39 32
14 40 32
12 40 32
13 42 32
12 41 33
13 42 34
15 41 34
15 40 35
16 42 34
16 40 35
15 41 34
14 41 34
11 42 33
11 42 33
11 40 32
07 40 30
02 41 30
10 39 32
20 40 34
16 41 33
13 40 32
16 36 33
15 38 31
18 37 32
15 39 32
13 40 33
13 41 33
13 38 34
14 38 34
14 40 34
14 39 35
13 37 34
12 37 33
09 38 31
08 39 32
08 40 31
03 42 29
00 41 30
08 41 32
17 41 33
16 38 32
11 39 31
09 38 28
12 36 28
12 37 26
13 36 28
14 35 28
15 36 27
14 36 27
13 36 26
15 36 28
14 36 28
15 38 29
12 38 30
12 37 32
10 37 32
13 39 36
15 37 37
11 39 36
08 38 34
11 36 34
12 36 35
16 36 35
13 38 35
14 39 35
13 38 35
14 37 36
13 38 37
14 40 35
14 41 36
12 40 35
11 42 34
12 44 33
12 45 33
12 44 32
11 45 34
12 48 31
12 50 29
14 51 29
15 51 29
14 53 29
16 53 31
15 55 31
17 51 33
20 45 36
23 48 38
24 44 40
26 40 42
26 39 42
25 40 45
26 38 48
25 38 49
26 43 49
25 43 50
26 44 50
27 43 51
27 43 51
26 40 50
25 36 50
25 35 49
24 34 49
24 35 50
25 38 51
23 41 51
24 43 50
26 43 48
27 43 46
30 46 46
29 46 44
30 45 44
29 44 44
29 45 44
29 45 46
29 44 47
28 44 47
27 43 45
25 45 46
26 44 45
25 47 46
22 46 46
19 48 47
18 49 46
16 48 44
18 47 44
19 47 42
22 45 42
21 47 42
19 49 42
19 50 42
18 50 41
20 48 40
19 47 39
21 48 39
21 47 40
20 45 39
19 45 39
19 47 40
19 49 40
18 50 40
18 49 40
19 46 40
19 46 39
17 44 38
16 47 38
14 48 38
13 49 40
16 49 41
16 49 38
16 47 36
17 45 37
18 45 38
20 45 37
21 46 38
22 47 39
23 45 39
24 45 36
24 44 37
24 45 39
22 44 38
19 46 37
19 45 38
16 45 36
14 45 36
13 44 36
09 45 34
04 47 34
05 45 34
12 43 33
14 44 32
10 43 31
09 44 31
13 42 31
16 42 31
16 42 31
15 42 31
17 44 30
18 44 31
17 45 30
16 48 31
15 52 32
14 50 32
17 50 32
19 49 33
19 49 33
20 49 34
19 49 36
20 49 36
19 49 37
18 49 37
20 51 36
21 52 38
22 51 37
25 52 41
25 47 43
25 44 43
29 42 47
31 43 46
30 42 47
30 40 47
27 40 49
28 41 48
27 38 47
28 41 49
28 44 52
27 42 52
29 45 51
29 42 50
29 45 49
29 46 47
29 46 49
31 44 48
31 44 49
31 46 49
30 44 49
30 44 50
30 42 50
31 43 51
30 41 51
31 41 51
31 43 51
31 42 50
30 41 50
31 41 50
31 42 50
30 41 51
30 42 51
31 42 51
32 42 52
33 41 51
33 41 51
32 40 51
32 41 50
32 40 50
31 41 52
31 41 52
32 41 52
31 40 52
31 41 51
32 41 52
32 40 52
32 40 51
31 40 52
33 40 52
32 40 51
32 39 51
29 39 51
32 40 52
