12 35 34
12 35 34
12 37 35
12 37 35
13 37 35
11 36 36
11 37 35
12 37 35
12 37 36
13 37 36
12 38 36
13 37 37
13 37 37
14 37 37
14 39 37
14 38 36
14 39 36
14 38 37
14 38 38
14 39 38
14 40 37
10 41 37
09 40 37
09 41 36
10 39 34
13 38 35
15 37 34
16 37 34
12 39 34
10 38 33
13 37 32
14 39 32
15 40 35
15 39 33
15 40 33
15 38 34
16 39 35
15 39 34
13 40 35
09 39 35
10 39 34
04 39 33
03 40 32
11 38 34
15 39 37
14 36 34
14 35 34
11 36 34
13 36 33
18 37 35
16 37 36
16 37 35
16 36 36
15 36 36
16 37 36
17 38 36
16 37 37
13 38 35
09 37 35
03 38 35
00 40 33
06 40 33
13 37 35
14 37 34
11 38 33
11 37 32
12 35 31
14 38 32
16 39 33
18 38 33
16 37 33
16 37 33
16 39 33
14 38 33
11 39 33
09 38 34
10 39 34
06 39 34
02 38 31
12 37 34
16 37 39
13 37 35
12 36 33
14 35 35
16 37 35
17 37 35
17 36 36
16 37 35
16 38 36
15 38 35
16 37 37
17 38 36
16 37 36
14 36 37
10 37 35
01 37 33
00 37 34
08 38 35
13 38 35
13 37 36
11 35 33
11 36 32
13 37 32
14 37 33
16 36 33
16 36 33
16 37 34
15 39 33
15 38 33
14 39 33
13 38 33
11 39 34
10 38 33
07 39 34
01 38 32
05 35 31
16 37 36
14 36 36
11 34 34
10 33 32
14 34 34
15 37 35
15 37 35
16 36 35
16 38 35
16 38 35
14 38 36
15 36 36
15 37 36
14 38 38
11 37 37
09 37 34
03 40 35
03 39 35
07 38 34
12 38 34
14 36 34
14 37 33
12 37 33
13 37 32
14 37 33
16 36 32
15 37 32
15 37 32
16 37 33
14 37 33
15 37 33
13 39 34
13 36 33
09 37 34
04 39 34
00 38 32
11 38 34
16 38 37
12 38 34
11 35 33
12 35 34
15 36 35
15 37 34
15 36 35
16 36 34
15 37 35
15 37 36
16 37 36
16 36 36
15 37 37
12 38 37
12 39 38
09 39 36
04 39 36
01 38 35
06 39 33
12 39 35
13 38 35
12 39 34
11 38 34
14 38 33
14 38 33
14 38 33
15 39 33
16 38 33
17 39 34
15 38 33
14 37 33
13 38 34
11 38 33
10 37 34
08 38 35
00 40 32
07 36 32
14 39 36
14 36 35
11 36 33
12 33 32
13 35 34
17 36 35
16 35 33
15 34 33
16 35 35
15 37 35
14 38 36
15 37 35
16 38 36
15 38 37
13 39 37
10 37 38
06 38 36
00 40 36
04 37 35
10 38 34
11 38 34
10 36 34
13 35 33
14 37 32
15 37 33
16 35 32
16 38 34
17 37 33
16 37 33
14 36 33
15 38 34
15 38 35
13 38 34
11 37 34
08 38 33
04 38 33
00 38 33
11 37 35
14 35 35
12 33 33
11 33 32
12 35 33
14 37 34
15 34 35
16 34 35
17 35 33
15 36 35
16 36 34
16 37 35
14 35 35
15 37 37
13 38 37
09 38 36
05 38 35
00 41 36
04 38 34
12 37 34
13 38 34
11 38 33
12 35 32
15 36 32
16 38 32
17 36 31
16 37 31
16 38 33
15 36 32
16 37 32
15 36 34
13 38 34
11 38 35
11 39 35
08 39 34
00 39 32
04 37 33
13 36 37
14 37 34
11 33 32
12 32 31
13 33 32
15 36 34
16 35 33
18 33 34
17 36 34
16 37 34
15 37 35
15 38 36
15 39 36
14 38 36
13 39 38
10 38 38
07 38 37
00 39 36
04 38 35
11 38 34
13 37 35
12 38 34
13 37 33
13 38 33
14 37 34
16 37 33
16 36 33
15 38 33
15 37 34
14 37 34
15 39 33
13 37 34
11 38 33
11 36 32
08 38 33
03 38 34
06 36 32
15 36 36
13 36 36
09 36 36
11 32 34
14 33 35
15 37 36
17 34 35
17 34 35
16 37 36
15 36 36
16 37 35
15 36 37
15 37 37
14 39 38
12 38 38
09 36 36
02 39 35
04 40 36
12 38 37
13 40 37
10 39 36
11 37 34
10 37 33
13 37 32
15 38 33
16 38 33
17 36 33
16 37 32
15 38 33
14 38 34
14 39 35
13 38 34
10 38 34
08 39 35
08 39 35
03 37 33
11 37 35
16 36 36
13 34 35
10 32 34
12 33 35
14 36 35
15 36 37
16 37 35
15 35 36
15 36 36
15 37 37
16 37 36
16 37 36
16 39 37
14 36 38
11 38 38
05 39 36
00 39 35
09 39 35
13 39 37
12 39 36
11 38 35
12 35 33
12 37 34
15 38 34
16 38 34
16 36 33
15 37 33
15 38 33
15 39 34
15 37 34
12 37 34
11 38 33
10 38 34
03 37 33
04 36 33
14 37 36
13 35 36
11 36 33
10 34 34
12 37 35
14 36 36
16 36 35
15 36 35
16 35 36
15 37 36
15 36 35
16 36 36
16 37 36
14 37 36
14 38 35
10 37 35
04 38 35
01 40 34
10 39 35
12 37 35
09 37 34
11 36 33
12 36 33
16 36 33
15 35 32
16 37 32
15 37 31
16 38 32
16 37 32
16 38 32
14 38 34
11 38 34
10 38 35
05 37 34
00 39 31
07 38 34
15 37 38
14 35 34
12 35 32
12 32 34
14 36 36
16 37 37
17 35 35
17 35 36
15 37 36
14 37 37
15 37 35
16 38 36
15 38 36
12 38 37
10 39 37
08 37 36
00 40 36
07 37 36
12 38 35
11 38 35
10 37 35
10 34 34
13 36 34
16 37 34
16 36 32
17 35 33
16 36 33
16 38 33
16 38 34
14 39 34
12 38 34
11 38 35
09 38 35
01 38 33
06 37 33
10 37 36
15 36 36
11 36 35
11 35 33
13 33 34
15 36 36
15 36 36
16 34 35
17 34 36
17 37 36
15 34 35
16 34 37
15 37 38
15 37 37
13 37 38
10 37 36
03 38 35
00 39 35
08 39 36
12 38 36
09 38 35
11 37 35
14 37 33
15 37 32
16 36 33
17 36 34
17 37 33
15 38 33
16 36 33
17 38 34
15 37 34
12 38 34
10 37 33
06 37 33
00 40 32
07 37 35
14 38 39
12 37 36
13 34 34
12 33 34
16 36 36
16 36 35
16 36 35
16 35 35
16 37 35
16 36 36
15 37 35
15 37 35
15 37 35
14 38 38
12 39 37
10 38 36
04 40 36
02 40 36
06 39 35
11 39 36
11 39 35
11 38 35
11 37 33
12 36 33
15 37 33
18 36 33
17 37 34
17 36 33
16 39 33
16 38 34
16 36 33
14 39 35
11 39 34
11 37 34
07 38 34
01 38 31
08 37 34
15 38 38
11 37 36
09 35 34
12 35 35
14 36 36
16 38 36
16 36 36
19 34 36
17 37 36
14 37 35
16 38 36
15 37 36
14 38 37
13 38 38
10 37 37
08 38 36
00 41 35
06 39 35
11 38 36
11 39 34
11 37 34
11 36 32
11 37 34
15 38 34
16 37 33
17 36 34
16 38 34
15 38 34
15 38 33
16 38 33
14 38 35
12 38 34
11 39 34
06 40 33
02 38 31
09 38 33
15 39 37
12 39 37
11 37 36
13 35 34
15 34 36
15 38 36
17 37 35
17 35 36
16 35 37
15 37 36
14 37 36
15 38 36
16 37 36
14 37 38
12 39 37
11 37 36
05 38 35
01 39 34
07 39 34
11 38 35
11 39 35
10 37 34
11 36 33
13 37 34
16 37 34
16 37 34
16 36 33
16 37 33
16 38 33
15 37 33
15 38 34
12 38 33
12 37 34
11 38 34
02 37 33
03 37 32
13 38 36
12 38 37
08 36 35
10 33 33
14 35 35
16 37 37
16 36 34
17 36 35
18 36 37
16 37 36
15 37 36
15 38 37
15 39 37
15 39 36
13 39 38
10 39 37
08 38 36
01 41 36
03 41 35
11 40 36
12 38 36
12 38 35
11 38 34
12 37 34
14 38 34
15 38 34
16 36 33
16 35 32
16 37 33
17 38 33
14 37 34
16 38 33
13 38 33
10 38 33
10 38 34
08 39 35
01 38 33
07 38 35
15 37 37
15 36 36
12 36 34
13 35 35
11 36 35
15 37 35
17 36 35
17 35 36
18 37 36
16 37 36
16 37 36
16 36 36
16 36 36
14 37 36
11 38 36
06 36 35
00 40 35
04 39 35
10 39 35
12 38 36
10 37 33
12 36 33
13 39 34
15 38 35
14 37 33
15 36 33
16 38 33
15 38 33
14 38 33
13 39 34
14 38 34
10 37 35
12 38 34
09 37 35
04 36 32
08 36 33
13 36 35
13 36 34
10 35 34
10 34 33
11 35 35
12 36 35
16 35 36
17 35 37
17 36 36
15 35 36
15 37 36
17 35 36
17 36 36
14 38 37
12 37 38
10 37 36
07 37 36
02 38 34
06 39 35
11 38 37
11 39 35
12 37 33
12 35 33
12 36 34
13 38 34
14 36 34
16 36 34
15 37 34
17 38 34
16 37 35
16 36 35
13 36 34
10 38 35
09 37 35
08 38 35
04 37 34
08 36 36
16 37 38
14 37 37
11 36 36
12 35 35
15 37 35
16 38 36
16 36 35
17 37 35
16 37 36
15 36 36
15 37 37
16 36 36
15 37 37
13 37 38
12 36 37
07 37 36
02 39 37
03 37 36
10 37 36
13 39 37
12 37 37
13 36 36
10 36 35
12 37 34
14 37 33
17 37 35
17 38 33
16 37 34
15 38 33
17 37 34
15 38 34
13 38 33
12 38 35
10 38 36
03 39 33
03 36 34
09 37 37
16 37 38
13 35 36
11 32 35
12 33 37
15 35 36
15 35 35
16 33 36
17 34 36
16 36 36
15 35 36
14 37 37
16 35 37
16 37 38
15 39 39
11 38 38
07 38 35
02 39 37
04 38 36
09 40 36
13 40 37
11 38 36
12 37 34
13 36 34
15 36 34
16 37 34
16 37 33
17 36 34
15 38 33
15 38 35
15 38 34
14 37 36
12 37 34
12 37 35
07 37 35
01 36 34
07 37 34
16 37 38
15 37 38
12 36 38
10 33 35
14 34 36
15 36 37
18 36 37
16 35 37
18 36 36
16 38 36
16 38 36
15 37 37
16 38 37
14 38 38
13 39 38
11 38 38
07 37 36
00 40 36
03 39 35
12 38 36
12 38 36
11 37 36
12 34 35
11 35 34
14 35 34
15 36 34
14 36 32
15 37 33
16 36 34
18 38 34
18 39 35
15 38 36
13 37 34
11 38 35
09 38 35
05 38 35
02 38 34
09 37 38
16 36 38
15 35 37
12 33 35
10 35 36
13 35 35
15 35 36
15 35 36
16 35 37
16 36 36
15 37 36
15 36 36
15 37 36
16 37 37
14 35 37
12 35 36
06 37 34
02 37 35
00 37 33
09 36 34
13 35 35
12 35 34
12 35 33
11 35 31
14 36 32
14 37 32
15 37 32
14 37 32
15 37 32
13 38 31
13 37 33
14 38 33
14 39 33
12 39 34
13 39 34
10 38 34
03 40 33
09 39 35
16 39 37
15 39 36
12 35 33
12 32 34
11 36 35
14 38 34
13 36 33
14 35 34
14 34 34
12 37 34
13 36 34
13 36 34
16 37 33
15 37 34
15 36 34
12 38 35
12 37 33
09 37 33
00 38 33
04 39 32
11 37 35
11 37 35
10 38 34
12 34 33
14 36 32
13 36 32
15 35 31
16 35 31
16 36 32
13 36 32
15 36 32
13 35 33
13 35 33
12 36 33
11 37 33
11 38 34
07 37 34
02 37 34
07 37 35
15 36 39
16 35 37
12 32 35
11 35 35
13 36 37
13 38 37
15 36 38
15 36 36
13 35 37
13 35 37
13 35 37
15 35 38
16 36 38
16 34 39
14 34 38
14 35 37
12 37 36
