46 29 51
46 29 51
43 26 52
43 26 52
45 28 53
45 28 53
45 28 53
44 31 51
44 31 33
53 33 32
57 53 33
57 33 33
57 53 33
57 53 33
57 53 33
57 45 27
45 28 50
45 27 51
45 27 50
45 29 47
43 32 47
44 35 44
43 34 42
41 36 43
40 40 42
40 39 41
40 40 41
38 43 40
38 42 39
36 41 40
32 46 42
29 49 40
27 47 39
25 49 42
20 51 45
17 51 41
15 49 41
14 47 45
11 45 44
09 44 41
08 44 42
07 44 41
07 44 39
09 42 38
09 41 37
12 41 38
11 39 37
13 41 36
13 40 37
12 39 35
15 39 37
12 41 36
12 39 37
12 38 36
13 37 35
12 36 36
12 37 35
12 37 34
11 36 34
13 35 33
12 35 33
12 36 34
12 37 34
12 36 34
12 36 34
11 35 34
12 36 34
12 36 34
11 36 34
12 36 34
12 35 34
12 35 34
12 37 34
12 36 34
11 37 34
11 35 36
13 35 34
12 36 34
12 35 34
12 36 34
13 36 35
12 35 34
13 36 35
12 35 35
11 35 34
13 35 33
12 36 35
10 35 34
12 35 35
12 35 34
12 36 34
12 36 35
12 36 34
13 35 35
12 37 33
12 36 34
13 35 34
13 35 35
11 35 35
11 38 34
12 35 33
12 35 34
12 35 34
11 36 35
13 36 35
12 37 35
12 36 35
13 35 35
12 36 35
12 35 34
11 35 34
12 34 34
12 35 34
13 35 35
12 36 35
12 35 35
13 35 35
12 36 34
11 35 34
13 35 34
12 37 34
12 36 34
13 35 34
12 35 35
11 36 35
13 35 35
12 35 34
11 36 35
12 35 34
12 35 35
12 36 34
13 35 34
12 35 34
12 34 35
13 35 34
12 35 35
13 35 35
11 36 34
13 36 35
11 35 33
12 36 34
12 36 34
10 36 34
12 35 34
11 35 34
12 35 35
11 35 34
12 36 34
12 34 34
13 35 35
13 35 34
12 34 34
13 36 34
12 35 34
11 34 34
12 34 35
12 35 34
13 35 35
12 35 34
12 35 34
13 35 35
13 34 33
13 36 34
12 37 34
13 36 34
13 36 35
13 37 35
12 38 35
12 36 35
13 38 35
13 37 35
12 39 36
11 38 37
10 39 38
11 37 37
12 39 40
12 41 39
13 40 38
14 40 38
16 40 38
16 42 39
17 41 38
17 42 37
18 40 38
17 40 38
18 38 38
15 37 37
15 36 35
14 37 35
13 35 34
07 38 34
07 39 36
09 37 36
08 38 35
08 39 33
09 38 35
11 37 35
12 37 35
14 37 34
15 38 34
17 40 37
15 40 38
13 41 34
12 39 32
12 41 33
10 42 31
08 42 32
07 41 34
06 39 36
02 38 36
04 41 40
02 39 38
02 39 39
04 36 38
08 35 38
13 35 35
17 35 34
19 35 33
18 36 32
19 35 33
19 35 32
21 36 33
20 34 33
17 34 34
14 37 32
10 36 32
02 41 32
04 37 35
02 38 37
02 37 36
02 40 33
06 39 35
09 38 36
12 39 36
12 38 37
14 38 37
14 38 37
13 38 37
13 39 36
09 41 36
10 40 36
09 39 33
02 40 35
06 38 36
09 36 36
10 37 37
05 36 36
03 36 36
04 35 34
09 33 34
14 33 34
15 34 34
18 34 33
18 36 33
19 35 35
18 36 33
16 37 33
11 35 33
06 37 31
07 39 33
08 37 34
06 39 35
04 40 33
05 39 33
08 39 33
12 39 36
12 39 36
12 38 35
11 38 36
13 38 36
13 36 36
11 38 36
12 37 35
08 38 34
09 36 36
07 37 35
05 40 36
09 39 38
10 38 38
10 38 39
08 37 38
09 35 37
10 34 37
13 32 36
14 34 35
15 34 36
16 35 36
17 34 36
15 36 34
15 33 35
12 36 34
10 36 33
07 35 32
08 37 34
10 37 34
07 38 35
06 37 34
07 37 34
10 38 37
14 38 36
14 36 36
14 38 35
12 38 36
13 39 36
12 38 36
12 38 35
10 36 35
10 37 35
08 37 37
02 36 37
04 38 36
11 39 38
12 37 38
11 37 36
11 33 37
15 33 37
15 34 36
16 35 36
13 36 36
14 36 35
13 35 34
13 36 35
13 36 35
12 35 34
10 35 33
13 36 33
07 35 33
07 37 34
10 36 35
09 37 33
09 38 32
08 38 33
10 37 33
15 35 34
16 36 35
15 37 34
14 37 35
15 37 34
14 38 35
13 39 35
11 38 34
08 38 35
08 38 35
03 39 36
05 38 38
12 36 37
13 37 39
12 35 40
10 37 38
12 35 36
13 35 37
14 36 35
13 36 35
11 36 35
13 36 35
15 36 34
17 36 36
15 37 34
12 35 35
12 37 33
12 35 33
07 38 35
12 38 36
09 40 34
09 38 33
08 39 33
11 39 34
13 38 35
15 38 35
16 39 34
14 38 33
13 36 35
14 39 36
13 40 35
11 40 35
08 39 35
08 38 34
02 39 37
08 37 36
12 38 35
12 39 37
10 38 36
11 36 35
12 35 37
13 35 36
15 36 36
15 37 35
14 38 36
14 37 36
15 39 35
17 39 37
14 39 37
13 39 35
15 38 35
12 38 34
12 39 36
12 37 35
09 39 33
10 38 33
10 38 34
12 38 34
14 37 34
14 37 33
13 38 34
13 39 34
13 38 35
12 38 32
09 41 35
07 39 36
05 38 35
08 37 38
03 39 36
07 41 35
11 38 36
13 39 38
10 39 37
12 37 36
13 35 35
15 35 35
14 36 35
16 36 33
14 36 37
12 35 38
12 35 38
12 37 39
10 34 38
09 36 36
09 32 33
05 34 31
10 36 33
12 37 33
11 36 30
09 36 29
11 37 31
12 36 31
14 37 30
13 38 32
12 39 30
11 38 33
11 40 34
10 39 34
09 38 33
08 39 33
07 39 35
10 38 34
09 37 35
02 37 35
09 37 33
14 38 40
14 39 42
10 38 41
12 35 40
15 35 41
15 35 42
15 35 41
14 36 40
17 36 39
18 36 38
16 36 38
13 36 38
11 37 37
09 35 34
03 36 33
10 38 36
11 38 35
08 36 32
09 37 31
10 34 32
13 35 33
15 37 33
16 39 33
14 38 34
15 38 33
14 37 35
12 38 36
09 41 35
05 40 36
07 38 36
09 39 37
06 38 37
04 39 34
12 40 36
13 39 39
11 40 38
11 39 38
13 36 38
14 36 39
13 36 38
11 37 38
13 36 39
12 36 39
14 36 38
13 36 37
11 37 38
11 36 36
11 38 34
05 36 34
08 37 34
12 38 34
12 37 33
11 36 32
13 37 32
15 37 33
17 36 34
17 36 35
15 38 35
14 36 35
13 38 34
11 37 36
09 39 35
07 38 36
05 36 35
06 38 35
06 38 37
03 38 38
11 39 36
12 41 38
13 40 38
11 40 38
14 38 38
16 37 37
14 36 37
12 35 36
11 36 36
09 35 36
10 35 36
10 35 38
10 35 36
09 36 36
08 36 36
09 36 34
08 37 34
11 37 34
09 37 32
10 36 32
13 37 32
16 36 34
18 36 33
17 37 35
15 37 34
17 37 34
14 38 35
10 39 35
09 39 35
07 40 34
06 36 33
09 38 36
05 38 35
08 40 35
11 42 38
11 40 38
13 40 37
12 39 36
15 36 38
16 38 37
14 37 36
13 38 36
11 38 36
11 38 38
12 38 38
12 38 37
08 38 38
10 39 36
10 37 37
08 39 34
11 39 33
10 38 31
09 35 32
12 34 30
16 36 32
16 36 32
18 37 33
17 37 34
15 38 34
13 38 35
12 37 35
09 37 34
06 38 35
05 39 35
06 40 35
02 39 35
02 41 36
11 41 36
14 39 39
14 40 37
13 40 36
14 37 36
15 35 37
13 38 36
13 37 36
10 37 37
09 38 37
07 37 37
10 38 37
08 37 38
08 36 35
09 37 34
08 36 35
10 38 35
15 38 35
13 38 32
13 35 32
14 37 30
15 38 33
17 37 32
17 36 33
15 38 33
14 36 32
12 37 34
09 37 33
07 38 34
05 40 35
03 39 35
04 38 36
04 38 36
08 39 36
11 39 38
12 39 37
13 41 37
14 39 37
16 36 37
17 39 36
16 38 35
14 37 36
11 39 36
11 39 37
12 41 37
11 42 36
09 42 36
08 42 37
09 40 36
08 43 37
11 42 39
11 40 35
12 40 34
13 39 33
16 37 34
20 37 34
21 36 35
21 38 34
21 37 35
18 37 35
18 37 34
14 37 35
09 38 34
05 37 34
04 38 33
03 38 36
00 38 35
04 40 34
10 38 38
13 41 39
14 40 38
14 41 36
16 38 38
17 38 36
17 38 37
16 39 37
14 39 36
13 38 36
11 36 36
09 38 35
07 40 35
07 38 36
00 38 36
04 39 40
03 38 35
04 34 33
06 33 33
08 33 33
12 35 34
17 36 34
18 36 33
18 35 33
20 36 33
19 34 32
20 36 32
17 38 33
13 37 32
12 37 33
05 38 33
03 36 34
06 37 35
05 39 38
05 37 40
08 38 37
16 37 36
15 36 36
14 38 36
15 40 37
14 39 36
14 39 37
13 40 38
15 38 37
11 37 37
09 39 38
05 39 37
02 39 40
07 37 37
06 36 36
06 37 35
04 35 35
06 34 34
10 33 34
14 34 34
16 35 33
14 36 34
15 36 33
15 35 33
16 34 32
15 35 32
14 35 32
16 36 33
12 36 33
11 35 33
10 37 33
09 36 37
10 37 37
11 39 36
14 37 35
14 36 37
13 36 36
11 38 35
11 40 36
11 40 37
12 40 38
12 39 39
08 41 40
08 41 39
01 40 39
04 38 40
09 38 37
09 37 37
07 37 35
08 36 33
10 36 32
11 36 33
13 35 32
14 37 31
12 35 32
14 36 31
15 35 32
15 36 33
13 35 33
12 29 33
10 31 37
05 31 37
04 33 38
09 32 41
04 34 37
07 33 32
09 35 32
12 35 34
16 38 32
16 39 31
15 39 30
13 39 30
12 40 31
11 41 32
12 39 32
08 41 33
07 40 36
04 40 36
01 42 41
06 42 41
11 38 40
11 36 42
09 37 42
06 37 39
07 32 39
08 33 38
10 34 37
12 35 36
14 34 35
16 35 35
14 34 36
16 36 34
15 34 36
13 37 33
11 35 33
09 36 31
11 37 34
13 37 34
12 38 34
10 37 34
11 38 35
14 38 34
12 36 34
11 37 34
13 39 36
10 38 37
10 39 38
09 40 39
10 40 40
08 40 41
06 40 41
04 39 40
03 39 41
09 39 39
10 39 37
10 39 36
06 38 35
05 36 34
06 35 33
08 34 32
11 35 34
12 35 32
11 35 33
12 37 33
12 35 34
14 35 32
15 34 33
16 35 33
14 35 33
11 36 33
13 37 33
14 37 34
12 37 36
12 35 35
09 36 34
11 37 36
13 37 36
14 38 36
09 39 36
11 39 36
10 40 38
09 40 40
10 40 40
10 41 41
08 41 40
05 41 38
02 39 40
07 37 39
06 37 35
05 36 35
06 35 33
06 36 34
07 35 34
11 37 33
12 36 33
12 35 33
14 34 32
14 35 32
16 35 33
17 34 32
17 36 32
16 34 32
13 34 33
09 36 33
11 37 33
13 37 35
12 38 35
12 36 35
11 39 34
10 39 37
10 38 37
10 38 36
09 39 38
09 39 38
09 39 39
13 39 40
12 39 40
12 39 40
08 39 40
07 39 38
05 38 39
04 38 39
07 37 35
06 36 35
06 36 35
08 35 34
09 35 34
11 35 35
11 35 33
11 36 33
11 36 33
12 33 32
15 35 32
14 36 32
17 35 33
14 37 32
15 35 34
16 36 35
16 36 35
14 37 36
15 39 37
15 39 38
11 39 39
11 39 40
11 40 40
13 37 40
09 38 40
09 39 41
12 37 41
12 39 41
13 39 40
13 37 39
11 38 40
09 39 39
11 37 38
12 37 37
11 37 36
10 38 36
10 37 35
11 37 33
10 37 33
09 37 34
11 35 32
12 37 32
14 35 32
15 37 33
14 36 31
11 34 31
13 36 31
16 36 34
17 37 35
18 36 35
16 38 36
13 37 36
12 37 36
12 38 37
11 38 37
11 38 37
10 39 37
10 38 38
11 37 36
13 37 37
13 38 36
13 38 36
13 39 35
13 37 36
13 38 34
12 37 35
13 37 34
13 37 34
12 37 35
12 36 35
12 36 35
13 37 35
12 38 36
13 37 35
13 36 35
14 38 34
13 35 35
13 35 36
12 37 35
13 37 36
13 37 36
12 38 36
13 39 36
12 37 36
13 38 35
12 37 35
11 38 36
12 36 36
12 38 35
12 38 35
13 38 35
12 38 35
13 37 36
12 37 35
13 37 35
14 37 36
12 37 34
12 37 36
13 36 35
12 38 35
12 38 35
12 37 35
12 38 35
12 37 35
13 38 34
12 37 35
13 37 34
12 37 35
13 35 35
13 38 35
13 37 35
13 37 35
11 37 35
13 37 34
11 38 34
13 39 35
12 37 35
12 37 35
13 38 36
12 37 35
13 38 35
12 37 35
13 39 36
12 37 36
12 36 35
13 39 35
12 36 35
13 37 34
13 37 35
13 38 35
13 38 35
12 38 36
12 37 35
13 38 35
12 37 34
13 37 34
13 38 35
13 37 35
12 37 35
12 37 35
12 38 35
12 38 35
12 37 36
13 37 35
12 36 36
13 36 35
13 36 35
12 36 35
13 38 35
13 36 36
13 38 35
13 36 35
13 37 35
13 36 35
12 36 35
13 37 35
12 37 36
12 38 35
12 38 35
13 37 35
12 36 35
12 37 35
13 38 35
12 38 35
13 36 35
12 37 35
13 37 35
12 38 35
13 37 35
12 38 36
12 38 35
14 37 35
13 37 35
12 38 34
12 37 35
13 36 34
14 37 34
11 37 34
12 36 35
12 38 35
13 38 35
12 37 36
13 39 35
13 38 35
12 38 36
12 38 36
12 38 35
12 39 35
12 38 35
12 38 35
13 37 35
12 38 36
12 40 36
13 39 37
12 40 37
10 43 36
10 47 36
11 52 35
10 55 33
11 56 30
11 58 28
13 60 26
15 59 27
19 57 27
19 54 30
20 48 34
27 42 35
31 41 36
33 37 38
37 37 39
38 37 40
39 35 44
40 34 46
40 30 45
40 31 51
40 32 52
42 32 53
40 33 54
40 34 54
42 34 50
42 34 51
41 34 54
42 36 52
41 35 50
41 36 51
41 36 51
42 34 51
40 36 52
41 35 52
42 36 51
42 36 51
42 35 50
42 36 49
42 35 51
41 36 52
42 36 52
43 36 50
42 35 50
42 36 50
42 38 51
40 38 51
42 38 52
42 36 51
42 38 51
42 36 51
41 36 51
42 36 51
41 36 51
42 35 51
41 36 51
41 36 51
42 35 51
42 35 51
42 36 51
42 35 51
41 37 51
42 35 52
42 35 50
42 35 52
42 36 50
