41 33 52
39 31 52
39 34 52
39 38 54
39 34 53
41 38 51
42 40 50
42 39 48
40 40 44
39 39 40
38 39 36
37 39 36
35 39 35
30 43 34
28 43 34
26 42 33
18 48 33
10 53 38
08 48 33
03 43 35
00 48 37
00 48 38
00 47 37
01 44 36
05 46 38
07 44 37
10 40 36
12 41 36
12 40 35
14 38 36
14 39 34
13 37 35
12 37 33
13 38 33
14 36 32
13 34 34
13 36 34
12 36 33
11 36 34
12 36 34
12 35 33
12 34 33
12 36 33
12 36 34
13 35 34
11 35 34
13 35 33
11 37 33
12 37 34
12 36 35
12 35 34
12 37 33
12 36 35
12 35 34
12 34 34
13 36 34
12 35 33
12 35 34
12 35 34
12 34 34
13 35 34
13 35 34
11 36 34
12 35 35
11 36 34
12 36 34
13 36 34
12 35 34
12 35 35
12 36 33
12 36 34
13 35 34
12 36 35
12 36 35
11 35 35
11 35 35
13 36 34
12 36 34
11 36 33
12 37 34
13 35 34
12 35 34
12 36 35
12 35 33
13 36 34
12 36 35
12 35 35
12 35 35
11 35 34
11 35 34
11 35 35
12 36 34
12 35 35
12 36 34
13 35 35
13 36 34
11 35 34
12 37 34
12 36 34
12 38 34
12 36 34
11 36 34
12 37 34
11 36 34
11 36 34
12 36 35
12 36 33
13 37 35
13 36 34
12 36 34
12 37 35
11 36 35
12 37 34
13 34 34
12 36 34
12 36 34
12 36 35
12 36 34
13 35 34
12 36 34
11 37 35
13 36 34
13 36 34
12 37 35
12 37 34
13 37 33
13 36 35
12 37 35
12 36 34
13 36 35
12 36 34
12 35 35
12 37 34
12 36 34
12 36 34
12 37 34
12 36 34
12 37 35
11 35 35
12 35 35
11 36 34
12 36 34
13 35 34
12 38 34
13 36 34
12 36 35
12 35 34
12 36 33
12 37 34
12 36 33
13 36 34
12 36 34
12 35 34
12 36 34
11 36 34
12 35 34
12 35 34
12 35 34
12 35 34
12 36 34
12 37 34
14 38 34
13 38 35
12 38 35
11 40 36
11 40 35
10 39 34
10 37 34
12 39 37
12 34 38
11 37 38
09 37 36
11 36 37
14 38 38
14 37 37
14 37 37
16 34 36
17 36 35
17 36 36
17 36 34
16 36 35
13 37 36
12 37 35
12 37 35
10 37 35
07 38 35
06 40 36
05 41 36
02 43 38
07 42 38
15 37 38
15 35 37
15 37 39
14 40 35
15 42 34
15 39 33
15 40 32
11 39 32
09 39 32
09 39 32
07 37 33
08 36 33
08 36 31
06 33 31
08 31 32
13 29 32
10 29 33
09 32 30
12 31 31
10 33 34
09 33 32
12 34 30
15 35 33
16 35 34
16 37 33
16 37 33
14 39 35
14 39 35
12 39 37
10 40 37
10 40 36
06 41 38
06 39 38
02 41 39
05 41 41
09 39 35
06 38 36
06 37 34
08 37 33
12 35 33
13 35 33
13 36 32
12 35 33
12 35 31
12 36 32
13 34 31
11 34 32
14 32 32
15 32 31
08 34 31
10 34 31
12 33 34
10 35 35
10 36 35
13 38 34
16 37 35
17 38 36
16 38 36
16 38 36
11 41 36
10 40 38
09 40 39
07 40 39
07 41 39
05 41 39
00 41 40
05 40 40
10 38 36
08 38 38
09 38 34
08 35 33
09 34 33
10 35 32
13 35 32
12 37 31
13 35 32
13 36 32
13 34 31
13 34 31
12 34 33
13 33 31
13 34 32
07 36 32
12 34 32
12 38 33
10 37 35
10 38 34
14 37 33
17 38 36
17 38 35
16 38 37
16 39 39
13 38 38
10 39 38
09 39 40
07 40 40
05 41 40
07 40 39
04 40 40
06 41 40
07 38 37
06 37 34
06 36 33
10 35 34
11 36 32
11 36 32
13 35 31
14 34 31
15 34 32
17 34 31
15 34 32
14 33 32
12 34 32
13 34 33
05 35 32
10 36 31
11 37 34
11 36 36
12 37 36
13 38 35
14 38 35
16 38 36
15 38 37
11 40 36
11 40 37
10 38 38
11 39 38
09 41 39
05 43 37
05 41 37
02 42 40
09 39 36
09 37 33
07 36 33
06 36 33
07 36 33
09 35 32
11 36 31
11 36 33
12 36 32
12 36 32
12 35 33
13 35 33
11 34 33
11 32 32
15 33 32
09 33 31
10 35 32
12 37 32
10 37 34
08 37 34
12 39 34
15 38 34
16 39 36
14 38 35
11 38 35
09 42 38
09 38 38
10 38 37
11 37 38
07 40 39
07 40 38
04 39 39
05 41 40
10 38 37
07 38 36
09 37 37
09 37 37
10 34 35
10 35 34
11 35 33
12 35 33
12 35 33
11 35 33
12 34 31
12 35 33
11 34 33
13 34 32
09 34 32
08 34 30
15 35 33
14 36 36
12 35 35
13 37 34
15 38 34
14 36 34
14 37 34
13 37 35
10 40 35
10 41 36
08 39 38
08 40 39
06 41 39
05 40 39
06 40 39
03 40 39
06 40 40
10 37 35
07 39 35
07 39 34
10 36 32
11 36 33
13 36 32
11 35 32
10 33 32
12 31 31
14 31 31
14 29 31
12 29 33
10 29 30
12 31 32
08 35 33
03 34 30
09 34 30
08 37 35
08 36 35
07 37 33
12 34 32
15 34 32
13 38 31
15 37 31
16 38 33
14 38 35
15 40 33
12 42 37
10 42 39
05 42 37
07 38 38
03 40 43
04 40 39
02 40 38
02 35 38
00 33 35
05 30 34
09 30 36
09 33 34
13 30 33
16 31 33
16 32 33
16 33 33
17 34 32
14 33 33
10 36 31
14 36 32
12 37 33
07 36 32
08 35 30
10 38 35
08 38 37
07 40 35
13 39 35
15 37 36
15 37 35
14 37 35
12 38 36
13 39 36
13 39 37
11 38 37
09 37 37
09 39 39
08 40 39
07 39 39
02 40 41
07 39 40
09 36 38
07 35 38
07 34 36
06 37 36
09 34 34
13 33 34
15 32 35
15 34 34
15 33 33
16 33 32
17 33 33
15 34 33
13 35 33
12 35 32
11 34 32
04 36 32
08 35 33
09 37 34
09 37 37
09 38 36
13 37 36
15 36 35
17 36 37
16 39 36
13 40 35
12 39 36
11 40 36
11 39 37
10 39 38
07 40 38
07 38 37
01 39 41
05 39 38
05 37 35
06 37 36
05 35 36
07 36 35
09 34 35
10 35 33
11 36 34
13 36 33
12 35 33
14 35 33
15 33 32
14 35 32
15 35 32
15 35 32
07 36 32
11 35 31
11 37 34
11 37 36
11 37 35
12 39 36
13 38 37
14 39 37
13 39 37
14 38 39
09 38 38
08 40 39
08 40 40
09 39 39
08 40 39
08 41 40
08 40 38
04 40 42
06 39 37
05 38 36
04 36 35
04 34 34
05 35 35
08 34 32
11 36 31
11 35 34
11 37 33
13 35 32
15 34 30
14 34 31
14 34 31
14 33 31
13 35 32
08 36 31
13 36 33
14 37 35
13 38 35
12 39 35
11 38 36
13 37 35
12 40 37
11 40 37
13 41 38
07 41 36
08 40 39
11 39 39
10 41 39
08 44 39
07 41 39
02 42 40
08 37 38
08 37 35
07 36 36
07 35 34
07 36 33
11 36 33
10 35 33
12 36 32
13 35 31
12 37 31
11 35 32
13 34 32
13 33 33
13 35 34
13 35 32
07 35 34
10 36 33
13 37 36
12 38 36
12 37 34
15 37 34
14 37 34
16 38 35
15 37 35
14 37 35
12 38 35
09 39 36
10 38 37
09 38 37
09 40 39
06 41 39
05 39 38
01 41 42
07 39 37
08 37 36
07 38 35
08 37 35
09 36 35
11 35 35
12 35 33
11 35 33
10 35 33
10 35 32
10 34 33
13 35 32
13 35 32
13 38 33
12 34 33
09 36 32
16 34 32
14 36 35
14 36 34
14 38 35
15 37 33
16 36 33
15 37 34
15 37 35
11 39 35
10 39 38
07 40 38
09 41 38
07 42 38
04 39 39
05 39 39
01 41 41
06 40 40
07 39 37
06 38 37
05 35 35
09 34 33
12 34 33
13 34 32
13 34 31
14 36 31
13 37 32
12 36 31
11 34 32
11 35 32
09 34 32
10 34 32
07 34 31
16 35 33
14 36 36
13 37 36
13 35 36
14 36 35
15 36 35
17 36 36
14 37 36
14 38 36
10 40 36
11 39 38
10 39 39
11 39 38
10 38 39
08 41 39
06 40 37
01 41 40
05 39 38
06 37 36
07 37 36
06 37 35
08 36 36
10 35 36
09 34 34
10 36 34
11 36 33
11 35 33
13 34 32
15 34 33
15 34 32
15 33 32
15 33 32
09 35 32
15 37 32
13 36 34
09 36 34
08 36 33
09 38 34
12 37 34
13 37 36
12 39 36
11 40 37
12 40 40
10 40 40
09 42 40
08 40 39
06 41 40
06 40 38
05 39 38
07 38 38
09 37 38
05 38 36
06 37 35
07 35 34
06 35 34
09 35 33
11 33 33
12 36 33
12 34 33
14 35 31
15 34 31
17 35 31
18 36 33
18 35 33
16 36 33
13 37 32
10 35 35
12 37 34
10 37 35
08 37 36
07 37 35
07 39 36
08 37 36
13 37 36
11 41 34
11 39 35
11 39 36
13 39 36
14 39 37
12 40 37
10 38 37
05 39 36
01 39 38
05 37 38
07 34 36
06 35 37
05 34 38
05 32 39
08 33 36
07 35 36
10 37 38
11 35 38
13 34 36
16 35 34
18 35 35
20 35 34
19 35 33
18 37 33
15 37 34
12 39 34
10 38 35
08 38 34
06 38 35
06 37 36
08 38 34
14 38 35
11 39 35
12 39 36
11 40 35
11 39 35
11 40 36
12 38 37
10 40 38
09 39 39
09 39 38
05 38 40
08 38 41
07 37 38
07 37 37
06 35 37
08 36 36
11 35 36
13 36 36
12 36 35
13 36 35
13 35 35
13 34 34
14 35 34
15 36 34
13 35 34
13 37 34
14 37 33
10 36 34
11 36 33
11 37 34
11 37 36
11 38 35
12 37 35
14 36 35
16 37 37
15 37 36
14 37 36
12 39 36
11 40 38
10 39 39
11 39 39
10 39 40
06 42 38
04 41 38
03 39 40
06 41 38
08 38 36
06 36 35
05 36 35
06 35 34
08 34 33
11 34 32
12 34 32
14 36 33
12 36 31
14 35 31
17 35 31
16 36 32
17 35 32
15 35 33
11 37 31
11 38 34
13 38 36
13 38 37
11 37 36
09 37 34
09 37 37
13 36 38
16 38 38
14 37 36
13 40 39
11 37 38
11 38 38
11 39 38
09 39 38
11 38 38
09 40 38
10 39 37
07 39 38
06 41 40
06 39 36
04 36 35
05 33 34
08 36 34
12 35 34
12 36 34
13 36 33
14 36 32
13 35 33
15 35 31
16 36 32
16 37 32
16 36 33
15 36 33
12 37 32
14 36 33
13 37 35
11 36 35
11 37 35
10 36 36
11 38 36
13 39 37
12 38 38
12 40 37
11 39 37
12 38 38
12 38 38
14 39 38
11 38 39
11 38 38
09 39 37
08 36 36
05 37 35
04 36 34
09 36 32
10 34 31
12 35 32
13 34 32
14 33 32
15 34 32
14 35 32
13 37 33
11 37 32
12 37 33
13 36 32
11 36 33
12 37 33
06 36 32
10 37 34
14 37 34
14 38 35
14 38 36
12 38 37
12 37 37
15 37 36
14 35 36
13 36 38
14 37 37
12 39 36
15 36 36
14 37 36
14 37 37
12 37 35
09 38 38
11 37 38
14 36 37
14 36 36
13 37 36
11 37 36
11 37 35
12 37 35
12 37 35
12 37 35
13 38 34
13 35 33
12 37 33
13 37 33
13 38 34
14 38 34
13 37 34
13 36 35
13 37 34
12 36 35
13 37 34
13 37 35
12 38 35
13 37 36
12 37 36
12 37 36
13 37 36
12 38 36
12 37 36
13 38 36
11 37 34
13 38 35
13 38 36
12 38 35
12 38 34
13 36 35
12 37 34
13 36 34
13 37 35
13 37 35
12 37 36
13 37 35
12 37 35
12 37 35
13 38 36
13 38 34
13 38 35
14 36 36
12 37 34
14 36 35
13 36 36
12 37 35
12 37 35
12 36 35
13 36 35
12 38 35
11 37 35
13 38 35
14 38 35
12 37 35
12 37 35
11 37 35
12 36 35
12 37 36
12 37 36
13 37 36
13 38 35
13 37 35
13 39 36
13 38 35
13 37 35
12 37 34
12 39 36
12 37 36
13 37 35
12 36 36
12 37 35
13 38 35
13 37 35
13 37 36
12 37 35
12 37 35
12 37 36
14 38 36
13 37 35
12 36 35
12 37 35
13 38 35
13 36 36
11 37 36
13 37 35
12 38 35
14 37 35
12 39 36
12 37 34
12 37 36
12 38 35
13 38 36
11 36 35
12 38 35
13 38 35
14 38 35
12 38 35
12 36 36
12 37 36
13 38 37
12 38 35
13 37 34
13 38 35
13 36 34
13 38 35
13 37 35
13 38 35
13 37 35
12 37 35
12 37 36
12 37 36
14 37 35
12 38 35
12 37 35
13 38 35
12 39 36
13 38 35
13 37 35
12 39 36
13 37 35
13 38 35
11 38 36
12 40 37
09 42 37
09 47 37
08 50 36
10 55 37
10 53 36
10 55 33
13 57 32
14 58 30
13 57 30
18 55 31
19 54 31
23 50 33
26 46 34
29 41 34
32 40 35
35 36 39
38 35 39
39 33 42
38 32 47
39 30 49
38 30 51
39 28 53
39 31 54
40 35 53
41 32 53
41 31 52
41 32 52
42 35 53
41 37 52
43 35 51
42 34 51
41 35 53
42 33 52
40 33 52
40 34 52
41 35 51
41 35 51
40 35 52
39 37 51
39 37 53
39 35 51
