12 34 32
12 34 32
12 33 33
13 33 33
12 34 33
11 34 33
11 34 33
13 35 33
12 35 33
12 36 34
12 34 35
12 36 36
12 35 35
12 35 35
12 36 35
12 35 36
14 35 37
13 34 37
13 35 36
11 35 35
09 32 36
11 33 37
12 34 37
12 34 37
14 35 37
14 35 37
14 34 38
13 34 36
14 34 37
14 35 37
13 33 37
14 32 36
14 34 37
12 33 37
11 33 36
12 33 36
11 33 35
06 34 36
04 33 35
09 33 34
17 33 34
16 34 34
13 34 34
12 35 34
11 32 32
13 34 34
14 33 34
13 35 34
13 36 33
13 34 34
13 35 34
13 33 35
13 34 35
14 35 35
12 35 34
13 34 34
11 34 34
11 35 34
08 35 34
04 35 35
08 32 35
13 32 34
13 35 36
11 36 35
11 33 35
14 30 34
15 30 35
15 32 35
15 36 35
14 34 34
12 34 36
13 34 36
13 34 37
13 34 37
14 34 37
13 33 37
12 34 36
10 34 36
05 34 36
03 34 35
12 32 34
16 32 33
15 34 34
12 34 33
11 32 32
13 33 33
14 34 32
14 35 32
14 34 33
13 32 33
14 33 34
13 34 34
13 34 33
13 35 34
12 33 35
13 33 35
08 34 34
03 34 34
05 35 35
13 33 36
15 35 37
10 37 36
12 36 37
16 34 35
18 32 36
19 35 36
16 35 36
13 36 37
12 35 37
12 34 36
14 35 36
14 35 38
13 35 38
13 33 37
11 35 36
06 36 34
04 36 35
08 35 35
14 35 34
12 35 34
10 35 34
11 35 35
14 33 35
15 34 34
15 35 34
14 36 33
14 36 33
12 35 33
13 35 34
14 34 33
13 35 33
14 36 34
12 35 35
10 34 34
05 35 34
02 35 34
09 32 36
14 34 38
13 35 36
10 35 34
14 34 34
15 29 34
17 34 35
16 36 34
14 35 34
13 34 34
14 34 36
13 33 36
14 35 36
14 35 37
14 34 37
13 33 36
10 34 36
06 35 35
05 35 35
12 33 33
12 36 33
10 36 34
10 35 34
12 33 34
15 34 33
15 34 34
13 35 33
13 35 33
14 34 33
13 35 34
13 34 34
12 33 33
11 32 34
13 32 36
13 35 34
06 34 36
02 35 35
06 32 36
12 34 37
13 34 39
13 34 37
13 33 35
16 30 34
15 32 35
17 33 37
14 35 36
15 35 36
13 35 38
14 36 37
13 35 38
14 35 38
13 33 37
12 34 38
11 35 36
06 33 37
04 33 37
10 35 35
12 34 35
12 35 35
12 35 34
14 33 35
15 34 34
16 36 34
14 35 34
13 35 34
13 33 33
12 33 34
13 35 35
14 34 35
13 33 34
12 34 34
12 35 35
13 35 36
11 35 35
04 36 36
08 35 37
11 35 37
10 36 38
13 35 35
15 33 35
17 33 35
16 34 35
15 35 36
12 36 35
14 34 36
14 33 36
14 33 36
14 35 35
15 34 37
13 33 37
12 33 37
10 32 35
06 35 34
06 35 35
08 35 34
11 34 35
11 34 34
11 35 34
12 32 34
13 33 35
14 34 35
15 35 35
16 34 34
12 33 34
14 33 34
12 34 33
11 35 34
11 36 34
12 35 35
12 35 34
12 33 35
13 33 36
07 33 35
02 32 33
09 31 35
13 34 36
14 35 38
13 33 37
15 31 35
16 31 35
15 32 36
13 33 36
13 34 36
11 34 36
14 35 37
13 34 37
15 34 37
13 35 36
12 32 36
11 34 36
11 34 34
10 34 35
07 33 35
06 34 35
09 31 34
10 34 33
09 33 34
12 34 33
13 34 34
13 35 35
13 34 33
12 34 34
11 33 34
12 34 34
13 35 33
12 35 34
11 35 35
11 36 35
12 34 35
12 34 36
11 34 35
10 33 35
10 34 36
10 34 37
12 34 38
14 33 39
13 33 40
13 31 38
13 31 37
11 32 38
13 31 38
13 31 38
13 31 39
13 31 38
15 31 38
14 31 39
14 29 39
14 33 39
15 34 39
14 34 40
13 34 40
14 32 39
15 34 39
14 34 40
13 35 40
13 34 39
13 35 39
13 33 38
13 34 39
13 35 39
13 33 38
12 34 39
12 32 37
13 33 36
15 33 36
14 34 36
12 34 36
10 34 36
09 32 35
10 33 35
12 33 35
12 34 35
13 34 34
11 34 33
11 35 34
11 34 32
12 36 34
13 35 33
12 37 33
11 34 32
12 35 32
11 35 33
12 35 33
11 34 32
12 35 33
11 36 32
11 34 33
12 35 31
12 35 32
11 36 32
11 36 33
13 35 32
13 35 32
12 36 32
12 33 33
13 34 32
11 34 33
10 34 32
08 33 32
09 33 32
11 33 34
12 33 33
13 33 32
12 30 33
13 30 33
11 30 32
13 31 33
14 32 33
13 31 33
12 31 32
12 31 33
11 32 33
13 32 34
13 33 34
11 33 34
11 33 34
10 32 34
12 32 33
12 32 34
10 34 33
07 35 33
07 32 33
12 32 32
14 32 33
14 31 33
13 28 30
11 30 31
12 31 31
13 35 31
14 33 31
13 34 31
13 34 32
12 33 33
13 35 33
14 35 32
13 36 34
13 36 33
13 35 33
13 35 33
08 35 34
02 34 32
06 35 34
12 33 36
14 37 37
14 38 36
13 36 35
14 32 35
13 32 36
12 34 36
12 35 35
13 36 34
14 35 35
13 34 35
13 34 35
12 35 35
13 35 36
12 34 36
10 34 34
04 36 35
00 38 34
07 36 33
12 36 33
14 38 34
13 39 33
15 37 33
19 38 33
20 38 33
18 38 32
17 39 32
14 40 32
13 39 31
14 39 33
13 38 32
14 38 33
15 38 32
14 38 32
16 38 33
11 38 34
07 38 33
07 38 34
14 37 38
15 36 39
13 33 38
09 33 38
09 31 35
11 32 36
12 34 37
14 34 37
14 35 36
14 35 36
15 35 35
15 36 36
14 35 35
13 34 36
14 34 35
12 34 36
04 34 35
01 36 35
07 35 35
13 35 35
12 36 35
10 36 34
09 33 33
12 33 34
15 34 35
16 34 33
14 34 34
15 35 33
14 35 32
13 35 31
12 35 33
14 35 34
13 35 34
13 34 34
12 36 35
07 35 35
02 35 36
10 34 36
14 33 38
12 37 39
09 36 37
12 34 35
13 32 35
15 34 36
16 35 36
16 36 37
17 38 37
16 35 37
15 36 37
15 36 37
12 35 38
13 35 37
10 35 35
05 35 34
01 36 35
06 37 35
13 37 35
14 36 35
11 36 35
10 34 34
13 34 34
15 36 33
15 35 34
14 33 34
14 35 33
14 33 32
15 34 31
14 34 32
14 35 32
13 35 32
14 36 32
14 36 34
10 38 34
03 37 34
03 35 33
08 34 36
14 34 37
15 36 36
11 36 36
12 35 36
13 32 36
15 34 38
14 35 36
14 35 36
14 35 37
15 34 37
13 35 38
14 35 36
14 35 37
13 35 36
11 34 35
04 35 37
02 35 34
07 35 34
14 36 35
13 37 36
11 36 35
11 35 33
13 34 33
15 33 34
16 34 33
14 34 32
13 36 32
14 33 32
15 35 33
16 36 32
13 35 34
13 35 33
12 35 34
10 36 35
06 36 35
03 36 36
09 36 36
17 34 38
15 35 37
08 38 36
06 37 36
13 34 37
16 32 36
17 34 36
16 36 35
15 37 36
16 36 36
14 35 37
15 36 37
15 37 38
13 36 37
11 35 36
08 34 36
04 35 35
03 35 35
10 34 36
14 35 35
14 36 34
11 38 34
09 35 35
12 33 35
13 34 34
14 34 34
16 34 33
15 35 33
15 34 34
14 35 33
15 36 33
14 35 33
14 36 35
13 36 35
15 36 34
10 38 34
03 36 36
04 36 37
11 35 39
14 36 38
12 35 36
09 36 37
10 34 36
15 34 36
17 34 36
16 35 36
15 36 36
13 36 36
12 37 37
11 36 37
14 35 37
14 34 36
13 34 36
09 35 36
05 34 36
09 33 35
13 34 34
14 35 34
13 35 36
12 35 35
11 34 33
10 35 34
12 33 33
13 33 34
13 33 33
14 34 34
14 35 34
13 35 34
14 34 34
12 34 33
12 35 33
12 35 33
13 35 35
11 35 35
08 36 36
09 36 36
14 34 37
13 35 38
12 34 37
11 37 37
11 36 37
13 34 38
14 32 39
14 35 38
14 35 39
14 35 40
14 34 39
14 34 39
13 35 39
12 35 38
13 35 38
13 34 38
13 34 38
13 34 38
14 34 38
16 35 38
14 35 37
13 35 38
13 34 37
12 34 37
10 36 35
09 35 36
12 35 36
14 34 35
12 35 35
10 35 36
09 35 35
11 35 34
11 34 33
11 33 33
11 33 33
12 33 32
11 33 33
13 33 33
13 33 32
13 33 33
13 35 33
13 34 34
12 35 34
13 35 35
12 36 36
11 35 35
11 34 36
14 34 36
14 36 36
13 36 38
14 36 36
11 37 37
12 36 36
12 36 37
13 35 37
13 35 37
13 34 37
12 34 38
11 34 37
13 33 37
12 32 36
12 32 37
12 32 38
12 34 36
13 32 37
12 34 38
12 33 36
12 33 36
13 33 36
12 34 36
13 34 36
13 35 36
12 36 38
12 34 38
12 34 38
12 33 37
11 34 37
11 34 37
12 34 37
12 34 36
13 35 36
12 35 36
12 35 37
13 34 36
