12 36 33
12 36 33
12 36 33
12 36 34
13 35 34
10 36 34
12 35 34
12 37 33
12 36 35
13 36 33
11 35 34
11 35 35
12 35 33
12 35 34
12 36 34
12 36 34
13 36 34
13 35 35
12 36 36
11 35 35
12 34 35
10 33 34
08 32 35
08 33 36
10 35 35
14 33 35
15 35 36
13 33 35
12 34 37
13 34 35
13 35 36
13 34 37
14 34 37
13 36 37
14 35 37
12 32 38
13 32 38
13 33 37
13 33 37
12 32 36
13 33 36
09 34 36
06 34 35
06 32 34
13 33 33
15 34 33
12 33 34
11 34 33
13 33 33
13 33 34
14 34 33
13 35 33
13 35 34
14 35 33
13 34 34
12 34 35
12 35 35
12 33 36
14 35 35
12 34 33
12 34 34
07 35 35
04 33 34
07 31 34
10 32 35
10 33 37
13 32 34
13 30 34
16 30 34
15 30 35
14 35 34
12 34 34
13 32 36
12 32 35
12 35 35
13 32 36
12 31 36
14 32 36
12 32 37
11 32 35
10 31 36
10 33 36
08 33 35
06 34 33
09 33 34
12 33 32
10 32 33
11 33 32
13 32 32
14 31 32
14 33 32
15 34 33
13 33 33
13 32 32
14 33 33
13 34 33
13 34 33
14 34 33
12 33 33
12 35 34
12 34 34
11 33 35
04 36 34
05 33 34
12 33 36
14 34 37
13 35 36
13 34 34
13 29 34
13 29 34
13 32 36
13 34 35
13 33 36
13 33 36
13 32 38
15 33 37
16 32 38
14 34 38
15 33 38
14 33 37
05 33 36
01 33 34
07 33 36
10 35 34
11 35 34
10 35 34
11 33 34
14 30 33
16 30 34
16 34 34
14 34 32
14 34 33
13 34 32
16 34 32
13 34 34
13 34 33
13 35 34
12 35 35
12 33 35
10 34 35
04 32 34
05 32 36
11 33 37
11 35 37
11 35 35
14 35 35
16 32 34
14 33 36
14 35 36
14 35 35
14 35 36
13 34 36
14 34 37
15 34 38
14 34 38
12 33 36
13 33 36
06 35 35
00 34 34
06 34 34
11 36 33
13 36 33
13 34 34
13 36 33
14 34 34
14 32 33
15 32 33
15 33 33
14 35 34
14 35 33
15 34 32
14 34 32
12 34 34
11 34 35
11 33 35
08 34 36
02 33 35
05 33 34
13 33 36
13 34 37
12 36 37
11 35 35
14 34 36
14 31 35
14 34 37
14 37 35
14 36 36
13 34 36
14 34 36
14 36 36
14 35 36
13 35 37
14 32 37
08 36 35
01 36 35
04 33 36
08 34 33
11 35 33
11 35 35
13 34 35
14 35 36
16 35 35
15 34 33
15 35 34
14 34 34
13 34 35
16 34 34
14 34 33
13 34 34
12 35 35
12 35 33
12 36 35
07 35 33
03 36 34
09 34 35
12 34 37
12 37 38
12 38 37
13 34 36
16 32 36
16 32 37
14 35 36
12 36 36
13 36 36
13 36 37
15 34 37
13 35 37
13 35 37
13 34 37
13 34 34
05 34 35
01 35 35
09 34 35
13 36 35
12 37 33
11 36 35
13 36 34
13 34 34
13 34 33
16 34 34
14 34 34
14 34 34
15 33 33
15 34 34
14 33 33
14 34 33
13 35 33
14 34 34
11 35 35
03 36 34
05 34 35
11 31 37
10 34 38
11 35 36
12 34 35
16 31 35
17 32 36
16 34 35
14 36 35
14 35 35
13 36 35
13 35 37
14 36 37
14 35 37
13 35 38
14 34 38
10 35 36
05 35 36
05 34 36
11 34 36
09 36 35
08 37 34
10 35 35
13 33 35
15 32 35
16 33 34
15 34 34
14 36 34
16 32 34
14 33 33
16 34 34
13 34 33
12 34 33
14 33 34
12 33 36
05 36 35
01 36 36
09 33 37
13 33 39
12 34 36
14 34 35
15 34 35
16 33 36
15 33 35
13 35 36
15 36 37
13 36 37
14 36 38
14 35 37
14 35 38
14 35 36
13 35 37
10 35 38
05 33 36
03 35 35
09 36 36
11 36 34
09 37 36
10 35 35
12 33 35
14 33 35
15 34 35
15 34 33
15 34 34
15 34 35
14 33 33
15 34 34
13 34 33
13 34 34
13 34 34
11 35 36
05 34 36
06 33 36
10 33 38
11 32 38
11 32 38
12 32 35
14 33 35
14 31 36
15 34 35
16 35 36
15 37 36
15 35 37
15 36 38
15 35 38
14 34 37
12 35 38
12 34 37
11 33 36
07 33 35
03 35 36
07 35 39
09 37 36
09 37 35
10 37 36
12 34 36
14 33 35
14 34 35
15 35 33
16 34 34
14 34 33
14 34 34
14 35 33
14 34 33
14 36 33
12 34 35
12 35 35
08 34 34
02 35 36
07 33 38
11 34 38
12 33 40
13 33 36
13 31 36
15 32 36
16 32 36
15 34 37
14 36 38
15 37 38
16 36 38
17 36 38
15 36 38
14 36 39
12 37 38
12 35 37
02 36 37
04 36 38
09 34 36
11 34 35
11 35 34
12 34 36
16 34 37
15 34 35
16 34 35
14 33 35
14 34 33
15 34 35
14 34 35
14 36 35
15 35 35
15 35 35
12 35 36
12 36 36
05 35 36
02 34 36
09 32 37
12 32 38
13 34 38
15 36 37
13 35 35
12 36 35
14 33 38
16 35 38
16 36 38
14 37 37
14 35 38
13 35 37
14 34 37
14 34 37
13 33 37
13 36 36
05 35 35
00 35 36
07 34 36
12 35 34
11 35 33
11 36 34
10 35 35
15 34 35
15 32 34
14 33 33
14 33 33
13 33 34
14 34 34
15 33 35
15 35 34
14 34 34
13 35 36
12 35 36
09 36 36
03 37 36
04 37 38
12 37 38
13 35 39
14 35 37
14 36 37
14 35 36
14 33 37
14 34 36
14 36 36
14 36 36
15 36 38
16 37 39
15 38 38
13 36 39
13 36 39
13 34 37
10 36 37
01 38 36
04 36 39
13 34 36
12 36 34
10 36 35
11 36 35
14 37 36
15 34 35
15 34 34
14 35 34
14 35 34
14 33 34
16 33 34
15 33 34
15 35 34
13 34 34
13 34 35
12 35 35
09 36 34
02 37 36
07 35 37
13 36 38
13 36 37
10 35 36
12 34 35
15 34 36
14 31 37
13 33 36
12 34 37
12 35 37
15 34 37
16 34 38
13 35 37
13 35 37
13 34 37
09 34 35
02 36 35
02 35 36
12 34 35
14 31 33
10 36 34
10 37 34
13 34 34
14 31 33
14 29 33
14 31 33
13 33 32
14 33 33
15 33 33
14 34 33
14 33 33
11 33 33
12 33 34
11 33 35
09 33 34
01 35 34
02 34 35
11 33 36
13 33 37
13 34 36
15 33 35
15 33 35
15 32 35
15 34 37
14 34 37
13 36 36
15 38 37
15 37 38
16 37 38
13 37 37
14 38 39
12 38 38
09 37 38
03 37 36
01 37 37
10 35 38
14 35 35
13 35 33
12 38 35
11 36 34
14 34 34
16 33 34
16 32 34
14 33 33
15 34 33
14 34 33
15 35 34
14 35 34
15 36 34
14 34 34
12 34 36
09 35 35
02 35 35
03 35 35
13 33 37
13 34 36
12 36 36
11 35 35
15 35 35
15 34 36
14 33 36
12 34 36
13 36 36
15 34 38
15 36 38
14 34 38
14 34 36
13 34 38
12 33 38
09 33 37
02 37 35
04 36 36
11 35 36
12 36 35
10 35 33
10 35 33
13 35 34
16 33 34
16 33 33
15 35 34
15 35 32
14 33 33
15 35 34
15 33 33
14 35 33
14 35 34
12 36 35
10 34 35
11 36 35
03 35 35
02 35 35
09 32 36
12 34 37
12 35 37
12 35 36
14 36 34
15 34 34
14 34 37
15 35 37
15 36 36
15 37 36
15 35 37
15 36 37
15 35 38
14 35 37
14 34 38
12 34 37
07 35 35
02 36 36
06 34 36
13 35 34
10 34 34
08 33 33
11 35 34
15 35 34
15 32 34
15 32 34
14 35 33
13 33 33
14 33 35
14 32 34
14 35 33
15 35 32
15 34 34
13 34 34
11 33 36
08 32 35
02 35 36
04 35 37
12 36 37
13 36 38
13 35 37
13 34 35
14 34 35
14 33 36
14 34 37
15 36 37
15 36 37
14 36 37
13 36 37
14 36 37
14 36 38
13 36 36
12 35 37
08 35 36
00 36 35
06 35 37
14 34 35
14 37 35
11 35 35
10 36 35
12 34 35
15 34 34
15 33 34
14 34 34
15 36 34
15 34 34
15 33 34
14 34 33
14 35 34
13 35 33
14 34 35
12 35 35
11 35 35
05 37 35
02 35 37
10 33 38
15 35 38
13 36 37
14 35 35
13 33 36
13 34 36
13 33 37
15 34 36
14 35 37
15 36 37
15 35 38
14 34 37
13 36 37
13 34 38
14 33 38
09 33 37
03 34 36
01 34 36
08 35 36
12 36 34
12 36 34
10 34 33
11 33 34
14 32 33
14 33 33
15 32 33
16 34 33
15 33 33
15 33 33
13 35 33
14 35 33
13 35 34
12 35 34
13 34 35
12 36 35
08 36 36
03 37 37
06 34 38
13 34 38
15 35 37
10 35 36
09 34 36
11 33 37
15 31 37
17 34 36
16 36 35
15 35 35
14 35 36
14 34 37
15 35 36
14 35 37
15 36 37
13 37 38
09 38 36
04 36 36
00 38 37
07 33 35
11 35 35
10 35 34
13 36 34
14 34 33
17 32 34
16 33 34
14 34 33
14 34 33
13 33 34
15 34 34
15 33 34
15 36 35
15 36 35
14 37 36
13 38 36
11 37 35
09 36 36
04 36 35
06 36 35
10 35 35
12 37 36
11 36 37
13 36 36
14 34 36
16 33 36
15 33 37
15 36 36
13 36 37
13 37 37
13 35 37
14 36 37
14 35 36
14 36 36
13 36 36
10 31 34
05 33 32
02 33 33
07 32 33
13 31 32
13 34 33
10 34 33
11 30 31
13 30 33
14 31 33
15 33 32
14 35 32
13 36 33
12 35 33
14 35 34
14 34 33
14 34 33
12 35 35
12 35 35
10 34 36
10 32 34
05 35 35
03 35 35
11 34 37
11 35 37
12 36 38
14 34 36
14 34 35
15 32 35
14 32 35
14 34 36
14 35 35
15 36 35
16 35 36
15 35 37
15 37 35
13 36 37
13 35 36
10 35 36
04 35 36
04 36 35
09 35 35
12 36 34
10 38 34
10 38 35
13 33 33
15 33 32
15 36 34
14 35 34
14 35 32
13 34 34
12 34 34
12 35 34
12 35 34
11 35 35
12 37 35
12 38 35
11 39 36
08 39 36
05 39 37
09 37 37
14 37 37
13 36 35
11 37 35
11 37 36
13 33 35
15 33 34
16 34 34
15 36 34
15 38 34
13 36 36
13 35 36
14 33 36
13 32 35
14 35 35
14 35 36
13 34 36
11 33 35
05 35 35
03 36 36
10 37 36
13 32 34
12 31 32
10 30 31
11 32 32
13 33 34
13 33 33
15 34 33
13 34 33
12 33 34
11 34 33
13 32 33
13 33 34
14 34 35
13 35 33
13 34 34
14 34 34
13 35 35
09 35 35
02 34 34
04 33 35
14 33 37
16 33 37
13 34 36
11 36 36
10 34 36
14 31 38
15 33 37
15 35 36
15 35 37
13 34 37
14 34 38
13 36 37
14 35 38
13 34 38
13 35 38
08 34 36
03 34 35
04 34 36
09 34 35
14 33 33
12 34 35
11 35 35
11 33 33
12 32 33
14 32 33
15 33 33
15 32 34
14 34 33
14 32 34
14 33 32
15 32 33
13 34 33
14 34 35
13 34 35
13 35 35
14 35 37
10 35 37
04 35 36
05 34 38
12 33 39
16 33 37
14 33 36
09 35 36
09 34 36
13 33 37
15 33 37
17 34 36
17 37 37
15 37 36
14 35 38
15 33 38
14 33 37
13 34 36
13 35 35
12 33 36
08 33 36
06 34 35
09 34 35
11 33 33
11 34 34
11 33 34
09 34 34
10 34 32
12 31 32
13 32 32
13 32 33
13 32 33
12 33 32
11 30 33
12 33 33
13 33 33
12 33 33
12 33 32
13 34 33
13 35 34
12 35 34
10 36 34
08 35 35
12 34 36
14 34 37
12 32 36
10 34 37
11 33 38
12 33 38
13 31 37
13 31 37
14 32 37
14 33 38
13 33 38
13 34 38
12 34 39
13 35 39
13 34 39
11 34 38
12 36 39
12 36 38
12 34 39
12 35 38
12 35 38
13 35 37
12 33 37
13 34 37
13 33 35
12 34 36
12 33 36
12 34 35
12 33 36
12 33 37
11 32 37
11 33 35
12 32 35
12 34 35
12 33 35
12 33 36
13 33 36
11 33 35
13 34 37
12 34 36
12 34 36
12 34 35
12 33 35
12 35 36
12 35 35
13 34 36
13 34 35
11 33 36
