10 39 37
08 38 37
10 40 36
12 40 36
14 40 37
10 40 37
09 39 37
10 39 36
12 40 37
14 39 37
14 38 37
14 38 37
15 41 37
15 39 37
13 38 37
11 38 36
13 39 35
15 40 35
15 40 38
15 40 37
15 39 37
14 37 37
14 38 37
14 39 37
13 40 38
12 38 37
13 39 37
12 39 38
14 38 39
13 38 38
13 38 37
14 38 36
15 39 38
12 40 36
13 39 38
13 39 37
13 38 37
13 38 38
13 38 38
14 36 39
14 37 38
15 37 38
14 36 38
15 38 37
15 37 38
14 37 37
14 37 36
11 38 36
06 39 36
07 38 34
09 37 34
11 38 34
13 37 35
14 37 34
14 37 34
13 36 34
12 37 33
10 38 33
11 38 33
15 38 33
15 38 33
16 39 34
15 38 34
14 38 33
12 38 33
12 38 33
13 38 34
14 40 35
13 41 35
12 41 35
14 42 35
13 42 35
10 41 34
07 41 34
07 40 34
09 38 35
14 37 35
13 34 34
14 32 34
12 34 34
10 36 34
13 37 34
15 35 34
14 36 35
13 37 35
13 37 35
14 36 35
14 36 36
15 38 36
15 38 36
16 38 36
15 37 36
15 37 37
13 38 36
10 39 36
08 38 36
04 39 36
05 39 35
11 40 36
12 36 37
11 36 36
13 37 36
11 40 35
15 39 36
16 39 34
16 38 33
14 39 34
14 38 34
16 39 35
16 38 34
15 39 36
15 40 36
14 40 36
12 39 37
11 39 37
07 39 38
02 40 36
08 37 37
14 39 37
16 41 38
13 38 38
14 35 36
15 36 37
17 37 38
17 38 38
17 38 39
15 37 38
14 38 37
17 36 38
17 38 38
16 37 38
14 37 38
11 36 37
08 39 36
01 38 34
04 41 35
11 41 38
13 37 36
13 36 36
14 36 35
14 36 35
13 38 36
15 39 36
15 38 35
18 39 37
17 39 35
16 38 36
17 39 36
15 38 34
11 39 36
10 40 35
07 39 34
04 38 34
07 36 35
15 36 38
15 37 37
11 36 37
12 32 35
15 34 35
15 36 35
18 35 36
17 36 36
18 35 36
15 37 38
15 35 37
17 37 37
16 36 38
15 39 38
12 39 39
11 38 38
03 37 37
00 40 37
07 40 36
12 37 36
12 38 36
11 36 36
12 34 36
15 38 34
15 37 35
16 37 35
16 36 34
15 36 35
17 36 34
17 36 34
17 37 35
13 37 35
12 39 35
07 40 35
05 40 36
04 39 35
10 40 38
15 40 39
14 41 38
14 37 36
13 37 39
13 39 37
16 37 37
17 37 37
16 37 38
15 34 38
16 34 38
16 37 35
18 35 36
16 36 37
14 38 37
10 36 37
04 36 37
00 40 35
04 40 35
09 39 35
13 39 35
13 40 35
13 39 34
13 37 36
15 38 35
18 37 36
17 37 34
16 37 34
15 39 34
16 40 34
15 39 35
16 39 35
12 38 34
10 39 34
05 38 34
01 39 36
04 40 36
13 39 38
14 38 38
14 37 35
12 34 35
14 33 36
18 37 36
16 36 36
18 36 35
18 35 36
17 36 35
17 36 37
16 36 37
16 37 37
13 38 39
12 37 37
10 37 37
03 39 35
01 41 35
07 40 35
14 39 36
13 40 37
13 39 36
13 39 35
13 38 35
15 38 36
15 38 35
16 39 35
16 38 35
17 39 36
17 39 36
16 39 35
14 39 35
11 39 36
09 40 36
06 39 35
00 39 34
06 38 36
15 39 37
15 36 37
13 35 35
13 33 34
15 36 35
17 38 37
19 37 35
19 36 35
17 36 37
16 37 37
15 35 37
16 37 36
16 38 37
15 38 38
11 39 38
10 37 37
02 40 36
01 40 36
09 41 38
13 41 37
12 41 36
13 39 35
12 38 35
14 37 35
16 38 34
16 38 34
16 37 34
17 37 34
15 39 34
14 38 34
16 39 35
14 39 35
12 38 35
10 39 35
07 40 34
02 38 33
06 37 33
16 38 39
14 38 37
12 36 35
12 34 34
13 36 35
15 36 35
17 38 36
18 36 37
18 37 37
16 39 37
15 37 36
16 38 37
16 37 37
15 38 38
12 38 39
11 38 37
06 40 36
00 39 36
06 41 37
11 41 36
15 40 38
15 38 36
13 35 36
11 36 34
14 38 35
16 37 34
15 36 34
15 37 32
15 37 33
15 37 33
16 37 33
15 39 35
13 38 35
11 37 35
10 38 35
04 37 35
02 38 35
08 38 36
16 38 37
16 35 37
15 34 35
14 34 35
13 37 34
13 37 35
16 37 35
16 36 36
18 37 35
17 37 35
16 38 34
17 39 37
16 39 38
13 38 38
11 39 38
10 38 38
06 37 37
00 38 35
07 39 35
14 38 37
12 38 37
08 37 34
10 35 34
13 36 36
15 37 35
14 36 35
16 36 35
17 35 34
16 37 34
16 36 33
16 38 33
13 37 33
12 39 34
12 39 36
06 38 35
02 37 33
13 39 37
16 41 41
12 36 37
14 33 34
13 34 35
13 35 36
14 36 36
14 35 35
13 36 35
14 36 35
13 36 35
13 35 34
13 35 34
13 33 34
11 34 34
14 31 33
12 31 34
09 34 33
00 37 33
04 34 31
14 36 35
11 36 35
12 36 33
13 33 34
15 34 34
15 35 33
14 35 33
12 33 32
12 34 30
13 35 31
13 35 32
13 35 31
13 36 32
12 35 32
12 35 34
10 36 34
04 36 33
02 36 31
09 36 36
14 35 36
13 34 35
11 33 33
11 34 35
13 33 35
15 34 35
16 34 36
16 33 35
15 34 37
15 33 36
16 35 37
15 35 37
14 35 36
12 35 37
12 36 37
10 36 36
05 39 37
01 39 36
10 40 38
14 40 40
15 37 38
11 36 35
11 36 35
13 36 34
14 38 35
14 36 35
14 34 34
15 35 35
15 38 36
16 36 36
15 36 35
15 36 35
12 36 35
12 38 36
11 37 37
07 36 36
05 36 34
09 35 36
15 37 39
14 37 38
13 34 38
13 36 37
15 37 38
16 37 39
17 38 38
16 36 39
16 38 38
15 38 39
15 37 38
16 39 38
15 40 40
14 38 39
11 39 39
09 36 37
03 40 37
06 38 36
11 41 37
14 40 37
11 38 35
10 38 33
10 37 34
14 38 33
13 36 32
15 34 33
15 35 33
15 37 32
14 36 33
15 36 33
17 37 34
13 37 35
11 37 35
09 38 35
05 39 35
00 38 34
09 38 34
16 37 38
13 38 36
13 35 35
13 33 35
15 36 35
16 39 36
17 38 37
18 36 37
18 35 36
17 36 37
15 38 37
16 37 39
16 38 38
15 38 39
12 35 38
08 36 35
00 38 36
02 39 34
09 39 34
12 37 34
11 36 34
12 35 32
12 37 32
15 36 34
19 38 33
18 38 33
15 37 33
16 38 33
16 39 34
16 39 35
13 37 34
11 38 34
09 37 34
06 38 33
01 38 33
06 37 33
16 38 37
15 36 35
11 35 34
11 35 34
13 36 35
16 38 35
17 35 35
18 35 36
17 37 36
16 38 37
15 37 36
14 37 36
15 38 36
15 37 38
11 37 38
08 35 35
00 39 35
02 38 35
10 37 34
11 36 35
09 37 34
11 35 33
11 36 34
13 38 35
16 37 34
17 37 35
17 37 34
17 37 34
15 38 33
16 38 34
17 37 34
13 38 35
11 36 35
09 37 34
03 37 34
04 37 33
12 37 37
10 35 38
10 34 35
11 33 35
15 34 36
16 36 38
18 36 36
18 35 37
17 36 36
17 37 36
16 38 37
16 38 37
17 38 37
14 39 39
10 37 38
03 35 35
00 39 36
05 39 36
10 40 36
11 37 35
12 36 34
12 37 34
12 38 33
15 38 33
17 37 34
16 36 34
16 36 34
16 37 34
16 38 35
16 38 33
16 37 33
13 37 33
09 39 34
08 38 34
00 37 33
07 37 34
14 38 37
14 36 37
11 34 35
11 34 34
13 36 36
16 38 35
16 38 35
18 35 36
17 35 36
17 36 37
16 36 36
16 37 37
18 38 38
15 39 38
11 39 39
07 37 38
05 40 37
01 41 36
07 41 36
11 40 36
12 39 35
11 38 35
14 39 35
13 38 34
16 38 35
17 38 35
16 36 35
15 37 33
15 36 35
16 37 34
16 38 34
14 38 34
11 38 36
08 37 34
04 38 35
00 40 34
02 38 35
16 38 38
15 37 37
16 36 33
16 35 35
17 36 35
18 40 36
18 39 36
19 38 35
17 38 36
16 38 36
17 39 37
17 39 37
17 40 38
14 40 39
10 40 37
04 41 35
00 42 36
01 40 37
08 40 36
10 39 36
10 38 35
12 37 33
13 37 35
15 37 34
16 37 34
17 36 34
17 37 33
16 38 33
16 38 33
15 37 34
15 38 33
13 38 34
11 37 33
08 38 34
01 36 33
04 38 34
14 38 39
12 36 38
10 32 34
13 32 34
15 36 37
17 38 36
18 37 35
18 36 36
17 36 37
16 39 37
16 38 37
16 40 37
15 38 38
14 39 39
11 37 38
07 38 37
00 41 37
04 40 37
10 40 38
11 39 37
11 38 37
12 37 35
13 38 34
15 38 34
17 37 35
16 37 34
16 37 34
16 36 34
16 38 34
16 39 34
16 38 34
13 38 36
12 37 35
09 37 36
08 40 35
03 38 34
07 38 35
14 38 36
13 37 37
11 35 35
14 34 35
15 37 37
17 39 38
17 37 36
17 37 37
17 38 37
14 37 36
15 39 38
16 38 37
16 38 38
16 39 38
12 39 38
08 37 37
05 38 37
01 39 36
06 41 37
11 38 36
11 38 37
12 37 35
11 37 35
13 37 34
15 37 35
18 36 34
18 36 34
17 37 35
17 38 34
18 38 34
16 39 35
15 39 34
13 40 35
10 39 35
09 39 36
02 38 34
03 37 32
12 38 37
12 36 38
12 35 35
13 34 36
14 35 36
15 36 36
14 36 37
15 36 36
16 36 36
16 37 37
17 37 39
18 38 39
19 37 39
18 38 39
14 40 40
11 42 39
07 41 37
03 44 37
09 44 40
13 40 38
10 41 39
13 39 39
13 38 38
15 37 37
16 38 36
17 39 36
18 38 37
17 38 36
19 38 38
17 38 37
14 39 36
12 39 38
12 38 38
11 39 37
06 42 38
10 39 41
14 40 39
14 37 40
13 39 40
14 38 38
16 39 40
17 39 40
17 38 40
18 38 40
17 39 39
16 38 39
17 39 39
17 38 38
16 39 38
12 41 38
11 40 36
02 40 35
00 40 34
09 42 35
08 41 36
08 39 36
11 38 35
15 38 36
18 37 36
19 37 36
18 37 36
17 35 36
17 38 34
17 40 34
14 39 35
13 37 34
11 38 35
08 37 36
01 40 34
02 39 34
12 39 36
14 38 38
12 37 37
13 37 35
15 39 37
18 38 36
18 39 38
18 37 37
18 37 38
18 37 37
16 37 38
17 38 39
17 39 39
15 41 41
12 39 39
08 39 38
01 41 37
02 40 36
09 41 37
15 40 35
14 39 34
12 39 34
12 36 33
13 37 33
17 37 33
16 38 34
17 39 34
17 38 34
16 38 34
17 39 35
16 37 35
13 38 35
09 39 34
04 40 33
01 39 32
08 38 34
16 39 38
12 38 36
12 36 35
14 35 35
15 38 37
18 39 38
16 37 38
17 36 37
17 37 37
14 38 37
16 39 36
15 39 36
16 39 38
15 38 36
12 38 37
02 39 34
00 39 34
09 39 35
11 39 35
12 38 35
11 34 34
11 37 32
14 38 32
14 39 33
15 38 33
16 38 33
16 38 33
16 38 33
15 38 33
15 39 35
13 39 33
13 38 35
11 39 35
08 39 35
02 39 33
06 40 34
15 39 37
14 39 37
12 35 36
14 33 35
17 35 36
16 40 37
18 39 36
18 38 37
17 40 37
16 38 37
16 38 38
17 39 37
16 39 38
15 38 38
13 38 38
11 37 35
02 40 36
04 41 35
10 42 35
13 38 36
14 37 35
13 35 35
11 36 34
11 37 32
12 35 32
13 37 33
13 38 33
13 38 33
13 40 33
15 38 34
12 40 34
14 40 34
