41 36 50
41 36 50
41 37 51
43 35 52
42 35 51
42 36 51
41 36 51
42 36 52
41 35 52
42 37 51
42 35 51
41 36 52
42 36 51
41 34 52
42 35 52
42 36 52
41 37 53
43 36 52
43 36 50
44 38 49
43 39 49
43 39 48
44 40 47
44 40 47
44 41 48
43 39 47
42 39 47
43 41 47
42 39 47
43 38 46
40 41 47
40 42 45
41 42 44
39 41 44
38 45 44
38 42 41
35 43 40
33 44 41
31 45 41
28 46 39
26 48 41
25 49 41
24 47 39
21 43 38
16 44 39
12 46 42
06 46 40
02 42 38
01 43 39
03 47 40
05 44 38
09 39 38
08 36 37
11 39 36
11 39 37
12 40 36
13 42 35
12 40 36
13 40 36
14 39 37
12 38 37
12 38 37
11 38 36
13 36 35
12 38 35
14 36 36
15 36 34
14 38 35
14 38 35
12 36 34
13 37 35
14 37 35
15 38 35
13 37 36
14 37 35
13 38 35
13 39 37
13 39 37
11 39 36
12 38 36
13 39 36
12 38 36
12 40 36
13 38 36
12 38 35
13 37 35
14 38 35
12 38 35
13 37 36
13 39 36
14 37 35
13 38 35
13 37 36
13 38 36
13 37 37
14 38 35
13 38 37
13 38 37
13 39 37
12 38 36
13 38 36
13 38 37
13 38 36
13 38 36
13 37 35
14 38 36
13 40 36
12 38 36
13 37 36
13 38 36
13 37 35
12 37 36
13 38 36
12 38 35
13 38 36
13 37 36
12 38 36
13 37 36
12 38 36
14 37 36
12 38 37
12 37 36
12 38 36
13 37 36
13 36 36
13 37 35
13 37 36
12 36 34
13 37 35
13 37 35
12 37 33
12 38 34
12 37 33
13 39 33
13 39 33
15 40 34
13 38 34
12 41 35
13 42 35
14 42 35
12 41 35
12 41 35
13 39 35
12 41 34
09 40 35
08 39 34
08 39 34
08 38 33
08 37 35
12 36 34
11 36 34
09 35 33
12 37 33
17 35 34
17 35 36
15 34 34
14 34 33
13 33 33
14 33 35
15 35 34
15 37 36
15 36 36
16 37 35
14 37 35
14 37 36
13 38 37
12 38 36
11 38 37
09 38 37
09 41 38
09 38 37
05 40 38
05 40 40
11 37 36
10 37 35
10 35 36
10 37 35
12 36 34
14 38 36
13 35 33
14 37 34
13 36 33
14 35 33
15 36 33
14 35 33
12 36 32
11 37 34
08 36 33
10 36 34
08 34 33
07 37 33
13 36 34
15 37 36
13 38 36
13 38 36
15 36 35
16 36 35
17 37 37
16 38 35
15 38 36
13 39 38
12 37 37
11 38 38
12 39 39
10 39 37
07 40 38
07 39 38
05 41 38
04 40 39
10 40 37
09 39 36
09 37 36
10 38 35
10 38 36
12 37 34
13 35 34
14 36 35
13 37 33
12 36 33
13 35 33
14 36 33
15 36 34
14 36 34
13 36 33
14 39 36
09 36 34
11 36 34
13 37 35
13 38 38
14 38 37
14 39 37
15 37 36
17 38 36
16 36 37
15 37 37
14 38 37
12 39 40
11 38 38
11 39 39
09 39 39
08 41 39
05 39 38
02 39 39
07 38 39
11 38 35
11 38 36
10 40 35
11 37 35
12 35 32
14 37 33
13 36 33
13 38 32
13 37 33
14 36 32
13 37 33
13 36 33
14 38 34
12 37 34
13 36 35
11 36 34
11 37 33
14 37 35
12 39 38
12 39 37
13 40 36
17 37 37
17 36 37
15 39 35
15 39 36
12 41 38
12 41 38
13 40 38
14 41 37
11 40 37
10 40 38
09 40 37
10 39 35
03 40 38
06 41 37
11 39 34
09 38 33
09 37 32
12 37 31
15 36 32
15 37 31
15 38 31
11 37 30
11 37 30
11 36 31
11 36 32
11 37 32
10 37 31
10 37 32
12 34 32
10 34 33
10 35 34
14 37 35
13 35 36
14 35 37
14 35 37
16 35 37
17 35 36
16 35 36
15 37 37
14 38 38
13 38 39
14 38 38
13 37 38
12 37 38
09 39 37
07 39 38
07 39 36
02 39 34
07 40 36
08 38 35
08 37 33
11 37 34
11 36 34
13 36 32
13 35 33
15 36 33
14 36 33
13 36 32
12 36 34
13 35 32
12 36 34
12 36 34
11 35 34
11 36 33
09 37 35
08 37 34
13 37 34
12 38 35
12 37 36
14 37 35
16 37 35
21 37 36
16 39 36
15 37 35
14 37 36
13 39 37
12 39 37
12 39 37
09 38 37
07 39 37
07 38 38
05 40 37
06 40 39
08 40 37
10 38 35
11 38 35
12 37 35
14 36 35
14 38 35
14 37 34
12 36 33
12 36 33
13 35 34
13 37 33
11 37 34
11 35 35
11 36 35
11 34 35
10 35 34
06 36 33
13 37 35
14 37 36
11 36 38
13 38 37
15 37 35
17 37 35
17 37 35
16 36 36
15 37 36
15 39 35
14 37 36
13 38 36
11 37 38
09 36 38
07 38 38
07 38 38
01 39 39
04 40 41
08 39 38
11 37 37
12 37 36
12 39 36
13 38 35
14 37 34
13 36 34
13 36 33
12 36 34
11 36 33
11 35 33
11 37 34
11 36 33
08 32 32
09 28 31
04 31 31
13 35 35
13 36 35
10 34 35
11 35 35
16 35 33
17 35 36
17 37 37
16 38 36
16 37 36
14 37 38
12 38 38
11 39 38
10 39 38
08 40 37
09 39 40
02 39 38
02 42 41
08 39 36
11 38 35
09 37 35
08 38 35
11 37 34
14 36 34
14 35 34
14 36 34
13 36 33
11 35 33
14 35 33
13 35 33
10 37 33
12 36 34
13 35 35
10 36 35
10 37 34
15 36 36
14 37 36
13 37 36
12 37 35
14 38 36
16 37 37
16 38 37
14 37 36
14 38 37
12 38 37
14 38 39
13 38 38
10 39 39
08 39 38
07 39 38
04 39 37
01 41 40
11 41 38
12 38 37
08 38 36
08 38 36
12 36 35
13 36 35
14 36 35
12 36 35
14 36 33
12 36 33
11 35 33
12 35 33
12 36 33
11 36 33
14 35 33
12 35 35
08 35 33
11 35 33
13 36 36
12 37 36
11 38 37
17 37 37
19 37 36
22 37 37
17 39 36
14 39 37
12 38 37
12 40 37
10 40 39
08 41 39
05 38 39
05 38 38
00 41 40
07 41 40
10 37 35
11 38 37
11 36 36
13 38 36
11 36 35
15 36 35
13 35 34
13 36 34
13 36 33
12 36 34
15 36 33
15 35 34
14 36 34
14 36 34
12 35 33
05 37 33
13 36 34
14 37 36
14 35 37
12 37 35
13 37 36
14 36 36
15 37 38
15 39 38
15 39 37
14 38 39
13 38 38
12 38 38
10 39 38
06 40 39
06 39 39
03 38 38
00 39 41
09 39 36
11 36 36
09 36 36
11 37 36
11 37 35
12 35 34
12 37 34
11 35 33
13 36 33
14 36 34
15 36 35
15 37 35
15 37 34
13 37 34
14 37 35
12 35 36
07 37 33
13 35 34
12 38 36
14 39 38
13 39 37
14 37 35
14 38 37
15 37 36
14 39 37
12 39 37
12 37 38
13 39 39
12 39 39
10 40 38
08 39 39
09 41 39
02 41 38
02 40 40
10 39 37
10 38 34
10 38 34
10 38 33
11 36 34
14 37 33
13 37 33
13 35 31
12 35 32
11 35 32
11 35 32
11 36 32
10 37 34
12 37 34
11 35 34
10 37 34
12 35 34
16 36 35
15 39 37
15 39 40
14 39 38
16 37 35
17 36 37
16 37 37
13 37 37
11 38 38
13 38 40
13 40 39
13 39 38
12 41 39
10 42 38
11 40 38
07 41 38
03 42 39
05 41 33
05 40 32
04 39 32
07 39 30
13 37 30
16 37 30
15 37 30
14 36 31
11 36 32
12 36 32
14 35 32
15 34 33
15 36 34
14 38 34
16 37 35
11 37 35
09 36 35
09 37 34
13 38 37
14 38 37
14 39 36
14 38 36
15 37 35
13 36 35
14 38 37
13 39 37
13 39 38
13 38 38
13 38 38
10 40 37
08 40 37
06 40 38
04 39 37
01 40 38
07 41 36
11 39 35
10 38 34
10 38 34
09 36 35
12 36 35
13 36 35
13 35 33
13 36 33
13 35 32
14 35 32
12 35 33
15 36 34
15 37 33
13 36 34
15 33 35
14 35 35
09 36 34
10 37 34
13 36 35
12 37 36
14 39 36
14 38 37
15 38 37
16 36 36
14 39 36
13 39 37
12 39 38
13 39 38
11 39 38
10 40 39
08 42 39
09 40 38
01 41 40
04 40 40
06 38 36
07 37 35
06 36 35
09 35 34
10 35 34
12 34 34
13 36 34
13 35 33
14 35 32
14 35 34
15 35 32
14 36 33
13 36 34
14 36 34
11 35 34
08 38 34
14 35 36
14 37 38
12 37 37
11 36 35
11 36 35
15 36 38
13 38 36
13 37 37
11 39 37
12 38 38
11 39 39
12 40 39
09 39 39
07 42 39
09 41 38
05 40 40
01 40 41
09 39 37
08 36 36
06 37 35
08 37 35
12 36 35
12 36 35
12 36 34
12 36 33
13 36 33
13 36 32
15 35 33
15 35 34
15 37 34
12 37 33
15 35 34
09 35 34
08 36 33
14 36 35
12 38 37
11 38 38
12 38 35
15 37 38
15 38 37
14 39 37
14 39 37
12 39 38
12 39 39
12 38 39
11 40 38
09 40 38
09 40 39
06 38 37
01 42 40
09 40 37
10 38 35
09 37 36
09 38 35
10 36 34
13 35 33
13 35 34
14 35 33
13 36 33
12 36 33
13 36 33
15 36 33
14 36 34
14 36 32
15 36 35
14 35 34
08 35 34
13 37 36
13 37 36
11 36 37
13 38 37
13 38 37
14 37 38
18 38 36
15 38 36
13 39 39
13 39 38
11 40 40
12 39 40
12 41 40
09 40 39
08 40 39
09 39 37
03 41 39
07 40 37
07 39 35
06 36 35
06 37 35
09 37 34
11 39 34
14 35 33
13 35 32
14 35 33
12 34 33
15 35 33
16 35 32
16 39 32
14 36 33
14 33 34
12 35 34
08 35 35
11 36 36
14 36 37
12 38 38
10 39 38
09 39 37
11 37 39
13 36 38
14 38 37
13 38 37
12 38 37
12 39 37
13 40 38
13 41 38
11 41 38
10 38 39
09 39 37
02 40 38
05 40 36
09 38 35
08 38 35
07 38 35
09 36 33
11 34 32
11 34 34
10 34 34
11 35 32
11 35 32
14 35 33
14 36 34
17 36 33
18 36 34
17 36 35
17 36 35
15 35 34
11 36 34
15 36 35
13 37 37
12 38 39
07 39 37
09 38 36
11 38 37
10 39 37
11 40 37
13 39 37
12 40 37
12 40 36
14 40 37
14 38 37
13 41 37
12 39 38
12 39 37
10 39 37
04 39 39
04 38 37
09 38 35
11 36 35
09 37 34
06 35 33
08 34 32
10 35 32
12 35 32
12 36 32
13 36 31
14 36 31
15 37 33
18 36 32
17 36 32
15 36 32
16 38 33
16 38 34
14 39 34
13 39 34
13 39 35
14 38 36
12 39 36
12 39 37
11 39 36
10 38 37
11 36 37
11 36 37
11 38 38
11 39 38
11 37 37
11 38 37
13 37 37
13 37 37
12 37 37
12 38 36
13 36 36
13 36 35
14 36 36
12 37 35
13 36 36
13 38 35
13 37 35
13 36 35
12 36 34
13 35 36
13 37 36
13 35 36
13 37 36
12 37 36
13 39 36
11 37 35
13 37 36
13 37 35
11 39 36
12 37 35
12 37 35
13 38 35
12 37 36
13 38 35
12 36 35
12 37 35
13 37 35
13 38 36
13 37 36
12 37 36
12 39 36
13 37 35
13 37 35
13 38 36
12 37 36
13 38 36
12 36 36
13 36 36
12 37 36
12 36 35
13 39 35
13 36 36
12 38 35
11 38 36
13 39 35
12 36 35
13 37 36
12 37 35
13 38 35
13 38 36
13 37 36
13 37 36
14 37 35
11 37 37
13 37 36
13 36 36
12 38 35
12 37 35
12 37 36
13 38 36
13 38 35
12 36 37
12 37 35
13 37 36
13 37 36
12 37 35
13 37 36
12 38 36
12 37 37
13 37 36
12 38 36
14 37 37
13 36 36
12 37 35
12 38 36
13 37 36
13 37 36
13 37 36
12 37 35
13 37 35
13 36 36
13 37 37
12 38 35
14 37 36
12 37 36
12 37 36
12 38 35
13 37 36
13 38 37
12 38 37
12 38 36
13 37 36
13 36 36
12 38 36
13 39 35
12 37 35
13 36 36
13 38 37
12 38 36
13 37 36
11 37 36
12 37 35
14 38 35
13 37 35
11 37 36
12 37 35
12 38 36
13 38 35
12 37 37
13 37 36
11 38 36
13 38 36
13 39 35
12 37 36
13 38 36
13 38 36
12 37 36
14 37 36
12 37 36
13 38 35
13 37 36
14 41 37
12 42 37
13 44 38
12 47 40
10 49 40
08 53 41
05 59 41
02 59 40
08 54 40
14 54 39
15 54 38
17 50 37
20 47 36
25 42 36
29 42 36
32 39 36
36 37 36
37 36 39
41 33 42
42 33 43
42 33 46
43 32 47
41 33 52
39 35 52
39 37 54
41 35 53
41 36 52
41 36 52
43 37 52
42 37 51
43 36 52
42 36 52
42 37 51
40 37 52
40 36 52
40 35 53
40 35 53
41 35 54
39 34 51
41 36 50
39 35 51
40 36 51
40 36 51
39 36 53
40 36 52
40 35 52
