12 37 32
12 37 32
12 37 32
14 35 32
33 32 15
14 37 33
14 36 33
13 37 33
13 38 33
14 38 33
13 37 34
13 36 34
15 41 37
14 42 37
14 43 37
14 43 36
16 44 35
15 44 34
14 44 34
11 45 33
11 42 33
13 41 33
11 41 33
14 42 32
13 42 33
13 41 33
12 40 32
13 39 32
12 39 32
12 38 31
13 38 30
12 36 30
12 36 31
12 35 31
11 35 31
10 34 31
10 34 30
08 35 32
05 34 32
10 33 32
14 34 32
17 35 33
15 37 33
15 39 33
18 39 34
18 40 34
16 40 36
15 40 35
14 40 35
14 38 35
13 37 35
14 38 34
16 39 36
15 40 35
13 40 35
09 39 35
05 39 34
03 37 31
02 38 32
10 39 33
16 38 34
13 38 34
13 38 35
14 35 34
14 36 34
15 37 33
15 35 32
15 37 32
15 37 31
14 39 31
15 38 32
14 37 32
11 37 31
07 36 33
09 37 33
05 34 32
06 35 31
08 35 32
10 36 34
12 35 32
14 34 33
14 34 33
15 37 35
16 37 36
19 36 35
19 37 36
19 38 35
16 37 35
15 37 35
11 38 35
11 40 36
13 39 35
12 38 36
11 39 36
10 39 36
07 38 34
02 38 33
02 39 34
03 40 33
09 41 34
13 37 34
14 38 34
12 39 32
15 37 31
17 34 31
17 34 31
18 34 31
17 36 31
17 37 30
15 38 31
16 37 32
15 37 31
12 38 31
09 38 32
09 38 32
10 38 33
08 38 33
06 40 33
07 40 35
13 37 35
13 35 35
16 34 33
15 35 34
17 39 36
19 38 35
20 38 35
19 38 36
17 39 36
14 39 37
13 38 36
15 38 36
12 39 36
11 39 35
09 39 35
11 39 35
05 41 34
01 41 36
04 40 35
09 37 33
11 33 35
11 36 33
10 38 34
13 37 31
17 35 31
17 36 32
18 37 32
18 37 32
17 38 32
17 39 32
16 39 33
15 38 32
12 37 32
11 38 33
10 40 34
11 39 35
07 38 34
06 38 32
05 40 35
08 40 37
12 37 37
13 35 34
15 36 34
17 37 36
20 38 35
18 39 35
19 38 36
18 39 35
16 38 35
15 39 36
15 39 36
12 40 36
10 39 36
08 40 36
09 39 35
06 38 34
03 40 35
00 43 35
04 40 33
08 38 32
12 35 33
12 36 32
16 37 32
20 37 30
20 36 29
19 36 30
17 36 30
15 37 31
15 36 31
15 38 32
15 37 32
14 38 32
10 37 31
12 37 31
12 37 33
08 38 31
07 39 30
07 40 33
11 37 34
11 34 34
12 35 32
13 38 33
15 39 36
17 38 36
19 37 35
19 39 35
20 37 35
16 36 36
15 41 35
13 38 36
14 36 35
11 38 36
10 38 36
09 38 35
08 39 34
06 40 33
05 41 34
04 41 34
07 38 35
10 40 35
10 39 34
11 38 34
17 37 31
17 34 32
18 35 32
17 37 32
16 38 32
16 38 32
16 37 33
18 37 33
16 37 33
13 39 33
09 38 32
10 38 34
09 37 34
05 36 32
05 41 34
05 40 37
12 38 37
14 36 35
16 37 34
14 39 35
16 40 35
19 39 35
20 38 35
20 40 34
17 38 36
15 39 35
13 39 35
14 39 36
12 37 37
12 40 38
09 40 36
08 38 35
04 38 35
02 39 35
00 42 37
03 41 35
11 38 34
13 38 36
12 38 36
13 39 34
15 36 32
18 34 32
20 36 33
17 37 33
16 37 32
17 38 31
17 37 32
16 36 33
14 37 33
11 37 32
10 37 33
11 37 34
10 36 34
05 36 33
04 39 35
06 39 36
13 37 38
14 36 35
16 37 35
14 39 34
17 38 36
20 37 35
20 36 36
17 38 35
18 39 35
17 38 36
13 39 36
14 38 36
13 38 37
10 38 39
08 38 39
08 37 38
05 38 36
02 40 38
02 39 37
05 40 34
11 39 36
10 37 34
10 39 34
12 39 33
17 36 32
18 35 32
19 34 32
17 36 33
15 37 32
16 36 32
15 37 33
17 35 34
14 36 33
13 38 32
11 38 33
12 38 34
11 37 35
09 37 33
05 39 34
04 38 35
09 37 37
12 38 37
14 36 36
15 37 36
16 39 36
17 40 37
18 37 37
18 38 36
16 36 38
15 37 39
15 40 38
15 39 37
15 35 35
12 37 35
10 37 38
08 39 36
08 38 35
04 37 34
01 40 37
05 40 36
12 38 34
14 36 34
12 36 33
11 37 33
13 35 32
18 34 32
17 36 32
19 37 31
17 37 33
18 37 31
18 37 33
16 37 33
13 35 33
12 37 33
09 38 33
09 38 33
12 39 35
10 38 34
09 39 34
04 38 35
05 38 37
12 36 38
14 32 35
15 34 35
15 36 35
18 37 36
18 38 36
18 37 35
18 38 35
19 38 36
14 36 36
14 39 36
15 36 37
15 39 36
13 37 36
10 39 37
08 38 36
07 36 34
01 39 36
02 40 37
05 39 36
10 36 38
12 37 35
11 36 36
11 35 34
13 33 33
16 32 32
17 32 31
16 35 31
16 35 30
17 38 31
16 38 32
17 38 32
15 36 31
12 35 32
10 36 32
09 37 34
07 38 33
04 36 31
03 37 33
10 37 35
13 35 36
13 35 34
14 36 35
14 35 35
17 36 36
18 38 37
18 36 37
18 34 39
16 34 39
13 39 36
12 39 34
12 38 34
13 37 35
13 37 35
12 39 36
10 38 34
10 37 34
07 38 35
03 40 35
03 39 34
09 37 33
11 36 33
10 39 34
09 38 35
13 33 34
15 35 32
17 35 32
18 34 31
18 35 31
18 37 32
16 37 31
17 37 32
14 37 32
12 40 31
10 39 31
10 39 34
09 40 37
06 36 36
07 34 34
09 37 36
10 35 35
13 36 34
15 38 35
17 37 35
17 37 37
18 37 35
20 38 37
19 37 36
18 38 34
16 37 35
16 38 34
13 37 34
12 38 36
11 37 37
11 38 37
09 38 38
09 36 37
08 38 36
05 39 36
03 37 36
05 38 36
09 37 34
10 36 35
09 36 34
11 36 34
16 34 32
17 33 31
18 34 32
19 38 32
18 36 31
17 40 31
17 38 33
14 36 33
12 37 32
10 38 32
08 38 33
09 38 34
09 38 33
08 37 34
05 36 34
06 38 35
11 37 35
15 35 34
13 36 35
13 37 35
16 37 36
19 37 34
19 35 35
18 37 35
18 37 35
16 37 34
14 39 34
13 39 35
12 38 36
09 38 35
09 38 36
08 38 35
04 36 34
02 37 35
02 41 35
06 38 35
11 37 34
12 35 34
12 35 34
13 35 35
16 33 33
18 34 32
17 35 31
18 36 31
16 36 31
16 37 30
16 37 31
15 37 33
13 37 32
10 37 32
09 38 32
10 37 34
05 37 33
03 36 32
06 37 35
12 35 35
14 33 34
12 33 33
13 35 34
15 37 36
18 37 35
18 37 34
18 36 34
18 36 34
15 37 35
14 37 34
14 37 34
12 37 35
12 39 35
10 40 36
11 38 36
08 37 34
01 38 33
00 39 33
06 39 33
09 38 35
10 37 33
12 39 34
14 36 33
17 36 34
19 32 34
20 34 33
19 33 33
17 36 32
15 37 30
15 38 31
14 37 33
11 37 33
10 37 33
09 38 34
10 37 34
12 35 35
08 35 32
04 37 31
08 38 34
13 37 36
12 36 36
13 36 35
12 35 35
14 36 36
18 35 36
18 36 36
18 36 34
16 37 36
13 37 35
13 38 35
13 37 36
13 36 35
13 36 34
12 36 36
11 37 35
10 36 34
07 36 34
04 39 34
05 40 35
09 38 35
10 37 33
08 38 34
09 40 35
15 39 32
17 34 34
18 36 34
17 37 35
15 36 34
16 37 34
15 37 34
15 37 34
12 37 32
13 38 34
10 38 33
11 37 34
14 37 34
12 38 34
07 37 33
06 37 34
04 37 35
09 35 36
13 34 35
13 35 35
12 34 35
14 36 36
18 35 36
17 35 35
17 37 36
16 37 35
16 36 36
14 37 36
15 38 36
13 37 35
13 37 35
11 37 37
09 37 37
10 37 35
09 36 36
05 38 37
02 39 36
03 39 35
12 37 35
14 38 34
12 38 36
11 39 36
13 39 33
15 35 34
17 35 33
17 37 33
17 37 33
17 38 33
17 37 33
17 36 32
16 37 33
14 38 32
11 36 32
12 37 32
11 37 34
08 37 35
05 38 34
07 36 32
07 38 35
07 38 37
11 37 37
12 36 36
12 35 35
14 37 37
16 38 37
18 35 38
19 34 38
20 37 39
18 40 37
16 43 36
12 41 33
14 39 33
14 37 34
12 36 35
09 37 36
09 38 36
09 36 34
02 36 35
01 40 35
06 40 37
12 37 35
14 35 34
12 36 34
11 38 35
12 36 33
17 36 32
17 36 33
17 37 33
16 37 33
16 36 33
17 37 32
18 35 33
16 36 34
11 38 32
09 39 34
09 39 35
09 39 36
07 37 37
04 36 34
02 40 37
08 37 38
15 37 37
14 35 36
15 36 34
14 38 35
16 37 35
19 36 35
20 37 35
19 37 35
19 37 35
17 38 34
16 37 35
14 39 35
14 38 35
11 36 36
08 39 38
09 37 37
08 36 36
04 36 35
00 39 38
02 40 38
10 37 36
13 36 35
11 35 34
11 35 35
14 35 33
17 34 31
17 36 31
18 37 33
18 37 33
17 36 32
14 37 33
15 37 33
14 37 33
13 38 32
11 37 34
10 37 33
12 38 36
11 38 35
07 36 34
03 36 33
02 38 37
10 36 37
14 34 35
14 34 36
13 36 35
15 39 36
16 39 36
17 37 35
19 37 37
18 35 37
17 36 37
16 38 36
15 37 35
16 35 36
13 34 36
10 37 36
08 37 36
09 37 35
07 36 33
02 38 35
01 41 37
07 40 36
14 36 34
14 35 33
10 38 35
11 38 35
12 35 32
16 34 32
17 35 32
16 34 32
15 37 32
16 37 32
16 37 31
18 37 32
14 37 32
12 37 33
12 38 34
12 38 34
11 38 37
07 38 35
05 37 34
01 38 35
09 37 37
15 36 36
16 34 35
14 35 34
13 35 35
14 38 36
15 37 36
17 38 36
18 37 36
18 37 36
18 39 35
15 39 36
13 39 35
12 39 35
12 38 37
11 38 37
09 36 36
12 35 35
11 36 36
06 37 35
05 38 34
03 39 35
07 38 35
15 37 35
14 37 35
14 38 33
11 37 34
13 34 31
15 35 31
14 34 30
13 35 30
14 36 30
13 36 31
14 37 31
14 37 31
12 37 33
11 39 33
10 38 32
12 38 35
14 39 35
13 38 35
14 37 35
13 38 35
10 37 34
08 38 34
04 38 33
06 37 32
12 38 34
15 37 34
13 37 35
13 39 35
13 37 34
14 35 33
14 36 34
13 36 36
13 37 36
14 36 35
14 36 37
14 37 36
15 36 37
15 38 37
16 38 36
15 36 37
14 36 36
14 39 37
13 36 36
14 37 35
11 36 36
10 38 35
12 40 35
15 39 35
17 40 34
16 41 35
15 40 34
09 42 35
06 42 34
06 42 35
08 40 34
09 43 34
11 46 36
14 47 38
15 46 36
18 47 34
16 51 38
16 51 36
15 53 34
18 52 35
21 51 35
22 53 35
23 55 33
25 53 32
24 54 32
25 54 32
28 55 29
29 55 30
33 53 30
36 50 30
37 50 29
38 47 31
40 43 32
38 40 31
40 35 27
38 36 27
36 37 24
36 39 22
32 46 23
26 55 28
22 63 38
22 63 52
14 58 57
11 49 34
22 49 39
11 50 43
10 50 48
15 44 48
15 41 48
15 40 46
22 44 49
18 47 44
18 44 42
20 45 41
19 46 43
19 46 44
20 45 42
21 45 41
19 46 41
19 46 40
19 46 40
19 46 41
18 48 41
20 48 42
21 48 40
21 49 40
22 48 42
20 48 42
21 49 42
21 51 41
20 51 40
23 53 42
23 53 39
24 54 35
25 56 37
26 54 34
26 54 31
29 53 28
32 49 22
31 49 18
27 47 17
22 47 17
19 50 18
17 51 22
14 50 25
14 50 30
13 48 35
12 48 33
08 50 38
11 49 37
13 48 38
13 45 42
16 46 43
19 45 42
23 45 40
22 46 39
23 48 37
21 51 37
22 50 37
21 47 38
21 47 38
20 46 39
20 48 37
20 49 37
19 47 39
19 45 38
19 42 38
18 44 38
15 45 38
14 44 39
14 44 39
14 45 41
12 43 40
14 42 40
15 44 40
16 41 39
16 43 40
15 40 40
14 40 41
13 40 40
14 40 40
14 39 40
14 38 39
13 39 38
14 38 37
13 38 38
13 38 39
13 38 39
12 38 38
14 39 38
12 34 40
12 34 39
14 35 40
12 36 39
13 36 38
13 38 38
12 37 38
12 38 36
13 39 36
13 37 38
13 39 37
13 38 37
12 37 36
13 38 37
13 37 38
13 38 38
13 37 38
13 38 39
12 38 38
13 37 38
13 37 37
12 38 37
12 36 37
12 37 37
12 37 39
13 36 37
12 36 37
13 36 39
12 35 38
12 37 37
12 36 37
13 36 38
13 37 38
13 38 37
14 38 38
14 37 37
13 37 38
13 38 38
