12 33 32
12 36 33
12 37 33
11 36 34
12 37 33
12 37 33
12 37 32
12 35 32
13 37 33
12 37 33
13 37 33
13 36 33
12 37 33
12 37 33
11 37 33
13 37 34
13 38 34
13 38 34
13 38 34
12 37 34
13 36 33
12 37 33
11 37 33
11 36 33
13 36 34
13 37 34
11 36 34
10 37 35
10 36 34
14 37 36
14 36 35
15 36 35
14 37 36
16 36 36
14 35 35
14 37 35
14 36 36
12 38 35
13 38 34
11 38 34
10 38 34
11 37 34
10 37 32
09 37 31
09 38 33
11 37 32
13 36 31
16 36 32
15 36 31
15 36 30
12 38 30
13 36 28
13 37 29
14 36 29
13 37 30
12 36 29
13 35 29
12 36 29
12 37 30
10 35 31
07 33 29
06 36 31
09 38 32
13 35 31
16 31 30
14 32 31
13 34 31
12 34 32
12 33 32
13 34 32
14 35 33
13 34 33
14 34 34
15 34 33
13 35 34
12 36 33
13 36 33
11 34 31
12 32 31
06 35 31
05 34 31
09 33 30
12 32 29
15 33 31
15 33 29
12 33 26
11 34 27
11 34 28
14 33 28
13 33 28
13 36 29
14 37 31
13 35 30
13 36 30
13 36 29
12 34 29
11 35 29
11 36 29
12 34 29
11 35 30
08 32 28
06 33 28
10 34 28
13 32 28
15 30 28
14 32 29
13 32 29
12 31 31
13 34 31
13 32 30
12 32 31
14 33 31
14 32 30
14 34 31
15 34 30
13 32 29
14 32 30
11 33 28
12 31 28
12 30 28
07 32 27
07 30 27
11 28 28
13 28 28
11 30 29
10 31 30
10 31 29
12 29 28
13 30 30
13 31 29
15 29 29
14 30 28
15 30 29
14 31 28
14 31 31
08 28 28
09 29 29
10 30 31
11 29 30
09 32 32
09 32 32
11 32 33
13 32 34
14 32 33
13 32 33
14 32 32
14 33 33
15 33 32
14 32 31
11 30 30
12 30 30
11 28 28
07 32 28
04 29 27
12 31 28
15 30 29
13 30 29
13 30 29
12 29 27
12 27 27
14 27 27
12 29 27
14 28 27
13 29 28
14 29 27
13 30 26
13 31 27
12 32 28
12 30 28
12 31 27
10 31 28
11 32 28
09 30 28
04 31 26
10 31 28
15 30 29
16 28 29
15 28 29
13 28 29
12 28 29
12 28 29
11 29 29
12 30 29
13 30 30
14 30 30
13 30 29
13 31 30
13 30 29
13 31 29
12 33 29
12 31 30
10 29 29
06 30 27
04 29 26
09 30 27
12 30 30
15 30 30
15 31 29
10 32 27
12 30 28
16 34 31
14 35 30
13 33 30
15 33 29
14 32 27
13 34 27
11 33 23
12 32 24
07 30 23
05 33 26
06 35 30
10 31 33
12 26 34
10 28 32
08 30 36
11 33 37
15 30 33
16 33 31
14 38 32
12 40 33
12 39 31
13 39 30
13 41 31
13 40 31
13 41 30
12 39 29
07 36 29
05 36 29
06 33 27
13 32 30
15 33 31
13 32 30
11 30 27
10 29 27
12 28 27
14 29 29
13 30 29
11 35 30
12 37 31
13 36 31
10 34 32
11 38 31
08 39 31
08 38 30
08 38 30
05 37 29
08 37 29
13 39 31
14 38 31
14 35 30
11 34 30
07 35 30
08 35 29
11 34 30
13 34 30
13 33 30
15 31 32
17 30 33
17 31 33
15 33 33
15 34 34
15 36 34
14 36 33
07 35 31
00 37 29
02 39 28
10 41 31
14 39 31
12 36 31
11 39 30
11 38 30
14 38 30
15 38 31
14 38 30
14 39 30
14 36 29
12 35 31
12 35 31
10 35 30
10 35 31
08 33 32
06 30 29
08 30 30
12 35 30
15 33 31
13 34 33
11 34 33
13 31 31
12 31 31
12 35 32
11 37 32
14 34 31
13 38 33
15 36 32
15 38 32
14 39 32
12 38 32
12 38 32
11 36 32
07 37 31
02 38 29
08 35 29
11 37 29
09 37 29
07 34 27
09 36 28
10 36 28
14 34 26
15 33 28
16 33 28
18 33 30
15 33 30
16 34 30
14 36 30
13 35 32
13 38 30
10 38 30
05 39 29
01 35 26
03 41 28
09 40 29
15 38 30
15 36 30
12 37 31
12 35 30
14 35 34
14 38 35
14 37 33
13 39 33
13 38 33
12 37 33
12 38 33
12 38 34
12 41 34
12 40 32
12 37 32
11 38 31
10 35 31
07 36 32
07 36 32
11 36 31
14 34 31
14 35 33
12 33 31
10 32 30
12 33 29
12 36 30
13 35 31
11 36 30
11 37 30
13 37 30
12 36 29
11 36 29
13 35 29
12 36 30
11 35 31
10 36 30
08 37 29
10 40 32
11 38 32
11 36 32
10 37 33
09 37 33
09 36 34
07 38 31
08 35 33
08 35 33
11 32 32
14 32 33
13 32 33
17 32 33
16 31 34
16 31 33
14 33 34
12 39 33
12 38 33
12 37 33
07 37 31
04 42 31
05 38 28
09 35 26
13 36 30
15 36 30
12 34 30
13 32 30
14 35 30
12 36 31
11 37 31
10 35 30
11 34 28
11 35 28
10 35 32
12 36 31
11 34 32
11 32 31
12 32 30
11 32 30
11 33 31
12 32 31
15 37 32
13 38 33
13 37 33
11 37 30
11 36 31
12 39 30
13 40 31
12 40 33
13 39 32
12 39 33
13 37 33
12 38 33
11 36 33
12 36 34
11 33 34
11 33 34
11 33 33
11 32 34
11 33 34
12 33 33
12 34 33
12 32 33
13 34 33
11 34 33
11 35 33
12 35 32
13 35 32
13 35 33
13 35 33
12 36 33
13 35 33
13 36 32
11 37 32
11 35 32
12 35 31
12 35 32
11 36 32
11 36 32
11 36 32
12 36 32
11 36 32
10 36 31
12 37 31
12 37 30
12 36 32
12 36 30
11 36 31
13 37 31
12 37 32
11 36 32
12 37 32
12 36 31
12 37 31
12 37 32
12 37 33
12 37 32
11 37 31
11 37 33
14 37 32
14 38 31
13 37 33
12 38 34
12 38 35
13 38 35
12 35 35
12 37 34
12 38 34
14 36 35
12 37 35
11 37 35
11 37 35
13 36 35
13 36 35
12 39 35
13 36 35
14 36 36
13 36 35
13 36 34
12 36 34
13 38 35
12 37 34
13 37 35
11 37 34
14 38 34
