36 39 47
37 39 44
38 43 45
36 40 44
37 39 42
35 40 43
32 40 41
32 40 40
28 44 42
24 48 45
23 48 42
19 49 43
14 49 43
11 49 37
09 51 37
07 47 37
04 45 37
05 43 35
09 40 35
10 41 36
11 41 35
13 39 35
14 40 34
15 40 35
16 40 36
14 40 34
14 38 35
11 39 35
07 40 34
07 39 33
06 40 32
01 40 32
09 38 33
18 36 36
16 35 36
13 40 34
14 38 30
13 34 30
15 37 31
15 39 33
16 39 32
16 35 33
17 34 33
16 34 34
16 36 33
16 37 34
12 40 32
09 39 32
05 39 31
00 38 27
01 39 28
12 36 29
10 31 27
13 34 27
14 33 28
13 34 30
12 36 33
12 42 35
13 37 32
13 36 32
15 38 34
14 38 32
15 38 33
16 36 35
12 34 36
08 34 32
07 32 31
04 31 30
05 34 30
03 39 30
11 35 32
18 30 32
10 32 32
08 26 27
12 27 29
15 30 32
14 33 33
15 33 31
14 33 32
15 36 33
16 36 34
15 37 35
15 35 36
12 38 35
11 36 35
09 36 36
08 38 35
04 38 35
00 37 38
08 38 36
12 34 34
12 33 30
11 32 30
12 35 29
14 37 30
14 37 31
14 37 31
15 38 32
15 38 33
15 38 32
15 37 32
16 38 33
12 37 33
10 37 32
08 37 34
02 37 33
03 39 34
12 36 35
13 36 37
11 36 35
13 34 31
13 33 31
15 36 34
17 38 35
18 38 35
18 38 36
17 39 37
15 41 37
13 41 38
12 41 38
11 41 38
11 39 37
10 41 39
05 42 38
03 42 37
09 39 36
10 38 35
09 39 33
09 36 31
11 36 30
11 38 30
13 38 31
15 38 31
17 38 31
18 38 32
17 40 32
16 38 32
16 41 34
13 42 35
14 42 35
14 45 36
11 47 35
09 45 37
07 48 39
09 46 39
11 46 38
11 47 41
10 49 40
14 50 41
16 46 43
19 46 42
21 46 42
23 45 44
25 41 44
28 40 44
29 41 44
32 37 45
30 42 46
34 43 48
34 39 47
37 43 47
39 41 48
38 40 48
38 37 47
39 43 49
38 42 49
35 41 49
35 38 49
34 41 51
33 39 53
36 36 52
35 38 51
38 36 52
36 37 52
38 36 52
38 36 52
38 36 52
37 38 51
37 37 52
35 36 55
35 37 54
34 34 52
36 34 51
37 36 50
38 38 48
40 37 48
42 38 46
