38 35 48
38 33 35
39 41 49
39 41 49
39 40 46
38 38 44
38 43 48
35 43 46
33 40 44
32 39 47
30 44 50
27 40 45
25 43 46
21 42 47
20 40 48
17 42 48
12 40 50
13 37 48
15 38 48
18 38 48
17 36 44
17 38 44
15 38 42
11 37 41
11 38 39
09 40 39
09 37 37
08 36 35
08 35 36
10 36 36
10 38 37
10 39 36
09 37 38
08 38 37
10 37 37
12 38 36
13 38 37
10 37 36
09 36 34
08 37 33
08 37 32
10 36 32
10 36 32
13 36 32
14 36 32
16 36 33
16 35 32
15 36 32
16 36 34
12 34 33
11 36 35
07 35 33
06 34 35
05 33 34
11 34 37
14 35 38
13 36 37
11 34 35
13 33 36
14 33 36
15 37 36
18 37 36
16 37 37
15 37 37
14 36 37
15 37 36
14 36 37
12 36 36
11 37 38
05 35 38
03 35 37
00 39 37
04 36 36
09 35 35
09 34 33
08 36 34
10 35 32
14 34 33
16 34 33
17 36 33
16 37 33
15 37 34
16 37 34
16 35 34
16 36 34
14 36 33
11 36 34
07 36 35
06 35 34
03 35 34
07 36 35
14 35 36
11 35 38
12 35 37
11 34 34
14 33 33
15 35 35
16 35 34
15 34 37
16 36 36
15 36 36
16 36 36
16 37 37
14 34 37
12 35 38
10 36 36
08 36 35
05 36 35
05 35 37
05 36 37
10 36 35
09 36 34
09 37 35
12 37 35
13 35 35
12 36 34
13 36 34
13 35 35
14 35 34
14 36 34
14 35 34
15 35 34
15 35 34
13 35 34
10 35 34
08 35 33
04 37 34
06 35 34
11 34 36
12 35 37
13 37 38
12 32 36
13 33 34
14 32 36
15 34 34
16 35 35
15 35 36
15 35 36
15 35 36
15 34 36
13 35 37
11 35 37
11 34 39
08 35 37
07 36 38
03 36 37
07 36 38
12 38 38
11 38 37
11 36 36
10 36 35
10 37 35
15 35 34
14 36 33
15 35 33
15 35 32
12 35 33
14 36 34
14 36 33
12 34 34
10 35 35
09 36 35
08 33 35
05 34 36
09 33 35
12 32 39
12 36 42
13 33 41
16 32 39
17 32 40
18 36 39
20 36 40
18 35 40
16 38 41
16 39 40
16 38 40
15 39 40
15 39 40
13 38 41
10 39 40
10 38 40
06 39 39
04 39 38
08 39 36
11 37 35
12 36 34
12 37 35
14 38 33
14 37 33
15 36 35
16 37 33
15 37 35
15 37 35
14 36 34
14 36 35
13 36 35
13 35 36
13 36 35
11 34 35
08 33 35
08 34 36
05 35 36
08 34 36
13 33 35
14 35 35
15 34 34
13 35 34
16 34 35
14 36 35
14 38 34
16 36 37
13 39 39
12 40 37
10 36 36
11 36 36
13 34 36
12 35 37
12 35 37
13 36 35
13 35 35
11 35 36
11 37 37
08 37 37
09 37 39
10 36 35
08 37 34
09 34 33
09 34 34
08 34 33
12 34 33
11 36 33
13 37 33
15 37 32
15 37 33
16 35 33
16 34 34
16 36 32
15 36 33
13 35 33
10 36 35
04 36 35
04 34 35
07 34 34
13 34 36
12 35 36
09 34 35
11 33 36
13 33 35
14 37 35
16 35 36
16 36 35
17 36 36
16 35 35
16 36 36
15 36 36
13 36 37
13 35 37
11 35 36
11 35 37
06 36 37
03 36 36
03 37 37
08 34 36
07 36 34
09 35 35
09 33 35
09 36 34
12 35 34
12 34 33
14 36 33
14 35 34
15 34 33
16 35 34
15 34 34
16 35 34
16 34 34
12 35 35
09 34 34
07 35 33
04 34 32
09 36 35
13 35 37
11 34 33
10 36 35
10 35 35
13 35 36
16 36 36
16 38 36
14 41 38
14 39 37
16 37 38
14 38 38
14 37 37
13 36 37
11 36 37
09 34 36
05 35 34
06 37 39
05 32 40
07 34 38
11 38 37
12 38 39
09 37 37
09 34 33
11 36 34
11 37 34
13 37 32
13 36 32
15 35 32
15 35 33
17 34 33
16 35 33
15 34 34
15 33 33
13 35 34
08 34 34
05 33 34
01 32 34
09 31 32
13 31 36
12 32 38
12 33 38
13 32 36
15 32 37
15 35 37
17 35 35
17 36 37
16 36 37
16 36 36
15 36 38
14 36 39
13 35 39
12 36 38
08 36 39
07 37 39
01 39 40
03 36 40
09 36 38
10 35 37
07 34 35
11 35 35
10 36 35
12 36 34
13 34 33
14 34 33
15 35 33
16 34 33
19 36 33
17 37 33
16 36 33
15 34 33
10 36 35
08 35 36
05 35 36
07 34 38
09 33 38
09 34 37
10 34 38
11 33 36
14 34 35
13 33 35
17 37 35
18 36 35
14 37 37
16 35 35
16 36 36
13 35 37
12 36 37
11 36 37
09 35 37
02 36 37
02 37 39
04 38 38
10 36 38
10 35 36
09 34 35
10 35 34
11 36 34
12 36 33
13 33 33
15 35 33
15 36 33
15 36 33
16 35 34
16 34 33
15 35 34
12 35 33
09 34 34
08 36 34
06 35 34
06 35 35
10 35 35
11 35 36
11 35 37
11 34 36
13 34 35
16 35 36
17 36 35
18 36 35
17 35 36
15 36 37
14 36 36
13 36 38
10 36 37
10 33 37
08 35 38
04 36 37
05 36 37
06 37 38
10 37 37
10 36 36
10 35 35
11 36 35
12 36 35
12 37 34
14 35 32
14 36 33
15 36 34
16 35 33
15 36 34
15 34 33
14 34 33
10 36 34
07 34 34
08 34 32
05 35 34
08 35 35
11 35 35
15 34 36
13 35 37
12 34 37
12 33 35
15 33 34
16 36 35
16 36 35
17 37 36
16 36 35
14 36 36
14 36 35
14 35 35
10 35 36
08 35 37
06 36 37
02 37 37
06 37 39
10 36 38
09 35 37
06 36 35
09 35 34
10 34 35
12 36 35
14 35 34
14 35 34
15 36 32
16 35 33
16 32 34
17 34 34
14 34 34
14 33 34
10 34 35
08 35 34
06 35 32
07 35 35
08 35 36
09 35 35
12 34 36
12 33 35
16 35 36
17 34 36
18 34 35
17 36 36
17 36 36
16 36 37
15 35 37
13 35 37
09 36 37
08 36 36
07 35 37
04 35 38
02 35 39
05 34 38
08 34 34
07 35 33
09 35 35
11 35 35
11 34 36
14 36 35
14 36 34
15 35 32
15 34 33
17 35 32
15 35 33
15 35 33
11 37 34
08 34 36
06 33 33
05 35 34
11 33 36
14 34 37
15 35 37
16 34 37
14 35 37
13 34 36
16 34 35
16 37 36
17 35 35
14 35 36
13 36 37
12 36 38
12 35 37
11 34 38
11 35 37
07 34 36
03 36 34
03 38 37
06 38 40
08 38 38
10 36 35
12 36 36
08 34 35
09 34 34
11 35 32
13 34 33
14 34 32
15 36 32
15 36 33
15 36 33
15 34 32
15 35 33
12 35 34
08 35 33
09 35 33
06 35 34
08 35 36
13 34 37
11 33 37
11 34 36
11 33 35
13 32 35
15 35 35
16 35 36
18 37 36
17 36 37
17 35 38
14 35 37
13 36 36
12 35 37
11 35 36
10 35 37
08 37 36
04 37 38
07 35 38
09 38 39
08 36 36
06 36 35
06 35 34
09 37 33
13 35 33
14 37 34
14 36 34
15 36 33
15 35 33
15 35 31
14 36 33
12 37 33
10 34 33
08 36 32
04 36 31
06 35 35
11 31 37
11 35 36
12 34 36
12 35 37
14 34 37
16 35 37
17 36 37
17 34 37
17 36 36
15 35 38
13 36 38
12 35 36
12 35 37
12 35 38
12 36 37
07 36 36
03 36 36
03 36 38
06 36 37
09 35 36
10 34 35
11 37 35
14 35 35
13 37 35
14 35 35
15 35 34
15 35 33
16 36 33
15 36 33
14 36 33
12 35 33
08 36 33
05 34 32
05 34 31
04 34 34
09 34 34
15 35 37
15 36 38
16 35 38
13 33 36
13 35 34
15 33 35
15 35 35
18 35 35
17 35 35
16 34 37
14 34 37
14 35 37
13 35 37
11 36 38
09 35 37
05 36 36
04 38 37
09 37 39
06 35 35
03 34 34
06 34 33
08 34 34
12 33 36
15 36 36
17 35 34
18 35 35
17 34 33
16 34 34
17 35 35
16 36 33
13 33 33
09 34 33
06 34 32
06 36 33
08 36 35
07 35 34
13 36 35
11 35 38
10 35 37
11 34 34
13 32 35
16 35 36
17 36 36
17 35 37
17 36 37
16 37 37
13 35 37
12 35 37
12 34 36
08 34 37
06 35 36
05 36 35
05 36 38
08 36 38
07 36 36
07 35 33
07 34 32
10 35 33
11 36 34
14 36 33
14 35 34
16 36 33
16 35 33
17 36 32
17 33 33
16 34 32
16 36 33
13 36 33
10 35 33
08 35 34
03 36 34
05 36 34
08 35 37
11 34 38
10 35 38
09 34 37
10 32 36
14 35 36
17 35 36
17 37 36
17 36 35
15 36 36
15 36 36
15 36 35
14 37 35
13 35 36
11 34 36
06 36 36
05 35 35
06 36 36
08 36 36
11 36 36
08 36 34
08 35 35
09 34 34
10 34 34
13 35 33
14 35 33
15 35 32
15 35 34
16 35 33
17 36 33
15 35 32
15 35 33
12 35 33
07 35 33
05 35 32
05 37 32
08 36 36
12 34 35
14 33 37
13 33 34
11 33 32
13 33 36
14 34 36
15 36 35
15 34 35
14 35 37
16 36 35
15 36 37
13 35 36
13 33 37
11 32 37
08 31 36
06 35 38
02 39 35
04 38 37
10 34 36
10 35 34
09 36 34
11 36 34
09 37 34
13 36 34
13 37 32
15 35 33
16 34 32
15 35 32
16 34 33
17 33 32
15 35 34
12 33 33
10 34 33
07 32 33
03 34 34
05 35 35
07 33 35
13 35 36
13 33 36
12 33 35
12 33 34
14 33 35
17 35 36
17 35 35
16 35 36
15 36 36
15 35 35
13 37 37
11 34 37
13 35 38
10 36 37
07 33 36
05 37 36
04 36 37
06 34 39
10 34 36
08 35 34
09 33 34
10 31 33
10 34 34
11 38 33
13 36 32
13 35 33
16 35 33
16 35 33
16 35 33
17 35 33
15 36 33
14 37 33
12 35 34
10 35 33
06 36 34
07 35 35
05 36 35
08 35 36
12 34 35
11 35 37
11 35 35
10 35 34
14 36 36
18 37 36
15 36 36
16 37 35
14 36 36
13 35 36
10 36 36
12 33 35
13 34 35
10 34 37
07 33 38
04 36 39
06 36 37
08 36 37
13 34 34
12 34 32
10 35 33
08 36 35
10 36 34
11 35 32
12 36 32
12 36 31
15 35 31
15 35 31
15 35 32
16 37 33
16 35 35
14 36 35
12 35 35
11 34 35
07 34 35
08 33 36
09 34 36
14 34 37
14 34 38
12 34 36
09 35 35
10 34 35
13 35 35
16 34 36
15 37 37
15 36 36
15 37 37
13 36 36
13 35 36
12 35 35
12 34 37
10 36 37
05 36 37
04 35 37
04 34 38
09 35 37
13 34 35
09 36 35
09 34 35
07 36 33
11 35 33
12 35 32
14 35 33
15 36 31
14 36 32
14 34 32
15 35 32
16 36 33
15 36 33
13 36 33
10 34 33
08 35 33
07 34 35
06 35 34
12 34 35
13 35 36
12 35 38
11 34 36
11 34 35
14 32 36
14 34 36
13 34 36
13 37 36
14 36 38
12 36 39
12 36 38
12 35 37
12 35 36
12 35 36
11 35 36
08 34 33
05 36 33
06 36 37
08 36 34
13 34 33
12 34 31
09 35 32
08 33 30
10 33 30
11 34 30
12 36 31
12 36 31
13 35 30
13 35 31
11 34 32
14 36 32
12 36 32
13 35 32
12 38 34
10 38 34
10 36 35
10 35 35
10 35 35
09 34 36
12 36 36
12 35 37
13 35 37
11 34 36
12 33 37
13 33 36
14 34 37
14 33 37
13 34 37
13 35 39
14 35 39
15 35 37
14 34 39
14 34 39
12 33 39
11 33 37
12 34 38
14 33 38
14 34 38
15 34 39
14 32 37
13 32 38
11 32 38
09 31 41
08 31 41
09 34 41
10 37 40
10 38 38
10 36 35
11 33 33
10 34 31
08 34 30
11 34 30
11 35 29
12 35 32
14 36 31
14 37 31
14 36 30
14 36 32
13 35 31
13 36 33
13 35 34
12 36 34
12 35 34
11 35 35
12 36 35
12 35 35
12 36 35
11 36 35
11 34 33
09 38 35
07 38 35
06 37 35
09 37 36
13 36 35
14 32 34
14 31 31
11 31 32
12 33 32
11 31 34
14 32 32
14 32 33
13 32 34
14 32 33
14 34 35
13 34 36
13 33 36
12 34 38
12 33 37
11 34 37
10 35 36
09 36 36
06 35 37
06 37 38
06 36 38
09 35 37
11 34 35
11 35 33
10 36 34
10 35 33
12 35 34
12 35 33
14 36 32
13 36 33
15 34 33
15 35 34
15 36 34
14 36 34
14 35 34
15 35 35
12 35 35
10 36 35
09 36 35
07 35 34
07 34 34
08 34 35
13 34 36
15 33 35
12 33 35
12 34 34
13 34 35
14 35 35
15 36 36
15 36 35
15 35 36
14 35 36
15 35 36
13 34 36
11 34 37
10 35 35
09 35 37
08 34 37
02 35 40
03 35 40
05 37 39
10 36 36
12 33 34
11 35 33
10 34 34
10 35 33
11 34 33
12 35 33
15 34 31
15 37 33
16 36 32
18 35 33
17 35 34
16 35 34
15 36 34
14 34 35
10 34 35
07 33 35
05 36 34
04 34 35
08 35 37
13 35 37
13 35 37
13 32 34
11 35 35
14 35 35
16 36 36
15 36 37
14 36 36
15 37 39
15 36 40
13 36 38
12 35 38
11 34 38
09 34 37
08 36 38
03 38 37
03 36 38
07 35 38
10 36 37
09 34 33
09 35 32
10 35 33
12 35 33
14 35 33
14 35 32
15 36 32
16 36 32
15 34 32
16 35 33
17 34 35
16 34 35
12 33 35
13 35 36
10 35 35
08 33 34
05 36 35
05 35 37
12 35 37
14 35 38
12 34 35
11 33 34
13 33 34
14 35 36
16 36 36
14 36 36
14 37 36
14 35 35
13 35 36
13 34 37
12 34 37
11 35 38
09 35 37
08 36 36
06 36 37
06 36 38
10 35 38
11 35 34
10 33 33
10 35 32
09 36 33
09 35 34
12 35 34
15 35 33
16 36 33
15 35 33
16 37 32
15 36 33
16 35 32
12 35 34
10 34 33
06 35 33
06 33 33
04 36 35
07 33 34
12 35 35
11 35 35
12 34 35
12 33 35
12 35 34
15 36 35
17 35 35
16 38 37
16 38 36
16 37 37
15 37 38
14 35 38
12 35 36
10 34 37
09 35 37
06 37 36
03 37 36
04 36 38
08 36 38
10 36 34
11 35 33
10 35 33
10 36 32
12 35 33
13 36 32
13 35 31
14 35 30
14 35 31
14 35 32
16 36 33
17 35 34
15 36 34
13 34 34
09 35 35
08 34 34
06 34 33
05 36 34
07 35 35
08 35 34
13 37 37
13 36 37
12 36 36
10 32 34
15 32 33
16 36 35
15 37 36
14 37 36
15 36 35
13 34 36
12 35 35
11 34 35
15 36 36
10 35 37
07 36 36
01 37 36
03 36 36
08 36 34
12 33 32
12 35 31
10 37 33
10 37 33
11 35 33
13 35 33
13 37 32
13 35 32
15 34 31
16 34 32
15 35 32
15 34 33
12 35 32
09 35 33
07 35 33
08 35 32
05 35 34
08 35 33
12 33 33
11 34 35
15 33 35
14 34 33
14 31 34
15 34 35
17 35 35
14 35 36
16 36 35
16 36 36
15 35 37
12 37 37
12 36 37
09 33 38
08 34 36
05 35 36
01 35 36
04 36 37
07 36 38
10 36 34
10 35 33
09 35 34
08 34 34
11 34 33
12 34 32
15 35 32
15 35 32
16 36 33
18 35 32
18 35 33
19 35 32
15 36 34
11 36 35
08 35 36
05 34 33
05 34 36
07 33 36
12 34 37
12 34 38
12 33 36
11 34 36
13 33 35
17 34 37
16 34 36
16 35 36
14 36 37
15 36 37
14 35 36
13 35 35
12 35 35
11 35 37
10 35 37
06 36 37
03 34 36
08 36 39
11 35 37
07 35 36
07 35 35
08 34 35
10 36 34
12 35 34
13 35 34
16 37 34
16 36 34
16 35 32
16 35 34
15 36 32
16 35 33
12 36 32
09 34 33
08 34 32
04 35 33
09 33 34
13 35 33
13 36 38
11 36 39
11 34 38
13 33 38
14 36 37
17 35 38
16 35 38
15 36 37
13 35 38
14 35 37
14 34 37
13 34 37
10 34 37
09 34 36
06 35 37
02 36 37
02 34 36
08 35 36
10 36 34
10 33 33
08 33 32
09 34 32
11 33 32
12 36 32
15 35 32
16 35 32
16 35 33
16 36 33
17 36 33
15 35 35
14 35 36
10 33 35
10 35 35
06 35 34
00 32 33
03 34 31
11 36 34
13 34 36
13 33 33
13 34 31
13 35 32
15 34 32
18 37 34
18 37 34
16 37 35
16 37 36
15 36 37
13 35 37
12 36 37
10 36 37
08 35 37
06 35 39
03 35 39
05 35 40
09 35 38
11 33 37
09 33 34
09 33 34
08 35 34
10 34 35
13 34 34
14 35 33
15 36 33
15 35 33
17 35 33
16 34 32
15 34 33
14 36 32
10 35 34
10 35 34
07 35 34
05 33 33
09 34 35
10 34 35
10 34 35
11 34 35
11 34 35
15 35 34
18 36 37
17 37 36
16 36 38
15 36 35
13 35 37
12 36 38
11 35 38
08 36 38
06 35 37
01 37 38
03 35 37
08 36 36
08 34 34
09 34 33
08 34 33
11 34 33
14 34 33
16 35 32
16 37 33
15 35 32
17 36 32
16 36 32
15 34 33
14 35 34
09 33 33
08 34 33
09 34 33
05 36 35
09 33 34
09 34 35
11 34 36
13 35 37
11 35 35
14 34 35
16 34 36
17 35 37
16 37 38
16 37 37
15 35 37
15 35 38
13 35 37
10 34 36
07 35 37
04 36 38
02 36 37
04 36 39
09 35 37
07 34 34
09 34 33
09 34 34
12 35 33
14 36 33
15 36 33
16 35 32
17 36 33
16 35 33
16 35 32
14 34 32
11 36 33
11 34 34
07 34 32
05 33 32
05 35 33
08 35 34
12 33 36
12 35 37
11 34 36
12 32 36
18 33 37
18 36 37
18 35 38
15 34 37
14 35 37
13 37 37
13 34 38
12 33 37
10 35 37
09 35 37
05 34 36
02 36 38
05 34 38
10 36 36
09 32 32
10 31 32
10 31 32
11 30 30
13 32 31
15 33 31
16 32 30
15 32 31
15 33 31
16 35 33
15 37 33
12 35 33
09 33 33
06 33 31
04 36 33
06 34 33
11 34 34
14 32 35
12 32 35
11 33 34
11 31 33
12 30 34
15 34 36
16 34 37
16 34 35
16 36 35
15 34 36
14 32 37
13 33 37
12 33 37
10 33 38
08 35 37
04 35 35
02 34 35
05 36 36
09 35 36
10 35 34
10 35 35
10 34 35
10 35 34
14 34 32
14 35 32
16 34 32
17 35 31
15 36 31
15 36 31
16 35 33
15 34 34
10 35 34
09 34 34
07 33 35
05 34 35
09 32 36
11 33 35
11 34 36
13 34 35
12 33 37
12 33 35
13 35 36
16 35 36
16 34 36
15 36 37
15 36 37
14 34 37
12 34 37
10 36 38
09 34 38
06 30 38
06 33 39
03 37 39
06 37 39
10 37 37
08 34 35
10 35 32
11 35 33
11 36 32
12 33 33
15 36 32
16 34 32
16 36 33
16 36 33
15 35 33
14 33 32
13 35 33
09 34 33
08 33 32
06 34 33
05 34 33
07 34 34
12 33 35
13 34 37
13 32 36
11 33 35
15 32 35
15 35 36
16 34 36
15 36 37
15 36 37
15 36 37
14 35 38
12 33 37
11 33 37
09 35 37
09 34 37
03 35 37
02 35 37
07 35 37
10 33 35
09 35 34
10 35 32
10 34 33
14 35 32
14 34 31
17 36 32
16 35 33
17 36 33
17 35 33
15 35 33
16 35 33
14 36 34
10 35 36
06 33 35
04 34 36
04 34 35
08 34 36
12 34 37
13 36 37
12 34 35
10 34 36
13 34 36
16 35 36
18 35 36
17 35 37
15 35 37
14 35 37
15 35 38
14 33 37
14 32 37
11 35 36
09 35 36
06 35 36
03 38 35
03 37 36
08 35 35
09 36 35
11 37 34
11 37 33
09 36 32
13 35 32
12 36 32
12 36 33
15 34 34
15 35 34
15 36 34
15 34 35
16 34 35
13 34 33
14 33 34
11 35 35
07 34 34
08 33 34
06 36 36
06 35 34
10 33 34
12 34 35
13 35 34
10 33 34
14 32 35
16 36 34
16 36 35
15 36 35
16 35 36
17 35 36
13 35 37
13 35 36
11 34 36
12 35 36
09 35 36
06 37 37
05 36 37
04 35 38
11 35 34
11 35 33
11 37 34
12 34 33
13 33 32
16 32 31
17 36 33
18 35 32
19 36 33
21 35 31
20 36 33
19 36 32
17 35 31
14 33 31
14 33 33
19 36 30
16 35 32
12 34 32
11 33 33
10 34 33
15 32 34
15 30 34
13 30 35
09 34 33
06 33 36
03 33 34
01 34 33
02 33 35
03 36 35
04 32 36
03 39 36
06 41 33
08 36 38
07 38 35
09 37 37
12 33 39
10 37 37
09 39 33
07 37 36
00 36 36
00 39 37
01 36 36
04 36 37
04 41 39
07 34 37
09 40 37
09 40 36
12 36 35
11 38 36
11 38 34
11 37 34
11 37 35
14 38 33
15 36 34
15 35 35
15 35 32
16 35 34
19 33 33
19 35 33
21 34 35
22 36 34
21 37 34
21 35 36
21 34 37
19 35 38
16 36 38
15 39 39
13 37 40
13 39 41
09 35 40
07 39 39
07 35 41
10 35 39
12 34 38
13 33 34
12 33 32
12 34 31
10 35 31
11 33 32
13 33 33
13 34 34
14 34 33
14 37 33
13 35 35
13 33 36
12 35 36
10 33 35
08 34 34
07 34 34
10 34 33
03 34 34
08 33 33
12 34 33
11 36 35
10 36 36
14 33 36
17 34 37
17 34 37
18 34 36
16 34 38
18 34 39
17 36 38
16 34 39
14 35 39
12 34 39
11 35 38
11 35 39
08 35 40
06 36 39
05 38 38
06 37 39
12 35 37
14 36 37
11 35 35
11 36 34
10 36 34
10 35 33
12 35 34
14 35 33
15 36 33
14 36 34
16 35 33
15 35 34
14 35 34
14 35 34
13 35 34
08 34 34
08 34 35
06 34 36
06 33 35
07 35 35
13 34 35
15 35 36
12 33 36
11 34 36
13 35 35
16 35 35
17 35 36
16 37 37
16 35 37
16 37 42
13 35 43
11 33 41
11 34 39
09 34 37
06 34 35
02 37 36
03 36 36
08 35 35
13 35 34
12 34 33
13 35 34
10 36 36
11 37 33
12 36 32
13 36 33
16 36 34
16 34 33
17 35 34
15 36 35
17 35 35
12 36 37
11 35 37
09 35 37
05 34 35
03 36 37
04 37 37
12 36 38
14 36 38
13 36 37
14 35 37
13 35 35
14 35 34
16 38 35
16 38 35
16 37 35
15 36 35
15 37 35
13 36 37
13 36 37
12 36 37
10 33 39
08 36 39
02 37 38
03 37 35
09 36 36
12 36 34
12 36 34
11 36 34
10 35 34
12 35 33
12 36 33
15 36 34
14 35 34
14 36 35
15 35 34
15 35 34
16 36 34
15 34 35
12 35 35
08 35 35
07 36 35
02 36 34
04 36 34
12 34 36
15 34 37
15 35 37
11 34 36
12 33 34
14 35 36
16 36 36
16 36 35
15 35 37
16 36 36
15 35 36
15 35 36
13 35 36
13 34 36
12 34 36
10 35 38
06 37 37
04 37 37
05 37 36
10 36 35
11 36 33
11 35 31
08 35 30
10 34 30
13 36 31
13 35 33
13 37 34
15 36 32
13 36 34
13 35 35
13 36 35
13 36 35
13 37 35
13 38 37
11 37 36
10 38 36
09 37 35
09 37 35
08 37 35
09 36 33
13 37 34
13 35 33
12 35 30
12 37 33
11 35 32
10 35 31
10 37 32
09 37 31
10 37 31
11 37 32
12 36 32
12 38 33
15 38 31
14 38 34
13 40 33
13 44 38
12 50 43
13 50 42
17 53 44
24 52 47
28 51 47
30 48 45
34 46 45
35 41 45
37 38 44
39 37 46
41 36 47
39 37 48
39 36 50
38 33 48
37 31 48
37 31 46
34 30 49
35 28 50
37 28 49
38 28 53
38 25 50
38 26 52
41 28 52
40 26 52
41 28 53
39 31 54
37 29 52
37 30 54
33 29 50
37 32 55
35 29 51
36 30 49
35 32 52
36 27 54
38 29 50
40 36 53
41 39 54
43 39 53
44 42 50
44 42 49
44 42 50
44 38 47
42 33 49
41 32 48
39 33 51
38 32 52
36 31 51
37 32 54
35 33 53
36 34 54
38 34 53
37 33 51
36 33 52
36 32 53
37 35 54
36 32 52
38 34 52
37 33 54
36 34 51
36 34 53
37 33 55
36 34 52
36 32 51
37 33 52
36 33 53
35 31 52
36 33 54
37 33 54
37 33 53
37 33 52
37 30 51
35 31 52
36 30 52
36 32 53
37 33 54
37 34 52
35 33 53
36 32 51
36 34 52
38 32 55
36 32 52
36 32 52
37 32 52
37 33 51
