36 37 50
36 37 50
37 41 48
39 42 47
38 42 47
38 41 46
38 41 46
36 44 45
36 42 43
33 42 43
29 50 49
30 47 47
27 45 45
25 44 47
25 43 45
23 44 48
21 44 47
20 40 45
19 42 46
17 44 45
17 41 44
15 42 42
13 41 41
12 43 39
11 44 40
09 44 39
13 44 36
08 43 36
08 40 37
10 40 36
11 38 34
11 39 33
13 39 32
13 40 31
13 38 32
12 38 31
13 39 32
14 39 32
14 39 32
14 40 32
13 39 32
14 40 34
16 41 34
16 39 35
14 40 35
16 38 35
14 39 36
13 39 37
11 37 37
08 38 35
06 38 34
01 40 32
12 38 35
14 38 36
12 36 33
13 38 33
14 36 34
17 38 33
18 37 33
20 38 33
18 39 34
18 38 35
17 37 35
17 37 36
14 39 35
12 38 37
08 37 38
06 39 38
03 44 36
01 43 37
07 40 37
15 37 35
11 37 34
09 37 33
08 37 33
08 38 34
10 39 35
12 38 34
15 39 33
16 37 33
16 38 34
18 36 33
18 37 33
17 38 33
18 37 34
14 38 35
12 37 35
08 38 35
03 38 34
00 36 33
05 35 34
15 37 37
13 37 34
16 37 33
18 35 33
20 36 32
19 37 33
19 38 32
18 38 31
18 39 32
17 41 35
14 41 39
11 38 39
10 38 39
07 36 37
06 35 37
01 36 37
01 36 39
08 37 37
15 37 36
13 37 35
13 38 35
12 39 34
12 39 34
12 37 33
14 36 33
16 37 33
17 36 33
18 36 34
17 37 35
18 37 36
18 37 36
16 37 37
12 37 37
08 36 36
05 38 35
00 38 35
05 37 36
13 36 37
09 35 35
12 36 34
10 37 33
17 37 33
18 37 34
19 37 35
20 38 35
18 40 36
18 38 37
15 39 38
14 38 37
12 37 36
11 37 37
08 37 37
05 37 36
05 39 35
03 39 37
11 39 36
13 35 36
12 41 33
11 38 33
11 37 32
14 39 32
14 39 33
14 39 33
16 38 33
15 37 33
17 37 33
15 37 33
16 38 34
17 37 34
15 38 34
14 38 35
10 37 35
08 38 34
03 38 35
03 39 34
09 36 36
15 38 35
11 38 36
13 37 33
14 36 33
14 35 34
17 37 34
17 38 35
17 37 36
15 36 37
15 38 38
14 39 38
14 37 37
11 37 36
11 37 35
09 37 35
07 37 35
05 38 35
04 40 36
13 39 34
13 36 35
10 36 32
09 35 32
12 37 32
12 37 32
14 37 32
14 37 32
15 36 33
16 37 34
17 37 34
14 38 34
16 38 34
13 37 33
10 38 33
08 37 32
07 38 32
04 39 33
06 38 33
14 36 34
14 37 34
12 36 35
08 35 32
14 36 34
15 36 34
14 37 34
16 36 37
16 37 37
14 37 38
15 38 39
13 38 38
14 38 37
11 37 37
10 38 36
11 38 37
08 38 36
07 38 36
08 36 36
12 34 34
14 38 33
12 38 31
11 40 31
13 39 31
13 39 33
14 39 33
13 39 33
12 39 33
11 37 33
13 39 34
13 38 33
12 37 33
15 37 33
11 37 32
05 38 32
10 37 35
15 37 37
13 38 37
13 39 36
11 39 36
13 36 36
15 38 35
14 38 35
13 38 35
12 39 34
12 38 35
14 39 34
14 39 35
14 39 34
14 39 33
14 38 32
10 40 32
08 39 33
13 39 32
11 40 32
07 39 31
10 40 30
12 39 31
13 40 31
14 40 29
13 38 30
12 39 31
12 40 29
13 39 30
13 39 29
14 40 30
12 37 30
13 39 30
12 38 31
13 38 32
12 37 30
07 39 31
08 38 31
13 37 33
14 37 34
12 35 34
11 36 33
10 36 33
11 36 34
13 34 35
14 37 36
13 37 36
12 35 37
13 37 38
13 39 37
16 40 34
15 37 34
15 38 34
14 38 33
14 37 32
13 37 34
13 36 34
10 38 34
09 38 33
06 39 33
04 40 33
08 39 34
13 38 33
13 40 34
12 37 32
10 37 33
09 38 33
11 39 32
14 38 32
15 38 32
15 37 34
15 36 33
15 38 33
15 37 34
14 39 34
14 38 34
12 39 34
12 36 34
12 37 34
07 39 34
04 40 35
07 39 37
14 38 39
15 38 38
12 35 35
10 35 36
13 35 36
14 38 39
13 38 41
13 38 39
12 41 42
12 44 44
13 46 45
17 44 48
19 45 46
22 41 48
24 36 47
22 44 49
23 32 49
23 34 48
22 34 51
21 30 51
21 33 50
22 36 50
22 33 46
22 34 45
21 31 48
23 33 49
20 29 48
22 29 49
21 26 47
22 27 48
22 29 50
20 27 49
24 26 48
23 27 47
24 24 49
23 25 49
22 33 49
20 27 48
18 25 49
20 23 44
22 20 44
21 20 47
18 22 51
17 24 48
23 23 43
20 23 43
15 20 45
13 25 40
16 33 38
17 33 38
16 34 39
18 32 42
22 34 42
23 36 44
22 31 46
22 36 46
19 33 47
17 34 49
16 36 46
12 36 48
10 35 46
11 34 45
06 37 44
02 37 44
01 36 43
11 34 40
14 32 39
11 32 37
09 33 34
08 33 32
08 33 31
11 34 33
11 35 34
14 37 34
13 37 32
15 36 34
14 36 33
13 37 33
14 36 33
14 38 34
14 36 36
09 38 35
07 35 34
06 38 33
00 38 31
05 36 32
15 36 34
15 36 35
13 37 33
12 37 31
15 38 32
18 37 33
16 37 32
19 38 35
17 39 36
16 38 35
17 40 36
14 39 36
12 40 35
12 39 36
12 38 36
10 39 36
05 40 36
04 39 35
06 40 36
09 39 36
12 38 33
13 36 31
12 37 31
12 37 32
13 38 33
13 38 32
14 39 32
14 37 31
14 37 31
13 37 33
16 37 33
15 39 33
14 38 33
12 38 32
09 37 32
08 38 33
05 40 33
09 40 35
15 37 34
16 39 35
12 37 35
10 38 34
12 37 34
14 37 34
15 38 34
14 38 34
14 38 35
13 38 35
14 38 35
14 38 34
13 37 34
14 38 34
15 37 34
14 37 34
13 38 34
11 37 34
11 37 34
09 39 33
07 39 33
07 40 34
09 39 32
11 38 32
12 37 32
12 37 31
11 38 32
13 38 33
13 40 32
14 38 32
13 38 33
14 37 31
14 39 28
14 36 30
15 37 32
15 38 34
14 37 35
11 36 34
08 38 34
05 39 32
01 40 32
07 39 33
18 35 34
15 34 32
12 36 31
11 37 32
13 35 33
15 35 32
16 37 33
15 38 33
14 36 34
13 35 36
13 37 36
14 38 36
15 38 35
13 38 34
14 38 34
13 38 33
11 38 34
09 38 33
05 37 34
03 40 34
07 39 34
13 36 31
13 35 30
12 36 30
11 38 31
12 38 32
15 37 30
15 38 30
15 38 29
14 36 30
15 37 32
14 38 32
13 38 33
13 38 33
11 37 31
10 38 33
08 38 32
05 40 33
05 41 33
12 37 34
15 35 34
12 36 35
11 36 32
12 37 32
15 37 34
16 37 35
14 40 33
13 38 33
14 38 34
15 38 34
15 39 34
14 39 34
13 38 34
14 39 34
13 38 34
12 38 33
10 37 34
10 39 34
05 40 33
07 39 34
10 39 34
11 37 33
11 37 31
10 35 32
10 34 30
11 35 30
13 35 30
13 36 30
15 36 29
13 35 30
14 38 32
14 37 33
13 37 33
12 39 32
11 38 34
12 37 34
11 37 34
10 37 36
09 38 34
09 37 34
12 38 36
11 35 34
10 36 33
10 35 33
10 38 34
09 39 35
08 41 35
07 41 38
06 43 39
07 41 41
12 42 42
17 42 44
21 44 46
22 45 45
28 46 45
29 45 45
31 43 45
32 46 44
31 41 45
31 40 44
34 38 45
34 39 49
35 35 47
35 37 51
36 36 52
36 37 49
35 43 54
38 38 52
39 36 49
38 37 51
39 37 52
40 38 52
39 36 52
39 36 52
39 37 52
40 36 52
41 37 51
41 37 51
39 37 52
41 37 50
40 35 52
40 36 50
41 37 53
40 36 53
40 35 51
40 38 51
40 38 51
