34 40 50
35 41 50
35 42 49
36 38 45
33 42 47
33 42 42
30 47 45
28 47 46
29 46 42
22 54 47
23 48 42
23 43 45
17 48 46
20 44 44
16 46 45
14 44 45
16 45 42
17 42 42
17 40 44
16 39 43
15 38 42
15 38 41
13 35 43
10 40 40
11 42 41
10 40 39
11 37 37
10 38 37
11 38 35
09 37 37
10 37 36
12 36 36
12 38 35
11 37 35
09 38 36
10 37 34
11 35 33
13 36 32
13 36 33
14 37 33
13 36 34
14 35 34
15 36 32
16 36 34
14 36 33
13 36 33
10 38 34
09 36 35
08 36 33
04 37 33
07 35 35
12 34 35
15 35 34
13 35 36
12 35 35
13 35 35
13 36 36
15 37 36
16 37 37
17 38 37
18 37 38
17 37 37
17 37 37
17 39 37
12 37 36
12 37 37
10 37 36
07 38 37
05 40 37
02 41 38
08 38 37
12 36 35
09 38 35
09 36 34
09 37 33
10 34 33
12 35 33
15 35 33
15 35 33
15 36 32
16 37 32
17 36 32
16 37 32
13 37 32
10 37 32
09 36 33
07 36 34
05 37 33
12 35 33
13 35 35
12 35 36
13 37 36
16 36 36
17 36 36
16 39 35
17 42 36
16 41 37
15 38 37
13 37 37
12 37 37
11 38 38
09 37 36
06 38 36
06 37 36
03 39 38
05 39 40
10 37 37
10 36 35
07 38 33
08 32 32
09 32 32
12 34 33
14 36 32
15 37 32
14 36 32
16 36 32
17 36 31
16 37 31
16 36 32
13 37 32
12 37 32
10 36 31
07 36 33
08 38 34
14 36 37
11 35 36
12 35 36
12 36 36
17 33 37
18 35 37
17 37 36
17 41 38
14 41 39
14 37 38
13 39 38
11 38 38
08 37 37
07 37 36
03 37 36
01 37 36
06 36 36
12 36 35
11 36 35
11 36 34
10 34 32
11 31 33
12 34 32
15 37 32
15 35 31
16 37 32
16 36 32
16 35 32
15 36 32
13 38 32
12 38 32
11 38 31
09 36 33
08 36 33
12 36 32
12 36 36
13 35 37
14 35 37
13 36 37
19 36 38
18 39 36
16 42 38
15 40 38
15 40 37
14 39 37
10 39 37
08 37 35
06 36 35
04 38 34
02 39 36
02 40 37
09 38 38
11 38 35
10 38 34
08 36 32
10 30 32
12 32 33
15 36 33
18 37 33
16 37 33
16 37 32
18 38 32
15 39 32
15 36 32
11 36 32
10 36 32
09 36 34
06 36 33
09 35 32
13 36 34
12 36 35
12 37 36
14 37 36
16 35 36
18 36 36
16 37 36
16 39 38
15 37 39
14 37 39
13 39 38
09 40 37
08 37 36
06 37 35
03 37 35
03 39 37
07 37 36
10 36 35
08 36 33
07 37 32
08 36 31
11 36 32
16 36 32
17 35 32
15 37 31
15 37 32
17 36 32
17 36 33
17 36 32
12 37 32
10 36 34
09 37 34
06 37 35
08 37 35
11 35 36
10 36 35
10 37 36
12 34 36
16 37 36
17 37 36
17 40 37
17 39 36
17 37 35
14 36 36
13 38 35
10 37 34
10 38 36
06 37 36
04 37 36
02 38 38
04 40 41
10 37 37
10 38 37
10 37 34
09 35 34
10 34 33
11 31 33
14 35 32
17 36 32
17 36 32
14 37 31
15 36 33
13 35 32
11 36 31
09 37 32
11 35 31
08 36 32
08 37 33
14 35 34
14 36 35
14 36 35
14 36 37
16 36 37
16 35 37
17 37 36
17 38 36
13 40 37
13 37 38
11 34 38
09 34 39
08 37 38
08 39 37
07 39 38
04 39 35
05 39 37
10 38 36
10 35 35
08 35 33
07 35 32
09 35 32
12 34 32
14 35 32
18 35 33
17 36 32
16 36 32
16 37 32
16 38 33
14 35 32
11 37 31
11 37 31
10 36 32
07 37 33
11 36 34
13 37 35
13 38 36
13 36 35
13 37 37
14 36 36
15 36 35
15 36 36
16 40 36
14 39 37
14 35 38
12 35 39
10 40 38
08 38 38
06 38 35
04 36 34
03 37 36
06 35 35
08 35 34
09 36 33
09 36 33
11 35 33
14 36 34
16 36 33
15 37 32
16 36 32
18 35 31
16 36 31
16 37 31
16 38 31
13 38 32
09 37 34
10 35 33
04 36 35
06 37 34
11 36 34
10 35 36
13 35 37
13 35 34
15 34 35
18 36 37
17 37 37
18 39 37
18 38 37
15 37 36
12 37 36
11 36 35
09 37 36
06 36 36
03 38 35
00 39 36
07 37 36
12 37 35
11 37 35
12 35 33
11 36 32
13 35 34
12 36 33
14 36 32
14 36 32
15 35 33
15 36 33
17 37 32
16 35 32
14 36 32
11 37 32
11 37 33
09 36 33
08 36 34
06 36 33
13 35 32
14 36 37
13 37 36
12 35 36
15 36 36
16 36 37
16 39 35
18 39 36
17 40 35
16 37 37
14 36 37
13 36 36
11 35 34
10 36 35
06 37 35
04 36 36
02 39 37
09 39 37
12 37 34
12 37 34
11 34 34
11 34 33
13 35 32
15 36 32
15 36 32
16 36 33
17 36 32
16 37 33
15 37 32
16 37 32
12 37 32
09 37 33
07 35 33
04 36 32
04 35 33
10 36 34
15 35 36
14 36 36
14 35 35
13 35 35
16 36 36
17 37 35
17 39 37
16 38 36
16 38 36
16 36 35
14 37 35
12 36 36
12 36 35
08 36 36
05 37 37
03 36 36
01 37 36
08 37 36
13 37 35
12 37 34
11 35 33
13 36 33
14 36 33
14 37 33
15 35 32
17 36 33
17 37 32
16 38 33
15 37 32
15 34 33
12 36 34
08 37 33
06 36 33
03 35 32
03 35 34
12 34 34
14 35 35
12 36 36
13 34 34
16 36 36
17 36 36
18 37 36
17 37 35
17 37 38
16 38 37
16 38 36
14 36 37
13 38 36
11 37 35
05 38 35
06 36 33
03 37 34
05 39 36
10 36 35
13 38 34
13 36 32
11 36 33
12 37 33
13 35 32
16 35 32
17 34 32
19 36 32
18 38 32
15 37 33
15 37 34
13 37 34
09 37 35
09 37 34
07 35 33
03 36 34
04 35 34
10 34 35
13 36 35
12 35 35
12 35 33
15 33 34
17 37 34
19 38 35
19 38 36
17 38 37
15 38 37
15 37 36
13 37 36
11 36 36
09 37 36
06 36 37
02 35 33
04 37 35
10 39 37
11 37 36
10 37 34
11 37 34
13 37 32
14 36 34
15 36 33
15 36 33
17 35 32
16 35 33
17 36 33
17 36 32
14 35 33
13 36 33
09 37 34
08 36 33
04 36 33
03 37 35
10 36 34
13 34 36
14 37 36
12 37 35
13 35 35
16 36 36
17 37 36
17 38 35
17 37 36
17 37 37
15 37 37
14 37 38
13 35 38
09 35 36
05 36 35
06 36 35
04 37 35
05 39 36
09 38 36
13 37 36
12 36 34
11 36 33
10 36 33
12 35 33
15 36 33
15 35 32
17 35 34
16 36 33
17 36 33
17 37 33
15 36 33
13 37 34
10 36 35
06 37 34
08 36 33
05 36 35
07 37 36
13 35 35
14 36 37
12 36 35
13 35 33
15 36 34
17 37 36
18 39 35
18 39 35
16 38 36
16 37 35
13 38 35
12 35 37
10 35 36
06 38 35
04 36 36
01 37 34
04 39 38
11 38 36
11 37 35
10 36 33
12 35 34
12 35 34
13 36 34
16 36 33
16 35 32
17 37 33
16 34 32
14 36 32
16 37 32
15 36 34
12 37 33
08 36 34
07 35 32
06 36 33
05 35 33
12 35 36
13 36 36
14 36 36
12 35 35
15 36 35
17 38 35
17 38 36
19 38 36
19 38 37
16 38 36
14 36 36
13 37 36
13 35 36
10 36 35
05 37 36
03 37 36
01 38 37
06 36 37
13 36 36
11 35 35
11 35 32
10 32 32
11 34 35
13 36 33
15 36 32
18 35 32
18 35 32
16 36 34
16 37 32
16 38 32
16 37 33
12 36 33
09 36 35
08 37 34
05 37 34
04 36 34
09 34 33
10 35 35
12 35 36
13 36 36
15 36 34
17 38 35
18 38 36
19 37 36
18 36 37
16 37 37
14 38 37
12 37 36
11 36 36
08 37 34
05 37 33
05 37 35
05 38 36
09 38 37
12 38 34
10 37 34
10 36 34
11 35 34
13 36 33
14 35 33
17 35 33
17 35 31
18 36 32
17 36 32
16 36 34
16 36 33
14 37 32
12 37 33
09 37 33
08 36 32
07 37 31
05 35 34
09 35 33
12 35 36
14 35 35
15 36 35
15 37 35
16 37 34
14 35 35
17 37 39
16 38 37
17 39 37
16 38 35
15 39 36
14 39 35
11 37 33
09 39 33
06 37 33
05 37 33
04 39 35
11 38 36
12 38 36
11 35 34
09 34 32
10 29 32
10 32 34
14 35 33
15 37 31
16 38 32
15 36 34
16 37 33
15 37 32
16 36 33
13 36 32
11 37 33
08 37 33
07 35 32
05 38 34
08 36 35
13 36 35
14 35 36
14 35 35
12 36 33
13 36 34
16 38 36
18 38 36
17 38 36
18 37 36
16 37 37
13 36 37
12 36 36
12 35 37
08 36 35
05 38 34
06 37 34
05 38 34
07 39 37
09 41 37
11 39 34
10 36 33
10 36 34
09 36 34
11 36 33
13 35 33
16 35 33
17 34 33
17 36 33
16 36 33
17 37 32
16 37 32
14 37 34
12 37 33
10 36 32
08 37 33
06 36 33
07 37 34
13 36 35
15 35 36
12 35 35
11 37 34
14 36 35
16 37 35
16 38 37
17 38 35
16 38 37
15 36 36
14 37 38
14 36 38
12 37 36
10 37 37
09 37 35
06 37 35
05 37 35
05 40 36
11 37 36
12 36 34
11 37 33
09 35 33
09 35 33
12 36 32
14 35 32
16 35 33
16 36 33
16 35 32
16 36 32
16 36 32
17 36 33
15 37 33
13 36 34
12 36 34
08 35 34
07 36 33
05 39 35
07 39 36
13 36 37
14 36 37
14 40 38
13 37 36
15 38 37
17 38 36
17 38 37
19 37 37
17 36 38
18 39 39
17 39 38
16 38 37
16 39 37
14 38 36
12 36 35
09 38 35
04 38 35
04 36 33
05 38 35
10 38 36
14 37 36
14 35 34
11 36 34
08 35 33
07 33 31
09 34 30
12 37 31
14 35 33
16 36 32
15 37 33
16 37 33
16 36 32
16 37 32
15 37 33
13 36 32
13 36 32
10 37 35
09 36 34
07 37 34
05 36 34
07 35 34
13 34 35
17 35 37
14 36 36
11 37 36
10 36 36
11 36 35
12 37 37
14 40 39
15 39 38
15 37 38
14 36 37
12 38 37
12 38 37
10 41 38
07 42 38
11 37 38
13 36 38
11 40 38
11 41 38
12 42 38
13 43 40
14 43 41
15 44 40
14 44 42
17 42 42
18 43 46
19 46 47
23 44 48
25 43 48
30 41 46
33 42 47
34 43 45
36 42 46
37 43 46
37 43 45
36 45 46
37 45 47
37 44 46
36 44 45
37 48 48
36 46 49
35 44 47
36 46 49
35 45 48
37 43 49
36 45 51
36 44 49
37 41 50
38 44 50
37 43 50
37 44 50
38 43 49
38 45 49
36 44 50
37 44 51
36 43 50
37 44 49
37 44 50
36 45 50
37 44 50
37 44 49
36 44 49
38 45 50
37 44 49
37 44 49
37 45 49
37 43 50
38 43 50
37 43 50
37 44 50
37 44 50
37 43 50
36 44 49
37 44 49
37 43 49
37 43 49
37 42 50
36 44 50
37 43 48
36 43 49
37 42 49
38 42 50
37 44 50
36 43 50
36 44 49
37 43 50
37 43 51
37 44 50
38 43 51
36 44 50
37 43 49
38 43 49
