28 35 55
28 35 55
30 35 55
29 37 56
28 36 56
27 38 53
30 39 52
30 39 49
31 41 48
33 42 46
32 43 46
34 45 46
34 45 45
34 48 46
35 47 46
34 47 45
34 49 39
35 51 33
34 56 34
34 57 35
34 56 36
34 53 35
34 52 35
32 53 35
31 56 34
31 58 33
30 57 32
30 57 32
31 55 32
28 53 33
29 52 32
30 53 32
31 52 32
30 53 31
30 54 33
31 53 35
32 52 36
32 51 36
33 52 36
35 52 35
34 54 35
34 53 36
34 53 35
34 55 35
32 57 34
32 59 33
32 61 30
30 58 30
31 53 31
32 50 32
32 53 29
33 53 28
31 51 30
31 48 32
30 48 33
31 50 32
34 52 31
34 53 31
34 52 33
34 53 33
33 54 33
32 55 33
31 54 33
30 57 33
28 60 33
28 57 34
27 52 35
26 53 36
25 53 34
26 51 33
28 50 33
26 48 33
27 48 36
27 50 37
29 48 37
29 49 36
29 53 36
29 55 38
31 55 37
31 55 39
30 57 38
29 55 37
30 54 36
28 55 37
30 55 35
27 56 34
27 50 35
28 50 34
28 48 35
29 46 33
29 45 32
26 51 34
26 46 35
26 46 36
25 46 36
24 46 38
20 46 40
18 43 41
16 42 39
14 39 40
08 37 40
05 34 40
03 36 39
01 37 37
03 37 38
09 40 39
10 40 39
09 40 36
10 40 37
15 38 36
16 37 35
16 37 36
16 37 37
18 38 37
18 40 37
15 39 37
16 39 40
17 38 39
14 38 38
13 38 40
08 40 37
05 38 36
04 40 37
09 39 38
14 39 35
10 39 34
10 37 33
11 38 32
14 39 32
15 41 32
14 39 32
15 40 32
16 40 32
17 41 34
19 42 35
20 42 34
19 42 34
19 43 34
16 42 34
15 42 35
12 42 34
08 44 36
05 47 38
12 46 41
14 47 37
13 47 35
14 43 34
16 45 38
18 46 37
20 46 37
18 47 37
18 44 37
18 44 36
19 44 38
18 44 39
18 44 39
16 45 40
15 46 40
17 46 40
16 44 39
13 45 38
12 47 39
11 47 39
13 44 36
11 44 36
12 41 36
16 39 36
17 39 36
18 40 37
16 39 37
17 38 37
17 39 38
18 39 37
19 38 37
17 38 37
17 39 37
14 38 35
13 39 34
12 40 34
08 39 35
04 40 35
08 39 37
09 39 37
08 38 35
09 36 35
12 36 35
14 36 34
16 37 35
17 38 35
18 39 35
17 38 36
18 39 36
17 39 38
15 38 39
12 40 41
09 40 43
03 41 44
06 35 43
05 34 41
04 33 41
10 33 40
12 34 37
08 33 35
06 36 35
07 35 33
10 35 33
13 36 33
14 36 32
16 37 34
16 38 34
17 38 34
18 37 33
18 36 33
18 38 34
15 37 34
13 39 34
12 40 34
06 40 34
06 39 35
12 38 35
12 39 36
09 37 36
07 39 35
13 38 37
13 37 36
16 38 35
16 38 35
17 38 38
15 38 38
16 39 37
15 39 40
15 39 39
10 40 40
08 40 41
10 37 40
05 37 36
04 39 38
06 38 37
11 38 34
11 38 33
09 37 32
07 36 31
10 35 31
12 35 32
13 35 31
15 36 31
14 36 31
15 37 31
17 38 31
17 37 32
18 38 33
15 37 32
12 38 33
13 37 34
10 38 34
08 38 34
09 39 35
14 37 37
13 37 36
09 36 35
09 35 36
12 36 36
12 37 36
14 38 35
15 37 35
14 38 37
14 39 36
15 37 37
13 38 39
12 39 40
11 38 41
10 41 41
10 39 41
06 35 39
06 36 40
05 36 38
11 35 36
10 35 35
08 36 33
08 34 34
11 35 32
12 37 31
13 37 31
15 36 33
16 37 32
17 38 34
17 38 32
17 37 33
18 37 33
14 39 33
12 37 34
10 37 33
05 37 33
03 36 37
14 37 40
13 40 41
10 40 40
09 38 38
12 35 38
13 33 39
14 33 39
15 32 40
14 34 41
13 36 39
13 36 38
14 35 38
14 37 38
13 38 38
11 38 35
10 37 35
10 36 33
11 36 31
10 38 29
10 39 30
09 38 29
09 38 28
12 38 27
11 39 27
10 39 27
11 38 28
12 39 28
12 38 28
13 37 28
12 35 29
12 38 29
11 37 29
12 37 31
12 37 31
11 37 31
11 36 32
10 37 32
10 36 33
12 34 34
14 33 35
16 34 35
14 36 38
12 35 37
07 34 37
09 34 39
12 33 39
13 33 39
14 33 36
15 34 37
16 33 36
14 35 37
15 35 37
15 37 37
16 36 36
15 38 37
11 38 37
08 39 37
03 36 37
03 38 38
04 37 39
13 37 38
11 36 35
11 36 34
09 38 35
10 35 35
12 36 33
15 36 32
13 36 32
13 37 33
15 37 32
15 36 32
16 36 32
15 37 32
13 37 33
10 37 34
09 36 34
06 36 33
07 36 34
13 37 37
17 37 39
12 38 36
09 35 35
10 37 35
12 35 37
13 37 38
15 38 37
16 37 38
17 37 38
14 37 38
12 37 39
13 37 40
13 39 41
09 40 42
07 38 41
05 37 39
05 33 39
06 36 38
11 36 36
11 37 35
07 35 34
07 36 34
11 34 33
14 37 33
15 35 33
16 35 33
15 36 32
16 37 32
17 36 33
16 36 33
14 36 33
12 36 33
11 35 33
07 36 33
07 37 34
10 36 37
12 38 39
09 37 38
07 35 37
08 34 36
13 32 36
16 33 35
17 35 36
16 36 37
16 38 39
16 38 37
15 38 39
15 38 39
14 38 40
10 39 42
07 39 41
05 36 39
01 31 38
03 33 38
12 34 36
12 37 34
10 35 33
09 36 33
12 35 32
14 36 32
17 35 32
17 36 33
16 36 32
16 38 32
15 39 32
13 39 33
12 40 33
10 43 34
09 42 34
10 43 34
08 45 36
11 46 39
18 49 39
17 50 36
16 51 34
15 51 37
19 50 34
21 50 34
22 49 34
24 51 33
28 49 34
29 51 34
30 53 34
31 51 37
33 50 38
35 51 37
36 50 40
36 48 41
38 48 41
38 51 42
36 49 44
33 46 47
30 43 49
31 44 50
31 40 50
30 43 53
30 42 53
30 44 52
32 42 53
34 41 51
34 39 48
33 39 48
33 42 50
33 40 51
33 41 52
31 41 52
30 42 52
31 38 52
32 39 52
31 38 53
31 39 53
30 39 53
31 38 51
31 40 51
31 39 53
30 39 51
30 38 51
31 38 52
29 36 51
32 38 52
