13 35 35
13 35 35
55 13 35
12 33 35
11 35 35
13 34 35
12 36 36
13 35 36
13 35 35
11 35 35
13 34 35
12 36 36
12 35 34
11 36 35
12 34 35
12 36 34
14 36 34
12 37 35
12 38 35
13 37 36
12 38 35
11 37 35
12 36 34
12 34 33
11 34 35
13 34 35
13 36 35
13 35 35
11 35 33
11 34 33
10 34 34
11 34 35
13 33 36
13 33 36
09 33 36
09 33 37
12 32 37
13 32 36
13 32 36
13 33 36
14 33 37
14 32 36
13 31 36
14 32 36
13 32 35
12 33 36
14 34 36
13 34 37
14 34 37
13 33 37
13 34 38
12 33 36
14 33 37
10 34 36
07 34 35
05 35 35
10 33 35
12 34 33
12 34 33
12 33 34
12 34 33
12 34 33
13 33 34
12 35 33
12 35 33
11 35 33
12 35 33
12 35 33
13 35 33
12 34 34
12 34 33
12 35 34
12 34 34
11 35 35
12 35 35
07 34 35
06 34 35
09 34 35
14 35 36
14 35 37
13 36 36
12 35 36
12 33 36
13 32 36
14 33 36
14 36 35
13 33 36
13 32 36
13 34 37
14 34 37
13 34 36
13 33 36
13 33 37
12 34 37
10 33 36
05 34 35
02 33 36
09 32 35
14 33 33
14 34 33
12 33 34
09 35 33
13 32 33
14 34 32
15 34 33
15 35 34
15 33 33
14 33 33
12 34 32
12 36 33
13 34 32
12 32 33
12 35 34
11 36 35
10 33 36
06 34 35
03 35 35
07 35 36
13 33 36
13 35 37
12 35 36
12 32 34
15 30 34
15 31 35
15 34 35
14 33 34
13 32 35
13 34 35
15 35 35
15 35 35
14 34 35
13 33 36
13 34 36
13 34 35
07 34 35
02 35 34
08 35 34
12 35 34
11 35 32
09 34 33
11 31 33
14 32 32
15 33 33
15 35 33
13 34 32
13 33 32
12 31 32
15 32 32
14 34 32
14 33 33
13 35 33
12 32 32
11 36 32
10 36 35
07 34 35
04 34 33
10 33 35
13 33 35
10 35 38
10 33 34
11 31 34
14 29 34
15 32 36
15 35 35
14 35 34
15 32 35
14 33 36
14 33 35
15 34 36
16 34 36
14 34 37
13 33 35
06 32 35
00 34 33
05 33 35
14 34 34
17 34 35
15 35 35
10 34 33
11 31 33
13 32 33
12 33 33
14 34 33
16 34 33
14 34 32
14 33 33
15 35 33
13 35 32
13 34 33
12 34 33
11 35 34
11 34 35
05 34 34
04 33 34
11 33 35
14 35 38
13 35 37
12 33 34
12 33 35
14 32 36
15 34 36
15 34 36
14 35 36
13 33 37
13 33 37
14 33 38
15 34 38
15 34 38
13 34 37
13 36 37
08 35 35
01 36 35
03 35 35
11 35 36
16 35 35
14 37 34
12 37 34
11 34 34
14 33 34
16 32 32
15 33 33
15 33 34
14 33 33
15 34 33
15 34 33
13 35 33
13 34 34
14 36 33
13 36 34
13 36 35
11 36 36
03 35 35
02 35 35
12 32 37
12 33 38
12 36 36
12 35 34
13 33 35
14 33 36
14 33 36
15 37 36
15 36 36
15 36 36
15 36 37
14 36 37
15 34 36
14 34 37
13 34 37
11 33 35
03 35 36
01 35 35
06 35 36
16 36 35
14 36 34
11 33 35
09 35 34
11 33 33
13 33 33
15 34 33
16 35 33
15 35 33
16 35 33
15 34 34
14 34 33
14 36 33
12 32 33
13 32 33
08 36 34
04 35 35
01 36 35
08 34 37
16 34 36
13 33 38
10 34 36
11 32 35
16 32 35
16 32 36
15 35 36
14 37 36
15 35 36
15 36 36
14 35 36
13 34 36
12 34 36
11 33 37
10 32 35
01 32 33
03 36 36
13 36 36
13 36 36
10 35 34
10 34 34
12 34 33
15 33 34
15 36 33
15 36 33
14 34 34
14 32 33
14 33 33
14 35 33
13 37 34
11 34 34
11 35 35
11 35 36
03 37 35
01 35 36
10 34 37
13 35 38
13 36 37
14 36 36
17 35 35
17 32 36
15 33 37
15 34 37
14 33 35
13 35 37
14 35 39
15 36 37
14 35 36
13 35 37
10 33 36
06 34 36
00 33 34
05 33 37
12 35 35
14 36 35
11 36 34
12 33 34
13 33 34
14 33 35
15 35 34
15 35 33
13 35 33
15 34 33
16 34 33
16 35 33
13 35 34
13 36 34
13 35 34
12 34 35
05 34 35
02 35 35
08 34 36
10 34 38
10 36 39
12 35 36
15 33 35
18 31 35
17 32 37
15 33 36
14 34 37
13 36 36
14 36 37
13 34 36
14 36 38
13 35 37
12 35 37
07 34 35
01 35 35
06 35 37
08 36 34
09 36 35
11 35 35
15 35 35
17 34 36
17 34 34
14 34 35
14 35 34
13 33 34
12 34 33
14 32 33
13 35 34
12 35 33
13 35 34
13 35 36
08 34 35
02 35 35
08 32 36
11 32 36
09 35 37
11 34 36
13 34 35
16 33 35
17 34 35
14 35 36
15 36 36
15 36 36
15 35 37
14 35 37
14 35 37
12 36 37
13 34 37
09 33 36
07 34 35
03 35 36
09 35 36
08 34 35
08 35 35
11 35 35
17 34 35
16 34 36
16 36 35
15 37 34
14 33 35
14 33 34
13 33 34
14 34 33
13 35 33
14 33 34
14 35 35
12 36 35
07 37 34
05 34 36
11 33 37
11 32 36
08 34 37
11 37 36
17 35 35
17 32 37
16 33 37
16 34 36
14 36 36
14 34 36
16 35 36
14 35 38
14 35 37
13 35 37
11 34 36
06 34 37
03 36 36
06 36 37
11 35 36
10 38 35
07 37 34
09 34 34
14 33 34
17 34 35
17 35 34
15 36 34
14 35 34
14 35 34
14 33 34
15 36 34
14 37 35
14 35 33
12 36 35
11 36 35
06 36 34
02 35 36
07 33 36
13 33 37
12 37 37
11 37 37
13 35 36
16 32 37
16 32 36
14 34 36
14 36 36
14 37 36
14 35 35
15 35 36
14 35 37
13 35 37
14 34 37
13 34 37
08 34 35
03 35 36
00 36 37
12 36 37
14 36 36
11 37 35
08 35 33
12 33 33
15 34 34
16 34 34
15 36 34
15 36 33
15 35 34
15 34 33
15 35 33
13 36 34
13 35 36
12 34 35
12 35 36
09 34 35
02 36 35
03 33 35
11 33 35
10 36 35
09 39 38
12 38 36
17 35 36
18 32 36
16 35 36
15 36 36
14 36 35
14 34 36
15 34 37
14 35 36
13 35 36
12 36 36
12 34 37
10 35 35
05 36 36
05 37 37
08 37 36
08 38 35
09 35 34
11 35 35
16 33 34
16 34 35
16 36 34
13 36 34
12 36 35
14 35 34
15 36 34
14 36 33
14 35 34
13 36 33
13 36 34
13 35 33
11 35 35
04 35 35
02 35 34
10 33 37
12 34 37
11 36 38
11 37 37
14 34 36
13 32 37
15 32 36
15 35 37
16 35 37
15 36 36
15 35 36
15 34 36
14 35 37
14 34 36
13 34 36
11 35 35
02 36 34
04 37 36
10 36 36
10 36 34
11 33 33
10 35 35
15 33 35
15 35 34
16 36 35
15 36 33
14 34 33
14 34 35
14 35 33
14 35 32
13 35 33
13 35 34
14 35 34
12 35 35
09 36 34
02 36 35
05 34 36
13 35 37
12 35 37
11 37 37
13 37 35
13 33 34
15 32 35
15 33 38
15 35 35
16 37 36
16 34 36
15 34 36
13 35 36
14 34 36
12 35 36
11 35 37
10 35 35
05 35 35
02 38 36
07 38 36
08 38 35
12 35 33
14 33 35
16 34 35
18 36 35
14 38 34
14 35 36
16 33 34
14 34 33
13 33 34
14 34 33
13 35 34
12 36 34
13 37 34
11 35 35
10 35 34
04 36 35
05 36 37
08 33 37
10 36 39
13 37 39
16 37 36
16 34 35
16 33 36
15 34 37
14 34 35
15 34 36
15 34 36
14 36 36
14 36 36
13 35 37
13 35 37
13 34 36
12 34 36
04 34 35
04 37 37
08 35 35
09 39 34
09 36 35
10 36 34
15 34 34
17 35 35
15 36 35
15 36 34
14 36 34
14 35 34
14 35 34
13 35 35
14 37 35
13 37 35
12 36 35
11 37 36
11 36 34
03 37 35
05 35 36
11 33 36
11 35 38
12 36 38
14 37 36
15 36 35
14 33 37
15 33 37
15 35 38
16 36 37
17 35 37
15 37 37
15 36 36
14 35 37
14 36 37
13 37 37
13 37 35
06 37 36
00 37 36
08 36 37
12 35 35
10 37 35
11 36 34
12 35 34
14 35 34
15 35 34
15 35 34
14 35 34
15 34 34
14 36 33
15 36 34
13 34 33
13 36 34
14 36 35
12 36 34
12 38 35
09 38 36
03 36 35
04 35 36
10 34 37
11 36 39
12 38 37
15 36 36
16 32 35
18 33 37
15 36 35
13 35 35
14 36 37
14 35 36
14 36 37
16 38 37
15 35 36
14 37 36
14 36 35
12 37 35
06 39 35
03 39 35
06 39 35
08 37 35
12 35 34
14 34 34
14 35 35
15 35 34
16 36 33
15 36 33
15 36 34
15 34 32
15 35 34
15 38 34
14 38 34
13 36 34
12 37 34
11 37 35
12 37 37
06 37 36
02 37 36
11 35 37
11 36 38
10 39 39
12 37 37
15 35 36
17 32 36
18 34 36
16 35 36
15 38 36
14 36 36
14 36 38
15 36 37
14 36 37
14 37 38
13 35 37
11 35 36
03 38 36
01 37 37
10 34 35
12 36 34
12 37 35
12 35 34
13 35 33
16 33 34
16 35 33
16 36 33
14 35 34
14 35 34
14 34 33
14 35 35
13 36 34
13 38 35
12 36 35
12 37 36
13 35 36
05 36 35
03 37 36
09 34 36
10 36 37
11 37 38
13 36 36
17 34 36
17 32 36
17 34 37
16 35 37
15 36 36
14 36 37
15 35 37
14 37 38
14 36 37
15 35 37
14 36 38
12 37 37
09 38 36
05 37 37
05 37 38
11 36 36
12 39 35
10 38 35
11 37 36
13 36 35
14 36 34
16 36 34
16 36 34
16 35 35
14 36 34
14 37 33
13 37 33
14 37 33
12 37 34
14 38 35
13 37 36
10 37 36
03 38 36
06 36 38
09 35 37
10 36 39
12 39 38
15 36 37
16 34 36
16 34 36
15 36 36
14 37 36
15 36 36
15 36 37
16 37 37
14 37 38
15 37 38
14 36 38
13 35 36
08 37 36
02 38 37
06 38 37
12 37 35
13 37 35
10 37 35
12 35 34
14 32 34
15 33 34
15 34 33
13 36 34
13 36 34
14 35 33
14 34 34
13 36 34
13 36 34
11 36 34
13 36 35
12 37 35
11 36 36
08 35 36
02 35 36
07 33 35
11 34 37
13 38 39
14 37 36
14 35 34
15 34 35
15 33 36
13 35 35
13 35 34
14 36 36
15 34 35
15 36 37
16 35 37
15 34 36
14 35 36
14 35 36
10 35 35
03 36 35
00 36 35
07 35 36
14 35 35
13 36 34
11 36 34
12 33 33
12 33 32
14 35 33
15 34 33
14 34 33
15 34 33
15 34 32
14 35 34
14 37 33
14 36 34
13 36 34
13 34 34
13 36 34
14 36 35
08 37 35
02 36 35
08 34 36
11 35 36
12 38 37
13 37 36
14 36 35
13 35 37
15 34 36
13 36 36
13 34 36
12 35 36
12 34 36
13 34 36
13 35 34
14 33 35
14 32 34
15 33 35
11 34 34
09 33 33
02 32 33
01 33 32
10 31 32
15 33 33
14 34 36
13 31 32
12 31 33
11 32 32
13 33 32
14 32 32
13 33 32
13 33 32
12 32 32
14 33 32
14 33 33
14 33 34
13 33 34
12 33 34
13 34 34
14 34 36
10 34 36
02 35 35
02 34 35
12 30 37
16 32 37
14 35 38
11 34 37
12 32 36
14 30 37
17 32 37
15 35 37
13 36 37
12 36 38
13 33 39
14 33 37
14 35 37
15 34 38
12 33 37
13 32 36
12 31 37
08 32 36
08 34 35
11 31 33
13 32 34
12 32 34
09 32 33
09 32 32
11 30 33
11 31 33
12 30 33
14 30 33
14 31 32
12 32 33
13 32 34
12 33 33
12 32 34
12 33 34
11 34 34
09 34 32
13 34 35
15 33 34
13 35 35
13 36 37
11 34 36
10 34 38
11 33 38
13 33 38
13 33 38
13 34 37
12 33 38
12 33 38
12 34 38
13 33 38
13 33 37
13 33 37
12 33 37
12 32 38
12 32 37
12 33 38
12 33 38
13 34 37
12 33 38
14 34 37
13 33 38
12 34 37
12 34 38
12 34 37
11 33 37
12 34 37
12 34 37
13 33 37
13 33 39
12 33 37
12 33 36
10 33 38
12 32 37
