13 38 35
13 38 35
13 38 36
13 38 36
13 38 35
14 37 36
13 36 37
17 39 38
14 39 38
14 39 38
14 38 38
14 38 38
14 38 39
14 40 37
15 39 37
14 38 38
14 39 38
14 40 38
14 39 39
16 40 38
15 40 39
15 40 38
13 39 39
12 39 38
11 38 38
09 39 37
07 38 37
05 39 35
12 38 36
13 38 37
14 38 36
13 37 35
10 37 35
10 38 34
10 40 34
12 38 34
15 38 34
18 38 35
18 39 36
18 39 34
16 38 34
16 39 34
14 39 35
15 41 35
14 40 36
11 40 36
11 40 36
04 40 36
01 40 34
07 39 36
14 40 37
14 39 36
14 36 34
12 37 34
13 39 35
18 38 36
19 37 38
19 37 36
18 37 38
17 36 36
14 37 36
17 37 37
18 40 38
16 39 38
15 38 38
12 38 37
07 39 36
00 41 36
00 40 36
07 41 36
12 40 36
10 41 35
10 39 36
12 38 35
15 38 36
16 39 36
17 37 35
17 38 34
17 38 35
17 38 34
16 38 35
18 38 34
15 38 34
12 37 36
10 38 34
08 38 35
01 39 33
05 39 32
15 38 38
13 39 38
12 38 35
13 35 35
16 36 36
18 39 38
20 38 36
19 38 37
17 37 36
15 38 36
15 39 37
17 39 37
14 39 38
14 39 38
11 38 39
08 38 37
00 40 36
03 40 37
11 41 38
11 39 36
10 40 36
10 37 33
12 38 33
14 38 34
16 37 35
18 36 35
16 37 35
17 38 33
16 37 34
17 37 35
15 37 33
13 37 33
11 39 34
09 38 35
05 39 36
02 39 33
10 37 35
16 40 39
12 38 38
08 37 36
10 35 35
14 37 36
16 39 37
17 37 36
20 36 37
20 37 37
17 38 37
15 37 37
17 38 36
16 37 37
14 38 37
10 39 38
05 36 34
00 40 34
07 39 36
12 40 34
11 40 35
10 36 34
10 37 32
13 38 32
15 40 35
17 37 34
18 35 34
17 36 34
18 38 33
18 38 34
16 38 34
15 39 35
10 39 35
08 39 36
08 39 35
03 40 35
06 39 35
15 38 36
15 38 37
10 35 34
12 33 34
15 36 35
16 36 35
17 36 36
18 33 37
18 37 36
16 38 36
15 37 36
16 39 37
16 38 37
15 39 39
13 39 39
11 39 38
07 39 37
01 41 35
05 40 36
10 41 36
11 40 35
09 40 34
10 37 33
12 37 33
15 38 33
16 38 32
17 35 32
18 36 32
18 37 33
15 38 34
15 38 34
15 38 35
13 39 35
09 39 34
08 39 35
02 40 34
01 38 32
14 38 35
13 37 37
10 37 34
12 34 33
14 35 34
17 38 36
20 40 35
20 37 36
17 37 36
18 37 36
16 38 36
15 39 37
16 40 37
14 39 38
12 39 37
10 37 36
01 38 35
00 40 36
10 39 37
13 38 35
11 38 36
09 36 34
11 35 34
14 37 34
17 38 34
16 37 34
15 35 33
17 37 34
16 38 34
17 38 35
16 38 34
15 37 35
14 38 34
11 38 35
07 39 34
00 38 34
05 36 33
16 39 38
12 39 38
09 37 34
13 34 34
14 36 36
16 37 36
16 38 37
18 35 36
18 35 35
16 38 36
15 39 36
17 39 37
15 40 37
14 39 38
11 39 38
07 39 36
00 40 36
04 40 36
11 40 37
11 39 35
09 40 36
12 37 35
14 38 35
16 38 34
18 39 35
18 37 34
18 38 34
17 38 34
17 38 34
16 38 34
16 38 35
14 38 35
11 37 35
06 38 34
00 38 32
05 39 32
14 38 38
12 37 37
10 36 34
14 34 34
16 36 36
18 40 36
19 39 37
18 36 36
17 37 36
16 39 36
16 39 36
16 39 36
17 39 37
15 39 38
11 39 37
07 39 36
01 39 35
02 40 34
09 40 37
10 39 35
11 38 35
10 37 34
12 37 34
14 38 34
17 38 34
18 37 34
19 38 33
16 38 34
17 38 34
17 38 33
17 38 33
14 38 34
11 37 34
07 38 33
01 39 33
03 39 33
13 40 38
14 38 38
10 38 36
11 36 36
14 35 36
15 39 38
18 38 37
17 36 37
17 36 37
16 37 36
16 38 35
17 38 36
16 38 38
16 39 38
11 40 37
07 37 35
00 40 35
03 40 36
11 41 36
11 39 35
10 38 35
10 37 35
15 38 35
16 39 34
16 37 35
18 37 34
18 38 33
18 37 33
17 37 33
17 38 33
17 38 34
16 39 34
12 38 35
08 38 35
06 38 34
00 38 33
07 39 35
15 37 39
13 38 36
11 37 35
13 35 35
16 36 36
17 36 37
18 36 37
18 37 37
16 38 36
16 40 36
13 38 37
15 38 38
15 38 38
13 38 38
10 38 38
07 37 37
01 42 36
04 40 37
10 40 37
12 39 35
13 39 35
12 36 34
14 39 32
14 38 33
16 38 32
16 36 32
16 36 33
17 37 32
16 37 34
17 37 35
16 38 35
14 38 36
10 39 35
07 39 35
02 38 33
02 40 32
14 40 37
14 39 36
12 36 33
13 36 34
16 36 35
17 38 36
18 38 37
19 37 36
18 36 37
18 37 36
16 38 36
14 38 36
16 38 37
15 39 37
13 39 38
10 39 37
05 39 36
00 41 36
05 41 37
11 39 36
11 38 36
09 36 34
12 36 34
13 38 34
16 38 34
17 38 32
18 37 32
16 38 33
17 38 33
18 39 33
18 38 33
16 38 34
12 41 35
10 39 34
06 40 35
00 39 33
07 37 34
14 38 39
11 36 36
09 32 34
13 32 35
15 35 36
17 37 36
18 37 37
16 36 35
16 38 36
16 37 36
15 38 37
16 37 36
16 37 37
13 38 37
09 37 36
04 39 34
02 40 36
07 39 36
09 38 36
08 38 36
10 36 35
09 36 33
13 37 34
16 37 34
17 34 34
17 35 34
16 36 33
17 37 33
16 38 33
17 38 34
17 38 34
13 39 34
11 37 34
07 37 34
01 37 32
03 37 33
12 36 37
14 34 37
10 35 35
12 34 36
15 36 37
16 36 37
17 36 36
17 37 36
16 37 37
16 36 37
17 37 37
16 37 37
16 39 37
13 38 38
08 37 36
01 39 35
00 40 35
09 39 36
12 36 34
13 38 35
12 39 35
10 38 34
13 37 34
15 39 34
17 39 32
15 37 34
18 39 33
17 39 35
17 38 34
16 38 35
13 38 35
11 39 34
09 38 35
06 39 34
02 38 33
08 39 35
16 39 38
13 37 37
10 34 34
11 35 34
13 37 36
16 38 36
16 35 37
17 36 36
16 38 36
15 38 36
16 38 36
14 36 36
16 37 37
14 36 38
12 37 38
09 37 35
00 39 33
02 38 35
10 38 35
13 38 35
11 35 36
11 34 34
12 36 34
13 37 34
16 37 35
15 36 34
17 36 33
16 37 34
17 37 32
16 37 34
14 38 32
14 39 33
10 37 33
08 38 33
04 38 34
04 37 33
13 39 38
16 39 39
13 36 36
13 34 36
14 36 36
15 37 37
18 36 36
18 36 36
17 37 36
14 38 36
15 38 37
17 39 36
15 38 37
14 38 37
09 37 36
03 37 35
00 38 35
06 38 35
13 37 36
12 36 36
11 33 34
11 34 33
12 35 34
14 35 33
16 34 34
15 34 32
14 36 32
14 36 34
15 37 34
14 35 32
13 36 33
12 36 34
10 37 35
09 38 35
03 37 34
05 36 35
14 39 39
17 37 41
13 35 37
13 35 36
14 37 37
16 39 38
18 38 37
17 37 38
17 37 38
16 37 37
15 38 38
16 38 39
15 38 39
13 36 40
13 36 37
10 36 37
01 38 36
01 38 36
10 39 35
13 37 35
13 37 35
09 36 35
11 36 33
14 38 34
16 38 34
16 39 34
17 37 33
16 37 32
16 38 32
16 36 33
13 39 32
13 38 33
10 37 34
07 37 35
01 36 32
05 36 35
14 37 40
13 36 38
10 33 34
12 33 35
14 37 38
16 37 37
17 36 37
17 35 37
15 37 37
16 36 36
16 36 36
16 37 37
16 39 38
13 37 39
10 39 38
10 37 36
04 37 35
00 37 37
06 38 36
12 38 36
14 37 37
12 36 36
11 35 35
11 35 35
13 35 34
14 36 33
15 35 32
14 35 33
16 37 34
15 37 33
15 37 33
15 38 35
13 38 35
11 38 36
10 37 37
07 39 36
02 37 35
06 38 36
14 38 38
16 37 38
15 36 36
13 35 36
12 36 35
14 38 36
17 37 37
19 35 36
16 36 37
15 36 37
14 37 37
15 38 37
15 37 37
15 38 37
14 38 40
15 36 39
12 37 39
08 37 38
00 38 37
07 37 36
14 37 37
15 37 38
14 35 37
11 34 35
10 37 37
11 37 36
13 37 36
15 37 35
15 36 36
15 36 35
14 39 35
14 39 35
13 37 36
14 39 36
12 40 36
11 39 36
13 40 38
15 39 37
15 38 35
11 38 36
12 39 36
10 39 37
12 37 38
12 37 39
12 36 38
13 35 39
13 37 40
13 36 39
13 35 40
13 36 40
14 36 40
14 37 40
15 35 39
15 37 39
13 39 41
14 40 40
14 39 41
15 40 41
14 40 42
15 39 41
14 39 42
