32 47 40
32 47 40
32 48 37
31 46 34
29 44 34
26 48 34
24 44 33
21 46 32
10 55 32
11 48 32
11 45 35
09 45 35
08 43 35
09 41 36
09 41 39
09 40 39
09 41 39
09 35 41
11 46 36
13 45 35
14 40 35
15 36 35
14 38 33
13 39 33
12 38 33
13 36 34
12 36 34
10 37 36
08 37 37
07 42 38
09 42 38
11 43 37
12 41 35
14 40 32
11 38 33
09 35 32
06 36 30
05 34 30
09 36 31
11 35 31
14 36 32
15 38 32
16 36 34
17 38 32
17 36 33
17 36 34
18 37 34
18 36 33
15 36 34
10 37 33
07 37 34
04 36 33
00 37 34
02 37 33
13 38 36
18 36 35
14 35 32
11 38 31
11 37 33
12 36 34
16 37 33
17 39 33
16 39 33
15 39 32
14 40 33
14 39 33
11 37 33
11 39 34
07 18 46
08 33 35
08 44 36
04 40 33
02 35 33
06 38 34
11 37 34
10 37 34
08 37 32
07 36 30
09 34 33
10 36 32
13 37 32
13 35 30
14 36 31
14 35 32
15 36 31
18 36 31
18 35 31
17 35 32
17 37 32
15 36 34
13 37 35
09 37 35
02 36 33
05 35 33
10 36 37
12 36 36
11 35 33
09 35 33
09 35 34
14 37 33
15 38 33
16 38 34
15 38 34
14 39 34
14 39 34
12 38 34
12 37 35
10 35 37
10 33 38
08 37 39
08 40 37
04 41 35
03 39 36
10 34 35
13 33 35
11 36 33
08 34 32
09 35 32
10 36 32
12 35 32
14 35 32
15 36 32
13 36 31
15 36 31
16 35 32
17 35 32
17 36 33
16 38 33
14 37 34
11 35 35
10 35 36
05 35 34
03 36 34
08 36 34
12 36 36
15 36 36
12 37 36
11 36 34
11 35 34
13 36 34
13 37 34
13 38 35
14 37 35
12 37 35
12 38 34
13 37 34
12 34 36
11 31 37
12 32 36
10 34 36
09 35 34
10 38 34
06 38 34
04 40 35
09 36 36
12 36 35
09 36 34
07 34 32
07 34 32
09 37 32
11 36 33
12 36 33
13 36 32
12 37 33
14 35 33
14 36 34
15 35 34
15 36 32
15 36 33
14 37 34
12 37 36
11 36 34
07 37 34
05 37 33
07 36 34
09 37 35
12 35 33
11 36 31
06 36 31
11 36 31
12 38 32
13 38 32
13 39 33
16 38 33
14 38 33
13 37 33
13 36 34
13 37 33
14 38 34
14 37 35
12 34 38
12 33 39
12 36 40
11 39 38
05 40 37
06 39 36
09 38 36
12 37 37
12 37 36
12 37 37
10 36 34
06 36 32
05 34 32
08 34 32
10 37 33
14 36 32
12 37 33
13 37 32
13 37 32
15 36 32
14 37 33
15 37 32
15 36 32
14 36 33
13 38 33
12 37 34
10 35 35
08 36 32
06 36 33
08 38 33
09 39 33
10 39 33
11 38 33
12 37 32
13 37 32
13 36 31
12 38 32
12 36 31
14 38 32
14 37 33
13 37 35
13 37 34
13 40 36
13 34 43
10 37 46
12 45 38
13 47 35
12 39 34
11 34 36
13 35 36
10 39 35
10 41 35
07 40 35
08 38 34
10 38 37
12 34 38
12 30 37
13 34 36
12 34 35
12 35 33
10 39 33
09 36 31
10 35 31
10 35 31
14 37 32
14 36 30
16 38 32
13 35 32
13 35 31
12 36 33
13 36 33
13 35 33
13 36 35
13 35 34
12 37 36
09 36 37
09 34 36
06 35 35
05 35 36
08 36 36
12 37 37
16 36 37
14 36 34
10 35 33
12 34 33
10 35 33
13 35 34
14 35 33
14 37 34
13 38 35
12 37 35
11 33 36
12 34 39
13 35 38
12 35 38
13 37 38
14 37 36
13 39 35
12 38 35
14 36 35
11 38 34
08 39 34
05 39 36
07 37 35
11 36 36
12 35 35
12 34 33
09 35 32
09 35 33
10 37 32
13 35 32
12 38 32
13 36 32
15 37 31
12 35 32
13 34 32
16 35 34
15 36 32
16 35 33
15 35 34
13 36 34
12 35 35
10 37 34
05 34 35
05 36 34
08 36 35
11 36 36
14 36 36
15 36 35
11 34 33
11 35 34
13 36 34
13 36 35
14 37 34
13 38 35
12 36 35
12 36 35
12 36 34
13 36 35
14 36 36
12 36 35
12 35 36
12 35 36
10 37 35
10 38 35
09 38 34
08 38 35
06 38 35
09 38 34
11 37 35
11 37 35
10 37 33
08 35 33
07 34 32
09 36 32
10 35 32
11 36 32
12 36 33
13 36 31
14 36 31
15 36 31
13 35 33
16 35 33
17 36 34
16 35 34
15 36 34
13 36 34
11 35 35
09 38 34
06 37 34
05 37 34
08 37 35
11 36 35
11 36 36
10 35 34
14 34 32
10 35 32
11 36 34
12 36 34
14 36 35
14 36 36
14 36 36
13 35 37
14 34 37
14 35 37
11 36 37
12 35 35
12 35 34
12 35 33
13 37 35
12 36 35
12 37 35
10 37 35
05 39 35
05 37 35
07 36 35
10 37 35
14 36 33
11 35 31
09 32 30
09 33 27
11 36 29
12 37 30
14 38 31
13 39 31
13 38 31
13 37 32
13 36 32
13 36 32
13 36 32
13 35 33
14 36 33
14 37 33
13 36 33
10 35 33
10 37 32
09 38 31
03 36 28
06 33 28
12 36 32
15 35 33
15 35 33
11 35 32
09 36 33
10 35 33
12 36 34
12 36 36
13 34 37
13 34 37
12 36 36
11 36 35
14 35 34
13 35 33
15 35 33
14 36 32
13 35 34
12 37 34
11 35 34
11 37 34
09 36 36
05 37 35
06 38 36
07 37 36
12 35 36
14 38 34
13 36 35
09 36 33
08 36 34
09 35 32
10 35 31
11 35 31
13 37 32
11 37 32
13 35 31
14 34 32
14 36 32
13 36 32
16 36 32
17 36 34
16 37 34
15 35 35
13 36 34
12 38 35
09 35 34
07 37 33
02 38 33
01 38 34
07 37 36
12 39 37
16 37 35
17 36 33
13 37 32
10 37 32
10 37 33
14 36 33
14 35 34
15 35 35
14 35 35
13 34 34
11 33 36
12 33 37
11 35 37
12 34 36
13 35 35
14 37 36
14 37 34
13 37 35
11 37 34
09 38 34
03 38 34
06 38 35
09 36 35
12 36 35
14 36 36
12 37 34
09 36 34
07 36 33
08 35 32
12 36 32
11 36 33
12 36 32
14 37 32
14 37 33
15 35 32
14 37 33
15 36 32
15 37 33
14 36 33
15 37 33
14 37 35
12 37 35
12 37 35
10 36 34
07 36 34
02 38 34
04 34 33
09 36 35
13 38 37
16 37 34
12 37 33
10 37 33
10 36 32
12 36 34
13 36 34
13 35 35
15 34 34
13 34 35
10 33 35
11 31 36
12 34 36
13 34 36
13 35 36
13 35 35
14 37 34
14 35 35
13 36 34
12 36 35
11 36 36
08 36 35
07 37 34
09 37 34
10 35 35
10 36 35
13 36 35
12 35 35
13 36 35
13 34 34
10 34 33
10 34 33
09 34 32
08 35 31
10 36 31
12 35 31
13 37 32
15 36 32
13 36 31
13 35 32
13 37 31
12 37 32
12 36 31
12 37 31
11 36 32
11 38 30
11 38 32
10 38 31
12 39 33
10 38 31
10 39 32
09 38 30
11 38 32
11 38 31
10 37 30
08 38 32
07 36 31
12 38 31
14 36 32
14 35 33
12 34 32
14 34 31
12 34 33
12 32 33
11 32 33
10 31 34
10 33 34
10 31 35
11 32 35
11 31 34
11 32 36
10 33 35
12 34 35
12 35 36
14 35 36
13 35 35
13 34 35
14 35 36
14 36 36
13 36 36
12 36 37
12 35 37
09 35 37
06 34 36
09 35 37
09 34 36
11 30 37
12 35 39
12 37 37
12 35 35
11 34 33
10 34 32
11 35 31
10 34 31
12 36 32
11 36 32
14 37 31
14 37 32
14 35 32
13 36 33
13 37 32
11 36 34
13 36 35
12 35 34
12 35 34
13 35 35
13 36 35
12 37 35
12 36 36
10 35 36
09 35 36
09 36 35
05 37 35
07 35 35
10 35 34
15 35 35
15 35 35
14 35 34
13 36 34
12 34 34
13 36 33
13 35 34
13 36 35
12 34 35
12 35 35
12 35 36
12 34 35
11 35 34
11 34 35
13 35 35
13 36 34
12 36 34
12 36 34
12 36 34
11 36 33
11 36 33
10 37 34
12 36 34
08 37 34
09 38 33
09 37 35
10 36 35
11 35 34
11 36 33
10 36 32
11 37 32
10 36 31
10 37 31
13 35 30
14 36 31
13 37 33
13 36 31
13 37 32
13 37 32
14 37 31
14 37 32
13 36 32
14 36 32
14 37 33
12 34 33
12 36 33
11 36 34
08 36 34
04 36 34
08 35 34
12 36 33
14 36 35
15 34 33
13 35 32
10 36 34
09 35 34
14 36 34
14 36 35
13 36 34
11 36 34
11 36 34
12 36 34
13 36 33
13 34 34
14 35 33
13 33 34
13 35 34
11 35 33
11 36 34
11 36 33
10 37 33
09 37 33
05 37 34
06 37 35
10 37 34
10 36 34
10 35 34
10 32 33
10 33 33
09 36 34
11 37 32
11 36 31
13 36 32
13 36 32
13 35 31
13 36 31
14 35 32
16 36 31
15 36 32
16 36 32
14 36 32
12 37 33
10 35 32
07 35 34
04 36 34
08 35 35
12 34 36
13 36 37
11 36 35
07 34 32
11 33 33
11 34 33
15 35 34
15 35 34
13 35 34
11 36 32
14 36 33
13 36 34
14 36 35
13 36 34
12 37 34
12 35 34
09 34 36
10 36 35
09 37 35
11 39 34
07 39 34
04 39 35
08 38 36
11 35 33
10 34 33
10 33 32
12 30 31
11 29 32
12 35 33
13 39 31
11 37 31
13 35 30
14 36 32
14 35 32
14 37 32
14 34 32
15 36 32
14 35 32
14 35 32
13 37 33
10 36 33
08 35 34
05 35 33
05 37 33
08 34 35
12 35 36
12 35 36
13 34 34
12 37 34
13 35 35
15 37 36
15 37 35
15 36 36
13 37 36
13 37 36
13 36 36
15 38 35
13 35 35
13 36 35
11 35 35
12 36 35
09 36 34
07 37 34
06 38 34
03 38 36
06 35 34
11 37 34
10 34 33
09 35 33
09 35 32
11 36 31
15 35 33
12 36 32
14 37 31
14 36 32
15 36 32
16 34 33
16 36 33
16 36 33
16 35 33
15 37 33
13 36 34
14 37 32
09 37 33
07 36 34
02 38 34
03 36 33
12 36 34
14 36 35
12 36 34
12 36 34
12 35 33
12 36 34
13 37 33
14 37 34
14 36 34
13 38 35
15 37 35
14 38 34
13 37 36
13 34 36
11 34 37
12 36 36
11 37 36
08 39 35
09 37 34
06 39 35
05 38 36
08 37 36
11 36 33
09 37 33
08 35 33
10 35 32
11 37 32
12 37 32
12 36 31
13 36 31
11 37 31
13 35 31
14 35 30
14 36 31
14 36 32
15 36 31
16 36 32
15 37 31
13 38 34
10 35 33
04 36 34
03 35 36
08 35 37
15 32 39
16 34 41
11 35 39
10 35 38
12 34 37
15 34 36
15 36 35
14 36 34
14 38 34
13 37 34
13 36 33
14 36 32
14 37 34
13 37 33
11 37 33
10 37 34
09 38 35
07 38 34
05 38 35
06 38 36
12 36 36
08 34 33
07 34 31
08 34 32
10 35 33
08 36 33
13 34 31
13 36 31
14 35 31
12 36 31
14 37 32
14 35 31
15 35 30
15 36 31
14 36 32
13 36 30
12 35 32
09 35 33
09 35 33
02 37 33
07 36 33
13 34 36
13 37 37
12 37 37
10 35 35
12 33 35
13 34 36
13 37 36
15 37 36
14 37 36
12 35 35
13 38 34
14 36 35
12 36 36
14 35 35
13 36 35
11 35 34
10 37 35
08 36 34
05 38 35
04 37 34
07 35 34
10 36 32
07 36 32
08 33 32
11 35 30
11 34 30
15 36 30
13 35 32
14 35 32
14 35 33
15 36 34
15 35 32
14 36 33
13 36 33
13 36 34
12 36 34
10 36 33
08 35 34
04 35 32
08 36 31
11 36 35
13 36 33
11 35 33
13 36 32
12 36 34
13 37 34
15 37 35
16 36 35
15 37 35
14 37 35
13 36 36
14 38 37
14 38 36
12 37 36
12 37 37
11 36 37
09 37 38
10 37 37
10 37 37
05 39 38
04 38 36
09 37 35
11 36 34
09 35 33
09 34 32
11 36 34
12 36 34
11 37 32
13 37 32
13 36 30
12 35 29
11 36 28
14 36 30
12 35 30
14 35 29
13 36 29
12 37 32
11 37 31
10 36 32
08 38 33
05 37 34
08 35 33
14 35 37
16 36 38
16 35 35
12 34 36
10 34 35
12 35 36
14 37 37
14 36 37
13 35 36
12 35 36
12 36 36
12 36 35
11 39 35
11 36 35
13 36 35
12 39 36
13 39 35
12 39 35
12 39 36
13 39 34
13 40 35
08 42 36
06 41 36
10 39 34
10 39 33
09 39 32
10 38 32
11 38 31
12 39 32
12 39 31
15 38 31
14 38 33
14 39 32
14 37 31
14 38 33
15 37 32
16 38 33
14 38 34
14 37 34
14 38 35
10 39 34
07 38 34
03 38 32
07 36 32
11 38 34
13 37 35
10 39 34
06 35 32
09 34 32
12 36 33
14 37 33
15 38 34
14 37 35
12 34 35
14 36 36
15 35 37
14 37 35
13 36 35
13 37 35
12 37 35
10 37 34
10 37 34
09 36 34
04 38 35
04 39 36
05 38 36
09 36 34
12 35 34
08 34 32
07 34 31
07 34 32
10 36 32
15 38 32
13 36 32
14 37 32
15 36 32
15 35 32
15 36 33
16 35 32
16 35 32
16 37 32
15 36 33
13 35 33
10 37 34
10 35 35
08 36 34
02 37 34
03 36 34
08 38 36
14 36 36
14 36 35
09 35 34
10 36 33
12 36 34
12 36 34
13 37 35
12 37 35
14 38 35
13 36 35
12 37 36
11 35 35
12 36 34
13 35 35
12 34 35
13 32 35
12 34 33
12 35 34
11 38 34
09 38 34
07 39 33
07 39 34
08 40 33
09 41 32
09 41 30
07 42 31
07 42 32
06 44 32
08 43 32
10 43 32
14 44 32
17 43 33
17 43 33
18 47 33
19 50 34
20 49 35
21 48 36
24 48 37
27 51 40
30 46 40
32 47 39
34 47 41
35 46 42
36 44 43
38 47 46
35 44 47
33 47 48
28 47 49
31 43 49
32 41 48
33 43 49
32 43 49
32 44 50
32 43 48
31 42 50
32 42 50
32 41 50
32 40 51
33 41 51
33 41 51
33 41 51
34 40 50
33 41 51
34 42 50
34 42 52
34 42 50
33 42 51
35 44 51
34 42 52
33 43 51
34 41 50
35 41 49
35 41 50
35 43 50
34 41 49
35 41 50
35 41 50
34 41 50
34 42 51
34 42 51
34 42 50
34 42 50
34 42 51
34 41 51
35 42 51
34 43 50
34 41 51
34 42 51
35 42 51
33 41 50
34 41 51
33 41 50
34 42 51
34 42 50
34 41 50
34 42 50
35 42 50
34 43 52
34 41 51
34 41 51
35 42 50
34 41 50
33 42 50
33 42 51
35 42 50
34 41 52
34 41 50
33 43 51
32 39 51
32 39 52
