13 35 34
13 35 34
12 33 34
57 33 32
12 33 33
13 33 34
12 33 34
10 33 35
12 34 34
12 32 35
12 33 35
12 34 34
12 35 35
11 35 35
12 34 35
12 37 36
12 35 34
13 36 34
12 36 35
13 37 33
12 38 36
12 38 34
12 36 35
13 37 34
12 37 34
13 36 35
13 37 34
15 37 34
13 36 34
12 36 34
13 37 34
12 35 35
11 35 34
11 34 34
09 35 35
08 36 34
05 35 33
07 33 33
13 32 34
17 34 34
13 35 34
09 35 36
10 33 34
14 33 35
15 34 36
14 32 35
13 34 34
12 34 36
13 33 37
14 34 35
12 35 35
12 34 35
11 33 35
12 33 35
11 33 34
03 37 33
05 35 34
11 33 34
14 32 31
13 32 33
13 34 35
13 34 34
14 35 33
13 35 34
12 36 34
13 33 34
13 34 34
13 34 33
13 36 34
12 34 34
11 34 34
11 32 35
10 33 33
11 31 33
06 33 33
07 33 32
09 31 33
10 34 34
11 33 35
14 31 32
16 30 34
17 32 34
16 35 36
14 34 35
13 33 35
13 33 35
13 33 36
12 35 36
12 34 36
13 33 35
13 33 34
12 33 34
07 35 33
04 34 34
07 33 34
08 33 33
11 33 32
12 30 33
15 31 32
15 36 32
15 35 32
14 34 31
12 33 33
12 31 33
13 33 33
12 32 33
14 34 33
14 33 33
12 31 34
11 31 34
03 32 32
05 31 31
08 31 34
12 33 36
13 34 36
14 34 34
16 31 33
15 31 34
14 31 35
12 34 35
14 35 36
12 34 37
13 34 37
14 33 37
13 34 37
13 33 37
11 34 36
09 33 35
03 34 35
05 36 36
08 34 35
09 36 33
12 34 34
15 34 34
17 34 34
17 36 34
15 35 34
13 34 33
14 32 34
14 33 34
13 35 34
13 34 34
13 35 35
13 34 35
12 35 36
09 35 35
01 34 33
06 35 35
10 33 35
12 34 36
12 37 38
14 36 36
16 33 34
15 30 33
14 33 36
14 35 35
13 36 36
14 35 35
14 33 36
14 32 36
15 33 35
13 33 36
13 33 35
07 33 34
00 36 35
04 35 34
09 34 32
12 33 32
16 32 35
15 35 35
16 35 34
15 36 33
14 35 34
13 35 34
13 34 33
13 35 34
12 34 34
12 34 34
12 34 34
12 33 34
10 34 35
09 35 35
02 34 34
07 33 34
12 34 35
10 36 37
12 37 36
13 36 35
16 33 35
17 31 35
14 34 36
14 36 35
15 35 36
14 34 37
14 35 36
14 35 36
13 36 36
12 34 36
11 34 35
04 36 35
03 36 36
08 35 35
08 37 33
10 36 34
13 34 34
15 34 35
16 35 35
16 36 35
15 36 34
14 34 34
14 33 35
14 33 33
13 35 33
13 35 35
14 36 33
12 35 33
13 36 34
11 34 34
03 35 34
07 33 35
11 32 36
11 36 36
10 36 37
14 34 36
15 31 36
18 31 36
15 34 37
13 36 36
14 35 37
14 34 38
13 35 37
15 35 36
13 35 36
14 34 37
12 33 36
07 35 35
02 35 35
08 35 37
10 35 35
08 36 34
09 35 34
13 33 35
15 32 35
18 33 34
15 34 34
14 33 33
14 33 33
14 34 33
14 34 34
14 33 33
13 36 34
13 34 34
12 36 36
12 36 36
06 34 35
05 36 37
11 31 36
11 35 37
10 37 38
13 35 37
16 32 36
17 32 35
16 33 35
13 37 35
12 35 36
13 35 35
13 34 35
13 35 36
14 35 35
12 35 36
14 33 35
09 32 33
00 36 34
03 33 33
08 33 33
13 29 33
12 32 34
15 32 33
15 34 32
15 33 33
13 35 32
13 32 32
13 35 32
14 34 33
13 34 32
13 34 33
13 35 32
11 34 33
12 33 34
10 34 34
08 33 34
04 35 33
04 31 33
13 32 36
13 36 37
12 36 37
11 32 33
15 29 34
13 30 35
15 33 35
15 34 35
14 34 35
13 32 37
14 33 36
15 34 36
13 34 37
14 33 37
12 34 36
08 35 35
02 34 35
07 34 36
07 35 35
09 37 33
10 35 35
14 33 34
16 35 35
15 36 35
15 35 34
14 34 33
13 33 33
14 33 33
15 35 32
14 34 32
12 35 33
12 35 34
12 35 34
09 35 35
03 35 34
04 33 36
12 31 36
13 35 38
11 35 38
12 34 35
15 31 34
16 31 35
15 34 35
14 34 35
15 34 36
14 35 36
14 34 37
14 35 35
13 36 37
13 34 38
13 34 38
11 34 37
05 35 36
04 34 36
11 35 36
11 34 35
10 35 35
09 34 34
12 33 35
15 31 34
17 33 34
15 34 33
15 35 32
14 34 32
13 35 33
13 34 33
13 36 34
14 35 34
12 36 33
11 34 35
08 35 35
02 34 34
07 33 35
13 32 37
14 36 37
12 36 36
14 32 35
16 29 34
15 30 35
15 34 34
12 35 35
14 35 35
14 33 36
14 35 36
15 34 36
15 35 35
14 34 36
12 35 35
05 34 35
02 35 35
09 35 35
12 35 33
10 37 33
11 35 35
12 33 34
15 33 34
15 34 33
15 35 34
14 35 34
15 34 34
13 33 34
14 34 34
13 34 33
12 34 33
14 34 34
11 34 34
07 36 34
01 35 34
07 32 35
13 32 36
14 35 38
12 35 37
12 35 35
14 31 34
16 29 35
16 32 36
15 35 36
14 35 36
15 35 36
14 36 37
15 36 38
14 36 37
11 36 37
12 35 37
09 35 35
03 36 36
05 35 35
12 34 35
12 36 35
09 36 33
12 35 33
14 33 33
16 32 33
16 34 33
13 35 33
13 33 34
13 34 33
13 34 33
13 34 32
12 34 34
11 35 33
11 35 34
12 35 35
08 34 35
02 34 34
08 32 36
12 32 36
11 34 37
10 34 35
14 31 35
15 29 35
16 32 36
15 35 35
14 35 35
14 34 37
15 34 36
15 34 36
13 36 38
13 34 37
13 35 38
11 34 36
06 35 36
05 35 35
10 34 36
12 35 34
11 37 34
10 35 35
13 33 35
16 34 34
17 35 34
14 36 34
13 36 33
14 34 33
14 35 34
14 35 34
11 34 34
13 35 34
14 35 35
13 34 34
11 33 36
07 35 36
02 35 34
06 32 36
10 34 37
11 36 38
11 35 36
14 33 36
16 31 35
16 31 35
15 35 36
14 35 37
14 35 37
15 35 37
14 36 36
14 34 37
14 36 38
13 35 37
11 34 36
06 36 35
03 35 36
10 36 36
12 36 35
11 36 34
12 35 33
14 34 34
15 33 33
15 35 33
15 35 33
14 34 32
15 34 32
14 33 32
13 33 33
13 36 33
11 36 34
13 34 34
12 34 35
09 35 35
03 34 35
04 34 36
12 32 37
11 35 37
10 36 37
12 34 35
16 31 35
18 31 35
17 35 35
16 35 35
15 34 36
14 33 36
13 35 36
14 36 37
14 37 38
14 35 38
13 35 37
10 34 36
02 34 34
04 35 35
10 34 34
12 37 33
10 38 35
10 37 34
14 35 34
16 32 33
15 35 35
16 35 34
13 35 33
14 35 34
14 36 34
14 35 34
12 33 33
12 34 33
12 33 34
10 34 35
04 34 33
02 34 34
11 33 36
16 35 36
13 36 37
12 36 35
14 34 34
15 31 34
16 32 35
16 35 36
14 36 38
12 36 39
12 35 38
12 33 38
13 33 37
12 35 37
11 34 36
07 35 35
02 35 35
07 36 35
14 34 33
13 34 32
12 34 32
12 33 31
15 34 31
14 35 30
15 34 30
15 35 30
13 34 32
14 35 31
12 34 33
13 35 34
13 36 34
11 34 34
11 33 33
13 35 33
11 34 34
05 34 33
05 34 34
06 35 36
08 35 36
11 36 34
14 34 33
18 35 34
20 32 34
17 34 33
14 36 34
11 37 35
12 33 36
13 35 35
16 36 35
15 35 35
13 37 35
13 36 36
12 37 35
08 37 35
04 38 35
07 39 36
10 35 32
11 34 32
14 34 32
16 36 33
16 35 33
17 35 33
16 35 32
13 36 33
12 35 32
12 33 34
12 34 33
13 34 32
12 35 33
12 32 34
12 33 34
06 34 35
03 36 34
06 34 34
10 32 35
11 36 36
12 35 36
14 32 35
15 32 34
16 34 36
15 36 35
14 35 35
14 34 36
14 35 37
14 36 37
13 35 36
13 35 37
12 34 36
11 34 36
06 35 34
03 36 36
10 34 35
10 36 34
10 36 34
10 34 34
14 34 33
17 33 33
16 35 34
15 35 33
14 34 33
14 33 32
14 34 33
14 34 34
14 34 32
13 36 33
13 35 34
12 33 34
13 34 35
08 34 34
02 35 34
07 34 36
10 33 37
10 35 38
12 35 36
17 35 35
18 33 35
17 34 35
14 35 35
14 35 35
14 35 36
14 35 37
14 35 36
14 35 37
14 35 37
13 34 38
12 34 36
07 35 35
04 36 35
09 36 36
12 35 35
11 37 35
10 35 34
12 34 34
14 33 33
15 34 33
14 34 34
14 37 33
13 34 33
14 35 33
13 34 34
14 34 34
14 35 34
12 35 34
13 35 35
12 36 35
09 35 35
02 34 35
06 35 35
11 33 36
10 36 38
12 36 37
14 36 35
17 33 36
14 33 36
15 35 36
13 37 37
14 36 37
14 37 37
15 36 37
15 36 36
13 36 37
13 35 37
12 35 36
09 36 36
03 37 35
05 36 35
11 36 35
13 36 34
11 36 34
11 35 34
13 35 33
16 34 34
16 36 33
15 35 34
14 35 34
13 34 33
13 33 33
12 34 34
13 36 33
14 35 34
13 35 34
13 36 36
12 35 36
05 35 36
03 36 35
07 35 36
10 37 37
12 38 38
16 38 37
15 35 35
16 34 36
16 35 36
15 36 35
14 36 35
13 35 35
13 35 37
12 35 37
15 35 36
14 35 37
13 35 37
11 37 37
09 35 37
05 35 36
06 36 36
12 36 36
14 35 34
11 36 34
12 35 34
12 35 35
14 33 34
14 35 33
15 37 33
13 35 33
14 36 34
13 35 33
13 34 35
12 33 34
14 35 34
13 35 34
12 35 35
13 34 35
09 35 34
05 36 34
07 33 36
09 34 35
09 35 37
10 37 37
12 35 36
15 34 35
16 31 34
16 32 35
15 35 34
14 35 35
13 33 35
14 34 35
13 36 35
14 36 36
14 36 36
14 34 36
10 35 36
10 34 35
07 36 35
02 35 34
08 35 33
12 34 33
10 36 32
11 33 33
13 33 33
14 32 33
14 34 32
13 35 33
14 33 32
13 34 32
13 35 32
13 35 32
13 36 33
14 35 33
12 35 32
12 37 33
11 36 33
12 34 34
09 36 35
03 36 34
07 36 35
08 34 35
10 34 38
13 33 36
14 31 34
15 32 33
15 32 33
13 33 34
14 33 34
14 34 34
13 35 34
13 33 34
15 34 34
15 33 34
13 33 35
14 34 35
12 34 36
11 33 35
07 34 34
02 34 34
07 32 34
14 33 31
13 35 34
10 33 33
09 30 32
11 29 32
14 30 32
16 32 33
15 34 31
13 31 30
11 31 31
13 31 31
14 33 32
15 33 31
12 33 34
15 34 32
14 33 33
12 32 35
05 35 34
02 32 33
08 32 35
13 31 37
14 33 37
10 35 35
12 34 36
13 31 35
17 33 37
15 34 36
15 35 36
12 35 36
11 33 37
11 33 37
13 33 36
15 33 37
13 35 36
11 34 36
11 32 36
12 31 35
13 32 34
06 34 35
05 34 34
11 33 33
13 33 34
12 33 33
10 31 33
10 31 32
11 30 33
12 30 32
12 32 32
13 33 33
13 32 32
13 31 32
12 31 32
13 33 34
11 31 33
10 32 34
10 32 34
12 31 35
12 32 36
13 32 36
14 32 36
12 34 36
10 33 36
11 34 36
12 34 37
11 32 35
11 33 37
13 33 36
12 33 36
12 33 35
12 33 35
12 34 36
11 34 36
12 34 35
11 34 35
12 33 36
12 34 36
12 33 36
13 34 37
12 34 38
12 36 36
12 34 36
12 34 37
13 35 36
13 34 36
12 35 36
12 35 36
11 35 35
10 34 35
12 35 35
13 34 35
12 35 35
13 35 35
12 34 35
12 34 35
12 35 35
13 34 35
13 34 35
12 34 35
11 35 36
13 34 36
13 34 36
12 35 36
13 35 36
11 34 36
11 35 35
11 35 35
13 34 35
12 34 35
12 34 34
12 35 36
11 35 35
12 35 35
13 35 34
12 34 35
12 36 36
12 35 36
