14 38 39
14 38 39
14 38 39
14 37 38
14 39 38
14 38 38
13 39 38
14 38 39
13 39 38
12 39 39
14 40 38
15 38 38
13 38 39
13 38 38
13 39 39
14 39 40
14 40 38
13 38 39
14 40 39
15 38 39
13 38 39
14 38 39
14 38 39
14 39 38
14 39 38
13 39 39
14 39 38
14 40 38
14 38 36
13 39 38
14 39 37
13 39 38
11 40 38
13 40 38
13 40 38
14 39 38
14 39 37
13 39 37
12 41 37
12 39 38
13 40 37
13 40 37
13 39 37
13 39 36
14 41 36
12 38 37
14 39 36
14 37 38
13 37 37
12 38 37
11 39 37
12 37 37
13 36 37
15 36 37
13 36 36
11 34 37
13 36 37
13 36 36
12 36 37
13 37 38
11 36 36
13 38 37
14 35 36
14 36 38
15 37 37
14 37 38
14 38 37
13 36 37
14 39 37
14 38 37
13 38 36
14 38 37
13 38 34
10 37 37
08 39 36
09 40 37
10 41 37
10 40 36
15 38 37
15 38 36
14 37 36
15 39 35
14 39 36
13 40 36
14 39 35
13 40 36
13 39 36
14 40 35
13 39 34
14 39 35
15 38 36
13 39 35
14 39 34
14 38 34
14 39 35
11 41 35
08 38 35
08 40 36
11 38 36
11 38 36
14 35 35
13 37 35
13 37 35
13 35 35
12 35 37
11 34 36
12 35 35
13 38 35
14 36 37
14 36 36
15 36 35
14 37 35
14 35 35
14 38 36
15 38 36
13 39 37
13 38 37
15 39 37
10 39 35
09 39 36
07 39 35
09 40 35
10 41 37
14 39 36
15 40 36
14 38 35
13 38 34
12 40 35
13 40 34
14 40 34
14 40 34
14 38 34
13 38 33
13 38 34
14 39 34
13 39 34
14 39 34
13 40 35
13 39 36
14 39 37
10 40 36
07 39 35
08 41 36
13 39 37
14 37 35
15 36 35
13 35 34
13 37 36
13 36 36
12 37 36
13 36 36
12 36 36
14 37 35
13 38 37
15 35 36
14 36 36
15 37 37
13 37 37
14 38 37
13 38 37
12 38 37
13 38 37
10 38 36
08 40 36
08 40 36
11 40 35
13 40 36
13 40 34
13 38 35
13 38 34
13 37 34
15 39 34
14 39 33
14 39 34
14 38 35
15 39 35
13 40 35
14 39 35
14 38 35
14 39 35
14 40 35
13 39 36
12 38 35
11 39 37
08 41 36
09 41 36
10 39 38
12 39 35
15 37 35
16 36 35
16 35 36
13 35 36
13 37 36
13 37 36
14 37 36
13 37 36
14 37 37
16 37 37
14 37 37
15 39 36
15 37 38
14 37 38
13 39 38
12 41 37
13 39 37
13 36 37
11 36 37
11 37 36
08 40 37
09 41 37
10 40 35
13 40 36
15 40 34
14 38 35
12 37 34
12 38 34
14 38 34
16 39 34
15 39 35
14 39 34
13 37 35
13 39 35
14 39 35
13 39 35
13 38 35
13 39 35
13 39 36
14 39 36
12 40 35
04 40 36
07 41 35
14 39 35
15 39 36
13 36 36
11 34 35
12 36 36
12 37 37
13 35 35
12 37 36
13 37 35
13 35 37
14 37 35
15 39 35
15 38 37
14 37 35
15 38 37
13 37 38
15 39 38
14 39 37
13 39 36
12 39 37
08 37 37
08 39 37
07 40 35
10 40 35
15 39 35
13 39 34
12 36 33
12 39 34
14 39 34
14 39 34
13 38 34
13 38 34
14 40 33
14 39 33
14 37 34
14 38 35
13 39 35
13 38 36
15 40 36
13 40 37
12 40 35
10 39 37
08 39 36
10 41 36
12 39 36
14 38 36
13 36 35
14 36 35
13 36 35
11 37 35
12 37 34
13 36 35
13 36 35
14 36 35
14 37 35
13 37 36
15 39 36
15 38 37
14 38 38
14 37 37
14 37 37
15 40 37
14 38 37
13 37 37
11 39 36
08 39 36
07 41 36
08 40 35
11 40 35
13 39 34
12 38 34
13 38 33
11 38 33
14 39 33
14 39 34
14 39 34
12 39 34
13 40 34
14 38 34
13 39 35
13 38 34
13 39 35
14 39 36
13 39 34
14 41 36
13 40 36
11 40 35
08 40 36
09 41 36
10 40 36
12 37 36
15 36 35
14 35 35
12 36 35
13 35 35
11 36 35
13 36 35
13 36 35
12 37 36
14 36 35
14 38 36
14 37 35
13 37 36
16 37 36
14 39 36
14 38 36
14 38 35
13 38 37
14 38 36
14 38 36
12 37 36
09 38 35
09 39 35
11 40 35
09 39 35
12 39 35
13 38 33
12 37 33
12 37 33
12 37 33
13 39 33
14 39 34
14 38 34
14 38 34
14 39 35
14 39 34
12 40 34
13 38 36
13 38 36
13 41 35
13 38 36
14 40 37
13 40 36
13 40 36
08 39 36
07 39 37
11 40 37
13 40 37
13 35 33
14 37 36
14 34 35
12 36 37
12 37 36
13 36 36
14 36 36
14 35 36
13 37 36
14 37 37
13 38 36
15 37 35
15 38 36
14 38 36
14 38 36
13 37 37
13 39 37
12 38 36
14 38 37
12 37 35
10 39 36
09 40 35
09 39 35
10 39 34
14 39 35
13 38 35
12 37 33
12 37 34
13 39 33
13 39 33
13 39 33
13 38 35
14 40 34
13 39 35
14 39 34
12 41 34
13 40 36
14 38 35
14 39 36
14 40 36
13 39 36
13 40 36
13 39 36
13 38 36
10 38 37
10 38 36
12 38 37
12 37 38
12 37 36
12 36 36
14 37 37
15 36 37
14 36 38
12 35 38
12 34 36
14 35 38
15 34 38
15 36 39
15 36 39
15 37 39
14 37 39
14 36 38
13 37 39
12 39 40
13 38 39
12 38 38
14 38 39
13 40 39
13 39 40
12 38 39
13 39 39
14 40 38
15 40 39
17 41 37
15 40 38
15 40 37
14 40 39
13 42 39
13 38 40
14 39 39
14 36 40
14 38 41
13 38 40
13 38 41
14 39 40
13 36 40
14 37 40
15 38 39
15 36 40
15 36 40
15 34 40
14 34 41
16 38 41
16 35 40
15 37 41
13 38 42
13 38 41
14 38 41
14 37 42
14 38 42
14 37 41
16 39 42
15 37 41
14 38 42
14 37 42
14 38 42
16 38 41
14 38 42
15 39 41
15 38 41
15 38 41
15 39 41
14 39 41
15 38 41
15 38 42
15 39 41
14 39 41
13 39 41
16 40 40
15 39 41
15 39 41
16 40 41
14 39 40
15 39 40
15 39 41
15 40 41
15 39 41
15 40 40
15 39 42
16 39 40
15 39 41
15 39 40
16 38 41
16 40 40
15 40 40
15 39 41
15 40 41
16 39 41
14 40 41
14 41 41
16 39 40
15 39 41
14 40 40
16 39 41
16 39 40
15 40 42
14 39 41
14 40 42
15 39 40
15 39 40
15 39 41
15 39 41
15 40 40
15 40 40
15 39 41
14 40 41
14 40 41
16 40 41
15 39 40
15 41 40
14 40 41
16 39 40
14 40 40
15 39 41
14 38 40
