63 28 38
29 40 50
29 40 50
28 39 52
28 39 53
28 39 50
27 38 49
27 40 49
28 41 47
29 39 48
29 39 47
31 41 48
31 40 48
31 42 48
29 47 49
28 47 47
27 50 43
28 54 43
27 53 43
29 51 39
26 53 39
27 52 39
27 51 40
26 53 38
26 49 38
26 51 37
25 53 37
24 54 38
24 52 37
17 50 38
16 51 38
21 48 35
22 54 37
19 52 34
21 52 31
22 53 33
23 51 34
23 51 33
25 50 35
24 51 38
24 48 38
22 51 29
21 47 28
21 50 32
23 51 30
20 47 27
20 48 28
19 47 27
20 45 26
19 44 27
19 44 29
18 44 29
15 42 30
14 44 29
10 47 33
07 43 34
09 42 35
11 44 36
09 42 36
13 39 35
10 42 35
13 40 34
13 39 33
12 39 33
11 38 32
13 38 31
13 38 31
15 38 31
16 38 31
17 37 32
17 41 33
16 39 31
14 39 32
12 40 32
05 42 32
02 43 32
04 43 34
08 43 34
11 41 33
10 40 32
10 40 32
13 37 31
13 36 31
15 36 32
14 38 32
16 36 32
15 39 31
16 39 31
15 38 31
14 38 30
12 37 30
09 36 29
10 37 29
04 41 30
08 38 32
16 39 35
17 40 35
10 38 34
10 40 34
10 38 34
12 34 35
15 33 35
17 36 38
13 38 36
15 39 35
17 40 37
16 40 38
17 41 36
15 43 37
16 46 38
13 44 37
09 46 37
03 46 37
04 46 37
11 43 32
10 41 32
07 37 31
08 37 31
12 39 31
13 36 32
16 38 33
14 39 32
17 38 31
16 37 31
18 37 30
18 38 30
16 36 31
14 37 32
13 38 33
13 38 32
08 40 32
03 41 32
08 39 33
13 39 37
11 38 36
08 39 34
10 39 33
15 35 34
13 35 35
15 38 35
16 38 36
16 38 36
16 38 37
17 40 37
17 37 37
15 41 39
12 39 39
11 39 38
06 39 37
03 40 36
02 39 36
06 38 35
12 37 33
12 37 31
07 36 30
08 38 31
11 38 30
14 38 30
17 40 30
15 41 32
17 41 32
16 43 35
17 45 34
19 43 36
19 44 37
19 45 37
18 47 36
17 47 37
18 47 38
16 48 37
14 50 37
15 49 36
17 49 36
17 47 36
16 49 35
18 48 35
21 47 36
21 47 37
23 47 37
26 47 39
25 47 39
25 47 39
25 47 39
26 49 41
27 49 41
25 51 41
26 51 39
25 51 40
25 53 40
22 55 37
19 57 38
21 54 36
20 53 36
20 51 36
21 51 34
22 50 35
24 48 34
24 47 35
25 49 36
24 48 36
25 48 35
25 48 37
26 48 37
25 50 37
28 49 36
26 50 36
25 51 36
25 52 37
21 52 35
17 50 37
17 51 36
18 48 35
17 50 35
15 48 33
16 49 33
18 47 35
17 47 35
17 47 35
20 47 36
22 47 37
22 47 37
22 47 38
22 48 39
21 49 39
21 49 37
19 49 38
17 50 37
14 50 37
11 49 37
15 47 37
17 45 35
17 45 35
16 42 34
13 45 32
12 44 31
11 41 30
14 40 30
14 38 30
14 38 31
13 36 31
13 37 31
15 38 31
14 39 32
14 39 32
14 40 32
12 41 32
11 41 33
03 40 33
04 41 34
13 42 37
18 42 35
10 43 36
07 43 36
15 40 35
16 39 35
17 39 34
16 40 33
15 41 34
15 42 32
14 43 34
16 44 34
17 45 34
17 45 34
16 44 34
16 45 34
15 46 33
11 46 33
09 49 34
11 50 34
14 49 32
16 44 30
17 42 30
18 44 30
17 44 31
20 45 30
19 46 31
18 47 31
19 47 32
18 46 32
17 46 32
18 46 34
17 46 33
17 45 32
16 47 34
15 47 33
17 45 34
09 47 34
11 45 35
16 44 35
16 42 34
15 42 32
12 42 34
16 44 33
18 43 34
18 45 35
19 44 36
17 45 35
17 45 35
17 46 36
18 45 37
17 46 37
19 45 37
19 44 35
18 45 35
13 47 35
09 49 34
07 49 34
14 44 34
16 44 35
13 44 33
10 43 34
12 43 33
13 42 34
15 42 34
16 42 35
15 42 34
16 43 34
17 42 33
17 42 34
16 43 34
17 44 34
17 45 34
16 45 33
12 46 31
12 47 34
16 46 35
17 47 34
16 46 34
17 47 35
20 45 35
22 45 36
21 46 38
21 48 36
20 50 38
21 48 38
21 50 37
22 49 39
22 49 39
22 49 38
22 50 38
19 49 36
15 52 34
09 51 33
12 51 34
17 49 35
16 47 33
15 47 32
15 45 31
16 45 33
19 45 33
20 46 34
21 47 33
21 45 33
21 46 34
20 46 35
22 47 35
22 47 34
23 47 36
23 47 37
21 48 37
20 48 36
19 48 35
18 49 35
10 49 33
07 49 33
12 47 34
15 45 34
16 46 32
15 46 32
16 45 31
17 48 32
18 47 34
18 51 33
19 49 33
22 51 33
20 52 35
22 51 36
24 51 35
24 51 35
26 52 35
25 52 35
26 53 35
26 52 36
25 51 36
23 54 34
19 55 33
17 53 32
16 52 31
16 49 32
17 49 31
18 47 30
18 46 30
20 47 30
20 45 31
20 48 32
21 49 31
21 47 31
22 46 32
22 47 31
23 46 31
21 48 31
21 45 31
19 47 29
18 47 30
14 48 31
13 46 31
13 46 32
11 45 32
11 46 33
11 43 31
12 43 30
13 41 32
12 41 33
11 41 34
11 42 34
11 45 35
07 49 31
03 56 34
09 54 36
14 54 35
19 55 34
22 56 35
24 54 34
26 57 35
28 57 35
31 52 35
32 51 36
35 47 36
37 42 37
39 39 38
41 37 38
41 38 41
45 37 41
46 37 42
45 37 43
47 38 43
52 38 43
48 40 44
48 40 43
52 41 41
50 39 41
48 38 42
47 41 43
46 44 45
45 41 44
45 39 42
45 38 42
44 38 41
44 37 41
43 39 39
43 39 40
41 42 38
40 42 38
38 42 37
35 45 38
34 48 39
32 48 39
30 54 40
27 54 41
25 53 39
18 56 38
13 58 38
11 54 39
08 48 35
07 47 34
06 47 35
10 49 36
09 49 34
09 45 33
10 42 32
15 41 32
16 39 33
17 40 32
15 40 32
14 39 33
15 39 33
13 39 33
15 38 35
14 40 35
15 38 35
14 39 35
14 37 33
11 38 32
07 38 30
05 39 29
05 39 29
07 37 28
12 36 29
12 34 30
12 32 28
11 34 29
12 35 29
13 34 29
13 33 29
14 35 29
13 38 28
13 38 29
15 38 28
15 38 28
14 37 27
15 38 28
14 38 28
14 39 28
13 39 28
14 38 29
13 39 30
08 39 28
07 41 30
07 40 34
09 42 35
13 40 35
10 40 34
09 37 35
10 34 37
13 35 38
14 36 37
14 37 37
16 37 37
15 39 36
14 41 35
16 45 34
16 46 34
18 45 32
19 45 32
19 44 30
20 44 30
17 43 29
15 44 27
11 45 27
10 46 26
12 44 25
10 45 27
12 44 27
12 44 27
12 46 29
13 45 30
14 45 30
15 45 30
17 45 30
17 46 31
17 46 31
18 46 31
20 47 32
20 46 32
20 47 33
20 48 33
20 48 34
20 50 34
19 49 34
18 48 35
15 48 34
15 50 35
15 50 37
16 48 35
16 46 36
16 44 35
14 45 34
15 44 35
16 43 36
19 45 37
20 45 37
20 45 37
19 45 38
19 46 37
19 45 39
19 46 39
21 44 39
20 44 40
21 44 38
21 45 40
18 47 39
19 48 40
17 50 40
12 50 39
12 51 40
14 50 40
15 47 38
17 45 36
16 45 36
15 46 38
15 46 37
16 44 37
16 43 36
17 43 37
17 41 38
18 41 38
16 41 37
19 40 38
18 38 39
19 38 38
18 37 37
17 38 38
15 38 35
15 38 36
04 40 33
03 41 33
05 40 34
12 41 34
10 40 32
06 39 30
09 40 31
15 38 33
15 37 31
13 39 31
16 39 33
17 39 33
17 39 34
18 39 35
17 40 37
16 39 39
15 40 39
13 39 38
10 40 37
10 38 37
06 39 37
04 38 37
05 39 37
09 41 37
13 36 36
13 36 35
12 36 34
09 38 34
11 37 33
13 38 32
16 37 33
15 39 33
14 39 34
15 40 34
16 39 34
17 40 35
16 39 35
16 40 37
14 41 36
14 43 35
13 42 35
12 43 35
05 43 33
06 42 35
12 44 38
16 43 36
16 39 34
12 40 33
12 40 34
11 40 34
12 40 33
17 42 37
17 43 36
18 42 37
17 43 37
17 44 38
18 44 39
19 47 39
18 47 38
18 48 38
18 49 38
16 48 36
13 51 36
11 51 35
11 51 35
15 48 35
16 47 34
15 45 33
16 45 34
20 44 34
19 43 34
19 42 34
20 41 32
20 41 34
19 40 34
18 41 35
17 42 35
15 43 36
14 44 36
12 44 36
11 44 35
08 45 34
08 44 35
14 43 36
17 44 35
13 43 33
11 43 34
11 44 36
13 43 34
17 43 35
18 42 35
17 42 35
17 44 34
15 43 36
17 44 37
17 43 37
15 42 37
14 42 37
14 41 37
12 42 38
06 43 35
05 44 34
03 43 35
09 40 34
16 38 33
12 39 33
11 40 31
12 39 31
14 38 31
16 37 31
16 38 30
17 39 30
15 38 30
15 39 30
17 38 31
15 39 31
13 39 31
11 39 31
09 39 29
08 39 32
02 38 32
05 40 33
15 40 36
19 40 36
11 40 36
09 38 34
14 35 35
14 36 34
15 36 34
16 38 35
15 38 35
16 39 35
16 42 35
16 43 36
16 43 36
16 45 37
17 45 36
16 46 37
13 46 36
11 46 35
08 51 35
10 49 36
14 48 35
16 46 34
17 46 34
15 45 33
17 46 33
19 45 33
17 48 32
20 54 27
21 56 38
22 51 38
23 54 37
25 51 38
28 50 36
26 51 35
26 50 33
27 52 33
28 50 36
28 51 38
28 53 39
27 54 37
26 54 36
26 53 34
31 54 34
31 55 30
31 51 34
33 48 39
33 46 41
33 47 40
33 45 43
34 42 38
34 50 36
35 55 37
38 56 38
37 52 40
35 50 42
36 50 41
38 51 39
35 60 39
32 61 39
33 57 39
33 51 39
33 51 38
32 52 37
31 52 37
29 50 37
30 48 39
32 49 38
33 51 39
33 50 37
33 49 38
33 44 36
30 44 38
29 44 36
25 46 36
20 45 37
16 46 36
07 45 35
02 41 38
05 41 40
04 44 39
04 47 35
05 46 36
13 47 36
10 45 35
18 44 33
18 44 34
15 41 33
15 41 34
15 41 34
15 41 35
16 40 36
14 42 36
12 42 36
12 40 36
11 40 37
04 42 36
03 41 37
07 42 37
10 41 34
10 38 32
08 37 31
10 36 31
10 36 30
15 37 30
14 39 30
14 39 31
14 39 31
17 40 31
17 39 31
19 39 31
17 39 31
16 39 31
15 39 31
13 40 32
09 40 34
04 41 34
03 40 34
11 39 36
15 39 37
09 39 38
09 38 35
16 36 36
13 35 34
16 38 36
17 38 37
17 39 36
16 39 36
16 39 37
15 39 37
15 40 38
15 39 38
14 41 37
09 39 37
09 39 37
03 41 36
04 41 37
08 41 35
14 38 34
15 38 33
11 39 32
13 37 31
12 37 29
15 37 31
15 38 30
15 40 30
16 40 31
18 39 30
16 40 31
16 40 31
14 41 32
14 41 32
11 42 32
11 44 33
12 44 34
07 48 34
09 46 36
15 45 36
17 45 36
13 45 35
11 44 36
12 42 35
13 42 34
16 41 33
17 40 34
17 40 33
18 43 34
19 43 35
19 44 36
18 44 36
18 44 37
17 43 37
17 44 38
16 43 38
15 42 38
12 40 37
07 43 35
06 42 36
07 42 35
10 40 34
12 36 33
13 37 33
12 39 32
13 37 31
14 38 32
16 39 32
15 40 31
14 41 32
15 40 34
16 41 34
17 41 33
15 39 35
14 40 34
14 39 34
13 40 34
13 39 34
04 41 31
02 41 31
10 42 34
13 41 35
14 40 34
09 41 32
10 40 33
13 39 32
16 38 32
17 37 33
16 38 34
14 40 34
15 40 36
14 40 35
14 40 38
14 39 40
15 39 41
14 38 40
12 38 39
10 39 38
08 38 36
06 39 37
03 39 36
07 38 35
13 37 35
15 37 32
12 38 31
08 37 31
11 36 29
13 38 29
14 38 30
14 38 31
14 38 32
15 39 31
16 36 32
17 38 31
17 38 31
15 38 33
12 38 30
11 38 31
11 39 32
08 39 33
06 42 35
08 40 34
09 41 34
10 38 33
14 36 34
15 39 33
15 38 34
14 39 34
13 39 33
15 40 35
15 41 35
15 40 37
16 40 37
15 40 38
13 39 38
13 39 38
14 39 40
12 39 41
07 40 39
04 41 38
02 41 37
07 38 36
15 35 35
14 36 32
11 37 30
12 36 31
14 37 30
15 38 31
17 39 30
16 40 31
14 40 31
13 40 31
13 40 29
14 40 32
14 43 32
14 42 32
14 43 33
16 43 35
17 42 35
16 43 35
15 43 35
15 42 34
14 43 35
12 43 35
11 42 35
06 44 32
05 43 33
13 43 36
20 44 35
17 43 33
12 42 33
09 41 33
17 40 32
17 43 34
17 42 33
14 44 33
14 44 33
16 44 34
17 42 33
20 43 34
17 42 34
15 43 33
16 42 35
14 41 35
14 44 35
10 46 33
05 45 33
04 46 33
11 45 34
16 41 33
13 41 32
10 41 32
13 40 32
10 41 31
15 41 32
14 41 31
15 41 33
17 41 33
16 42 33
18 41 34
18 41 33
18 42 34
17 42 34
16 41 33
15 41 33
07 41 32
04 41 33
11 40 36
15 42 37
09 41 33
08 41 34
12 39 34
13 38 34
15 41 35
17 39 36
17 39 36
17 40 36
16 40 37
17 41 37
16 42 38
14 42 39
12 42 38
14 41 38
13 42 38
12 41 37
13 40 38
07 42 36
04 41 35
06 42 35
14 39 34
15 40 33
14 37 31
09 37 29
09 38 29
13 37 29
14 37 29
14 37 30
14 37 29
14 40 28
14 39 30
15 38 30
15 37 31
14 40 32
14 39 31
13 38 30
11 39 30
10 38 31
07 39 29
06 39 28
11 40 29
11 42 30
12 41 29
14 38 29
11 39 30
14 39 30
13 40 31
13 39 32
14 39 33
13 39 34
11 38 34
11 39 35
10 38 35
09 40 37
09 41 40
14 41 40
16 41 39
17 42 36
17 41 34
18 40 34
16 40 33
15 38 33
14 39 33
13 40 33
09 41 34
07 41 36
06 42 35
10 40 36
12 40 36
13 38 35
10 36 35
09 38 33
11 38 32
14 38 33
15 40 33
14 41 33
15 42 33
14 42 33
16 41 32
16 41 34
15 42 35
16 43 36
16 41 36
16 42 37
16 41 37
13 40 38
09 41 34
04 41 35
10 41 40
16 41 38
13 38 34
07 38 35
10 37 36
15 37 36
16 39 35
17 40 37
17 40 37
17 41 37
16 41 37
16 42 38
15 40 37
16 40 39
17 42 39
15 42 39
14 42 38
15 39 38
15 42 38
11 41 36
08 43 37
04 41 36
10 41 36
17 39 35
17 40 32
12 39 31
08 38 31
12 38 31
13 38 30
15 40 31
14 38 32
14 39 32
13 38 31
14 39 33
13 39 33
13 40 33
14 39 34
13 39 34
10 38 34
05 41 32
03 39 32
08 41 34
16 40 35
14 39 33
11 36 32
11 36 32
12 36 33
13 37 33
15 40 33
15 43 34
15 44 34
15 43 35
17 41 36
18 43 35
20 44 37
21 44 35
20 44 36
19 43 37
16 42 38
13 42 37
07 46 38
05 43 36
02 43 34
09 41 34
14 38 32
11 38 31
10 39 30
12 35 31
14 36 33
14 39 32
14 41 31
14 40 31
14 40 31
15 39 31
17 39 32
16 39 33
16 40 33
13 39 34
12 38 33
11 39 34
12 38 34
08 40 34
04 39 35
06 38 36
17 38 37
18 38 36
14 39 35
11 39 34
09 37 34
13 36 34
15 36 34
16 37 34
16 39 33
16 41 35
15 40 35
14 41 34
14 40 35
14 40 35
15 41 36
14 41 35
14 41 35
13 42 34
13 41 34
07 42 34
05 42 33
07 44 33
12 42 32
14 39 31
12 38 32
10 40 30
13 40 30
14 39 31
15 39 30
15 38 29
14 39 28
15 39 28
15 40 29
15 40 29
14 40 30
12 41 29
11 40 29
12 39 29
10 39 30
09 39 28
06 39 31
07 38 33
10 38 33
12 38 34
13 35 33
12 34 34
12 36 36
16 35 35
13 35 36
15 36 35
14 36 36
17 36 35
15 38 36
14 39 36
14 43 37
14 44 36
16 46 36
17 45 36
16 46 36
17 48 35
17 50 35
16 52 36
16 54 35
12 57 33
11 58 32
12 59 32
13 58 31
16 59 29
19 55 27
22 53 27
24 49 29
29 44 31
33 49 30
34 46 32
39 43 33
38 46 33
42 44 34
42 45 35
42 44 37
45 44 37
45 43 37
44 44 39
45 44 40
46 46 39
48 45 39
48 49 38
44 50 37
43 49 36
45 47 38
45 49 37
43 50 37
44 50 36
43 45 38
43 45 39
43 44 40
42 43 39
43 44 40
41 45 41
43 44 40
42 45 41
44 46 39
44 47 39
43 49 39
42 50 37
43 51 36
40 53 34
37 56 33
35 55 32
34 51 32
31 53 33
29 58 33
27 55 33
27 54 34
27 54 33
25 51 34
25 51 36
24 49 36
25 50 36
23 49 35
22 45 35
22 46 34
19 44 35
15 43 34
11 44 34
04 44 32
00 43 32
02 41 36
10 40 37
08 43 35
07 42 32
10 39 34
14 37 33
16 37 33
17 40 33
17 39 33
17 39 35
15 39 36
15 40 37
14 38 37
14 39 37
14 39 38
14 39 37
13 39 37
12 38 37
10 38 34
04 41 36
04 41 35
08 40 35
12 39 33
14 36 32
13 38 31
09 38 31
13 36 31
14 36 31
13 38 31
14 39 32
15 39 32
14 40 32
16 40 33
15 41 34
16 41 35
17 42 34
17 42 34
16 41 35
15 41 34
14 41 34
13 41 35
10 41 34
04 42 34
05 40 35
13 40 36
16 39 34
09 38 32
09 39 32
14 38 33
16 37 32
16 38 35
17 40 35
17 40 34
17 39 34
14 40 35
14 39 36
14 40 36
14 41 38
14 40 36
13 39 36
11 41 34
04 41 34
02 41 35
04 42 34
12 39 34
15 39 33
14 39 33
11 37 31
11 38 30
11 36 30
14 37 30
15 38 30
12 37 31
12 38 29
13 37 28
15 38 30
13 38 29
13 38 29
13 39 29
13 39 29
13 39 30
12 39 31
11 40 30
09 40 30
10 41 31
13 41 30
14 41 31
16 41 31
15 42 31
13 41 30
14 40 30
12 40 31
12 41 32
14 41 32
14 42 32
14 41 34
15 40 35
13 40 35
09 40 35
05 41 34
11 39 35
16 40 37
15 41 36
15 42 36
14 41 36
13 41 35
15 42 34
14 41 35
16 43 37
16 41 35
14 41 35
14 41 35
14 40 34
14 40 35
12 40 35
09 41 36
07 41 36
12 38 38
15 43 34
14 41 33
11 40 33
11 40 33
12 43 31
11 43 32
09 45 33
10 47 33
12 46 31
14 47 33
17 47 32
16 50 33
18 52 33
20 54 33
22 54 34
24 51 35
26 52 36
27 50 37
29 47 38
29 48 39
29 47 40
29 45 40
30 45 41
31 43 41
30 40 46
30 39 50
29 41 50
29 41 49
27 39 51
27 40 51
27 40 52
27 40 52
27 40 51
28 39 52
28 40 52
27 39 51
28 41 52
28 41 51
29 41 52
29 41 50
28 41 51
28 42 50
28 41 52
29 42 51
29 40 50
28 41 51
28 41 50
29 42 50
30 41 51
29 43 51
28 41 51
29 41 51
30 41 51
30 41 51
29 41 50
30 41 50
31 40 51
30 41 52
30 41 50
