31 39 53
31 39 53
31 38 52
31 38 52
30 38 53
30 38 53
29 39 52
30 39 52
30 38 52
30 39 52
30 38 52
31 40 51
32 39 52
32 40 51
31 40 52
33 41 51
31 39 51
33 39 50
32 40 52
32 40 51
33 39 51
33 40 51
32 43 52
31 42 52
30 42 53
28 41 53
28 40 53
29 40 53
30 40 53
28 38 52
29 38 51
31 39 50
31 40 51
31 39 53
31 40 52
32 40 51
32 40 53
33 40 52
32 40 51
31 40 51
32 40 52
31 39 50
30 40 51
29 40 53
27 40 54
26 40 52
26 38 52
26 38 51
26 38 52
27 39 51
27 40 51
28 40 52
29 39 51
29 39 51
28 39 50
27 39 51
25 38 50
28 39 50
25 39 51
26 39 50
26 39 50
27 40 51
28 39 52
27 38 52
28 39 52
28 39 52
27 40 52
27 39 53
27 41 53
27 40 54
24 43 54
24 44 52
25 41 50
29 39 47
29 40 47
30 41 49
29 42 50
26 46 52
28 42 50
29 39 51
31 39 50
28 41 49
28 40 48
28 40 50
29 41 51
30 41 51
30 40 50
30 40 51
29 42 53
30 42 53
29 40 52
28 42 54
27 42 56
28 42 54
27 40 53
26 39 50
23 38 50
25 38 47
26 38 49
28 38 52
26 38 51
25 40 51
29 36 48
30 39 50
32 38 50
31 37 50
31 38 52
29 38 52
30 40 53
28 38 54
28 38 53
30 37 55
31 39 54
31 41 55
26 45 54
26 44 53
27 42 51
29 42 49
30 41 48
29 43 48
28 44 50
26 45 50
27 40 49
28 40 49
29 42 48
28 42 46
27 40 48
28 41 50
29 42 49
28 44 51
29 43 51
28 40 53
28 42 53
28 43 54
26 42 55
24 40 53
24 40 50
22 42 50
21 40 50
23 39 49
22 38 48
23 40 48
25 37 48
27 37 47
27 37 48
27 39 49
28 38 50
27 40 51
27 38 51
28 37 50
29 38 51
29 39 51
28 39 52
28 39 53
28 40 53
29 41 55
28 42 56
24 44 56
26 40 50
28 38 49
29 40 49
30 41 49
27 42 48
26 44 51
26 43 50
28 40 49
28 41 49
27 40 48
29 40 49
26 41 49
29 40 49
31 40 50
30 41 51
30 43 53
28 43 55
29 41 55
26 41 54
26 41 54
27 41 53
25 41 52
24 38 49
23 38 48
25 38 48
28 37 50
29 38 49
29 38 51
29 38 51
29 37 50
29 38 51
30 38 50
28 37 52
29 38 52
28 38 52
28 38 53
28 39 53
28 38 53
28 37 53
31 40 53
29 40 55
29 41 54
29 39 52
29 39 50
30 38 50
31 40 51
30 39 51
31 41 52
31 41 50
31 38 51
31 38 51
32 40 51
31 37 50
31 38 50
30 38 50
30 38 50
30 38 52
30 39 53
30 39 53
30 38 55
29 39 55
27 41 56
26 39 54
27 38 52
26 38 50
26 39 50
25 36 49
27 37 50
27 36 51
28 37 51
28 36 50
29 36 50
30 35 50
31 36 51
30 37 52
30 36 51
29 36 52
28 37 53
29 37 53
29 37 54
30 37 54
31 38 55
29 41 58
24 45 58
24 40 52
27 38 50
29 39 49
29 43 48
27 42 48
26 44 52
26 41 51
28 38 49
29 38 49
29 39 49
28 40 48
28 39 49
29 40 50
29 40 49
29 39 51
30 40 53
29 43 55
29 40 56
28 41 56
26 42 56
25 42 55
26 39 52
25 39 50
25 39 50
23 38 47
25 37 49
28 36 50
28 36 50
27 37 49
29 36 50
30 37 50
29 39 50
29 38 51
28 38 52
26 39 51
28 37 51
31 36 51
29 38 52
31 38 51
31 39 52
30 38 53
31 39 52
31 43 55
24 49 60
21 47 57
24 35 52
28 36 50
27 42 50
27 43 48
26 43 50
24 40 51
25 39 50
26 39 50
28 41 48
27 39 49
27 39 50
27 41 50
26 41 50
28 40 51
28 39 51
30 40 52
31 41 52
32 38 52
32 40 52
33 41 52
31 40 52
32 39 53
32 40 54
30 42 55
28 40 55
28 37 54
29 37 52
29 39 51
26 38 51
24 35 52
25 35 51
24 38 50
25 36 50
26 37 51
26 35 50
27 36 51
27 36 52
28 37 52
27 37 53
25 37 53
26 37 51
27 36 52
29 36 52
28 36 51
30 36 51
29 35 52
29 36 52
30 37 53
29 39 53
25 39 53
25 36 50
28 36 50
28 38 50
32 38 50
30 39 51
28 42 55
29 40 54
31 40 54
31 42 53
30 42 53
30 42 53
31 42 54
31 40 52
30 40 52
31 40 50
30 40 50
30 40 50
30 41 51
30 41 52
30 40 54
30 37 53
31 38 52
31 37 52
30 38 52
28 38 52
29 39 52
28 37 52
29 37 52
29 36 52
30 37 52
31 35 53
31 35 53
32 35 52
31 35 52
31 35 54
31 35 53
32 35 53
31 36 54
31 37 52
29 37 54
29 38 54
28 37 53
28 38 51
31 37 50
30 37 51
30 38 52
31 38 52
30 36 53
30 37 53
30 37 52
30 37 53
30 38 52
32 38 53
32 38 53
31 37 53
32 38 52
31 39 52
32 38 52
30 38 52
31 37 52
31 37 51
31 37 52
32 37 52
30 38 53
31 37 53
30 37 53
32 38 52
32 38 53
31 37 52
31 36 52
30 38 53
31 37 52
30 36 52
31 38 53
30 37 52
32 37 53
31 36 52
30 39 52
31 37 53
30 38 52
32 37 53
31 36 51
31 37 51
31 36 53
31 38 53
30 37 54
30 38 52
30 37 52
31 37 52
30 37 53
30 37 52
30 38 53
31 36 53
30 38 53
30 37 52
31 38 52
29 37 52
31 38 53
31 37 52
29 37 52
30 37 53
30 38 51
30 37 53
31 38 52
30 37 52
30 37 52
30 36 51
29 37 52
31 38 52
31 37 52
31 37 53
31 37 53
31 39 52
31 37 52
