40 41 47
40 41 47
40 41 47
42 42 44
41 42 44
41 43 44
41 43 43
40 42 41
38 40 39
33 37 39
34 53 45
35 60 44
33 56 44
32 53 45
29 48 44
31 46 44
29 44 44
26 43 42
24 46 43
21 48 44
21 49 43
18 46 37
20 50 38
20 48 38
15 47 37
12 49 38
09 49 37
08 48 37
07 46 34
09 45 34
08 43 34
11 41 33
15 39 33
15 42 34
13 42 34
12 43 34
11 43 35
11 42 33
11 40 32
13 39 32
14 39 31
14 41 32
13 41 33
16 40 31
16 41 33
16 41 32
14 41 32
13 41 33
12 41 32
10 43 32
05 43 34
09 42 34
17 39 35
18 42 38
16 41 35
14 40 34
16 37 34
16 40 34
16 40 35
17 41 34
17 42 34
17 42 36
16 43 36
14 41 37
15 39 36
12 41 34
10 40 36
08 42 35
05 43 33
07 45 35
13 42 34
09 41 31
10 41 29
11 40 29
12 41 31
15 41 32
16 41 32
17 40 30
16 40 30
18 39 32
17 40 32
17 42 32
15 43 32
14 40 31
10 41 32
08 40 32
10 40 32
06 44 33
05 44 32
14 41 34
13 41 37
13 42 37
14 40 35
14 39 33
16 37 33
16 39 33
18 40 34
18 41 34
19 41 35
18 41 33
18 41 33
15 41 33
14 41 34
07 44 34
06 44 33
04 45 32
05 44 34
12 42 34
14 42 36
13 40 35
13 40 33
12 38 33
13 41 34
14 43 33
16 42 32
15 41 32
15 41 32
15 40 33
15 39 31
15 40 32
13 42 32
11 41 31
09 39 29
06 41 31
07 40 32
12 39 32
19 40 36
19 44 38
16 41 38
16 41 36
17 38 35
18 39 36
17 41 36
16 41 36
18 41 36
17 41 36
15 41 36
14 41 37
11 42 36
11 42 36
08 43 36
09 42 35
07 44 35
11 43 34
12 44 33
13 42 33
12 41 31
13 41 32
13 41 31
14 42 31
16 40 31
17 41 29
17 39 29
16 39 29
14 39 29
15 38 30
14 39 30
13 41 29
12 40 30
10 41 31
08 42 32
06 42 31
11 41 33
16 41 36
14 40 35
12 40 35
15 37 32
14 36 32
15 35 33
15 38 33
16 39 34
17 39 34
16 40 35
17 39 34
16 40 34
16 41 34
14 41 33
11 42 32
06 42 32
04 42 30
02 41 32
08 44 35
16 37 36
12 39 35
12 43 30
12 39 31
15 41 33
16 40 33
17 42 32
16 40 32
15 39 32
15 39 31
15 37 31
16 38 29
13 38 30
11 40 32
09 42 31
08 44 32
06 43 33
12 42 34
17 39 36
14 41 37
13 39 35
11 38 33
15 39 33
16 39 35
19 39 35
20 40 35
18 41 35
15 41 33
15 39 33
15 40 34
14 40 35
11 40 36
08 40 36
04 47 34
03 47 35
08 45 34
14 38 34
13 40 33
14 41 30
16 37 29
14 38 30
16 40 32
17 41 32
17 38 32
17 40 33
17 40 32
17 40 33
16 39 33
14 41 32
12 41 33
10 41 32
07 41 32
06 44 33
09 42 34
14 40 34
15 40 34
12 40 35
12 39 33
14 39 33
17 40 34
17 37 36
18 36 37
17 39 37
17 42 37
17 41 35
17 40 35
17 40 35
13 41 33
12 42 35
10 43 35
07 42 34
05 43 35
07 45 36
14 39 35
11 38 37
11 42 32
10 39 32
10 41 31
12 40 32
13 40 33
14 42 32
16 41 32
17 39 32
18 40 32
18 38 32
20 36 32
19 39 33
16 40 33
11 42 33
07 41 32
04 43 33
06 41 34
12 40 35
14 41 37
14 39 35
11 40 33
15 38 34
17 39 35
19 39 34
18 40 35
17 40 35
17 41 34
15 42 34
15 42 34
14 39 34
13 41 34
11 39 34
08 40 35
05 43 33
03 46 35
09 46 35
15 38 34
13 36 32
12 39 29
10 38 29
13 39 31
15 41 32
15 40 32
15 40 31
17 40 33
17 40 32
17 39 33
17 40 32
15 40 32
13 38 32
11 40 33
09 39 31
05 42 31
05 42 31
10 39 32
17 38 32
13 40 33
15 40 33
15 40 32
15 39 33
17 40 34
19 39 36
18 42 36
18 44 35
16 44 35
16 42 35
16 43 34
13 41 34
12 43 34
11 41 32
10 44 32
06 43 33
05 38 35
09 38 35
14 33 32
10 36 31
13 40 28
12 37 29
12 38 29
12 39 30
14 40 30
15 39 29
15 38 31
15 39 32
16 39 32
15 38 32
15 39 32
14 39 31
11 40 29
09 40 29
07 41 27
03 42 27
09 41 30
19 37 31
15 38 33
12 36 32
12 33 29
14 33 33
14 36 34
15 38 36
16 40 35
16 41 34
16 40 33
17 39 32
17 39 32
13 40 33
12 40 32
11 41 33
10 40 33
07 42 31
04 42 31
10 38 33
15 35 35
08 31 35
10 37 27
12 33 30
12 37 32
12 38 30
15 41 30
15 38 31
16 39 32
18 39 31
18 39 32
18 38 33
17 41 32
14 42 32
11 41 33
08 40 33
06 42 33
02 43 31
09 40 34
15 40 36
14 40 37
10 39 33
13 37 30
15 38 32
17 38 32
17 40 33
17 41 33
15 42 34
16 41 34
15 41 34
16 43 33
16 42 34
14 41 34
14 41 34
11 42 34
11 42 34
07 43 34
06 46 35
11 42 34
13 41 32
14 40 30
13 38 30
12 39 30
13 41 31
14 40 30
15 41 28
14 40 28
15 41 29
15 40 30
16 40 30
17 39 31
14 39 30
11 40 30
11 40 29
10 41 30
08 42 30
07 43 30
12 41 32
18 38 33
17 39 33
11 38 31
12 37 30
16 39 30
16 39 31
17 40 32
15 40 32
15 40 33
16 40 32
14 40 31
15 42 31
15 43 30
14 43 29
15 41 30
12 41 31
10 41 29
09 42 29
09 41 28
10 41 29
10 40 29
15 39 29
13 41 30
12 41 30
12 40 30
12 40 30
10 40 29
14 40 30
15 39 29
15 39 31
16 40 31
17 41 32
17 40 31
18 39 31
15 39 31
12 40 30
10 41 31
10 41 31
06 44 32
07 44 31
11 43 33
16 43 34
17 41 34
12 40 31
11 38 31
13 38 32
16 39 33
18 41 34
17 40 33
18 41 34
17 40 34
16 41 34
15 42 33
16 42 34
15 42 34
14 42 33
11 41 34
06 42 35
08 44 33
12 40 31
12 39 29
11 41 28
14 40 28
14 41 28
14 41 27
14 40 27
17 41 26
15 41 26
13 40 27
12 40 26
12 39 27
13 40 28
13 40 28
13 40 28
14 39 29
12 40 30
13 40 31
14 40 29
15 40 31
14 40 31
12 41 30
12 40 31
12 43 33
14 42 35
16 41 36
15 42 36
14 41 35
05 41 35
08 40 35
11 37 36
14 38 36
16 40 36
15 40 36
16 40 36
16 40 37
15 40 37
15 40 36
16 40 35
14 40 35
16 39 36
18 40 34
14 40 34
14 42 34
13 42 34
12 42 32
12 42 32
12 42 31
09 42 31
09 43 32
10 43 32
13 41 31
14 40 31
13 42 33
12 40 34
12 38 33
12 39 31
13 40 30
12 40 30
15 39 29
15 40 30
14 41 32
16 40 31
18 41 31
16 41 33
14 41 33
14 39 32
12 40 33
10 40 31
05 42 29
09 42 31
16 44 35
19 41 33
16 38 33
11 39 31
06 38 32
13 39 33
14 40 35
16 41 36
15 39 35
16 40 37
16 40 39
16 41 36
16 44 35
16 42 34
16 42 32
13 41 31
12 41 33
12 42 34
10 43 35
04 43 35
05 41 35
13 43 35
12 40 35
10 44 31
09 40 31
11 38 31
13 39 33
14 39 32
14 39 32
15 38 31
16 38 32
17 40 33
18 38 33
17 40 33
16 40 34
14 40 35
13 40 34
11 40 35
04 41 32
06 42 32
17 39 35
19 39 37
14 42 34
11 42 33
12 41 34
15 40 35
16 39 37
18 40 37
16 39 37
16 41 37
16 41 37
16 41 37
15 42 37
15 42 37
13 41 36
12 40 37
10 40 37
07 43 36
06 44 34
04 44 35
12 41 33
15 37 35
14 40 32
13 39 32
14 39 31
15 41 31
16 40 31
17 39 31
15 38 31
15 38 30
16 41 31
15 40 32
15 39 31
14 40 32
13 40 33
12 40 32
12 40 32
06 42 30
07 41 30
13 40 30
16 39 31
11 40 33
06 34 29
09 35 30
13 43 31
13 41 32
16 40 31
16 41 33
16 43 31
17 44 31
16 42 30
17 41 29
18 41 30
14 42 30
14 42 30
13 43 28
11 44 29
10 45 29
10 45 31
11 45 31
13 44 34
12 44 35
13 44 34
13 42 35
13 38 36
13 41 33
14 37 30
15 40 28
14 41 31
14 41 29
16 38 28
17 38 26
15 39 27
13 39 27
11 39 27
07 39 28
05 41 28
11 40 31
16 40 33
16 35 33
10 37 32
11 34 30
13 36 31
15 35 33
15 36 33
14 36 32
15 38 33
15 39 32
16 40 32
15 42 33
16 41 33
13 40 33
13 40 32
11 39 33
08 40 33
07 43 33
06 43 33
06 43 33
10 42 33
16 41 34
13 42 32
12 41 32
11 39 32
12 40 32
15 41 32
14 41 32
16 40 31
15 40 32
15 40 32
16 41 32
15 39 33
14 40 32
14 39 32
12 39 31
09 40 30
04 41 30
06 41 32
14 38 34
17 39 34
13 39 36
11 38 33
14 36 33
15 39 35
17 39 36
16 40 36
18 41 35
16 40 36
15 40 37
15 41 36
15 41 37
15 43 36
12 42 35
11 40 34
10 42 33
07 43 34
05 44 34
06 42 35
13 40 33
13 40 31
10 39 31
11 39 31
13 40 32
16 40 32
14 39 32
16 40 33
15 40 32
16 40 32
16 40 32
17 41 32
16 39 32
15 40 32
14 39 33
12 40 32
09 40 31
03 44 30
05 43 34
13 39 34
14 40 34
13 38 34
13 39 33
14 36 33
16 39 34
18 40 34
17 40 35
19 40 35
19 40 36
17 41 36
15 43 35
12 42 35
13 42 35
13 41 36
10 41 34
05 43 33
01 44 32
04 41 34
14 41 34
16 40 32
15 39 32
14 39 30
13 38 31
14 40 31
14 40 31
14 39 30
14 40 30
17 41 31
17 40 33
15 41 32
17 40 33
15 39 33
14 39 33
11 40 32
09 39 33
04 42 33
02 37 27
13 38 23
21 46 34
16 42 34
14 44 31
13 42 30
14 42 30
15 42 32
16 42 30
17 40 31
16 42 32
15 42 32
14 43 33
14 42 33
15 42 34
13 42 34
12 41 33
09 43 33
06 44 33
06 45 33
12 42 33
13 41 32
10 41 30
10 38 28
13 38 31
15 40 32
15 39 31
16 40 31
15 40 30
16 38 30
17 39 31
16 39 31
16 39 30
14 39 30
11 39 30
09 41 30
05 41 31
06 42 31
13 41 33
17 41 35
14 41 35
13 37 33
11 37 35
14 35 34
15 39 35
15 42 35
16 41 36
16 41 37
15 41 36
15 38 37
16 42 37
16 41 35
14 40 35
13 41 34
10 44 35
04 44 32
02 44 31
06 42 33
13 39 34
11 38 30
12 37 28
12 37 30
14 37 29
16 37 30
17 39 32
17 39 30
16 39 31
15 40 30
15 40 32
16 38 32
14 39 32
14 42 31
11 42 31
09 41 31
09 41 30
07 42 31
10 41 31
13 39 31
15 37 31
07 39 31
12 38 31
15 37 31
15 38 32
16 41 32
15 39 33
16 39 34
16 42 33
17 44 33
17 43 33
16 42 33
15 41 32
13 40 32
12 41 33
11 42 34
08 44 34
05 43 33
06 43 34
12 39 35
15 34 35
11 38 34
09 34 30
09 37 28
11 40 31
13 41 28
12 39 28
14 39 29
16 39 30
17 39 32
17 39 32
18 41 31
15 41 32
15 41 32
12 42 33
11 40 34
08 42 33
06 44 33
06 43 33
13 41 34
18 41 35
16 39 34
10 40 33
14 39 32
16 41 32
16 40 33
16 42 33
15 44 33
13 43 32
14 43 32
14 42 31
15 42 32
14 41 31
13 41 31
13 40 31
14 43 31
13 42 30
12 42 30
13 43 30
11 44 29
11 43 29
14 43 28
14 41 28
14 41 27
13 43 27
14 43 27
15 41 26
14 41 26
15 41 26
14 41 26
14 41 27
15 42 26
14 42 27
14 42 26
14 42 27
16 42 27
15 41 29
14 41 30
14 42 29
11 42 29
10 39 30
12 40 31
11 42 31
12 42 33
13 39 32
13 40 30
13 40 31
15 41 31
14 40 32
15 40 32
15 42 32
15 42 32
15 41 32
14 40 33
11 36 38
14 40 34
14 40 32
11 42 31
09 41 30
09 43 28
08 43 28
09 43 29
13 41 30
15 40 30
15 40 29
14 38 31
13 36 31
12 37 31
13 40 29
15 38 29
17 39 29
16 40 31
17 40 30
16 40 31
15 41 30
12 40 30
13 40 30
11 40 30
07 41 29
03 41 28
09 40 31
18 38 32
16 39 31
09 39 29
13 38 30
15 39 32
16 39 32
17 39 32
17 41 35
15 41 34
15 39 35
13 40 35
14 39 34
15 38 35
14 38 33
12 41 34
08 41 33
10 41 32
06 42 32
06 44 33
12 43 33
15 42 32
15 40 32
11 40 31
11 41 32
12 40 32
13 40 31
18 37 30
17 38 31
15 41 31
15 39 32
18 39 33
16 40 32
15 39 31
11 40 33
11 40 31
08 40 30
03 41 30
07 39 31
15 42 34
18 41 38
13 41 37
10 42 35
14 38 35
17 39 35
16 38 35
18 40 35
16 40 36
17 40 36
16 40 35
16 41 35
15 40 35
13 40 35
12 39 35
10 39 34
10 41 33
05 43 34
03 44 35
10 40 36
13 36 34
13 41 32
10 40 31
11 39 31
13 40 31
14 40 31
14 40 31
16 39 30
16 38 31
15 38 32
17 38 32
17 39 32
14 39 33
12 42 33
07 41 32
06 43 31
04 42 32
13 38 35
15 37 34
13 38 31
09 39 31
12 39 31
18 37 33
19 39 35
18 40 33
19 40 33
18 41 34
17 42 36
16 42 35
14 42 35
12 43 36
11 41 35
09 42 34
05 44 33
04 44 35
06 43 36
12 40 35
11 37 37
11 38 32
12 35 31
12 39 31
14 40 32
18 41 32
17 40 32
17 39 33
16 39 32
16 41 33
16 40 33
14 40 33
14 40 33
12 40 34
10 41 32
06 42 33
04 40 32
10 37 32
14 36 33
10 36 31
09 35 30
15 36 30
16 38 33
16 40 33
17 39 34
17 41 33
16 41 34
17 40 33
16 40 32
15 41 34
14 42 32
12 43 33
10 44 33
09 43 34
08 45 33
07 45 35
12 42 34
12 38 34
10 41 33
10 41 30
12 38 31
14 39 31
15 39 32
17 41 32
14 41 31
16 40 31
17 38 32
17 39 32
17 40 32
17 40 32
13 39 33
11 40 32
09 41 33
08 40 33
04 42 33
07 41 33
16 40 34
17 40 34
14 40 33
08 41 32
15 38 34
16 41 33
17 40 34
18 41 33
17 41 34
18 41 34
16 41 35
16 43 34
12 43 35
13 43 34
11 42 34
09 43 35
07 45 34
04 44 34
11 43 34
13 41 34
12 41 32
10 40 31
11 39 33
12 39 31
13 41 32
15 40 31
14 40 31
14 40 31
17 39 32
16 40 31
17 39 32
17 38 32
15 41 32
12 40 33
10 39 32
07 40 31
04 42 31
09 42 34
15 40 34
14 41 35
13 42 34
10 38 33
15 38 34
15 38 34
16 39 35
15 40 35
15 40 35
16 39 35
16 40 36
16 42 36
16 41 35
16 41 36
14 41 35
11 40 35
08 43 34
05 42 34
06 42 35
13 41 35
15 40 33
11 40 31
09 38 30
10 39 30
12 39 30
13 40 32
14 40 32
15 42 32
13 39 32
15 39 32
15 40 34
16 39 33
17 39 33
16 39 33
14 40 35
12 40 33
11 42 33
10 43 34
06 44 34
09 43 34
12 41 35
18 41 35
15 42 34
13 40 34
13 40 34
15 39 34
16 40 34
16 39 35
14 41 34
14 42 35
14 41 34
15 42 34
15 41 34
14 41 33
15 41 33
15 42 33
12 41 33
11 42 32
10 42 30
10 42 31
09 43 29
09 42 29
10 42 30
12 40 29
14 40 29
15 39 29
15 39 29
15 40 28
15 42 28
15 41 29
16 39 28
14 40 29
13 40 29
14 41 29
13 40 30
10 40 30
08 42 28
11 40 32
13 41 31
13 43 33
17 40 33
13 42 31
12 40 32
13 40 33
13 41 32
14 40 31
13 42 30
12 39 29
12 39 30
12 40 31
13 40 30
14 41 30
13 41 30
14 41 31
14 40 31
13 40 31
14 42 31
14 41 32
15 41 32
15 43 33
14 43 32
10 42 33
09 44 33
12 42 32
13 42 32
14 40 32
12 38 31
13 40 29
12 40 30
13 40 29
13 39 28
13 40 29
14 40 29
15 41 29
15 41 29
14 41 29
12 40 29
14 42 29
13 42 30
15 42 30
14 42 29
14 42 31
13 42 30
13 41 31
12 42 31
13 42 32
13 42 31
11 43 31
10 41 32
10 40 32
12 42 33
15 40 34
18 39 31
16 40 32
12 40 31
12 41 32
14 40 33
15 40 32
16 41 32
15 41 30
15 41 31
14 40 31
14 40 30
15 41 30
13 42 30
14 41 30
16 41 31
16 42 29
16 41 31
15 41 31
14 41 31
14 41 30
12 43 31
08 46 32
09 44 31
07 43 29
09 40 27
12 38 29
15 40 30
13 40 30
14 39 29
14 40 28
15 39 29
13 39 29
16 40 29
14 40 29
16 39 29
15 41 29
14 41 30
13 42 31
13 40 31
10 39 29
07 41 29
07 43 31
12 41 32
18 41 33
16 41 33
15 39 33
12 39 32
15 37 33
16 37 34
16 40 34
16 41 34
16 41 35
17 41 35
16 41 35
16 40 35
16 41 34
15 42 35
13 42 33
12 42 34
11 43 34
06 45 32
05 45 33
10 41 34
15 38 35
15 41 33
13 40 31
13 40 31
14 40 31
13 40 31
14 41 29
14 39 31
16 41 31
16 42 31
16 41 33
16 42 33
16 42 32
15 42 33
13 43 33
12 45 33
10 44 33
08 45 32
07 44 32
12 42 31
16 43 33
14 41 32
14 40 31
11 39 32
17 39 32
19 40 32
17 41 31
17 42 31
17 41 32
17 42 32
18 42 33
15 42 33
15 42 33
15 42 34
13 45 35
09 43 36
09 46 37
06 46 36
04 46 36
13 43 35
17 39 34
17 41 31
13 40 31
13 41 31
14 40 31
16 42 32
15 40 33
17 41 33
16 42 34
17 42 33
16 41 33
17 41 33
16 40 35
15 40 34
13 40 34
12 40 34
10 40 35
09 42 33
04 44 34
08 41 33
10 42 33
14 40 34
13 39 33
15 38 32
12 39 32
14 38 34
16 39 33
18 40 33
16 42 34
14 41 34
15 43 35
16 44 36
15 43 36
16 44 36
13 46 35
13 47 36
13 50 37
11 52 39
11 53 39
14 54 40
15 54 41
19 52 41
21 50 39
23 48 38
24 50 39
26 48 38
28 52 38
28 52 38
30 49 39
33 48 40
39 47 42
40 46 41
41 46 43
42 45 41
41 43 42
40 42 44
40 43 45
39 39 45
39 39 48
38 43 49
39 41 51
38 39 51
37 38 51
39 44 53
38 38 52
39 39 51
39 39 50
39 39 50
39 40 50
39 40 50
40 39 51
39 38 51
39 37 51
39 39 51
39 39 52
41 41 50
38 38 48
40 39 52
39 40 54
39 38 51
38 38 52
40 39 50
40 40 49
41 39 52
