40 36 49
40 36 49
41 36 48
40 40 47
39 43 43
40 42 45
40 43 43
38 43 38
38 45 37
35 44 35
41 43 38
34 42 36
30 43 36
24 49 39
22 49 39
16 44 39
11 41 38
04 45 39
01 44 38
00 44 37
00 44 37
02 44 39
06 41 37
08 39 37
12 40 37
11 40 37
11 39 35
13 38 36
14 37 36
13 37 35
12 38 34
12 38 34
12 37 34
11 36 34
12 36 34
13 38 34
12 37 34
13 38 35
14 38 35
15 38 35
13 36 35
12 37 35
12 38 35
13 37 36
13 37 36
12 39 35
12 38 36
12 38 36
12 38 36
12 38 36
13 39 36
12 40 36
12 37 36
12 39 35
12 37 35
12 39 35
12 38 36
12 38 34
13 38 36
13 39 35
13 38 36
12 38 36
12 38 35
14 38 35
12 38 35
13 38 35
13 38 35
12 38 34
11 37 34
13 38 35
12 38 36
11 37 35
12 37 35
12 36 36
14 37 35
13 39 35
12 38 36
12 37 36
13 37 36
11 38 36
12 39 36
12 38 36
13 38 35
11 37 36
12 37 36
12 37 35
11 37 35
12 38 35
13 38 35
13 36 36
13 37 35
12 37 35
13 37 35
13 38 35
13 38 34
13 39 36
12 37 35
13 37 35
12 39 35
13 38 35
11 37 34
13 38 35
12 38 34
12 37 36
15 37 35
13 40 36
13 37 35
12 39 34
13 38 34
13 38 36
12 37 36
13 38 34
13 38 36
12 37 36
14 37 36
12 37 35
13 38 36
12 37 35
12 37 36
11 37 35
12 38 35
13 37 36
14 37 35
13 38 35
13 37 35
12 38 35
13 37 35
12 38 36
14 38 35
13 36 35
13 40 35
13 38 35
12 38 34
13 38 34
12 40 34
13 41 36
13 41 35
11 42 38
11 41 38
11 40 38
13 39 38
12 41 37
13 40 39
14 38 37
13 38 37
14 37 37
14 38 37
14 37 35
14 37 36
14 37 36
15 37 37
16 38 36
14 37 36
14 37 35
12 36 35
11 37 35
06 38 36
04 41 37
07 40 37
14 37 36
15 38 36
14 38 36
13 39 36
13 38 37
13 40 38
12 42 40
11 42 39
10 41 36
09 39 37
12 39 37
11 37 35
12 38 34
09 40 34
09 37 33
10 36 33
10 36 34
11 35 33
10 36 33
15 35 35
17 36 36
17 36 36
15 35 35
16 35 34
18 36 35
17 38 35
18 38 35
17 39 35
16 38 35
13 39 35
11 41 37
09 39 38
06 40 38
06 39 38
03 40 38
00 39 37
03 40 40
10 40 39
10 38 36
08 39 37
10 37 36
10 36 36
11 35 34
13 35 35
11 37 34
12 35 33
13 37 32
14 35 33
16 35 33
14 36 33
13 36 32
14 36 33
11 36 33
12 37 33
15 36 34
12 37 35
12 38 35
13 37 35
13 38 36
14 38 35
14 38 35
13 40 35
13 40 38
11 41 40
10 40 40
10 40 41
09 39 40
08 40 41
05 39 40
02 41 42
08 38 38
08 39 36
07 37 36
06 37 35
08 37 34
10 34 34
11 35 33
11 34 31
13 36 29
13 36 32
14 35 32
15 36 32
15 37 32
15 37 33
15 37 33
11 37 33
10 37 35
12 37 36
13 38 37
13 38 36
14 38 36
15 37 35
17 38 39
17 39 40
13 40 40
11 37 41
12 38 39
12 35 41
11 39 42
09 41 42
08 40 40
08 42 38
01 44 38
06 39 39
08 39 34
06 37 33
05 39 31
08 40 30
12 37 29
13 36 29
12 36 30
11 36 31
13 37 31
13 36 33
15 36 33
15 37 33
13 35 34
14 36 34
14 36 33
11 36 34
17 36 34
16 38 36
15 37 38
12 39 36
10 39 36
10 40 35
09 39 34
12 40 36
12 39 36
12 38 37
12 38 37
12 39 38
12 39 38
12 40 38
09 41 40
09 41 38
06 40 35
04 41 39
04 42 33
03 40 29
05 36 30
09 33 30
13 34 31
11 36 30
15 36 32
12 38 32
11 38 30
11 36 31
11 34 32
14 35 32
12 37 33
14 37 33
13 38 33
12 36 34
14 37 34
13 35 35
13 37 36
14 35 37
16 37 37
16 38 35
14 38 37
14 37 37
12 40 37
10 39 38
11 37 38
10 40 38
07 40 39
06 40 39
06 41 39
03 39 41
06 40 39
09 39 36
08 38 37
09 37 36
10 35 36
11 36 35
13 35 33
12 37 34
11 36 32
10 36 31
10 34 35
11 34 32
10 34 33
08 37 33
11 34 34
13 33 33
09 34 32
15 35 34
17 36 37
16 37 37
14 36 34
15 37 34
16 38 36
15 39 36
14 39 37
13 37 37
10 41 41
09 39 42
10 38 39
09 38 43
05 41 42
07 40 41
00 43 43
05 40 42
11 38 37
07 35 37
07 36 36
09 34 34
10 34 34
13 37 35
15 38 35
14 36 33
14 35 33
14 36 33
15 35 33
17 36 33
12 35 32
15 36 33
09 34 33
10 35 33
10 35 34
09 38 35
12 37 36
13 38 37
16 37 38
17 36 36
14 36 36
12 38 38
11 39 38
11 41 40
11 41 41
09 43 41
06 42 41
05 42 41
02 42 40
00 42 43
09 39 38
08 38 39
04 36 38
04 36 36
05 35 34
09 35 33
12 35 34
14 35 33
17 36 33
18 35 33
18 35 32
19 36 32
18 35 33
16 37 33
15 37 33
10 36 34
09 35 33
11 35 35
10 36 37
08 37 36
10 39 36
13 38 36
13 39 36
16 37 38
10 40 36
11 40 39
11 38 39
12 39 39
10 41 38
07 40 39
08 40 39
04 39 38
00 42 42
05 40 37
06 36 35
07 35 36
07 35 34
09 35 33
11 36 32
10 36 34
11 37 32
13 34 32
14 36 33
14 35 32
15 35 33
15 35 32
15 36 32
15 36 34
12 36 33
10 36 32
11 36 34
10 36 36
11 37 35
12 38 36
14 38 37
15 37 36
13 39 37
10 39 37
12 41 38
11 39 39
12 39 40
10 40 39
09 41 39
06 41 39
04 41 38
01 42 42
05 41 38
06 41 37
04 39 37
05 37 36
10 37 35
12 34 33
13 35 33
13 37 33
14 35 33
13 35 32
14 34 32
16 36 33
15 37 34
16 36 33
12 36 34
10 38 34
15 37 37
11 39 39
10 37 36
11 36 33
13 38 35
13 39 37
14 37 36
15 38 37
11 38 35
11 37 37
11 39 39
11 39 40
09 39 40
08 39 42
08 39 40
01 40 41
01 39 42
07 37 39
06 37 37
05 35 36
07 36 35
11 35 34
12 36 34
14 36 34
13 34 32
12 37 32
12 35 31
14 36 33
14 35 33
11 37 33
12 35 32
14 36 33
11 36 32
12 36 33
15 36 34
14 37 36
12 37 36
13 37 35
15 36 36
15 37 37
15 38 37
14 39 37
09 40 38
10 37 39
10 40 40
10 38 40
09 38 41
06 39 39
08 39 38
01 40 40
08 39 39
08 37 36
07 37 34
08 36 34
10 37 33
13 34 33
14 35 34
13 37 32
13 35 32
12 34 31
12 35 32
14 35 33
12 36 33
12 34 33
12 35 32
08 35 33
14 35 35
13 37 37
13 35 38
14 37 37
14 36 36
16 35 38
16 37 40
18 37 37
16 38 37
14 38 38
13 38 39
13 40 39
12 38 40
11 38 39
06 41 39
06 40 38
02 41 39
06 41 37
05 40 34
06 39 34
08 37 32
11 36 31
12 35 30
13 35 29
12 36 30
12 36 28
13 36 30
12 34 30
11 35 31
10 36 30
09 35 33
12 35 34
14 36 35
12 36 37
12 39 34
14 37 36
16 36 36
16 37 35
15 37 36
14 39 36
12 39 37
11 40 38
11 41 38
10 40 39
07 41 39
07 41 37
01 43 40
08 39 39
09 38 35
07 36 35
08 38 34
10 38 34
12 36 33
14 36 34
12 36 33
13 36 33
12 37 31
14 35 33
15 35 32
13 36 33
12 36 33
15 35 33
12 34 34
11 35 33
11 36 33
11 36 34
13 36 36
14 37 35
16 37 34
17 39 35
17 39 36
15 39 36
13 38 36
10 40 37
11 38 38
07 37 37
07 37 37
07 37 38
05 40 37
01 41 41
07 41 38
08 38 35
08 39 35
08 38 36
12 36 35
11 36 34
12 36 34
10 36 33
10 35 31
11 35 32
12 34 32
11 35 32
13 36 32
11 35 33
12 33 33
07 34 30
14 35 32
15 36 35
13 36 35
13 36 35
15 38 34
16 36 36
16 37 37
16 37 36
14 37 36
12 39 37
10 40 39
10 41 39
09 41 40
08 41 40
07 38 39
02 40 39
01 42 40
08 39 38
08 39 36
09 38 37
10 37 36
10 37 34
11 35 34
13 35 34
13 35 32
13 36 34
14 35 33
14 35 32
14 35 32
14 35 33
14 33 34
13 35 34
13 34 33
08 36 34
14 35 35
14 38 35
13 37 36
12 36 36
12 38 36
12 38 37
13 37 36
14 37 38
17 38 37
12 38 37
10 39 38
13 38 39
12 39 38
09 40 38
08 40 39
08 38 37
02 40 39
07 39 39
08 39 36
07 39 37
07 36 36
09 36 36
11 35 34
13 35 33
13 35 33
12 36 33
12 36 31
12 37 32
13 36 33
14 36 32
15 36 32
13 35 32
12 35 33
08 37 33
12 37 34
12 37 37
13 37 37
13 38 37
13 37 35
15 37 38
15 37 37
15 37 35
12 39 37
10 39 38
11 38 38
12 40 37
12 39 39
10 41 37
09 42 37
04 40 37
01 44 39
08 38 33
10 39 33
10 40 35
09 39 33
09 40 32
09 38 33
08 35 33
09 36 32
09 36 33
11 36 32
12 36 33
14 37 35
15 37 34
15 36 34
19 36 35
16 34 36
11 35 33
11 36 36
13 37 35
12 37 38
12 38 37
11 40 36
11 37 35
11 38 35
09 39 34
11 39 35
11 39 36
10 39 37
12 40 37
14 39 37
13 41 38
12 41 38
09 41 39
10 38 39
06 38 39
08 37 36
08 38 35
05 38 34
04 37 35
07 37 35
11 36 35
12 37 34
12 36 33
12 36 33
11 35 33
11 35 32
12 35 33
14 36 32
16 36 33
15 36 34
16 37 35
12 36 35
10 38 35
11 37 36
13 38 38
16 37 39
13 37 36
12 37 36
10 36 38
09 37 39
12 36 40
12 40 39
11 39 40
12 38 41
12 38 40
12 38 39
13 38 39
13 38 38
13 37 37
14 36 39
09 39 37
08 39 38
11 36 36
14 36 34
14 35 35
12 36 35
12 37 34
12 36 34
13 36 35
13 36 34
13 35 34
14 37 33
14 37 35
13 37 35
13 38 34
12 38 35
14 37 35
12 36 34
12 37 35
12 38 35
11 38 35
12 37 35
11 37 36
10 38 36
13 38 36
12 37 35
12 37 36
11 37 35
12 37 34
13 37 33
11 36 35
13 38 35
12 38 34
12 37 35
13 37 34
12 37 34
12 37 35
13 37 35
13 36 35
13 38 34
13 37 35
13 39 35
13 38 35
12 37 35
12 38 36
12 37 35
13 37 34
14 38 35
12 38 35
12 37 35
12 38 35
13 37 35
12 38 35
12 37 35
12 38 35
12 38 36
12 37 36
13 37 36
12 37 36
12 37 35
12 37 35
13 36 35
14 37 35
12 37 34
13 38 35
12 37 35
12 36 36
12 37 35
13 37 35
13 38 35
13 38 35
12 36 34
14 38 35
13 38 34
13 36 35
12 38 36
13 37 35
12 37 35
14 36 35
12 37 35
11 37 36
12 36 35
14 37 35
13 37 36
13 37 36
11 38 35
12 37 35
13 37 35
12 37 35
12 38 35
13 37 35
13 38 35
11 37 35
13 37 35
11 37 35
12 37 35
13 36 35
14 37 35
13 37 35
12 37 35
13 37 35
13 37 36
12 37 35
12 38 36
12 37 34
11 37 35
12 37 36
13 37 35
13 37 35
12 37 35
11 37 35
11 37 34
12 37 35
13 37 36
12 37 36
13 37 35
12 37 35
13 37 36
12 38 35
13 38 36
11 38 35
11 37 34
13 37 35
12 38 35
11 39 36
11 40 36
11 43 36
09 46 36
08 47 37
08 50 36
09 53 36
11 54 37
13 54 37
16 56 35
17 54 36
19 53 38
22 52 38
24 53 37
28 46 37
29 43 37
34 40 38
36 37 38
39 38 41
42 39 40
40 37 41
40 34 44
38 32 47
39 35 49
38 34 53
38 35 54
39 35 53
39 35 54
39 35 54
39 35 53
39 34 53
38 35 53
39 35 52
40 35 52
39 36 53
39 34 52
40 32 51
39 35 51
