17 45 33
17 45 33
17 47 33
17 47 33
17 47 33
16 47 33
17 47 31
16 46 33
18 47 33
17 46 34
18 47 33
17 47 33
16 47 32
17 47 33
16 47 33
17 47 33
17 48 32
18 46 33
17 47 33
18 49 32
19 49 32
20 48 32
19 48 33
19 47 33
16 48 34
18 48 33
18 46 32
18 47 32
17 47 33
18 45 32
17 47 32
16 46 32
17 46 31
17 46 32
17 46 32
18 47 32
17 47 33
19 47 32
19 48 33
19 48 33
18 47 33
18 46 33
19 47 33
18 48 32
18 48 32
18 48 31
18 48 32
16 47 31
14 49 31
11 49 31
07 48 32
05 45 31
07 39 30
08 43 34
12 40 35
10 34 35
16 39 35
18 43 36
20 44 32
22 42 34
22 48 37
23 47 36
27 48 36
30 47 37
32 47 36
33 44 34
33 47 34
28 51 30
27 52 27
23 52 28
19 47 31
17 43 35
14 42 35
11 42 35
07 43 34
03 44 35
00 39 37
00 38 36
03 39 33
07 41 36
10 38 41
10 36 35
10 36 35
13 37 33
18 36 31
20 37 32
19 38 31
16 39 31
16 38 33
15 39 31
14 36 32
11 36 31
09 38 33
08 38 33
10 38 34
11 37 34
09 38 33
09 38 34
08 39 34
11 37 34
14 35 35
14 33 33
11 36 33
13 37 34
14 37 35
18 37 36
16 36 35
17 35 37
15 40 36
13 44 36
09 47 38
08 42 37
13 44 38
16 43 37
18 48 36
20 46 33
16 51 33
13 51 33
13 52 35
12 56 38
13 45 40
18 46 37
22 46 32
24 47 32
24 45 31
23 39 34
21 40 36
23 47 35
19 46 35
20 44 34
21 41 34
21 45 35
22 48 35
22 46 34
23 47 33
23 44 33
21 46 33
17 50 29
15 58 34
14 55 30
12 53 28
10 50 29
11 48 28
15 42 27
14 37 33
13 38 31
17 42 32
23 44 34
22 47 37
23 44 33
17 45 33
16 44 32
15 41 33
20 40 35
21 44 36
19 50 37
18 49 36
15 48 32
12 53 37
18 52 36
15 58 41
13 53 30
11 47 31
16 32 33
18 39 31
16 43 28
12 46 28
14 45 28
19 39 29
19 39 30
18 42 31
16 45 31
17 46 30
18 46 30
18 46 29
21 47 30
21 46 31
18 47 30
15 46 30
13 45 30
16 46 31
13 48 28
11 51 29
08 50 28
08 46 29
09 37 32
09 35 33
09 34 33
11 42 32
16 46 29
22 46 30
27 44 33
27 42 36
25 42 37
22 41 36
21 43 35
19 42 35
18 48 38
17 52 38
11 56 34
13 58 35
22 55 35
21 56 43
15 56 37
11 48 36
15 29 34
14 39 32
16 48 31
16 48 31
19 45 32
19 40 33
18 38 31
18 42 31
18 46 31
17 48 30
19 45 29
19 45 31
18 48 33
17 46 30
14 45 29
15 47 28
15 47 31
14 48 31
08 48 30
08 50 28
07 45 31
08 37 33
06 34 37
07 38 37
12 42 32
19 44 30
25 44 33
27 42 34
27 43 37
24 39 37
22 41 37
19 44 36
19 45 35
18 48 34
14 54 38
13 56 38
14 53 37
19 53 37
21 52 43
14 54 35
09 55 36
15 33 32
16 33 32
17 43 32
18 49 30
19 49 28
20 42 30
19 39 32
19 42 32
17 46 30
17 47 30
18 43 30
19 46 30
18 47 31
17 47 31
14 45 29
14 47 30
15 48 32
12 47 29
07 50 29
07 51 27
10 45 29
11 43 31
10 34 35
07 34 34
12 40 30
17 44 29
23 44 31
26 43 34
27 45 35
25 42 38
23 41 38
20 41 37
19 45 35
20 49 36
19 51 38
15 55 36
14 58 34
19 54 36
17 55 41
13 56 36
10 46 34
17 27 33
14 37 34
15 46 30
17 49 29
20 45 31
20 40 31
20 38 31
20 43 31
19 47 32
17 46 30
15 45 29
17 47 28
17 47 30
18 47 29
16 46 30
14 47 32
15 46 33
13 48 29
09 51 30
07 51 27
11 45 27
10 37 34
08 36 40
09 39 33
14 43 30
19 47 30
22 45 32
25 44 36
27 42 35
25 41 36
22 40 35
20 42 33
18 44 33
17 45 38
15 49 40
15 55 34
16 57 36
23 55 39
21 57 45
13 57 34
05 52 38
13 28 31
14 30 32
14 40 33
15 51 31
19 52 28
19 44 28
18 40 32
17 39 32
18 43 30
17 47 30
17 45 31
18 44 31
19 47 31
18 47 31
15 47 30
14 46 30
15 48 32
14 47 30
09 51 29
09 50 27
10 51 32
11 43 32
10 36 36
08 34 37
08 40 33
14 45 29
20 47 30
25 45 36
28 42 37
27 41 38
26 41 35
22 42 35
20 46 36
19 49 38
17 55 36
15 56 35
14 60 36
17 56 36
17 55 40
15 53 35
13 45 36
15 33 37
18 40 32
19 47 29
16 49 30
18 46 31
18 40 32
19 39 33
19 47 31
20 50 31
20 49 31
20 45 32
21 47 33
19 48 33
19 49 31
16 46 31
14 46 32
14 48 32
13 49 30
11 52 28
10 52 27
10 50 28
12 40 31
09 35 35
08 39 34
10 44 31
15 45 31
20 44 34
25 44 36
26 45 34
25 42 35
23 39 35
20 38 35
20 41 35
20 44 38
14 48 40
13 54 36
16 56 34
21 57 39
25 56 40
19 58 39
06 55 34
02 50 34
11 24 27
11 31 34
15 35 35
18 50 32
19 55 30
22 45 31
20 37 32
19 40 33
17 45 30
17 49 28
18 46 30
20 44 32
20 47 31
18 48 29
16 48 29
14 47 31
13 47 33
13 48 28
08 52 29
07 51 28
11 46 27
09 38 34
08 36 38
08 39 34
13 44 30
21 47 28
26 44 32
28 43 35
28 41 35
25 40 38
23 40 39
19 43 36
20 44 36
17 52 38
13 56 41
14 55 36
20 56 34
26 54 41
19 57 38
10 57 33
10 43 33
13 28 30
12 38 34
16 46 32
17 52 30
20 46 31
22 38 31
21 38 33
18 44 32
17 49 30
18 47 30
17 46 31
20 48 32
18 48 32
17 45 29
16 47 28
15 50 31
16 48 31
10 51 29
09 49 29
09 49 28
09 40 33
08 36 38
08 40 36
12 44 30
19 48 29
25 47 33
28 45 34
29 44 36
27 41 36
23 39 36
19 41 35
18 43 36
18 49 37
17 54 39
15 55 34
16 60 35
24 55 37
19 55 47
10 55 32
06 51 33
13 29 31
13 31 35
15 42 34
17 51 31
20 50 31
21 40 32
21 38 32
18 44 31
17 48 29
17 49 28
19 44 31
20 45 32
18 48 32
17 48 29
15 48 30
15 49 32
16 46 31
12 50 30
08 52 28
08 51 27
10 44 27
10 36 34
07 36 38
08 41 34
14 45 29
21 48 29
25 47 33
27 45 35
29 40 36
25 40 36
23 40 35
21 42 35
19 46 36
17 52 36
14 55 34
12 55 35
17 53 38
17 51 44
14 55 34
09 49 36
15 30 35
15 40 33
18 46 32
18 51 31
19 49 31
21 42 30
21 40 33
21 45 32
19 46 31
18 48 31
20 46 32
21 45 32
19 47 32
15 45 30
15 46 29
15 48 30
16 47 31
11 49 31
07 52 28
08 52 25
10 44 32
10 36 39
10 38 35
13 38 30
14 41 29
18 43 32
21 43 33
23 45 36
23 45 36
22 44 35
23 41 36
21 43 35
20 44 36
16 47 38
12 51 39
11 51 37
16 50 36
21 53 37
22 53 42
16 57 36
10 50 36
11 34 33
16 36 30
19 40 28
20 48 29
17 47 30
18 38 29
17 37 31
14 40 31
15 45 31
14 45 29
17 44 30
18 44 29
18 43 31
17 44 32
16 44 32
14 43 30
12 47 32
15 47 31
10 50 29
09 50 28
09 50 31
12 42 29
12 37 31
11 35 33
10 38 36
12 44 34
19 46 32
22 45 32
27 43 33
27 41 36
25 40 38
23 39 37
23 42 34
22 46 37
20 51 38
14 55 37
12 60 35
19 55 40
17 51 47
16 51 34
09 50 38
14 34 34
17 38 30
16 48 31
16 50 30
17 46 30
19 41 34
20 38 35
21 40 34
20 46 32
20 49 32
20 45 32
19 45 32
19 48 31
17 48 28
15 48 30
15 48 32
14 49 31
11 52 29
09 50 29
10 49 30
11 43 33
09 35 39
08 36 38
10 41 32
17 44 30
22 45 31
26 43 34
27 43 34
27 41 36
24 38 37
20 41 36
20 44 35
17 49 36
12 53 42
11 52 35
12 53 34
21 55 34
27 53 46
17 55 37
02 58 34
09 37 28
13 30 30
15 36 34
15 44 32
18 49 30
19 44 29
21 39 31
21 41 32
17 46 30
17 47 29
17 44 30
19 48 30
20 46 32
18 46 31
14 46 30
14 48 31
14 48 32
12 49 29
08 49 31
10 49 29
10 42 31
08 36 39
08 39 38
10 44 33
15 46 32
20 44 31
25 43 33
26 41 35
26 41 36
25 40 37
22 41 36
20 41 37
19 46 37
15 54 39
17 57 35
16 60 36
21 57 41
18 53 43
11 55 34
09 51 35
09 43 36
14 29 31
16 40 33
18 48 31
18 53 30
22 46 30
20 40 31
21 39 33
19 43 31
18 48 30
18 45 29
19 43 31
18 49 31
17 48 31
17 46 29
16 48 29
16 49 32
14 49 30
07 52 29
06 50 28
10 44 28
10 37 35
08 36 40
07 39 35
13 43 30
20 47 30
24 45 33
26 43 35
27 41 34
25 38 37
23 38 37
20 43 35
18 46 37
17 52 37
14 58 37
13 60 36
21 55 33
26 53 39
15 56 41
09 55 35
09 41 34
14 32 32
15 39 31
18 46 31
19 48 31
20 44 32
21 41 32
20 37 33
19 43 33
17 48 31
16 49 31
18 45 29
19 46 31
20 47 33
18 48 30
16 46 28
15 49 30
16 48 32
11 49 30
07 51 30
09 50 29
10 43 31
09 37 37
08 39 40
12 42 32
18 45 31
23 46 32
27 43 34
26 42 35
23 40 37
21 38 36
21 39 35
19 43 37
20 49 38
17 54 37
14 56 36
16 55 37
21 54 37
23 53 42
14 50 40
04 49 33
05 44 31
09 31 31
13 36 35
16 48 30
19 54 27
22 47 29
21 39 32
19 41 32
17 48 30
16 50 29
18 47 29
20 46 30
21 48 32
21 49 31
21 52 32
19 47 32
18 46 34
17 47 31
19 47 30
17 52 32
14 56 33
12 53 32
12 50 35
15 44 41
18 45 43
20 45 37
19 48 36
21 47 35
23 47 33
23 49 32
22 48 32
22 45 33
20 46 32
18 45 31
17 45 31
16 46 31
17 44 33
17 46 32
19 47 30
22 50 30
22 53 31
22 55 31
23 53 30
20 52 33
17 52 33
13 57 31
11 54 32
17 38 35
23 35 33
20 44 35
17 54 33
15 49 30
15 41 34
17 42 34
18 46 33
18 50 31
18 48 30
19 46 32
19 47 32
18 47 32
17 46 32
16 44 30
16 45 32
18 49 32
19 49 32
17 47 31
17 47 31
15 43 33
12 44 31
09 47 34
12 46 33
12 40 35
14 40 39
14 44 36
16 48 36
18 46 36
22 43 36
21 42 37
19 44 36
19 44 35
18 46 35
16 48 36
17 48 36
17 47 36
17 49 37
18 50 33
17 50 34
18 44 33
17 43 35
16 44 34
15 43 31
14 45 32
16 48 32
16 49 30
17 49 32
17 47 31
18 47 31
18 47 32
18 48 32
19 49 33
19 48 32
17 46 31
16 47 31
16 48 31
17 51 29
20 50 33
20 48 35
20 46 35
19 44 35
17 45 35
16 45 33
18 44 31
21 45 31
20 47 32
17 49 35
18 51 35
19 50 35
19 50 36
19 49 37
18 49 36
18 49 35
17 49 35
18 48 34
18 46 34
16 45 36
16 47 35
18 46 36
18 47 36
20 49 35
20 48 34
19 47 34
19 47 34
19 46 34
18 48 33
16 48 34
16 48 34
18 51 34
18 49 35
17 46 34
17 47 33
17 47 33
18 47 33
17 48 33
19 49 33
19 48 33
18 47 33
18 46 33
18 47 32
18 47 32
18 48 33
19 47 32
18 49 33
18 47 31
18 47 32
17 46 31
