43 37 50
43 37 50
43 37 50
44 34 50
44 35 49
44 36 50
45 35 50
45 36 50
43 34 51
44 35 49
43 36 48
43 37 49
42 39 48
42 39 46
44 38 46
42 40 47
42 42 46
45 40 45
43 40 46
41 43 46
42 42 41
40 43 40
39 44 43
38 43 43
37 41 41
34 45 44
31 49 47
30 47 44
27 47 41
24 50 46
22 47 44
17 46 40
15 49 43
13 45 43
12 45 42
11 44 41
09 44 40
08 44 39
10 44 40
11 42 37
12 42 37
10 40 37
12 40 37
13 40 35
12 40 36
13 42 36
13 41 35
14 35 35
15 36 36
14 38 36
12 37 36
12 39 36
12 37 36
11 38 37
13 38 37
13 38 37
13 37 37
13 37 36
11 37 36
12 37 36
12 39 36
12 37 36
12 38 34
13 38 36
12 39 35
13 38 35
13 40 35
13 37 35
13 38 36
13 39 35
12 37 36
13 39 35
12 37 35
13 38 35
13 36 36
12 38 35
13 36 36
13 37 36
12 39 36
14 37 36
13 38 35
12 38 36
13 37 36
13 37 36
12 38 36
13 38 35
12 38 36
12 38 36
13 38 36
12 38 36
12 37 35
13 38 37
13 38 36
13 37 35
13 39 35
13 37 35
13 38 36
13 38 35
12 37 35
13 38 36
12 38 36
12 38 36
12 37 36
13 38 35
13 37 35
12 38 36
13 39 35
13 40 35
13 37 36
13 38 36
12 38 35
11 39 36
13 37 36
13 37 35
13 38 36
13 37 35
13 37 35
13 38 36
14 38 36
13 37 36
13 37 35
14 38 37
12 38 37
12 38 37
14 36 36
13 39 37
13 38 37
13 38 37
13 39 37
14 39 37
13 39 37
12 38 35
13 39 35
11 39 35
14 37 34
14 37 34
12 39 35
13 39 35
13 38 34
12 39 35
12 39 34
11 38 34
10 39 34
09 39 35
08 38 35
08 39 35
11 37 34
06 38 36
05 35 35
14 35 37
19 36 37
17 38 37
13 38 38
13 37 36
14 35 36
18 36 37
19 37 37
17 36 36
17 36 36
17 38 36
16 37 37
15 37 37
13 39 38
11 41 38
10 41 37
09 41 39
11 42 37
08 41 38
06 43 39
10 41 38
11 40 36
10 39 34
11 38 36
15 36 36
16 37 35
14 37 35
13 36 35
13 36 35
12 37 35
13 36 34
15 36 35
13 37 35
12 37 36
11 36 35
11 36 35
11 36 35
03 37 35
08 38 35
14 38 37
15 38 37
13 38 37
15 36 36
16 37 36
17 35 37
18 38 36
18 37 38
15 38 37
15 38 38
15 38 38
14 37 38
14 38 38
12 38 38
10 38 38
11 39 38
07 39 37
02 41 39
09 41 38
09 39 37
10 38 36
10 37 36
12 37 36
13 37 36
15 37 34
13 37 33
14 37 33
13 35 33
15 36 34
14 38 34
14 37 33
11 37 34
10 37 33
12 36 36
07 37 35
08 37 35
13 38 36
14 39 39
12 38 38
12 38 37
15 36 38
15 38 36
18 40 37
17 38 37
16 37 38
16 39 38
15 38 38
12 39 37
10 39 37
10 38 37
10 39 37
06 38 36
01 40 38
07 41 36
11 40 35
12 39 35
09 38 34
07 38 33
11 36 32
13 36 32
13 37 32
15 37 31
15 36 32
16 36 32
16 36 32
15 36 33
14 37 34
12 38 34
12 37 34
14 37 36
08 38 36
11 37 37
11 37 37
11 40 39
10 39 39
13 39 37
16 37 38
18 40 36
18 39 37
16 39 37
14 39 36
14 38 37
14 40 37
14 41 37
12 40 37
10 39 38
10 38 38
10 37 35
04 39 37
02 41 38
06 37 35
10 38 33
12 38 33
12 36 32
16 36 30
17 36 30
17 38 30
16 38 30
15 38 30
11 36 30
10 36 32
13 37 33
10 37 33
08 37 34
09 36 35
12 37 35
10 36 35
09 37 34
13 36 35
16 37 37
16 38 38
15 37 37
16 38 37
16 37 35
17 36 36
17 37 38
15 38 36
14 38 37
14 37 38
14 39 38
15 37 39
10 37 38
08 39 38
09 38 38
10 39 37
06 40 39
08 38 35
09 37 32
08 36 33
10 37 32
12 37 34
13 36 32
15 36 33
17 37 32
15 36 33
15 36 33
13 35 34
12 36 33
12 37 34
11 37 34
10 36 34
11 36 34
03 37 34
10 38 36
12 38 38
14 38 39
14 38 37
14 36 34
18 37 36
17 37 36
16 37 36
18 38 36
16 39 37
15 38 37
14 38 36
13 36 38
12 38 37
09 38 38
09 38 38
08 39 38
04 40 40
09 38 37
08 37 34
09 37 35
11 37 36
13 36 35
15 36 34
15 36 34
14 37 33
13 36 32
14 35 33
15 36 33
15 36 34
13 36 34
12 36 34
13 35 35
15 35 35
07 36 35
06 37 35
07 38 34
12 37 37
15 38 39
15 37 36
17 37 35
17 36 36
18 36 37
17 37 36
15 40 37
15 38 37
13 40 38
12 38 38
10 38 38
09 38 37
08 38 38
09 38 38
03 40 39
05 39 39
07 38 35
08 36 36
11 36 35
14 36 34
14 36 33
16 36 36
15 36 33
14 35 33
16 36 34
16 36 34
14 37 34
13 38 34
13 38 35
13 36 35
14 37 36
07 37 35
08 37 36
11 36 37
13 38 38
14 38 37
13 38 37
17 37 37
16 36 37
16 38 37
17 40 37
14 40 38
14 40 39
12 40 40
10 40 39
08 41 41
09 39 40
08 39 39
01 40 39
05 39 40
09 39 36
09 38 36
09 36 37
11 38 35
13 36 35
14 36 34
15 37 33
15 36 33
14 35 33
15 37 33
15 37 33
16 37 33
14 38 34
13 36 34
14 37 34
08 35 36
05 37 36
11 36 36
13 36 39
12 36 38
14 38 37
15 37 36
15 37 38
17 38 38
16 38 38
15 39 38
15 40 38
13 38 38
12 39 38
12 38 39
10 40 39
10 39 39
09 38 36
01 41 35
05 40 39
09 34 33
08 35 32
10 37 35
11 39 36
14 38 35
14 38 35
15 37 34
15 35 34
14 36 33
15 34 34
15 36 32
13 37 33
13 36 34
12 37 34
13 36 34
11 36 35
06 37 34
09 35 33
12 37 35
12 38 37
12 40 37
14 38 36
16 35 37
16 38 36
15 39 37
16 37 36
14 38 37
15 38 38
13 38 37
12 37 37
11 40 39
09 38 39
11 37 37
06 37 38
05 39 40
10 38 37
09 37 35
10 36 34
09 37 35
12 36 35
14 36 33
14 37 34
14 36 33
14 36 33
14 35 33
13 35 33
14 37 34
12 37 34
14 36 34
14 36 35
12 36 35
06 38 34
11 37 36
12 37 37
11 38 38
12 38 38
16 37 38
18 36 37
18 36 38
17 38 37
16 37 36
12 36 37
13 37 39
14 38 38
12 38 39
09 37 39
07 36 40
08 38 38
05 39 39
08 38 39
09 36 36
08 36 36
09 37 35
12 36 35
13 36 35
16 35 35
14 36 34
15 36 34
13 35 35
15 35 34
15 36 35
15 36 34
14 38 35
13 36 35
12 36 35
13 36 36
07 38 35
08 37 37
13 37 37
15 37 39
13 38 38
12 37 36
12 37 37
15 37 37
17 38 37
15 38 37
16 38 38
14 38 37
14 38 37
13 38 38
11 37 39
11 39 39
09 37 38
08 37 38
03 39 40
06 38 38
10 37 35
10 37 37
09 36 35
12 36 35
15 37 34
16 36 34
16 36 33
15 36 33
13 36 32
15 36 33
16 37 33
15 38 33
13 36 34
11 37 34
08 36 35
03 37 35
08 36 37
16 38 39
17 37 39
15 38 38
12 37 36
13 36 38
16 33 38
16 38 39
16 39 37
16 39 38
14 38 39
14 38 37
15 38 39
14 38 39
11 39 38
09 38 36
10 41 36
09 40 37
05 38 38
08 40 35
08 40 33
07 37 32
07 37 31
13 36 32
16 36 32
15 37 31
15 37 30
15 36 31
14 35 31
13 36 32
14 35 32
12 36 33
12 37 33
10 37 33
14 37 35
10 38 36
08 38 34
11 37 36
12 37 37
14 38 37
15 39 37
17 38 37
17 38 37
15 37 37
15 38 37
14 39 38
14 37 38
15 38 36
15 37 38
12 36 36
09 38 37
09 39 36
08 39 35
04 40 36
08 41 37
11 40 34
10 40 34
09 39 33
12 37 33
14 39 32
15 37 33
15 36 33
15 36 33
13 37 34
14 36 33
14 36 34
13 37 35
12 37 34
10 36 35
12 37 35
06 37 35
09 38 35
12 37 35
14 38 37
14 38 37
15 37 35
16 37 35
17 37 35
17 37 36
17 36 36
14 40 36
14 40 38
13 38 37
14 37 38
14 38 37
10 38 37
07 37 37
09 39 37
11 38 38
05 40 39
09 40 37
09 38 35
09 37 35
10 37 35
10 36 34
12 36 33
15 36 34
15 37 33
13 37 33
12 35 33
12 37 35
14 37 34
16 37 33
13 37 35
12 36 35
14 35 37
07 35 35
08 35 35
11 36 35
12 38 38
11 39 37
14 38 36
16 36 35
17 37 36
17 38 36
15 38 36
14 38 37
13 37 37
14 37 36
13 38 37
12 38 38
10 37 37
08 38 36
02 40 38
04 38 39
06 38 36
08 36 35
10 37 35
11 37 36
13 36 35
15 36 35
16 35 33
15 37 32
14 36 32
14 36 33
14 36 33
14 36 34
12 36 33
10 36 34
10 36 34
12 36 34
04 37 34
06 36 36
14 37 37
15 36 38
13 39 38
12 37 36
14 36 36
16 35 38
16 36 38
16 37 37
16 39 38
14 37 38
14 37 37
12 39 38
12 38 36
09 39 38
09 37 37
10 35 36
05 38 38
06 39 39
10 37 36
10 37 36
11 36 36
12 36 37
14 35 34
12 36 34
12 36 33
13 36 33
11 37 33
12 36 33
14 38 33
15 36 33
12 38 35
13 36 34
14 35 34
09 36 34
05 37 35
12 36 36
13 37 37
14 38 37
12 38 37
14 36 35
17 34 36
17 39 36
16 39 36
15 38 36
14 38 37
14 37 37
13 37 37
12 38 37
12 37 38
11 38 38
11 39 39
09 39 37
02 40 39
05 39 39
08 36 35
10 37 35
10 36 36
11 37 36
14 37 35
14 36 36
14 36 35
13 37 33
14 36 33
14 35 33
13 36 34
13 36 33
13 36 33
12 36 35
12 35 34
05 37 34
08 36 34
15 35 36
13 38 37
11 37 38
10 38 35
13 36 36
16 36 37
16 37 37
16 38 35
16 37 37
15 38 36
13 38 37
14 38 36
11 38 36
11 38 37
09 39 37
08 37 36
02 39 39
05 38 38
10 38 35
09 36 35
10 37 34
11 36 34
14 36 34
12 37 34
13 38 33
14 36 33
14 35 33
13 35 33
15 36 32
15 37 34
15 37 34
13 35 33
13 37 34
11 35 34
06 35 35
05 36 35
10 37 36
14 37 38
15 38 39
13 37 37
15 37 35
16 35 36
17 36 37
16 38 37
14 39 37
15 37 37
14 36 38
14 38 38
14 38 38
11 38 37
10 38 38
11 37 38
07 38 37
01 40 39
06 39 36
09 38 35
11 38 35
10 38 34
10 36 35
13 36 34
13 35 33
12 35 33
13 36 33
13 35 33
13 36 32
14 35 33
15 37 32
15 37 33
14 35 33
14 35 34
14 36 35
10 36 34
08 38 35
10 35 36
11 39 37
12 38 38
10 39 37
13 37 36
13 37 37
14 38 37
16 38 38
14 40 38
14 38 38
12 38 37
14 36 38
13 38 37
13 37 39
12 38 37
11 39 37
10 37 36
04 38 39
05 37 39
07 36 35
09 34 34
09 36 36
08 37 37
11 37 37
13 34 36
14 35 35
14 36 34
14 35 34
14 36 33
16 35 33
17 36 35
19 37 35
15 38 35
13 37 35
13 37 36
08 36 34
06 37 36
11 38 37
14 38 38
13 36 38
12 38 38
12 38 37
13 37 38
15 39 39
14 39 38
13 40 39
13 39 39
14 38 39
14 38 38
14 37 38
13 36 38
13 38 38
12 38 37
11 37 37
12 36 35
08 36 36
07 37 37
13 37 35
15 37 35
14 39 35
10 36 34
09 37 34
09 36 33
13 36 34
15 36 34
12 36 34
13 37 33
12 36 34
12 37 33
14 36 33
13 36 34
13 35 34
15 37 34
12 37 34
11 37 35
15 37 35
15 38 37
14 37 38
12 37 37
13 39 39
12 38 38
12 37 39
11 37 38
13 38 37
13 37 37
13 37 38
13 37 37
11 38 37
13 37 37
13 37 37
13 38 38
12 37 37
13 38 36
13 37 37
14 37 36
14 36 36
13 37 35
13 37 37
13 36 36
14 36 35
12 37 35
12 37 35
12 38 35
13 37 38
13 36 36
12 38 35
13 38 36
12 37 36
12 37 36
13 37 35
13 37 35
12 38 35
12 37 35
12 38 35
12 36 36
12 38 35
13 36 36
12 37 36
13 37 36
14 36 36
13 36 36
13 37 35
12 38 35
12 37 35
13 37 35
12 38 36
12 38 36
12 36 36
12 39 35
13 37 37
12 37 36
12 37 36
13 37 36
14 38 36
13 38 37
13 36 37
12 38 36
12 37 35
12 37 36
13 36 35
13 38 36
12 36 35
13 37 36
12 38 36
13 37 36
13 37 35
12 38 35
12 36 36
13 37 36
12 37 36
13 38 35
13 37 34
12 37 35
13 37 36
13 38 36
13 37 37
12 37 36
13 38 35
11 37 35
12 38 36
14 37 36
11 37 35
13 36 36
13 38 36
12 37 36
13 36 35
12 36 35
12 38 36
13 37 36
13 37 35
13 37 36
12 38 35
11 38 36
12 37 37
13 37 36
13 37 35
13 39 35
13 36 36
13 37 36
11 37 35
13 37 36
12 37 36
13 36 36
13 37 35
12 37 35
12 37 36
13 37 35
13 37 35
13 37 37
13 37 37
14 38 38
13 41 39
12 43 41
11 44 40
12 44 40
10 45 40
09 46 39
09 47 39
09 47 40
08 49 38
10 48 38
11 48 38
12 48 37
15 49 36
20 51 37
23 51 36
27 50 38
32 48 40
33 42 40
37 40 40
40 37 40
41 37 40
42 35 40
42 36 43
42 34 46
44 33 46
41 36 49
40 33 51
42 30 52
41 33 52
40 34 53
40 33 53
42 35 52
41 35 52
42 34 51
40 33 52
41 34 53
41 36 52
41 35 52
40 34 51
41 33 51
41 36 52
