13 39 37
13 38 37
14 38 37
12 39 36
13 39 38
13 39 37
14 39 37
13 39 37
13 39 37
13 39 36
14 38 37
13 38 37
13 38 37
14 39 38
13 39 37
13 38 37
13 39 37
12 38 38
13 39 37
13 38 36
13 38 38
13 37 37
13 39 36
13 38 37
13 39 37
14 38 36
14 39 38
13 39 37
14 38 38
13 40 38
13 39 37
14 39 37
13 39 36
14 38 37
14 38 37
14 38 36
14 39 36
13 39 36
14 40 36
13 40 36
14 40 36
13 40 35
13 40 36
14 40 35
14 40 37
13 41 37
13 40 36
13 40 38
12 40 37
14 39 37
14 39 37
14 41 36
15 40 37
17 41 36
18 39 36
18 40 36
15 39 37
17 39 37
15 39 39
16 38 38
13 39 38
07 39 38
02 40 40
09 41 41
12 38 42
09 37 39
08 36 37
10 36 37
14 37 37
12 37 38
13 38 37
13 36 35
14 35 35
14 35 34
16 35 35
16 37 35
14 38 36
12 39 36
10 40 37
08 41 38
09 40 38
11 40 35
14 39 36
15 37 34
14 36 32
12 37 32
12 39 32
13 38 32
12 39 33
13 41 34
13 39 35
14 40 34
13 38 35
16 41 35
13 40 35
12 39 36
13 41 36
13 41 36
14 39 37
14 41 37
15 39 37
15 39 37
13 39 37
12 39 36
12 39 38
11 38 38
13 38 38
12 39 38
14 37 37
14 37 37
14 35 39
13 38 38
14 36 37
13 36 37
15 38 38
13 35 39
14 36 39
13 37 40
15 36 39
15 38 39
15 37 40
16 38 39
16 39 39
15 39 41
15 40 40
13 39 40
14 40 40
14 39 39
12 39 39
09 40 38
06 41 39
11 41 39
14 40 37
11 39 35
10 39 35
10 39 35
14 38 35
16 41 35
16 38 35
16 39 35
15 39 36
14 39 36
15 39 37
14 38 36
13 39 36
14 39 36
13 37 37
08 41 36
04 40 36
08 37 37
14 36 36
13 38 36
14 34 34
13 35 35
15 35 38
15 34 38
16 38 37
15 36 37
15 38 37
16 37 39
15 37 37
15 36 37
15 38 38
13 36 38
12 36 39
10 41 37
03 43 38
07 41 37
12 39 36
10 40 34
10 38 33
12 40 34
15 38 34
16 39 35
15 38 35
16 38 36
15 41 37
15 40 35
14 39 36
14 39 36
14 41 37
14 40 37
12 40 37
12 38 37
08 40 37
05 39 37
11 40 38
17 37 38
14 35 38
15 35 37
11 34 36
11 35 35
14 37 36
14 37 37
16 35 37
15 36 37
15 36 37
16 35 38
15 36 37
14 37 38
13 37 38
14 37 39
15 37 39
14 38 37
10 40 38
06 42 38
08 41 38
12 41 38
11 40 36
09 40 36
11 40 33
15 39 34
15 38 35
17 38 35
15 37 35
15 38 35
15 39 36
13 39 36
13 39 37
13 38 37
13 41 37
10 39 38
07 40 37
06 40 37
12 39 38
16 39 37
13 36 36
12 35 36
14 36 37
14 36 37
16 36 37
13 37 37
15 37 37
14 39 38
14 36 37
14 36 37
14 37 37
16 38 39
14 37 38
14 37 39
13 39 40
10 40 38
06 41 37
09 41 38
13 39 37
12 40 36
09 39 37
10 37 35
12 38 34
15 40 35
15 39 35
16 38 34
15 38 34
17 37 35
15 39 36
15 39 36
15 39 36
13 38 36
11 38 37
08 39 36
04 40 36
10 39 38
17 37 38
13 37 36
11 35 38
12 37 37
14 36 39
16 36 38
16 36 38
16 37 37
16 38 38
16 38 38
16 37 37
16 37 37
15 38 39
13 38 40
12 38 37
05 41 38
04 42 36
10 40 38
11 41 38
11 41 36
10 38 35
12 38 34
14 40 34
16 40 35
17 39 35
16 39 36
16 39 35
16 39 35
13 40 36
15 40 36
13 39 36
13 40 36
13 40 36
13 41 38
06 42 37
07 41 38
13 39 39
15 39 38
14 37 37
12 37 37
13 36 37
15 39 37
15 36 37
15 36 36
15 37 37
16 37 37
15 38 37
16 37 37
16 37 38
15 37 38
14 38 38
13 39 38
11 41 37
07 41 39
07 41 38
11 40 39
13 40 38
11 40 37
11 39 35
15 40 34
16 40 35
17 39 36
15 39 35
15 39 35
15 38 36
14 39 36
14 40 36
15 39 36
15 38 36
16 39 37
10 38 38
04 40 36
05 40 36
12 38 37
17 35 37
14 39 36
13 35 36
14 36 36
15 35 38
15 37 37
15 36 37
16 37 37
17 36 37
16 35 38
16 36 38
15 36 38
15 38 39
14 39 39
10 40 38
04 41 38
05 43 37
12 40 37
13 39 37
11 41 36
10 39 35
13 40 34
15 40 35
16 39 35
16 39 35
16 39 36
15 38 36
16 39 35
14 39 35
15 40 36
14 39 35
14 39 36
13 40 36
09 39 36
05 42 36
09 41 36
16 38 37
14 37 36
11 36 36
10 35 36
11 36 37
13 37 37
14 37 37
16 35 37
15 36 37
15 37 36
16 37 37
17 37 36
14 37 37
14 38 37
12 37 38
12 38 37
05 40 38
04 41 35
11 42 36
13 40 37
13 39 35
11 38 36
11 38 35
14 39 35
16 39 36
15 39 35
16 38 35
15 40 35
15 39 35
14 38 35
15 38 36
15 39 36
13 37 36
10 39 37
07 40 36
07 42 38
10 40 38
14 39 37
13 38 36
12 36 36
11 36 36
15 37 38
16 36 36
16 35 36
16 38 36
16 36 37
17 36 36
17 36 37
16 38 37
12 35 37
12 42 39
09 40 39
04 42 39
05 42 37
11 41 37
12 40 37
13 39 36
13 38 36
12 39 35
15 41 35
16 41 35
16 40 35
16 39 35
15 39 36
14 39 35
15 39 36
15 41 35
14 39 36
14 38 37
13 38 36
08 39 37
06 41 37
12 40 36
16 39 35
14 38 35
11 35 37
11 36 36
12 37 38
13 34 38
15 35 37
15 36 37
14 37 37
15 38 37
15 37 38
16 38 38
16 37 38
15 37 38
12 39 37
12 39 38
06 42 37
08 41 37
12 39 37
11 42 36
09 41 36
11 39 35
13 39 35
14 39 34
15 38 36
15 39 34
16 39 35
15 39 35
14 39 34
14 38 35
15 40 35
15 40 35
16 40 36
15 41 37
14 39 38
13 40 38
07 40 38
08 41 36
11 40 38
14 39 39
13 38 37
12 38 36
11 38 37
14 37 37
15 37 38
15 37 38
16 37 37
15 37 37
14 37 37
15 36 36
15 37 37
15 38 37
14 37 38
14 39 38
15 38 36
10 41 37
06 41 37
08 39 38
13 40 38
12 38 37
11 39 35
12 38 35
12 40 35
15 39 35
15 38 35
15 39 35
16 39 35
14 39 35
15 39 36
14 39 36
15 38 35
14 40 36
13 39 38
11 39 37
06 39 38
07 40 38
12 39 38
16 39 38
15 37 38
13 36 38
13 36 38
14 37 38
14 38 37
14 36 37
15 37 38
17 36 37
16 38 39
16 37 38
16 38 38
15 38 39
13 38 39
12 38 38
08 40 39
06 41 38
09 41 39
12 40 38
13 41 36
12 39 36
12 40 35
12 39 35
15 38 34
15 40 35
15 39 34
15 39 35
15 39 35
14 40 35
14 39 35
14 39 36
14 38 36
14 38 37
13 38 37
08 39 36
06 39 37
13 38 37
16 38 39
15 38 36
13 35 37
11 36 37
13 36 38
15 37 37
14 37 38
16 36 37
15 37 38
17 37 38
15 37 37
16 38 38
16 37 38
15 38 38
13 38 39
14 39 39
12 38 37
07 41 38
07 40 37
08 41 36
10 41 36
14 39 36
16 38 35
14 39 36
12 38 33
12 39 34
14 39 34
14 40 34
15 40 34
15 39 34
14 40 36
14 39 36
13 39 36
14 39 37
15 40 37
13 40 36
13 39 37
12 40 37
07 41 36
09 41 36
13 39 36
14 38 35
13 35 34
12 36 34
12 36 34
13 35 35
14 36 35
14 34 35
14 36 35
14 37 35
16 36 35
14 37 35
14 37 36
12 38 35
09 40 35
08 39 34
08 40 33
12 39 32
13 39 31
12 36 31
13 36 30
13 36 31
13 36 30
11 37 30
11 36 31
11 37 31
11 38 32
11 39 32
13 40 33
12 38 33
14 39 33
13 38 33
14 39 34
13 39 34
13 37 33
13 39 34
13 39 35
14 39 34
13 39 34
12 39 35
12 37 34
13 38 34
12 38 35
09 38 35
09 38 34
11 38 35
14 37 35
15 34 35
13 34 33
12 34 33
13 36 34
13 36 36
13 36 36
13 37 35
13 35 36
14 37 37
13 36 36
14 38 36
15 39 36
14 38 36
11 37 35
08 39 35
08 41 35
08 39 34
11 40 35
14 37 35
16 37 35
13 36 34
11 38 33
11 39 33
13 40 33
14 39 34
12 40 33
12 40 33
15 40 34
14 39 34
13 39 34
13 41 36
13 40 34
13 40 35
13 40 36
10 39 35
10 39 35
13 39 38
12 39 38
09 39 37
11 35 37
14 36 35
14 35 36
13 34 35
11 33 35
14 36 36
13 35 37
13 36 36
12 36 37
14 37 35
14 37 37
14 38 37
14 38 37
14 37 37
15 39 38
13 39 37
15 38 36
13 37 37
12 39 36
10 38 36
08 38 35
11 38 34
13 39 36
14 38 34
14 36 36
11 37 34
10 37 34
13 37 35
13 38 35
13 38 33
14 38 34
12 39 34
14 39 35
14 39 36
12 39 35
14 40 36
14 39 37
14 40 37
14 41 36
11 39 36
12 39 36
14 38 35
11 37 36
11 38 36
12 35 35
13 34 37
13 33 35
12 33 34
12 33 36
12 36 37
13 36 37
13 36 38
14 37 37
13 38 37
12 37 36
15 36 36
13 37 37
14 37 36
13 35 36
12 36 37
14 39 37
14 38 36
12 37 37
12 38 36
13 36 36
14 36 36
11 38 37
11 37 35
09 40 36
08 39 36
09 39 35
12 38 37
13 38 36
13 37 35
13 37 34
13 38 34
12 37 34
12 39 34
11 39 34
12 39 35
12 40 35
14 40 36
14 39 36
14 40 35
13 40 36
14 40 35
14 39 36
15 40 38
15 40 37
13 40 38
15 41 38
15 41 37
16 38 37
10 41 36
10 41 36
13 40 39
12 37 38
13 37 36
13 35 33
11 35 36
12 37 36
12 36 36
12 36 36
14 37 36
15 37 37
14 36 36
14 38 37
15 38 37
14 37 37
14 38 37
13 38 37
14 39 36
13 38 35
13 38 36
13 38 35
11 38 35
09 39 35
08 39 36
09 40 35
13 38 35
14 37 35
13 36 35
12 36 34
11 38 34
11 38 34
11 39 34
13 39 34
14 38 34
12 38 35
13 39 34
13 39 35
14 40 35
13 40 36
14 41 34
14 39 35
13 39 36
11 39 35
11 40 35
11 41 36
12 39 37
13 38 38
13 37 35
15 36 36
12 36 36
13 36 36
12 36 35
12 35 35
12 35 35
13 36 35
12 39 36
14 37 36
14 39 36
14 38 37
15 38 36
14 39 37
14 39 37
12 40 38
13 38 36
13 40 37
12 39 37
12 38 36
12 39 36
11 38 36
10 40 35
11 40 36
13 38 36
13 38 35
13 39 35
11 38 34
11 39 34
11 39 34
12 38 34
11 40 33
14 38 34
14 38 34
13 38 33
12 39 33
14 39 34
14 39 35
14 39 34
15 39 35
14 39 36
11 39 35
12 38 35
12 40 36
10 39 36
11 39 36
13 37 36
15 36 36
14 36 37
13 35 36
14 35 37
11 36 37
13 37 37
14 36 36
14 37 36
14 37 37
15 37 37
14 38 37
14 38 38
14 38 38
15 38 39
13 38 37
13 38 37
12 40 37
12 40 36
12 39 36
10 41 36
12 41 36
12 40 36
14 39 37
12 38 35
11 40 35
13 40 35
14 40 36
15 40 35
13 41 34
14 39 36
13 39 35
13 40 36
12 40 37
13 41 36
13 40 37
14 40 36
14 40 37
14 39 36
13 39 35
13 40 35
12 40 34
13 40 36
11 39 35
11 39 37
15 39 36
14 37 37
14 35 38
14 35 39
12 35 39
12 35 39
12 36 38
13 34 39
15 35 38
14 36 36
14 36 37
14 35 36
12 37 35
13 39 36
14 36 34
13 38 34
15 37 35
09 38 33
10 39 33
10 39 32
12 36 32
