37 33 32
28 42 50
26 40 50
25 42 50
25 41 50
25 41 48
26 41 48
26 41 48
28 41 46
28 40 45
28 38 43
27 40 42
22 43 41
23 43 39
20 47 38
19 51 38
19 53 40
17 47 40
15 47 38
16 49 36
11 48 37
10 43 36
08 44 33
02 44 32
02 44 34
08 42 34
15 40 35
16 39 34
14 40 31
10 41 30
09 38 30
11 38 30
14 37 30
14 41 29
13 39 31
12 39 31
12 39 31
13 38 31
16 39 32
13 38 32
15 38 32
15 40 32
13 39 31
10 38 31
11 37 30
06 40 31
06 40 31
11 40 34
15 39 35
14 38 32
12 37 32
09 38 32
12 37 33
13 35 34
13 36 35
14 38 34
15 39 34
15 38 33
16 36 35
16 37 37
15 39 36
15 39 36
15 37 37
14 38 38
14 40 36
10 40 34
07 40 33
04 40 32
02 40 34
09 38 34
17 37 33
14 38 32
12 39 33
11 39 32
11 37 30
13 37 29
14 38 30
13 39 30
14 38 31
15 37 30
16 38 32
16 37 32
17 39 32
16 38 31
15 40 31
13 38 31
12 38 31
06 41 29
02 41 31
04 41 33
13 40 35
13 38 34
07 37 32
06 37 30
12 36 33
15 35 34
16 38 35
16 37 35
16 36 35
18 39 36
16 39 37
16 39 36
16 39 36
16 42 36
16 42 35
14 41 34
13 41 35
12 41 34
12 41 34
07 43 33
05 43 33
10 42 33
16 39 32
12 38 31
09 39 31
09 38 31
11 38 31
12 39 31
14 41 33
14 42 33
15 43 32
16 42 32
18 42 33
19 41 34
18 44 34
20 44 33
17 45 34
16 45 33
15 47 33
10 50 33
11 51 35
16 49 37
17 47 38
17 46 37
17 45 36
17 43 36
20 41 36
21 44 38
22 47 38
21 48 40
21 50 39
22 48 40
23 50 39
22 50 39
23 49 38
24 49 37
24 48 37
23 48 37
21 49 37
21 49 37
20 50 38
18 51 37
16 54 36
14 55 36
16 52 35
19 48 34
21 45 33
20 47 32
19 49 31
19 51 32
19 50 32
20 48 32
19 49 33
20 49 34
20 48 34
20 48 34
22 47 35
23 49 35
22 49 37
22 48 37
22 49 35
20 49 35
19 50 35
20 50 35
18 50 33
14 49 33
15 48 34
17 48 35
18 46 35
14 43 34
14 43 34
15 40 35
13 42 33
18 38 34
16 45 38
18 44 38
17 43 36
16 43 33
15 43 33
14 42 35
12 42 37
08 43 36
10 43 35
02 43 35
00 41 36
07 40 37
17 36 35
18 38 34
15 36 33
13 37 32
10 37 32
12 37 32
13 39 31
14 38 30
13 37 31
15 38 29
17 39 30
14 38 30
13 39 31
13 38 29
11 37 29
10 38 29
08 38 28
05 39 28
09 39 31
17 43 35
14 43 37
07 44 34
07 47 35
09 42 36
12 41 34
14 45 35
18 38 38
20 40 37
20 44 36
23 44 36
22 47 36
23 48 36
23 46 37
25 45 37
24 45 36
25 46 36
24 44 33
19 49 35
15 50 33
09 50 34
09 50 32
07 46 32
09 45 31
11 45 32
13 41 32
15 41 32
15 41 32
15 40 32
16 42 33
16 43 34
17 41 34
16 41 34
14 41 34
14 42 33
14 39 33
12 41 34
09 41 33
04 40 34
09 40 35
15 41 37
12 41 36
09 40 35
10 38 34
13 38 35
15 37 34
16 39 34
16 40 35
15 41 36
17 41 37
17 41 37
15 39 39
17 41 38
14 41 38
14 40 38
09 40 36
04 41 34
06 40 35
12 41 37
11 41 35
09 40 33
10 38 33
11 37 32
10 36 32
12 35 30
12 36 30
14 38 33
16 38 34
16 38 34
16 41 34
17 42 35
16 43 37
13 43 34
11 46 35
12 45 36
13 46 37
17 46 37
18 46 36
18 45 36
20 44 36
19 44 38
18 45 39
20 46 40
19 45 41
19 46 41
20 44 41
21 44 41
20 45 40
19 44 41
20 45 40
21 45 40
19 48 40
16 48 37
12 48 37
13 50 37
15 47 38
14 46 38
13 48 36
13 45 36
15 44 36
17 45 36
17 44 36
16 45 37
17 45 35
17 42 36
17 41 36
18 41 36
18 39 36
16 40 36
17 39 38
17 38 37
16 37 36
16 37 36
16 38 35
11 40 32
04 37 32
02 39 31
02 38 34
07 40 34
09 40 33
06 41 34
09 43 34
08 41 32
12 39 33
14 39 32
15 39 31
14 40 33
14 43 33
15 45 33
17 43 35
18 41 37
19 40 37
17 36 40
16 31 43
17 39 40
15 42 37
13 44 35
10 41 34
03 40 32
02 38 30
07 38 30
12 37 31
13 36 31
08 37 29
08 37 28
11 37 28
12 38 27
13 35 29
14 37 29
12 38 29
14 36 28
15 38 28
14 37 29
14 39 30
15 38 30
14 38 31
13 39 30
11 39 29
08 39 28
06 39 27
08 38 27
09 42 28
13 41 29
13 43 29
12 41 30
12 39 29
13 39 30
13 38 31
15 38 32
16 39 33
17 39 33
17 39 35
12 39 33
04 40 34
07 38 35
12 36 36
13 36 37
11 34 39
13 31 44
12 36 37
11 40 35
10 40 34
11 39 33
12 39 32
12 38 34
13 36 33
12 39 34
13 37 34
13 38 35
13 37 36
14 37 36
13 36 36
13 36 37
14 38 36
15 38 36
13 38 36
14 37 37
11 37 35
08 39 36
07 38 35
08 38 33
08 38 33
10 36 32
13 36 33
13 37 32
13 37 32
12 38 30
12 36 30
14 36 29
15 38 30
15 39 31
14 38 31
12 40 30
14 40 31
12 41 32
14 42 34
13 42 33
14 42 34
13 42 33
15 42 34
15 42 34
13 43 33
12 42 32
10 40 32
09 41 30
06 40 30
06 39 31
16 37 34
15 38 34
14 36 33
10 36 33
11 35 33
13 33 35
13 34 36
14 37 36
13 37 35
13 37 36
13 36 37
11 36 36
13 37 37
13 38 35
15 37 35
16 36 34
16 37 33
15 38 32
13 37 31
13 40 31
14 39 30
12 38 31
08 39 28
05 38 29
04 38 30
07 37 29
12 32 29
12 33 28
10 34 28
11 35 29
13 34 29
13 33 27
13 34 29
13 36 27
12 37 27
15 37 28
14 37 28
14 38 29
14 38 29
13 38 30
13 38 30
12 37 31
14 39 32
08 38 32
07 40 33
09 39 34
13 39 38
14 39 35
11 38 33
12 38 33
13 37 35
13 39 34
14 41 34
14 40 32
15 41 33
15 39 32
15 40 32
16 40 31
19 41 32
17 42 30
15 40 31
10 43 29
07 44 29
08 45 30
10 45 28
12 45 29
11 43 30
14 44 30
16 46 30
18 45 30
17 47 30
19 47 32
20 46 31
20 47 32
20 47 33
20 48 32
20 47 32
19 47 32
18 48 33
16 48 34
14 49 33
12 48 34
14 48 35
15 49 36
16 48 36
16 46 35
15 45 36
16 45 36
16 44 36
18 43 37
19 43 37
20 43 37
21 45 37
20 46 37
22 46 39
21 47 38
23 47 39
23 47 39
23 45 38
24 47 38
23 46 38
22 47 39
20 49 38
19 48 38
17 48 38
16 50 38
12 52 38
12 52 38
14 50 37
17 47 36
15 48 37
16 47 37
18 45 35
19 45 35
19 45 37
18 44 36
18 43 36
18 45 35
17 44 34
19 45 36
19 44 34
18 45 34
19 44 34
19 45 34
19 43 34
19 44 34
15 42 34
08 43 32
05 42 33
05 43 35
10 42 36
11 40 37
08 38 33
07 34 31
10 36 31
12 35 31
13 36 31
15 38 31
16 38 32
16 40 33
16 40 33
16 39 34
15 40 34
17 39 36
14 40 36
14 39 37
11 40 37
11 40 37
10 38 38
06 37 37
03 37 35
03 38 36
07 38 36
14 37 35
15 37 34
13 39 33
08 38 31
08 37 30
10 36 30
11 37 31
14 37 32
13 37 32
16 38 33
15 39 32
16 37 32
16 38 33
18 40 33
16 39 33
17 39 35
15 39 34
13 40 34
09 40 34
07 41 32
01 41 33
02 40 34
11 39 37
16 39 36
12 39 35
12 36 33
12 34 33
15 35 35
15 38 35
16 39 37
16 40 37
15 41 36
14 42 36
15 42 37
16 42 37
16 43 37
15 44 36
15 44 36
14 44 36
12 44 33
09 46 32
07 46 33
12 48 32
15 44 30
15 42 30
15 43 30
16 44 30
17 44 29
18 44 31
17 44 32
19 45 32
17 46 33
18 45 33
17 46 33
19 46 34
19 44 34
19 45 35
17 45 35
18 44 35
17 45 34
16 43 34
12 44 33
09 44 34
08 43 35
14 42 37
14 41 35
09 40 33
08 39 32
09 36 33
12 37 33
15 36 33
16 37 33
18 39 34
17 41 36
17 41 36
18 40 37
17 41 37
15 42 35
15 43 35
12 42 37
11 43 38
09 42 37
08 41 37
04 42 38
03 41 39
09 41 38
15 37 35
14 37 32
11 36 34
09 37 32
09 37 31
11 37 31
12 37 32
13 37 30
15 39 30
15 38 31
16 39 32
16 38 32
17 37 32
17 39 34
14 38 33
13 39 32
13 37 33
11 38 33
09 40 32
03 40 33
06 40 35
12 38 37
16 40 37
11 40 36
11 39 35
12 36 33
15 36 34
16 37 34
15 37 35
12 39 34
12 39 35
13 39 37
14 40 36
15 37 37
16 39 36
14 39 36
13 38 36
12 37 36
10 38 35
06 38 36
02 39 35
04 39 35
11 39 33
16 38 33
13 38 33
11 38 32
09 39 33
14 36 31
13 39 32
14 39 31
15 39 32
14 39 31
14 40 31
14 38 31
15 38 32
16 38 31
13 38 32
14 37 31
13 37 32
12 37 32
08 38 32
04 40 33
05 40 34
14 39 37
15 41 37
10 38 36
08 38 36
10 36 34
11 34 35
15 34 37
16 37 36
15 37 36
15 38 36
14 38 37
15 39 37
14 38 36
14 40 37
14 40 37
13 42 36
11 40 35
10 43 35
05 43 34
04 43 35
09 46 35
14 43 34
12 43 32
11 45 33
08 46 33
10 47 32
12 51 34
14 51 34
17 51 34
19 50 35
21 47 35
24 47 35
24 47 35
25 47 36
26 51 39
26 47 40
29 49 40
30 49 41
31 44 44
31 43 45
32 47 46
31 47 49
29 43 49
29 42 50
30 41 50
31 42 51
31 39 47
30 36 49
32 37 49
30 38 49
31 37 50
33 36 51
32 36 52
32 38 53
30 37 52
31 35 54
32 37 52
31 34 52
32 36 52
32 37 52
31 35 53
31 36 53
32 36 53
32 38 54
31 41 56
31 41 56
30 41 54
30 42 53
32 39 50
31 41 50
31 38 50
32 39 50
31 40 51
32 42 51
31 41 51
30 39 51
31 39 52
30 39 51
29 40 52
30 38 52
30 39 53
30 40 52
31 39 51
30 40 51
31 37 52
31 39 52
30 38 52
30 40 52
31 38 52
31 39 51
31 38 52
30 39 52
31 38 52
30 40 53
30 39 51
29 38 51
30 38 51
31 38 51
31 38 52
30 38 52
29 38 52
31 39 52
30 39 52
29 40 52
31 38 52
31 38 53
30 37 53
30 39 53
28 38 53
28 40 53
29 38 51
