41 38 50
42 41 49
42 41 47
42 40 47
41 40 47
39 44 43
40 53 49
43 47 54
42 44 48
39 41 46
36 39 45
35 37 41
35 37 39
30 44 40
36 43 43
25 48 39
21 54 41
20 48 41
17 44 41
09 46 43
09 42 42
07 40 41
06 39 41
09 40 41
08 39 41
09 40 39
09 41 38
10 41 40
10 39 39
11 42 37
14 41 39
12 40 39
12 39 38
12 39 37
11 38 37
12 38 36
13 39 37
15 38 36
12 38 36
13 38 35
13 39 36
13 37 35
13 38 36
14 37 36
14 40 35
14 38 36
14 38 36
14 38 35
14 39 37
15 38 37
14 38 37
14 40 38
15 39 37
14 38 36
12 39 38
14 39 38
13 38 38
14 39 37
14 39 38
12 38 36
12 39 36
12 38 38
12 38 36
13 39 36
13 38 37
13 38 36
12 38 37
14 37 38
13 38 36
12 38 37
14 38 38
13 38 37
13 38 37
13 37 36
13 38 36
13 36 36
13 38 37
13 38 37
13 37 37
13 39 38
13 39 36
14 38 36
13 39 37
14 39 37
13 38 36
14 39 38
11 39 36
15 38 36
14 39 36
13 39 37
13 38 37
14 38 37
13 38 37
13 38 37
12 38 36
14 38 36
14 38 37
13 37 37
13 38 37
13 38 36
13 38 37
14 37 37
13 38 37
13 39 36
13 39 36
14 37 36
14 40 36
13 40 36
14 38 37
12 38 36
13 39 38
14 38 37
14 38 36
12 38 37
13 38 37
14 38 36
14 38 36
14 38 37
14 39 38
14 39 37
14 39 36
13 39 38
13 39 37
13 39 38
13 40 37
14 38 37
15 39 36
14 39 36
09 40 35
12 39 36
12 40 35
13 40 35
14 40 35
15 40 34
12 39 34
12 39 36
12 38 35
11 39 35
10 38 35
10 36 35
07 37 36
08 37 37
09 35 36
05 36 35
06 35 36
10 36 37
13 39 38
16 39 38
15 38 39
15 35 39
17 36 37
16 34 36
17 34 37
19 35 36
18 36 36
18 36 36
17 37 36
17 37 36
15 38 36
13 38 36
08 40 36
05 42 38
03 41 38
02 40 39
10 40 40
09 39 37
09 39 36
10 38 36
14 39 35
16 38 36
16 37 35
15 36 34
12 36 36
11 35 35
10 34 36
10 36 34
10 35 34
10 35 34
11 37 34
12 36 35
08 35 34
07 37 34
13 37 36
13 38 38
15 36 37
16 37 36
20 36 37
18 37 37
18 37 36
17 38 36
16 39 36
14 40 39
12 42 38
11 44 38
11 42 38
10 43 39
10 43 40
13 42 38
09 42 36
08 41 38
06 41 35
06 39 35
07 37 36
09 36 35
13 35 35
14 35 34
13 35 34
13 36 34
13 37 33
13 37 33
15 35 34
13 37 33
16 36 34
14 37 35
14 36 35
08 37 35
07 36 34
09 38 37
11 37 41
15 38 40
15 39 39
16 39 39
16 39 40
16 40 38
15 42 38
15 44 38
14 45 39
15 45 39
13 43 40
07 42 39
09 41 39
06 41 37
05 42 37
08 41 36
09 40 33
08 39 31
07 37 30
10 38 29
13 35 29
14 35 30
16 36 30
15 37 31
17 39 32
16 40 35
16 41 38
16 42 37
15 41 39
14 41 40
16 40 39
14 38 41
12 37 39
10 39 39
14 38 39
14 37 39
16 38 37
16 39 37
18 37 36
20 41 37
14 49 37
14 46 35
15 45 36
15 46 35
17 45 37
17 42 37
16 43 39
12 44 37
13 44 37
13 44 36
07 45 35
06 44 36
07 43 34
09 42 33
11 41 33
13 40 33
15 39 32
15 40 32
15 38 32
14 37 31
13 37 31
13 37 32
13 37 35
12 38 36
11 37 35
11 37 36
13 37 37
07 37 35
10 38 34
13 38 35
15 37 37
16 36 37
15 37 36
19 37 35
17 38 36
18 38 37
17 38 38
16 37 39
12 39 39
13 39 41
12 38 39
09 38 41
08 38 39
07 39 38
01 40 39
02 41 38
07 39 37
12 38 34
12 37 34
10 35 34
11 36 32
14 36 31
14 35 32
14 34 32
14 36 31
12 34 32
13 36 33
15 36 32
14 37 32
12 38 33
13 36 34
09 38 34
06 37 33
12 36 37
14 37 38
14 35 38
13 36 36
15 36 37
16 37 35
18 37 36
17 39 36
15 38 37
14 37 38
12 39 37
12 38 39
10 39 39
09 39 38
10 38 38
06 38 39
03 39 40
05 38 36
07 37 35
10 36 36
13 36 35
15 36 33
15 36 35
14 35 34
14 36 33
14 37 33
15 36 34
14 36 35
15 36 33
15 37 35
12 37 35
12 37 35
03 37 34
06 35 33
10 37 38
13 37 40
15 38 38
14 39 35
16 38 37
18 38 38
17 38 37
16 40 36
14 39 38
13 39 38
12 39 37
12 40 37
10 39 39
08 39 39
11 38 38
06 39 38
05 41 41
08 40 36
07 38 36
08 36 36
10 36 36
11 35 35
11 35 36
12 38 34
14 36 34
15 36 34
17 35 35
16 37 35
15 36 34
16 36 34
16 36 34
14 36 34
09 37 35
09 36 35
10 39 39
11 39 40
11 39 38
13 37 37
14 37 38
13 38 38
15 39 38
15 39 38
14 41 37
13 41 37
13 39 37
12 39 38
11 40 38
09 40 38
10 40 35
05 42 37
09 41 36
07 38 35
06 35 33
08 35 33
10 36 34
13 37 35
14 37 33
14 37 33
13 36 31
13 36 32
13 35 32
15 36 33
15 37 34
13 36 34
14 37 34
15 37 33
12 36 35
08 37 34
10 36 36
09 36 37
12 37 38
11 39 37
15 36 36
16 37 36
16 39 37
16 38 36
15 37 37
14 38 37
14 39 37
11 38 37
09 40 38
09 40 38
08 40 39
06 40 37
05 38 39
09 41 37
09 40 37
10 38 36
12 37 35
13 36 34
14 36 35
15 36 34
14 36 33
12 36 34
14 38 34
14 36 34
13 37 33
13 37 34
11 35 36
13 38 35
13 36 36
05 36 35
09 35 36
13 37 38
14 38 39
15 38 38
16 37 35
17 36 37
17 36 38
17 37 36
16 39 36
14 38 37
15 39 37
14 39 37
12 37 38
10 39 38
10 40 38
07 39 39
06 38 38
04 40 40
10 40 37
09 38 37
06 38 35
09 37 36
11 37 36
14 36 36
13 35 35
13 36 34
13 35 33
13 34 34
14 35 35
14 36 34
15 36 35
13 37 34
13 36 34
14 36 35
09 36 35
11 37 34
13 37 37
14 36 39
12 36 38
12 37 37
14 36 37
16 36 38
17 37 39
16 38 36
15 39 38
13 38 37
14 40 38
12 39 38
11 39 38
08 40 39
09 39 39
04 39 38
05 40 39
10 38 36
09 38 36
09 37 35
11 37 33
12 34 34
13 34 33
12 35 33
13 36 33
12 36 32
14 36 33
16 36 34
15 37 33
16 36 35
13 37 35
12 36 35
14 37 37
11 35 37
05 35 34
06 35 34
08 38 38
12 37 41
13 38 37
14 38 36
18 37 40
18 38 40
16 40 38
15 41 37
15 40 38
15 40 38
13 39 37
11 39 36
11 39 36
09 38 36
05 38 35
02 40 36
07 38 36
08 38 35
09 38 33
11 37 33
12 37 33
15 35 33
14 35 34
14 34 33
13 35 32
15 35 33
14 35 34
14 36 33
12 36 34
15 36 34
13 36 34
11 34 36
07 38 36
11 36 36
11 36 37
13 38 40
13 38 39
13 37 37
15 37 37
16 38 36
14 39 37
15 39 36
14 40 38
15 39 38
14 40 37
13 39 36
12 38 36
12 39 36
09 39 35
11 40 36
04 41 38
04 40 38
07 38 36
09 37 35
08 38 34
10 37 34
14 35 34
15 35 33
16 36 32
15 37 33
14 37 33
16 36 33
15 35 34
15 37 34
15 36 35
12 37 35
12 36 35
13 37 36
07 37 35
07 37 35
08 36 36
10 37 37
12 39 36
15 39 37
18 38 36
16 38 35
16 38 33
14 41 34
13 40 36
14 37 35
13 37 37
12 36 38
10 37 39
07 38 39
09 39 39
07 37 39
03 39 41
07 38 39
10 38 34
11 37 36
10 36 36
12 37 34
14 36 34
14 35 34
14 36 34
13 35 32
13 34 33
13 35 33
13 36 34
13 35 34
13 37 34
10 36 34
13 35 36
09 37 36
07 37 35
12 36 35
13 37 38
15 37 38
13 39 36
14 37 38
15 37 37
16 37 36
16 38 37
14 39 37
14 38 37
12 38 38
13 37 38
11 38 39
10 39 38
09 39 39
09 38 38
05 41 39
06 40 38
09 39 35
09 38 36
09 37 37
09 37 35
11 34 34
12 35 34
13 35 34
12 34 33
12 34 34
14 34 34
15 35 35
15 36 35
17 37 35
16 36 36
15 37 36
13 36 36
09 36 36
09 37 36
10 36 39
10 37 39
12 38 39
14 36 36
16 38 39
16 38 38
15 38 36
14 38 38
14 38 37
13 40 38
13 39 38
13 39 38
11 39 39
09 38 38
10 40 39
06 39 37
05 39 39
11 38 37
11 38 35
09 37 35
09 37 34
11 35 33
14 35 33
13 36 33
13 36 32
14 37 33
15 35 34
15 35 33
15 36 35
15 37 35
13 36 35
13 36 36
15 37 36
11 36 36
04 37 36
08 38 36
11 38 39
11 38 39
11 40 37
16 37 37
17 36 37
16 37 36
15 38 37
16 39 36
13 39 36
13 37 38
13 37 37
12 38 38
10 38 37
11 38 36
09 38 37
06 38 37
02 40 38
08 39 35
10 39 34
10 38 35
12 37 36
13 38 34
13 35 33
14 36 33
13 37 33
14 36 33
13 36 33
14 36 33
14 36 34
14 37 34
13 36 35
13 36 34
11 37 36
04 36 35
10 36 34
11 37 37
13 38 38
15 38 37
16 37 36
16 37 37
15 37 37
13 38 36
14 38 37
13 37 37
13 38 37
15 37 37
14 38 36
11 39 36
13 39 37
12 39 37
06 40 36
05 40 37
07 38 36
10 39 33
09 37 35
11 38 35
10 37 34
12 36 34
11 35 33
12 37 34
12 35 35
12 36 35
14 35 35
12 36 35
14 36 36
14 36 36
15 36 36
13 35 36
08 36 34
07 36 34
10 36 35
14 37 37
14 39 38
11 39 35
12 37 35
14 37 36
16 38 36
14 39 36
13 40 36
14 38 36
14 39 37
14 40 37
15 39 38
14 38 37
12 38 38
11 38 38
11 38 37
10 39 37
08 38 37
08 39 37
10 37 36
10 37 37
13 37 37
11 37 35
08 37 35
10 35 33
12 35 34
12 35 34
12 36 33
13 36 33
13 35 33
15 36 33
14 35 33
13 35 33
15 37 34
14 37 35
13 38 36
14 38 35
12 38 37
13 38 37
12 38 38
13 39 38
12 38 38
12 38 39
14 37 39
14 37 39
12 38 39
13 38 38
13 38 39
14 38 39
14 37 39
13 37 38
12 37 38
13 38 37
12 38 37
11 36 39
11 38 37
13 37 36
12 37 37
12 38 35
13 36 36
11 37 36
13 36 35
13 36 36
13 36 36
12 36 35
12 37 35
12 36 34
11 36 35
12 37 36
13 38 36
12 37 35
13 37 35
12 36 35
12 37 35
12 38 35
13 37 36
12 38 36
12 37 34
12 37 35
13 37 36
13 38 35
12 36 37
13 36 36
14 37 36
14 37 35
12 36 36
14 36 35
12 37 36
13 37 35
12 37 35
12 37 35
13 37 36
13 38 36
11 37 36
13 36 36
12 37 36
12 37 35
12 38 36
13 38 35
13 39 36
13 37 35
13 37 36
12 38 35
13 37 36
12 37 36
12 36 35
12 37 35
13 38 35
13 39 36
13 38 36
12 37 36
13 38 35
12 38 36
13 38 36
12 37 36
12 38 36
14 38 36
14 37 36
14 37 36
12 37 35
13 36 36
13 37 35
13 37 35
13 37 36
12 38 36
12 36 35
12 37 35
13 37 36
13 37 35
12 37 35
12 37 35
12 38 35
13 37 36
12 38 36
12 38 36
13 37 36
13 38 36
12 39 35
13 37 36
13 38 36
13 37 35
13 38 36
13 38 36
12 38 35
13 37 35
14 38 35
13 37 35
12 37 35
13 38 35
13 38 36
12 37 35
12 38 35
13 37 35
13 37 35
13 37 35
12 37 35
13 36 36
11 37 36
13 38 35
14 38 36
12 38 36
12 37 36
11 37 36
12 37 36
13 38 36
13 38 36
12 37 36
12 37 35
12 37 36
11 38 35
13 37 35
12 38 35
12 38 36
13 38 35
13 37 36
12 37 37
13 37 36
12 38 35
12 38 36
12 37 36
13 37 36
13 38 35
12 37 36
13 37 36
13 36 36
13 38 36
13 37 36
12 37 36
11 38 35
12 37 35
12 37 37
13 37 36
13 37 37
13 38 36
13 39 36
12 39 36
12 39 37
10 40 37
08 43 35
08 47 36
09 50 34
07 54 32
09 55 34
12 55 34
16 54 33
21 51 33
23 51 34
26 51 34
27 50 33
29 47 37
30 45 36
34 43 38
37 39 44
37 41 47
40 40 45
41 40 45
41 39 46
42 38 47
42 37 46
40 35 48
40 34 50
40 34 50
40 34 52
41 35 53
41 35 50
41 35 52
41 34 51
40 33 50
42 35 50
41 34 51
43 36 51
42 36 52
42 34 52
41 36 53
41 36 52
41 35 50
42 35 51
41 35 52
42 34 52
42 35 51
41 34 51
42 34 49
42 33 52
