37 41 44
37 41 44
37 41 44
38 45 45
39 46 45
40 42 43
37 37 40
35 43 43
33 44 44
30 39 41
26 44 44
22 56 48
20 45 40
16 52 42
15 48 42
15 43 38
11 43 38
08 44 38
06 43 38
07 40 37
08 42 37
08 39 35
09 38 34
09 38 34
10 36 33
11 37 33
13 38 34
13 38 34
12 37 33
13 38 32
14 37 32
12 38 32
12 37 32
11 37 33
09 37 32
09 38 33
12 39 34
14 39 34
13 38 33
11 37 34
11 38 34
12 36 34
13 35 33
14 34 33
11 36 33
13 33 32
12 35 32
13 35 32
13 35 32
12 36 31
12 36 31
11 37 32
11 37 31
12 36 31
14 39 33
14 38 32
11 42 34
08 41 36
07 40 35
06 37 32
07 39 33
08 37 33
07 36 33
11 35 32
12 35 32
13 36 32
15 36 32
15 36 32
14 37 32
16 37 31
18 36 32
16 36 31
13 37 32
10 36 31
09 35 30
07 38 33
10 37 35
13 36 35
11 38 35
09 37 37
11 35 38
13 34 37
15 35 38
17 37 37
17 37 36
16 38 37
14 36 36
14 37 37
14 37 36
14 37 35
12 38 36
09 37 36
04 37 36
02 38 35
04 39 36
09 37 37
15 37 36
12 37 35
10 36 33
09 36 33
09 35 32
10 35 33
12 35 32
14 37 33
16 37 32
17 36 34
17 36 33
18 37 33
17 35 34
16 36 32
14 37 34
09 37 34
08 36 33
00 38 32
02 36 36
15 36 39
07 36 39
08 39 34
16 34 33
16 36 34
18 39 35
19 39 33
18 38 33
18 37 33
16 36 33
14 36 32
15 37 32
12 38 34
10 38 34
05 38 35
02 39 35
02 39 35
09 38 36
12 38 36
10 41 36
08 38 34
09 35 36
13 36 34
12 37 33
13 38 34
13 35 33
14 36 33
16 37 33
16 37 33
16 37 34
16 35 33
12 36 33
09 35 33
08 35 33
04 37 34
10 35 34
15 35 36
10 37 36
10 35 36
11 35 36
14 35 35
16 34 35
17 36 36
19 37 36
17 36 37
17 39 37
16 37 36
15 38 37
12 38 37
10 38 37
08 38 37
05 39 38
01 39 37
02 38 38
12 37 37
12 37 35
09 37 35
08 37 33
10 36 35
13 36 34
14 38 34
14 37 33
12 37 33
14 36 33
12 36 33
13 34 32
14 35 31
14 36 32
13 37 33
11 36 32
08 36 33
06 37 33
09 37 35
15 37 37
15 37 37
14 37 37
12 35 35
13 34 35
14 35 35
14 38 36
15 36 35
15 39 36
14 38 36
13 37 37
13 39 35
14 37 37
12 37 35
11 37 35
09 37 35
07 37 34
05 37 35
07 38 34
10 37 33
08 38 32
10 38 30
09 36 30
11 36 31
14 35 31
13 36 31
14 36 31
14 38 31
14 39 32
15 38 33
16 40 32
14 39 33
16 42 35
14 42 37
11 43 38
09 42 39
06 41 41
09 40 42
13 38 44
12 37 41
10 32 38
12 31 39
14 32 40
14 32 41
15 32 40
17 31 41
17 32 40
18 35 40
18 32 37
19 32 37
18 33 39
17 32 38
15 32 37
12 33 38
09 33 37
06 36 39
07 30 40
08 30 37
12 40 42
06 33 36
15 38 40
14 30 43
10 37 44
14 33 42
13 34 42
16 33 41
14 34 42
16 35 41
17 36 41
14 35 42
14 33 41
14 35 41
12 35 44
13 35 46
15 32 45
14 31 42
13 35 37
12 32 38
11 31 40
12 30 43
14 38 42
14 34 43
15 31 43
17 28 41
15 32 41
14 30 41
13 30 42
13 34 44
14 35 43
15 40 43
18 38 44
19 36 49
19 37 51
18 41 52
20 42 48
17 44 49
17 43 48
19 43 47
18 47 47
23 43 44
22 43 43
23 45 44
26 45 44
25 46 42
24 48 40
26 49 45
26 48 42
26 46 42
27 48 42
29 48 44
30 48 44
31 47 43
31 49 45
31 48 43
30 49 42
29 50 44
30 51 45
28 51 45
30 51 46
31 48 44
27 50 41
28 50 43
27 51 45
27 52 44
26 52 45
27 53 45
26 49 45
25 47 43
26 45 41
25 46 38
26 45 33
29 40 36
26 43 38
26 42 40
26 40 40
25 44 40
22 45 39
15 51 37
13 50 42
16 52 44
15 46 45
16 42 41
14 44 40
11 43 39
07 39 37
05 40 38
04 42 37
06 39 36
10 38 37
11 36 33
09 35 32
07 37 32
08 37 31
10 38 32
11 39 33
13 37 32
13 36 32
14 37 32
14 35 33
16 37 33
16 36 33
15 35 35
15 36 35
15 36 36
14 37 39
11 38 38
10 40 38
05 43 38
07 43 39
12 41 37
14 41 40
16 43 38
13 42 36
14 43 36
16 40 35
17 40 34
16 40 34
16 42 35
15 41 34
15 40 35
13 41 35
14 39 34
12 38 33
12 40 34
13 37 33
13 37 32
11 38 32
09 38 31
08 39 31
10 38 30
11 37 32
11 38 29
12 38 29
11 39 30
12 40 30
11 40 29
11 40 30
11 41 32
13 38 31
13 39 31
11 39 31
12 40 33
14 40 32
13 39 33
13 39 34
13 40 32
13 39 33
13 40 32
13 40 32
11 39 33
10 38 33
13 37 33
14 39 34
11 38 35
09 37 36
09 38 36
11 37 35
11 37 35
12 38 36
12 38 36
13 39 36
13 39 36
13 38 36
12 40 37
13 40 35
12 40 37
12 42 42
13 45 40
14 43 45
15 43 47
18 48 44
20 45 47
21 44 44
21 44 44
21 46 43
21 49 43
20 44 44
20 45 44
21 41 42
20 43 46
20 39 45
19 38 44
20 41 43
19 38 46
18 41 44
20 39 42
22 36 46
13 32 44
20 42 47
19 44 46
24 42 55
28 33 55
25 35 53
25 35 49
26 38 49
25 34 50
25 36 52
24 38 50
24 37 50
25 37 51
26 37 51
24 35 50
24 38 51
24 39 50
24 37 52
26 36 51
25 37 50
23 37 49
23 36 49
21 38 48
22 40 45
21 37 44
20 42 42
18 35 43
21 39 42
23 37 42
22 39 46
21 36 45
20 37 40
12 45 38
10 48 42
10 35 42
06 34 42
07 36 39
08 42 40
08 37 37
09 34 38
10 33 37
11 32 37
11 35 35
11 35 36
10 34 35
09 36 32
07 36 32
06 35 31
10 35 31
12 34 30
11 33 30
11 34 31
08 36 30
10 33 29
11 34 29
12 31 29
13 33 30
14 34 31
13 35 31
14 35 31
14 35 32
15 36 31
14 37 31
14 37 32
12 39 33
12 38 33
08 39 33
05 40 35
05 38 35
12 39 36
16 37 37
14 38 36
12 37 33
09 36 33
15 36 33
13 35 31
13 35 31
12 36 31
12 37 32
15 38 31
13 36 30
12 37 31
12 37 31
13 37 31
14 36 31
15 35 30
14 36 32
12 38 32
11 38 33
08 38 31
07 37 32
07 39 30
09 38 32
10 38 33
08 40 30
09 39 30
13 41 32
13 39 32
12 36 31
11 34 30
12 33 32
12 31 30
16 31 33
14 37 34
15 34 34
14 29 34
11 31 32
09 31 31
06 32 30
04 32 30
07 31 32
11 33 33
15 35 31
11 32 30
10 33 31
12 32 32
15 33 31
17 36 33
17 35 35
16 37 33
17 38 36
17 39 35
17 38 35
17 37 36
14 38 34
12 38 35
07 38 35
03 37 35
00 37 36
05 34 35
11 34 36
12 35 35
10 36 33
08 36 33
09 35 34
12 36 34
12 36 35
13 35 33
12 37 33
15 37 34
16 36 33
17 35 33
19 36 34
18 37 34
16 36 33
13 37 35
10 38 35
07 36 35
02 36 33
06 35 34
10 34 37
08 35 36
08 36 34
12 34 32
13 35 33
16 37 33
17 37 33
16 38 33
17 39 34
16 37 34
16 39 35
14 37 36
12 36 36
11 37 37
09 35 36
05 33 35
02 40 38
04 39 39
07 35 38
13 36 36
10 37 34
09 36 32
10 36 33
11 34 31
13 36 31
15 36 31
15 37 31
17 37 31
16 38 32
17 37 33
15 37 33
16 38 34
13 36 33
10 37 32
08 35 32
04 36 32
03 37 33
08 36 35
16 35 36
14 35 34
13 36 35
13 36 33
14 36 34
16 37 34
14 36 34
15 38 33
14 38 34
14 37 35
14 37 36
15 35 37
16 37 37
14 37 37
09 37 36
08 39 34
04 37 33
03 37 35
06 38 37
13 37 35
11 37 34
09 37 33
09 35 33
11 35 32
12 35 33
13 36 32
12 36 32
14 37 32
15 36 32
15 36 32
15 35 32
16 36 32
12 38 31
11 36 31
09 36 32
05 35 33
06 37 34
11 36 34
16 36 36
16 37 36
13 36 35
11 35 35
14 35 36
14 36 36
13 37 36
13 38 36
14 36 37
13 37 37
13 37 37
12 36 36
13 36 36
12 37 36
11 37 35
10 38 35
06 37 35
03 38 36
08 37 36
13 38 33
11 37 32
09 36 31
08 34 31
10 34 32
12 35 31
12 36 31
12 36 30
14 36 30
13 37 31
14 37 31
14 36 30
15 37 31
13 37 31
13 35 31
12 36 32
11 36 33
09 36 33
08 36 34
12 36 37
16 35 37
12 35 36
11 36 35
11 35 35
12 35 35
13 35 34
12 36 34
12 36 33
12 36 34
14 36 35
15 37 35
15 38 34
14 36 33
14 36 33
13 37 33
11 37 33
09 35 33
05 37 32
04 40 35
08 40 36
12 34 34
11 39 31
11 36 32
11 34 31
10 36 33
11 36 31
13 35 33
15 34 32
16 36 32
14 37 32
14 36 34
15 36 34
14 36 34
14 36 35
14 37 36
13 35 34
12 37 35
08 38 35
03 37 34
06 34 33
07 38 34
10 36 35
11 36 34
12 34 33
14 35 33
17 37 33
17 38 34
16 39 35
15 39 36
17 39 37
16 40 38
16 40 38
16 39 39
17 40 39
16 40 38
15 40 38
15 41 39
14 39 37
11 39 37
06 40 35
07 36 39
07 40 36
04 39 32
06 37 31
09 36 32
11 35 32
15 36 33
15 36 34
14 38 33
14 37 33
13 38 35
14 37 34
15 37 34
14 38 35
14 39 36
13 39 36
10 39 35
09 39 34
03 40 34
04 39 33
13 36 35
13 39 34
11 38 34
13 36 35
16 36 35
16 37 34
16 38 35
16 36 34
16 40 35
16 39 34
16 39 35
16 39 36
14 38 35
12 39 36
12 38 36
08 38 36
05 38 36
02 38 34
02 38 35
09 35 35
11 35 34
08 35 33
09 34 32
12 35 32
14 35 32
14 36 33
14 36 32
14 36 33
15 37 33
15 36 34
16 36 34
17 36 35
16 36 35
16 35 35
12 36 36
10 37 36
10 37 35
05 35 34
03 35 32
08 36 34
12 35 34
12 36 32
09 36 32
13 35 32
15 36 32
16 38 34
18 38 34
17 38 34
15 36 36
15 38 38
13 35 38
13 36 37
12 36 38
12 36 38
10 36 39
08 36 37
04 35 36
03 37 36
06 36 36
12 35 35
12 35 35
10 36 34
11 34 33
12 36 33
13 36 33
15 36 33
13 37 33
14 36 33
15 35 33
15 35 34
15 35 33
15 36 33
15 35 33
14 36 34
12 36 36
09 36 35
07 36 34
03 37 34
03 35 34
11 36 35
19 36 36
15 36 36
13 35 34
13 35 35
15 35 35
13 36 34
14 38 34
14 40 34
13 37 35
15 36 37
15 37 35
14 37 35
13 35 36
12 36 36
10 37 34
06 37 35
03 37 33
06 37 34
11 37 33
13 37 32
10 36 30
09 36 28
11 36 29
13 35 28
16 36 28
14 36 30
15 36 30
15 38 31
14 37 32
14 37 32
13 37 32
12 36 32
10 36 32
09 36 31
07 37 31
04 36 29
04 37 31
11 37 33
16 38 33
15 35 32
12 35 31
12 35 31
12 35 32
13 37 33
14 36 34
15 38 34
14 37 35
16 35 34
14 36 35
14 35 36
14 34 36
15 35 35
12 36 35
10 36 34
07 36 32
02 37 34
05 37 34
11 36 33
11 35 33
10 37 32
09 36 33
11 36 33
12 36 32
13 36 32
15 37 31
15 36 32
16 36 33
14 36 32
14 35 33
14 36 32
14 36 33
13 34 33
11 36 34
08 37 33
03 36 33
04 38 34
06 36 37
12 36 37
18 37 37
13 37 37
11 35 35
12 36 36
13 35 35
14 38 37
15 39 39
14 41 41
15 45 40
17 44 42
16 45 40
17 48 40
18 49 40
19 48 38
17 48 38
17 48 37
14 45 35
14 45 33
14 47 33
18 45 33
20 44 33
19 44 32
17 46 29
14 47 27
14 45 28
18 46 29
21 48 30
23 49 31
24 53 31
22 50 30
20 52 26
24 50 29
25 53 29
25 51 28
28 52 27
23 51 24
25 53 22
29 42 30
21 55 19
20 53 18
31 43 33
20 49 31
22 52 30
22 52 30
28 50 40
28 51 28
24 57 21
23 50 26
22 50 29
19 51 36
19 52 36
22 51 33
23 52 29
22 51 28
24 50 31
22 51 34
22 53 34
21 53 34
21 51 35
22 52 33
21 50 32
20 49 34
21 50 36
20 48 35
21 48 34
21 48 33
21 47 33
20 49 33
20 49 32
21 49 33
21 48 34
21 50 34
23 53 35
20 51 35
19 50 35
21 54 33
22 55 31
22 52 29
20 52 28
23 52 29
22 52 31
22 48 31
21 49 30
22 50 31
21 50 31
22 52 29
20 51 29
23 50 31
21 49 32
21 50 29
21 53 29
22 49 30
25 49 31
25 50 29
21 50 27
21 51 28
22 51 28
22 49 30
24 49 32
22 48 30
22 52 27
24 51 29
24 50 31
19 52 30
18 53 30
15 52 29
19 45 30
18 45 32
20 43 32
22 43 32
22 44 35
22 45 37
20 48 38
19 51 37
20 50 38
18 48 38
15 47 36
14 46 36
15 46 34
15 46 36
14 48 36
15 46 36
14 44 36
13 42 35
11 44 35
07 42 34
02 40 35
03 39 35
13 39 35
16 36 31
15 36 32
12 37 31
09 37 31
10 36 31
11 36 33
12 38 32
14 36 31
16 38 32
17 37 33
16 38 32
16 39 32
14 40 32
12 39 32
12 38 33
11 38 32
09 37 32
06 40 32
07 41 34
10 39 34
14 38 35
16 37 34
16 37 34
11 37 33
10 36 33
10 37 33
13 37 34
13 40 32
13 38 33
11 36 32
13 37 32
14 36 32
14 36 31
14 37 31
14 37 32
12 38 32
14 36 31
13 36 31
14 37 32
13 37 30
11 38 31
10 38 31
10 38 32
11 37 31
12 38 31
10 37 31
10 38 30
10 38 31
12 39 31
13 39 32
11 41 32
12 40 31
12 39 31
13 42 32
12 40 33
13 42 32
14 41 33
12 42 32
14 41 34
14 42 33
14 43 35
14 45 35
13 43 36
13 45 36
15 45 36
14 46 36
15 46 36
16 46 37
15 45 37
15 48 37
12 49 38
12 46 38
15 48 38
16 46 39
17 44 40
18 44 39
19 47 41
19 46 43
21 43 43
21 44 42
22 44 44
23 44 45
23 44 44
22 44 47
23 42 48
24 41 48
24 40 49
24 39 47
23 41 48
23 39 48
23 39 48
21 39 48
22 36 48
19 39 47
22 37 48
22 36 47
20 37 47
21 36 48
20 36 48
21 36 48
20 33 50
20 34 48
20 35 49
22 31 50
24 31 51
22 36 50
22 30 53
23 31 52
22 32 47
22 31 49
23 31 50
26 36 55
24 32 51
20 23 51
22 34 47
26 41 58
26 28 51
27 34 52
27 25 49
26 26 47
23 27 54
22 30 52
24 27 49
23 30 47
20 24 48
21 26 45
20 30 48
15 23 45
14 25 42
13 30 41
16 33 39
20 36 42
20 38 45
23 38 43
24 41 46
22 43 50
22 40 50
23 40 50
20 45 47
19 45 48
18 41 47
17 43 44
16 43 42
16 45 43
14 44 43
13 42 43
13 41 40
10 41 39
11 40 38
08 40 35
06 40 36
08 39 34
11 37 33
13 36 31
12 36 32
13 38 32
13 38 35
15 38 34
16 38 33
15 38 35
12 38 35
13 38 35
13 40 35
13 39 35
12 36 34
13 38 35
11 37 35
13 37 35
12 38 35
11 37 35
08 39 35
08 39 36
08 39 35
08 37 33
11 36 31
11 37 29
09 37 27
10 37 25
13 35 24
16 35 26
16 30 30
17 32 34
15 32 35
13 36 33
12 38 33
12 39 33
12 38 33
12 37 34
12 36 33
10 36 33
07 36 31
05 35 30
05 36 31
11 36 33
17 33 33
15 33 33
12 32 30
11 34 31
14 31 32
16 33 33
16 33 33
15 35 34
13 34 35
13 36 35
13 37 36
14 38 36
13 37 35
13 36 37
13 37 35
10 38 34
08 35 33
04 34 35
03 35 35
06 37 35
10 33 33
11 31 31
10 34 30
08 32 33
11 34 33
11 37 33
12 36 32
14 35 31
13 36 33
15 36 32
15 36 34
17 35 32
15 36 33
14 34 34
13 35 35
11 34 34
08 34 34
06 36 33
07 37 34
11 35 35
13 37 35
10 35 32
10 36 32
11 35 32
12 33 34
14 36 33
18 39 33
17 40 33
17 42 34
16 39 35
17 39 34
15 38 34
10 37 34
10 36 34
10 38 35
08 35 37
07 38 36
04 41 38
05 38 38
10 35 36
14 35 35
11 33 36
10 31 33
08 31 34
10 35 34
11 37 32
12 37 32
13 35 32
14 36 33
15 36 34
17 35 32
18 36 33
16 36 33
14 36 34
14 36 34
10 34 34
07 35 33
03 37 34
03 36 37
10 36 37
15 34 38
11 36 36
10 36 35
14 35 34
16 35 34
16 37 34
16 38 34
15 38 35
15 37 34
15 37 34
14 36 36
12 36 36
13 37 36
12 36 37
10 37 37
07 38 38
04 37 37
05 36 38
11 37 37
14 37 37
11 36 35
10 36 33
09 35 32
10 36 32
12 34 32
12 37 32
13 37 33
13 36 31
14 35 32
14 37 33
15 35 33
15 37 33
16 36 32
15 36 34
13 36 35
11 37 36
04 37 35
07 35 36
12 35 38
17 36 38
13 38 37
09 36 35
06 33 36
11 35 36
15 36 37
14 38 35
14 38 34
14 37 35
13 37 35
13 38 35
12 37 33
11 36 32
11 36 31
12 37 32
12 36 31
13 37 32
13 36 32
13 38 32
14 38 33
13 38 33
12 37 33
08 39 33
11 38 32
12 39 33
11 36 31
08 37 30
07 36 29
08 35 28
12 35 28
13 36 28
11 34 28
13 35 28
12 37 28
10 38 27
09 36 28
09 41 28
07 45 28
05 45 31
08 47 33
11 49 35
14 51 35
16 50 37
19 49 38
21 50 39
25 52 39
30 47 41
30 49 40
33 46 39
31 46 38
33 46 41
33 42 41
35 43 42
35 47 44
37 43 46
37 45 48
36 42 48
35 39 46
34 39 49
35 41 50
37 41 51
38 41 51
39 42 53
38 39 52
37 37 52
38 37 51
36 39 52
37 39 52
38 36 52
39 38 52
38 36 53
38 38 52
37 39 51
37 39 49
38 38 53
37 37 51
39 39 52
39 39 51
38 39 51
