38 37 52
37 38 51
38 39 50
39 39 49
37 42 49
37 42 48
38 43 46
37 43 48
36 44 48
37 43 47
36 41 46
34 43 46
34 41 46
33 39 45
31 46 48
28 42 49
29 42 47
28 42 48
24 42 47
25 40 44
21 48 48
22 45 46
19 41 43
17 44 45
17 42 43
13 40 40
10 42 41
10 42 40
07 41 40
05 43 38
05 42 40
05 39 38
08 39 38
12 38 38
10 37 37
12 38 37
12 38 36
11 36 36
10 37 35
09 37 34
10 35 34
12 35 33
12 36 33
12 36 33
13 37 33
15 38 33
14 38 34
15 39 38
15 40 38
17 40 42
15 42 42
16 42 45
12 42 44
13 43 43
13 41 43
14 41 42
17 40 41
16 40 42
15 42 43
15 38 43
17 39 43
18 37 43
18 41 45
19 37 46
20 38 48
21 36 46
20 36 50
21 36 50
21 34 50
21 33 51
21 34 51
22 34 51
23 35 53
24 34 53
23 34 53
24 34 48
24 31 48
27 48 44
25 31 48
23 31 50
23 29 47
26 31 50
24 29 54
24 32 50
25 32 49
22 30 50
23 30 49
26 28 49
24 27 50
23 29 50
22 29 49
19 30 47
19 28 49
20 26 47
18 27 44
18 27 50
17 26 47
15 26 45
19 27 43
25 28 41
24 32 42
22 33 42
22 34 42
21 32 40
17 29 35
15 38 40
12 39 40
10 37 39
10 36 41
07 35 42
10 36 40
09 40 41
08 39 42
07 35 43
04 29 42
02 30 40
03 25 41
03 33 46
06 32 43
14 29 39
12 32 36
10 34 32
10 35 31
11 38 33
11 36 33
12 37 32
13 37 31
13 37 32
16 37 33
18 37 33
17 36 31
14 35 31
12 34 33
09 34 34
07 34 34
04 33 35
04 32 33
13 32 35
07 33 38
06 32 36
10 32 34
12 34 35
17 37 36
19 38 35
20 37 34
18 37 34
18 39 35
16 39 36
14 38 36
07 39 38
09 35 37
08 35 38
06 36 38
03 39 38
05 40 39
09 35 38
13 36 39
11 34 37
10 36 35
10 35 34
10 34 34
12 36 35
14 34 34
16 37 34
16 37 34
16 37 34
16 35 33
16 34 33
17 35 34
12 36 34
10 35 33
06 36 33
03 38 33
07 37 36
13 37 37
10 36 38
10 35 34
12 34 35
15 32 35
15 34 35
18 36 35
17 38 35
15 38 35
15 37 36
15 38 36
16 36 36
14 37 36
10 37 37
08 35 35
04 37 35
03 36 35
06 38 37
12 37 38
12 38 34
08 34 33
05 33 30
09 35 30
11 34 31
11 37 34
14 36 33
14 37 34
15 37 33
17 38 33
18 36 34
17 35 34
16 36 33
12 37 34
09 36 34
07 33 33
03 36 33
06 35 35
10 36 37
11 36 39
10 36 37
12 34 35
13 33 34
17 35 34
18 37 34
18 38 36
17 38 37
16 38 38
15 38 40
12 43 41
12 46 40
12 44 40
12 44 42
10 48 41
07 47 39
04 45 39
06 46 36
08 44 35
09 43 36
09 41 34
09 41 33
12 42 35
13 41 33
14 40 35
16 40 35
17 42 34
20 45 35
20 46 36
23 46 36
22 46 38
22 44 38
22 46 39
21 46 38
21 46 39
20 44 36
20 45 36
17 43 37
16 44 34
11 44 33
09 45 30
10 44 32
14 45 32
17 51 32
21 47 32
20 52 32
20 51 31
21 53 28
21 50 34
18 50 25
18 56 31
25 42 31
23 45 28
26 54 26
26 49 27
26 52 27
25 55 27
26 51 27
27 53 29
26 51 28
26 55 27
27 53 24
30 53 24
29 53 26
28 51 26
27 52 26
25 50 25
25 49 26
25 49 25
26 49 25
24 48 25
24 51 24
24 51 28
22 54 26
24 46 18
25 49 24
27 52 22
26 51 25
26 51 24
28 53 24
27 51 25
25 49 25
24 51 27
24 50 27
24 50 28
24 52 25
24 52 24
24 50 26
25 51 25
26 50 28
23 51 27
24 51 27
25 50 26
25 51 27
23 51 28
25 51 30
25 54 31
24 54 30
24 50 30
25 51 31
24 51 34
23 52 32
23 51 31
25 51 33
24 52 32
24 52 32
21 50 32
23 55 27
21 51 28
25 61 22
26 63 23
25 38 27
25 57 39
31 46 36
20 56 37
20 55 36
24 46 40
22 47 36
22 51 35
24 54 32
25 50 32
23 49 34
22 50 33
24 52 34
23 50 34
20 51 33
22 51 34
22 50 35
23 50 34
21 53 31
22 50 32
24 49 34
21 50 34
21 48 34
22 51 32
23 50 34
26 50 37
28 46 38
28 50 39
24 50 40
21 46 40
15 46 39
12 41 39
12 40 35
12 42 38
11 41 38
11 41 35
10 41 36
09 42 35
10 40 33
12 39 33
12 40 33
12 40 33
13 41 32
12 41 31
13 39 31
10 41 31
09 41 31
11 39 30
12 39 31
14 38 33
13 38 32
12 40 32
12 39 34
14 40 35
14 40 36
15 40 35
14 41 36
13 40 36
14 41 36
12 39 37
14 42 37
14 40 36
13 40 36
13 40 36
14 39 36
14 38 37
15 38 36
14 38 36
14 37 36
13 38 35
12 38 35
13 38 34
12 38 36
11 38 37
14 36 35
13 37 35
12 36 37
11 36 34
12 36 37
11 35 35
12 35 36
13 36 35
13 37 35
13 37 34
12 37 35
13 36 35
13 37 34
10 37 35
10 38 34
08 41 34
11 40 36
12 36 32
14 38 35
14 40 33
14 40 32
14 40 32
14 41 30
14 39 32
13 40 32
14 40 36
11 44 35
14 42 35
14 40 36
15 41 35
15 43 36
15 43 38
12 31 44
13 38 41
14 35 38
12 36 38
13 36 36
09 34 38
07 33 36
04 36 35
03 34 31
11 33 30
13 35 30
13 39 33
11 38 34
13 37 31
18 39 32
18 38 33
18 39 33
18 37 33
15 39 33
16 39 35
14 40 36
14 39 36
14 41 37
12 38 36
12 39 37
09 39 36
06 40 35
04 33 38
03 33 40
07 36 39
11 36 35
15 39 30
14 36 31
13 38 29
14 38 30
17 39 30
15 36 30
15 38 32
14 39 30
13 39 31
13 38 32
12 38 32
13 37 32
12 36 32
11 37 32
11 35 33
10 36 32
03 38 31
06 37 32
14 35 35
21 37 37
18 38 37
11 38 36
08 35 34
12 34 35
13 34 35
15 36 34
15 38 34
15 37 35
14 38 36
14 37 35
15 38 35
13 37 35
13 36 35
12 36 34
12 37 34
10 37 34
09 37 34
08 38 34
07 38 35
10 39 36
12 39 34
09 38 33
08 37 33
10 34 32
12 37 33
13 37 33
13 37 33
14 37 33
14 37 33
15 37 32
14 36 33
15 37 32
14 37 33
12 36 32
10 35 32
09 36 30
02 36 29
04 37 31
13 37 33
20 35 35
12 36 34
10 36 34
12 34 35
13 35 36
15 34 34
15 37 34
17 38 35
15 37 36
16 37 35
15 37 36
13 37 36
14 36 36
14 36 37
12 37 37
06 37 37
05 39 36
02 37 36
05 36 37
13 35 36
14 35 33
09 34 34
08 35 32
11 33 32
12 35 33
12 34 33
14 34 31
15 34 32
15 33 32
15 34 32
16 35 32
16 35 32
11 34 32
08 34 31
05 36 34
07 35 33
12 36 35
11 36 35
09 38 36
11 36 35
14 34 35
15 27 38
15 33 40
16 41 37
15 39 36
15 37 38
14 33 37
13 34 37
11 32 36
10 33 36
12 33 37
10 33 38
09 34 39
06 39 39
03 39 39
09 34 39
14 31 37
13 35 36
13 34 34
11 36 35
11 35 33
12 36 33
12 34 33
13 37 32
14 37 32
14 38 34
16 38 36
14 38 35
16 39 37
17 38 37
15 38 37
15 37 38
13 38 40
11 39 39
04 39 39
04 38 38
10 38 40
15 39 39
16 40 38
14 39 37
13 39 37
15 39 36
16 43 36
16 42 35
16 43 35
15 44 37
15 44 39
17 41 38
16 40 38
17 40 37
16 42 36
15 40 35
13 39 35
13 41 36
10 44 36
07 46 37
08 45 36
13 43 35
13 43 34
14 44 34
15 45 34
14 43 33
15 42 33
16 42 33
17 42 33
16 41 34
17 42 35
17 43 35
17 42 36
18 42 37
17 42 35
16 41 35
13 42 35
11 43 36
07 44 35
06 45 38
10 44 36
12 43 37
14 41 36
14 38 34
17 41 37
17 43 37
17 41 36
17 41 36
17 40 35
16 39 34
17 39 33
15 38 35
14 38 35
12 38 34
12 38 33
12 37 33
12 38 34
08 40 34
05 40 34
06 40 35
10 41 31
11 41 31
11 40 32
11 39 29
15 39 28
15 39 29
12 39 28
13 38 26
13 36 27
13 36 29
13 37 29
13 37 30
12 38 30
12 38 30
12 37 31
11 37 32
10 38 32
08 39 32
07 38 32
08 39 33
13 39 33
18 37 32
14 37 33
11 37 33
10 37 34
11 38 33
14 38 33
17 36 34
15 39 34
15 38 35
14 39 35
15 38 35
14 39 35
14 37 34
13 36 35
11 36 34
09 39 34
08 39 33
07 40 34
09 39 35
11 39 36
12 37 37
12 42 34
12 42 33
10 38 33
11 34 32
10 36 31
12 37 32
13 37 32
14 38 33
12 37 33
14 38 33
15 37 32
14 35 33
12 37 31
10 38 32
09 35 32
08 37 31
04 36 32
09 38 33
16 36 35
17 35 34
13 34 35
09 32 34
12 33 34
14 34 35
14 35 36
15 36 35
13 36 35
13 36 35
13 35 35
14 35 35
13 36 34
13 37 35
13 37 36
11 37 35
07 38 35
05 38 34
04 38 36
07 38 36
12 36 36
12 35 33
10 36 33
08 35 33
10 36 33
12 35 32
13 36 33
13 38 32
14 36 33
14 36 32
15 36 32
16 36 33
15 37 34
14 35 33
13 36 34
11 33 34
08 34 32
03 35 33
06 35 34
11 33 35
13 33 35
10 34 35
09 33 35
10 35 33
13 35 35
13 36 34
14 35 34
15 37 34
14 36 35
14 36 36
15 37 37
14 37 35
14 35 36
13 36 35
13 36 37
10 36 36
05 38 36
03 37 37
10 35 36
15 34 36
14 33 34
12 33 33
09 32 32
08 33 31
09 36 32
10 36 33
13 37 33
12 39 35
13 38 34
13 36 34
12 35 34
12 36 35
11 36 33
09 38 34
12 37 34
13 37 35
15 37 36
15 36 33
12 37 34
09 36 33
10 36 34
12 36 34
12 37 35
13 37 34
11 37 34
13 37 35
14 37 35
11 36 35
13 36 35
13 36 36
13 36 37
13 36 36
14 38 37
15 39 38
15 38 38
15 38 38
12 38 38
13 37 38
11 38 38
10 37 39
10 37 38
09 37 38
06 35 38
08 38 39
13 38 37
13 38 36
12 38 36
11 39 35
11 39 34
10 38 33
11 36 33
14 35 32
13 35 31
13 35 31
13 35 32
14 37 33
14 37 33
14 37 33
14 36 33
12 38 34
11 35 35
07 35 35
07 36 34
03 37 35
11 34 36
17 37 37
15 37 37
13 36 34
13 35 34
11 35 34
16 36 34
14 37 34
16 36 34
15 37 34
15 38 35
14 38 35
14 38 37
14 38 36
13 38 37
10 36 37
07 37 35
03 37 35
03 37 38
12 37 36
12 37 35
08 38 34
07 35 34
11 36 35
11 36 34
12 37 34
11 36 34
14 36 32
14 36 32
16 37 32
16 37 33
17 36 32
16 37 32
12 35 33
10 36 34
08 36 33
06 36 35
13 33 37
12 34 38
09 35 38
09 36 37
11 33 38
13 35 37
17 40 36
18 41 37
18 41 35
19 39 37
17 38 37
17 41 37
14 39 36
12 39 35
10 36 35
07 38 36
04 38 35
02 38 36
03 39 37
12 36 37
14 37 36
12 38 34
12 37 34
10 36 34
11 36 35
12 37 35
12 37 33
14 36 33
15 35 34
16 36 34
15 36 34
16 37 34
16 36 34
16 36 34
14 36 36
09 36 35
08 35 33
07 36 33
02 38 36
09 35 34
13 35 36
13 36 36
13 37 33
13 34 32
11 34 32
13 37 32
17 36 33
17 38 34
17 39 33
16 38 34
14 37 35
13 37 36
12 36 36
09 35 36
10 36 36
08 37 37
04 38 37
06 38 38
11 35 37
12 34 33
07 35 31
08 34 30
12 33 31
13 33 33
13 35 32
13 35 33
15 35 32
16 35 33
16 34 34
16 36 34
15 34 34
15 35 34
12 37 35
10 36 35
07 35 35
03 34 33
02 36 34
11 35 36
13 35 34
08 36 34
12 34 34
13 33 32
15 35 33
17 36 34
17 37 34
17 38 35
15 38 34
14 37 35
14 37 36
14 36 36
13 36 37
11 37 37
09 36 37
06 37 37
03 37 37
06 38 38
11 36 38
12 36 36
11 38 35
10 36 33
10 35 34
12 38 33
13 38 33
15 38 32
15 37 32
14 35 32
15 37 33
16 37 32
13 36 32
13 36 32
12 36 33
09 37 33
07 37 33
05 36 33
05 37 34
11 36 35
16 37 36
13 37 37
13 37 36
13 35 36
14 35 35
15 35 36
14 38 36
12 38 36
13 37 36
15 37 36
14 36 35
13 37 34
15 37 35
12 38 35
13 37 34
11 38 34
08 37 34
05 37 34
06 38 34
11 38 32
16 37 32
13 36 32
11 36 31
10 37 30
12 37 31
13 36 31
14 38 30
15 36 30
15 36 32
13 36 31
15 37 31
16 37 33
14 38 33
14 38 34
12 38 34
11 37 34
07 37 33
05 37 34
05 37 33
07 39 34
12 36 34
13 36 34
09 37 32
14 37 32
14 35 33
15 36 34
15 38 34
18 40 34
17 41 34
12 38 35
12 38 35
14 38 34
14 37 35
12 37 34
13 38 34
12 35 36
10 37 35
07 37 32
04 40 32
11 38 31
12 36 30
13 34 30
12 35 31
13 37 31
12 37 30
12 37 30
12 35 30
11 36 29
10 37 29
12 37 30
13 36 30
13 37 31
13 37 32
14 38 32
14 38 32
12 37 32
12 38 32
12 36 32
12 36 31
12 39 32
11 37 32
13 37 33
12 38 32
11 37 33
13 37 32
12 37 33
12 37 32
12 37 32
12 36 33
10 37 32
11 37 31
11 37 32
12 36 33
15 37 33
15 38 34
14 36 34
11 37 35
11 36 34
11 36 34
10 36 34
10 36 36
11 37 36
13 37 37
12 35 36
13 37 35
13 38 35
14 37 36
13 38 35
13 36 33
14 38 33
13 37 34
13 37 33
12 37 34
12 35 35
11 37 34
12 37 34
12 36 35
13 37 34
12 37 35
12 37 34
10 38 35
09 37 35
09 37 34
10 39 34
12 39 35
13 36 32
12 37 32
10 37 32
10 34 31
10 34 31
12 34 31
12 33 30
12 33 31
11 35 33
13 35 33
14 35 33
15 35 33
14 37 33
15 36 34
14 37 34
13 36 34
11 37 34
09 36 34
05 37 32
05 36 33
09 38 33
15 36 34
14 34 32
10 34 31
13 34 32
14 36 34
14 37 33
16 34 34
14 33 35
14 35 37
13 39 38
15 37 38
15 35 36
15 35 35
15 35 35
12 35 35
11 37 36
09 39 34
06 37 35
04 37 36
08 39 36
12 31 37
12 31 33
11 35 29
11 31 26
12 36 28
15 38 30
14 38 33
14 35 32
14 31 33
13 31 32
11 32 34
13 35 33
14 36 34
13 37 36
13 36 35
12 37 34
11 37 37
09 37 34
06 36 35
04 37 34
07 37 34
11 34 35
15 35 35
14 34 34
12 35 34
14 35 33
13 35 33
16 37 34
17 36 35
14 36 35
16 36 36
14 37 37
15 36 37
15 37 38
14 37 37
15 37 38
10 37 38
06 37 37
03 37 35
05 38 36
11 38 36
14 37 35
13 37 33
12 36 34
10 37 32
11 37 33
14 37 34
13 37 33
14 37 33
14 37 32
14 38 32
14 36 32
14 36 32
13 37 33
12 36 32
10 36 32
08 35 32
10 35 32
05 36 31
06 32 31
14 33 32
15 34 34
11 36 36
10 37 34
12 34 34
15 34 35
15 34 35
15 35 35
14 36 34
15 36 35
14 37 35
15 37 34
13 37 35
12 36 37
11 36 37
11 35 37
09 36 36
05 38 36
04 37 34
06 37 35
11 37 34
14 35 32
12 36 31
10 37 32
12 37 32
13 37 32
13 37 30
13 36 30
15 36 30
14 37 31
15 37 32
15 37 31
15 37 32
14 35 33
13 36 32
09 36 33
09 35 33
04 36 33
04 35 33
11 36 36
18 36 38
17 37 39
11 36 36
11 34 35
13 32 35
15 35 36
14 37 37
14 39 36
15 37 37
15 35 37
15 36 37
14 36 37
13 35 36
14 36 37
13 37 36
11 36 36
09 36 35
05 37 35
06 38 37
14 38 35
14 37 33
12 37 30
09 36 30
10 36 30
10 37 31
15 37 29
14 36 29
12 36 29
13 37 29
13 36 30
13 37 32
13 37 31
12 35 32
13 37 32
11 36 32
09 37 33
08 38 32
06 38 33
07 39 34
11 37 35
15 37 34
13 37 34
08 35 33
10 35 34
12 33 33
14 35 34
15 37 33
15 36 34
15 37 32
16 39 34
16 39 34
15 40 34
16 39 34
17 39 34
16 39 34
14 38 33
07 40 34
02 41 36
03 40 38
12 37 36
08 36 33
08 36 32
09 35 32
10 34 33
11 37 33
11 36 32
13 36 33
16 36 34
16 37 33
17 37 34
16 36 33
17 36 33
15 37 33
13 39 34
13 40 32
10 41 34
05 41 34
03 39 36
11 41 37
13 40 37
13 39 37
08 39 36
11 34 36
13 35 34
17 38 34
20 40 34
19 37 35
19 37 36
18 39 37
18 39 37
16 40 37
13 41 39
12 40 37
09 39 36
06 46 44
04 42 44
05 37 47
11 37 35
16 39 30
14 40 30
14 39 30
11 38 31
13 38 34
13 38 32
14 39 33
14 38 32
15 40 35
15 38 35
15 37 35
17 38 34
15 37 34
14 37 34
14 36 35
11 37 34
10 35 33
03 38 33
03 38 33
07 40 35
15 38 35
15 36 33
09 38 33
11 34 33
13 35 34
15 38 34
16 38 34
19 35 34
18 36 34
17 38 36
17 37 36
16 38 36
15 37 37
12 36 37
13 37 37
11 36 38
08 39 37
03 39 35
02 37 36
05 37 36
12 33 35
10 33 31
09 29 26
09 27 27
11 32 29
11 37 33
13 38 33
14 34 33
13 32 34
13 34 34
14 34 35
14 34 35
14 35 35
15 35 36
16 35 36
13 36 36
10 36 36
08 35 34
05 36 31
04 36 32
06 37 34
16 35 34
11 35 34
09 36 33
11 36 32
14 34 32
16 35 32
15 36 33
16 37 33
16 38 34
15 36 38
16 33 42
17 34 42
14 36 40
13 35 39
10 36 38
08 38 37
05 39 36
03 39 35
06 39 35
13 37 34
14 37 33
10 36 33
10 36 33
11 35 32
14 35 34
15 36 35
16 36 35
13 36 34
15 37 36
14 36 37
14 37 37
16 36 36
15 36 36
16 35 36
15 35 36
12 34 35
08 35 34
06 39 34
02 39 33
03 37 33
08 38 33
16 37 33
16 37 34
12 35 32
10 34 31
14 34 31
16 36 33
16 36 34
16 36 36
13 36 36
14 36 37
14 36 38
15 35 38
14 37 39
11 37 38
11 35 38
09 36 37
05 36 37
02 36 34
03 36 36
08 37 36
12 36 33
14 34 32
14 33 31
13 31 31
14 34 31
14 37 34
14 37 33
15 37 32
15 35 32
13 37 33
14 37 34
14 38 35
15 37 35
12 35 35
10 35 34
10 35 35
08 34 34
09 34 34
03 36 33
08 35 34
14 36 34
16 34 33
15 35 31
13 36 32
14 35 30
13 36 31
15 37 32
16 37 31
16 36 33
15 36 33
14 37 33
16 38 33
14 37 34
13 37 35
11 35 36
10 34 36
07 38 36
03 38 35
01 39 35
07 37 35
13 37 34
13 35 36
12 35 33
12 32 32
12 33 34
10 37 33
10 37 31
13 38 32
13 36 32
15 37 32
15 37 32
16 37 31
14 36 33
14 36 32
11 36 33
08 35 34
06 36 32
04 37 33
08 36 36
14 35 38
13 36 37
12 35 36
11 33 35
10 34 34
15 34 35
15 35 36
16 36 36
16 36 35
17 38 37
16 37 36
15 37 36
13 37 36
14 37 37
13 36 37
13 38 38
10 36 37
05 38 37
02 37 37
06 36 36
11 37 35
13 36 35
11 37 34
09 37 32
11 37 31
12 35 30
13 36 29
13 36 30
14 37 30
14 37 29
12 38 30
15 36 30
13 36 30
12 36 31
13 37 32
10 37 32
08 35 32
06 37 32
07 37 34
12 37 36
17 36 35
14 37 35
12 35 34
10 34 33
13 36 34
15 37 35
14 37 36
13 38 35
14 38 34
13 37 34
13 37 34
13 37 35
12 38 34
13 37 33
13 38 34
13 37 34
11 40 35
09 39 34
07 38 34
09 37 34
09 38 33
11 37 33
13 36 32
13 37 31
13 36 32
12 36 29
12 37 29
10 36 28
12 36 28
12 37 28
12 37 29
12 37 29
12 38 28
12 37 30
12 37 28
13 36 29
11 38 29
11 38 30
12 38 30
11 37 31
09 38 31
10 37 32
12 35 32
13 37 33
14 37 34
12 37 36
12 38 35
10 36 35
09 35 35
09 33 37
09 37 37
11 36 37
12 32 39
14 32 37
12 35 36
14 36 36
13 35 38
13 35 37
14 35 35
15 35 36
15 37 36
16 37 35
15 37 35
12 36 35
11 37 35
10 38 34
07 39 34
05 38 35
03 37 35
05 37 36
12 38 35
16 35 35
13 36 35
12 37 36
10 38 36
11 38 35
11 37 34
11 36 33
11 37 34
12 35 33
13 35 33
13 36 33
15 36 33
14 35 33
14 35 32
15 36 33
15 36 33
14 36 34
10 36 32
06 37 34
05 37 34
08 36 35
11 36 37
14 36 36
14 36 35
11 34 32
09 34 33
14 35 34
15 37 34
16 36 35
16 38 35
14 39 35
15 37 36
13 37 34
14 37 36
13 37 35
13 36 37
10 36 35
09 37 38
07 37 37
05 39 37
07 37 36
07 37 36
11 35 34
14 35 33
13 34 32
09 35 32
10 35 31
10 36 30
13 35 31
14 36 30
14 37 32
15 36 32
15 37 32
16 36 33
16 37 33
17 36 32
15 36 34
14 36 35
13 38 36
10 39 37
03 45 38
01 50 40
00 55 41
06 52 43
13 49 42
15 46 39
20 46 39
22 43 39
22 45 39
23 46 39
24 46 42
26 47 41
29 49 45
33 44 42
35 45 42
36 43 43
37 40 42
37 42 43
38 38 43
39 37 46
39 37 50
40 38 49
39 35 50
38 39 51
39 39 51
40 39 52
40 36 54
41 40 53
39 40 53
41 40 52
40 40 51
40 38 51
39 40 51
40 38 51
40 38 51
40 39 51
40 39 51
39 41 48
41 39 48
41 40 52
42 38 51
40 37 50
41 39 50
41 38 50
41 38 50
43 39 51
40 38 50
41 37 51
42 38 52
41 38 51
42 37 50
42 38 50
43 37 50
42 36 51
42 38 51
