32 40 52
34 41 53
34 41 53
34 40 52
35 40 52
33 40 51
35 42 50
35 42 49
35 41 49
35 42 48
35 40 47
33 41 48
34 41 45
34 42 46
32 43 47
31 41 45
31 42 46
28 45 47
28 41 44
26 47 47
24 45 45
23 42 44
19 46 47
17 44 44
15 43 43
11 45 43
10 42 41
09 44 40
08 43 39
07 42 37
07 42 37
09 41 36
10 40 36
12 37 35
13 37 34
12 37 35
14 37 35
16 36 36
16 37 35
16 36 35
14 38 36
15 37 35
11 39 37
10 38 36
08 38 36
08 37 36
08 37 34
09 36 36
12 36 35
16 37 35
15 37 35
12 37 34
13 38 34
14 38 34
16 37 34
16 37 35
17 37 35
15 37 36
14 38 36
13 36 36
13 37 38
14 37 39
13 38 39
11 38 38
11 39 37
09 39 36
06 39 35
04 39 36
10 38 35
15 38 36
12 37 34
12 36 33
10 36 33
11 36 33
12 37 32
12 37 32
15 35 32
14 35 32
15 37 32
16 37 33
17 36 33
16 37 33
14 37 35
11 38 34
08 37 34
08 36 34
08 37 35
05 36 34
11 36 35
13 35 36
15 38 36
13 37 34
13 36 35
16 36 35
16 36 35
16 38 36
18 39 37
14 39 37
14 38 35
14 37 37
12 38 36
11 36 36
09 37 38
08 39 37
06 39 37
06 40 37
08 39 37
13 37 36
11 37 34
09 37 33
08 36 33
09 36 34
09 36 34
13 37 32
14 35 31
16 35 32
16 36 32
15 37 32
16 37 31
17 37 32
14 39 35
12 38 33
10 38 34
09 37 36
07 36 36
06 35 35
14 34 36
13 35 37
14 35 37
15 35 37
16 35 36
17 36 36
17 37 35
18 37 36
17 36 39
16 35 37
14 37 38
13 38 37
10 36 38
08 37 36
06 37 37
05 37 37
02 38 37
07 38 36
11 38 36
12 37 35
11 37 35
11 36 33
11 36 33
13 35 33
15 35 32
17 36 33
16 34 33
16 37 33
17 36 32
16 36 32
13 38 34
10 36 35
10 37 35
08 37 34
05 36 34
05 36 35
12 35 35
13 36 37
16 36 39
15 36 37
16 35 37
16 36 36
16 37 37
18 38 37
16 37 38
15 38 37
13 37 37
13 36 37
12 36 37
07 36 38
08 37 36
07 37 37
05 38 38
05 41 38
10 38 37
13 36 35
10 37 34
11 36 34
11 36 33
13 37 32
15 36 33
16 36 33
16 35 33
15 37 33
16 36 33
15 37 32
14 36 33
11 36 33
09 36 34
08 36 35
05 35 34
05 36 35
08 35 36
14 35 36
14 35 37
16 35 37
15 37 36
16 35 36
17 35 36
17 38 37
17 37 37
16 38 37
14 37 36
14 36 37
11 36 38
12 37 37
08 36 37
06 38 36
05 38 36
03 39 37
08 37 36
13 37 35
11 37 34
12 35 34
10 36 33
13 35 33
16 37 32
16 35 33
17 36 33
16 36 34
17 37 34
15 36 33
14 37 33
12 37 34
09 37 35
08 35 34
06 36 34
05 38 35
07 35 35
14 36 36
14 36 38
16 37 36
12 35 35
15 35 35
16 36 37
17 37 36
17 37 37
17 37 37
16 37 37
16 36 37
14 35 37
12 37 37
10 36 37
08 37 37
05 38 36
04 38 37
06 39 38
13 37 35
13 36 35
11 36 35
10 37 34
12 38 34
13 37 35
14 36 33
17 35 34
17 37 33
16 35 33
16 37 34
14 36 33
13 35 34
11 35 33
08 36 34
08 36 33
07 36 35
06 36 34
11 35 34
13 35 36
15 35 37
13 36 35
15 35 35
16 36 36
18 37 35
17 37 35
17 37 37
16 36 36
15 36 36
13 36 37
12 36 36
11 37 36
09 37 37
08 38 36
07 37 35
03 38 36
07 36 36
13 38 35
12 37 36
10 35 35
09 34 33
13 34 33
15 36 34
16 38 35
17 37 33
17 36 33
16 36 33
14 36 34
14 36 33
14 36 33
11 36 34
09 35 32
07 37 32
07 37 34
08 35 34
14 35 34
13 37 34
12 35 37
12 37 36
14 36 36
16 36 35
17 36 36
16 37 35
16 38 36
14 37 38
14 37 38
13 37 39
12 36 36
10 36 37
07 36 36
05 38 35
03 39 37
07 37 36
11 36 35
11 35 34
10 36 32
12 36 34
13 37 34
15 36 33
16 37 33
16 36 33
16 36 33
17 35 32
15 36 33
15 36 34
13 37 34
08 35 33
07 36 33
04 36 34
04 36 33
11 35 36
14 36 36
14 37 36
13 35 34
14 35 34
16 36 36
18 37 36
19 38 35
18 36 37
16 36 37
15 38 37
14 38 36
12 37 37
10 37 37
07 36 37
05 38 35
02 38 36
05 38 38
11 38 36
11 38 35
10 38 34
11 35 35
13 36 35
14 35 33
15 36 32
16 37 33
17 36 33
16 36 33
15 36 33
15 37 33
13 36 33
09 35 34
07 36 34
07 35 34
06 36 35
05 36 35
13 34 37
14 37 37
14 37 36
13 36 37
17 36 37
16 36 36
18 37 37
19 37 36
17 38 37
15 37 36
14 37 37
13 36 36
11 37 38
09 36 37
07 36 36
05 37 35
02 40 37
10 38 36
12 38 36
12 38 36
14 35 34
13 37 35
13 37 34
15 36 35
16 37 33
18 36 34
17 37 33
15 37 32
15 36 33
13 35 33
10 35 34
06 35 34
07 35 34
05 36 34
05 37 35
10 35 34
14 36 37
14 36 37
13 34 36
14 36 35
16 35 37
18 35 37
19 35 36
17 35 36
16 37 37
14 38 38
13 37 38
12 36 38
10 39 37
08 37 37
05 38 36
03 40 37
04 40 37
12 38 36
11 38 36
13 37 36
12 36 35
13 37 35
15 38 34
16 36 34
17 36 34
16 37 33
15 36 33
15 36 33
16 36 33
13 34 34
09 35 32
06 35 33
06 35 34
04 35 34
07 35 33
14 36 35
14 35 37
14 34 36
12 34 34
14 35 35
18 35 36
17 36 35
17 36 35
17 37 36
14 38 36
15 38 37
14 37 37
12 37 36
09 36 36
08 38 37
08 36 35
05 39 36
05 38 37
10 37 36
10 38 35
11 36 36
11 35 34
11 37 34
12 35 34
14 36 33
16 36 33
15 36 32
16 35 32
17 36 32
14 36 33
15 35 33
13 36 33
10 36 33
07 34 33
06 36 32
06 37 34
07 36 34
14 36 35
15 36 35
15 36 36
15 36 35
17 36 34
17 36 36
18 36 36
17 37 36
16 37 36
14 37 36
14 37 36
12 37 36
10 36 36
07 38 36
07 36 35
05 38 36
04 39 36
10 37 36
10 36 35
09 36 34
11 35 33
11 36 34
13 36 34
15 36 33
16 36 33
17 35 33
16 37 34
14 35 34
16 36 32
14 36 32
12 36 32
08 35 33
10 35 32
07 36 33
05 37 34
12 35 36
15 35 36
16 38 37
15 35 36
15 36 35
16 35 36
16 37 35
17 38 37
16 37 36
16 37 36
14 37 37
12 37 36
12 37 36
10 36 36
07 37 35
07 38 37
04 38 37
03 40 38
08 37 36
11 36 35
09 36 35
09 35 34
13 33 33
13 36 33
14 37 32
15 36 32
17 34 32
17 36 31
17 36 32
15 37 32
13 35 33
12 36 34
10 35 34
10 35 33
06 36 34
06 35 34
11 36 36
13 36 37
14 37 35
15 38 35
16 37 36
16 35 35
15 37 35
16 37 36
14 36 37
15 36 38
14 36 39
13 36 39
11 37 38
09 37 37
06 38 35
06 37 33
04 39 35
09 37 35
13 36 33
11 36 33
10 36 32
11 35 31
11 35 31
14 36 33
16 36 32
15 36 32
17 36 33
15 36 32
15 35 32
15 36 33
13 37 33
09 38 33
06 36 33
07 37 33
05 40 35
07 38 34
12 36 34
17 38 37
15 39 38
13 39 34
13 36 35
15 38 36
15 39 36
15 41 37
16 41 37
16 40 36
14 39 35
15 41 36
15 41 35
14 41 34
12 41 34
11 41 34
08 43 33
08 44 34
11 43 31
09 42 30
10 42 29
12 41 29
13 39 29
16 39 28
16 37 28
15 38 29
15 40 30
15 40 31
15 40 32
15 41 31
16 40 30
12 41 31
12 40 32
10 39 31
07 40 31
07 41 31
12 38 32
17 36 34
15 37 34
12 38 33
11 35 33
14 36 33
16 37 33
14 38 34
15 36 33
13 37 33
14 35 34
14 36 33
13 35 34
12 35 35
11 33 35
10 33 35
08 37 34
06 40 33
03 42 34
11 39 34
10 37 33
11 37 33
10 36 32
11 36 32
12 37 32
14 36 33
16 36 33
18 36 33
18 36 33
17 36 34
17 36 33
16 37 33
12 36 33
09 37 33
07 38 32
06 35 33
05 36 32
10 36 33
13 35 35
15 36 36
14 37 35
14 39 34
15 37 34
17 37 34
18 39 35
17 38 36
16 41 37
14 39 37
12 39 37
10 41 37
10 41 37
10 40 36
09 40 36
10 41 37
09 42 38
09 43 37
07 41 34
07 39 35
09 37 34
11 36 33
16 34 32
16 33 31
17 34 31
16 37 32
15 36 31
11 37 31
10 37 31
06 37 31
05 34 28
06 34 29
08 34 30
15 33 34
18 30 33
18 32 34
14 31 36
15 34 37
16 32 34
18 35 35
16 37 36
15 38 38
14 37 38
14 37 37
13 36 38
09 37 38
10 38 39
08 39 38
07 36 37
04 37 35
03 41 38
06 38 35
08 38 36
09 37 35
07 38 36
08 35 34
12 36 32
13 37 33
13 34 32
16 33 34
17 36 33
17 36 32
15 37 33
13 37 32
12 36 32
13 37 31
11 36 34
08 36 34
13 37 35
13 36 36
13 38 38
12 37 39
13 34 36
16 35 37
17 35 38
15 38 38
16 37 37
14 39 37
13 39 37
12 41 38
11 38 38
09 39 37
08 36 37
03 39 37
02 38 36
03 39 40
10 37 37
09 28 29
11 27 33
10 35 33
09 31 31
10 35 31
14 37 32
15 37 32
15 35 31
16 37 32
15 37 31
15 37 31
15 36 31
13 37 31
12 37 33
12 35 33
11 36 33
09 37 35
08 36 34
11 37 37
12 37 38
14 37 37
12 35 37
16 35 36
14 37 36
16 38 35
17 38 36
17 36 37
15 40 38
15 39 37
13 39 35
12 37 35
09 38 33
06 37 34
04 39 34
02 39 33
09 37 35
11 38 34
11 36 33
10 35 33
11 35 33
11 36 33
13 37 33
14 35 33
16 35 32
15 36 33
17 36 32
16 36 32
14 37 33
16 36 33
12 36 34
10 36 33
06 36 33
04 37 34
10 34 34
15 36 36
14 36 38
13 36 36
11 34 35
15 34 35
16 37 35
17 37 35
14 39 36
14 38 36
15 38 38
15 37 37
14 37 36
12 35 37
11 35 36
08 36 36
08 37 36
03 38 34
04 37 36
10 36 35
13 35 35
14 33 33
12 33 30
08 35 32
07 35 30
08 36 29
11 36 30
13 35 30
15 36 31
14 37 32
16 38 32
13 40 35
11 43 36
11 44 36
11 44 40
10 45 40
11 44 40
13 44 44
16 41 47
17 42 49
23 41 48
25 41 47
27 39 47
28 38 48
30 37 47
30 38 48
29 38 50
29 39 50
30 34 49
31 35 48
32 35 49
32 37 48
31 39 51
32 40 52
30 39 50
29 40 49
28 40 51
27 43 54
29 42 52
29 40 50
32 39 51
32 39 50
33 40 52
33 40 52
34 41 52
34 41 49
34 42 50
33 41 51
34 43 51
34 43 50
33 43 52
33 43 51
33 42 51
33 42 50
34 43 51
34 42 51
32 42 51
34 43 52
34 41 51
32 42 50
35 44 50
34 42 51
34 42 51
34 43 51
35 42 51
35 41 50
34 41 51
34 42 51
36 43 51
34 43 51
34 42 52
34 42 50
34 42 52
34 41 51
34 42 52
35 41 52
33 41 50
33 42 50
32 42 51
32 44 51
30 44 51
31 43 50
33 45 49
33 46 48
32 49 47
