17 42 40
17 42 40
17 41 40
16 41 40
16 41 41
15 42 41
16 41 40
16 41 40
15 41 40
17 42 40
17 41 41
16 42 41
16 43 41
14 41 42
16 41 42
19 38 42
21 37 41
23 40 36
19 36 43
20 49 42
17 42 43
18 42 37
15 43 38
17 44 39
18 46 38
15 44 35
14 42 37
16 45 38
13 45 36
13 46 34
13 44 34
13 44 34
12 43 32
11 43 33
11 42 32
10 41 33
12 40 32
13 40 32
11 39 32
12 38 32
09 38 33
07 38 32
10 39 32
13 36 34
11 37 34
11 37 33
14 36 33
15 35 34
15 36 35
15 36 35
15 37 35
14 36 35
13 36 34
15 36 35
14 36 36
14 37 36
15 37 35
17 36 35
16 36 34
14 37 36
12 37 35
10 37 34
08 38 32
06 41 31
06 41 31
05 41 29
07 42 30
12 39 30
14 39 31
15 37 30
14 39 30
15 39 29
16 37 29
16 36 30
15 36 30
15 36 31
14 35 30
14 36 30
15 39 31
13 39 31
11 38 31
10 40 31
09 39 31
12 40 34
08 39 33
09 36 32
09 37 31
07 36 32
13 36 33
14 36 31
13 37 34
15 38 35
17 38 35
19 37 34
20 39 35
18 38 33
17 38 34
15 38 34
13 39 34
14 40 34
12 39 34
13 40 33
10 40 35
09 39 34
08 37 33
05 37 34
02 39 35
03 40 33
08 37 32
10 39 34
12 38 33
12 39 32
15 37 30
17 37 29
18 35 30
18 34 31
18 35 29
16 35 31
16 35 29
16 37 31
15 37 31
11 36 31
09 39 31
09 39 32
10 38 33
07 39 31
07 39 33
04 38 34
07 36 36
14 33 34
15 34 33
16 36 34
15 35 35
17 36 34
19 36 34
20 37 34
18 37 34
15 38 35
15 38 34
14 39 34
15 40 34
14 42 34
13 42 35
10 43 36
10 41 35
07 40 36
05 41 35
04 42 37
06 39 34
08 40 33
11 41 34
11 41 34
14 38 33
16 37 33
17 36 31
16 36 31
15 37 31
14 37 31
16 36 30
17 36 32
16 37 31
15 39 30
13 38 31
13 39 32
12 40 32
09 38 32
07 39 32
06 38 34
04 39 35
09 35 34
13 33 32
15 37 35
16 41 37
18 42 37
22 39 35
22 38 34
17 39 36
12 38 36
10 37 36
11 36 36
13 36 35
14 37 36
13 38 36
12 41 35
12 40 35
11 40 33
07 40 33
03 42 32
03 42 32
07 41 32
10 39 35
12 38 34
12 39 32
15 36 32
16 32 32
18 32 31
17 36 31
16 37 30
15 39 31
15 40 31
14 40 31
13 38 32
09 37 31
10 38 31
12 37 34
09 36 31
07 33 29
04 32 28
06 34 33
10 35 35
14 34 35
18 35 34
20 38 35
20 40 37
21 39 37
21 39 36
18 41 33
17 43 32
16 45 35
15 46 37
14 46 37
13 48 38
13 48 37
13 47 34
11 44 35
09 44 35
07 46 35
08 46 35
09 42 34
11 43 33
13 42 31
15 40 31
17 38 30
18 34 30
19 35 28
18 35 29
15 36 30
13 37 29
13 37 29
13 38 30
14 39 32
15 40 31
12 41 31
14 39 32
09 41 33
05 39 31
08 40 32
10 41 36
13 38 37
11 36 35
13 38 33
15 38 34
17 38 36
18 38 37
18 38 35
17 38 35
15 40 34
14 40 34
13 39 36
13 41 35
14 43 38
15 40 37
13 42 36
14 44 34
11 45 32
07 47 32
06 45 30
10 48 30
11 45 32
13 43 32
15 43 31
15 43 31
16 40 31
18 39 31
19 38 30
20 38 30
20 40 31
18 39 32
17 39 33
17 41 32
16 40 31
14 41 31
11 41 31
14 41 33
10 40 31
07 39 30
02 42 33
02 41 34
06 38 35
09 33 32
12 35 33
15 36 35
17 37 35
19 38 34
20 39 35
18 34 38
17 39 40
14 41 38
13 40 35
13 39 34
13 37 35
12 39 35
09 40 35
10 40 33
06 39 32
03 40 33
04 41 32
08 40 32
11 36 31
11 37 32
13 37 31
15 38 31
16 36 31
16 36 31
17 39 32
16 38 31
16 38 30
17 39 31
16 40 32
15 40 32
15 38 31
13 40 31
12 42 32
12 40 33
08 37 31
07 39 31
06 37 33
10 39 34
12 36 35
11 36 34
13 37 35
16 38 36
17 38 36
19 40 36
17 40 35
16 39 35
15 40 35
14 39 35
14 40 34
15 37 35
15 38 34
14 38 35
13 37 34
11 37 34
10 37 33
12 39 32
10 38 32
11 37 30
08 37 30
04 39 30
03 38 30
08 39 30
08 39 32
12 39 31
16 40 32
17 39 32
18 39 33
18 42 32
17 40 32
16 39 32
14 40 32
12 39 32
11 39 31
11 41 33
11 38 33
12 39 31
14 38 33
11 38 33
10 36 32
08 35 32
08 35 32
09 34 31
13 34 33
16 35 32
14 35 32
14 37 34
16 38 35
16 37 35
17 40 36
17 39 36
17 38 35
16 40 35
16 38 36
15 39 36
14 39 35
14 40 36
12 39 35
12 40 35
12 40 36
10 41 34
09 40 34
06 41 33
06 42 33
05 41 32
06 42 33
10 39 32
14 39 32
13 39 31
12 39 31
13 36 31
15 37 31
17 37 31
16 36 31
16 37 30
16 37 31
17 38 31
17 39 32
14 40 31
13 41 32
12 42 32
14 41 33
13 42 33
11 41 32
09 41 31
10 40 31
08 39 32
10 39 32
13 37 32
13 37 32
14 40 34
15 39 34
16 39 34
17 39 35
18 40 33
16 40 33
14 40 34
15 39 35
13 39 35
14 38 34
14 38 34
12 39 34
10 38 34
09 38 34
07 36 33
06 37 33
04 38 32
04 37 32
06 36 32
12 35 33
12 36 32
12 39 33
15 35 32
16 36 30
18 34 31
16 36 30
15 35 30
15 36 29
13 35 30
15 38 31
16 36 31
14 35 32
13 36 32
11 38 30
10 38 30
10 37 32
06 37 31
08 36 30
11 36 32
09 33 33
10 34 33
10 33 32
12 35 32
13 37 34
16 35 34
17 35 35
20 37 34
18 37 36
16 37 34
15 39 34
13 40 35
12 40 35
13 39 35
13 37 34
12 40 33
10 39 34
10 38 34
08 38 33
05 39 34
04 40 32
07 38 32
12 37 33
11 37 32
12 39 32
13 38 30
14 36 30
17 36 31
15 36 30
16 37 32
16 36 30
15 35 31
15 37 31
14 37 31
12 38 31
12 39 31
10 38 31
12 38 31
12 38 32
11 38 32
09 36 32
09 36 31
08 37 32
08 37 32
13 37 33
14 38 33
14 39 34
12 40 34
14 39 33
16 38 34
16 38 33
17 39 34
16 37 34
17 38 34
16 39 34
15 38 34
13 38 33
11 39 34
10 39 33
08 39 34
07 37 32
03 39 32
04 39 34
09 39 32
13 37 33
14 39 32
11 38 32
13 37 32
13 36 31
16 38 32
17 36 31
17 37 31
17 35 31
16 37 31
17 37 32
15 38 31
13 38 31
11 39 32
09 38 32
11 38 33
10 38 34
07 38 32
08 37 33
08 38 35
12 36 34
12 36 35
14 36 32
14 37 35
15 37 34
16 37 34
19 36 35
18 37 35
17 38 34
15 37 34
17 38 35
16 40 36
16 39 35
14 41 35
12 40 36
10 41 36
10 41 35
09 38 33
08 40 34
06 41 35
04 42 33
07 39 33
13 35 33
13 38 32
13 37 31
13 37 31
14 35 30
15 33 31
17 35 32
15 36 30
16 36 30
16 36 29
16 38 31
17 39 32
15 40 31
11 40 32
10 40 31
10 40 32
10 39 34
08 38 32
06 37 30
05 38 32
10 38 33
15 35 34
16 36 34
16 37 32
15 38 34
15 37 34
18 36 33
18 38 34
15 39 34
16 38 35
15 39 35
17 42 34
16 39 35
14 41 35
12 41 33
10 41 33
09 41 33
08 38 34
03 43 32
01 43 31
05 42 32
12 41 31
15 38 33
14 41 33
13 39 31
13 38 29
15 35 30
16 34 32
16 36 31
17 32 29
17 35 30
16 38 31
16 37 29
14 37 31
12 38 32
10 38 30
09 41 30
09 41 30
07 39 35
08 32 31
08 45 32
09 43 33
15 36 33
12 38 34
11 41 29
14 35 36
16 34 34
17 39 34
17 41 32
17 39 32
18 41 32
17 41 32
16 41 33
16 42 32
16 42 32
15 42 32
14 39 33
10 41 35
11 35 35
11 40 34
10 40 34
06 41 34
04 39 31
06 38 30
10 35 32
11 37 32
10 35 33
10 34 30
13 35 29
13 36 33
16 36 31
17 36 32
17 34 30
17 39 32
18 36 32
15 38 32
15 36 29
13 39 33
10 41 32
10 41 33
12 42 34
08 41 32
09 38 36
08 38 35
10 36 35
12 44 35
15 37 33
15 40 34
16 40 34
15 40 35
17 37 36
20 35 33
18 42 29
16 37 40
18 37 38
15 39 34
13 44 34
14 40 38
14 40 37
14 41 36
13 44 36
10 46 37
07 36 35
04 38 32
03 43 31
09 42 31
12 43 37
11 40 32
13 37 29
11 29 37
18 35 28
18 36 34
17 37 33
17 35 32
16 36 34
15 39 34
15 38 36
17 38 34
17 40 31
12 42 31
09 41 32
10 41 33
09 38 34
08 37 33
07 39 34
08 36 35
11 33 33
10 33 33
14 40 34
15 38 32
17 38 34
17 37 36
19 36 37
18 35 37
20 33 35
12 43 40
14 38 34
12 38 34
14 40 37
13 40 37
13 38 37
12 42 37
11 40 35
07 45 34
03 42 35
04 42 32
09 39 32
13 39 33
12 39 34
10 39 32
13 36 31
14 34 31
16 33 32
15 35 32
16 36 30
16 36 29
13 36 31
13 41 35
13 39 33
13 38 33
14 39 35
13 38 35
15 40 31
11 40 37
10 39 34
07 38 32
05 42 35
11 37 34
12 37 33
12 35 35
11 35 37
14 37 34
16 39 35
17 38 34
17 39 33
18 38 34
17 36 34
17 37 35
16 39 33
14 39 34
13 40 35
13 40 35
12 40 36
11 41 35
11 40 34
08 40 33
04 39 33
04 41 33
07 40 33
10 39 34
11 38 33
14 38 34
13 39 32
13 35 32
16 35 30
17 34 32
16 35 31
17 37 32
17 38 33
16 38 31
16 38 31
13 38 32
11 40 32
12 40 32
10 39 32
11 39 33
09 37 32
08 37 33
08 36 31
09 37 34
12 37 32
12 34 32
11 38 32
12 37 33
15 36 35
17 38 34
19 38 33
18 37 35
17 38 35
16 38 34
15 38 35
15 40 35
14 39 35
12 40 36
12 40 36
11 41 35
10 40 35
09 40 33
06 39 34
05 40 33
05 38 33
08 37 34
12 38 33
12 38 33
13 39 33
13 37 30
16 35 30
16 34 30
16 38 31
14 38 31
15 37 31
16 37 30
15 39 32
14 37 32
13 37 31
11 37 31
12 38 33
12 40 34
09 38 32
07 39 32
07 38 33
09 38 35
12 38 36
14 37 34
13 35 34
13 35 34
15 39 34
16 38 34
18 37 35
19 38 36
18 38 36
16 39 36
14 38 36
13 39 35
13 39 36
14 37 37
12 38 38
11 40 37
10 39 35
07 39 33
04 39 34
02 40 34
03 39 34
12 36 33
15 31 34
16 34 35
14 34 34
13 35 32
11 32 29
13 33 29
12 33 30
12 34 30
13 35 30
15 35 30
16 37 32
17 38 32
13 36 31
12 38 31
10 38 32
12 39 32
12 38 35
11 39 34
12 38 34
09 37 34
06 38 34
06 35 33
10 35 33
15 34 33
17 36 35
17 34 35
15 37 34
12 37 33
13 38 34
13 37 36
14 38 35
16 39 35
17 38 35
16 40 35
16 40 36
15 41 36
11 40 36
08 39 36
08 39 35
10 37 33
14 35 33
13 36 33
13 37 34
12 36 32
09 38 32
07 38 32
09 37 33
13 36 32
13 35 33
12 36 33
14 37 32
15 39 32
12 39 31
12 39 31
11 41 31
11 40 32
12 40 32
11 42 32
12 42 32
14 42 33
15 42 33
16 43 34
14 43 33
14 43 34
13 43 34
12 42 34
13 41 35
16 43 36
16 39 35
16 41 36
17 41 37
16 39 37
15 39 37
12 39 38
14 39 37
13 39 38
14 38 38
16 39 39
17 40 38
17 38 43
14 39 43
13 41 41
14 43 39
14 42 37
14 42 35
16 38 35
15 40 37
16 41 37
14 39 36
15 40 37
14 39 36
14 39 37
11 40 37
09 42 36
10 40 37
12 39 37
12 37 38
15 36 38
15 36 37
12 37 34
12 36 33
11 33 32
10 33 33
09 32 31
08 33 29
06 34 31
08 35 30
11 36 33
15 36 32
16 38 33
16 36 34
16 35 33
11 34 33
08 36 33
09 38 33
13 37 32
17 36 35
16 36 35
12 39 36
09 39 35
10 40 34
09 39 34
13 39 34
13 38 34
14 39 35
12 37 34
14 36 34
12 35 35
12 37 34
12 35 35
12 36 34
12 37 35
14 37 35
14 38 36
14 38 35
14 39 36
13 40 35
12 38 34
