32 40 51
37 33 32
51 37 33
51 33 33
51 37 33
51 37 33
51 37 33
51 37 33
51 37 33
51 37 33
51 37 33
34 43 50
35 42 47
36 38 44
37 39 43
36 42 47
36 41 46
32 44 44
28 44 45
24 50 47
21 47 43
19 46 38
16 60 41
16 51 39
19 52 39
16 52 39
15 50 38
18 49 39
16 51 39
18 51 38
20 51 40
21 48 40
25 45 39
26 40 39
25 39 39
25 41 39
22 39 38
18 41 39
13 43 38
09 42 38
08 43 38
06 43 38
06 43 37
08 42 37
10 40 36
11 39 36
12 36 35
13 37 35
15 37 36
14 37 35
15 36 35
16 38 36
15 38 36
15 37 35
14 36 34
13 37 35
09 36 35
08 38 35
09 36 33
08 36 34
07 37 33
11 36 34
16 35 34
15 34 35
12 37 34
12 36 34
12 36 34
15 35 35
16 37 36
16 38 36
16 35 37
14 35 37
13 34 38
12 33 37
13 34 37
11 37 36
09 39 35
08 40 35
08 39 35
08 41 37
07 39 35
11 38 35
13 37 34
12 36 33
12 34 33
12 35 34
13 35 34
15 36 33
17 37 32
15 35 32
16 37 33
15 36 33
14 35 32
14 36 32
11 37 33
09 36 34
08 35 33
08 36 33
05 37 33
09 36 32
17 33 35
17 33 35
14 35 35
11 34 34
14 33 34
16 35 35
15 35 35
16 36 36
15 36 36
14 34 37
13 35 38
13 36 36
12 36 36
11 36 35
09 38 33
07 37 33
04 36 33
02 39 35
08 37 35
14 35 34
12 35 34
12 36 32
11 34 32
13 35 33
13 37 33
17 36 32
17 36 33
16 36 33
15 36 33
15 36 33
13 38 34
12 36 33
10 35 33
09 36 33
07 35 31
04 36 32
09 34 33
16 34 34
13 38 36
13 34 36
11 34 35
15 34 36
17 36 36
17 36 36
17 36 35
16 37 36
15 35 37
14 36 38
13 33 36
12 34 37
10 34 36
09 36 35
06 38 35
02 38 35
06 37 36
11 36 34
11 36 33
11 36 32
11 35 32
14 36 31
14 36 32
16 37 32
15 36 32
16 36 32
18 36 32
16 36 33
15 35 32
15 37 33
11 36 33
09 36 33
09 36 32
06 35 32
04 37 33
07 34 33
14 34 36
13 37 38
14 32 34
12 34 33
15 35 35
16 36 34
18 36 35
18 37 34
17 36 35
16 36 35
14 35 35
14 36 35
12 33 35
09 32 35
08 32 35
06 37 34
04 39 34
04 39 35
10 37 34
11 37 34
10 35 32
10 36 33
12 36 34
13 36 33
15 37 32
16 37 32
16 37 33
17 37 32
16 36 32
15 35 32
13 35 33
11 37 33
09 36 33
08 36 33
06 36 33
04 35 32
11 34 32
12 33 35
12 37 35
11 35 34
15 34 34
17 35 34
17 37 34
18 36 36
18 36 36
16 36 36
13 38 36
12 35 37
11 32 37
10 29 38
07 35 37
06 37 35
05 38 35
06 38 35
13 36 35
13 36 32
09 36 32
11 35 31
12 35 32
14 35 33
16 38 33
18 36 33
18 34 32
16 35 33
16 36 33
12 35 33
15 36 32
10 37 33
06 35 32
08 35 31
06 36 33
05 34 32
11 33 32
13 36 35
14 36 34
13 35 34
14 35 34
15 36 35
17 35 35
19 36 36
18 37 35
14 36 35
13 36 35
13 36 37
13 35 36
12 33 36
08 36 36
06 36 35
03 37 35
05 38 36
11 38 36
12 37 33
10 36 32
11 35 32
12 36 32
14 35 32
16 36 31
17 37 32
16 37 33
16 36 32
16 36 31
13 37 33
11 36 33
09 36 32
07 35 33
10 34 31
06 35 32
08 33 31
14 32 33
11 36 33
10 33 34
13 35 34
16 35 34
18 36 35
17 32 33
17 38 35
16 40 37
15 40 38
13 40 39
12 38 38
11 37 38
09 38 37
07 40 35
05 37 33
03 38 33
10 37 33
11 35 33
08 35 31
12 35 31
14 38 34
14 36 34
15 36 33
17 34 33
16 35 33
17 35 32
16 35 33
16 36 33
16 37 33
12 35 33
08 35 33
07 35 32
04 38 33
03 37 33
12 35 34
15 37 35
14 35 34
14 35 35
15 36 34
16 35 35
18 36 35
18 37 35
16 37 36
15 36 36
13 37 35
14 36 36
11 36 35
09 34 37
07 39 36
06 38 35
03 36 34
07 36 35
14 36 34
12 35 34
11 35 33
10 36 32
10 37 31
14 36 32
16 35 32
17 37 33
17 36 32
16 37 34
15 37 33
14 35 34
12 36 34
08 37 33
07 35 32
07 35 32
03 36 32
11 33 33
14 33 34
13 35 36
13 35 35
13 34 35
16 37 36
18 36 36
18 37 35
16 37 36
16 37 37
15 36 37
13 35 36
12 35 36
09 32 37
08 37 36
06 37 35
03 38 36
04 37 35
10 36 34
11 36 33
12 35 31
10 34 32
12 35 32
14 36 32
17 36 33
18 35 33
18 35 34
16 36 34
14 37 33
15 36 33
13 36 32
09 37 33
06 36 34
06 35 32
05 35 33
05 37 32
13 33 32
13 37 36
14 34 35
13 35 34
14 35 35
17 35 36
18 35 35
19 37 34
17 37 36
15 36 36
14 36 36
13 37 36
12 36 36
11 35 38
07 39 36
07 36 34
03 37 34
04 38 36
11 36 33
10 34 32
09 33 31
11 33 30
12 35 32
16 37 32
16 36 32
16 37 33
18 35 32
16 36 32
17 36 32
14 36 32
12 37 33
09 35 34
07 35 32
07 35 32
04 37 32
08 35 33
13 35 35
12 36 35
12 35 34
12 34 34
13 35 34
16 36 37
17 36 35
18 38 35
17 37 37
16 37 37
13 36 35
12 35 37
11 34 36
08 34 36
07 39 36
05 39 35
02 39 35
10 37 35
12 36 33
11 36 32
10 34 31
12 34 31
13 36 32
16 37 32
17 36 33
18 36 32
16 36 33
16 36 33
15 37 32
15 35 34
12 37 32
08 35 33
07 36 33
05 35 34
04 36 33
12 35 33
12 35 35
11 36 36
13 34 34
14 37 34
16 36 36
18 39 36
18 38 35
18 37 35
15 37 36
15 37 36
14 36 36
11 37 35
08 35 36
05 36 36
04 38 34
03 39 36
09 37 36
12 38 34
11 37 34
11 34 33
13 36 32
15 36 33
16 36 33
17 36 31
17 36 34
18 37 33
16 36 34
15 36 32
14 36 33
12 37 33
07 34 32
07 36 32
06 35 32
03 36 33
10 34 33
13 35 36
12 36 36
12 34 34
14 34 35
16 37 37
17 37 36
17 36 35
18 37 36
16 36 37
15 37 36
15 36 36
14 36 36
11 36 37
07 36 36
06 36 35
04 39 35
05 39 37
11 37 36
11 37 34
09 36 33
10 34 33
12 36 33
15 37 34
17 37 33
18 36 34
17 35 33
18 36 33
16 36 33
14 35 33
12 36 33
09 36 35
05 34 32
05 34 32
06 35 33
10 35 33
12 36 35
12 36 35
11 35 33
14 34 34
16 37 35
18 36 35
16 36 34
18 36 35
17 38 35
16 37 35
13 36 36
11 36 36
10 37 36
07 35 35
06 38 36
04 38 36
06 38 36
11 38 35
13 37 34
10 37 34
11 35 33
12 35 33
13 37 34
15 36 34
16 36 32
18 36 34
16 36 34
16 36 33
14 35 34
13 34 33
12 34 34
07 35 31
09 36 33
06 36 33
05 35 32
12 35 34
13 37 36
12 36 35
13 36 34
15 34 35
16 37 36
17 37 35
16 37 35
17 37 36
15 37 37
15 37 36
13 37 36
13 35 35
09 36 37
07 36 37
06 39 36
03 38 35
05 38 36
12 35 35
11 37 34
11 34 33
12 36 34
13 37 33
16 37 32
17 35 33
17 36 33
18 36 33
16 37 34
14 37 32
14 35 34
11 37 34
06 35 32
07 35 32
05 36 33
02 35 33
10 36 34
13 36 35
15 35 36
14 34 33
15 35 35
14 36 36
17 35 35
18 38 36
18 38 36
16 37 36
15 37 36
14 36 36
13 36 37
10 36 36
06 37 36
06 37 35
03 37 35
04 38 36
11 37 35
11 36 36
10 36 33
11 35 33
13 36 33
14 35 33
16 36 34
17 37 33
18 36 34
18 36 33
15 37 33
15 36 33
13 36 34
08 36 32
06 33 31
08 35 32
05 36 34
07 35 33
13 35 34
13 38 36
14 33 35
15 34 34
15 36 35
19 36 35
18 36 36
17 37 35
16 37 36
15 36 35
15 36 35
13 35 36
09 36 36
08 36 35
05 36 34
03 40 36
07 37 37
12 37 34
10 36 34
11 34 32
12 34 32
13 36 32
16 35 33
17 37 32
18 35 32
17 36 33
16 37 33
15 36 33
15 35 33
12 36 33
09 35 33
07 34 32
07 35 32
04 36 34
05 35 33
14 34 33
13 35 35
11 34 35
13 33 34
15 35 35
17 37 36
18 37 36
19 37 36
16 35 37
15 37 36
12 36 36
12 36 36
10 37 36
07 37 35
07 36 35
04 38 35
04 38 35
10 36 34
11 36 34
10 36 33
11 34 32
14 35 33
14 36 33
15 35 33
17 36 32
17 35 33
16 36 33
14 36 31
14 36 31
13 37 32
09 35 32
07 36 32
09 34 32
05 37 34
04 36 33
12 35 33
12 38 37
12 34 37
12 36 34
16 35 35
16 36 36
18 37 34
17 37 35
17 36 35
16 36 35
14 37 36
14 35 36
12 37 35
07 35 34
07 36 34
04 38 34
03 38 36
10 37 34
11 39 35
12 36 33
11 35 33
13 35 32
13 36 34
16 36 33
16 36 32
15 35 32
18 35 34
16 36 33
15 36 33
14 36 33
11 36 33
09 35 32
08 36 32
07 35 32
04 36 32
07 36 33
13 35 34
14 36 35
14 35 33
13 35 34
16 36 34
18 37 34
17 37 36
17 38 35
17 39 36
14 37 36
14 37 37
13 36 37
11 36 37
06 35 36
06 37 36
04 38 35
07 40 37
11 38 36
12 36 34
10 36 33
10 36 32
11 35 32
13 36 33
14 35 33
17 35 32
17 35 32
15 34 33
15 35 32
15 37 32
13 36 32
11 38 33
09 35 32
09 34 33
08 34 33
06 35 33
10 35 33
14 35 34
12 37 35
12 34 35
13 38 34
15 36 36
17 37 36
19 37 35
17 37 36
17 36 36
14 37 36
13 37 35
14 36 37
14 37 36
12 36 37
08 36 36
06 37 36
04 38 35
07 38 36
11 37 35
11 37 34
09 35 34
10 36 33
11 35 34
13 34 33
16 36 33
17 36 34
17 36 33
15 35 33
15 35 34
15 35 33
14 36 32
12 37 34
09 36 33
07 35 32
06 36 33
05 38 33
11 36 35
18 37 35
14 36 36
13 35 34
12 36 34
14 35 37
14 37 36
16 37 36
15 36 36
15 37 36
13 38 36
13 37 36
14 36 35
14 36 36
13 36 36
11 38 34
09 36 34
09 37 34
06 38 34
08 38 34
12 37 33
14 36 33
13 35 32
11 36 32
08 36 31
12 35 31
11 37 31
14 34 31
15 34 32
15 36 33
16 37 32
14 36 32
14 35 31
13 36 32
13 36 33
11 36 34
10 35 34
08 36 33
07 36 35
09 36 34
11 35 34
14 36 35
16 36 37
15 36 36
12 36 36
11 35 35
10 36 35
13 36 38
15 36 38
13 34 38
15 34 38
14 35 38
15 35 35
15 35 35
13 36 33
08 38 36
11 32 36
12 36 35
10 35 32
11 34 33
12 36 34
11 37 33
13 36 34
12 34 34
12 35 32
12 36 34
12 37 35
12 36 34
11 38 34
13 36 34
14 37 33
10 36 35
14 37 34
12 37 34
12 37 34
12 37 35
12 36 35
13 36 34
13 37 35
12 36 35
12 37 34
13 37 35
13 37 35
12 36 35
13 37 35
13 38 34
13 36 34
13 36 35
13 35 35
12 36 35
13 37 34
12 37 34
12 36 34
13 37 34
12 36 35
12 36 34
11 35 34
11 38 35
09 39 37
08 41 38
07 41 38
07 45 40
07 47 41
07 46 41
12 44 42
15 46 44
17 45 43
21 41 44
24 42 45
26 40 44
28 41 45
31 42 43
34 41 44
36 42 46
36 42 45
37 40 45
38 42 46
35 42 49
34 41 48
33 44 50
34 40 50
33 42 51
34 41 53
34 39 51
34 43 54
36 41 52
37 41 52
36 41 51
38 41 51
37 41 52
37 41 51
37 41 51
37 41 51
37 40 50
36 41 51
37 41 52
37 40 51
37 42 51
37 40 51
36 42 52
37 42 52
37 40 51
38 40 51
37 41 52
37 41 52
36 40 51
36 41 53
37 40 51
38 40 51
37 41 52
36 39 51
36 41 52
37 40 50
37 41 52
37 40 52
38 40 50
38 39 52
36 38 51
37 42 52
37 41 50
38 40 53
38 41 53
38 40 51
38 41 51
37 40 50
36 41 50
38 41 52
38 41 51
38 40 50
38 40 51
