11 38 33
13 37 32
10 38 32
10 37 33
13 38 33
12 38 33
12 37 31
12 37 31
12 35 31
13 35 30
12 36 32
12 35 32
12 34 31
10 35 32
11 36 32
12 37 32
11 37 32
12 37 34
13 37 34
12 35 33
14 35 34
12 36 33
12 35 33
12 35 34
11 37 33
12 36 33
12 36 35
11 34 34
13 35 33
13 35 33
13 35 34
12 33 33
12 35 34
11 36 34
12 34 34
14 37 34
12 37 34
13 38 34
13 36 35
13 37 34
15 35 34
14 38 35
13 38 34
12 39 34
12 39 33
07 40 34
05 38 31
07 36 32
09 38 32
12 37 32
14 36 33
14 38 32
13 35 31
13 34 30
15 35 30
15 35 30
14 35 31
14 37 30
15 37 31
14 34 31
13 36 31
12 35 31
10 36 31
10 37 32
08 36 33
03 36 31
06 37 32
14 36 32
17 34 32
14 35 32
13 35 33
11 35 32
12 34 33
14 36 34
14 37 33
14 35 33
14 36 34
15 36 34
15 37 35
14 37 35
14 37 34
13 37 34
10 36 34
02 39 32
04 37 31
10 37 31
14 36 31
13 37 31
11 36 31
11 36 29
15 35 29
13 35 28
14 34 29
14 35 30
13 35 30
13 35 29
13 34 30
12 35 31
11 36 31
10 36 31
08 36 32
03 36 29
08 38 32
13 40 32
16 36 32
15 35 33
14 36 32
11 37 34
12 34 33
15 36 33
13 39 33
14 39 32
14 37 32
14 36 33
15 37 32
13 39 31
13 39 31
12 38 31
03 38 28
01 45 28
09 43 28
14 42 30
16 36 30
12 39 28
13 38 27
17 35 27
18 34 28
19 35 28
17 36 29
16 36 30
15 36 30
13 37 29
10 36 29
09 37 30
08 36 29
02 37 29
03 38 31
09 41 33
15 40 31
15 38 33
13 39 32
12 38 31
13 38 33
15 38 32
15 38 32
15 38 33
14 38 32
14 37 32
14 35 33
13 38 34
12 38 34
13 38 34
11 36 32
05 36 31
05 38 32
12 37 32
15 38 32
11 36 30
10 37 31
10 37 30
14 36 30
15 38 31
15 37 31
15 40 31
15 37 30
14 36 30
12 36 30
09 36 30
09 36 30
07 35 29
03 33 28
08 37 31
13 36 33
17 35 32
14 35 31
13 35 32
12 36 32
14 36 32
14 37 33
13 39 33
14 38 34
15 37 34
14 37 34
15 38 34
14 38 34
12 38 32
12 35 33
06 38 31
04 38 31
09 39 30
13 36 32
14 39 30
14 36 30
14 36 30
14 33 29
17 33 29
15 35 30
16 36 30
14 34 30
14 35 30
13 36 30
10 36 31
09 36 32
08 36 31
02 34 28
06 38 30
13 39 33
18 36 32
15 35 31
12 38 32
12 37 33
15 38 35
15 37 34
14 37 34
13 39 33
15 36 33
13 35 33
14 37 33
13 37 33
13 36 32
12 35 32
03 35 30
04 38 30
12 36 32
14 36 31
13 37 31
12 36 30
11 36 31
14 35 29
15 35 29
15 36 30
15 38 31
14 38 30
14 37 31
13 36 30
12 34 29
09 34 30
10 34 30
07 35 29
02 33 27
09 35 29
16 37 32
17 36 33
14 34 32
11 38 32
12 37 34
13 37 33
16 38 33
14 39 33
13 39 31
15 38 32
15 37 32
13 38 31
12 36 31
11 35 31
11 36 30
05 34 30
02 38 30
11 36 32
14 36 32
14 37 30
12 37 30
12 34 30
15 35 31
17 35 31
16 37 31
13 36 31
14 36 31
13 35 31
12 33 30
11 35 31
11 36 30
08 36 30
04 34 28
04 35 29
11 37 32
17 35 32
14 35 33
12 36 32
10 37 33
14 37 34
14 36 35
14 37 33
13 37 34
13 35 33
14 35 34
13 36 33
15 35 33
14 36 34
15 34 33
14 34 32
12 34 32
03 36 31
04 38 31
09 35 31
12 39 32
14 39 33
13 39 31
12 36 31
13 36 31
14 36 32
13 38 32
14 40 32
14 38 32
14 38 31
13 37 31
12 38 31
12 36 31
11 39 31
11 37 32
09 32 30
07 33 29
08 35 31
12 39 33
14 38 33
15 33 32
14 32 32
13 31 31
11 35 32
13 34 34
12 35 34
12 35 34
14 37 34
15 37 34
13 35 34
15 37 34
14 36 33
13 37 33
12 37 35
12 38 33
12 35 33
06 35 33
02 36 32
07 34 30
12 31 29
15 33 31
13 34 32
11 32 29
10 34 27
12 34 27
14 35 28
14 34 29
13 34 30
12 35 30
14 36 29
13 36 28
11 37 28
11 37 29
12 35 30
11 37 30
12 38 29
12 37 29
11 39 30
11 36 29
10 37 28
12 37 28
13 35 29
14 40 31
13 39 31
13 38 32
13 36 31
14 36 31
12 38 32
12 38 34
12 37 34
13 35 35
11 37 35
13 36 35
13 36 36
13 37 36
14 36 35
15 36 34
12 37 35
10 39 35
10 37 34
12 36 34
12 37 33
12 37 35
13 37 35
12 36 34
12 39 34
14 37 34
15 37 34
13 38 33
12 38 34
12 36 33
12 37 34
13 38 33
14 36 33
12 37 34
12 36 34
11 35 33
11 36 34
11 35 33
13 37 33
12 35 32
13 36 34
13 37 34
11 36 33
12 37 34
14 36 34
13 36 33
12 36 34
12 38 34
11 37 34
12 36 34
12 37 33
13 36 34
11 37 34
12 36 34
13 36 33
11 35 33
11 36 32
13 35 34
12 37 33
12 36 33
11 37 32
12 36 33
11 36 33
12 34 34
11 37 33
12 36 34
12 37 33
12 37 34
12 36 33
11 35 33
12 37 33
12 36 34
12 37 33
13 36 34
12 35 34
12 37 34
12 37 34
12 36 34
12 37 34
12 37 33
13 35 34
11 37 33
13 36 33
12 36 34
13 35 33
12 37 34
12 35 34
12 37 33
11 38 34
12 37 33
13 37 34
13 36 33
12 35 34
12 37 32
12 37 33
12 36 32
13 36 33
13 35 34
12 37 33
12 36 33
11 36 34
12 36 33
12 36 34
13 36 33
13 37 34
12 37 33
12 36 33
13 37 34
13 37 34
12 36 34
12 37 33
12 37 34
12 37 33
12 37 34
13 37 34
12 37 34
13 36 34
11 36 34
12 37 33
11 37 33
11 36 34
11 36 33
12 38 33
11 37 34
12 37 34
11 36 33
11 37 33
12 37 33
13 36 34
12 37 33
12 37 34
13 36 33
11 37 34
13 35 34
11 36 34
11 36 33
12 37 34
12 37 34
12 38 33
12 37 34
13 37 34
13 37 33
13 37 34
13 37 33
13 37 34
13 36 34
13 37 33
13 37 33
12 36 33
13 35 34
11 36 33
14 38 34
13 36 34
13 37 34
13 37 33
12 37 33
12 38 34
12 37 34
13 37 33
13 37 34
13 37 34
12 37 34
12 37 33
12 38 34
14 38 34
12 37 33
12 37 34
12 37 33
12 38 33
12 36 34
13 37 34
13 37 33
13 36 34
12 36 34
13 37 33
12 37 35
11 38 34
14 36 34
12 37 33
13 36 34
13 37 34
12 38 34
12 37 33
13 37 32
13 37 34
11 37 33
12 37 33
14 37 34
12 37 34
12 36 33
13 37 34
12 37 34
12 37 34
13 36 35
13 37 34
13 38 33
12 38 33
13 37 33
11 37 34
12 36 33
12 36 34
12 38 33
12 37 33
12 37 34
12 37 34
12 37 34
13 37 34
13 37 34
13 39 33
12 37 32
11 37 34
13 37 33
13 36 33
12 37 33
11 38 33
12 37 33
