17 41 41
17 41 41
17 42 40
17 42 40
17 41 39
17 41 39
16 42 40
16 41 41
15 42 41
15 40 42
16 41 43
16 40 42
17 39 43
16 40 41
16 40 41
16 41 40
14 41 40
16 41 39
15 40 39
16 42 39
15 43 39
13 42 41
14 42 43
13 44 45
14 43 41
18 42 41
15 46 39
16 45 38
14 44 37
13 44 37
16 44 36
16 44 35
16 44 35
17 42 35
17 43 35
18 41 36
16 41 37
15 41 36
15 42 37
16 40 37
14 39 37
12 39 36
11 40 37
10 41 38
12 41 36
13 39 36
16 40 36
14 40 35
13 40 36
10 41 36
11 40 37
13 39 37
14 39 36
15 38 36
14 39 36
15 38 35
15 38 35
15 38 36
15 38 35
15 40 37
15 39 36
15 40 37
13 42 37
10 42 36
07 43 33
08 41 33
12 40 32
13 41 31
12 41 31
10 42 31
12 41 29
15 39 30
16 41 31
17 39 31
18 40 32
17 39 31
16 39 31
16 39 31
14 39 32
13 39 33
12 39 32
08 38 33
10 38 34
07 40 34
07 39 34
12 38 33
14 38 33
13 37 32
12 40 34
14 38 35
15 38 34
16 38 35
15 38 35
14 39 35
14 39 35
14 39 35
15 40 36
14 39 36
14 38 36
12 39 35
11 39 36
09 39 35
07 41 34
07 39 34
09 39 33
12 40 31
12 38 32
11 39 31
13 37 31
12 37 30
13 37 31
15 39 31
16 38 30
16 37 31
16 38 31
15 38 30
15 38 32
15 39 31
15 40 32
12 40 32
12 40 33
12 40 33
09 39 33
05 40 35
07 40 34
12 39 35
13 36 33
15 36 33
15 36 33
15 38 33
14 38 33
15 39 34
14 37 34
14 37 35
12 39 34
12 38 34
13 36 34
13 38 35
15 37 35
15 38 35
14 38 34
13 37 33
09 39 34
07 42 33
06 40 31
07 40 32
12 39 32
13 36 30
14 37 29
11 36 27
12 35 27
14 39 29
16 39 30
15 37 31
15 39 30
13 38 30
14 38 31
13 38 30
14 39 31
12 41 31
13 39 31
13 38 32
09 38 32
06 39 32
07 40 33
12 38 33
14 34 32
18 32 32
15 35 31
14 36 32
13 37 32
13 36 32
13 37 33
14 37 34
14 38 33
14 38 34
13 40 34
13 40 34
14 39 34
13 39 34
12 37 34
11 37 32
09 39 32
06 39 30
04 39 30
09 38 31
12 37 31
14 35 29
15 34 28
14 35 27
12 34 27
14 37 28
15 39 28
15 38 29
15 38 28
13 38 28
14 37 30
13 40 30
12 38 30
13 39 31
13 40 32
14 39 31
12 38 33
08 40 33
07 39 31
10 38 32
14 38 31
16 35 30
15 37 30
14 37 31
11 39 32
10 37 32
12 36 33
14 37 34
15 36 34
14 36 35
14 38 35
13 39 34
14 39 33
12 38 33
16 40 33
14 38 32
12 39 33
08 40 32
04 40 32
08 38 31
11 41 31
13 39 32
14 37 31
13 36 30
12 37 28
11 36 27
14 39 28
15 38 29
14 39 28
16 38 28
16 37 29
15 39 29
13 40 28
13 38 28
13 40 28
12 41 29
12 40 32
12 39 33
11 38 33
08 37 32
08 39 33
13 40 34
14 38 33
17 36 32
16 37 31
13 38 32
11 37 33
12 38 32
12 37 34
13 37 34
13 38 34
13 38 34
14 37 33
14 38 34
14 38 32
14 37 33
15 38 33
14 38 32
13 38 33
12 39 32
08 39 32
06 40 30
05 40 30
10 37 31
14 36 29
14 34 29
15 33 28
12 36 27
12 38 27
12 38 28
14 39 29
16 38 30
16 38 30
16 39 29
15 40 31
14 38 30
13 40 29
12 40 30
14 39 30
13 40 30
11 39 32
10 39 31
06 38 30
09 40 32
14 38 32
14 34 33
16 36 32
13 36 32
10 37 33
11 37 32
12 37 33
14 38 34
16 38 34
15 36 34
14 35 35
13 38 34
12 38 34
12 38 34
12 39 35
14 39 34
15 39 34
14 39 34
10 41 35
07 40 35
06 39 34
09 40 32
12 41 32
14 39 31
12 38 30
11 37 30
12 37 29
12 39 28
14 37 28
16 37 29
15 36 29
16 37 30
16 37 30
14 37 30
14 39 31
12 38 30
11 39 32
12 40 32
13 39 33
12 41 33
11 38 32
08 39 32
06 40 33
11 41 33
15 40 33
15 37 32
16 38 33
14 38 33
12 40 33
12 40 34
12 37 35
14 38 34
13 36 34
14 36 36
13 36 34
12 37 34
12 37 33
12 36 33
13 37 34
14 37 34
15 36 33
14 39 33
13 40 33
13 39 34
12 40 34
09 41 35
09 40 34
10 40 33
12 40 33
14 38 32
12 40 33
12 38 30
10 36 30
12 38 29
13 38 31
14 37 30
14 38 30
13 37 29
13 36 30
13 38 30
13 39 30
12 37 31
13 38 31
12 38 32
13 39 32
13 39 32
10 39 34
10 39 32
11 41 35
11 39 34
14 37 34
16 38 33
14 38 33
13 39 34
12 37 34
12 37 35
13 37 36
14 38 35
13 38 35
14 37 35
14 37 35
14 38 35
13 39 35
14 39 35
14 38 35
15 39 35
13 39 34
11 39 34
11 39 33
09 41 33
10 41 32
12 41 33
13 41 32
13 39 32
12 37 32
11 38 31
10 38 30
12 39 30
13 39 30
13 38 30
14 40 31
13 41 31
14 40 32
14 41 32
13 41 34
14 41 34
14 41 34
14 41 35
13 41 34
12 42 33
13 43 33
13 42 33
14 42 33
14 41 33
15 42 33
14 42 33
14 41 35
14 43 35
13 41 35
13 40 35
13 40 36
13 38 37
11 37 38
13 38 38
14 38 36
14 40 38
14 42 36
14 42 36
13 40 37
14 42 38
14 43 37
14 43 37
14 40 38
14 41 36
13 41 36
15 41 36
12 40 35
13 40 35
14 40 35
13 40 36
13 42 34
13 41 35
14 41 35
15 41 35
16 42 37
16 42 36
15 43 35
14 42 35
14 43 36
13 43 35
13 44 35
14 44 35
14 43 35
15 43 34
14 43 35
13 42 35
15 43 34
15 43 35
14 42 34
15 42 36
16 43 35
16 43 35
16 43 36
16 44 35
15 43 36
16 44 37
14 45 35
16 45 36
15 43 36
14 44 35
13 42 35
12 42 35
13 44 36
15 40 36
15 39 35
15 41 36
14 39 36
15 40 36
14 38 36
13 38 34
14 39 36
14 38 36
14 38 34
14 38 35
14 39 35
13 38 35
14 37 34
13 38 33
11 38 34
13 40 34
13 41 34
13 41 33
13 41 35
12 43 34
13 43 34
13 41 34
13 42 33
12 40 33
14 41 33
13 41 32
13 41 32
13 42 32
14 42 32
12 43 32
14 40 33
13 40 32
13 42 33
11 42 34
12 41 33
12 41 34
12 42 34
14 40 34
13 40 35
15 41 34
14 40 34
14 40 35
14 40 35
14 39 35
14 39 36
14 38 34
15 38 35
15 39 35
15 39 35
14 39 36
14 40 37
14 39 36
14 41 37
13 42 37
14 39 39
14 40 38
13 40 37
13 42 36
12 40 36
13 42 37
13 41 36
13 42 36
14 42 36
14 41 36
14 40 36
12 39 36
14 39 37
12 40 36
12 39 36
14 37 37
14 39 37
13 39 36
14 40 36
13 39 37
14 40 36
13 41 37
14 42 37
14 40 37
14 40 37
15 40 37
13 39 36
13 41 37
14 39 36
14 39 36
13 39 36
14 39 36
14 39 36
13 40 37
13 40 36
12 41 37
14 39 37
13 39 36
12 40 36
13 38 36
13 40 36
13 40 36
13 40 35
13 40 35
13 40 36
13 39 36
13 40 36
12 40 36
13 39 36
13 39 36
