38 33 51
38 33 51
37 31 51
38 34 51
37 33 50
38 34 49
40 36 49
38 37 48
34 44 45
38 38 55
35 39 54
36 40 50
34 39 48
33 36 46
31 36 46
29 40 44
26 37 43
23 42 43
20 48 44
21 48 44
19 48 41
17 47 41
17 46 41
16 48 39
13 45 36
12 45 35
10 44 36
08 43 35
07 41 36
08 40 38
09 38 36
10 40 39
10 40 38
11 42 37
11 44 38
14 42 36
13 41 36
12 39 36
12 39 37
12 38 36
12 39 36
12 37 37
13 40 37
12 40 36
13 39 36
12 38 35
13 39 35
13 38 36
14 38 35
13 39 36
15 39 35
15 39 37
13 38 36
13 38 37
13 38 36
13 38 36
13 38 36
13 39 37
13 38 37
13 38 36
13 40 37
12 39 37
14 39 37
13 39 37
13 39 37
12 38 36
13 40 36
12 39 37
13 40 36
13 38 36
12 38 36
14 39 36
14 39 36
12 38 36
14 39 36
12 38 36
12 38 36
12 39 37
13 39 36
12 38 36
14 38 37
13 38 36
13 39 35
13 38 37
14 39 36
12 39 35
13 39 36
14 39 36
13 38 37
13 40 35
13 38 36
13 38 37
13 39 36
12 38 34
13 39 36
12 38 36
13 39 36
13 39 36
14 39 36
13 38 36
14 38 36
14 38 36
12 38 36
12 38 35
12 39 36
13 39 36
13 39 36
12 39 35
14 38 36
13 39 36
13 39 37
13 38 36
13 39 36
11 39 36
13 38 36
14 38 35
13 38 37
13 38 37
14 38 35
13 39 37
13 38 36
13 38 36
14 38 36
12 40 35
12 39 35
13 39 35
13 39 35
12 39 34
13 39 35
13 39 35
14 39 36
13 39 36
13 38 36
14 39 38
14 39 37
13 39 37
13 39 37
13 39 38
13 41 37
13 39 37
14 39 37
14 38 37
14 38 37
15 39 38
15 39 36
15 39 38
14 39 37
14 37 37
15 38 38
13 39 37
12 39 37
10 39 37
05 41 38
05 40 37
08 40 37
12 38 35
11 38 36
12 36 35
12 37 34
14 35 33
13 35 33
13 36 33
14 37 33
14 36 32
15 36 32
16 37 32
15 36 33
13 38 34
14 37 33
11 37 33
11 36 34
05 37 33
04 37 35
09 37 35
13 38 36
12 40 38
12 40 38
16 38 36
16 38 36
17 39 37
17 37 36
15 39 36
14 41 37
14 40 36
15 39 36
13 38 38
11 40 37
07 38 38
09 39 39
04 39 37
03 38 38
05 37 36
05 37 35
08 37 34
09 37 35
11 35 33
13 36 33
14 36 32
15 37 33
14 37 32
15 37 31
16 36 33
18 36 33
18 37 33
16 38 33
16 37 33
13 39 35
13 38 35
10 38 36
05 38 35
06 36 36
08 37 35
09 40 39
10 40 38
12 37 36
16 42 37
17 39 36
17 39 38
16 39 37
15 41 37
14 39 37
15 40 38
14 39 38
11 39 38
10 38 39
06 37 36
00 40 37
00 37 37
07 36 35
12 37 36
12 37 36
09 36 34
11 36 31
11 34 32
15 37 32
14 36 32
15 35 31
15 37 31
17 36 31
18 37 32
16 36 32
17 38 33
15 37 34
11 39 34
12 38 35
09 37 35
02 37 35
07 36 35
11 38 38
11 38 40
12 40 38
14 39 36
11 38 36
16 36 38
16 39 37
15 40 37
13 41 38
15 39 38
14 37 37
13 40 38
11 41 38
11 39 37
09 38 36
09 38 36
04 39 33
05 41 36
09 39 31
09 39 29
09 39 30
11 38 30
14 37 29
15 37 30
17 38 32
15 39 32
14 37 31
14 38 32
16 41 32
16 40 33
15 39 33
14 40 34
14 39 35
12 39 35
11 39 37
07 38 35
10 38 36
11 39 38
15 38 37
16 40 38
15 40 36
14 40 36
17 39 39
16 37 36
14 39 35
12 42 35
12 41 35
13 41 34
14 40 36
15 38 36
14 39 39
13 40 37
11 41 38
09 41 36
00 41 36
05 40 35
10 40 35
10 39 33
08 39 33
11 37 32
13 37 31
12 35 30
14 35 29
10 36 29
11 36 29
11 36 30
12 35 31
12 35 32
09 36 32
09 35 33
12 35 35
07 35 34
10 36 33
16 38 37
18 40 40
16 40 40
15 38 38
17 37 37
17 36 36
16 36 37
16 35 38
13 39 37
14 39 38
14 38 38
12 39 38
11 39 39
08 40 39
08 40 41
06 40 39
01 42 40
04 40 40
10 37 37
10 37 35
08 36 33
07 36 34
10 35 32
13 33 32
14 34 31
13 36 32
14 36 32
13 35 31
14 36 33
14 36 32
15 37 34
14 37 34
13 36 34
15 37 36
12 36 34
06 37 33
08 37 35
10 39 39
11 40 41
12 38 38
16 38 36
16 38 35
15 37 37
17 38 38
16 39 39
14 39 39
14 41 39
13 40 39
11 39 39
10 41 40
09 39 38
10 38 39
09 40 37
01 41 40
05 40 38
07 38 35
08 36 36
08 34 35
08 36 33
11 36 32
12 36 33
13 36 33
13 36 33
14 35 32
16 36 33
17 35 32
19 36 32
17 37 33
15 38 34
16 38 35
13 37 36
05 38 34
05 37 35
06 38 38
11 39 40
11 39 40
14 39 37
16 38 38
09 41 37
15 37 38
14 40 38
12 41 39
12 41 38
12 41 38
11 40 39
10 40 39
08 40 38
10 39 38
05 39 39
03 40 39
02 38 34
03 37 35
07 36 35
10 35 36
10 35 35
12 36 35
12 36 34
14 35 33
15 36 33
16 36 34
18 36 33
16 37 33
17 36 35
15 38 35
15 37 36
09 37 36
04 37 34
09 37 37
12 38 40
11 38 39
12 39 35
12 38 37
14 37 36
15 37 36
15 40 36
13 39 37
13 41 38
12 41 38
11 41 39
10 40 40
10 41 40
12 43 40
10 40 39
06 40 38
02 41 41
08 38 38
08 38 35
07 37 36
05 37 35
06 36 34
11 35 33
11 36 33
14 36 33
15 36 32
13 37 32
15 35 33
17 35 32
15 36 33
15 36 34
14 37 33
15 36 35
09 37 34
08 37 34
12 36 35
12 38 37
13 38 38
12 42 39
14 37 37
14 38 36
12 38 37
15 38 36
12 37 37
11 39 40
10 40 38
11 40 39
10 40 40
09 42 42
10 41 40
07 40 41
03 41 43
07 39 38
06 37 35
06 36 35
06 36 35
07 35 34
11 35 34
15 36 33
12 35 31
14 36 31
15 36 32
15 37 33
17 35 32
15 36 33
15 36 33
15 36 33
17 37 36
12 37 35
08 37 33
11 35 35
13 37 37
12 38 38
11 39 37
11 39 37
12 39 39
14 37 37
13 38 37
11 38 39
09 40 38
11 41 40
09 40 40
11 41 39
07 40 40
12 41 39
10 39 37
01 42 41
05 41 38
04 39 35
06 37 35
05 35 34
05 36 35
08 37 33
10 37 32
12 37 33
11 35 32
13 36 33
13 35 33
15 34 34
16 36 33
16 36 33
14 36 34
16 35 35
09 36 34
10 36 34
13 37 36
14 37 37
15 39 38
12 40 37
13 39 37
14 38 37
17 39 38
09 41 36
10 40 38
08 39 39
10 39 40
11 40 39
10 41 40
11 42 40
10 42 40
10 42 38
05 41 40
06 42 38
08 38 35
05 37 35
05 35 34
03 36 35
08 34 32
08 36 33
09 37 32
12 37 32
12 36 32
14 36 32
15 37 32
17 37 32
15 36 31
16 37 33
16 36 34
16 38 37
13 37 35
10 36 35
07 36 36
08 37 38
08 38 40
11 40 39
14 39 38
13 38 38
12 38 37
12 38 38
12 38 39
11 40 39
12 41 39
11 42 38
10 40 39
06 39 38
08 40 37
04 42 40
04 39 38
08 36 35
08 38 35
07 36 34
08 37 33
11 36 34
13 35 32
13 36 31
12 34 31
14 35 30
16 37 32
15 37 32
15 35 32
14 36 32
14 37 33
16 37 35
14 37 36
08 36 36
09 36 35
11 37 39
14 38 41
15 39 40
13 38 38
12 38 36
13 38 38
14 39 39
12 39 38
13 41 39
14 39 39
15 39 36
14 38 38
13 37 35
12 38 36
11 39 36
07 37 33
00 41 33
02 38 32
05 38 29
07 37 31
09 35 33
13 37 33
13 36 30
14 36 30
14 35 29
14 36 30
15 36 30
15 36 31
14 36 32
14 37 31
15 36 33
14 37 33
15 37 35
10 37 35
06 36 34
09 36 35
11 38 38
13 37 38
12 37 35
15 38 35
15 36 38
14 38 36
14 36 36
14 37 35
14 37 37
16 39 35
14 38 36
13 38 37
11 39 36
08 38 35
09 37 36
05 38 36
05 41 37
09 39 35
07 38 34
08 37 34
08 36 33
12 35 33
13 36 34
12 37 33
13 37 33
14 35 32
14 36 32
13 36 33
13 36 32
14 35 33
15 37 34
15 35 33
11 35 33
06 35 34
08 37 36
10 37 37
14 37 38
14 38 38
15 37 36
15 36 36
15 37 36
17 37 38
16 38 38
15 39 38
14 39 39
12 40 38
13 39 39
11 40 38
09 40 38
10 40 37
03 41 37
03 40 38
07 38 35
07 37 34
07 37 34
07 35 32
11 34 33
13 35 32
13 35 33
14 36 32
14 35 31
15 36 32
17 36 32
18 34 33
17 36 34
16 37 33
14 37 34
11 36 34
04 36 33
04 36 34
07 39 36
10 38 40
12 38 36
12 37 35
13 38 36
13 38 36
13 38 35
13 40 37
13 40 38
14 41 37
14 40 37
13 41 37
12 39 39
11 40 37
08 37 37
08 38 35
00 41 39
05 38 38
07 36 34
08 37 35
05 35 34
06 35 35
10 35 32
12 36 33
14 35 33
14 35 33
14 36 32
16 36 33
17 35 33
15 36 32
16 36 32
16 36 33
14 36 34
09 37 34
06 37 33
07 36 35
08 37 37
12 38 38
12 38 38
13 38 38
16 39 38
12 40 37
15 38 38
13 37 38
14 39 38
14 40 38
13 40 37
12 40 38
12 40 38
08 40 39
09 39 38
05 40 38
02 40 41
07 38 36
06 38 35
07 35 36
06 35 35
06 35 33
10 36 33
12 35 34
13 36 32
15 36 32
15 36 31
16 35 32
18 35 32
19 36 32
17 37 34
16 35 33
13 36 34
06 37 35
07 36 35
08 37 38
11 37 40
12 37 39
14 38 38
15 39 37
16 38 37
13 41 37
12 39 38
11 39 39
12 40 37
12 40 37
11 38 38
11 39 38
08 39 38
08 40 38
04 40 38
02 40 39
08 37 36
08 37 35
07 35 35
05 36 34
09 35 34
11 34 33
11 36 34
14 34 31
14 35 32
14 36 31
15 34 32
16 36 32
17 37 32
14 37 33
15 37 32
15 37 36
12 37 36
07 37 34
10 36 35
11 38 38
12 39 40
11 40 40
11 38 36
16 39 38
15 36 37
14 37 37
12 39 38
11 38 39
14 37 38
13 38 39
11 38 39
11 40 39
08 39 39
12 38 37
09 38 36
01 40 39
05 38 37
07 35 31
06 35 33
07 36 34
08 35 33
11 36 32
13 37 32
14 36 31
14 36 32
14 35 32
14 36 32
16 36 31
16 37 32
18 38 33
16 37 32
16 37 34
12 37 35
04 37 34
06 35 34
07 39 39
09 36 40
09 38 37
12 38 37
15 38 36
15 40 36
15 37 37
15 39 37
14 39 37
13 39 37
12 39 37
12 39 37
11 40 37
12 41 38
11 38 36
05 40 36
01 40 37
07 38 34
08 36 34
08 35 34
09 37 32
10 35 33
12 35 34
12 36 33
14 36 34
13 36 34
13 36 33
15 35 33
15 36 36
16 37 35
17 36 35
16 37 35
16 35 35
07 37 33
06 38 35
12 38 38
13 38 39
11 39 36
10 36 35
12 37 35
12 38 35
09 39 35
13 42 37
12 40 36
11 41 38
12 39 37
13 40 37
14 39 37
12 40 37
13 39 38
13 39 37
12 38 37
12 38 37
10 37 36
04 39 37
07 37 35
14 37 33
11 37 34
07 36 33
08 36 32
09 36 31
13 35 32
12 36 32
11 36 31
12 36 31
13 36 31
14 35 33
14 36 32
14 37 32
15 37 33
16 37 34
14 38 34
14 37 33
11 37 35
09 38 34
13 38 34
14 39 38
12 39 38
12 39 37
12 38 37
12 38 37
11 38 37
13 40 37
12 41 38
12 39 38
11 37 37
11 38 36
12 38 36
12 37 37
12 37 37
12 38 35
13 37 35
13 37 35
13 38 34
12 37 36
12 37 35
12 38 37
12 38 35
11 36 35
12 36 36
14 37 36
12 37 36
13 37 35
13 36 35
13 37 36
14 37 36
12 37 36
14 37 35
13 37 36
12 38 36
11 39 36
13 36 36
13 38 35
12 38 35
13 38 36
13 38 36
13 37 36
13 37 35
12 38 36
12 38 36
13 37 36
13 36 35
13 38 36
13 38 36
12 37 36
12 36 35
12 37 35
12 38 36
13 37 35
13 37 36
14 37 35
13 37 35
13 37 35
13 38 36
12 37 36
12 37 36
14 38 34
12 38 36
12 36 36
12 38 35
13 38 35
13 37 35
12 38 35
13 37 35
12 38 35
12 38 35
13 37 35
12 38 35
12 38 35
13 37 35
13 38 35
12 37 35
12 38 35
13 38 36
13 37 35
12 37 35
12 37 35
12 37 34
13 37 36
12 38 36
12 38 35
12 38 35
12 37 36
12 38 36
14 37 35
13 36 35
13 38 36
13 37 36
13 38 36
12 38 36
13 37 36
13 38 36
14 37 36
12 37 37
12 39 36
12 37 36
12 37 35
12 38 35
13 37 35
13 37 36
13 39 36
12 37 36
13 38 35
12 37 37
12 38 36
13 39 35
11 37 36
12 38 34
13 39 35
13 37 36
13 37 36
12 37 36
14 38 36
13 37 35
13 38 35
12 37 36
13 38 36
13 38 35
12 38 35
11 38 36
13 37 36
13 37 36
13 37 36
11 37 36
12 37 36
13 38 36
13 37 35
13 37 34
13 37 36
13 37 36
13 37 36
12 38 36
13 39 36
12 38 36
11 37 37
11 39 37
11 42 37
11 44 39
09 48 38
10 48 36
10 49 35
12 51 34
12 52 34
12 53 32
15 52 33
18 50 36
20 52 35
22 50 37
26 47 39
28 50 39
29 48 39
32 45 42
33 47 42
37 43 42
39 41 44
41 39 44
40 41 43
42 38 44
42 41 46
40 41 47
41 34 48
39 33 49
39 33 50
38 34 52
38 32 53
38 32 53
39 33 53
40 35 53
41 33 52
40 33 52
38 35 52
40 35 51
40 33 52
40 34 53
40 35 52
41 33 52
40 34 52
41 34 52
40 34 53
41 34 53
40 34 52
41 35 52
40 34 52
40 33 53
