13 35 34
11 34 33
12 33 34
12 35 33
12 34 34
12 34 34
13 35 35
12 34 35
13 34 35
13 33 36
12 33 36
13 33 36
13 34 36
13 33 36
13 35 37
12 36 38
10 37 37
11 34 36
11 35 36
12 34 36
14 35 35
13 34 35
12 38 34
11 37 34
12 39 34
11 38 33
11 37 33
12 37 33
12 36 33
12 37 33
14 36 32
13 36 34
13 36 34
11 37 34
10 34 35
09 35 35
08 33 36
06 33 36
06 33 35
12 34 36
16 37 37
18 36 37
16 36 35
12 35 36
10 33 37
13 33 36
13 35 36
14 36 35
14 36 37
15 36 37
14 36 36
14 36 37
14 34 36
13 35 36
14 35 37
13 34 36
12 34 35
07 34 37
05 34 35
08 35 35
12 33 33
14 35 34
11 34 32
11 35 33
12 35 33
14 35 34
15 35 34
14 36 34
14 34 33
14 34 34
12 34 36
13 35 35
13 37 34
13 36 34
13 38 35
12 37 34
13 38 35
12 36 37
11 37 34
03 39 34
06 39 35
11 37 38
13 37 38
15 37 35
15 38 35
17 35 35
17 33 34
16 35 34
14 37 36
12 37 36
13 36 36
13 37 36
14 34 35
14 34 34
14 34 32
13 35 31
11 35 31
09 29 31
08 32 30
06 32 31
06 30 29
08 31 33
12 33 34
13 34 36
14 34 33
15 33 32
17 34 31
13 33 31
12 34 31
13 35 31
13 32 30
12 33 31
13 35 31
12 36 32
13 35 32
13 34 31
08 35 32
02 35 32
04 31 32
07 29 34
11 30 36
14 31 36
13 33 34
12 35 33
13 32 35
13 32 35
15 33 35
15 34 35
17 35 35
15 35 35
14 35 36
15 36 36
13 36 37
12 36 36
05 34 35
00 36 36
05 35 35
12 36 35
14 36 36
13 37 34
12 38 34
13 36 35
13 35 34
14 34 34
15 32 33
14 33 33
14 34 32
14 36 33
14 35 34
13 35 34
14 36 34
14 36 35
11 36 36
09 35 37
03 34 36
04 34 36
13 33 39
13 35 38
12 36 35
11 34 35
14 35 36
15 33 36
15 35 36
16 35 37
15 37 36
15 37 37
15 37 37
14 37 37
15 37 37
14 37 38
11 36 36
01 36 35
00 36 36
10 35 35
15 37 36
12 37 35
12 36 33
11 33 34
14 32 34
15 32 33
15 33 33
16 35 33
16 35 32
14 34 33
14 35 33
15 36 34
13 38 34
13 36 33
12 36 35
09 36 37
08 34 35
03 35 34
07 34 34
13 34 37
13 37 37
13 39 35
14 37 34
14 34 36
16 33 36
14 34 35
14 36 35
13 36 35
14 34 37
14 35 37
13 35 37
13 35 36
12 34 38
10 33 37
06 34 35
01 36 36
08 36 36
12 35 36
12 37 33
11 36 34
11 35 33
12 34 33
14 33 33
14 36 33
14 35 34
16 35 33
14 35 32
14 35 32
15 35 32
13 35 33
13 35 33
12 34 35
12 36 35
05 36 35
02 35 36
11 32 36
11 34 40
11 36 39
11 35 36
14 34 35
16 31 36
16 32 36
16 37 37
15 37 36
13 37 38
14 34 38
14 35 39
14 35 38
15 36 38
14 35 37
11 35 37
03 35 36
04 36 37
08 37 35
09 37 34
09 36 34
12 34 35
14 34 36
16 35 34
15 36 34
15 36 34
16 34 35
15 32 35
14 35 34
15 37 34
15 39 35
13 37 34
13 36 35
12 38 34
11 37 36
09 38 35
04 37 35
07 36 35
14 35 37
14 37 36
12 38 35
10 35 34
12 33 35
15 33 35
16 37 35
16 37 34
16 36 34
16 37 35
16 36 35
13 37 35
13 36 35
12 38 35
12 38 36
10 36 34
01 36 33
01 39 33
10 37 34
13 37 34
12 37 35
12 37 33
14 36 32
15 35 33
14 33 33
13 36 32
14 36 33
15 36 33
16 34 31
16 35 32
15 34 32
13 36 32
12 35 32
11 36 33
10 36 33
04 37 34
02 36 33
11 34 36
14 34 36
14 39 38
12 37 36
14 34 35
16 34 34
15 33 35
13 36 34
14 37 35
15 37 35
14 36 35
14 36 36
13 36 36
14 36 36
12 36 36
06 35 35
00 37 33
05 35 34
09 35 34
12 38 35
13 35 34
12 33 34
13 36 34
15 34 33
15 35 33
15 35 33
16 35 32
14 34 33
15 33 33
14 35 32
13 35 33
12 35 33
13 34 33
11 36 34
04 35 33
02 35 35
09 34 36
11 35 37
13 36 38
13 35 37
16 32 34
17 30 33
16 32 36
14 35 34
14 36 35
14 36 36
14 38 36
14 37 38
14 36 36
13 35 37
12 35 36
04 36 35
00 37 34
08 35 37
13 37 34
15 36 35
13 37 33
14 33 34
12 35 33
15 33 34
14 36 34
14 35 33
14 35 33
14 34 32
15 34 32
13 35 32
11 35 31
13 34 32
11 35 34
09 35 34
01 35 33
02 35 35
11 33 37
16 34 38
14 34 38
13 34 35
14 33 35
14 31 35
16 32 36
15 34 37
15 34 37
14 35 37
15 36 38
14 38 38
12 35 37
13 35 37
12 35 38
07 34 36
01 35 36
06 35 36
09 36 36
09 36 34
09 36 34
14 33 34
16 36 35
15 34 35
16 36 34
14 35 33
15 33 33
16 33 33
16 34 34
15 34 33
15 35 32
14 33 34
12 34 34
08 36 35
02 36 35
08 36 36
11 36 38
12 35 38
13 34 36
15 34 34
17 31 34
16 32 36
15 35 35
14 36 35
14 37 36
13 36 36
14 35 36
13 36 38
12 35 38
11 35 37
05 34 35
00 33 35
04 32 36
12 34 36
12 36 34
10 32 33
12 34 33
14 33 34
14 35 34
14 36 34
16 36 33
16 35 32
14 34 33
15 35 32
14 35 32
14 35 32
13 34 33
13 34 34
11 34 35
08 35 35
02 36 35
06 34 35
11 32 36
11 33 38
12 35 37
14 35 35
16 34 34
16 31 35
15 34 36
14 34 34
15 37 34
15 36 35
14 36 36
13 35 37
14 36 37
14 35 37
11 35 36
07 33 35
01 36 36
04 33 35
09 35 33
11 36 33
11 38 33
11 33 34
14 35 35
14 35 33
17 34 33
15 35 32
15 35 32
14 34 33
14 34 33
14 35 34
12 35 34
11 34 34
11 33 34
09 33 34
02 36 34
01 34 33
12 32 35
16 33 36
12 36 36
12 35 36
15 32 34
16 30 34
16 34 35
13 36 36
15 37 36
15 37 37
15 36 37
14 35 37
13 35 37
14 35 36
11 33 36
04 34 35
00 37 34
07 37 35
15 36 34
13 36 33
10 37 33
12 33 32
15 31 33
16 31 32
17 33 32
15 34 31
12 35 33
13 33 33
13 31 33
13 33 33
13 34 33
12 33 33
11 32 34
05 34 33
00 33 32
09 31 36
15 33 36
16 35 36
12 38 35
11 37 35
13 31 34
15 30 35
16 32 35
15 36 36
14 35 37
15 36 36
14 37 38
13 36 37
12 35 37
13 37 36
10 35 36
03 35 35
01 36 35
11 35 36
13 34 33
11 34 33
11 36 33
15 35 32
16 32 32
17 32 33
15 34 33
14 33 32
14 33 32
14 32 33
14 33 33
12 33 34
12 32 33
12 32 34
11 33 35
09 35 35
02 36 34
07 35 35
09 34 37
08 36 38
12 36 35
14 34 35
17 31 35
19 31 36
17 35 35
15 36 35
13 36 36
13 35 35
13 34 37
13 35 36
13 34 37
12 34 36
08 33 35
04 33 34
02 34 35
08 35 35
14 35 33
13 36 33
12 36 34
11 35 33
13 33 33
16 33 34
15 35 34
14 34 33
14 33 33
14 33 33
13 34 33
13 34 33
11 36 33
13 34 34
12 34 34
08 34 35
03 35 35
06 33 34
10 33 35
10 34 37
10 36 37
12 35 36
15 32 35
18 31 35
17 33 36
16 36 36
14 35 35
14 36 36
13 34 36
14 35 36
13 35 36
14 35 37
13 34 36
06 36 34
01 35 34
06 34 35
11 33 33
10 34 32
12 33 33
15 33 33
16 31 33
14 34 34
12 36 34
12 35 33
14 33 33
14 32 33
13 33 35
13 33 33
12 34 33
12 33 33
12 33 34
09 33 35
04 33 33
05 33 33
11 32 36
13 34 37
11 34 35
15 34 35
15 31 34
14 32 36
14 35 35
12 35 37
12 35 37
13 33 37
13 35 37
14 35 37
14 36 37
14 36 36
12 36 36
08 34 35
05 34 35
10 34 35
12 34 33
11 35 32
10 36 33
13 34 33
15 32 34
15 34 33
13 37 33
13 36 33
12 33 34
14 33 34
13 34 34
12 35 34
12 33 34
13 33 35
12 34 36
08 34 36
03 34 35
04 35 37
13 33 40
12 33 38
10 35 36
10 35 37
15 33 37
16 32 37
16 33 35
16 37 36
15 36 37
14 34 38
15 35 38
14 35 36
15 35 37
13 36 37
11 34 38
10 35 37
06 34 37
09 34 36
12 35 37
08 35 35
09 36 34
13 35 34
12 36 36
16 35 36
15 35 35
15 34 34
14 34 34
13 32 34
13 34 33
13 35 34
14 36 33
12 37 34
11 34 34
11 35 35
05 36 35
01 33 36
09 34 37
13 32 37
12 35 37
11 36 35
13 35 34
15 32 36
17 34 36
15 36 36
15 37 35
15 36 36
14 37 37
15 35 38
14 35 36
12 35 38
13 34 37
10 34 36
06 33 35
01 35 36
10 35 36
13 36 34
11 36 33
11 36 33
12 36 35
15 34 34
14 33 34
15 34 34
14 32 33
14 34 34
14 32 33
13 34 34
14 34 34
13 34 34
13 32 33
13 33 34
11 34 35
02 35 35
03 34 36
11 32 38
13 34 39
13 35 37
13 35 35
14 31 33
17 32 35
15 35 36
13 36 36
14 36 37
15 36 37
14 35 37
15 35 37
14 35 36
12 35 37
09 34 36
01 35 34
00 34 34
12 35 35
16 35 34
13 37 33
11 37 34
11 37 34
14 34 35
15 33 35
15 33 34
14 34 33
14 34 33
14 33 33
14 32 33
12 32 32
12 32 32
12 34 34
11 34 33
04 34 33
03 34 33
11 34 36
14 33 37
14 36 36
12 34 35
14 33 36
16 31 35
15 34 37
13 35 37
14 37 37
14 35 38
16 37 37
14 35 37
14 35 37
12 34 37
13 35 36
06 36 36
01 35 34
06 32 35
14 33 33
14 35 35
10 36 34
12 35 33
13 32 33
14 31 33
15 33 33
13 34 33
13 33 34
14 33 33
14 32 33
12 33 34
13 35 33
15 33 34
14 36 34
11 34 34
11 35 34
08 35 35
02 35 34
05 36 35
12 33 38
13 34 37
11 36 35
10 34 34
13 30 34
16 30 36
16 34 33
15 35 35
14 35 34
14 34 36
15 35 35
14 33 37
15 34 37
13 35 36
12 35 36
11 33 35
05 34 34
02 36 35
10 36 36
12 37 36
10 37 35
08 35 33
12 34 34
14 32 34
15 32 35
16 34 35
15 34 33
14 33 33
15 32 32
15 33 32
12 32 32
13 35 33
14 33 34
12 35 34
02 35 35
00 36 35
14 34 39
17 31 38
13 33 36
08 36 35
12 36 36
16 32 38
19 31 38
16 34 38
15 35 38
13 36 38
13 35 38
13 34 38
13 34 38
13 35 38
13 36 37
09 35 36
07 34 36
07 34 35
07 35 35
10 35 34
13 36 34
13 36 35
11 36 35
11 36 34
09 34 33
12 32 32
13 29 34
13 30 33
14 33 32
15 33 33
13 33 32
13 34 32
14 34 33
12 35 32
12 34 33
13 33 33
12 34 35
06 35 35
05 34 35
09 33 37
11 34 37
12 34 37
13 34 37
11 33 36
10 32 36
12 31 36
14 32 36
15 34 37
13 35 36
13 33 37
12 33 38
13 33 37
14 33 36
14 34 36
13 34 36
11 34 35
09 34 35
10 33 35
12 34 34
15 33 34
12 33 34
09 35 35
07 33 33
10 34 34
13 33 34
12 34 34
11 33 33
12 33 33
12 33 34
14 33 35
14 36 34
12 36 34
12 34 34
12 35 35
11 35 34
12 36 36
12 34 34
12 34 34
11 35 34
12 35 36
13 34 36
13 34 36
12 34 37
10 33 36
12 34 37
12 32 37
11 32 36
13 34 37
13 34 37
14 33 37
12 32 37
13 34 37
13 34 37
13 35 38
14 34 37
13 35 39
12 34 38
12 34 39
12 33 39
12 34 37
10 34 37
12 34 37
11 32 37
13 34 37
12 33 37
13 33 36
13 34 36
13 35 36
12 34 36
12 33 36
12 33 37
12 32 37
13 33 37
12 35 37
