14 36 36
14 37 34
14 37 34
15 37 35
15 37 36
11 39 36
12 38 37
12 37 37
12 37 36
12 35 38
12 35 39
13 36 40
12 35 38
11 35 35
12 35 35
10 36 36
12 36 35
12 36 34
12 34 35
14 35 35
14 35 35
13 37 33
13 37 34
13 38 33
11 39 33
14 37 33
15 37 33
14 37 33
09 38 31
06 36 32
08 36 31
11 38 32
13 36 31
14 36 33
13 36 32
12 37 33
12 37 32
12 38 32
13 38 33
13 38 32
14 37 33
13 37 33
14 38 34
13 37 34
14 37 34
10 37 35
09 37 34
11 36 34
09 35 35
06 37 35
05 37 34
07 37 34
10 37 37
14 33 34
15 33 36
14 32 36
16 33 37
16 33 36
16 35 36
15 31 37
17 33 38
17 36 37
16 35 37
16 36 35
16 35 36
15 36 36
10 38 36
09 38 34
06 39 34
03 39 34
02 38 34
04 39 35
08 39 33
12 36 34
13 35 34
13 37 34
12 36 33
16 36 33
16 37 32
17 35 31
16 37 33
15 37 31
15 35 32
15 36 33
15 37 32
11 37 33
09 36 32
09 37 34
10 37 35
09 36 35
07 36 33
07 37 32
08 37 33
10 36 35
11 35 35
13 34 34
14 34 35
17 36 34
17 36 36
17 36 35
18 35 35
17 35 37
18 36 37
16 38 37
15 39 35
15 39 35
12 37 36
11 38 36
09 39 36
10 39 36
07 36 35
01 36 35
00 40 37
04 38 37
11 37 35
13 35 33
14 35 35
13 37 34
14 38 33
17 34 33
18 35 32
18 34 32
15 36 33
15 37 33
16 37 32
17 36 33
15 35 33
12 36 33
10 37 34
10 40 35
10 37 36
06 34 35
05 36 33
05 36 37
12 36 37
14 32 35
15 34 33
15 34 34
17 36 35
19 38 36
20 38 35
18 39 36
18 37 38
15 36 37
14 36 37
13 36 37
13 35 37
10 36 38
08 36 38
07 37 37
06 37 35
02 37 36
00 39 38
01 40 37
10 38 35
14 34 34
14 35 33
13 36 33
14 35 32
17 36 30
17 35 30
16 36 30
15 36 31
15 37 32
14 36 31
14 37 33
16 37 33
15 37 34
11 39 34
11 39 35
10 39 36
07 37 34
04 37 33
03 38 35
10 36 38
13 34 36
13 35 35
15 36 34
16 37 35
18 36 35
19 37 36
18 38 35
17 37 35
16 37 36
15 37 36
14 37 36
14 36 37
11 38 37
10 38 36
10 37 36
07 37 35
03 37 36
02 39 35
06 38 36
10 36 34
11 39 35
11 38 34
13 36 32
16 35 31
17 34 32
18 35 32
17 35 32
16 36 31
16 37 32
16 36 33
15 37 33
14 38 33
11 37 33
10 37 31
10 37 34
09 39 34
06 36 33
03 35 34
09 36 33
14 34 35
12 36 35
12 36 35
13 36 36
16 34 36
17 35 36
18 35 36
18 36 35
16 36 36
15 35 36
14 35 36
13 36 36
13 38 36
13 38 37
09 37 36
08 36 34
08 34 34
02 36 34
02 37 34
06 36 33
11 34 33
12 35 33
13 35 33
15 38 32
14 36 32
16 34 32
18 35 32
17 37 33
17 36 33
14 35 32
15 37 32
14 36 33
13 37 32
11 37 32
08 37 32
11 36 34
08 36 34
08 35 32
07 37 34
08 37 36
11 34 36
13 35 35
14 35 35
15 36 36
17 37 36
18 35 36
18 35 36
17 36 36
15 36 37
14 35 37
14 36 36
15 36 36
14 36 37
10 39 36
09 40 35
09 39 35
08 39 34
03 39 35
03 41 34
10 39 33
09 39 33
10 40 34
11 38 32
14 37 32
15 34 33
18 33 33
20 32 32
17 29 33
15 32 33
13 35 32
14 37 32
13 39 31
12 39 33
10 39 33
09 37 33
10 38 35
05 35 33
06 35 32
07 38 33
10 36 35
13 33 34
14 35 34
15 35 34
16 37 36
18 37 36
19 36 35
19 37 35
18 35 36
14 36 38
15 37 36
13 37 33
11 37 35
10 37 36
08 39 35
08 38 36
09 38 33
06 37 33
01 41 35
05 40 35
10 38 33
11 37 34
09 37 34
11 36 34
13 33 32
18 34 31
18 35 32
17 37 31
16 33 30
15 35 30
16 35 32
16 37 31
13 36 32
10 37 30
10 37 31
09 37 33
08 35 33
06 35 31
05 35 32
09 36 36
14 34 36
13 33 34
13 35 34
15 36 36
18 36 36
18 34 34
18 35 34
17 36 35
16 35 35
15 35 36
14 38 34
13 37 36
12 36 34
09 37 35
09 38 35
09 39 34
07 38 34
03 41 34
02 41 35
06 40 35
10 36 34
11 39 34
11 39 34
12 39 32
16 35 31
19 34 31
20 36 31
19 36 31
18 38 31
18 37 31
18 37 30
17 37 31
15 38 31
11 38 31
10 38 31
09 38 32
07 38 35
06 37 33
05 39 33
09 39 36
13 36 36
13 37 35
12 36 34
13 37 36
17 37 35
20 36 37
19 36 35
18 36 35
16 37 35
14 35 36
13 38 34
13 37 35
12 38 36
11 38 36
08 41 35
10 39 35
06 39 35
02 40 35
02 43 36
09 39 34
09 34 33
08 34 32
10 37 31
15 36 32
18 36 33
18 36 32
19 37 32
17 38 31
18 36 30
17 37 31
17 37 32
16 38 33
14 38 32
11 39 32
11 38 33
10 37 34
07 36 33
04 37 33
04 39 34
08 38 36
12 37 36
13 35 35
14 35 34
16 36 36
17 38 36
19 37 36
19 34 35
18 36 36
17 39 36
15 41 35
14 40 34
15 38 34
11 37 34
09 38 35
07 36 36
06 36 34
02 36 34
00 40 37
02 40 36
08 37 35
11 35 35
11 34 36
13 35 33
15 34 33
17 32 32
18 34 33
17 36 32
19 37 31
16 37 31
17 38 31
16 38 31
15 38 33
14 37 32
09 37 31
08 39 33
07 38 33
06 38 33
02 38 33
06 38 35
11 37 37
12 34 35
15 35 35
15 34 36
18 38 37
19 35 35
20 34 36
20 35 39
18 38 38
14 42 35
13 41 34
14 38 34
11 37 34
11 36 35
09 37 36
08 38 36
06 36 34
01 36 35
00 41 36
07 39 36
12 36 34
11 37 35
12 37 34
11 38 34
16 35 33
16 35 32
19 35 33
16 38 33
16 39 32
16 39 32
17 38 33
16 38 34
16 38 32
14 39 32
14 38 32
12 39 33
08 36 33
05 38 31
04 39 32
08 38 34
11 36 35
12 33 34
13 35 33
15 36 34
17 37 36
19 36 37
19 38 36
18 38 36
15 38 37
14 38 37
12 39 37
13 37 37
10 38 37
08 38 37
06 35 37
06 37 35
05 38 34
03 40 36
05 40 35
10 37 32
10 36 33
10 38 34
10 36 34
11 33 33
15 30 32
15 30 32
18 36 31
16 37 30
14 36 29
16 37 31
15 38 32
15 36 32
15 37 32
12 37 32
12 38 32
10 38 34
07 37 33
04 37 33
05 37 33
08 36 35
10 35 34
10 35 33
14 37 35
17 37 35
18 37 35
19 38 36
18 39 36
17 29 41
15 43 39
14 43 36
14 40 35
13 37 36
10 34 36
06 35 35
08 37 34
07 38 34
02 40 34
00 40 36
07 39 34
12 36 32
12 36 34
11 39 33
13 38 32
16 37 31
18 34 32
18 35 31
17 36 32
17 36 31
17 37 31
18 37 32
18 38 32
15 38 32
14 38 33
10 38 33
09 39 34
08 38 34
05 37 33
02 38 33
03 39 34
10 37 35
13 33 34
14 35 35
15 36 35
17 38 36
19 38 36
19 37 35
19 38 35
19 39 36
16 37 36
14 38 34
13 38 35
12 37 36
10 38 37
08 39 37
09 39 37
07 37 35
02 39 35
02 40 35
09 38 34
09 37 35
10 36 35
10 36 36
13 37 34
15 38 33
18 34 33
18 35 33
16 36 33
16 37 33
15 37 31
17 37 32
17 37 33
15 38 32
12 38 32
10 37 33
11 37 34
08 37 34
05 37 33
04 39 35
10 38 36
11 36 37
12 35 36
13 36 36
13 36 36
15 37 36
18 37 36
17 37 36
19 37 35
18 38 35
17 38 36
15 39 36
12 39 37
11 37 37
08 37 37
07 38 37
07 36 36
05 38 36
01 40 36
03 40 35
10 38 33
11 36 31
09 38 35
10 35 33
13 32 30
16 31 32
18 34 30
15 35 31
16 36 30
17 36 29
16 37 29
17 37 31
17 37 31
16 36 32
13 39 32
11 39 34
10 38 36
04 37 35
04 37 33
04 38 34
10 36 37
11 36 37
11 36 35
11 38 35
14 39 35
18 39 35
18 37 35
18 36 34
20 39 35
18 38 34
16 37 34
14 37 35
12 37 36
11 38 36
09 38 37
07 37 37
07 37 35
04 38 35
01 43 37
03 42 36
11 40 33
12 37 33
11 40 32
13 37 32
14 36 29
16 36 30
18 35 30
18 36 29
18 37 31
18 38 31
17 38 31
16 37 31
16 39 32
13 39 33
11 37 31
10 38 34
11 38 35
07 38 32
04 38 32
04 38 34
10 39 36
13 36 35
12 37 35
14 38 35
17 37 35
18 37 35
19 38 36
19 37 35
18 38 35
17 37 36
15 39 36
14 39 34
12 38 35
11 38 35
10 39 35
08 39 36
08 38 35
03 38 35
01 41 37
05 40 34
11 37 34
13 35 34
11 37 31
10 37 33
12 36 30
14 36 30
16 34 30
17 36 31
16 37 30
16 37 31
17 37 31
18 37 31
18 38 33
16 39 32
15 39 31
11 39 33
10 40 34
09 39 34
06 37 33
02 39 33
03 38 34
11 37 35
14 36 35
14 37 34
15 38 35
17 39 35
17 37 33
19 38 35
19 39 35
18 38 35
17 39 35
13 38 35
13 38 34
12 38 35
10 39 34
09 38 35
08 37 34
07 37 34
04 38 34
01 36 32
05 37 30
09 38 31
10 38 32
11 40 31
14 40 30
18 33 29
18 30 27
17 30 29
18 34 29
16 35 29
15 37 28
14 37 29
14 37 30
14 37 30
10 36 30
10 37 30
10 38 32
11 37 33
10 36 32
05 36 31
05 37 31
10 36 34
14 37 34
13 35 32
14 36 33
17 38 34
18 38 34
20 36 34
17 37 33
15 37 33
12 37 36
11 39 36
13 40 34
16 38 35
16 37 34
13 36 35
12 37 34
12 36 32
11 37 31
06 38 33
01 38 31
01 40 32
06 37 33
14 37 34
17 37 33
13 38 35
11 33 35
10 32 30
14 28 30
12 31 31
11 35 29
14 38 29
15 39 29
16 37 29
16 37 30
14 36 32
12 36 30
11 36 31
12 37 33
09 37 33
08 37 32
06 36 34
08 37 34
10 36 35
16 34 35
18 33 35
16 36 34
16 37 35
16 39 35
16 36 36
15 37 35
15 38 35
14 37 37
14 38 35
12 39 36
12 37 36
10 38 36
12 38 35
12 38 35
10 38 34
08 38 34
08 37 34
12 37 33
16 36 33
14 37 35
10 37 34
05 37 30
05 34 30
07 36 32
10 36 32
14 37 33
16 35 34
15 36 33
13 33 32
13 35 31
12 38 33
08 39 34
09 39 32
11 37 32
11 38 33
13 39 34
13 40 33
13 40 33
12 42 31
11 41 33
10 41 32
09 41 33
13 40 32
14 41 34
16 40 35
18 41 34
18 40 36
17 40 37
16 39 37
14 40 38
15 38 37
14 37 38
14 39 39
15 38 41
14 40 41
14 38 42
14 39 41
14 37 41
15 37 41
13 36 41
14 39 40
15 38 39
14 37 38
12 38 39
10 36 40
11 36 40
13 40 39
16 41 38
15 39 36
15 38 35
15 37 35
15 39 35
13 38 35
12 37 36
10 37 35
10 37 34
11 37 34
12 37 34
12 39 35
13 38 35
15 38 35
13 39 34
