14 40 40
14 40 40
14 40 40
15 40 41
13 39 41
14 39 41
14 39 41
16 39 41
15 39 40
15 39 41
15 39 40
15 38 41
15 39 41
14 38 41
14 40 41
14 40 40
15 38 41
15 39 40
14 39 41
15 38 41
14 39 40
15 39 41
15 39 40
14 39 41
15 39 41
15 39 40
14 38 41
15 38 41
15 39 42
15 40 41
15 40 42
14 39 42
15 40 42
15 40 43
16 41 42
15 40 44
14 40 42
15 41 44
16 42 44
16 41 45
17 39 44
18 40 46
19 38 45
18 40 46
19 39 45
21 41 46
19 40 46
21 42 48
20 42 47
22 41 47
22 44 48
23 43 48
23 43 47
23 44 47
24 43 47
25 42 47
24 42 47
23 44 49
25 44 49
25 44 50
27 44 51
28 45 50
30 44 49
30 44 49
32 44 49
31 45 48
31 45 47
32 44 48
32 44 47
33 42 48
33 40 48
33 42 48
31 45 49
31 43 49
31 41 50
33 40 51
32 40 51
32 43 51
33 39 50
33 40 50
34 39 50
34 40 51
34 40 51
34 40 52
37 40 52
35 41 51
35 40 52
34 39 51
34 39 52
34 40 51
35 41 51
34 44 51
33 43 50
34 43 50
35 42 50
35 43 50
35 44 50
35 44 50
36 45 49
33 44 48
33 45 49
32 45 48
32 45 48
34 43 48
32 43 49
33 43 50
32 45 49
31 45 50
32 45 50
32 46 51
33 46 50
33 46 51
32 46 49
33 44 50
34 44 50
34 45 49
36 45 50
35 44 50
34 44 50
34 45 50
33 43 50
33 42 49
33 41 50
32 40 51
33 40 51
33 39 52
34 39 52
34 39 52
34 41 52
34 41 51
34 40 51
36 40 51
33 40 50
35 40 50
34 40 51
33 39 52
35 40 51
33 40 52
33 39 52
32 40 51
32 41 52
34 41 53
33 43 54
31 44 53
31 45 54
31 43 53
29 43 52
29 43 52
28 42 51
28 43 49
30 44 49
31 45 49
30 42 47
30 42 49
32 43 49
32 42 50
31 41 49
31 42 50
32 43 50
31 43 51
31 43 51
32 43 50
33 43 52
34 42 51
34 44 51
33 43 51
33 43 51
33 45 50
34 44 50
36 43 51
34 44 51
33 43 51
31 40 53
32 41 50
32 40 50
32 40 50
32 41 51
30 38 52
31 41 51
31 41 52
32 40 50
33 41 51
32 40 51
33 40 51
31 40 52
32 40 51
34 40 52
33 40 51
33 40 52
32 41 51
32 39 53
34 41 54
33 43 55
31 44 55
30 43 54
32 40 52
33 42 51
34 41 50
34 41 50
33 44 50
32 43 51
31 44 51
33 42 49
33 42 50
34 41 49
32 42 49
33 41 49
32 41 49
33 42 50
33 42 51
34 41 52
33 42 53
34 40 54
34 42 54
34 41 53
33 41 54
33 43 54
30 43 53
30 43 51
29 41 50
27 41 50
28 40 50
28 41 50
30 39 52
30 41 53
31 40 51
30 39 51
31 38 51
31 39 50
32 39 50
32 40 51
32 39 52
31 38 52
31 38 53
32 39 53
32 40 52
34 38 51
32 39 52
35 42 53
33 42 54
31 44 53
32 41 50
33 40 50
32 41 50
32 42 51
29 42 52
31 44 53
31 41 52
32 41 52
32 40 50
32 40 49
31 39 49
31 40 50
31 42 50
31 43 50
31 41 50
31 42 51
32 42 51
32 42 52
32 43 53
30 43 54
29 42 53
30 39 50
30 40 49
29 39 49
29 39 49
30 40 51
30 40 51
31 38 50
29 38 50
31 39 51
30 41 51
30 39 51
31 40 51
29 40 51
29 41 52
28 41 53
26 41 53
28 40 53
30 42 55
25 43 54
24 44 54
25 42 49
28 42 47
28 41 48
29 43 47
28 45 49
26 47 49
28 43 51
29 41 49
30 40 48
30 42 48
29 43 47
30 45 48
30 46 48
32 46 49
32 46 49
33 46 49
32 46 49
34 48 49
34 46 50
33 47 49
33 47 52
31 46 54
30 44 53
28 43 51
26 41 50
26 40 48
29 40 48
29 40 49
29 41 50
30 39 50
30 38 49
31 39 49
31 40 49
31 41 50
30 41 51
29 41 50
30 41 50
30 41 53
31 41 52
29 42 53
30 41 52
32 43 52
32 46 52
28 47 52
29 46 50
30 43 49
30 42 49
29 43 50
27 43 49
27 44 49
28 43 49
30 41 48
31 41 46
30 41 47
31 43 48
30 43 48
31 42 50
31 44 50
30 43 52
30 44 53
30 46 54
31 44 53
27 43 53
27 42 53
26 43 52
26 44 50
25 43 49
25 42 47
26 42 47
28 44 49
29 41 49
28 40 48
29 40 48
30 40 50
31 41 50
30 41 51
30 42 51
30 42 50
29 42 51
28 43 51
28 42 51
30 42 52
30 44 52
28 46 53
24 48 51
25 43 47
27 44 46
27 42 45
26 41 45
28 42 46
26 43 46
25 46 49
26 46 48
27 45 47
28 43 48
26 43 49
27 45 49
27 45 49
27 44 50
27 44 50
26 46 51
26 45 51
26 45 50
26 43 51
25 46 50
23 46 50
22 43 49
18 43 48
18 44 45
19 42 45
22 41 45
23 40 46
24 41 46
25 40 46
24 41 47
25 41 48
25 41 48
25 42 49
24 40 48
24 41 47
23 40 49
23 43 49
23 41 50
25 41 50
23 40 50
22 44 50
20 45 51
18 47 50
20 42 46
22 42 44
23 42 44
25 44 44
22 45 46
19 47 47
19 45 47
23 43 47
23 43 45
23 43 43
22 44 42
21 43 43
21 43 45
21 45 46
23 43 47
24 44 46
24 43 48
23 45 49
23 44 49
24 45 49
21 45 49
21 45 49
21 45 48
19 42 46
19 41 45
17 41 42
17 39 42
19 39 43
18 41 44
19 41 47
20 41 45
22 40 45
22 43 47
22 42 47
21 43 47
22 44 47
20 43 46
20 42 46
20 41 46
19 41 45
21 42 45
20 42 45
22 41 45
22 42 46
20 43 47
18 46 47
17 45 44
20 42 44
22 41 44
22 42 43
21 44 44
19 44 45
19 46 45
20 44 44
21 45 44
22 46 44
21 46 43
19 46 42
20 46 43
21 47 41
20 46 42
19 46 42
18 47 42
20 46 42
20 46 41
19 45 42
19 45 42
17 45 42
19 46 42
19 47 42
19 45 42
18 45 42
19 45 42
21 45 42
21 46 43
21 45 43
22 46 42
20 44 43
19 46 42
20 46 42
20 44 43
20 47 41
21 47 42
19 45 42
20 45 42
19 46 42
19 46 43
19 45 42
21 46 43
20 46 43
20 45 43
20 45 42
19 45 42
21 45 43
21 45 43
21 46 43
20 46 43
19 46 43
19 44 42
20 44 42
21 46 43
19 45 43
19 46 42
19 46 43
19 46 41
21 45 42
21 46 43
20 47 42
19 46 43
19 46 42
19 46 42
19 46 43
19 45 41
19 47 43
19 45 43
20 45 42
20 46 43
19 46 42
20 45 42
19 45 43
20 45 43
19 46 42
19 45 44
21 46 43
20 45 43
19 45 44
20 45 43
20 45 44
19 44 43
20 45 43
21 45 44
19 44 44
20 45 45
21 44 44
22 44 44
21 45 45
21 45 45
21 44 46
21 44 45
23 44 46
22 43 46
23 44 46
22 42 46
22 44 47
23 43 47
23 43 47
22 43 47
22 41 48
22 41 48
22 41 48
22 40 48
22 41 47
21 41 48
23 40 49
23 41 48
23 40 49
23 42 48
22 40 48
23 41 49
24 40 48
