16 38 34
15 38 34
13 38 34
12 40 33
13 39 34
13 38 33
12 38 34
13 38 33
11 37 34
12 37 35
12 37 35
11 36 36
13 38 36
13 37 36
13 37 37
15 35 36
14 34 36
13 35 35
13 37 35
11 35 36
12 35 36
13 37 36
14 36 37
14 36 36
14 35 37
13 36 37
13 35 37
12 36 37
12 37 36
14 37 36
15 38 37
14 38 37
15 38 36
15 38 37
15 37 36
15 38 36
15 39 36
13 38 36
10 36 34
06 38 35
03 38 33
07 37 34
09 37 36
15 37 36
15 37 35
13 37 36
11 36 35
11 38 34
14 38 34
14 38 34
13 38 33
13 39 34
14 40 33
13 39 33
14 38 33
14 40 33
13 39 34
13 39 34
13 38 35
11 38 35
07 37 34
04 36 34
09 37 35
15 37 37
16 35 37
15 36 37
15 35 36
13 36 37
13 38 36
15 36 36
15 36 37
15 37 36
13 36 36
12 38 36
13 36 35
12 37 34
13 36 35
14 36 34
14 37 35
14 37 35
12 37 36
13 36 34
12 36 35
12 35 36
13 34 36
08 36 34
01 38 34
05 39 33
12 39 35
15 37 37
14 36 35
14 35 34
11 36 34
11 36 32
11 37 33
12 38 32
14 36 32
14 36 33
14 36 33
15 37 34
13 38 34
13 38 34
14 37 35
12 39 35
11 37 35
09 38 35
06 37 34
03 38 33
10 38 34
16 40 37
15 34 36
14 33 34
12 34 35
13 37 35
13 35 35
15 34 35
15 36 36
15 36 36
15 36 38
15 35 37
15 36 37
15 37 37
16 37 37
14 37 37
10 36 37
08 37 36
01 37 36
02 37 35
07 39 34
12 37 35
12 38 36
13 37 35
10 36 34
12 35 33
13 35 33
14 36 34
15 36 33
18 36 33
18 36 33
17 36 34
16 36 35
16 38 34
14 38 35
10 38 35
08 39 34
04 39 33
01 38 33
07 39 33
18 40 37
18 37 37
12 34 34
12 32 33
14 35 35
15 36 35
17 37 35
16 35 35
17 35 35
16 37 35
15 39 35
14 38 36
14 37 38
15 39 38
11 39 38
10 36 36
03 39 35
00 41 35
06 40 35
13 38 35
12 35 34
11 35 33
13 36 33
15 36 33
17 36 33
16 34 32
15 37 31
16 37 32
17 37 33
16 38 33
15 38 35
14 39 34
10 38 35
10 38 34
09 37 36
01 38 33
02 36 32
15 37 37
14 37 37
12 34 33
13 32 33
15 34 35
15 36 35
16 34 35
17 34 35
15 35 36
14 37 36
15 36 35
14 38 37
13 38 37
14 38 37
13 38 38
11 38 38
06 38 36
01 41 35
04 40 35
10 37 35
12 37 34
13 38 34
13 37 33
15 36 32
15 38 32
14 37 33
15 36 32
16 37 33
14 37 35
16 37 34
16 38 34
14 38 34
14 37 35
11 36 33
07 38 34
03 38 33
01 35 32
13 34 34
15 35 36
13 33 33
11 34 34
14 36 34
16 38 34
16 38 36
16 36 35
18 37 37
16 36 37
14 38 36
15 38 37
15 37 37
15 37 37
12 36 37
09 35 36
09 36 34
02 40 34
02 39 34
07 38 34
12 36 34
11 36 34
11 36 32
13 36 32
14 38 32
15 35 33
16 34 32
16 37 32
15 36 31
16 36 31
16 36 33
17 38 35
11 38 35
09 39 34
08 39 35
02 40 33
02 39 33
11 37 35
14 37 36
12 34 35
11 33 33
13 34 33
14 34 34
16 35 34
19 35 35
17 33 37
17 35 36
16 36 36
15 36 36
16 37 36
14 38 37
13 38 37
10 38 36
06 39 36
00 40 35
03 40 35
12 41 36
12 39 37
12 38 36
12 37 33
14 38 34
15 38 34
17 36 33
16 36 34
15 37 32
16 36 31
16 36 33
17 37 34
16 38 34
13 37 34
10 38 34
05 39 35
00 40 34
05 37 34
15 37 36
15 35 37
10 35 34
12 34 34
14 36 35
16 36 35
17 37 36
17 35 35
18 36 35
16 36 36
17 37 35
16 38 38
16 38 37
15 39 37
12 38 39
10 36 37
04 39 37
00 42 35
05 40 35
12 39 35
12 39 34
11 38 35
13 37 34
14 39 34
15 38 33
16 37 32
17 37 33
16 38 34
16 38 33
16 38 34
15 39 35
14 39 34
10 38 33
09 39 34
05 40 34
01 39 34
06 37 34
16 38 37
16 35 35
13 34 34
13 33 33
14 37 35
17 36 36
17 38 36
19 37 36
17 38 35
18 38 36
16 39 35
15 39 36
17 39 36
15 38 37
13 37 37
11 38 38
08 38 35
00 40 35
01 40 35
11 40 36
12 39 35
12 39 35
11 39 34
15 39 35
15 40 35
15 39 34
17 38 34
17 39 33
16 39 34
16 39 33
15 38 34
16 37 33
12 39 35
11 36 34
07 38 34
02 39 33
03 38 33
13 39 35
15 35 36
11 33 35
11 33 34
15 36 36
17 37 35
17 36 36
17 36 36
17 37 36
17 38 36
15 39 37
16 38 36
15 39 37
15 39 38
11 39 39
08 37 36
02 40 36
03 39 36
07 41 36
11 38 35
11 38 35
11 38 34
12 38 34
13 39 32
17 39 33
17 38 33
15 37 32
15 36 32
16 36 33
14 36 34
16 37 33
13 37 33
12 38 34
09 38 33
07 38 34
01 37 32
05 37 31
15 38 37
14 36 35
12 36 33
13 33 34
14 37 37
15 37 35
16 37 36
17 36 39
16 35 36
17 37 35
16 37 36
17 37 36
15 39 36
14 38 37
10 38 37
09 39 36
05 38 35
01 40 35
06 40 35
11 38 35
13 39 34
12 39 33
12 38 33
14 39 35
16 38 34
15 38 34
17 37 33
16 36 33
16 37 33
15 37 34
17 37 33
16 37 34
12 37 35
09 37 33
09 37 33
04 37 34
00 36 31
11 39 36
15 36 37
12 35 34
11 33 34
13 36 35
14 37 35
15 37 36
17 36 36
18 35 36
17 36 36
16 39 36
16 38 37
16 37 36
15 40 38
12 39 38
10 37 36
02 39 36
00 41 36
04 39 36
11 37 35
12 38 34
11 37 34
14 35 34
15 36 33
15 37 31
17 37 32
16 37 32
18 37 33
17 37 33
16 38 33
16 38 34
15 37 33
09 38 34
08 37 33
04 39 34
00 40 33
10 38 35
17 37 36
14 36 35
11 33 34
14 35 34
16 37 36
17 38 35
16 36 36
17 37 36
16 37 36
16 37 35
15 37 37
15 36 36
16 38 36
15 38 37
10 38 37
09 37 36
04 39 35
00 40 36
07 39 35
13 38 35
12 39 35
11 38 34
14 37 33
15 39 34
15 38 35
17 36 34
16 36 34
15 38 34
17 37 33
16 38 34
15 38 34
13 38 35
12 38 35
10 38 34
06 39 34
01 37 33
10 37 34
15 38 37
12 37 36
10 35 34
14 33 34
15 35 35
16 38 36
19 36 35
17 37 35
17 39 36
14 38 37
14 39 37
16 39 37
15 40 38
13 39 39
11 39 38
07 39 37
02 40 36
04 39 37
10 39 36
13 36 34
10 37 33
11 36 33
12 36 33
13 37 31
15 35 30
17 34 32
17 36 32
17 37 32
17 36 34
16 38 35
15 37 35
14 37 34
12 38 36
10 39 36
08 39 35
02 39 35
07 38 33
17 38 37
12 37 36
09 37 32
14 33 32
15 36 34
16 36 34
16 35 34
16 35 34
16 35 35
14 37 35
14 36 36
15 36 36
15 37 37
14 39 38
11 36 36
09 36 35
05 40 36
02 38 34
08 38 33
11 36 35
09 36 34
11 35 31
11 35 32
14 35 31
16 36 32
17 35 32
17 35 33
18 38 33
16 37 32
16 37 33
16 37 33
11 37 33
08 38 33
07 38 35
00 39 33
06 38 32
12 37 35
11 36 34
10 32 32
14 34 33
14 34 35
14 36 34
16 35 33
17 35 34
19 36 35
17 37 38
17 37 37
16 38 37
16 39 37
17 39 38
12 42 38
10 40 35
02 41 37
00 40 34
09 41 36
09 41 35
10 41 36
12 37 33
14 36 33
17 38 34
18 37 34
18 38 33
19 37 33
18 37 32
16 39 34
16 39 34
16 39 34
13 38 35
10 37 34
06 38 35
00 39 33
06 38 33
15 37 38
12 35 36
11 35 34
13 34 35
16 36 35
17 38 36
17 37 35
18 35 36
17 36 35
16 37 36
16 38 36
17 37 36
16 38 36
13 39 38
11 40 38
08 38 36
00 40 35
04 39 35
09 39 36
09 40 35
10 37 35
11 36 35
13 37 34
16 38 34
15 39 33
17 36 34
17 37 33
17 38 34
17 39 34
17 39 35
16 38 34
16 38 34
11 38 34
09 39 35
07 39 34
00 39 33
08 38 34
16 39 36
14 36 36
11 34 34
12 35 33
14 37 35
16 38 36
16 37 35
16 35 35
17 36 36
16 39 36
17 38 37
15 38 37
17 39 36
13 39 38
11 39 37
09 39 36
02 41 34
01 39 36
09 39 36
12 39 36
10 39 34
10 37 34
13 36 33
14 38 33
15 37 33
17 36 33
17 37 33
18 39 33
17 39 33
15 39 34
17 40 34
16 39 34
12 39 35
09 39 35
06 38 35
02 40 34
03 39 32
13 39 36
13 38 36
12 34 34
11 33 33
14 35 35
15 37 37
17 38 35
19 34 36
17 36 37
17 36 35
15 37 36
16 37 37
16 38 38
15 38 37
12 39 38
08 38 36
04 40 34
01 42 36
05 40 35
11 39 35
13 40 34
11 37 34
14 38 34
15 39 33
16 38 34
18 37 33
15 37 34
18 38 33
17 39 34
18 38 33
15 39 34
15 38 35
11 38 35
12 37 35
07 37 34
00 39 34
07 35 33
15 38 36
13 37 36
10 36 35
13 34 35
15 36 35
16 37 36
17 36 36
19 35 36
17 37 36
15 37 37
16 39 37
17 37 37
17 38 37
12 38 37
12 39 38
09 38 37
03 40 36
01 40 37
07 40 35
12 39 35
12 37 36
12 38 34
13 38 34
14 39 34
16 36 34
17 37 33
17 37 33
16 37 33
16 38 32
17 37 34
15 37 34
15 39 35
12 38 36
08 39 35
05 39 35
00 39 34
08 39 35
15 38 37
12 36 36
13 34 35
13 33 35
15 38 36
16 37 36
19 37 36
18 37 36
16 36 36
17 38 37
14 39 36
16 38 37
15 39 37
12 39 38
12 40 37
09 38 36
00 41 36
03 41 35
10 39 35
13 38 35
12 38 34
11 38 34
12 38 34
15 38 34
16 37 34
15 37 33
16 38 33
16 38 32
16 39 33
16 39 34
17 38 34
14 39 34
12 39 34
11 39 34
09 40 35
02 39 35
04 38 33
13 39 37
15 39 36
14 35 34
12 33 34
14 37 35
16 38 36
17 37 35
17 39 37
17 37 36
17 38 35
15 39 36
16 38 36
16 38 36
15 39 37
14 39 37
12 38 39
07 40 35
01 40 36
06 39 37
10 39 37
12 38 36
11 38 36
11 37 34
11 36 34
14 36 34
16 39 34
15 38 35
16 37 33
15 38 34
15 37 34
15 37 33
16 39 35
15 40 36
14 38 35
12 39 36
10 39 36
04 39 35
04 39 35
12 39 36
17 39 38
16 37 37
12 34 36
12 36 35
13 38 36
17 40 36
17 38 38
16 37 36
16 37 36
16 38 38
16 39 37
16 39 37
16 39 38
17 39 38
16 39 37
15 39 38
13 39 37
06 39 35
00 41 34
06 40 35
12 39 35
15 39 36
15 36 35
12 36 34
10 38 34
12 37 33
12 39 33
11 37 32
13 37 32
15 39 33
15 38 33
14 38 32
13 38 34
14 39 35
13 39 35
13 42 35
13 40 37
12 40 38
13 40 37
13 39 38
14 40 39
13 39 39
16 39 40
14 39 39
16 38 40
16 40 41
17 40 40
16 41 38
16 39 40
16 40 38
15 40 37
