34 41 50
34 41 50
34 40 50
34 41 51
36 38 47
36 36 46
37 36 44
36 37 46
34 41 49
34 39 42
30 41 48
27 41 46
24 43 47
19 47 51
16 42 43
13 44 45
11 44 46
12 42 40
12 43 42
12 43 43
08 40 39
06 40 40
05 42 39
06 43 37
10 40 36
15 40 34
12 38 33
10 38 34
10 38 34
10 38 34
10 38 34
12 38 33
12 38 31
11 39 32
13 37 32
13 37 32
13 36 32
13 38 33
12 38 32
12 38 32
10 37 33
08 37 34
09 39 37
14 36 38
18 37 39
16 38 39
14 37 37
13 37 35
14 37 36
16 37 38
15 38 37
13 39 39
15 42 39
13 43 40
15 43 40
15 46 40
15 47 40
13 49 39
12 47 38
11 49 38
06 56 38
06 50 38
11 49 36
15 53 37
15 50 40
14 52 41
15 51 42
17 49 42
20 47 43
22 45 43
22 43 43
21 44 42
22 41 46
22 40 44
22 38 46
21 35 45
21 32 44
20 31 43
18 30 44
17 30 42
16 31 43
15 30 43
15 28 39
14 29 45
14 27 42
15 28 45
16 25 47
18 20 43
19 32 47
18 21 43
18 25 46
16 29 50
16 27 49
14 26 46
11 29 40
15 28 33
15 31 32
15 31 34
17 36 37
16 33 39
16 29 44
16 31 45
19 35 49
19 34 53
15 37 52
15 42 50
14 42 48
13 45 47
12 42 44
13 49 43
16 48 40
15 43 41
13 42 40
14 42 41
14 43 38
13 40 37
14 38 37
12 37 35
11 36 33
12 36 34
12 37 36
13 38 36
12 38 36
08 36 36
06 36 35
05 35 32
01 39 30
08 39 33
15 39 35
10 36 33
10 34 32
14 36 30
16 35 31
18 37 33
20 37 34
20 38 33
19 38 34
19 39 35
17 40 35
15 40 34
11 36 33
04 38 36
02 51 38
03 37 38
01 41 40
10 42 41
12 42 39
09 40 37
08 39 32
10 39 30
12 37 31
14 36 31
16 36 31
17 36 31
15 37 31
16 37 32
15 37 32
14 37 32
11 39 32
08 39 33
04 40 32
07 41 35
13 43 41
18 44 43
13 45 41
10 42 38
12 40 40
13 40 40
14 40 41
15 41 43
16 43 41
18 41 42
17 41 44
17 41 42
18 41 41
18 40 43
16 40 41
15 43 42
18 43 40
17 44 39
19 40 39
17 41 38
16 41 38
16 41 37
17 38 40
18 40 43
18 41 44
20 39 46
20 41 47
21 40 48
18 43 48
21 39 48
20 41 50
22 41 50
19 41 47
17 42 45
11 42 41
14 39 43
19 39 39
24 42 38
23 43 43
24 40 41
21 42 41
19 45 44
17 44 45
16 41 42
14 42 43
12 43 39
07 42 37
08 39 42
07 34 39
00 37 36
04 35 38
13 34 40
15 35 41
16 35 39
12 33 38
13 35 37
14 36 37
14 36 38
14 35 38
15 34 36
17 35 36
18 37 36
16 37 35
12 37 36
11 38 35
09 38 36
08 39 36
05 40 35
01 40 37
06 38 37
09 36 35
08 35 33
09 36 33
08 36 34
10 37 34
13 36 34
13 38 34
16 37 33
17 37 32
18 37 33
18 36 34
16 36 34
15 35 33
10 37 33
07 35 32
05 37 31
10 37 34
15 36 38
12 38 39
09 38 37
11 37 35
15 35 36
18 36 35
17 36 35
17 38 36
16 39 36
16 38 37
16 38 36
15 38 36
13 38 37
11 38 38
07 39 39
02 38 37
01 39 38
05 38 39
15 36 38
12 40 38
07 37 35
05 36 34
07 35 33
09 37 33
12 36 32
15 36 33
15 38 32
16 37 33
18 36 33
18 36 33
19 38 32
16 40 33
11 38 35
10 33 35
05 33 34
07 34 35
07 33 37
07 35 38
08 37 38
10 35 37
13 33 37
15 36 36
19 38 36
19 37 36
19 37 36
18 38 35
17 38 35
14 38 35
11 38 34
06 38 34
01 41 38
01 43 40
05 40 41
12 38 39
14 38 36
10 38 36
07 36 34
09 35 31
12 37 32
14 37 33
15 38 34
15 38 35
17 36 35
18 37 35
17 36 34
16 36 34
14 36 33
12 37 32
10 41 33
07 39 36
01 35 34
10 38 36
08 38 33
02 34 46
10 43 41
15 42 35
19 39 35
21 39 33
23 38 33
23 40 34
22 38 34
20 41 36
17 41 36
14 43 35
11 43 35
05 44 40
01 52 53
00 46 42
05 43 37
14 41 35
15 36 31
14 34 27
11 37 29
12 44 30
16 35 33
16 34 33
17 37 32
13 39 33
12 37 32
13 37 33
15 38 34
17 38 37
15 40 37
13 39 36
11 38 39
07 37 39
03 40 38
05 42 37
12 42 36
11 42 35
12 40 33
14 39 35
15 40 35
19 38 37
19 37 38
19 39 38
16 38 37
15 39 38
16 42 38
17 40 40
16 40 39
14 40 39
14 40 38
09 42 38
08 43 38
09 43 38
13 42 36
14 41 35
16 42 36
14 41 34
13 41 34
12 41 33
12 41 34
12 42 34
14 43 34
13 43 34
13 43 34
15 42 34
15 42 35
17 42 35
17 42 35
17 44 37
16 43 39
13 43 40
10 44 39
09 45 41
11 41 41
13 38 41
14 41 40
13 39 38
16 38 38
18 37 37
21 38 38
21 39 39
19 41 37
18 44 39
19 45 41
20 44 41
19 43 40
18 43 40
18 42 41
19 41 39
17 42 41
15 45 40
08 47 40
05 45 39
06 41 39
07 42 36
10 41 34
12 41 33
11 39 34
13 38 33
15 39 34
14 38 33
15 38 33
16 38 33
15 39 33
15 39 33
14 42 33
13 40 33
13 41 34
15 41 33
11 42 33
09 41 33
06 42 31
04 42 32
11 40 35
17 37 35
12 37 34
10 35 35
11 35 32
14 34 34
16 37 35
18 36 36
18 36 35
17 34 37
15 37 39
16 36 38
16 37 39
14 38 37
11 39 36
08 38 37
05 38 37
01 41 38
04 42 39
12 36 36
12 36 36
11 38 34
10 36 32
09 36 33
10 36 33
13 36 32
14 36 33
15 37 31
15 37 32
15 36 33
15 37 33
16 37 33
14 35 33
14 37 34
10 36 34
06 36 34
08 37 34
11 36 36
12 38 37
09 41 36
10 38 35
11 35 38
13 39 45
18 40 43
20 35 40
17 36 38
17 36 37
17 37 36
18 38 36
14 39 38
10 34 43
06 35 48
07 47 38
10 44 36
15 40 35
17 38 33
15 40 32
13 40 32
11 39 31
13 39 30
14 37 30
14 37 29
14 39 30
11 38 30
12 39 32
11 38 31
11 38 31
09 37 31
07 36 31
11 34 31
10 35 30
11 33 33
14 34 35
13 33 36
13 31 34
12 33 34
12 32 34
14 32 36
12 32 37
13 30 37
13 33 36
13 34 36
13 32 36
13 33 36
15 34 37
16 34 38
15 34 37
15 35 41
13 37 39
12 36 38
12 37 39
09 37 38
06 37 39
08 37 37
08 36 35
11 35 36
12 38 34
14 37 33
13 38 33
12 38 33
14 37 33
14 36 31
15 38 32
14 37 32
13 37 33
13 37 34
14 38 33
12 38 34
14 37 35
13 38 35
13 37 36
11 36 37
10 37 35
09 36 34
04 37 33
02 35 33
08 34 32
11 27 36
09 35 36
12 37 35
12 35 35
15 35 34
16 36 32
14 40 32
16 39 32
16 40 33
17 41 35
20 39 36
21 38 37
18 41 38
16 41 41
15 43 41
13 44 39
10 48 35
04 44 36
01 43 37
06 36 37
10 37 34
09 36 31
10 35 31
08 36 31
11 39 32
12 37 32
13 36 32
15 37 32
17 38 31
18 39 33
19 38 32
18 38 32
16 38 33
13 36 33
10 37 33
06 35 33
05 37 34
02 37 34
09 36 36
13 36 37
11 37 36
10 36 35
13 34 34
14 35 34
16 36 36
19 37 35
17 38 35
18 38 35
17 38 35
14 38 33
13 37 36
11 35 34
11 37 35
08 37 38
07 38 37
03 37 36
03 38 36
10 36 36
10 37 33
08 34 30
11 34 30
13 35 32
13 36 33
15 38 33
15 38 31
16 37 30
17 36 32
17 36 31
15 37 32
16 36 34
13 36 35
10 37 36
05 36 35
07 33 34
05 38 37
10 36 38
15 37 37
08 35 35
09 35 34
12 37 34
15 36 35
18 36 35
19 38 38
19 38 39
18 39 40
16 40 41
16 41 40
16 40 40
13 40 40
12 39 39
09 41 39
05 41 38
05 41 38
09 38 36
08 40 35
10 38 32
12 37 33
14 37 33
14 37 34
15 36 32
15 37 34
15 36 34
15 36 33
14 35 34
15 34 35
16 36 36
15 35 37
12 36 37
07 34 35
06 35 33
04 38 33
09 37 33
14 38 36
12 36 34
11 36 32
12 36 31
15 35 32
17 38 33
19 40 32
19 41 32
19 38 34
17 41 36
15 39 36
14 40 37
11 40 39
08 40 40
04 39 41
02 41 41
05 44 39
12 38 38
14 36 34
11 37 32
10 37 32
12 37 33
14 36 33
16 37 32
16 37 32
17 37 32
16 36 31
15 37 32
14 37 32
13 37 33
12 36 31
10 36 33
08 36 35
06 37 34
06 37 35
11 36 37
15 36 39
13 36 40
13 36 38
13 36 35
16 36 37
16 38 36
17 38 35
16 40 36
15 40 35
15 41 36
14 40 35
14 41 36
13 41 35
12 41 35
10 42 34
09 42 33
05 42 35
09 42 32
12 42 32
10 41 30
10 40 29
10 40 28
12 37 29
13 39 31
14 38 31
15 37 31
15 39 32
16 41 32
15 40 33
14 39 34
15 39 34
12 42 34
11 41 34
11 41 34
11 41 34
06 43 35
07 42 35
12 41 36
14 40 36
12 40 35
11 40 34
13 39 34
15 40 34
17 41 35
17 42 34
17 42 35
17 42 36
17 41 36
16 43 35
17 41 36
16 43 35
14 44 36
13 44 35
10 44 36
11 44 34
10 45 34
11 43 34
15 43 34
16 42 33
12 42 32
12 41 30
13 41 29
13 40 30
14 40 29
14 40 29
14 40 30
12 39 30
13 40 30
12 40 32
11 40 32
10 41 32
11 41 32
14 41 33
15 42 37
13 40 35
14 43 34
12 42 33
13 41 33
15 41 34
15 42 34
15 42 34
13 40 32
13 42 32
12 41 32
13 39 30
14 38 31
14 38 32
16 38 32
16 39 31
14 40 32
14 42 32
15 43 32
15 43 32
15 44 33
07 45 34
06 46 33
10 41 34
11 40 33
12 41 33
12 40 34
13 41 35
12 37 33
13 38 32
14 36 32
15 36 32
15 38 34
16 38 33
13 40 33
14 39 36
14 38 35
09 39 34
08 38 33
06 38 32
02 38 31
06 37 34
15 36 33
15 35 33
14 35 34
13 36 32
12 36 32
15 37 35
17 36 36
18 37 36
19 38 37
16 39 38
16 39 38
16 40 38
15 39 38
13 40 36
08 38 35
04 38 35
01 40 34
04 41 36
11 37 35
14 38 35
10 36 35
10 36 33
13 36 34
14 37 34
15 38 33
15 37 35
16 38 33
16 37 33
16 37 35
16 37 34
14 36 35
13 35 34
09 36 34
06 36 34
06 36 33
01 38 33
09 35 34
15 36 35
12 35 35
12 37 33
14 36 33
17 36 34
18 36 34
19 38 34
18 38 35
17 38 38
16 38 38
13 38 37
13 37 38
11 36 38
10 38 38
06 37 37
04 39 38
04 38 38
11 38 38
11 37 35
09 36 34
10 37 34
11 36 34
11 36 34
13 36 33
15 35 32
15 36 33
15 37 34
15 37 33
16 35 32
13 36 33
11 36 33
07 36 32
06 34 31
03 36 31
09 37 35
16 37 37
14 36 37
13 35 36
14 36 34
15 35 33
17 38 34
18 37 36
18 38 36
15 38 36
15 38 37
15 38 37
15 39 36
11 39 35
08 37 35
08 36 35
08 38 36
02 40 36
03 40 35
12 37 34
12 36 35
07 39 33
09 36 33
10 36 32
14 36 33
13 37 33
13 37 31
14 35 32
14 36 32
14 37 32
13 36 32
13 35 31
10 36 32
07 35 32
06 35 31
03 34 31
10 35 33
15 34 35
14 35 37
12 34 35
12 35 34
14 34 34
15 35 36
17 37 36
16 38 36
16 38 37
14 37 36
13 39 38
13 37 37
10 37 37
09 36 37
07 37 36
05 38 37
02 37 36
04 38 37
13 36 36
10 37 35
08 38 33
08 37 32
09 36 32
12 36 33
13 37 31
14 37 31
14 36 31
17 36 32
17 36 32
18 36 32
18 36 33
15 36 32
12 37 32
09 37 33
06 36 34
03 36 34
10 36 35
14 36 39
10 37 39
11 36 37
11 36 34
15 34 35
18 38 36
19 36 37
18 39 36
15 38 35
12 38 36
11 37 35
12 37 35
11 37 37
09 38 37
07 38 37
03 37 37
04 38 36
08 37 36
11 36 35
13 38 35
12 37 33
09 37 32
10 37 32
11 35 32
12 36 32
14 36 32
13 37 32
14 37 32
15 37 31
15 37 33
16 35 33
14 36 33
14 38 32
13 36 32
10 36 34
03 37 34
01 35 33
07 36 35
15 36 37
16 37 37
11 37 36
11 35 35
14 33 36
14 35 37
14 37 36
14 38 36
15 39 35
14 37 37
14 37 36
15 37 37
16 38 36
15 37 37
16 38 38
15 37 37
14 38 38
12 38 38
13 38 37
10 37 36
06 39 37
04 40 36
07 38 36
08 36 36
13 37 34
12 35 33
12 36 34
09 36 31
12 37 32
13 38 33
13 37 33
14 39 33
14 38 34
15 39 35
15 39 34
16 39 34
17 40 36
16 41 36
16 41 35
16 43 36
14 42 37
11 41 35
07 42 33
02 42 35
06 42 35
12 40 35
15 37 34
14 37 32
13 38 32
14 38 33
15 37 33
18 40 33
17 39 33
17 38 34
14 39 35
14 39 34
12 38 35
13 38 35
14 38 34
11 37 36
11 36 36
09 38 35
07 37 35
06 39 35
08 39 35
08 38 35
12 37 33
12 38 32
10 37 30
09 37 29
10 37 30
12 37 28
13 35 29
13 36 29
14 37 29
13 37 30
15 37 31
15 37 31
16 38 32
15 38 32
14 36 32
12 37 33
10 36 34
07 37 34
02 38 34
03 37 34
11 36 35
16 37 38
15 37 37
10 36 35
09 36 35
10 36 35
11 37 35
13 38 35
11 41 37
10 41 38
09 42 37
10 45 38
13 46 38
12 45 39
15 48 40
16 48 39
19 48 40
19 47 42
22 46 41
22 47 40
26 52 44
30 45 43
31 48 41
34 44 42
37 40 41
37 45 40
42 41 44
39 39 43
39 45 48
37 40 49
37 39 49
37 39 53
37 37 51
37 39 52
38 40 54
40 37 52
40 36 52
40 36 51
41 36 51
40 37 52
39 37 51
41 37 51
40 38 52
40 38 52
40 37 49
41 36 52
41 37 53
41 36 51
40 35 52
41 36 48
40 36 50
41 37 53
