34 37 51
34 37 51
34 38 51
34 38 53
34 38 53
34 38 53
34 38 51
34 40 51
33 44 52
31 46 51
32 47 47
30 48 46
30 45 45
28 42 43
29 45 43
29 42 44
31 39 46
29 39 45
25 41 49
25 45 46
23 56 54
23 51 53
24 48 51
23 47 50
27 45 44
27 42 42
22 47 45
23 43 45
22 43 42
19 46 38
21 49 36
16 49 37
16 44 36
13 39 35
10 39 35
10 37 35
06 38 36
09 40 39
08 36 36
12 34 35
12 32 34
12 32 34
12 34 34
11 37 34
09 37 34
05 39 34
04 37 36
12 37 39
15 37 38
13 36 37
09 37 35
10 34 36
14 34 37
15 36 37
16 36 36
17 36 36
17 36 36
15 37 36
17 35 38
16 35 38
15 35 38
13 34 40
12 37 38
08 36 36
03 36 36
08 35 36
11 36 34
07 37 33
07 36 32
08 37 32
11 37 33
12 37 33
14 36 32
13 37 33
15 36 32
13 36 32
14 36 32
15 37 32
14 36 32
14 37 31
13 37 32
12 37 31
09 38 30
08 39 32
10 41 34
12 42 36
12 41 35
09 40 34
08 39 34
10 38 33
12 38 34
12 38 35
11 38 33
14 37 33
13 38 32
15 38 34
15 38 33
14 39 33
11 39 35
09 38 38
09 38 39
10 39 43
07 40 44
08 38 45
07 37 44
10 34 41
11 33 40
13 33 37
09 34 37
09 37 37
08 37 36
11 36 36
10 35 35
12 35 34
11 35 33
13 37 34
14 36 35
17 37 35
17 37 36
17 37 35
17 36 35
15 37 35
15 36 35
10 38 34
08 38 35
06 39 34
09 39 34
07 37 35
05 37 34
08 37 35
12 37 35
14 38 36
15 38 36
14 39 35
15 37 36
16 40 37
16 39 37
14 38 38
13 41 39
11 40 41
10 39 41
07 39 40
03 37 39
01 36 38
07 32 38
10 35 35
07 34 34
05 36 33
08 35 32
12 34 32
11 34 32
13 35 33
14 35 32
16 37 32
15 37 32
16 37 32
17 36 32
15 37 31
13 35 33
14 35 33
08 37 33
08 37 34
13 37 36
13 38 37
08 38 37
05 36 36
08 33 36
14 35 36
13 35 38
15 34 37
14 38 39
14 38 39
14 36 39
14 38 41
13 37 40
09 38 42
07 38 43
08 37 43
03 36 41
02 35 40
06 34 38
10 34 36
08 35 35
07 34 33
08 35 33
10 35 31
11 35 33
12 36 33
13 35 32
14 37 34
17 37 33
18 38 33
19 37 32
18 37 33
16 35 32
15 36 33
14 37 33
07 38 34
07 38 34
09 38 37
11 39 38
06 37 39
05 37 37
08 36 35
12 33 35
15 32 37
13 35 36
13 38 37
17 36 38
15 38 39
16 39 40
15 40 40
13 38 40
09 39 41
10 37 40
04 36 39
02 36 37
05 36 37
10 36 35
09 37 32
09 35 32
10 37 30
12 36 30
13 36 31
13 37 31
13 37 31
14 37 32
14 37 32
16 36 32
16 36 31
15 36 32
15 36 31
15 36 32
09 37 32
08 37 31
12 38 34
14 40 36
08 41 38
04 39 36
05 39 35
08 36 35
09 34 36
13 34 37
12 32 37
13 37 39
16 32 39
16 38 39
18 38 41
16 38 39
14 39 39
12 38 39
07 36 37
03 35 37
00 34 41
08 36 40
11 38 37
11 35 33
08 36 34
07 35 35
09 36 35
14 37 34
16 37 35
16 35 35
16 35 34
17 35 33
18 35 35
16 34 33
15 36 33
14 35 34
14 36 33
10 37 34
09 38 35
12 38 35
10 39 36
05 38 35
06 36 35
09 37 35
10 36 35
14 35 38
13 36 39
13 35 39
14 38 40
13 36 41
14 38 40
11 38 43
11 37 44
10 37 43
07 35 42
02 36 41
02 34 40
09 35 38
07 34 34
05 35 33
05 35 33
07 35 32
10 35 31
12 37 33
15 38 32
15 37 32
18 37 32
18 38 32
19 37 34
19 36 32
18 36 33
16 36 33
14 37 33
09 38 34
06 38 34
09 37 36
07 39 38
03 37 36
04 36 36
07 34 35
11 35 34
15 35 36
13 35 36
14 36 37
13 39 38
16 36 39
13 40 39
14 38 40
11 38 42
09 40 42
08 38 41
05 34 40
04 35 39
07 37 39
10 35 37
09 34 35
06 35 34
07 34 34
10 37 31
12 36 31
13 36 31
15 36 32
16 38 31
17 38 31
18 37 32
18 37 31
16 36 31
13 36 32
14 37 33
08 38 33
08 35 35
12 35 37
12 37 38
10 37 36
07 37 36
09 36 37
11 36 38
13 36 37
15 36 38
13 37 38
15 36 39
15 36 39
14 37 40
13 37 41
12 38 42
09 37 41
07 36 42
10 36 40
04 32 39
04 36 38
07 34 38
11 37 35
10 37 34
07 36 35
07 35 33
09 35 31
13 35 31
14 34 32
16 36 32
15 39 32
16 38 31
15 36 32
17 38 31
16 38 31
13 37 31
13 36 33
10 39 34
06 39 35
10 37 37
14 37 40
11 36 41
09 36 38
09 35 38
15 36 38
15 35 37
13 35 38
12 34 39
12 36 40
12 36 40
14 36 40
13 37 41
13 36 39
13 35 39
12 35 38
10 35 36
07 37 36
07 38 34
09 39 31
10 40 30
10 39 29
11 37 28
12 38 29
10 38 27
10 40 27
10 39 26
10 38 27
10 38 27
12 38 28
12 38 28
13 37 29
14 36 27
13 36 29
15 37 28
12 38 30
13 37 29
09 36 32
11 36 33
12 36 35
09 31 34
07 35 38
07 33 41
12 32 40
13 31 37
12 30 38
11 32 39
14 35 39
14 35 38
13 35 38
14 36 38
13 36 38
14 34 38
12 37 38
11 38 37
10 37 37
07 36 37
03 38 38
07 38 38
11 38 39
16 39 37
12 35 34
07 38 35
07 35 34
08 33 33
10 37 32
10 38 32
12 37 31
15 39 31
14 39 31
17 38 32
17 37 33
18 37 34
17 36 35
15 40 36
14 46 36
14 46 36
10 47 34
11 49 34
15 51 34
18 48 35
19 48 34
18 47 35
18 47 36
18 49 37
20 50 36
22 52 39
22 55 39
24 55 38
26 55 38
28 55 38
31 55 37
29 57 37
30 54 36
33 54 39
34 56 39
33 55 40
32 54 39
35 50 39
36 48 40
34 46 40
34 41 40
32 37 41
33 37 45
34 37 48
34 38 48
34 39 49
34 38 50
36 38 50
35 39 53
37 40 52
36 39 54
36 41 54
35 42 55
33 42 56
33 40 53
34 42 53
34 39 52
33 40 52
31 40 52
32 39 51
34 39 50
34 38 49
35 39 50
34 38 50
35 37 51
34 38 51
35 36 52
34 37 53
36 38 53
34 39 54
34 39 53
35 38 55
35 42 56
32 45 54
33 43 53
