40 35 51
40 35 51
40 34 52
39 35 52
40 34 53
39 35 54
40 34 54
40 33 54
40 34 52
41 33 52
40 35 51
39 35 51
39 34 51
38 35 50
39 37 50
38 37 49
40 37 47
39 40 45
41 38 44
39 39 42
37 43 41
35 43 39
33 42 37
32 42 38
26 50 42
26 47 41
24 43 39
18 47 43
10 57 49
09 47 40
10 41 45
10 44 42
09 45 39
09 46 38
09 47 39
08 45 38
09 42 37
09 44 39
09 42 37
11 41 35
11 40 35
12 38 35
13 36 34
14 35 35
13 35 34
13 35 34
12 35 33
12 34 33
12 35 33
13 33 33
11 35 34
12 34 34
12 33 34
13 33 34
11 36 34
13 34 34
12 34 33
11 34 34
12 35 33
12 34 33
12 35 34
12 34 33
12 35 34
11 35 33
12 36 35
10 35 34
12 35 34
10 35 33
13 34 35
12 34 34
12 34 33
12 34 33
12 35 34
12 36 35
12 34 33
11 34 34
13 34 33
13 35 34
12 35 33
12 33 34
11 34 33
12 35 35
13 35 33
12 33 34
12 35 34
13 34 34
11 35 34
12 36 33
12 34 34
12 35 33
12 35 33
12 35 34
11 33 33
13 37 33
13 34 34
12 35 34
11 34 33
11 35 34
11 34 34
11 34 33
12 35 33
12 34 34
10 33 33
12 33 34
12 34 34
11 34 34
11 34 34
11 34 34
12 34 33
12 35 34
11 34 33
11 34 34
12 35 34
12 35 35
12 33 33
11 35 34
11 35 33
12 34 35
13 33 34
12 34 34
12 32 34
12 33 33
12 33 35
12 34 34
12 33 34
11 34 34
11 34 33
11 33 34
12 33 35
12 34 33
11 35 35
11 34 33
12 34 33
12 35 34
12 33 34
11 34 33
12 33 34
12 34 34
12 32 34
12 33 34
12 32 33
11 33 35
12 32 35
12 32 34
12 33 34
11 32 35
12 34 36
11 33 35
12 34 35
12 40 35
13 40 36
15 35 36
14 36 35
10 38 35
07 40 35
10 41 35
12 41 37
13 41 37
14 41 36
10 43 34
10 40 34
10 37 36
11 35 34
10 36 36
11 38 34
12 36 35
10 36 34
13 35 33
13 34 33
14 35 34
11 36 32
12 36 32
16 35 33
16 36 34
13 37 35
14 37 34
13 39 33
13 37 35
13 39 36
15 37 34
14 39 35
12 38 36
13 38 36
12 39 36
10 39 37
09 38 37
08 40 36
08 37 38
03 39 36
04 40 37
07 39 37
06 38 34
06 36 35
07 35 34
13 34 33
14 36 34
12 35 33
12 35 32
13 36 31
13 35 32
11 35 33
12 36 33
13 35 32
13 35 32
16 35 32
13 35 32
14 36 33
13 36 33
12 37 35
12 38 35
12 37 35
13 38 37
14 38 36
12 38 35
09 40 36
12 38 37
11 40 37
10 40 38
09 41 38
08 41 40
05 43 38
07 39 40
05 41 41
07 39 40
07 39 39
06 38 37
05 36 36
06 37 36
10 35 34
13 35 34
13 35 33
10 35 32
09 35 31
12 35 30
13 36 32
13 35 33
13 36 33
14 36 34
16 35 33
11 36 33
16 36 34
13 37 36
13 37 36
11 37 35
12 37 35
16 36 36
15 39 37
15 38 38
10 40 37
11 39 39
10 41 40
09 39 39
09 40 41
07 40 39
09 41 37
03 40 38
07 37 39
07 38 35
07 37 35
09 36 34
10 37 33
12 37 33
13 36 32
12 34 31
14 34 31
13 35 31
12 36 31
11 35 31
11 35 32
09 36 30
14 35 32
12 36 34
10 36 33
11 36 32
12 38 33
11 37 36
12 39 36
15 37 36
18 37 37
16 38 37
13 38 38
13 39 37
10 39 39
12 39 38
13 39 39
09 40 38
07 41 39
07 39 37
00 41 36
02 39 35
12 39 33
10 38 31
10 38 32
12 39 30
11 38 29
14 36 29
14 36 28
16 36 29
14 36 30
14 36 31
13 35 30
12 35 31
08 34 31
07 34 31
11 35 34
07 36 35
12 36 33
15 37 35
15 38 37
15 38 37
16 39 35
15 37 37
14 37 36
14 38 34
13 38 37
12 39 37
13 39 38
14 38 37
13 38 37
09 38 37
08 37 36
10 38 35
01 39 37
06 37 35
03 36 31
06 36 32
09 37 34
15 38 35
15 38 33
15 36 33
14 35 31
12 35 32
13 33 32
13 35 33
12 35 33
10 36 32
11 36 33
14 36 34
10 35 35
11 36 34
13 37 33
11 37 36
12 36 36
13 38 34
14 36 34
16 36 36
17 38 36
17 39 36
14 39 37
13 37 37
14 38 37
11 38 37
10 39 38
07 38 37
07 39 35
03 39 39
07 40 37
07 39 34
09 37 35
09 36 34
10 36 34
13 37 34
13 37 34
14 35 33
12 35 31
12 35 32
13 35 33
11 34 33
13 36 33
11 34 34
13 34 32
10 35 33
13 34 33
10 36 33
11 35 34
11 37 35
14 38 35
15 38 35
16 37 34
16 38 35
14 37 35
12 39 37
13 38 38
12 40 38
11 39 40
08 39 38
06 39 39
01 39 39
04 38 39
09 38 37
07 38 36
08 38 35
10 36 35
13 37 34
13 36 35
15 36 34
14 37 34
14 35 33
14 36 34
13 36 33
14 35 33
11 35 33
15 35 34
11 35 33
09 36 33
11 36 34
12 36 35
11 37 35
13 36 35
13 38 36
17 37 38
17 39 38
15 39 37
12 42 38
13 41 39
12 43 40
11 42 41
07 42 38
08 41 39
07 40 39
01 39 37
07 40 40
10 39 36
08 39 36
07 36 33
07 37 34
10 34 34
14 34 34
15 36 34
15 36 34
15 35 33
15 35 33
15 35 33
13 36 33
12 35 33
14 36 34
10 36 33
10 36 34
15 35 35
12 38 36
11 37 36
11 38 37
14 37 38
15 36 36
16 39 36
15 41 37
11 41 37
12 40 37
12 40 38
12 41 38
09 40 38
06 41 38
08 40 38
02 41 39
07 41 38
11 38 36
09 37 37
09 37 36
10 36 34
11 36 33
12 35 34
15 36 33
13 36 33
12 36 31
12 36 34
13 37 33
14 36 32
12 36 33
12 35 32
14 36 34
08 36 32
09 37 33
12 35 34
15 38 35
14 36 37
12 39 35
15 38 34
16 37 35
15 38 35
14 40 37
12 40 36
12 40 37
11 40 37
10 40 38
09 41 38
07 40 39
05 40 37
00 43 41
08 41 37
06 38 35
06 37 35
08 36 33
12 35 34
12 36 35
13 36 34
13 37 32
12 36 33
14 34 33
14 34 33
15 35 33
13 35 33
12 36 33
14 36 33
10 36 33
10 37 34
15 35 35
13 37 35
14 37 37
13 38 37
13 37 35
14 37 35
10 36 36
11 40 36
11 40 38
10 40 38
10 40 38
10 38 38
09 40 38
08 42 39
07 39 36
02 43 39
06 40 38
09 39 35
08 37 35
10 36 35
11 36 34
12 36 33
12 36 34
12 35 33
12 36 32
12 35 32
13 34 33
12 36 33
13 36 32
12 35 33
13 35 32
15 35 33
07 34 33
14 34 34
14 36 36
14 35 37
14 38 36
13 37 35
14 35 35
15 38 36
14 37 37
11 38 38
11 39 38
10 39 39
10 38 39
10 40 38
08 41 38
08 40 38
04 40 39
04 43 40
11 40 36
09 37 36
08 37 35
08 37 34
10 36 32
12 35 32
12 36 31
11 38 30
10 34 30
13 31 31
14 33 31
15 35 32
12 33 32
14 32 32
12 33 32
07 35 33
13 37 34
11 37 37
11 38 39
12 38 38
13 37 36
15 34 36
16 37 36
14 39 37
13 39 38
14 37 37
14 37 38
14 39 39
10 40 39
09 40 40
09 40 38
05 39 37
03 42 38
06 40 37
06 39 33
06 38 31
08 38 29
12 37 28
14 37 28
14 38 29
11 38 27
12 36 28
11 36 30
11 35 30
11 36 30
10 35 31
11 33 31
14 33 32
10 36 32
11 32 33
13 35 33
13 37 36
13 37 36
13 38 34
15 36 33
15 37 36
15 38 36
13 38 36
13 39 37
12 39 37
12 38 37
11 37 37
10 39 36
09 38 36
05 38 35
04 39 36
09 39 34
08 39 33
08 37 31
10 36 32
10 36 32
13 36 32
11 36 32
12 37 33
11 35 33
11 35 32
11 35 34
13 36 32
13 36 33
15 36 33
15 36 33
05 35 33
11 36 33
12 35 36
11 36 36
12 37 36
13 36 34
15 34 33
16 35 36
17 37 36
15 37 35
13 39 38
13 39 38
14 39 38
12 38 38
08 39 39
07 40 39
05 40 38
00 42 40
06 39 38
08 38 38
08 38 35
08 37 35
10 38 34
11 36 34
13 38 33
11 36 32
12 36 32
11 36 32
13 34 32
13 34 33
13 35 33
13 35 34
14 35 33
09 36 35
11 35 33
12 36 35
12 36 36
14 37 35
14 38 34
15 37 35
15 37 34
15 36 35
11 39 36
11 38 36
11 38 37
09 37 39
07 37 38
08 40 40
07 40 40
01 42 41
07 40 39
09 39 35
09 38 37
07 37 35
10 35 33
14 37 33
14 35 32
11 37 32
12 36 30
11 34 29
14 34 29
16 33 31
16 35 31
13 34 32
13 35 31
08 35 33
04 35 33
10 36 34
10 39 37
10 37 37
10 39 35
14 39 35
15 38 37
16 37 37
14 40 36
13 39 37
12 37 36
13 37 38
13 38 37
11 37 37
10 38 38
09 37 37
06 38 36
05 39 39
09 39 36
08 38 36
09 38 36
07 37 36
09 35 34
13 36 35
13 36 33
12 36 33
13 37 33
13 36 33
15 37 33
15 36 33
13 36 34
13 34 33
15 36 33
08 37 34
08 37 34
11 37 35
10 36 36
12 38 37
13 38 35
16 36 36
17 37 36
15 37 35
14 38 36
13 39 38
12 38 37
13 38 38
13 39 38
09 39 39
08 38 39
03 38 38
00 41 41
06 39 35
10 38 35
09 37 36
10 36 35
11 35 33
12 35 33
10 35 32
11 36 32
11 35 32
12 36 32
13 35 32
14 36 32
13 36 33
13 35 33
13 34 33
13 34 33
06 35 33
12 37 34
15 36 35
14 37 36
12 37 36
12 37 36
13 37 36
15 38 37
14 36 36
12 40 36
11 38 37
11 39 37
10 39 37
12 40 39
09 40 39
08 40 38
08 38 37
01 41 40
08 37 37
07 37 35
07 35 35
09 36 34
10 35 34
10 34 34
12 34 33
12 35 33
12 37 32
12 36 32
13 35 32
15 35 31
15 35 32
14 36 32
14 36 32
14 35 33
08 37 32
12 36 33
12 37 35
11 36 37
10 37 36
10 39 34
11 37 35
14 37 38
12 39 36
13 37 37
11 38 40
12 39 39
12 39 39
12 39 40
10 40 39
09 40 39
07 37 36
03 38 36
07 37 35
07 37 32
08 37 33
08 36 31
11 36 31
12 36 32
14 35 30
14 35 31
14 36 32
10 33 31
10 34 32
12 34 33
13 35 34
12 36 34
13 35 34
13 34 34
09 35 34
10 35 34
14 35 34
14 37 36
11 38 36
11 39 38
12 38 37
15 39 38
15 39 36
13 40 36
11 40 37
12 40 38
12 40 38
12 39 38
13 38 38
11 38 38
10 39 37
09 39 37
05 39 37
05 38 36
08 37 33
09 35 33
07 36 33
07 37 32
09 35 31
11 36 32
13 35 31
13 35 30
14 37 32
14 37 32
15 38 32
15 40 34
15 42 33
12 49 34
12 47 36
13 46 37
14 47 36
18 45 36
23 44 38
24 41 38
24 41 36
23 42 37
21 40 36
20 43 36
17 43 36
16 43 36
16 42 37
15 42 37
13 41 38
13 40 37
13 39 36
11 39 38
10 41 37
07 41 36
08 42 36
11 42 36
11 38 34
10 38 35
10 37 34
11 37 35
13 37 34
12 34 34
11 34 35
11 34 34
12 34 33
12 35 34
11 34 33
11 35 34
12 34 35
12 34 33
12 34 34
12 35 35
11 35 34
12 36 33
12 36 33
13 35 33
13 34 33
12 35 34
11 36 33
10 35 34
11 34 35
10 35 34
12 34 34
13 36 34
13 35 33
13 35 34
11 34 33
12 36 33
12 35 34
12 35 33
11 35 33
12 36 33
12 35 34
12 36 35
12 36 34
13 35 33
12 36 34
12 36 35
13 35 34
13 35 34
12 35 35
13 36 34
11 35 34
11 35 34
11 36 34
13 37 36
12 36 35
13 35 35
12 36 34
14 34 34
12 35 34
13 36 34
12 36 34
12 34 33
14 34 34
13 35 34
12 36 34
11 34 34
13 35 34
11 35 34
14 36 34
12 36 33
12 36 34
11 35 34
11 36 34
12 35 34
12 34 35
11 36 34
13 35 34
12 36 34
11 35 34
13 34 34
12 35 35
11 35 34
12 36 35
13 35 34
11 35 34
11 35 34
13 36 34
13 35 34
11 35 34
11 36 34
11 35 33
12 34 35
12 36 34
12 35 34
10 35 34
11 35 33
12 34 34
12 34 33
12 35 34
12 35 35
12 36 33
12 35 34
11 35 34
11 36 35
13 35 34
12 35 35
12 37 34
12 36 34
12 35 34
12 35 34
12 35 35
13 35 35
11 35 35
12 34 35
12 35 34
11 35 34
11 35 34
13 35 35
11 35 34
11 34 34
12 35 34
12 36 34
13 35 33
11 35 34
13 34 34
12 34 34
12 34 33
13 35 35
12 35 34
12 36 35
13 34 35
11 35 34
12 35 34
12 35 35
12 36 35
13 36 35
12 36 35
10 39 36
08 45 36
07 50 34
07 51 34
07 53 35
08 55 33
10 55 32
11 54 33
15 54 34
17 53 33
21 51 35
24 48 35
26 48 36
31 44 36
34 40 37
38 38 38
38 36 39
40 38 42
39 34 45
41 34 47
38 35 50
38 32 51
40 29 50
38 32 52
39 33 54
40 33 53
38 34 54
40 34 53
39 34 52
41 34 51
42 33 52
41 35 52
40 34 52
42 35 53
41 34 53
42 32 51
40 33 51
41 34 52
40 33 52
