19 51 27
19 51 27
19 51 27
20 49 27
18 52 30
17 50 33
20 47 29
21 46 25
20 49 28
21 52 29
21 49 27
20 44 27
19 51 28
22 51 29
22 50 29
22 49 30
22 48 29
25 47 27
26 47 27
22 48 27
23 48 29
21 47 30
20 48 33
16 47 32
15 47 33
14 44 35
14 43 35
14 40 37
14 41 37
12 41 36
11 42 37
11 41 37
11 42 36
12 41 36
12 40 35
12 40 34
11 39 35
12 39 34
12 39 34
12 38 35
10 38 34
10 38 35
07 36 32
10 36 34
12 34 33
09 35 34
08 36 33
12 35 34
15 35 35
15 33 36
15 36 36
15 36 36
16 35 37
17 35 36
16 35 36
16 35 36
15 35 37
15 35 35
15 37 35
14 38 35
13 39 35
10 38 35
10 37 36
10 37 35
08 38 34
06 40 34
05 41 34
05 42 33
11 41 34
14 39 33
14 36 32
13 38 32
13 37 31
15 37 31
16 36 30
17 36 29
17 37 31
16 37 31
16 38 32
16 36 30
16 38 31
13 39 32
09 41 31
09 37 31
08 38 33
09 36 33
10 36 32
07 37 33
08 39 34
10 37 35
15 34 34
15 32 33
15 34 33
14 36 33
17 37 34
18 38 34
18 37 33
18 36 33
16 35 35
13 38 34
13 38 34
14 38 35
13 36 36
11 35 36
08 39 35
08 39 33
04 37 33
01 35 35
02 37 37
10 38 33
13 35 33
13 34 34
12 36 31
14 37 30
16 35 31
18 37 32
18 37 32
17 38 32
17 38 32
16 38 32
16 39 33
15 38 33
12 37 32
11 37 34
09 37 33
10 36 33
08 35 33
03 36 33
04 38 34
09 37 35
13 34 36
14 32 35
14 34 33
15 37 34
16 37 35
18 36 34
18 37 35
18 37 36
16 35 38
14 38 36
14 39 35
14 37 35
13 35 36
10 35 37
09 37 37
10 37 35
05 36 34
02 39 36
02 40 36
08 37 34
10 37 34
10 36 36
11 35 34
15 37 33
15 35 31
17 36 32
17 34 33
17 36 33
15 36 31
15 37 32
15 37 33
14 38 32
14 37 32
11 38 33
10 38 33
11 38 35
10 37 35
07 36 33
06 36 34
06 36 36
10 36 35
13 36 35
13 36 35
16 37 36
17 36 36
19 36 36
19 38 35
18 37 36
16 29 39
14 50 44
16 45 38
15 42 36
17 39 37
13 39 39
11 40 38
11 38 36
09 37 35
06 38 36
04 40 36
05 39 35
11 38 34
11 37 34
11 40 34
09 39 33
12 35 30
15 35 31
18 34 31
17 32 31
18 34 32
17 36 32
18 39 32
17 40 33
15 38 33
11 38 34
07 39 33
09 39 35
06 37 35
06 35 33
03 37 32
08 40 37
13 37 37
15 34 34
14 33 33
13 34 34
15 36 35
17 36 35
18 36 37
19 36 36
19 37 34
18 38 35
14 37 35
14 38 36
13 37 36
13 38 38
10 37 36
09 38 37
08 37 36
02 38 37
00 39 37
06 36 35
09 39 34
10 40 35
10 39 33
15 38 32
17 35 31
19 33 31
19 34 32
17 37 32
18 37 31
17 39 32
17 37 32
14 37 33
12 38 32
09 37 33
07 39 33
09 39 35
06 36 35
04 36 32
02 37 33
11 35 36
14 32 35
14 34 34
15 35 33
17 37 34
18 37 35
20 36 35
20 36 35
18 37 35
16 39 34
15 37 36
12 37 35
13 38 36
14 37 36
13 39 35
09 38 36
06 37 34
06 35 33
02 36 34
01 39 36
07 34 37
10 34 32
10 37 33
11 36 32
14 34 30
18 32 31
19 32 31
19 35 32
18 35 30
17 37 30
16 37 31
14 38 33
14 38 32
14 38 31
08 36 31
07 37 31
07 35 32
06 34 32
06 37 33
09 38 34
14 35 36
14 33 32
11 35 32
12 36 35
15 37 34
18 36 35
21 36 34
20 35 36
17 35 36
17 35 36
16 37 35
12 37 34
11 37 36
10 39 35
09 39 35
09 39 35
08 36 34
01 37 34
00 39 37
07 37 35
10 38 32
10 38 33
11 37 32
15 37 32
19 34 31
20 36 32
20 33 32
20 33 31
17 36 31
14 38 32
12 38 32
11 37 33
11 37 32
09 37 32
07 37 34
10 36 34
08 36 33
05 35 32
05 39 35
11 35 35
13 33 33
13 35 34
13 36 34
17 35 36
18 35 35
19 35 35
18 34 37
18 34 38
15 37 37
15 38 36
13 38 34
13 37 33
11 37 36
10 37 36
09 38 36
08 38 38
06 36 34
01 38 36
02 39 36
09 38 34
10 37 34
10 41 36
10 37 35
14 35 33
17 31 31
19 31 30
20 31 31
19 32 31
18 34 32
17 37 33
14 37 33
14 38 32
10 38 32
07 38 31
07 38 33
09 35 36
07 32 34
06 33 35
06 32 34
09 30 33
10 30 32
13 33 32
14 35 34
17 37 34
19 36 34
19 36 34
17 31 36
15 31 42
16 37 39
13 36 36
13 34 36
13 36 35
11 36 36
09 39 34
07 35 33
03 35 33
01 37 35
04 38 35
09 37 33
10 37 32
09 37 33
11 38 32
12 35 33
16 33 33
19 29 31
19 28 33
17 32 33
18 32 32
17 36 33
17 38 34
15 40 35
11 40 32
08 38 32
07 37 32
09 37 36
04 35 34
03 35 31
05 35 34
12 33 35
11 32 34
14 35 33
13 36 35
17 37 35
19 36 36
19 36 34
19 36 35
17 35 37
16 36 37
15 40 37
16 39 36
13 39 37
14 38 37
10 41 37
11 41 35
07 38 35
03 40 35
02 40 36
05 38 36
09 36 36
08 39 35
09 37 35
12 35 33
16 35 32
19 35 32
18 36 31
19 37 32
19 36 33
17 38 32
18 38 33
18 39 33
15 39 34
13 40 34
09 39 34
09 38 35
07 38 36
06 38 34
07 39 35
07 39 36
12 37 36
12 35 34
13 35 34
13 37 34
16 37 38
20 37 37
20 37 35
22 38 36
19 37 35
17 38 36
14 38 36
12 39 36
09 40 37
10 40 38
09 40 37
07 37 36
03 41 36
02 40 36
07 39 35
11 39 33
10 38 34
11 38 33
13 36 33
18 35 33
20 35 33
18 34 33
18 35 33
16 36 33
15 37 32
16 39 34
13 39 34
11 37 33
08 40 33
06 39 33
07 39 34
08 35 35
05 35 32
05 35 34
08 34 34
13 31 34
14 32 34
13 34 33
17 36 34
21 35 34
21 37 34
20 35 34
19 37 34
16 35 34
14 35 36
12 37 36
11 37 36
10 35 36
08 34 37
07 36 37
07 37 36
01 37 36
00 37 36
03 34 33
11 32 33
10 34 33
10 36 33
10 36 32
15 32 30
18 32 30
19 31 31
19 34 31
19 36 30
17 35 30
17 38 32
16 36 32
13 39 33
10 38 32
10 38 33
10 39 33
07 37 33
07 36 33
05 37 33
10 36 35
11 35 35
10 35 34
13 34 34
14 35 36
16 35 36
18 34 34
18 35 34
15 34 35
16 32 35
15 34 35
15 33 35
15 35 35
12 35 34
09 35 34
08 35 33
09 36 34
07 36 34
05 37 33
08 37 33
11 36 33
09 37 34
09 38 35
10 36 34
13 36 32
15 35 33
16 37 33
17 36 32
16 37 32
17 35 32
15 36 33
15 36 31
13 39 33
12 38 33
12 38 33
10 38 34
07 39 34
09 36 35
10 37 36
11 37 37
11 35 37
11 35 35
12 37 36
13 37 37
14 37 37
16 39 36
16 37 36
16 37 37
14 37 36
14 37 36
14 36 37
13 37 37
14 37 37
14 37 36
15 38 35
13 37 35
12 37 36
12 36 36
10 36 35
06 37 34
03 38 34
04 39 34
07 38 35
13 36 35
14 35 33
12 38 33
10 40 35
12 37 32
15 34 32
16 34 31
16 36 30
14 36 31
15 37 33
17 37 33
17 36 32
16 36 33
13 36 32
08 36 29
09 36 29
10 37 31
09 37 33
06 38 32
07 39 35
08 38 35
11 36 36
13 35 34
13 35 34
13 35 36
13 37 36
16 38 36
17 38 35
18 38 35
18 38 36
18 35 36
16 39 36
16 38 34
13 37 35
12 35 36
11 38 37
09 38 36
08 37 35
08 37 34
04 36 34
01 38 34
02 39 34
10 38 33
14 35 34
12 38 36
10 38 34
11 36 33
14 35 31
17 34 32
18 35 33
18 35 33
17 36 32
16 37 32
16 37 33
15 37 32
13 37 32
10 38 32
10 37 33
12 36 35
07 37 33
04 36 32
05 37 34
09 38 36
13 36 36
12 35 34
12 36 34
15 36 36
17 38 36
18 37 36
17 38 35
18 38 35
17 36 36
15 37 35
14 38 35
13 38 36
12 37 37
10 37 38
09 39 37
08 38 37
05 37 34
02 37 36
02 37 36
08 36 34
11 36 34
11 37 35
10 38 36
11 37 33
15 33 31
17 32 32
19 34 30
17 35 31
16 38 31
16 35 31
15 37 32
15 36 31
14 37 32
11 37 32
08 38 32
10 37 34
10 37 34
07 35 34
06 34 32
02 36 33
11 37 37
14 35 36
14 35 35
14 36 34
15 36 34
16 37 34
18 36 35
19 38 35
17 39 35
18 37 34
16 38 35
14 36 35
13 38 35
12 38 35
08 38 37
08 36 34
07 35 33
05 35 32
02 38 33
03 37 32
09 36 31
12 33 32
13 34 31
12 33 32
13 31 31
15 28 29
15 28 30
15 32 29
14 35 29
14 34 30
13 36 29
14 36 30
14 37 31
13 36 32
10 37 31
10 38 31
10 39 32
12 38 34
05 34 32
04 34 31
04 35 31
12 33 34
15 29 32
13 29 32
14 32 33
14 32 32
15 32 33
18 34 33
17 35 33
16 35 35
16 36 35
15 37 33
15 37 32
13 37 32
12 37 32
10 39 33
10 37 33
10 36 31
05 37 32
04 38 31
06 38 31
09 37 31
12 37 31
13 37 31
14 37 32
17 35 31
17 35 31
16 34 31
15 36 31
14 36 31
15 35 31
15 35 31
14 37 31
13 37 30
11 39 28
11 37 30
12 38 29
11 39 31
07 36 31
07 35 29
10 36 31
10 35 32
12 34 32
12 32 32
15 35 33
16 35 34
16 38 33
15 36 32
16 34 33
14 34 33
13 35 34
13 35 33
12 36 33
12 38 33
14 37 33
15 36 33
13 37 34
11 35 33
12 35 33
08 37 32
06 38 32
04 37 31
06 35 30
10 36 32
15 36 33
15 38 34
13 36 31
12 32 30
14 33 30
14 33 30
13 35 29
12 34 28
14 36 30
15 35 29
15 37 30
14 36 31
12 36 31
11 38 31
10 37 32
13 37 33
13 37 33
12 38 34
12 36 33
08 37 32
08 36 32
08 37 32
09 37 33
15 38 34
17 36 35
15 35 35
14 36 36
11 35 35
10 37 36
11 37 37
15 37 37
15 35 36
16 36 36
15 36 36
15 35 37
14 36 36
12 37 37
11 38 36
11 38 36
13 37 36
14 37 35
14 36 34
14 36 35
13 37 34
12 37 34
08 36 33
07 37 33
07 36 34
10 37 33
12 36 33
12 35 33
15 34 34
14 34 34
16 34 33
15 34 32
12 34 32
07 32 30
06 32 29
09 32 29
12 33 30
13 35 32
14 36 32
14 35 31
13 34 30
11 34 29
10 35 29
09 35 29
11 36 29
12 36 30
12 37 31
15 36 28
13 35 30
13 36 29
13 36 30
14 37 30
13 37 29
11 37 29
13 38 29
13 39 30
12 39 29
12 39 30
10 38 32
12 39 32
10 39 32
11 39 31
11 39 33
10 38 33
09 38 33
09 38 33
10 37 35
09 36 34
07 34 33
09 36 34
13 37 38
17 35 39
17 32 37
17 32 33
16 33 32
13 35 32
12 34 36
12 35 37
14 35 35
13 35 36
15 37 37
15 36 37
