12 39 36
12 41 34
13 40 36
13 39 36
13 40 36
12 40 36
13 39 36
13 39 37
11 40 37
10 40 39
11 41 38
10 39 40
12 43 40
16 43 38
16 45 39
18 41 39
20 40 37
19 40 37
18 40 39
18 38 40
18 38 41
16 39 40
17 40 41
16 40 41
16 41 41
16 42 39
16 42 40
16 42 40
14 42 38
14 43 39
13 44 38
09 46 40
11 42 41
16 42 38
17 44 38
15 44 38
16 44 36
14 44 36
15 44 35
17 44 35
20 45 35
18 45 34
16 45 36
17 44 35
15 43 36
15 42 34
14 41 35
14 41 35
13 40 36
12 39 35
09 41 35
09 41 36
12 40 36
13 39 34
17 39 35
16 39 34
12 39 36
12 40 36
13 40 37
12 40 37
15 42 36
15 40 36
14 40 36
15 40 36
16 39 37
15 39 37
15 36 37
15 40 37
14 40 37
11 42 36
07 44 35
06 41 35
08 42 33
12 41 32
14 42 32
13 42 31
12 41 29
14 42 29
16 42 29
16 42 30
18 41 30
18 40 31
18 38 30
16 41 31
16 41 31
15 40 32
14 40 31
13 41 32
12 40 31
10 41 34
05 38 32
04 39 34
10 39 36
13 40 35
14 40 35
13 39 35
13 40 35
14 37 33
15 41 35
15 40 34
16 40 34
14 39 35
14 39 36
12 36 35
14 34 35
14 35 34
14 34 35
14 37 35
13 39 35
12 39 33
09 39 34
05 42 34
08 42 33
10 42 34
12 42 33
09 41 33
10 37 31
14 37 32
16 39 32
15 39 31
17 40 31
16 39 32
14 39 31
15 39 32
14 38 31
12 38 31
12 37 31
12 39 32
11 40 33
09 39 34
06 39 34
11 41 34
15 40 35
11 38 35
08 36 35
10 38 33
14 38 34
16 39 35
16 40 34
15 39 34
15 39 34
16 38 34
15 39 35
13 38 35
14 38 35
14 39 34
13 40 35
12 39 35
08 40 36
05 42 36
05 40 34
09 41 33
12 40 33
12 41 32
11 40 31
08 39 30
12 39 30
15 38 30
17 39 30
17 39 29
17 39 29
17 38 29
15 38 30
16 38 30
14 37 32
12 39 32
11 39 32
11 38 33
09 38 33
06 39 33
09 40 34
15 39 35
14 39 35
13 38 34
12 39 33
12 39 35
14 38 35
14 40 35
15 39 35
14 38 35
14 37 35
13 38 34
14 36 36
14 36 35
14 36 37
13 38 37
10 38 35
07 41 34
04 42 33
06 40 32
10 41 32
14 41 32
13 39 32
12 39 30
13 39 30
14 39 29
16 40 30
16 41 32
17 43 31
15 41 30
16 43 31
16 42 31
16 40 31
15 41 30
15 40 30
16 40 31
13 41 31
10 41 33
10 40 33
13 38 33
14 37 34
12 37 36
10 40 36
12 37 36
12 39 36
16 40 36
14 41 36
16 42 34
14 40 36
14 40 36
14 41 34
14 40 36
13 41 35
13 40 37
14 40 36
13 40 36
11 40 34
05 41 35
05 39 33
10 40 33
14 40 32
13 38 32
14 40 31
12 40 31
12 39 29
14 41 30
15 41 30
16 40 30
14 41 30
16 40 31
16 39 31
15 39 30
15 38 31
14 39 32
12 40 32
13 39 32
13 39 34
10 41 33
08 40 33
08 39 35
13 40 35
13 41 35
14 39 35
12 40 34
12 39 35
12 39 34
14 38 33
16 38 33
15 40 33
13 38 34
14 37 33
15 37 34
12 37 34
14 38 34
13 37 35
13 39 37
13 40 35
11 42 34
08 42 34
09 44 34
11 43 34
12 44 33
13 42 34
11 41 32
10 39 31
12 41 31
14 41 30
16 39 31
18 39 31
16 39 30
17 40 31
15 40 32
15 40 31
14 40 32
15 41 32
15 40 32
14 41 32
13 40 33
11 40 34
07 41 34
05 40 35
10 40 36
14 42 37
14 39 34
11 40 34
10 38 34
12 39 34
15 39 34
15 39 34
16 38 34
14 37 35
14 34 35
14 37 35
13 38 35
13 38 35
13 39 36
12 39 38
13 39 36
09 41 35
07 42 36
08 41 35
10 39 34
13 39 32
12 40 32
11 39 31
10 39 30
13 39 30
15 40 30
16 39 30
16 40 32
17 41 32
15 40 31
16 41 32
16 43 31
14 43 33
14 40 33
13 38 33
14 40 35
13 41 35
12 40 34
08 39 33
09 40 34
13 42 36
15 40 36
12 39 37
13 40 35
12 38 36
12 41 36
14 39 36
14 38 35
14 39 37
13 37 36
14 37 36
12 35 35
12 36 35
13 36 34
13 38 34
14 36 34
14 38 34
14 37 34
15 37 34
13 39 35
11 39 34
06 41 35
07 40 36
09 41 35
12 40 35
12 39 35
12 38 35
11 37 33
11 36 32
11 37 30
12 37 30
14 38 29
14 37 30
13 37 30
13 38 30
15 39 30
14 38 31
13 40 32
13 40 33
13 41 34
14 41 36
13 40 36
12 42 36
13 42 37
14 42 36
12 41 35
12 41 34
10 42 33
11 40 33
13 42 33
15 43 34
16 41 34
16 40 34
15 38 35
14 37 34
12 41 35
11 37 37
11 38 38
12 35 41
13 34 40
13 38 37
13 39 36
14 39 36
15 39 36
14 40 35
15 40 36
14 40 36
16 39 36
17 41 36
14 44 36
12 41 37
12 43 38
10 42 36
12 41 36
13 40 36
14 41 36
14 40 35
15 42 34
14 41 33
14 42 34
15 43 34
14 44 33
14 43 34
16 43 33
15 43 34
15 44 34
14 43 34
14 43 35
14 42 35
14 43 37
13 42 36
15 43 38
15 43 36
15 44 35
13 44 36
13 42 36
12 43 35
15 42 35
15 42 36
14 41 37
14 40 36
15 39 35
12 38 35
13 38 37
13 37 36
13 35 37
13 36 36
13 34 38
12 37 40
13 38 39
14 41 37
13 40 37
14 40 36
14 41 36
14 40 36
14 41 37
15 40 37
13 40 38
14 39 38
15 41 39
15 40 38
13 39 38
13 41 37
13 40 37
14 40 36
13 40 36
14 40 36
14 41 36
15 41 37
14 41 36
14 42 36
14 41 36
14 42 35
11 42 36
13 41 36
15 43 36
14 42 36
13 42 36
14 43 36
14 43 36
15 41 36
14 40 37
13 40 37
13 39 37
12 35 39
12 35 39
11 35 39
13 38 37
12 37 37
15 38 36
15 38 37
16 38 37
14 40 38
14 40 38
14 38 39
13 38 39
14 37 38
13 38 39
14 38 38
13 38 37
14 39 37
12 39 38
14 38 37
12 38 36
13 38 37
13 38 36
13 38 37
12 37 38
13 39 36
12 37 36
13 38 36
14 38 36
12 38 36
13 39 36
13 38 37
13 38 36
13 39 36
13 38 37
13 38 37
13 38 36
13 38 36
13 38 36
13 38 38
14 38 35
13 39 37
13 39 37
12 39 36
14 39 36
14 38 38
14 37 37
12 38 37
13 40 38
13 38 36
12 38 36
14 39 36
13 39 37
