09 38 34
09 38 34
10 37 33
12 37 34
13 35 33
13 36 34
14 37 34
13 38 34
14 39 33
12 38 34
13 38 34
13 38 33
14 40 35
13 39 36
09 41 36
11 39 35
16 39 36
15 41 38
12 41 38
11 40 39
13 40 39
13 39 39
15 39 38
15 37 38
16 37 38
14 37 39
12 37 37
12 36 36
13 35 37
14 34 36
12 37 37
13 36 37
13 36 36
15 35 37
14 36 36
14 35 36
13 35 36
13 36 36
14 36 36
13 36 37
12 36 36
12 35 35
10 34 35
05 35 34
01 35 32
08 36 33
13 33 35
15 32 35
14 33 33
09 35 33
09 36 33
12 36 34
14 36 34
15 37 34
16 37 34
14 36 35
14 37 35
12 39 34
14 39 33
13 39 33
12 39 34
13 38 35
10 39 37
05 38 35
04 35 34
13 36 38
16 36 39
12 34 36
11 32 34
13 36 36
16 36 38
16 36 37
15 35 37
15 36 38
16 38 38
17 37 38
16 36 36
16 36 37
14 37 38
11 37 36
12 37 35
11 36 35
11 37 35
02 38 33
09 37 34
16 36 37
12 37 34
09 35 31
11 36 32
12 34 33
12 36 31
13 35 33
14 34 34
14 35 30
13 39 32
14 37 31
13 39 32
13 39 31
13 39 31
11 39 32
11 39 32
12 39 32
10 41 33
07 38 31
05 38 32
10 38 33
14 39 35
13 36 34
11 35 33
13 36 34
15 37 34
15 36 35
16 35 36
17 36 35
16 37 35
17 37 36
16 36 36
16 36 37
16 38 37
16 38 38
15 38 38
12 38 38
09 38 37
00 39 34
01 40 36
08 41 35
14 40 36
16 40 37
15 37 36
14 37 36
14 39 35
15 39 34
13 39 34
16 38 34
15 38 34
16 39 34
15 38 34
15 39 35
14 39 34
11 38 35
11 39 36
09 37 34
03 38 33
02 38 32
06 38 33
15 37 36
14 36 35
11 35 34
12 33 32
15 36 34
16 37 35
17 36 35
18 34 35
18 37 37
16 39 36
14 38 35
15 38 36
15 38 36
14 39 37
13 38 37
10 38 38
05 38 35
01 40 35
04 40 36
10 41 36
13 38 34
11 39 36
13 37 35
14 38 35
17 39 36
16 38 35
17 37 34
17 38 34
17 38 34
15 38 34
16 40 34
14 38 35
11 39 34
09 37 33
05 39 34
01 37 33
10 36 34
16 38 38
13 35 36
10 33 34
13 32 33
16 36 34
17 37 35
17 37 35
18 36 36
17 36 36
16 37 36
15 38 37
15 37 37
16 38 38
14 39 38
11 38 37
07 36 36
00 40 36
00 39 36
06 39 37
12 40 35
13 38 35
13 39 35
14 38 35
14 38 34
14 38 34
15 37 33
16 37 33
17 38 33
16 40 33
16 37 34
17 38 34
14 38 34
11 39 36
10 38 35
07 39 35
01 38 33
08 38 34
17 37 37
13 37 36
11 37 33
13 35 34
15 36 35
17 38 37
18 38 35
18 38 37
18 37 36
16 37 36
15 38 37
16 39 37
15 39 38
14 39 38
10 40 39
08 38 35
01 40 35
03 40 35
09 40 36
12 39 36
13 38 35
13 36 33
11 37 33
16 38 34
16 38 33
16 39 33
17 36 33
17 39 32
18 38 33
16 37 33
16 39 34
11 39 34
09 38 35
09 38 35
05 39 34
01 40 34
10 38 34
14 37 36
11 35 34
11 34 34
12 35 34
15 37 34
17 37 34
17 36 35
17 36 36
15 38 37
15 39 37
14 37 38
17 36 36
17 38 36
12 38 38
08 37 38
05 37 36
00 41 37
07 41 38
12 40 36
10 40 35
11 38 34
10 36 33
14 37 33
15 38 33
16 39 35
18 38 34
18 36 34
17 37 34
17 38 34
17 38 34
14 37 36
10 38 34
06 40 35
02 39 34
03 40 34
12 37 37
13 39 38
10 35 34
14 33 35
16 36 35
18 37 36
20 39 36
19 38 36
18 38 37
17 38 37
16 39 38
16 39 38
16 41 38
15 40 38
12 40 39
09 39 38
03 40 37
01 42 37
09 41 38
11 42 37
10 41 37
10 39 35
12 40 33
14 39 34
18 39 34
18 37 34
17 38 34
17 38 34
18 39 34
18 37 34
16 38 34
13 38 34
09 39 35
09 39 34
02 38 35
06 38 33
13 40 38
10 39 38
10 38 35
12 35 36
18 35 36
19 39 37
18 39 36
18 38 36
17 37 37
16 39 36
15 38 37
17 39 38
16 40 38
14 39 38
11 39 38
08 37 36
01 40 36
03 40 37
09 42 37
11 40 36
09 40 36
10 39 35
13 39 35
15 39 36
16 39 35
18 37 34
18 37 34
18 37 34
17 37 33
17 37 34
16 38 33
15 39 34
10 38 34
08 40 34
05 40 34
01 38 33
13 36 35
14 38 37
11 36 36
10 35 35
14 35 36
17 38 37
19 37 37
20 36 37
17 37 36
16 38 37
17 38 37
15 39 37
16 39 37
15 39 38
12 40 39
10 38 38
02 40 37
00 40 38
09 40 37
11 42 36
10 40 36
11 38 35
14 37 34
15 38 35
15 39 34
17 36 33
17 36 33
18 37 33
17 38 33
17 37 33
16 38 34
14 39 34
10 40 34
10 39 35
04 39 35
02 39 33
12 39 36
14 38 39
09 37 36
10 35 35
13 33 35
16 36 38
18 38 36
18 37 37
18 36 36
17 37 36
16 38 36
15 38 36
17 40 37
17 39 38
15 40 38
11 39 38
10 38 37
03 41 36
03 41 37
10 40 37
13 42 36
11 40 37
11 38 36
14 38 35
13 39 37
16 40 34
17 38 34
16 38 34
18 38 34
17 38 33
18 37 34
16 38 36
15 38 35
11 38 35
09 39 36
04 39 35
02 38 33
10 37 36
15 37 38
13 35 36
12 36 35
12 35 36
13 37 35
16 38 36
16 36 36
17 36 36
17 37 36
16 39 37
17 38 38
17 38 36
15 40 37
13 40 38
10 39 37
04 40 35
01 42 36
05 41 37
10 39 35
10 40 35
09 38 34
11 38 34
13 38 33
16 39 33
16 37 33
16 35 34
16 37 33
16 37 33
16 39 32
16 39 33
15 39 33
13 39 34
11 38 33
08 39 34
03 39 33
03 38 33
12 40 36
13 38 37
12 37 35
12 35 35
13 36 35
15 38 36
18 38 36
18 37 37
17 37 36
15 38 36
14 39 37
15 38 36
16 38 37
15 40 38
13 39 38
11 39 37
06 38 35
01 41 35
03 40 35
11 39 36
12 40 36
11 39 34
12 37 34
14 38 33
15 38 34
16 36 33
16 36 32
16 35 32
17 37 34
17 38 34
17 38 35
15 38 35
12 39 35
10 38 35
08 40 36
03 40 33
06 38 34
15 39 38
14 39 38
11 37 37
10 34 35
15 35 36
15 38 38
16 38 37
18 36 36
18 36 37
16 38 38
15 38 37
16 37 36
17 38 36
17 37 38
13 39 39
12 38 38
08 37 35
00 41 35
05 40 36
11 39 38
12 39 35
10 39 36
11 36 34
13 36 34
13 39 35
16 37 34
16 37 34
16 37 34
17 38 33
18 37 33
18 38 35
17 39 34
13 38 35
11 37 36
09 39 34
03 39 34
03 38 34
12 37 37
15 38 37
13 36 34
09 35 35
12 36 36
14 37 36
17 37 37
17 36 37
17 36 37
15 37 36
15 37 37
15 37 36
17 38 37
15 37 38
13 39 39
10 37 37
07 38 36
00 41 36
06 41 35
10 41 36
10 39 34
09 37 35
11 37 34
11 36 34
14 39 34
15 38 34
16 38 34
16 36 34
18 38 34
17 38 34
17 38 34
17 38 34
14 40 35
12 39 34
08 40 34
03 39 34
03 38 32
13 37 36
14 37 37
11 34 33
11 35 34
14 37 35
16 38 36
17 38 36
17 37 36
17 38 35
17 37 37
14 38 37
15 36 37
15 38 37
15 37 37
12 35 38
09 36 36
04 36 36
00 40 35
05 38 35
13 38 36
12 37 35
11 37 36
11 36 34
12 36 33
15 36 34
17 36 33
16 36 34
18 35 34
17 38 33
17 38 34
17 39 34
15 39 35
12 40 35
09 39 34
06 37 34
00 40 33
10 37 33
15 37 36
12 34 34
09 33 33
11 30 31
14 33 33
15 36 35
17 34 34
16 33 36
17 34 34
15 36 35
14 38 35
15 36 35
15 37 36
14 37 37
12 36 36
09 35 34
04 39 35
03 38 34
08 37 33
13 37 35
12 36 34
10 35 33
11 35 33
14 38 34
15 36 34
17 35 34
16 36 32
17 37 32
14 38 33
15 37 34
17 37 33
13 39 34
12 39 34
08 38 34
02 38 33
00 37 33
09 38 35
16 36 37
13 34 34
11 33 32
14 33 34
16 35 35
16 36 36
18 36 35
17 36 36
17 36 35
15 37 36
15 39 36
16 37 36
16 38 36
13 39 38
08 37 36
03 37 35
00 38 37
04 39 35
07 39 36
11 37 35
12 38 33
12 36 33
14 37 34
14 37 34
17 36 32
17 37 32
16 38 32
17 38 32
17 37 32
16 37 33
15 37 33
12 39 35
09 39 34
06 38 35
00 39 34
04 39 34
14 38 38
14 35 35
11 34 32
12 32 32
13 37 33
15 38 35
18 35 36
20 37 36
18 37 34
16 38 36
15 39 35
16 37 37
16 37 36
15 38 37
10 38 37
06 37 36
01 39 34
01 40 35
08 41 36
11 39 34
11 39 35
11 37 34
13 37 32
15 37 33
18 37 33
18 37 32
17 37 33
16 36 31
15 37 32
16 37 33
15 38 34
13 39 35
10 38 33
07 40 35
01 40 34
00 40 33
07 39 34
14 38 38
13 36 35
10 35 33
12 33 33
14 36 34
15 38 35
18 38 35
19 34 35
20 37 37
18 38 35
16 38 35
17 38 36
15 39 36
14 39 37
12 37 35
08 43 37
04 42 35
01 40 37
06 41 36
11 40 34
11 39 34
11 38 35
13 38 33
14 37 33
17 37 34
17 35 32
17 36 33
17 39 33
16 40 32
16 39 34
16 39 34
14 39 35
10 39 34
09 39 34
05 38 35
00 40 34
08 38 36
14 37 36
11 35 34
10 34 35
14 34 35
15 36 35
17 38 36
18 36 35
19 35 35
18 36 35
16 38 36
15 37 36
16 38 37
15 38 37
15 39 37
13 39 38
08 39 36
05 38 35
01 41 35
06 40 37
12 41 37
12 39 36
08 39 34
10 37 33
12 37 33
14 38 33
16 38 33
15 36 32
16 36 32
16 37 32
16 36 32
17 36 31
14 37 34
12 37 34
09 39 33
08 38 35
07 39 35
01 38 33
10 38 35
16 37 38
10 36 34
09 33 33
11 36 35
15 37 36
17 35 35
17 38 35
18 37 34
17 39 34
15 39 34
16 38 34
16 39 36
16 40 37
13 39 37
12 40 37
09 41 35
00 41 36
04 39 35
11 38 35
11 39 35
10 39 34
12 38 31
12 38 32
13 39 33
15 39 32
17 39 32
16 38 32
16 39 32
16 38 33
16 39 33
16 40 33
15 38 34
13 39 34
10 39 32
08 39 34
01 41 31
05 39 34
13 38 37
14 36 36
13 36 32
12 35 33
12 37 35
15 37 34
16 36 34
16 36 35
16 38 37
15 39 36
15 39 37
16 38 36
16 37 36
16 38 37
15 39 36
13 37 35
06 38 35
00 40 34
06 40 34
09 40 36
14 39 37
14 37 34
11 38 32
11 38 34
14 39 33
14 38 32
14 37 32
15 37 32
15 38 32
16 38 33
17 39 34
15 37 33
13 39 33
12 39 35
11 39 33
10 38 34
07 40 35
06 40 34
08 39 35
12 39 36
15 39 36
16 36 34
12 36 34
11 38 35
13 40 37
14 38 36
16 36 36
15 37 36
15 38 37
15 38 36
15 37 37
17 39 36
17 39 38
15 38 38
17 39 37
08 41 34
04 40 34
11 38 34
12 39 34
12 40 36
11 38 34
10 36 34
08 38 33
11 36 34
12 37 35
13 36 34
14 36 34
15 36 34
17 38 35
16 38 37
