13 33 38
13 38 38
13 41 38
12 40 35
13 40 34
13 38 34
15 39 35
14 40 33
14 40 33
12 39 33
13 39 35
13 40 34
13 40 34
13 41 35
14 41 35
15 41 34
14 40 34
14 41 33
13 43 33
14 42 33
14 42 33
14 43 33
14 43 33
15 42 33
15 43 34
15 44 35
14 44 34
15 43 34
14 42 34
14 42 34
12 41 34
14 43 33
13 40 33
13 40 33
14 41 34
13 41 34
15 42 34
14 41 34
13 42 33
10 42 33
10 41 32
13 40 33
15 41 34
15 41 34
13 38 34
13 37 33
12 37 35
11 38 34
13 40 35
11 39 36
13 40 37
14 42 37
15 42 36
14 41 36
15 40 36
16 41 36
16 42 36
16 41 36
16 41 37
15 40 38
16 39 37
15 41 39
15 40 38
13 39 37
10 40 36
08 42 38
08 45 35
08 40 34
13 40 34
17 38 33
15 40 33
16 38 33
15 39 34
14 39 33
14 39 32
14 40 33
14 42 34
15 41 35
15 40 33
14 41 34
15 41 33
15 41 34
14 42 35
12 40 35
11 40 36
07 42 36
01 40 32
06 39 33
15 40 38
16 40 36
14 34 34
12 33 34
13 36 36
13 38 35
14 37 36
16 36 34
14 36 35
14 37 34
15 37 34
15 36 34
16 37 35
17 38 36
14 37 36
13 37 36
12 41 37
05 42 35
04 38 34
10 40 34
14 40 35
14 41 35
13 39 35
12 37 34
13 39 34
13 40 34
16 39 33
14 38 33
17 39 33
15 38 33
15 38 33
16 39 35
16 40 34
15 40 35
15 41 35
12 40 35
09 40 36
02 40 34
03 39 35
13 39 37
15 39 37
14 37 36
11 35 34
10 36 34
12 37 35
15 38 35
16 38 36
18 36 36
18 37 34
16 36 36
16 37 36
17 39 36
17 37 36
16 39 37
14 40 38
12 39 37
04 40 36
02 40 36
08 46 37
13 38 36
13 41 36
12 40 34
14 40 33
14 39 32
14 40 33
16 40 34
16 40 34
15 40 33
16 42 34
16 39 34
15 39 33
15 41 35
13 39 36
12 40 36
11 41 36
08 41 35
03 40 34
07 40 35
14 38 36
15 39 37
14 36 34
11 35 33
11 38 35
14 37 35
14 37 35
16 38 36
16 37 35
16 38 35
16 37 35
15 37 36
16 37 35
16 39 36
14 39 37
14 38 37
12 39 36
07 40 35
01 40 34
07 41 35
12 41 35
13 41 36
12 39 35
12 38 33
13 39 34
13 39 33
14 39 34
16 38 34
15 39 34
17 38 35
16 39 35
16 39 34
16 39 35
14 40 35
11 40 35
09 39 34
05 40 34
02 39 33
10 39 35
16 38 36
14 38 36
12 37 35
12 35 35
12 37 35
15 38 36
16 37 36
19 37 37
17 37 38
16 38 36
16 37 37
15 38 36
17 39 37
16 40 39
14 39 38
13 38 38
10 39 37
04 41 36
01 41 35
05 40 36
09 41 36
13 40 36
14 39 35
12 37 35
14 38 33
15 38 33
15 38 34
14 37 34
14 37 33
14 39 33
15 39 34
15 40 35
15 37 34
16 38 34
14 39 34
13 38 35
11 37 36
05 39 34
01 38 32
10 37 34
16 38 38
15 37 37
12 35 34
11 36 34
13 38 36
15 38 37
17 37 37
16 36 36
16 37 36
15 36 37
15 38 35
15 39 37
15 39 37
15 38 36
14 38 37
13 38 37
08 39 36
01 40 36
07 41 35
11 40 35
12 40 36
14 38 35
12 38 34
12 38 33
12 38 34
14 39 33
15 38 33
16 38 34
15 40 33
14 38 35
15 38 34
17 39 35
16 41 35
15 40 35
15 40 35
12 40 36
08 39 35
01 40 33
04 40 33
14 39 36
17 39 36
12 37 36
11 35 35
11 35 34
14 38 36
15 38 36
17 36 36
18 37 36
15 38 36
16 37 36
15 38 35
16 39 36
16 39 37
15 40 38
14 38 37
12 39 37
06 39 36
00 40 35
06 41 37
14 39 35
15 39 35
12 37 34
12 36 33
12 39 33
14 39 33
14 38 35
15 38 33
14 38 33
15 40 34
14 40 34
14 39 35
15 39 34
14 39 36
14 40 36
11 39 36
10 40 36
01 40 35
05 39 37
17 40 39
17 40 37
14 37 36
15 36 34
15 37 35
15 38 36
16 40 37
17 39 38
14 38 36
14 38 37
15 38 38
16 38 38
17 39 39
17 40 38
13 40 38
12 40 38
10 41 38
04 44 37
07 44 39
16 43 38
16 43 38
12 41 36
12 39 35
15 39 36
16 39 35
16 36 35
17 37 35
16 38 33
14 38 34
13 38 34
13 38 34
14 37 34
14 39 36
06 40 35
01 41 35
08 40 38
14 41 39
12 39 38
15 39 38
18 38 39
20 42 38
19 41 39
15 40 38
14 40 37
14 41 38
14 41 38
17 41 38
16 40 39
16 41 39
14 40 40
12 39 38
07 40 38
04 41 38
10 42 36
12 41 37
12 38 35
13 38 35
14 37 34
13 38 33
15 38 33
17 39 32
15 37 33
15 36 33
15 37 33
14 37 34
14 39 36
14 38 35
14 40 37
08 40 36
01 41 35
07 41 38
14 39 40
14 39 37
14 38 36
14 38 36
18 42 37
17 41 37
18 40 37
17 40 38
16 41 39
15 41 39
16 40 39
17 41 39
18 41 39
18 41 39
14 41 39
05 44 38
01 41 34
05 44 33
15 41 36
17 40 36
17 40 35
16 38 33
13 38 32
15 39 32
17 40 33
16 40 33
16 40 33
16 39 34
18 39 35
16 40 34
14 39 35
14 40 35
12 40 35
04 42 36
01 40 34
11 42 36
16 41 36
16 40 36
14 38 35
16 38 37
16 41 36
16 40 36
16 38 36
15 39 37
15 40 38
16 41 39
14 40 38
18 39 39
18 41 40
16 41 38
16 40 38
13 40 38
03 44 35
00 43 34
10 41 34
17 41 37
17 40 36
16 37 34
13 38 32
12 39 33
14 39 35
15 39 33
15 37 33
16 39 33
16 38 33
15 38 33
15 39 33
13 40 34
13 38 34
12 41 34
00 39 33
02 41 34
17 42 40
19 40 39
15 37 34
15 37 35
15 40 36
15 43 36
16 40 37
17 39 38
17 39 38
15 40 38
16 39 39
17 39 39
16 38 40
17 40 40
16 41 39
15 42 39
08 42 38
03 42 34
01 42 35
08 43 35
15 41 36
17 40 34
16 39 33
14 39 33
13 40 33
13 40 33
13 39 34
14 39 35
15 40 33
15 39 35
18 38 34
16 40 34
14 40 34
14 39 35
12 39 35
03 41 34
00 40 33
12 43 39
20 41 41
20 39 37
17 34 36
16 37 35
14 40 35
15 43 36
16 40 37
17 41 38
18 40 39
18 40 39
16 40 38
17 41 40
16 41 40
16 41 40
15 41 40
07 42 38
00 43 37
06 41 35
12 41 38
17 41 38
19 39 36
18 37 35
18 36 34
16 38 32
14 40 33
12 42 33
10 42 34
12 40 34
14 41 36
16 39 36
17 39 37
16 38 38
15 38 36
12 37 36
07 39 34
01 40 33
06 40 34
12 42 38
14 39 37
15 37 36
16 35 36
18 38 35
20 37 36
20 39 37
18 39 37
16 40 37
15 42 37
15 40 39
17 41 38
18 42 39
17 42 40
13 41 38
05 42 36
01 44 37
06 42 35
13 43 35
14 42 36
15 41 35
15 40 35
15 40 34
16 39 34
18 40 35
16 37 36
18 37 36
16 39 34
15 38 35
16 40 34
15 41 34
13 40 35
12 40 35
06 39 34
03 40 33
06 40 32
14 39 37
17 41 37
13 37 36
11 38 36
13 38 36
15 39 36
16 38 37
18 37 38
17 37 38
17 39 38
17 38 37
16 39 37
15 38 37
16 40 38
13 39 38
14 39 38
10 39 38
01 42 37
02 40 36
11 41 36
15 41 36
15 39 36
14 37 34
12 37 32
14 39 33
15 40 35
16 39 35
16 40 34
17 39 35
17 39 34
16 38 35
18 38 34
16 39 34
14 39 34
10 38 35
04 40 35
02 39 33
11 39 35
15 41 38
13 40 37
12 38 36
14 37 36
15 39 37
16 40 37
16 39 37
16 38 37
15 39 37
16 38 37
17 38 38
17 39 38
15 40 39
15 39 38
11 39 35
02 40 36
03 40 33
11 40 32
12 39 34
14 36 34
14 36 33
14 38 34
13 39 34
13 40 32
16 39 34
15 39 33
15 40 34
16 40 34
16 39 34
15 40 35
15 40 35
15 40 34
12 40 34
09 40 35
04 41 33
04 42 34
13 40 37
16 39 36
15 38 35
13 37 33
13 39 33
15 40 36
15 40 36
16 39 37
18 39 35
17 37 36
17 38 37
17 38 36
17 40 37
16 40 38
15 38 37
12 40 37
07 41 36
01 41 35
05 40 35
12 38 35
13 41 37
13 41 34
13 39 35
15 39 34
16 40 34
17 40 35
17 40 35
16 39 34
15 39 34
17 39 35
15 38 34
14 40 35
12 38 35
11 40 35
08 40 35
01 39 34
02 39 33
12 40 36
16 40 38
14 38 37
12 38 36
15 38 36
17 39 37
18 39 36
17 38 37
16 38 38
16 39 38
16 39 38
16 39 38
18 40 37
17 39 40
15 39 39
13 40 39
08 40 38
01 42 36
07 41 37
12 41 37
14 42 37
12 39 36
12 39 37
13 39 34
14 39 35
17 39 35
15 39 35
16 37 35
17 38 35
16 38 34
18 39 34
16 40 34
14 39 35
12 40 35
09 39 37
06 41 34
03 39 35
11 40 37
15 40 37
15 38 37
12 37 35
12 38 36
14 39 37
15 39 36
18 38 36
18 39 37
17 38 36
16 38 37
17 40 37
17 39 37
18 39 37
17 42 38
13 42 37
09 41 35
02 43 35
03 42 35
09 42 35
11 42 35
12 40 34
13 38 35
13 37 35
15 38 34
15 38 35
16 38 34
18 39 35
17 39 34
17 38 34
17 39 36
15 38 34
12 42 34
10 39 34
07 39 34
02 40 34
04 40 34
13 42 38
14 41 38
14 37 36
12 36 36
15 37 38
16 40 37
17 39 38
17 37 37
18 37 38
16 37 37
16 37 38
18 38 37
17 40 37
16 38 38
13 38 39
10 37 36
00 40 37
00 40 35
09 41 36
13 40 35
11 40 36
12 38 34
13 38 34
14 39 35
16 38 35
15 38 35
17 36 33
16 38 34
17 37 34
18 38 33
16 40 34
16 39 34
12 40 34
10 38 34
08 40 35
02 39 34
04 38 34
13 40 38
15 39 37
12 37 37
11 37 35
14 37 37
17 39 36
17 39 37
19 37 37
18 38 37
16 37 39
15 39 37
17 38 38
16 38 39
16 39 39
13 38 38
09 38 36
01 41 35
00 41 35
09 40 34
13 41 35
11 39 35
11 37 34
13 40 33
15 37 33
17 38 34
17 38 34
18 36 33
16 38 34
15 38 34
16 38 34
16 40 34
13 40 34
11 38 33
09 40 34
03 38 34
02 39 32
11 40 35
14 39 37
13 38 35
12 36 33
13 35 36
16 37 36
18 39 35
18 38 36
19 37 36
17 37 35
16 37 37
15 38 36
16 38 37
16 39 38
14 39 38
11 38 37
06 39 35
00 41 34
02 40 34
10 40 34
12 40 34
12 38 35
12 38 34
14 37 34
15 40 33
16 38 33
16 39 33
17 37 34
16 38 35
16 39 34
15 38 34
15 38 33
14 39 35
09 38 33
06 40 33
01 40 32
06 39 34
15 38 38
13 37 36
12 36 34
12 37 35
15 38 36
17 37 37
17 37 35
18 38 37
18 37 35
17 38 36
15 39 37
15 38 37
17 39 37
16 40 39
15 39 38
09 38 37
06 39 36
00 41 37
07 41 36
10 40 36
12 40 37
12 40 37
12 39 35
11 38 35
13 37 34
14 38 34
16 36 34
17 36 34
17 38 33
19 37 34
19 39 34
17 39 35
15 39 35
13 40 35
11 39 35
08 39 36
02 41 34
04 39 34
13 41 38
16 38 39
14 39 37
14 35 36
14 37 36
15 39 37
16 39 35
15 38 37
17 38 36
17 39 37
14 40 37
16 39 37
17 41 37
17 39 38
15 38 39
11 39 37
03 39 37
03 41 36
08 41 36
14 41 36
13 40 36
12 38 34
13 38 35
13 38 34
13 39 34
14 38 33
15 37 33
16 38 34
17 39 33
16 38 34
17 39 34
15 38 34
15 39 35
13 39 35
12 41 35
11 39 34
04 39 33
03 39 34
11 41 37
16 40 39
14 38 37
11 36 36
12 37 36
14 39 36
15 38 36
17 39 37
16 36 38
16 38 36
15 37 37
16 39 35
16 36 37
15 37 37
15 38 37
14 39 36
14 39 37
10 39 37
03 39 35
04 40 34
10 39 34
14 39 35
16 40 35
13 38 35
11 38 33
11 39 35
12 38 34
14 38 33
13 38 34
16 38 35
15 37 35
14 38 34
13 39 35
14 39 33
13 41 34
14 42 34
13 41 35
12 41 33
09 41 33
06 43 33
11 41 35
15 40 36
16 36 34
16 35 32
13 36 32
10 37 32
11 36 31
14 36 32
15 36 31
13 37 32
14 35 31
13 35 32
14 36 33
13 34 32
13 34 31
14 33 31
12 34 31
13 37 34
11 40 33
08 40 33
04 39 30
10 40 31
13 38 34
18 41 36
16 39 33
12 37 33
10 38 31
09 40 30
11 40 31
14 41 33
14 41 32
14 39 33
15 40 31
13 39 32
15 41 32
16 41 32
15 40 32
13 40 31
12 40 32
10 39 31
08 38 31
04 38 30
08 37 32
15 35 33
17 33 34
15 34 32
14 34 33
10 37 35
10 38 33
12 37 34
15 38 36
15 38 36
15 36 35
15 37 35
14 38 36
14 38 35
