12 36 33
12 36 33
12 36 35
12 36 34
13 36 34
13 36 34
13 37 34
12 36 35
12 35 35
14 36 35
14 36 35
13 36 36
13 37 34
13 37 35
13 37 35
13 36 36
12 37 35
09 38 35
10 36 35
11 36 35
11 37 34
11 37 34
10 37 34
10 36 34
13 36 34
13 36 32
13 36 32
13 36 31
13 36 31
12 37 33
11 38 32
12 37 31
11 37 31
11 37 31
12 37 32
13 37 32
13 38 32
12 37 32
12 38 31
12 38 32
12 37 33
11 37 33
10 37 33
09 35 32
11 37 33
12 37 33
11 36 33
11 36 34
15 34 33
15 32 32
16 33 32
14 35 32
13 38 33
12 38 33
12 37 34
14 36 35
13 38 37
11 34 36
12 37 35
12 37 35
12 38 35
13 35 34
13 37 35
13 37 34
13 36 34
13 36 34
10 37 34
09 38 34
09 36 33
08 36 32
10 37 32
11 37 32
13 38 33
13 36 32
15 36 32
14 35 31
12 37 31
12 36 30
12 37 30
12 37 29
13 38 30
13 36 31
12 36 30
12 35 30
11 33 31
12 35 32
09 35 30
08 34 31
10 37 32
13 35 32
15 35 32
14 35 34
13 34 34
12 35 33
12 35 33
12 35 35
12 35 33
14 36 35
14 35 34
16 35 35
15 36 35
13 37 33
12 37 35
12 36 34
12 36 33
09 35 33
05 38 34
08 37 32
08 36 32
10 37 31
14 36 32
15 34 32
15 35 31
14 36 30
13 35 29
12 34 30
13 34 30
13 34 29
13 34 30
12 34 32
12 36 32
10 35 31
11 34 31
10 36 31
07 32 28
08 34 30
13 36 32
15 34 33
13 35 34
13 34 32
13 35 34
14 34 36
13 35 35
13 35 36
13 38 34
12 37 36
12 37 35
15 36 35
12 37 34
14 38 34
10 36 33
06 38 33
05 35 33
09 35 32
13 39 32
16 37 33
13 37 32
12 36 31
12 37 31
14 37 30
15 37 30
16 38 32
16 37 31
15 36 30
16 36 30
14 36 29
12 37 29
11 34 30
11 37 31
06 38 29
06 39 33
09 39 33
13 38 33
14 36 32
13 37 32
13 37 33
12 36 33
12 35 33
13 33 32
12 34 31
14 35 32
14 34 34
15 35 35
14 35 34
14 36 34
13 36 33
09 36 31
04 37 31
04 37 30
12 37 31
16 36 31
14 39 31
11 41 31
13 38 29
14 37 29
14 39 30
14 40 30
16 38 30
14 36 32
14 36 30
13 38 31
12 36 32
13 35 33
11 38 33
09 37 32
06 36 31
08 37 31
14 37 33
13 39 32
13 37 32
11 35 32
13 35 34
15 36 34
14 37 34
13 37 35
14 37 35
15 37 35
15 37 36
14 37 36
14 35 34
14 38 35
09 39 34
03 40 33
04 37 31
12 37 33
13 38 32
12 38 32
12 38 31
11 36 29
14 36 29
15 37 30
15 35 30
13 36 30
13 37 30
13 36 31
12 36 31
13 36 31
12 38 32
10 37 31
10 37 32
06 38 30
04 37 32
10 40 35
13 40 34
15 37 33
15 35 31
13 36 31
10 38 33
11 39 33
12 38 33
13 35 33
14 36 32
13 35 32
15 35 32
15 35 34
13 36 32
16 35 33
15 36 33
11 35 32
07 38 31
06 38 31
11 36 32
11 36 31
11 38 31
10 38 31
11 36 30
14 36 30
16 39 31
14 38 31
13 38 30
14 37 30
11 37 30
11 37 29
10 37 31
10 37 31
10 36 30
07 33 29
10 36 31
12 35 31
13 33 31
12 31 29
13 30 29
12 31 30
14 34 33
11 34 35
12 37 35
13 38 34
14 39 34
13 40 34
11 41 35
12 41 35
12 41 34
12 40 35
13 39 33
07 42 32
08 38 30
13 36 30
16 38 31
13 38 30
11 35 30
12 30 30
13 34 29
14 34 30
14 34 30
14 35 31
12 36 30
10 35 30
09 37 31
08 36 32
06 36 32
07 41 34
09 41 36
12 41 37
16 37 34
13 35 33
11 37 34
11 38 35
10 37 35
11 38 36
12 36 36
14 37 34
14 35 34
16 33 35
16 34 35
15 36 35
15 36 34
15 36 34
13 36 35
03 41 34
04 40 33
12 37 34
12 40 34
12 41 32
11 39 32
13 39 30
14 38 30
14 39 31
14 40 31
14 38 31
13 38 31
13 37 30
13 36 30
12 36 32
12 35 31
12 36 31
10 35 31
06 35 31
10 37 32
12 36 32
13 36 30
13 36 31
13 33 31
12 34 32
12 36 33
13 35 34
13 35 32
14 35 32
16 37 34
14 37 35
14 38 35
13 39 36
13 38 35
13 37 34
09 37 33
04 39 32
06 38 33
12 36 33
12 36 33
12 36 32
12 37 31
11 35 28
12 34 29
13 33 29
13 35 29
14 36 31
15 35 30
15 35 30
14 33 31
13 34 31
13 34 30
10 38 31
09 38 31
07 37 32
04 36 31
08 40 34
12 41 36
15 38 33
16 35 30
14 36 32
13 36 32
12 36 32
11 35 33
13 35 34
12 37 34
11 35 35
14 35 34
13 33 35
14 36 35
15 34 35
16 36 34
15 35 34
12 36 34
12 36 34
07 37 32
02 43 33
07 40 33
11 37 32
12 37 32
10 37 32
10 37 32
13 37 31
15 37 32
17 38 31
15 38 32
14 36 31
12 35 31
12 35 31
12 37 31
11 38 33
12 36 31
11 38 31
11 37 31
11 38 33
10 40 33
12 38 34
12 38 35
12 38 34
11 38 33
13 38 34
13 36 35
13 35 36
13 36 35
14 38 36
13 39 34
14 37 33
13 37 34
15 38 35
15 38 34
13 37 33
12 37 35
13 39 34
11 39 33
11 39 35
11 38 33
12 38 32
15 37 32
12 38 32
12 39 31
12 37 31
12 36 31
13 37 31
13 38 31
14 38 32
11 38 32
11 36 33
10 37 31
11 36 34
13 36 33
14 36 34
13 38 34
14 37 34
13 36 33
12 36 35
11 37 35
11 36 34
11 37 34
12 37 34
12 37 36
13 36 35
13 37 35
12 38 36
13 38 36
13 38 36
13 36 35
13 36 36
12 35 35
12 36 35
12 37 35
10 36 34
11 37 34
12 38 34
12 37 33
12 36 34
12 37 34
12 36 34
12 37 33
13 38 34
12 37 33
13 37 33
12 37 33
13 38 33
13 38 33
13 36 33
13 38 34
13 38 33
12 37 34
12 38 34
13 37 34
12 37 34
12 38 33
11 37 33
12 38 32
12 38 33
12 36 33
12 37 33
12 37 34
11 37 33
12 38 34
13 36 34
12 36 33
11 36 33
11 36 33
12 37 34
12 36 34
12 35 33
14 37 33
12 38 33
12 37 34
12 38 34
12 37 34
13 37 34
12 38 34
12 38 34
12 38 34
13 37 34
12 38 33
12 38 33
12 37 34
13 36 33
12 37 33
12 37 32
12 37 33
12 37 34
13 38 33
11 35 33
12 37 33
12 37 34
11 37 33
12 36 33
12 37 33
12 38 32
13 36 33
13 36 34
12 37 33
12 38 34
13 36 33
12 38 34
12 37 34
12 37 33
14 36 33
13 38 32
13 38 33
13 36 34
10 36 34
14 37 34
13 38 34
12 38 34
12 37 34
13 36 34
13 36 34
13 37 33
13 37 34
12 37 33
13 38 34
12 37 33
13 36 34
12 36 34
11 39 34
13 37 35
13 38 34
12 37 34
12 38 34
12 38 34
12 39 34
12 38 34
12 37 34
12 39 33
12 37 33
14 37 34
12 38 34
12 38 33
12 36 34
13 37 35
12 39 35
13 38 34
13 38 34
12 37 34
12 38 34
12 37 33
12 37 34
12 37 35
12 37 34
12 37 34
12 38 34
12 38 33
13 38 34
12 38 34
12 37 34
12 38 34
