17 39 42
17 39 42
15 39 42
16 40 41
16 41 41
16 40 42
15 40 42
15 39 43
15 40 41
15 39 42
17 40 42
16 40 42
16 40 43
15 38 42
16 39 42
18 40 42
17 41 43
16 40 43
17 39 43
16 40 43
16 39 43
17 41 44
17 41 44
17 41 45
17 41 45
18 40 45
20 43 44
19 44 43
19 45 45
16 46 44
14 45 45
17 42 45
19 43 44
21 43 44
21 41 44
20 41 44
19 43 45
19 44 45
20 43 45
22 42 45
22 42 46
22 41 46
21 42 45
18 42 45
18 44 45
18 43 47
17 43 47
21 41 46
20 41 44
21 42 44
18 41 44
17 42 43
17 42 42
18 43 44
18 42 45
17 42 44
17 40 45
19 40 46
21 40 45
20 40 46
21 39 45
22 42 46
23 41 47
23 40 46
24 42 47
22 41 47
20 42 47
20 43 48
19 43 49
21 43 48
18 45 47
18 47 48
16 45 46
20 42 45
22 41 43
24 42 44
24 44 43
20 48 44
22 48 45
23 46 45
25 43 46
24 43 45
23 43 45
23 42 45
22 44 45
22 44 45
22 46 45
19 47 46
20 46 47
19 46 48
19 48 47
17 47 47
19 45 47
18 42 43
18 41 43
19 39 41
19 40 41
20 41 44
23 40 44
22 39 44
23 41 45
21 42 46
22 42 47
22 42 48
23 41 47
22 44 47
20 44 49
19 43 48
20 43 47
19 46 47
16 49 48
18 45 44
21 44 44
24 44 43
24 45 43
21 46 43
21 46 43
24 45 43
25 44 44
25 45 45
24 47 44
24 45 44
25 46 44
25 46 45
23 48 45
21 48 47
21 47 48
18 48 46
17 48 45
16 48 47
17 44 45
16 43 44
17 41 41
18 40 40
20 43 42
20 43 43
21 40 41
23 41 43
22 41 43
22 41 43
23 41 44
21 42 44
21 42 44
19 43 45
18 43 46
18 43 46
18 45 45
18 43 47
17 45 47
12 48 47
15 44 44
18 44 43
20 43 42
18 42 42
17 42 42
16 43 42
18 42 41
19 41 42
20 42 42
20 39 43
20 41 41
20 41 42
21 40 44
20 42 43
17 43 45
16 44 46
16 43 48
15 43 48
14 43 46
14 45 46
18 42 44
16 41 42
16 42 42
16 42 42
17 42 43
18 43 43
21 45 42
21 43 44
21 43 45
22 43 46
21 43 47
23 41 48
25 38 50
26 38 52
25 36 52
25 38 52
27 38 51
28 40 49
29 44 50
24 44 53
21 44 50
24 44 48
26 43 47
25 43 48
23 41 47
22 42 47
24 41 47
26 41 46
26 40 46
25 41 46
25 43 46
25 42 48
25 44 48
24 44 48
26 45 49
24 45 52
23 44 50
20 45 51
19 44 51
19 41 49
20 40 48
20 38 45
20 40 46
20 41 45
22 41 45
20 40 46
20 40 45
21 41 46
24 41 46
23 42 47
23 40 47
21 40 47
21 41 47
20 42 47
18 42 48
19 43 48
18 42 47
19 41 46
20 43 45
18 44 46
15 47 45
17 46 46
20 44 45
24 44 44
23 44 42
20 45 42
18 46 43
19 45 41
22 45 41
24 44 41
23 46 43
23 46 43
23 47 43
23 46 45
23 47 46
22 45 48
21 46 45
22 46 43
22 46 43
21 46 44
21 46 48
21 44 47
17 44 46
16 44 42
15 45 42
16 43 41
17 41 42
18 40 42
18 41 43
18 40 43
19 44 43
21 43 44
19 44 43
18 44 43
19 43 43
19 43 42
20 45 42
19 43 44
19 45 43
19 45 43
20 45 42
19 46 42
21 45 41
20 45 41
17 46 41
13 47 44
14 46 45
14 43 41
16 43 41
18 44 42
16 45 41
16 45 41
15 44 40
16 43 40
17 42 41
18 44 41
19 44 40
18 44 42
18 43 42
19 44 42
20 45 42
20 45 42
20 43 44
20 43 43
20 44 43
22 43 44
21 44 43
19 44 44
18 45 44
18 46 46
17 45 47
19 45 47
19 41 47
21 39 45
21 39 44
22 38 43
19 40 44
19 40 46
20 40 47
21 41 46
20 41 47
18 41 48
19 40 49
21 39 48
22 39 47
22 39 46
22 40 45
23 38 44
20 42 45
19 40 44
18 40 41
14 42 42
11 41 43
11 38 43
10 39 44
12 41 43
14 38 44
17 36 43
17 38 44
16 40 43
16 38 43
16 41 42
16 40 42
16 41 42
17 39 42
17 40 42
16 41 42
14 41 42
15 41 42
16 41 42
17 41 42
17 41 42
16 40 43
16 41 43
17 42 43
18 40 42
16 41 43
16 41 43
16 40 43
15 39 42
15 39 42
16 40 42
15 40 42
16 40 43
15 40 42
15 39 42
16 40 41
15 39 41
14 40 43
15 39 43
15 40 42
14 38 42
15 39 41
16 40 42
17 40 41
14 40 42
15 39 42
14 39 42
16 39 41
16 38 43
15 38 42
15 38 42
15 39 40
16 40 41
16 39 41
16 39 42
15 40 42
