19 48 33
19 48 34
19 48 33
21 48 31
20 49 32
20 49 33
17 48 34
18 48 33
19 48 33
20 50 32
19 48 33
19 47 34
19 50 33
19 49 32
20 49 33
20 48 33
20 49 32
19 48 31
19 48 31
19 49 32
20 48 31
19 48 31
18 48 32
18 48 32
18 46 32
18 47 31
18 47 31
19 47 31
18 46 30
18 47 31
18 48 31
18 49 30
16 48 28
14 48 30
11 50 28
11 49 32
08 46 33
10 46 27
16 40 29
15 37 35
14 41 35
14 40 34
16 41 33
17 43 33
19 44 35
19 45 35
20 43 34
21 43 34
20 43 37
20 43 36
20 47 35
21 50 36
17 53 42
15 47 38
17 44 39
11 51 47
10 52 38
13 44 37
19 43 37
20 47 35
19 46 34
18 47 36
19 46 32
19 43 35
20 43 35
18 50 35
17 50 33
18 47 34
20 49 35
22 49 35
22 47 35
20 47 35
17 48 35
15 48 34
17 48 34
17 49 34
15 51 32
11 52 36
08 48 36
05 46 34
07 37 34
08 37 40
13 36 37
16 41 33
21 43 33
25 45 35
26 46 35
24 44 38
21 44 39
21 44 39
19 43 36
22 42 37
22 46 37
20 49 40
16 51 39
13 53 38
18 51 36
18 54 39
13 56 41
10 52 35
11 42 33
14 35 34
16 44 34
17 48 30
19 49 30
20 46 30
20 39 31
19 38 32
18 44 32
17 47 32
18 45 33
17 45 32
19 48 32
19 46 34
16 44 32
16 45 30
16 50 32
14 48 31
09 49 32
08 49 28
08 50 28
10 41 31
09 36 38
11 38 37
17 41 30
20 45 30
24 46 33
25 45 35
23 43 35
20 39 36
20 40 36
21 44 36
21 47 36
21 48 38
20 50 41
14 55 38
14 56 35
18 55 32
24 53 32
21 53 43
11 62 40
08 51 35
16 28 29
14 36 32
16 45 31
18 48 30
20 48 30
22 40 30
20 37 31
17 43 32
13 49 31
15 49 25
18 48 27
21 47 32
22 43 34
20 47 33
15 48 32
13 44 31
14 47 33
12 50 30
11 56 27
10 51 29
10 49 31
13 43 28
12 36 33
10 38 36
11 41 34
16 44 32
22 46 31
26 44 32
27 43 34
26 43 37
24 42 38
21 41 37
20 44 33
19 47 37
17 52 41
13 58 39
14 53 35
20 51 36
24 47 49
16 58 45
06 54 36
12 35 31
14 36 32
18 42 33
19 49 32
19 50 34
19 46 32
22 41 30
20 42 31
18 45 32
18 48 31
18 46 29
19 45 32
19 45 32
17 49 34
17 47 31
14 47 30
15 49 33
14 49 33
09 53 31
08 53 28
08 50 30
11 42 33
11 35 37
12 36 36
14 42 32
19 45 32
22 45 34
26 45 34
27 45 35
24 42 36
22 40 36
21 41 36
20 44 36
20 49 38
18 53 40
14 56 34
14 58 35
22 56 35
17 55 48
11 53 34
03 52 34
14 27 30
16 32 34
18 45 31
18 53 30
19 48 30
20 42 31
21 38 31
19 42 33
18 50 31
17 48 31
18 44 31
19 48 31
18 50 34
19 47 31
17 45 30
15 49 30
15 49 33
11 47 31
06 48 30
05 49 26
09 44 29
09 34 36
09 35 40
10 40 35
17 44 31
23 47 31
28 45 33
29 43 36
26 40 38
24 38 39
21 41 38
18 44 36
18 47 37
17 50 38
16 52 39
16 57 37
19 57 37
22 53 38
15 56 39
07 53 34
12 40 31
13 27 33
13 35 36
15 50 31
17 56 28
20 49 29
22 41 32
22 39 33
18 43 32
17 47 29
18 47 31
19 46 31
19 47 33
20 47 32
17 46 31
16 49 32
17 49 32
14 48 31
06 49 32
04 49 28
06 47 31
07 37 35
06 35 37
08 36 36
13 40 33
19 45 33
25 46 33
27 46 36
27 45 37
25 41 37
23 41 38
19 44 36
21 45 36
21 49 37
18 54 37
16 56 35
16 60 35
22 56 32
23 55 38
17 53 38
08 51 37
11 41 34
14 30 33
14 42 32
15 50 29
17 54 29
21 45 32
22 41 34
22 40 33
23 44 32
21 45 31
19 46 33
17 47 32
19 49 31
18 47 31
17 47 31
14 46 31
15 47 33
14 48 33
12 53 29
10 52 29
12 50 29
12 46 30
09 39 33
08 38 35
08 39 33
14 43 30
21 45 31
26 44 33
27 44 35
27 41 36
24 40 37
22 38 35
21 43 35
20 45 35
18 51 37
16 56 39
15 56 35
18 56 34
20 53 36
19 57 45
13 57 36
11 46 34
14 30 37
15 37 34
16 47 31
18 51 30
20 50 32
21 40 33
21 36 32
19 43 31
18 48 30
18 49 31
19 44 31
19 45 32
17 48 33
17 47 29
15 49 29
15 52 31
14 49 30
10 52 30
06 49 30
06 44 27
07 38 31
06 37 37
07 40 36
12 42 31
19 44 30
23 44 33
27 45 34
29 45 34
28 41 36
26 39 36
23 44 36
20 44 38
16 50 39
15 53 38
16 58 34
20 56 36
24 56 38
19 54 44
11 54 34
07 50 33
13 38 30
13 30 30
14 39 35
15 48 33
18 50 30
21 45 30
22 40 32
20 39 34
19 43 31
18 49 30
19 46 29
19 45 30
18 48 32
19 47 33
17 47 30
14 49 30
15 50 31
13 51 31
09 51 29
09 49 27
10 46 29
10 36 33
06 35 37
08 40 36
14 46 31
19 49 30
26 47 31
28 43 34
28 40 35
27 38 37
22 38 38
20 41 36
19 47 36
18 52 36
14 58 39
11 59 40
18 52 36
21 50 37
15 57 44
09 61 37
15 40 31
15 32 30
15 38 33
16 45 30
18 49 31
21 45 30
22 41 31
21 40 33
18 43 31
17 45 30
17 47 29
17 47 28
20 46 29
19 47 32
17 46 31
17 48 31
14 50 31
14 50 33
13 52 30
10 54 29
12 50 30
12 43 29
11 38 35
09 41 36
09 41 33
15 43 33
20 45 31
25 43 30
28 43 33
27 41 36
25 39 38
23 41 37
22 44 35
19 47 36
15 52 39
12 56 38
13 55 37
21 53 37
19 54 48
17 57 39
10 52 34
14 36 32
14 34 31
15 40 34
15 48 31
18 53 29
21 46 29
21 40 33
21 39 34
20 43 32
19 45 31
18 46 32
20 47 31
19 49 33
18 49 31
17 48 30
16 49 31
15 50 31
17 51 32
13 52 30
09 47 31
08 50 29
09 43 30
07 34 34
04 38 35
09 42 31
17 45 30
22 46 30
27 44 34
28 42 36
28 40 37
24 38 38
21 39 38
20 44 36
18 48 35
16 53 35
13 56 37
13 57 38
20 53 33
22 56 40
17 55 41
09 52 37
11 40 32
14 30 33
11 40 33
16 47 30
18 52 30
23 46 30
22 40 32
21 39 32
19 44 33
17 50 31
18 47 30
20 46 31
20 47 32
19 47 31
19 46 30
16 48 31
16 50 32
13 50 30
08 53 29
08 50 28
10 46 31
11 39 35
08 35 36
07 40 34
13 43 32
19 46 31
22 46 31
26 43 34
27 44 35
26 40 37
24 38 38
23 41 37
20 44 35
21 48 37
18 52 37
14 55 36
11 59 38
19 55 35
18 54 41
12 57 40
10 52 34
17 34 30
14 35 33
14 41 33
16 49 27
18 50 33
19 42 31
20 38 29
21 44 31
18 49 34
20 47 33
20 47 33
22 47 33
21 48 32
18 49 31
16 46 31
15 47 31
16 49 33
15 51 31
12 56 30
10 53 30
11 48 30
10 40 35
07 35 37
09 40 36
13 45 33
19 47 32
23 47 32
27 44 32
27 41 34
27 37 36
24 38 36
21 40 37
21 45 34
17 52 40
15 56 41
11 58 39
16 54 33
21 54 32
20 54 44
13 59 40
09 49 33
14 32 30
12 38 32
14 43 30
16 48 29
19 48 30
21 42 32
22 39 34
21 41 34
18 47 31
17 51 30
18 47 30
19 46 30
20 48 34
18 46 31
16 47 29
15 51 31
14 48 31
10 50 29
07 50 30
09 49 27
09 43 30
07 34 38
07 38 36
13 42 30
18 44 31
25 45 31
28 45 33
29 43 36
27 39 38
23 39 38
20 40 36
20 44 34
18 51 36
17 55 41
15 58 37
16 56 34
24 55 36
19 54 48
10 55 37
07 47 32
13 30 29
11 31 31
13 37 35
15 47 33
16 52 28
21 46 29
20 40 33
20 41 34
19 47 33
21 51 31
20 49 33
22 48 33
23 48 32
22 50 31
20 51 30
17 53 33
18 49 32
16 52 30
12 54 33
11 50 32
11 48 32
09 42 36
06 39 38
08 40 35
14 44 32
19 46 30
26 45 31
29 44 34
30 43 40
28 42 39
25 41 38
23 43 35
20 47 34
18 53 35
14 59 40
14 58 37
21 51 35
24 51 41
17 58 47
12 56 34
13 41 33
14 35 33
15 40 32
16 44 31
16 49 30
21 46 29
22 41 32
21 39 32
20 41 32
18 45 31
18 49 31
17 48 30
19 47 31
18 48 33
17 48 32
15 48 30
16 49 31
15 49 33
11 50 29
07 52 29
09 50 28
11 43 29
09 35 37
08 40 38
11 44 34
17 46 31
23 45 31
27 45 33
29 43 34
26 42 36
24 39 38
22 40 39
20 44 37
19 49 38
18 54 40
12 58 40
14 55 37
24 51 35
23 51 48
13 56 40
09 52 34
14 32 30
13 36 32
16 42 33
17 48 30
20 48 30
21 42 31
21 39 33
20 43 33
18 48 31
17 48 31
18 45 29
19 46 31
19 47 32
18 46 32
17 45 29
16 48 32
14 50 33
13 49 31
07 52 30
07 53 26
10 48 30
12 39 33
09 34 39
09 36 37
13 44 30
19 47 29
25 47 31
26 45 34
27 44 36
25 40 38
24 40 39
22 42 37
21 44 36
21 49 36
17 57 39
11 60 39
15 54 35
20 51 38
13 56 47
12 54 34
14 38 35
15 33 34
16 41 33
17 45 30
17 50 30
19 45 30
20 40 31
19 41 34
18 44 32
17 48 31
17 48 31
18 47 29
20 47 31
20 46 31
19 47 30
18 46 30
16 49 32
16 46 33
15 46 30
09 51 29
06 50 29
09 51 28
12 42 30
12 39 33
11 32 35
08 37 35
13 42 31
19 46 30
24 46 32
27 44 37
26 44 38
24 41 38
23 42 35
21 45 33
20 47 34
16 51 39
14 53 40
14 55 35
19 55 36
24 51 34
21 56 44
17 60 41
10 53 37
13 34 33
16 36 32
18 41 31
17 47 31
16 48 32
16 45 31
16 42 32
16 43 31
17 45 31
15 45 32
13 46 32
16 46 31
17 47 31
18 48 33
17 47 32
15 48 31
17 45 31
18 45 31
20 49 30
21 48 32
18 48 32
19 47 32
16 47 33
15 45 31
15 48 32
17 48 35
16 45 38
16 42 40
14 42 38
14 44 34
16 43 32
17 42 33
16 44 36
16 44 34
15 46 33
14 48 37
17 47 35
18 46 36
21 46 36
20 48 38
21 47 36
22 46 35
20 46 39
17 47 38
15 45 37
15 43 34
12 46 35
14 51 33
16 51 32
17 42 35
18 38 37
17 42 36
16 46 33
15 48 32
15 48 33
17 45 32
18 48 31
19 51 30
19 51 30
19 48 31
21 47 33
19 46 33
18 47 33
18 49 33
17 47 34
16 48 32
15 47 31
17 49 32
19 48 33
21 48 33
21 49 33
21 49 33
19 49 33
17 47 32
16 48 34
16 48 34
16 48 34
18 48 33
20 48 33
21 48 33
20 46 35
19 46 35
17 44 36
16 44 35
17 44 32
16 45 32
19 47 35
18 48 36
17 51 35
15 53 35
15 52 36
17 49 37
19 46 36
21 45 35
23 44 37
21 44 36
18 45 36
18 47 34
14 49 35
11 50 34
14 47 32
18 44 34
19 42 35
18 44 36
19 45 35
18 47 33
17 46 34
16 48 34
17 48 36
18 49 35
20 49 36
19 50 36
18 48 36
17 48 34
18 48 34
17 49 33
17 47 33
17 44 34
16 48 34
16 47 33
17 45 34
16 46 33
17 45 33
16 46 32
15 44 33
16 47 33
16 45 32
17 44 31
17 45 34
16 45 34
17 45 34
16 45 32
17 46 33
17 44 33
15 45 33
16 44 33
15 44 34
15 45 33
15 44 33
15 45 32
16 45 33
16 46 33
15 43 34
