41 36 51
41 36 51
41 36 51
40 35 52
40 35 52
40 35 54
40 34 53
42 34 52
43 35 51
43 34 51
44 35 50
43 36 48
42 37 48
40 40 47
41 40 47
42 39 46
42 42 46
42 44 44
42 46 44
41 45 43
43 42 43
41 43 42
39 46 41
38 44 42
36 44 43
33 50 43
34 46 42
31 42 42
29 49 45
27 50 45
25 44 41
24 43 42
22 50 47
17 48 44
17 41 41
16 42 45
13 45 44
12 42 42
10 41 41
10 41 40
09 41 41
10 42 39
10 39 38
10 39 39
10 39 39
10 40 38
11 40 38
11 40 37
12 36 38
13 36 38
13 39 37
10 37 35
11 37 36
12 38 34
13 36 35
13 37 35
14 36 34
13 34 35
13 36 34
12 36 34
12 37 34
12 36 34
13 36 35
12 35 35
13 37 35
11 36 36
12 36 34
12 36 35
12 35 34
13 35 35
13 35 35
12 35 34
11 36 35
12 34 34
13 34 34
14 35 35
13 35 34
12 35 35
12 34 34
11 34 34
12 36 35
12 36 34
12 38 35
11 37 34
13 37 34
13 35 35
13 35 35
13 35 35
12 36 35
12 35 34
13 36 37
13 36 36
12 36 35
12 35 35
13 36 35
12 36 35
12 37 35
11 35 34
12 37 36
11 37 35
13 34 35
13 36 36
12 36 35
12 35 35
12 36 35
13 36 35
13 36 35
13 36 35
12 36 34
12 37 35
12 35 35
12 36 34
13 36 35
12 35 35
12 36 34
12 36 33
12 34 33
13 36 34
14 37 35
14 35 34
13 37 34
12 37 35
12 35 35
10 37 35
11 37 36
12 38 37
11 37 37
13 37 37
15 36 38
14 37 39
14 38 38
12 39 38
13 40 38
11 39 38
13 38 38
12 38 39
12 38 37
10 36 37
11 32 36
14 32 35
09 33 35
05 34 34
08 34 34
13 32 34
10 33 33
12 33 33
12 32 32
13 33 30
13 34 31
15 35 31
12 34 31
14 34 31
13 34 31
12 35 32
14 35 30
13 35 31
10 36 33
08 36 32
09 36 33
10 36 35
06 36 34
03 36 35
12 35 37
12 36 40
13 35 38
14 33 36
15 32 36
15 35 36
14 33 34
15 35 34
14 35 35
12 35 34
12 35 34
14 35 34
13 37 34
13 37 35
11 35 35
09 36 34
10 36 35
05 37 34
07 38 34
13 36 34
11 35 33
09 35 34
13 34 32
14 34 34
16 34 34
14 36 33
13 36 33
14 36 33
14 36 34
12 37 34
11 38 34
10 38 33
07 36 34
09 35 34
04 36 35
03 37 34
13 34 36
16 35 39
14 36 39
14 35 37
15 34 37
16 33 37
16 36 37
16 36 36
14 36 37
11 36 37
13 35 39
14 35 39
13 35 38
09 36 36
08 36 37
10 35 36
04 36 35
06 35 36
11 34 34
12 34 32
10 34 33
11 33 31
15 32 32
16 32 31
14 32 32
15 34 33
14 34 33
15 34 33
12 35 34
12 34 34
10 36 34
08 37 35
06 38 34
08 35 34
03 37 36
04 36 34
13 35 35
18 35 39
16 34 38
15 36 36
17 38 36
15 38 37
16 37 37
14 38 38
13 40 38
10 39 37
11 38 37
11 38 37
10 36 38
09 36 36
10 37 36
11 35 35
07 36 35
08 37 36
10 37 34
09 36 33
09 35 33
12 33 33
17 33 33
15 36 33
16 35 33
15 36 34
16 38 34
12 36 34
13 39 35
10 38 35
09 37 36
05 39 36
08 39 36
05 38 36
03 39 36
11 39 37
15 40 39
13 40 39
15 39 38
16 37 36
16 36 37
16 36 35
15 36 36
14 36 36
14 37 36
15 38 36
14 36 36
13 36 35
11 37 37
10 36 35
07 35 36
03 36 35
03 37 35
09 37 33
11 35 33
11 33 31
12 31 32
15 33 32
16 33 32
15 33 32
16 36 31
14 35 31
12 36 32
10 37 34
10 39 33
10 37 33
08 37 34
09 38 36
08 38 36
03 38 37
07 37 37
13 37 39
15 39 38
14 39 37
14 38 37
17 37 38
16 37 37
15 37 37
13 38 37
13 36 37
12 37 37
12 37 36
13 37 37
10 37 36
09 37 36
10 37 35
05 37 36
04 37 35
12 37 34
13 34 32
12 35 33
14 34 33
15 36 34
18 36 33
17 36 33
16 35 34
14 37 34
13 36 34
12 37 35
10 38 34
09 38 35
06 38 35
06 39 35
03 37 37
07 37 37
12 39 38
11 39 39
12 40 37
12 37 37
14 37 37
14 36 37
15 36 36
14 36 36
15 36 36
15 36 36
15 37 36
14 37 36
13 37 36
11 36 36
11 36 35
07 37 34
05 38 35
10 37 37
12 37 35
11 36 32
11 37 33
13 36 35
14 35 35
17 38 34
15 36 35
15 38 35
16 38 35
15 38 34
13 37 34
12 39 34
08 38 35
06 38 36
07 39 38
03 38 36
05 39 35
13 39 37
12 37 37
11 36 36
11 34 35
15 34 36
17 34 36
16 35 34
16 35 34
16 36 35
16 37 36
16 36 36
16 35 36
12 32 35
08 35 35
08 31 33
03 33 32
02 36 33
09 37 33
07 36 32
09 35 34
11 36 34
15 36 35
16 37 36
15 37 35
14 38 35
13 37 35
12 38 35
11 37 35
13 37 34
12 38 36
10 37 35
09 36 35
11 33 36
04 33 37
05 33 37
08 32 38
10 33 38
12 34 41
15 34 40
18 33 40
18 33 38
18 34 39
16 35 38
17 36 38
17 36 38
17 37 37
16 37 36
13 36 35
11 37 36
11 36 35
04 38 35
06 38 35
09 39 38
09 36 34
06 38 34
09 37 36
11 37 35
15 36 34
18 35 36
18 36 35
16 40 35
14 37 33
14 38 34
13 37 34
12 37 34
11 38 34
08 38 33
11 36 34
01 35 34
02 36 33
13 34 38
12 32 37
12 33 38
09 34 35
12 33 35
13 34 37
15 35 36
18 34 35
19 35 35
19 34 36
20 36 36
18 35 35
17 37 36
14 37 35
11 36 34
06 37 34
02 38 35
07 38 37
08 38 35
07 38 34
08 38 35
12 37 36
16 37 36
15 37 34
16 37 35
18 38 35
17 37 35
15 37 35
14 37 35
11 37 36
08 39 36
08 36 36
06 36 37
00 35 35
06 37 36
10 38 37
10 37 36
11 35 36
15 35 36
17 34 36
19 35 35
20 34 34
19 35 35
18 36 35
17 35 34
17 37 35
15 36 35
13 35 35
10 36 34
06 36 35
01 37 34
04 37 37
05 38 36
07 37 35
08 38 36
11 39 34
14 39 34
16 39 35
17 38 36
18 38 34
18 40 34
15 39 34
13 39 34
13 40 33
09 40 35
07 39 35
09 39 35
03 37 36
03 35 36
10 35 35
09 36 37
08 38 36
09 39 35
13 35 35
17 34 35
19 35 35
19 34 35
19 35 35
19 36 34
20 35 35
18 35 34
16 36 35
13 38 35
10 36 34
02 36 34
01 39 36
02 39 36
04 38 35
08 38 35
08 38 36
12 37 36
16 38 35
18 39 36
18 39 36
17 38 35
17 38 35
14 38 34
11 39 34
10 38 34
07 38 33
10 36 34
06 36 36
00 37 34
07 36 36
11 35 39
12 35 38
12 35 36
13 32 34
18 31 35
18 34 35
18 38 35
20 37 34
17 36 35
17 36 35
16 38 34
12 37 35
10 38 35
09 37 35
08 36 33
02 38 35
06 39 37
08 38 35
08 36 34
10 37 35
12 38 36
16 39 35
18 39 36
17 36 36
18 39 34
16 37 35
14 38 34
15 39 34
13 37 34
08 38 35
10 33 34
11 32 37
03 36 38
05 34 35
07 31 38
08 30 37
09 29 34
13 30 34
16 29 34
18 30 32
21 30 33
21 33 34
18 35 33
16 32 34
16 34 36
14 36 36
10 34 36
07 35 36
05 35 36
03 36 37
02 38 37
06 36 37
10 35 36
12 35 37
12 37 36
14 38 35
18 36 36
18 36 35
18 36 34
14 35 34
14 35 33
12 32 34
11 33 34
09 34 34
08 33 33
09 31 33
12 31 34
01 32 33
09 31 31
11 31 36
14 34 37
10 34 35
12 33 34
16 32 35
20 33 35
20 36 35
18 37 36
15 37 35
14 37 37
16 38 37
13 37 37
11 37 38
08 37 38
06 39 36
00 39 38
02 39 40
05 37 36
08 35 34
10 35 35
13 34 36
13 35 35
15 34 35
17 33 35
15 33 33
14 34 34
14 32 32
14 33 33
14 34 33
14 34 34
11 37 33
11 35 33
00 34 33
05 37 32
12 36 35
12 36 38
09 37 37
11 35 34
16 36 33
17 37 36
17 37 36
16 38 35
16 38 37
16 37 37
14 38 38
13 39 38
10 39 39
09 39 39
09 37 40
07 37 39
01 38 41
05 37 38
08 36 36
10 34 38
10 35 36
11 36 36
15 35 35
14 37 35
16 33 35
14 35 34
14 36 34
15 36 33
16 36 34
16 35 34
16 35 36
14 36 35
13 35 35
10 35 34
04 36 34
09 37 35
10 38 38
10 38 40
11 37 36
15 37 36
16 38 36
17 38 36
17 39 37
15 37 37
14 38 36
13 40 37
13 39 37
12 39 37
09 39 38
09 40 38
04 38 36
01 40 39
07 39 37
09 38 35
09 38 36
10 36 35
11 36 34
14 36 34
15 35 32
15 36 32
14 37 33
14 36 33
15 36 34
15 37 32
14 37 34
12 37 34
12 37 34
12 35 35
05 36 35
11 35 36
12 37 36
11 38 37
11 38 37
13 37 35
15 37 36
17 36 35
15 39 34
14 37 37
14 37 35
13 38 38
12 37 37
13 37 37
11 37 38
09 39 39
08 39 38
04 39 38
03 38 40
10 39 36
12 37 35
10 38 34
07 37 34
08 37 34
11 35 33
12 34 32
13 35 32
14 36 32
11 37 33
14 36 32
13 35 32
14 35 32
13 36 33
14 35 33
13 36 34
12 36 33
08 37 35
13 37 36
13 36 36
12 37 37
11 39 36
11 37 38
16 36 38
17 37 37
13 38 37
14 38 37
12 38 38
13 39 38
13 39 39
13 38 38
11 38 39
10 40 38
06 39 38
03 39 38
06 38 37
09 38 34
09 37 35
10 36 34
11 37 33
11 34 33
12 34 33
13 37 33
14 37 32
15 34 32
14 36 33
14 37 33
14 37 33
14 36 34
14 37 34
15 36 35
12 36 35
07 38 35
09 38 36
13 37 38
16 37 38
14 37 37
11 39 37
10 36 38
13 37 39
13 39 39
12 38 39
12 37 39
13 37 38
12 38 38
11 38 39
11 38 38
11 37 38
12 36 37
12 36 35
11 36 36
11 35 35
10 37 35
12 36 35
13 37 34
13 37 34
14 36 36
12 37 34
13 37 34
13 37 35
13 37 34
12 37 34
13 39 36
13 38 35
13 38 35
12 36 35
14 38 35
13 36 35
12 37 37
12 39 36
12 38 36
11 37 36
12 38 34
12 38 35
12 38 35
13 37 35
11 37 35
12 37 35
12 38 36
12 37 35
12 37 36
13 36 36
14 38 35
12 37 35
12 38 37
13 37 36
12 37 36
12 38 36
12 38 35
12 37 35
13 37 35
14 38 35
12 39 36
13 38 36
12 38 36
12 37 36
13 37 36
12 38 35
12 38 36
13 38 35
12 37 35
12 36 36
13 37 34
13 37 36
13 38 35
13 38 35
14 36 35
13 38 35
13 38 36
12 37 36
12 37 36
14 38 36
13 36 35
12 37 36
13 39 36
11 36 35
12 37 36
12 37 36
12 38 35
13 37 36
13 37 35
13 36 37
13 38 36
13 37 36
13 36 36
13 37 37
12 38 36
12 38 35
12 37 37
12 38 36
12 37 35
12 38 36
12 37 36
11 37 36
13 36 35
13 37 37
13 39 35
12 38 35
13 37 35
13 38 36
13 39 36
13 38 36
13 37 35
12 37 35
13 38 35
13 39 37
13 40 37
11 42 37
09 47 37
08 49 38
06 52 39
07 53 40
10 54 40
12 54 40
15 55 40
17 54 40
20 52 40
23 52 39
27 47 39
31 42 37
34 39 37
37 39 38
38 39 38
40 39 40
41 37 42
42 37 43
41 35 45
40 35 47
39 33 50
40 33 52
41 38 54
41 36 54
41 37 51
42 37 53
41 36 51
40 35 50
41 37 54
42 37 52
41 37 50
41 37 50
42 37 51
42 36 52
42 37 51
42 37 51
42 38 52
