15 37 41
61 15 37
61 15 33
61 15 37
14 36 41
13 37 41
14 36 41
13 37 40
14 36 39
14 37 38
14 37 38
13 35 38
13 35 39
13 36 37
13 36 38
13 36 37
11 37 37
11 37 37
12 38 35
11 36 35
13 39 36
14 39 36
15 40 35
15 38 36
14 38 36
13 38 35
14 39 36
14 39 35
13 40 35
13 40 36
13 41 37
12 39 35
13 38 36
14 39 37
14 40 37
14 39 36
14 39 36
13 38 36
12 38 37
12 38 37
07 38 36
06 37 36
12 36 38
14 37 37
15 38 36
11 38 37
12 36 38
14 34 36
16 37 36
16 38 37
16 38 37
16 37 37
14 38 37
14 39 37
14 37 38
12 37 38
14 36 38
12 37 38
13 36 37
09 37 37
07 38 36
10 38 36
10 36 35
10 34 34
12 34 33
13 34 33
13 36 34
14 37 34
14 37 33
15 37 35
13 36 34
13 38 34
12 37 35
16 37 35
15 38 34
14 38 36
12 38 36
12 38 36
10 37 36
11 38 37
09 38 36
10 35 36
09 35 36
10 38 38
13 38 38
14 37 36
15 36 36
15 33 36
15 34 36
14 36 36
15 36 36
14 36 36
15 37 37
16 35 37
16 33 35
15 37 37
13 36 37
13 35 36
10 36 35
07 36 36
06 37 36
08 36 35
10 36 34
11 36 33
10 35 33
13 35 35
14 35 34
15 36 34
12 34 34
14 34 34
14 35 34
14 36 33
14 36 33
13 38 34
12 37 35
14 37 35
13 38 35
13 38 35
12 39 35
09 39 36
05 39 36
06 37 36
09 38 37
11 38 39
16 36 36
16 35 35
15 35 36
15 36 35
13 36 37
14 38 36
15 37 36
15 38 36
16 37 37
15 35 37
14 37 37
13 37 38
11 36 37
10 37 36
04 38 35
02 38 36
05 38 37
11 38 35
13 36 35
12 37 34
11 35 34
14 36 34
14 35 33
16 36 33
16 36 33
17 35 33
15 36 33
15 36 33
14 37 34
13 37 34
13 37 35
12 37 35
10 37 35
08 36 36
03 36 35
07 37 35
13 39 37
13 38 40
14 37 36
15 37 36
16 35 37
16 35 36
14 37 36
14 37 37
15 36 38
16 37 38
15 39 38
15 38 38
13 37 38
12 37 37
12 35 36
04 37 37
01 38 37
07 36 36
14 36 36
16 37 35
13 36 34
13 37 35
14 35 34
15 36 35
15 36 34
14 36 34
15 37 33
13 36 34
13 36 35
13 36 35
14 37 35
12 38 36
13 37 36
12 36 36
11 38 37
06 37 38
09 35 36
11 39 38
11 39 39
11 37 39
14 36 36
16 36 37
18 35 37
16 36 36
14 36 37
16 37 37
15 37 39
15 38 37
14 39 39
16 39 39
14 38 39
14 38 38
13 39 38
06 39 38
05 39 38
10 37 38
13 39 37
11 40 36
11 36 36
13 37 36
15 35 37
16 36 35
17 36 34
15 35 35
16 36 35
15 36 34
15 37 34
14 38 34
13 37 34
13 37 36
12 39 36
10 37 36
04 38 36
06 37 36
11 36 38
13 38 39
13 39 37
14 37 36
16 34 36
16 34 36
14 35 37
13 36 36
15 38 37
16 38 38
14 39 38
15 39 38
15 37 38
14 36 38
14 36 38
11 37 37
06 37 36
04 39 36
07 38 37
10 37 35
10 37 35
12 35 36
16 35 36
16 35 35
16 36 34
15 35 34
14 36 34
14 34 34
15 35 34
15 37 34
15 35 34
13 37 35
12 37 35
12 36 36
11 36 36
06 35 35
04 36 37
10 34 38
12 35 38
13 37 39
15 38 37
13 35 36
13 33 37
14 33 37
13 36 37
15 38 37
15 35 37
14 36 37
15 37 37
14 37 36
13 36 38
14 35 38
10 38 37
02 38 37
04 38 39
11 35 36
11 37 35
11 37 34
13 37 35
15 35 34
15 35 34
15 35 34
14 36 34
15 36 34
15 34 34
14 35 34
14 35 35
14 38 36
12 35 34
12 35 35
11 37 36
08 38 36
05 37 36
08 35 38
13 35 38
13 36 38
12 37 37
11 36 37
14 32 37
16 33 37
17 35 38
15 35 37
15 36 38
15 35 38
14 37 39
14 36 38
15 37 37
15 38 38
14 34 38
12 36 37
06 34 35
01 36 37
07 37 38
10 36 36
11 38 36
11 37 34
13 35 35
16 34 36
16 35 36
16 36 34
16 36 35
14 36 34
12 35 34
13 36 34
14 37 33
14 37 33
13 36 34
11 35 35
11 35 36
10 35 36
05 35 37
06 35 37
11 33 37
10 36 38
10 36 39
12 36 36
16 33 36
16 34 36
16 36 37
15 37 37
14 38 37
14 37 36
14 37 38
14 38 38
14 38 38
14 37 38
11 36 37
08 35 37
05 36 37
06 38 38
10 37 36
10 37 35
08 37 35
11 35 34
15 35 34
17 35 36
16 36 34
14 35 34
13 36 34
14 34 34
15 35 34
15 35 34
13 36 34
13 37 33
11 37 35
09 37 35
11 38 37
09 37 36
05 36 36
10 35 36
13 35 38
11 38 39
11 38 36
15 35 37
17 33 37
16 35 38
15 36 37
14 37 36
13 35 36
14 36 37
13 37 36
14 35 38
13 37 37
14 36 38
13 37 36
09 36 37
05 37 36
05 36 37
09 36 35
10 39 35
09 38 34
12 35 35
15 33 35
16 36 34
15 37 35
15 36 33
13 34 34
14 35 35
14 35 33
14 35 33
13 37 34
12 36 35
12 36 35
12 36 36
06 37 37
05 37 37
10 36 38
13 35 38
10 37 39
09 37 37
12 36 37
16 33 38
17 34 37
15 35 38
15 37 37
15 36 37
14 37 38
14 36 39
15 37 38
14 37 38
12 36 38
12 36 36
08 36 36
03 36 35
02 36 35
12 35 36
14 37 34
14 38 35
10 38 34
11 35 34
13 34 34
16 36 35
15 36 34
15 36 34
14 35 34
14 33 34
13 34 34
13 35 34
12 36 35
12 36 35
13 35 35
12 37 35
09 38 35
06 37 35
09 36 37
09 36 37
11 39 39
11 38 38
14 37 37
16 32 37
17 33 36
17 35 36
14 37 36
14 36 37
13 35 37
13 37 37
13 37 37
15 36 37
15 36 38
12 37 37
05 37 37
04 37 37
07 36 36
10 38 35
10 38 35
13 36 35
16 34 36
16 34 35
16 36 36
14 36 35
14 36 35
15 35 34
15 35 34
15 36 34
13 37 33
12 34 34
15 34 35
13 36 36
09 36 36
02 36 37
07 34 38
11 34 39
11 37 40
10 37 38
14 34 37
16 33 37
18 32 37
17 34 37
14 36 36
13 35 36
13 34 38
14 36 38
15 37 38
16 36 38
15 36 38
13 34 37
09 35 38
02 36 38
07 35 38
14 35 36
14 38 37
09 38 36
10 36 37
12 33 36
16 34 36
15 35 35
14 36 34
15 35 33
14 36 34
13 36 34
14 36 33
13 36 34
13 37 35
15 37 37
13 37 37
09 38 37
03 37 38
10 37 39
12 37 39
13 38 39
11 38 38
14 36 38
17 33 37
16 35 37
15 36 37
15 37 38
14 37 37
14 36 38
15 37 38
14 39 38
13 36 38
13 36 37
11 36 37
08 37 37
03 37 38
06 39 38
13 36 36
13 36 35
12 37 35
13 36 35
15 35 35
15 35 35
13 35 34
14 35 34
14 35 33
16 35 35
14 36 34
14 35 34
13 36 33
12 36 34
13 36 35
12 37 36
11 37 36
05 39 37
07 36 37
09 37 38
11 39 39
12 39 38
13 36 37
15 35 36
16 34 38
15 35 38
14 37 36
14 37 37
15 36 38
16 36 38
16 40 38
14 38 38
13 37 38
12 37 36
09 38 36
06 39 36
08 39 37
12 39 36
10 38 35
10 38 35
12 35 35
15 36 35
16 35 36
16 36 35
15 36 34
14 36 35
14 36 35
15 36 35
13 37 35
13 36 34
14 37 35
12 37 35
12 37 37
08 36 36
05 37 37
09 35 38
10 36 38
10 37 40
11 36 39
15 35 37
17 33 36
17 33 37
17 36 38
15 36 37
15 37 37
15 37 38
14 39 38
13 39 37
14 39 38
13 38 38
12 37 38
07 39 36
01 38 39
06 37 38
09 36 36
12 37 36
15 37 36
15 35 35
17 35 35
15 34 34
16 37 34
15 37 33
13 36 33
13 36 33
14 37 34
15 38 34
12 38 34
13 37 35
12 37 36
11 36 37
09 37 36
04 37 36
08 35 36
11 36 38
11 38 39
12 39 37
15 38 37
16 34 37
16 35 36
16 37 37
15 36 37
15 37 37
15 37 37
15 37 37
15 38 37
15 38 37
14 37 37
12 39 36
11 38 36
05 38 37
08 41 37
10 37 36
10 38 35
09 37 35
13 37 36
16 35 35
17 37 35
17 38 35
14 37 34
15 36 35
14 35 35
15 36 34
13 38 34
13 38 35
12 37 35
13 37 36
14 37 36
12 38 37
10 38 36
05 37 36
06 38 38
11 36 38
11 39 39
12 38 38
13 36 36
15 33 37
15 36 36
16 35 35
16 34 35
16 36 37
15 35 38
16 37 36
15 37 37
15 37 38
15 37 38
14 38 37
13 37 38
10 36 37
06 38 36
08 40 37
10 37 36
08 37 36
10 38 35
13 36 35
15 34 35
16 35 35
15 36 35
14 36 34
13 36 34
13 34 33
14 37 36
14 37 34
15 36 35
13 36 35
13 37 35
13 36 36
13 36 36
08 37 37
03 37 37
07 34 36
07 36 38
11 37 38
15 37 36
17 35 35
17 34 36
17 36 37
15 36 36
13 37 37
14 38 38
15 38 39
15 38 38
16 39 38
15 38 38
15 37 38
14 38 38
12 37 36
08 37 37
04 40 36
07 38 37
12 38 35
12 38 35
11 38 35
12 37 35
14 35 34
13 35 34
13 35 34
13 36 33
13 36 33
13 35 32
14 35 33
14 36 34
12 36 34
12 34 36
14 36 35
14 37 35
12 37 36
12 38 36
06 38 36
07 37 36
11 36 37
12 39 38
11 38 36
12 37 37
15 34 38
16 34 37
15 36 36
13 36 37
14 37 38
14 36 38
12 37 37
17 36 38
15 36 38
14 36 39
13 36 38
13 37 38
12 37 38
10 37 37
05 37 37
07 35 37
12 35 36
12 36 36
13 37 35
12 36 35
13 35 35
12 36 36
13 35 36
14 36 35
14 36 35
14 38 36
14 38 36
13 37 35
13 37 36
15 37 37
16 37 35
14 38 36
15 38 36
14 38 36
14 39 37
14 37 37
10 37 38
06 37 38
09 37 39
09 37 41
13 37 41
15 36 37
16 37 38
15 38 37
15 37 38
17 36 38
16 38 38
14 37 38
13 37 38
16 38 38
16 36 38
16 37 39
15 37 39
15 37 39
12 36 38
10 37 37
04 37 37
03 37 36
10 36 36
13 36 35
14 36 35
11 37 35
13 35 35
13 33 34
13 34 35
13 35 32
13 36 33
15 35 33
15 36 34
12 36 34
12 36 33
12 37 33
13 36 34
13 36 34
13 35 35
13 35 34
11 35 34
11 35 35
09 36 36
06 35 34
10 35 35
13 36 37
13 38 35
10 36 36
12 34 36
13 33 36
14 34 36
14 35 36
14 36 35
14 37 36
15 34 35
14 36 36
14 35 36
14 35 35
14 35 36
14 36 36
13 36 37
12 35 35
12 34 35
10 36 36
03 36 36
05 35 38
09 35 36
13 35 36
11 36 36
10 35 35
11 33 35
12 34 35
14 36 35
14 36 35
13 35 34
13 34 34
12 33 34
13 34 33
16 34 34
15 35 34
15 35 35
15 36 35
14 38 35
14 37 36
15 36 38
13 36 37
10 36 37
08 36 37
07 36 39
11 36 41
14 35 38
14 37 38
11 37 39
10 35 40
13 32 40
15 33 39
15 34 39
15 36 39
14 35 39
13 35 39
13 34 39
13 35 39
12 34 38
13 34 38
13 32 37
14 34 38
13 34 38
15 35 37
13 35 37
13 34 37
11 35 37
10 33 37
10 34 38
11 34 37
12 36 36
13 36 36
12 36 35
12 34 37
12 34 36
12 34 35
11 34 36
12 35 34
10 34 35
11 34 35
11 34 35
12 34 35
14 35 35
13 35 35
14 34 35
12 35 35
12 34 36
12 34 35
11 33 35
13 34 35
13 35 36
14 34 36
14 35 37
13 35 37
13 34 38
13 34 37
12 34 38
13 34 37
13 35 38
11 35 39
11 36 38
13 35 37
12 34 38
12 35 37
13 34 38
12 33 38
11 34 38
11 36 39
