39 40 46
39 40 46
38 41 46
38 41 46
36 43 47
39 43 46
38 40 44
36 44 46
36 46 47
34 42 44
31 41 41
29 45 44
27 49 43
25 51 44
22 50 44
21 55 43
18 55 44
21 53 42
19 51 41
22 47 38
19 46 37
18 48 39
18 48 38
17 47 37
16 47 36
16 49 36
15 48 36
12 48 34
11 47 34
09 49 34
10 49 32
13 45 31
13 42 30
13 42 30
14 42 30
14 42 31
14 42 31
16 43 31
16 41 31
17 41 32
16 41 33
19 41 33
17 42 32
15 42 32
12 42 31
12 44 33
11 42 31
08 43 30
05 45 29
12 42 33
19 41 36
17 41 35
15 41 32
17 41 31
17 40 33
18 40 35
20 42 34
19 42 34
17 43 35
17 43 35
17 42 35
17 43 36
14 43 34
11 44 34
11 44 33
10 43 33
06 45 34
06 46 36
13 45 35
10 45 34
10 43 31
11 42 31
12 41 31
15 40 32
16 41 31
17 41 31
17 41 30
17 42 31
16 41 30
17 40 30
14 40 31
14 40 31
11 43 30
11 41 31
09 42 31
07 44 33
14 41 34
16 42 35
16 42 36
14 43 36
16 41 36
18 39 34
17 41 34
17 41 33
18 43 34
17 44 34
17 43 35
16 42 35
16 41 34
14 43 35
13 44 34
09 45 35
09 46 34
04 46 34
04 48 36
12 44 35
10 41 37
09 41 32
08 39 31
12 40 32
15 42 32
15 41 32
17 41 31
18 41 30
20 39 30
19 41 32
18 40 31
17 42 31
16 41 31
12 43 32
09 43 32
04 44 31
06 42 31
10 43 37
17 42 38
14 41 35
11 40 33
10 40 35
16 41 35
17 41 36
17 42 35
19 42 35
17 41 35
17 41 35
16 41 36
14 41 35
16 42 36
15 44 37
13 44 36
10 45 35
07 47 34
04 47 35
11 44 35
14 44 34
12 42 33
10 43 30
10 40 29
13 38 30
15 40 31
15 40 30
17 40 30
19 39 30
18 42 31
17 41 31
15 42 32
16 42 33
14 42 32
11 43 32
09 42 31
08 40 32
05 44 34
06 41 32
13 42 34
21 41 37
17 42 36
16 41 33
15 41 33
13 41 33
15 42 34
16 40 34
16 42 34
15 42 34
15 42 34
17 41 34
15 41 34
16 41 35
15 42 34
14 41 34
12 41 35
12 44 32
10 44 32
09 43 31
07 42 30
10 42 31
14 40 29
11 40 30
12 39 29
12 39 27
12 40 28
14 40 26
13 39 26
16 39 28
16 40 30
16 40 29
17 40 31
14 41 32
14 42 31
13 43 32
13 43 33
13 43 32
12 43 31
09 43 31
11 43 32
15 41 33
16 41 34
17 40 34
14 41 33
13 42 33
14 39 33
15 41 34
17 40 34
15 41 33
13 41 34
14 41 34
13 41 34
13 41 34
14 41 33
13 40 33
13 41 33
14 40 32
13 41 33
12 40 31
13 43 31
13 41 30
13 38 31
14 40 30
15 42 31
14 43 30
13 39 27
14 41 28
14 43 29
14 43 29
15 44 29
15 43 29
13 44 28
14 43 27
15 43 29
13 42 28
14 43 28
13 42 28
14 41 29
14 43 28
14 42 29
14 43 29
13 42 29
13 41 29
13 41 29
14 41 29
14 42 30
15 42 30
15 40 29
13 41 29
14 42 28
13 42 30
14 41 29
13 42 30
13 41 29
13 41 30
15 42 31
14 42 31
13 42 33
13 42 33
15 41 33
15 42 34
15 43 34
14 43 33
13 42 35
13 43 34
13 44 35
14 43 35
14 43 36
15 44 36
13 44 35
16 44 35
15 45 35
15 44 33
16 43 33
16 41 32
17 42 32
17 43 33
17 43 33
18 43 33
15 42 34
15 43 33
13 42 33
12 42 31
07 46 32
08 46 33
12 45 33
15 42 33
14 41 35
11 37 38
15 38 34
13 38 32
13 39 31
12 43 29
14 42 28
15 40 30
17 40 29
16 38 29
14 41 29
15 42 30
14 41 31
17 42 32
15 43 33
13 41 32
10 41 32
06 43 30
10 40 29
16 39 32
10 41 33
07 44 32
14 42 32
17 42 34
17 42 34
17 43 33
19 45 32
19 45 35
19 46 34
18 46 35
18 44 37
18 43 37
17 46 36
15 46 35
13 48 35
12 49 34
07 50 35
05 48 34
10 44 33
14 40 33
11 39 31
13 38 29
12 39 30
13 41 29
14 41 29
15 40 29
15 41 31
18 41 31
18 41 31
18 41 32
19 41 33
16 43 33
17 42 33
15 44 33
13 44 33
10 44 33
09 45 32
05 45 32
04 45 31
12 43 33
20 41 36
15 40 34
17 39 32
18 39 30
15 39 31
17 42 32
20 42 34
19 43 34
17 43 36
17 43 36
16 42 37
16 43 36
15 44 35
13 42 35
11 43 34
10 44 35
08 45 34
04 45 34
04 44 36
12 40 36
12 38 37
12 41 31
10 38 31
11 40 31
13 42 31
16 43 30
17 40 31
16 41 31
18 40 31
17 41 31
18 40 32
17 41 32
17 42 32
16 40 32
14 41 33
12 42 32
09 42 33
06 43 33
07 44 32
13 40 34
18 41 39
13 43 37
14 41 36
15 39 35
14 40 37
15 41 34
18 41 36
19 41 35
18 40 35
18 40 35
17 40 37
16 41 37
14 41 36
11 41 36
11 42 34
10 43 34
07 46 33
07 47 35
09 46 35
14 43 34
15 40 32
13 40 31
13 41 31
11 42 33
12 42 32
14 42 32
16 43 33
16 42 33
16 40 33
17 41 34
17 40 33
17 40 33
16 40 33
15 41 33
14 41 33
11 41 33
07 44 33
04 46 32
07 43 34
13 43 35
13 39 35
11 39 34
13 41 31
17 40 34
17 41 34
19 40 34
19 40 33
17 41 34
17 42 36
16 41 36
17 41 37
14 40 36
13 40 35
12 41 35
11 42 34
09 43 34
06 45 33
06 45 34
05 45 35
13 42 33
16 40 33
12 42 32
12 42 32
12 43 32
12 42 32
15 40 32
16 39 32
17 41 31
15 40 32
16 40 31
17 41 33
17 40 33
16 41 33
14 41 33
12 41 33
10 40 32
03 45 31
08 42 32
12 42 34
16 41 35
13 41 32
13 38 32
14 37 33
17 40 33
18 42 33
19 42 34
18 43 36
17 42 36
16 40 36
17 41 36
16 39 36
13 41 35
11 41 35
09 42 34
07 44 33
04 46 34
04 48 36
12 44 34
13 40 35
10 43 31
11 40 32
14 40 32
17 40 33
16 40 32
17 41 32
17 40 32
18 41 33
18 40 33
19 40 34
18 41 34
17 43 34
14 42 33
11 42 33
08 43 31
04 44 31
05 44 32
15 43 34
15 41 34
12 41 34
13 40 32
14 40 33
18 40 34
17 41 33
20 42 35
18 39 36
16 40 37
16 40 37
16 42 35
13 42 35
14 41 35
13 43 35
11 43 35
10 44 34
08 43 33
08 44 34
10 44 35
14 39 34
13 39 34
13 43 32
11 42 31
14 42 31
14 42 32
17 42 33
16 41 32
17 40 33
17 39 33
17 41 32
17 40 33
16 40 33
15 40 32
12 40 33
09 41 33
08 42 31
04 44 29
06 42 30
13 43 33
17 42 34
11 42 33
14 38 34
14 37 33
18 39 32
18 42 35
19 42 33
18 42 33
19 44 33
18 42 33
17 44 33
15 43 34
14 44 33
14 45 34
14 46 34
12 45 33
10 46 32
07 45 32
03 47 33
08 44 33
17 41 35
11 37 36
08 40 31
11 38 32
13 38 32
14 43 31
15 43 30
17 42 31
16 40 31
18 40 31
20 40 31
19 39 32
19 40 32
17 41 32
15 41 33
12 41 34
09 43 32
05 47 33
07 45 35
13 43 36
16 42 36
15 39 37
19 39 35
19 39 36
15 39 34
16 41 35
18 42 36
19 43 35
17 42 35
17 42 34
18 42 35
17 44 34
15 44 34
13 42 33
12 41 35
11 43 36
10 46 34
07 46 36
06 46 36
12 42 35
14 43 33
14 42 31
13 42 30
15 41 30
15 41 31
17 42 31
16 41 31
16 40 32
18 41 32
16 41 31
17 40 31
16 41 32
15 42 31
13 41 32
12 41 32
10 43 32
07 45 32
05 44 31
10 43 32
17 41 34
17 39 34
14 39 32
12 42 33
12 40 32
16 39 34
16 40 34
16 42 33
15 38 37
16 44 38
14 44 35
17 45 34
16 43 34
15 41 32
16 42 33
15 41 33
13 42 32
10 43 30
08 45 31
08 45 32
13 44 32
16 42 31
12 41 28
11 42 29
13 41 29
15 40 30
15 41 29
15 41 28
16 41 30
15 40 30
15 40 31
15 41 31
17 41 31
16 43 33
14 42 32
13 42 32
12 42 32
12 42 33
07 44 33
09 46 33
12 43 33
16 42 35
18 41 35
14 41 32
13 40 33
13 38 34
16 42 33
16 40 33
16 41 33
15 42 33
15 42 32
14 41 32
14 43 32
12 43 32
13 42 31
14 42 31
13 41 32
13 42 31
15 40 31
14 42 30
15 41 31
12 42 30
10 43 30
12 42 31
14 41 29
13 42 28
12 41 28
13 42 29
12 41 29
13 42 30
13 42 29
13 41 29
13 41 30
13 42 29
13 43 29
13 44 30
14 44 30
13 42 30
15 42 29
14 42 30
14 41 29
14 42 29
14 43 30
15 42 29
15 42 31
15 42 30
13 43 29
12 43 30
14 42 31
17 43 33
16 45 35
16 45 36
13 44 35
09 44 35
08 45 38
08 33 44
12 36 42
15 40 41
16 43 38
15 44 35
15 43 33
16 41 33
17 40 34
16 46 35
19 49 35
19 46 36
20 45 37
19 47 38
20 46 39
19 47 37
18 48 36
18 47 37
14 46 36
10 45 36
07 48 38
06 46 36
09 42 33
13 38 33
13 40 35
13 41 35
12 42 33
13 41 33
13 41 32
15 41 32
16 39 33
16 41 32
17 42 33
18 42 34
19 42 33
18 44 32
18 44 32
15 44 32
14 43 32
14 45 33
12 45 33
10 45 31
07 44 30
06 45 30
10 44 31
17 41 34
17 39 33
14 38 31
12 39 31
13 40 31
17 40 34
17 39 35
17 40 33
17 41 35
15 39 39
13 38 39
14 40 37
15 41 36
15 41 35
14 41 34
12 41 33
10 43 33
08 44 34
05 46 34
06 45 37
12 42 35
13 39 36
11 40 33
08 37 32
08 40 32
11 41 32
13 41 32
16 41 32
15 42 31
17 42 32
16 40 32
17 40 33
18 38 32
19 39 33
19 41 33
18 40 33
18 40 34
14 43 35
10 46 35
03 47 34
03 47 38
13 43 38
17 41 38
14 41 37
13 39 34
16 39 33
16 41 35
19 42 34
19 41 36
20 42 35
18 43 35
17 41 35
17 42 36
17 41 35
15 44 34
12 43 35
09 43 34
07 45 34
05 46 34
05 46 34
14 42 34
14 40 35
10 41 30
11 42 31
11 40 32
13 40 32
16 40 31
17 40 32
16 43 33
16 41 32
17 40 34
18 40 33
18 40 32
17 41 33
14 40 32
12 40 32
09 40 32
02 45 31
06 43 33
13 42 35
19 41 36
14 41 35
13 40 31
17 39 32
14 39 34
15 40 35
17 41 36
17 40 34
16 41 35
16 41 36
17 42 37
17 41 35
17 42 36
15 41 35
13 42 34
12 41 33
10 42 34
05 44 33
04 47 34
12 43 32
14 40 33
13 42 31
12 42 31
13 41 32
12 41 32
14 41 33
13 41 31
14 40 32
16 42 31
15 40 31
16 40 31
17 40 33
17 40 32
15 42 32
14 41 32
11 41 31
10 42 31
07 43 32
10 42 33
14 39 34
16 41 36
15 42 36
14 42 36
15 39 35
13 39 34
16 42 35
19 42 34
17 41 35
15 42 35
16 42 34
15 41 33
16 42 34
14 40 34
15 41 34
14 41 34
10 43 33
08 44 34
06 47 34
08 46 35
12 40 34
11 39 34
11 41 31
09 37 31
11 40 31
14 42 31
13 42 31
14 41 31
15 42 31
15 41 32
17 41 31
18 39 31
19 40 31
17 40 32
16 40 32
14 42 32
13 41 32
12 41 32
08 44 33
09 43 33
12 42 35
12 41 36
10 43 35
12 40 34
13 38 33
16 38 36
18 41 35
19 43 35
20 43 33
20 42 33
18 42 33
17 42 33
15 43 34
12 43 33
12 43 33
09 42 33
09 42 34
07 46 33
06 46 38
11 41 38
12 37 37
13 41 34
12 38 33
11 42 33
11 45 33
12 46 33
13 44 34
14 46 35
15 47 37
16 46 35
18 47 38
19 47 38
21 48 39
20 47 41
19 48 40
18 46 43
21 44 44
18 48 44
16 44 44
19 41 44
20 41 44
18 40 41
17 39 42
17 39 41
18 38 39
19 38 42
19 40 41
18 37 43
19 39 40
18 37 44
18 36 46
18 40 46
18 40 47
26 47 51
24 38 54
22 40 57
22 38 50
21 34 51
22 35 52
24 35 51
26 35 51
23 36 52
23 36 52
23 35 52
24 34 51
26 34 51
26 35 50
25 35 51
27 37 49
26 39 52
25 40 52
25 41 52
25 39 52
27 37 51
25 38 52
25 36 50
24 40 49
25 38 51
26 38 47
24 40 48
23 42 49
23 40 50
23 41 48
22 41 49
23 41 48
23 43 50
22 46 48
24 48 50
23 46 49
24 44 47
25 43 45
24 44 45
22 44 45
21 45 43
23 44 39
22 47 37
22 45 33
21 44 35
23 43 32
25 45 36
24 43 37
23 41 37
21 48 38
18 54 38
16 54 39
13 47 40
10 45 43
09 45 43
08 45 45
08 44 44
11 44 39
09 43 39
12 43 36
13 43 34
12 44 33
09 42 30
10 41 29
11 43 31
14 41 29
14 41 29
16 41 30
16 40 30
16 42 31
17 42 31
17 41 31
17 40 31
16 41 31
16 41 32
13 41 33
13 42 32
09 44 33
05 43 32
06 43 34
09 43 36
16 43 36
18 39 38
14 41 35
11 42 34
15 41 35
17 40 34
17 40 36
18 41 34
18 42 36
16 42 35
18 42 34
17 42 34
15 43 34
14 41 33
12 40 33
10 40 34
08 43 34
07 45 33
07 44 34
10 44 35
13 38 37
15 42 33
12 41 32
11 42 31
12 42 32
13 41 32
14 40 31
15 40 30
15 40 31
15 41 31
17 41 31
17 41 32
19 40 31
17 40 32
15 39 31
13 41 32
11 42 33
09 42 31
05 42 32
06 43 33
13 42 36
18 41 36
13 40 36
15 38 34
12 40 34
15 39 35
18 42 35
19 42 33
18 42 33
17 41 33
16 41 34
16 43 34
16 43 35
15 43 35
13 43 35
11 43 35
11 45 35
03 45 35
04 43 34
08 42 34
14 38 34
13 38 34
10 37 31
08 38 31
12 40 30
12 41 31
15 43 31
17 42 31
15 41 32
17 42 31
16 40 32
17 41 32
16 40 33
15 41 33
15 40 33
15 39 33
12 42 35
12 42 33
09 43 34
04 43 34
10 41 33
15 42 35
15 41 36
15 42 34
14 42 34
15 39 34
17 40 33
16 41 34
16 42 34
16 42 34
15 43 34
14 42 35
16 43 34
14 45 33
14 43 33
13 43 34
15 42 33
15 42 33
15 43 33
12 44 33
12 44 31
11 46 32
11 44 32
14 43 31
14 42 29
13 41 28
12 40 28
14 41 28
15 43 27
15 43 28
13 42 27
14 42 27
14 42 27
15 42 28
16 42 28
16 42 28
15 42 28
15 44 28
15 43 27
15 44 29
15 44 29
14 44 29
15 44 29
15 44 28
15 43 30
17 44 29
16 44 31
16 45 31
15 43 32
16 43 31
14 43 31
13 42 31
14 43 32
13 42 30
12 42 31
09 42 31
12 42 31
16 42 34
17 41 34
15 41 33
13 41 33
10 43 34
11 43 35
15 40 35
15 41 34
17 42 35
16 41 34
14 42 34
16 42 36
15 42 34
15 43 34
16 42 34
15 43 34
14 43 34
14 41 34
15 44 33
15 42 34
14 43 34
13 44 33
14 45 35
13 44 34
11 46 34
12 45 34
13 44 32
12 42 31
14 42 32
13 42 33
14 43 31
13 43 31
14 44 30
14 43 30
15 41 30
15 40 31
15 41 32
15 42 31
16 40 31
17 43 31
16 41 32
16 42 32
14 43 32
14 42 31
13 42 33
13 42 32
11 43 33
06 43 32
09 43 33
13 41 34
18 40 34
17 39 34
15 38 32
12 41 33
14 39 32
14 41 32
17 40 34
16 41 34
16 41 33
16 42 35
15 38 36
15 41 35
16 42 36
14 41 34
16 41 35
15 40 35
14 41 33
12 44 34
11 44 32
06 45 32
07 44 33
10 45 35
14 39 36
16 41 34
13 39 33
11 39 32
11 42 31
13 43 31
16 41 30
16 40 30
16 41 32
15 40 31
15 42 31
15 40 31
16 39 30
14 41 31
14 41 31
13 42 30
12 41 32
11 41 32
09 41 32
07 43 30
09 40 33
15 38 34
18 37 35
13 39 34
12 39 35
10 38 33
15 38 34
17 40 34
16 38 34
17 40 35
15 41 34
16 41 35
15 41 34
15 41 35
16 41 34
15 41 34
15 41 35
14 42 35
13 44 35
12 43 35
05 43 34
06 44 34
10 43 35
13 39 35
12 40 32
09 38 32
11 40 31
12 41 31
14 42 33
15 42 32
15 40 31
18 39 31
17 41 32
17 40 32
17 40 33
17 42 32
18 41 31
17 40 32
14 41 34
13 41 33
11 42 33
04 44 32
06 43 32
13 42 34
18 39 36
14 41 33
09 40 31
13 38 33
14 41 33
16 44 34
18 39 34
17 41 34
17 41 34
15 41 36
16 41 35
14 41 36
14 41 36
14 42 36
12 42 34
10 43 34
07 44 35
05 44 35
06 43 35
13 41 34
17 38 35
13 39 32
12 38 34
11 40 32
13 41 32
14 41 32
14 41 31
16 41 31
16 41 32
15 41 31
17 41 31
16 41 32
16 40 32
15 40 32
14 40 31
13 41 32
11 43 33
12 41 32
07 43 33
09 41 33
16 44 35
13 45 37
11 44 36
15 42 34
14 39 34
15 43 34
16 41 34
20 42 35
17 42 35
17 41 33
16 42 34
17 41 34
16 41 34
14 41 35
11 41 37
10 38 32
07 42 33
06 45 35
07 46 36
13 43 35
14 41 33
13 42 32
13 44 32
13 43 34
13 42 34
13 42 33
14 41 32
14 40 31
16 41 32
15 41 31
16 41 32
17 40 32
17 40 31
16 39 32
15 41 32
12 42 33
10 40 31
08 41 32
06 43 32
10 41 34
16 42 38
13 42 39
11 42 36
10 40 32
12 40 34
15 41 33
19 40 33
18 41 33
18 42 34
18 41 33
15 42 34
17 41 34
15 41 35
13 42 35
12 43 34
10 41 37
08 42 37
04 45 38
04 45 38
09 45 35
14 36 35
14 37 36
11 40 36
09 40 35
11 39 32
14 41 33
12 39 34
14 40 34
15 39 35
15 41 35
15 41 34
18 42 34
18 41 36
18 38 35
18 41 34
16 42 36
14 41 34
13 41 34
11 44 35
07 47 33
10 46 36
15 41 37
15 38 37
13 41 38
12 41 37
12 39 37
13 39 36
16 39 35
15 40 35
15 40 35
13 41 35
15 42 35
15 40 36
15 41 35
15 42 35
12 39 35
11 40 36
11 38 36
06 39 36
06 41 37
10 37 37
15 34 37
15 34 36
11 34 33
07 33 30
09 32 31
11 34 33
11 33 32
11 33 32
12 35 32
11 36 33
13 36 32
14 38 33
14 37 32
14 38 32
14 40 34
14 37 34
12 41 37
14 39 36
13 41 36
12 41 36
08 40 36
11 40 38
11 41 39
12 38 39
12 39 37
12 40 36
13 42 37
14 41 38
14 39 37
16 40 37
15 42 36
15 46 38
15 47 37
16 46 36
19 47 39
22 47 39
25 44 39
26 44 41
24 43 43
23 41 45
16 45 52
15 47 47
17 48 42
18 48 40
19 52 38
17 54 38
19 50 38
21 47 35
23 47 35
25 44 34
23 46 34
20 49 37
19 48 35
18 49 35
17 50 35
18 49 34
19 49 34
19 49 35
20 51 35
19 49 34
21 49 34
21 48 34
22 48 35
23 48 35
21 50 35
21 49 36
21 48 35
20 47 35
17 49 37
15 46 35
11 48 33
12 48 30
14 46 31
14 46 32
14 47 32
14 45 32
09 45 31
15 43 31
16 44 31
18 43 32
18 42 31
18 42 33
17 43 32
17 44 32
18 42 33
15 42 33
14 42 33
13 43 34
09 44 36
07 44 35
08 44 33
07 44 36
11 43 36
15 41 34
16 42 34
14 41 35
11 41 33
11 39 33
11 40 33
13 41 31
14 41 31
15 41 32
12 42 31
14 42 30
15 41 30
15 40 31
17 41 30
16 40 31
17 41 30
14 41 32
12 42 33
12 41 33
06 44 34
10 41 34
17 40 35
15 41 37
13 42 37
12 43 37
13 41 35
15 39 36
15 38 36
16 40 35
17 43 36
18 42 37
16 42 36
16 41 35
14 40 34
15 42 33
14 41 34
13 40 33
11 41 32
10 44 33
07 45 34
08 46 34
13 45 35
16 43 34
14 43 32
11 42 31
10 41 32
14 42 33
14 41 32
15 41 32
15 40 31
13 41 32
15 41 32
15 40 32
16 39 33
16 41 31
16 41 31
16 42 32
12 41 32
08 41 32
03 42 30
09 40 34
16 39 35
20 40 37
15 43 37
12 41 36
17 39 35
15 41 37
16 41 36
17 42 35
18 41 36
17 41 35
18 41 34
17 41 35
15 42 35
16 41 34
14 42 35
14 41 34
11 43 35
09 43 35
07 43 35
06 44 37
09 39 38
13 36 36
14 41 33
11 37 34
09 39 31
09 39 31
10 41 32
13 41 32
13 39 32
15 38 32
16 39 33
16 39 32
16 39 33
16 41 32
15 40 32
13 41 34
14 41 32
11 41 34
11 41 33
08 42 34
09 43 33
10 42 35
15 39 36
14 40 35
07 41 35
11 40 32
13 40 33
17 40 34
18 40 34
18 41 34
17 42 35
16 43 35
16 41 37
17 43 37
14 41 37
14 41 37
13 41 36
12 42 36
11 41 36
08 43 35
07 43 36
10 43 35
13 41 35
16 40 36
14 39 36
10 40 34
10 40 33
13 41 33
14 40 33
14 40 31
16 40 32
16 40 33
17 42 33
15 41 32
16 40 32
17 40 33
17 40 33
15 42 33
12 41 35
12 40 33
09 43 32
05 44 34
07 43 33
14 42 36
18 40 36
14 40 36
12 39 33
12 38 33
15 39 35
18 41 35
19 41 35
17 41 35
15 40 35
16 39 36
16 41 37
16 41 36
15 40 36
14 42 35
13 40 35
10 43 34
07 44 34
05 45 35
08 43 35
13 41 34
15 39 33
12 39 31
11 41 31
14 42 31
14 41 31
13 40 32
15 40 31
15 40 32
16 41 33
15 41 33
16 40 34
17 40 34
17 41 34
16 40 35
15 40 35
14 42 34
11 42 34
09 42 34
07 44 34
07 44 33
10 44 34
14 42 34
15 40 33
14 40 32
12 40 31
15 42 32
16 41 34
17 41 33
17 42 34
17 42 33
16 42 33
17 41 34
16 42 36
16 41 35
16 43 35
12 42 36
11 42 36
08 42 35
06 45 34
07 45 35
10 41 35
15 39 36
16 40 33
13 42 35
09 42 34
11 40 32
11 40 32
11 40 32
12 40 30
15 40 31
15 40 33
17 40 32
17 41 33
18 39 33
18 39 34
19 39 34
18 39 35
16 40 36
16 42 36
14 42 35
08 43 35
03 44 34
04 42 34
07 43 35
17 40 36
13 42 34
10 42 33
13 41 32
14 40 31
17 40 31
17 40 32
18 42 32
17 42 33
18 41 34
17 42 33
16 42 35
16 44 35
14 40 35
12 40 37
11 41 38
12 46 37
08 48 35
08 48 35
08 44 35
11 41 36
16 45 32
15 44 31
13 46 30
11 51 31
10 52 30
12 53 32
14 54 34
16 58 37
17 56 37
22 51 37
25 49 36
30 50 35
33 48 38
37 44 38
37 44 37
42 42 39
41 39 40
42 40 42
40 36 44
40 35 46
38 36 46
36 40 51
37 41 53
37 38 54
38 36 52
40 39 53
40 37 51
40 35 51
41 35 52
41 35 51
41 35 51
41 37 52
41 35 52
41 34 52
40 37 52
41 37 52
41 37 49
41 35 52
43 36 53
41 34 50
40 36 50
42 35 50
41 33 50
