08 38 32
08 38 32
08 38 32
09 37 33
09 37 33
10 38 34
13 39 35
16 40 36
15 39 36
13 38 36
13 39 35
11 41 35
11 42 34
13 40 34
13 41 35
17 41 38
15 41 37
16 39 36
14 39 36
14 40 37
14 41 38
15 40 37
17 41 37
14 42 37
13 41 38
12 41 38
13 40 38
16 40 38
15 40 39
16 39 38
14 39 37
14 40 38
14 42 37
14 41 37
14 40 37
13 39 36
14 40 37
13 38 35
12 39 34
09 40 35
07 39 33
08 39 33
09 41 33
11 41 33
14 39 34
14 37 35
11 36 32
10 37 32
13 38 31
14 39 32
14 39 33
15 37 33
15 37 32
16 39 34
16 37 33
16 39 35
16 39 34
13 39 34
11 40 34
08 39 35
06 40 34
02 41 33
11 40 35
18 40 38
18 39 37
14 37 35
12 35 34
13 35 35
15 38 35
17 38 36
16 37 36
16 36 36
14 36 36
13 38 36
15 37 36
16 36 37
16 38 37
13 37 38
09 38 36
02 39 35
00 40 35
08 40 34
12 40 37
14 39 35
13 39 35
13 38 33
14 38 34
15 38 33
15 38 33
15 38 33
16 38 33
16 39 33
16 38 34
17 39 34
14 39 35
14 40 36
11 38 34
11 39 35
06 39 36
01 40 33
02 40 33
13 39 37
18 40 38
14 38 35
12 35 34
13 35 35
15 39 35
18 40 36
17 39 36
17 36 36
16 36 36
14 37 36
14 39 37
15 38 37
16 38 38
13 39 37
11 38 37
07 38 36
02 41 37
01 41 37
08 41 36
14 38 36
13 39 36
12 39 35
14 38 35
14 39 34
14 37 34
16 36 33
17 37 33
17 36 35
17 39 33
15 38 34
15 37 34
12 38 34
11 38 35
08 38 33
03 38 33
03 39 33
15 39 38
14 38 39
11 35 34
12 34 33
15 36 35
16 37 37
16 38 36
18 36 36
17 36 36
15 38 37
16 38 36
17 37 37
16 39 38
14 39 38
12 38 38
08 38 37
07 39 35
01 41 36
05 41 35
10 40 36
12 39 36
13 39 35
14 37 34
14 37 35
15 38 34
15 38 34
16 37 33
17 38 33
16 37 33
14 38 33
15 39 33
16 38 34
13 39 34
10 38 34
09 39 35
04 38 35
02 39 33
11 37 37
16 37 39
13 36 36
10 34 34
11 35 35
14 37 36
15 37 35
17 36 36
18 35 36
16 36 36
14 36 36
14 37 36
16 36 36
14 38 37
14 37 38
12 39 36
08 38 35
00 41 36
05 39 34
12 39 35
14 40 36
12 38 35
12 35 33
13 37 33
14 37 34
15 36 34
15 38 33
16 37 34
17 38 34
16 38 34
16 38 36
16 38 35
11 39 35
10 39 34
08 40 35
01 40 34
05 38 33
14 38 36
14 37 38
14 35 35
12 35 34
14 34 34
14 37 36
17 38 36
16 37 36
19 37 36
17 36 36
16 38 37
15 37 37
17 38 37
16 39 38
15 39 38
10 40 37
08 38 36
01 41 36
02 41 35
08 40 36
12 38 36
11 40 34
11 38 34
13 37 33
16 38 33
17 38 34
16 38 33
18 39 33
17 39 34
16 38 33
15 38 34
14 39 34
14 40 34
10 40 34
07 40 35
02 40 32
01 40 31
14 40 36
15 38 38
12 37 34
12 33 33
14 35 35
16 37 36
17 38 36
18 36 37
17 36 36
16 37 35
15 39 36
15 38 36
16 38 36
16 40 37
11 40 37
10 39 36
07 40 36
00 41 36
03 41 35
10 40 36
12 41 37
12 39 36
13 37 34
14 37 34
15 39 34
16 38 35
15 37 34
15 36 32
16 37 32
16 38 33
17 38 34
16 38 33
13 38 35
10 39 34
08 39 34
01 39 33
02 40 33
14 38 38
14 38 38
13 37 35
13 34 32
17 35 35
16 38 36
18 39 37
18 37 35
17 36 36
16 38 36
16 39 36
16 39 36
16 37 38
14 39 38
11 39 38
09 38 37
02 41 36
00 40 35
08 41 36
11 40 35
12 40 35
12 38 34
12 36 33
15 39 33
16 38 33
15 38 33
17 37 33
15 37 32
16 38 33
16 38 34
16 39 34
15 38 33
11 39 34
10 40 33
07 39 34
01 41 33
06 40 33
18 41 39
14 38 38
13 38 33
13 33 33
14 37 37
16 38 37
17 40 36
16 38 35
17 36 34
17 37 35
16 37 34
14 38 36
16 39 36
18 39 35
15 39 38
11 39 37
07 39 35
00 41 34
02 40 36
10 40 36
13 41 35
12 38 35
13 38 35
14 38 33
14 38 33
16 38 33
17 38 33
16 36 34
16 38 34
15 38 32
17 37 33
16 39 34
13 38 34
11 38 35
08 37 34
04 39 34
02 39 33
11 40 36
15 39 38
11 37 35
11 36 34
14 35 35
16 36 35
16 37 35
16 36 35
17 38 36
17 37 36
15 38 35
17 37 37
16 39 37
15 38 36
13 39 38
09 38 37
07 38 36
00 40 36
04 41 35
10 39 36
13 39 36
13 39 35
13 37 35
13 36 34
15 38 33
15 36 34
16 39 32
16 38 34
17 38 33
16 37 34
16 38 33
16 38 35
15 40 34
13 39 35
09 39 33
05 39 33
00 39 34
08 38 34
16 38 39
13 36 37
11 35 33
12 33 34
15 36 35
15 38 35
16 37 36
16 35 35
17 37 36
15 38 36
14 38 36
15 38 36
16 37 37
15 39 37
11 39 38
10 38 36
05 40 35
00 41 36
06 40 36
12 40 35
12 37 34
12 38 33
10 37 33
14 38 33
15 36 33
15 37 33
15 38 32
15 37 33
15 38 33
15 38 34
15 40 34
14 39 34
12 39 33
11 39 34
09 39 35
02 39 33
06 38 34
16 37 36
14 38 36
11 36 34
10 35 33
13 36 35
14 36 36
15 37 35
16 36 36
17 35 35
17 36 34
15 37 35
16 37 35
16 38 37
16 39 36
14 39 38
11 38 36
09 38 35
02 41 36
01 39 36
08 40 35
12 39 36
11 38 35
12 37 34
13 37 34
16 38 33
16 37 33
18 37 33
16 38 32
16 39 34
16 38 33
16 38 34
15 38 34
14 38 34
10 39 34
10 39 34
09 39 35
02 38 32
04 39 33
15 38 37
15 38 37
11 37 35
13 34 33
15 37 35
16 38 35
17 38 35
17 36 36
16 35 35
16 37 35
15 38 36
15 37 36
17 38 36
15 39 37
13 38 38
10 38 36
08 37 36
00 42 36
03 39 36
12 39 36
13 38 36
12 37 35
12 35 33
13 36 33
14 37 34
16 38 33
16 37 33
15 37 34
15 38 33
16 38 33
15 38 34
15 38 36
13 39 35
12 38 34
10 39 35
08 40 36
02 38 33
07 37 33
15 36 37
13 37 35
11 36 34
11 34 33
14 35 34
15 36 35
17 35 34
16 36 36
16 38 35
15 38 35
14 38 36
14 37 38
15 38 37
13 39 37
12 38 37
11 37 36
07 40 38
03 41 36
09 39 37
13 39 36
11 39 36
10 37 34
10 38 33
12 39 35
15 39 34
16 36 33
17 38 34
17 37 34
17 37 34
18 39 34
16 38 35
16 39 35
12 38 35
10 39 35
08 39 35
01 39 34
06 38 32
14 40 40
12 37 39
11 36 34
12 32 34
16 36 36
15 38 37
17 36 36
18 37 36
15 36 36
17 38 36
17 38 36
16 37 37
15 38 36
14 39 36
12 39 38
09 39 36
07 39 35
03 40 35
06 40 35
11 39 36
10 38 36
10 37 34
12 37 33
13 38 34
16 37 34
17 38 35
17 36 33
16 37 34
15 39 33
16 38 34
16 38 33
13 39 34
12 38 34
10 38 34
05 39 34
02 39 32
10 38 34
14 39 38
12 39 37
12 37 34
13 34 35
16 36 37
17 39 37
17 38 35
16 36 35
17 39 36
15 39 38
16 38 36
16 38 37
16 39 37
15 40 38
09 38 37
06 38 34
00 41 35
06 39 35
13 39 35
12 38 36
11 38 34
12 37 33
13 38 33
15 39 33
15 39 34
17 39 34
18 38 34
17 38 33
17 39 33
16 38 34
15 39 34
14 38 33
10 38 33
08 40 35
03 40 33
03 38 33
13 39 37
15 38 37
11 36 36
12 34 33
15 35 34
18 37 36
17 37 36
19 37 37
18 36 36
15 37 36
15 38 35
15 38 36
16 38 37
14 38 36
10 39 36
07 38 35
01 39 35
01 40 35
07 41 36
13 40 35
12 39 35
12 38 35
14 38 34
14 38 33
16 39 32
16 36 32
17 37 32
17 39 32
16 37 33
16 37 33
16 38 33
13 39 34
11 37 33
08 39 34
02 38 33
01 38 31
12 40 36
14 37 37
11 35 34
13 33 32
16 35 35
16 36 35
16 40 34
17 37 35
17 36 35
15 37 35
14 38 36
14 38 35
15 39 37
16 38 37
15 39 38
10 40 37
09 37 36
03 39 35
00 40 36
07 41 36
13 40 36
13 39 34
13 37 34
13 37 33
14 39 33
16 37 33
16 38 32
16 37 33
15 38 33
15 37 33
15 38 33
16 38 34
14 38 33
12 38 34
11 38 34
07 39 35
01 40 33
07 38 32
14 37 38
12 36 35
12 36 33
13 34 34
16 37 35
16 37 35
17 36 35
17 36 35
17 37 35
16 38 35
15 39 36
16 38 36
17 38 37
15 39 37
13 38 37
08 38 36
01 40 35
00 41 34
06 41 35
13 37 35
14 38 36
14 38 34
14 37 34
14 37 32
15 39 32
14 36 31
15 37 31
16 37 31
15 39 32
17 38 34
16 38 34
15 39 32
13 37 33
12 39 34
08 40 35
06 40 33
01 40 33
09 40 34
16 39 37
15 37 35
12 35 33
11 35 35
13 38 36
16 39 36
17 36 35
17 36 35
18 37 35
15 39 36
14 38 36
14 37 36
16 38 36
14 39 37
13 39 36
08 39 35
02 40 34
04 39 34
12 39 35
13 39 34
13 38 34
12 37 33
13 37 33
13 38 32
14 38 32
17 36 33
15 38 32
16 37 31
16 38 33
15 38 32
15 39 34
13 40 33
11 39 32
09 40 32
04 39 32
02 39 32
12 37 35
16 37 36
12 35 32
11 33 31
12 36 33
14 36 35
16 37 35
15 36 35
15 36 35
16 37 36
16 37 35
15 38 35
15 38 35
16 38 36
16 38 37
13 38 37
09 37 35
04 39 33
01 40 35
07 38 33
11 37 35
15 37 36
14 37 34
13 38 34
11 38 33
13 36 32
15 36 31
15 37 32
15 39 33
15 38 32
15 38 32
15 37 34
16 38 34
15 38 34
11 39 34
09 39 34
05 39 34
01 41 32
06 40 35
16 39 37
16 36 35
14 36 33
11 35 34
12 38 35
13 38 35
14 37 35
16 35 36
15 37 35
15 38 36
12 37 34
15 38 36
17 36 36
14 38 37
14 39 37
10 36 36
06 39 34
00 40 34
05 39 34
12 39 35
15 37 35
14 37 34
12 37 32
12 38 32
14 37 32
14 37 33
15 36 33
15 38 33
15 38 33
14 39 33
16 39 33
15 39 34
14 37 34
13 39 34
12 39 34
12 39 36
07 39 34
02 38 32
07 38 33
12 39 37
17 37 37
15 37 34
13 34 33
10 36 35
13 38 36
14 38 37
15 37 38
15 38 38
14 37 37
14 38 37
13 39 36
14 39 36
16 39 37
14 39 36
15 39 36
15 37 37
17 39 37
15 39 36
14 38 37
05 38 35
06 38 35
15 37 36
13 37 34
13 35 35
12 35 35
13 36 34
13 38 35
09 38 34
11 38 32
11 39 33
