14 39 36
14 39 34
14 40 34
13 40 34
11 40 34
13 41 36
13 40 35
12 40 35
13 39 35
12 40 35
14 40 34
13 39 35
12 38 35
13 40 35
14 39 35
13 40 34
12 40 34
12 41 35
12 40 36
13 40 36
12 40 35
14 41 34
14 40 35
14 40 36
13 39 36
11 42 35
13 41 36
13 40 35
14 41 36
13 39 35
14 40 35
14 40 36
13 40 35
13 40 36
14 40 36
13 39 36
13 41 38
13 43 41
14 44 41
14 43 41
13 42 41
14 43 39
13 42 37
13 41 35
14 40 36
15 39 36
16 40 36
16 39 36
16 40 36
16 39 38
17 40 38
18 41 38
17 43 38
16 44 39
16 45 39
16 44 40
16 43 39
16 44 40
17 45 40
17 44 40
17 45 40
18 45 40
16 46 39
17 45 38
16 46 39
15 47 38
15 47 37
16 47 38
17 45 37
16 45 37
16 44 36
17 43 36
16 43 36
16 42 36
16 43 36
16 43 37
16 43 36
14 44 36
12 42 35
12 45 36
12 46 37
14 43 37
15 41 36
15 42 37
13 40 37
13 40 37
12 40 37
12 41 36
15 40 37
15 40 37
15 38 36
15 37 35
15 39 35
15 39 36
12 38 37
10 40 36
09 42 36
11 43 34
15 46 34
14 43 33
14 43 33
13 45 34
14 42 32
15 43 32
16 42 32
18 43 32
17 41 32
16 41 33
17 41 33
17 42 34
15 44 33
15 43 33
13 43 32
11 44 33
08 40 32
11 41 34
11 42 34
10 42 34
11 38 33
15 36 33
15 39 33
14 41 34
13 40 34
13 38 36
15 40 35
14 39 35
15 37 34
15 35 35
13 36 34
12 38 34
13 37 34
14 37 35
16 39 34
16 40 34
12 39 34
09 40 33
04 43 33
05 41 32
10 43 32
14 41 32
14 39 31
14 39 29
12 39 30
13 40 28
16 41 29
17 39 28
15 42 27
16 40 29
16 39 29
16 39 29
13 39 29
14 40 29
13 38 30
12 38 30
12 39 30
11 40 32
12 40 31
09 39 32
06 38 33
08 40 33
16 41 34
16 39 33
14 39 33
12 36 31
12 38 31
15 39 32
16 40 32
15 40 33
15 37 32
14 40 34
13 36 34
14 39 33
14 38 34
14 39 34
13 38 34
12 38 33
11 40 32
06 40 32
07 41 31
10 42 30
13 42 31
12 41 30
10 40 29
09 37 30
13 38 29
17 36 29
16 37 30
17 40 29
18 39 30
17 38 30
16 37 30
15 39 30
13 40 30
12 39 30
11 39 31
10 40 31
10 40 32
06 39 32
09 40 32
13 40 33
15 39 32
13 37 33
12 38 33
11 37 33
13 38 32
16 38 33
16 37 34
14 38 35
15 37 33
13 38 33
13 38 35
13 40 35
14 39 34
15 40 35
14 40 34
12 42 34
09 42 32
06 42 32
05 42 32
08 43 33
14 40 33
13 40 32
13 38 30
13 37 28
13 38 28
14 39 29
15 40 30
17 40 30
16 38 30
15 37 30
14 39 30
13 38 31
14 39 31
12 40 31
12 39 31
12 40 32
08 41 32
07 41 34
10 39 34
14 38 35
14 36 34
14 36 34
12 37 32
13 38 33
15 38 33
15 39 34
15 38 34
13 36 34
13 38 35
14 37 34
14 39 34
14 39 35
14 39 34
13 40 34
10 40 34
08 41 34
04 39 32
08 41 32
12 40 34
14 36 31
14 36 30
12 36 28
13 37 29
15 40 28
15 40 29
15 41 31
16 39 31
15 38 32
14 38 32
14 40 32
12 40 31
13 39 30
12 39 31
09 39 31
06 38 32
11 37 32
13 36 33
13 36 33
11 35 33
08 37 32
12 38 33
14 37 34
16 37 35
16 37 36
16 37 35
15 37 36
14 37 34
15 37 35
14 37 35
16 38 35
15 37 35
14 38 34
14 38 34
12 39 34
08 40 34
04 38 32
07 40 33
11 41 33
13 37 32
13 36 30
13 36 30
13 36 28
15 37 29
15 40 30
16 39 31
16 38 31
15 39 30
14 39 30
11 40 31
12 39 31
12 39 31
12 39 31
13 39 32
13 38 31
10 40 32
08 40 33
11 40 34
15 39 33
12 38 33
10 34 32
11 36 31
13 36 32
14 35 32
14 36 33
14 37 33
15 37 34
13 37 33
13 39 34
13 39 34
13 40 33
14 39 35
14 40 34
13 41 33
08 41 33
05 42 32
08 42 31
12 41 32
14 38 30
13 36 30
13 35 29
14 35 28
13 36 28
15 38 28
16 39 29
16 39 30
15 37 30
16 38 30
14 39 30
13 40 29
13 39 31
13 41 30
13 43 32
13 42 33
12 39 33
10 41 32
07 40 31
09 40 32
15 40 33
13 38 32
13 36 32
13 36 32
12 38 33
12 37 32
13 37 33
14 35 34
14 37 33
14 37 34
14 38 33
13 37 34
13 39 33
14 37 34
15 38 34
15 39 32
13 39 34
11 40 32
07 41 32
07 42 31
10 42 32
13 41 33
13 39 32
10 37 32
09 36 31
10 35 29
12 37 30
14 34 30
14 37 31
15 37 30
16 36 30
15 37 32
14 38 30
13 39 31
12 40 31
13 39 32
12 40 32
14 40 32
10 40 33
08 41 32
11 42 33
12 41 34
12 38 33
14 38 31
15 37 33
12 38 34
11 37 34
12 36 37
15 35 36
14 36 35
15 36 36
14 37 35
14 37 34
15 37 34
14 38 34
13 39 34
16 40 35
16 38 34
15 41 33
11 40 34
07 40 32
06 41 33
07 42 33
12 40 33
13 38 32
13 36 31
11 36 29
12 35 28
12 35 29
12 34 29
12 37 29
14 35 29
15 37 30
13 38 31
13 39 31
13 42 31
14 42 31
13 44 32
13 43 33
14 42 32
14 43 34
14 43 33
12 42 33
10 41 34
14 42 34
14 41 34
15 41 33
16 41 35
13 40 34
14 40 34
13 40 36
12 41 39
12 37 40
13 36 39
15 36 38
14 38 38
15 40 37
15 43 37
15 41 37
15 42 36
15 42 36
15 42 37
14 42 36
13 44 36
13 42 36
15 41 35
13 44 35
14 43 35
14 43 35
13 45 33
14 45 32
14 43 33
16 42 33
17 42 32
16 42 32
16 43 33
15 42 33
13 42 34
13 42 35
15 42 35
15 41 35
16 42 36
15 43 35
14 43 36
14 41 36
14 43 36
14 40 37
14 43 36
15 40 37
15 42 38
14 41 39
14 40 38
14 40 38
14 40 38
13 40 38
13 41 39
15 42 38
15 42 37
14 42 37
14 40 36
14 41 36
12 41 36
13 42 35
15 42 34
15 42 35
15 42 34
14 42 34
13 42 33
13 42 35
13 45 34
14 42 34
14 43 34
14 42 34
15 42 34
12 42 35
13 42 35
13 41 35
12 42 35
13 41 36
14 40 36
13 39 37
15 40 37
15 38 37
14 39 37
13 40 36
12 39 37
12 39 36
13 40 36
14 39 38
14 39 37
13 39 37
13 40 37
14 40 36
13 40 38
14 40 37
13 39 37
14 39 37
13 41 37
13 39 37
14 39 36
14 39 37
13 40 37
12 38 36
12 38 36
13 38 35
12 38 35
14 38 36
12 39 36
13 38 36
12 38 35
13 39 36
12 38 36
12 39 35
13 39 36
13 39 36
13 37 36
13 39 35
13 40 35
13 40 37
12 38 36
12 39 36
13 39 36
13 40 36
13 39 36
12 38 35
13 38 36
13 39 36
13 40 36
13 41 35
13 40 36
13 40 37
14 39 37
13 40 36
13 40 37
13 40 36
13 38 36
13 41 36
13 40 36
14 39 36
14 39 37
12 40 36
14 38 36
14 40 36
14 39 36
13 38 35
11 38 35
13 39 36
14 38 37
13 39 35
14 39 36
13 41 36
13 40 36
13 39 36
12 38 36
13 39 36
15 38 36
14 41 37
14 38 35
12 39 35
14 40 36
15 40 36
13 40 36
12 38 36
13 40 36
14 40 35
13 39 35
13 39 36
13 40 36
13 39 37
13 39 36
13 40 36
14 39 35
13 39 36
13 40 36
13 39 36
