12 33 36
12 34 35
11 34 37
12 34 36
12 34 37
11 33 37
14 34 38
13 35 36
12 34 36
12 35 37
13 34 35
12 35 35
11 34 35
12 35 34
12 35 35
11 35 35
11 36 35
11 34 34
12 36 35
11 35 35
12 35 35
12 36 34
11 35 34
13 35 33
14 36 33
13 37 35
11 37 34
11 37 36
12 38 35
13 37 35
12 39 35
14 37 35
12 37 35
13 36 35
13 37 35
13 36 36
11 35 34
10 36 35
10 35 34
11 35 36
08 35 35
07 36 35
11 34 36
13 35 37
12 34 36
12 35 36
12 35 38
13 33 36
15 33 37
14 35 36
14 35 36
14 34 36
15 34 37
15 34 37
14 34 37
15 35 37
14 36 38
14 34 37
13 35 36
11 35 36
12 35 37
07 36 35
04 36 36
09 34 35
14 35 34
14 34 33
13 35 34
11 32 34
13 33 32
13 33 33
13 35 33
14 34 33
12 34 33
13 34 32
12 34 33
12 33 33
13 35 33
12 36 34
12 34 33
11 34 33
11 35 34
11 35 35
08 35 35
07 34 35
12 32 35
13 34 35
11 36 37
13 37 37
13 34 36
16 33 36
15 33 36
13 35 36
14 34 35
12 36 36
14 35 35
13 37 36
13 37 36
12 35 35
14 34 35
12 35 34
07 36 33
05 36 34
10 34 33
10 35 32
10 34 32
12 31 33
14 33 33
15 32 32
16 34 32
12 33 32
11 33 31
12 33 32
12 34 31
13 35 31
14 35 32
12 35 31
12 34 31
12 35 33
12 33 33
10 34 33
08 35 33
08 34 34
11 34 34
10 35 35
10 35 35
12 32 36
14 31 34
14 32 35
13 33 35
11 34 35
13 34 35
13 35 35
15 34 34
15 34 35
14 33 35
14 34 36
13 35 36
12 36 36
10 36 36
06 36 35
05 37 35
08 37 36
12 37 34
12 36 33
11 33 34
13 33 33
15 34 33
15 36 33
16 35 32
15 36 32
14 36 32
13 35 34
14 36 32
14 37 34
13 35 34
12 36 33
11 35 35
11 36 35
10 37 34
06 37 34
07 35 36
11 34 36
09 34 36
08 38 37
14 36 36
15 34 36
18 33 36
16 35 35
15 37 34
15 37 35
17 36 36
16 36 36
16 36 37
14 37 36
13 36 36
12 35 36
10 34 36
01 35 35
02 34 36
11 35 35
13 37 34
12 37 33
14 36 33
14 35 33
13 35 33
14 34 34
16 35 33
14 36 32
15 35 33
15 36 33
15 36 33
13 35 34
12 35 33
11 35 33
11 36 34
08 35 34
02 36 34
05 33 32
09 33 36
10 37 38
12 37 37
15 37 33
16 33 35
16 32 35
15 34 36
15 35 36
16 36 36
16 35 36
14 36 36
14 35 36
13 36 36
13 34 35
10 34 34
01 36 35
05 35 35
09 36 33
11 37 34
12 36 33
13 35 33
15 34 34
16 35 34
16 34 34
14 34 33
15 33 33
14 34 33
15 35 34
13 34 33
13 36 32
12 34 34
11 36 34
12 36 34
09 36 35
03 36 35
04 33 36
09 33 37
11 35 39
13 36 36
14 37 35
17 33 36
17 32 36
17 33 36
16 36 36
13 36 36
14 36 37
15 35 36
12 35 36
14 35 37
14 34 37
12 35 35
01 37 35
01 36 36
07 34 34
08 36 34
12 34 33
14 36 35
15 35 35
15 36 34
15 36 33
13 33 33
13 34 33
15 34 33
14 35 33
15 35 33
14 35 33
15 35 33
13 35 33
14 35 34
11 36 34
06 35 34
02 35 35
09 33 37
12 34 37
10 37 39
12 36 36
14 34 36
16 31 37
15 33 37
16 34 36
14 36 35
13 34 36
15 34 35
14 35 36
14 33 36
14 34 36
13 34 37
09 34 36
04 35 34
00 35 36
09 35 35
12 34 36
13 36 34
10 35 34
10 34 33
13 34 34
14 34 35
15 36 34
15 35 34
14 34 33
14 33 33
14 34 34
15 35 33
14 35 33
13 34 34
12 33 33
12 35 34
11 35 34
04 37 34
06 36 36
09 34 37
12 36 38
13 35 38
13 34 37
16 34 37
17 33 38
16 34 36
15 35 37
14 35 37
15 35 38
14 35 38
12 36 37
13 36 37
12 34 38
10 35 37
10 35 36
04 34 36
07 36 36
11 35 36
10 37 35
10 35 34
12 33 34
13 35 34
14 36 34
14 36 34
16 36 33
15 35 32
15 35 33
14 34 32
14 35 33
15 35 33
13 36 34
13 34 35
11 34 35
07 34 36
01 35 35
06 34 36
10 35 37
11 36 39
12 36 37
15 34 36
16 32 36
16 31 36
16 32 35
15 35 36
14 36 36
15 36 37
14 35 36
15 35 37
12 36 37
13 35 37
11 34 36
07 35 35
01 37 35
08 37 35
11 37 33
11 35 33
12 32 34
12 34 34
15 34 33
15 32 32
15 35 33
14 34 33
14 33 32
14 34 33
13 33 34
14 34 34
12 35 33
13 34 35
12 34 35
08 35 34
02 35 35
08 34 36
09 34 38
12 35 38
12 34 37
14 33 35
17 30 35
18 31 36
13 35 35
14 36 35
14 35 36
14 35 37
14 37 36
14 36 36
12 36 37
12 34 37
09 33 35
01 34 36
05 35 36
09 35 36
10 39 34
11 37 34
13 35 35
15 34 34
17 35 34
16 36 34
14 35 33
14 33 34
15 32 32
14 34 32
14 35 32
14 35 33
14 35 33
13 34 35
11 35 34
07 36 35
02 34 35
05 33 36
10 33 36
11 35 37
12 36 36
13 35 35
16 32 34
17 30 36
16 34 35
15 36 36
16 37 35
14 36 37
14 35 37
14 34 37
13 35 37
14 35 37
10 34 37
04 36 35
03 36 36
05 36 35
07 38 34
10 35 33
14 34 34
16 35 34
16 34 34
17 35 32
15 36 33
16 34 33
14 34 32
14 33 32
14 35 33
14 36 33
15 35 33
13 35 34
10 34 35
02 35 34
06 34 36
10 33 36
11 35 38
12 35 38
14 35 34
16 33 36
14 33 36
14 34 37
15 35 37
15 34 36
15 35 37
14 35 36
13 35 36
12 33 37
13 33 37
09 33 36
01 35 34
03 35 35
08 34 34
10 34 32
10 35 33
12 35 33
14 35 33
16 33 32
18 33 33
16 34 33
16 34 32
15 33 32
13 34 33
12 34 33
13 34 33
11 33 33
12 33 34
11 35 35
08 35 34
04 35 34
09 33 34
10 33 36
10 36 37
13 34 35
15 33 34
15 30 35
15 32 36
14 34 35
13 36 34
15 34 35
14 33 35
14 34 37
15 35 36
16 33 37
14 34 36
08 34 34
02 35 33
04 35 33
08 36 31
09 34 32
13 33 32
16 32 32
16 30 33
15 32 32
14 32 31
11 32 31
13 31 32
13 29 33
14 30 32
12 32 32
12 34 32
12 32 33
12 32 34
09 33 34
01 33 32
03 31 33
08 31 38
12 33 39
15 34 36
16 32 33
14 29 34
15 31 35
13 33 34
14 34 34
15 34 35
14 34 35
14 33 34
13 34 35
14 34 37
14 35 35
12 34 34
02 35 35
01 35 35
07 32 32
09 33 32
13 35 33
16 33 34
16 34 33
15 34 32
12 33 31
13 32 33
13 31 33
13 32 33
14 32 33
13 31 33
14 31 33
13 31 33
11 33 33
11 32 33
08 32 34
02 35 33
07 33 33
11 34 37
12 36 38
13 36 35
15 33 34
15 30 35
16 33 35
15 35 35
13 34 36
13 34 36
12 34 36
14 35 37
15 35 36
14 35 36
13 36 36
09 34 35
02 35 35
03 36 36
09 35 34
10 35 33
12 35 33
13 34 34
14 34 34
15 33 33
16 34 32
16 33 33
12 33 35
13 33 33
14 34 34
13 33 34
13 35 33
14 34 34
14 35 34
11 34 35
08 35 34
01 35 34
07 33 34
10 33 37
12 36 37
13 37 37
15 35 34
16 31 34
14 33 35
16 35 35
15 36 36
16 36 36
15 35 37
13 35 37
14 36 36
13 35 36
12 34 35
10 33 34
02 34 32
01 32 30
11 29 29
13 32 31
12 35 33
14 33 32
16 31 33
16 31 34
15 33 32
13 32 32
12 31 32
12 33 32
12 33 31
13 31 33
12 33 33
11 33 32
11 32 33
12 34 33
04 34 34
01 32 32
05 30 33
10 31 37
11 33 37
13 35 35
15 33 34
16 32 34
16 33 34
14 33 35
13 35 36
15 33 35
14 34 37
14 36 37
14 36 37
15 36 37
12 35 36
08 34 34
01 36 35
04 35 35
08 35 34
12 35 35
11 36 35
13 33 34
14 33 35
15 34 35
15 35 35
15 34 34
13 32 33
13 33 34
15 34 33
14 35 34
13 35 32
13 35 35
13 34 34
11 35 36
06 34 35
00 34 34
07 32 36
11 32 38
12 37 39
16 37 37
16 34 35
16 32 34
14 31 36
15 36 36
15 36 36
15 36 37
13 36 38
16 36 38
14 36 38
13 35 38
13 34 36
11 34 37
02 34 36
02 35 36
10 35 35
09 36 34
11 37 35
11 34 36
14 33 36
16 34 34
17 34 34
14 35 33
13 34 33
14 34 34
15 34 33
14 34 33
13 36 34
14 35 35
13 35 35
11 35 36
04 34 36
02 35 36
10 34 36
10 33 37
10 35 39
12 35 36
15 34 35
15 32 35
14 31 36
14 35 36
15 35 35
16 36 35
15 35 36
14 36 36
14 34 36
13 35 36
13 34 35
12 34 36
05 36 34
04 36 35
10 34 35
09 35 33
07 36 33
11 32 35
15 31 35
15 33 35
17 36 33
15 35 34
13 34 33
13 34 32
14 34 34
13 33 33
15 35 32
14 36 34
12 35 34
12 35 35
05 33 34
01 33 34
06 33 36
10 34 37
14 38 38
13 34 36
15 33 34
16 32 35
15 33 36
13 35 35
15 35 35
15 35 36
13 34 36
14 36 36
14 37 37
15 36 36
13 36 37
11 36 36
02 37 36
02 38 36
09 35 35
09 36 35
10 36 33
12 36 34
13 35 34
15 35 35
15 35 33
15 37 33
14 35 32
13 34 33
14 35 32
13 34 33
13 35 33
13 35 34
14 36 33
13 36 34
11 35 35
09 35 35
03 35 34
04 34 34
10 34 35
12 37 38
13 38 38
14 34 35
14 33 34
12 33 35
15 34 35
15 35 34
15 35 35
16 35 35
15 35 34
15 36 34
15 35 35
14 35 35
13 35 35
10 35 33
03 34 36
02 34 34
09 32 33
10 35 34
09 32 34
11 32 32
14 31 34
15 32 33
14 34 32
13 33 32
14 34 31
14 34 33
14 33 33
15 34 32
15 34 33
13 35 33
12 34 34
11 35 35
10 34 33
04 35 35
03 33 34
08 33 36
14 33 38
14 35 39
13 35 36
12 34 35
14 33 36
15 33 37
16 34 35
16 36 36
13 37 35
15 35 36
13 35 36
13 34 36
14 35 36
14 35 36
12 34 36
09 34 35
03 35 35
03 33 34
08 34 33
12 34 33
13 35 35
10 36 34
09 33 33
11 32 33
13 32 34
13 35 34
14 34 32
14 33 32
12 33 32
13 33 32
13 34 33
14 35 32
13 35 34
14 34 34
14 34 35
09 33 34
08 35 36
13 36 37
15 34 37
12 36 37
10 37 37
13 35 37
13 32 38
13 32 39
12 33 37
13 34 38
12 35 37
13 33 38
13 35 37
14 34 38
12 35 38
12 35 39
12 34 38
13 34 38
12 35 38
12 35 38
