37 40 52
37 40 52
37 40 52
38 40 52
38 40 52
37 40 51
38 41 51
35 40 51
35 39 50
37 39 50
36 40 51
38 39 51
37 41 51
38 39 51
37 39 51
37 39 52
36 39 52
34 42 54
32 40 56
30 43 56
29 39 55
28 38 51
28 38 48
28 38 45
27 36 42
27 34 41
26 32 39
26 30 37
23 31 38
18 31 38
15 34 40
09 38 42
08 34 40
02 35 39
00 37 37
00 39 38
00 44 42
01 44 42
01 40 42
06 38 41
17 37 41
16 35 40
15 38 41
14 39 41
13 37 41
14 37 39
12 36 38
12 35 36
12 35 35
11 35 34
12 35 35
12 34 33
12 34 34
10 34 34
08 35 35
10 35 34
08 35 35
11 36 37
16 36 37
17 36 37
14 37 37
11 36 36
14 35 36
17 36 35
18 36 35
17 36 36
16 37 37
15 37 37
13 38 39
12 39 40
10 40 42
07 39 43
06 40 44
04 37 42
03 33 42
03 34 41
13 33 41
14 34 37
11 35 37
09 36 38
11 37 36
12 36 35
13 36 35
11 35 33
14 36 33
13 37 33
14 36 33
14 37 32
13 37 33
11 36 33
13 36 34
09 36 34
09 35 35
11 35 36
16 36 37
14 37 35
11 36 35
10 36 36
13 36 36
14 36 37
15 35 38
14 38 38
14 38 39
14 36 39
13 36 40
13 36 39
13 37 41
10 36 41
10 38 42
09 37 42
03 32 41
02 35 42
09 34 41
12 34 38
08 36 37
06 35 35
09 35 35
12 35 34
14 35 33
14 37 32
14 37 33
15 37 32
16 37 32
16 36 32
15 37 33
14 37 34
14 36 33
14 35 34
07 37 34
07 36 36
14 36 38
14 37 37
10 36 36
08 35 36
10 36 36
13 34 37
14 37 37
15 38 36
16 36 38
14 37 38
14 36 39
14 37 38
13 38 39
11 39 40
07 40 41
08 39 40
05 37 40
05 37 39
09 39 37
11 39 37
10 37 34
09 37 32
07 37 31
10 37 31
11 38 29
13 37 29
13 35 31
13 36 30
15 37 30
14 36 31
16 36 31
14 35 32
14 37 32
12 37 33
12 38 33
10 37 34
08 37 35
13 37 35
12 37 36
09 36 35
06 35 34
08 36 35
11 38 35
14 38 35
15 39 36
15 38 35
14 39 36
13 37 37
14 38 38
13 38 40
11 38 40
09 40 41
07 38 41
01 36 41
03 35 40
10 34 38
10 33 35
05 35 34
06 34 35
10 34 33
12 36 34
13 36 33
14 35 33
15 36 33
16 36 33
17 37 33
18 36 31
17 36 33
13 36 33
13 36 33
11 36 35
08 35 34
12 36 36
12 39 39
09 37 38
06 36 37
08 36 36
13 34 37
15 34 36
13 35 36
16 36 38
14 36 39
14 37 40
14 39 41
15 37 42
12 37 43
08 40 43
07 38 43
01 35 41
01 36 41
08 34 39
12 34 37
10 36 35
06 36 36
09 37 34
12 34 34
12 37 34
15 36 32
14 36 32
15 35 32
17 36 32
19 37 32
16 36 32
15 36 33
13 36 33
13 35 33
08 37 33
09 36 35
12 38 38
14 38 38
11 39 39
07 37 38
09 35 38
14 34 38
13 33 39
16 34 38
15 35 39
15 35 39
15 37 38
17 36 41
16 37 41
16 37 41
12 37 40
11 39 40
10 38 38
05 35 37
04 36 38
07 37 37
12 39 35
11 38 32
08 38 31
11 36 32
13 37 31
14 37 32
15 38 32
16 38 32
16 38 31
16 37 33
17 37 33
16 36 33
14 36 32
12 36 33
10 36 33
05 35 32
05 35 33
14 37 36
15 38 38
11 39 35
07 37 34
11 34 36
14 34 38
15 36 37
17 37 37
13 38 37
14 38 38
14 37 39
16 36 41
15 37 41
11 38 41
13 38 42
06 38 39
04 37 40
01 37 39
09 38 37
15 39 35
14 43 32
14 41 29
14 40 28
14 41 28
13 42 28
13 40 29
12 40 29
12 39 29
12 38 31
13 38 31
12 38 32
10 37 33
11 35 33
11 36 34
13 36 34
10 35 34
08 34 34
11 35 35
12 38 36
12 38 36
11 37 37
12 36 37
14 39 37
16 39 37
17 40 37
18 39 36
17 38 37
16 39 38
15 39 38
15 39 39
12 40 40
02 34 35
02 37 33
04 35 34
06 36 33
10 35 32
10 33 30
11 32 30
14 32 31
16 33 31
16 34 30
18 33 30
15 34 31
14 34 32
15 36 31
15 35 32
14 37 33
14 37 32
12 38 32
12 37 33
13 37 34
10 38 33
05 39 34
04 39 35
11 38 36
11 37 32
11 35 29
10 34 30
11 38 31
10 37 30
12 37 29
14 38 29
15 37 29
15 36 30
15 36 31
15 36 31
13 37 32
12 35 32
12 36 32
13 36 33
11 36 33
08 37 33
05 37 35
11 39 36
11 38 36
09 38 34
08 35 33
12 35 33
14 36 35
15 36 33
14 36 32
16 36 32
15 36 31
15 36 31
16 35 31
14 36 31
12 35 30
10 36 31
10 38 30
06 35 31
08 36 31
12 37 34
13 38 35
08 36 35
09 36 36
10 38 37
15 38 36
16 37 35
17 36 35
16 40 35
16 37 35
15 38 37
14 39 38
13 39 38
10 38 39
07 41 39
04 39 37
00 35 36
02 35 37
10 35 36
13 36 34
10 35 31
07 36 31
10 35 32
12 34 32
13 37 33
15 37 32
17 37 32
16 36 32
17 37 32
16 35 31
16 38 32
15 35 33
11 37 33
11 37 32
07 36 33
04 37 34
07 37 35
14 37 39
16 39 38
13 37 36
08 35 35
10 35 34
15 33 35
16 35 35
17 36 35
16 37 36
16 39 37
14 39 37
14 37 38
13 38 37
11 37 38
09 37 38
08 38 38
05 35 35
01 38 37
05 35 36
13 38 35
12 36 33
08 37 32
11 36 33
12 39 31
14 38 30
14 39 30
16 39 30
16 38 30
17 38 31
17 39 31
15 39 31
13 39 32
10 40 31
10 41 32
06 42 33
04 41 36
12 43 37
15 45 37
13 48 36
11 49 33
11 51 35
13 52 33
19 52 32
21 51 31
24 49 32
26 49 30
27 47 32
27 47 30
27 47 28
30 55 25
31 58 26
34 56 27
36 53 28
38 53 29
39 55 32
37 54 35
34 51 40
35 46 41
37 45 41
36 43 42
35 43 44
32 42 46
34 39 46
34 38 46
36 35 48
35 36 50
35 37 51
35 38 53
35 38 53
34 37 54
35 38 54
34 39 55
37 39 56
32 42 56
32 38 54
33 38 53
33 38 54
31 38 53
33 40 51
33 39 50
34 36 50
33 37 49
34 35 48
34 35 51
34 35 52
35 36 53
34 36 54
