39 44 49
39 33 49
38 43 48
40 43 45
39 40 43
39 40 44
39 43 47
38 39 43
36 39 40
31 44 46
30 44 44
26 49 46
22 53 52
21 51 48
22 46 44
17 46 49
18 46 46
19 40 44
17 41 45
16 39 43
14 38 39
11 36 39
11 37 39
10 36 38
10 37 36
08 36 36
10 35 36
09 35 36
08 38 36
12 35 36
12 35 36
14 38 38
14 31 38
13 28 39
14 34 40
15 36 38
14 35 36
14 37 34
14 36 33
12 36 34
10 37 34
10 36 33
10 36 33
10 35 32
09 36 34
07 37 34
10 37 36
13 32 36
10 36 33
08 33 32
08 35 32
08 35 32
10 37 32
13 37 32
14 36 31
15 36 33
15 36 32
16 37 32
17 36 32
16 37 32
15 36 33
15 37 34
12 36 31
09 38 34
09 37 35
07 36 35
06 36 34
10 35 35
13 36 36
13 37 38
11 39 36
11 37 35
13 36 35
15 38 35
17 35 37
16 33 39
16 36 38
15 37 36
15 37 36
12 38 35
11 35 34
10 36 33
10 38 34
10 39 35
08 38 35
03 39 36
08 36 38
12 32 38
11 36 36
09 35 33
07 31 32
08 33 31
12 35 33
14 36 33
15 36 33
16 37 31
15 37 32
16 37 32
18 37 31
16 36 32
15 37 31
11 38 33
10 37 35
08 36 34
07 36 34
11 35 35
14 34 36
13 36 36
11 34 37
11 36 36
13 35 36
16 36 37
16 38 37
16 39 37
15 38 36
15 36 38
13 35 39
12 35 38
10 36 36
09 36 35
08 38 36
08 38 35
05 39 36
03 39 37
11 38 34
12 37 36
11 36 35
10 37 35
10 35 33
09 35 33
12 36 33
14 35 32
15 35 33
17 36 32
16 37 33
16 37 32
16 35 32
15 36 31
12 36 32
10 37 33
09 36 34
07 36 33
04 35 34
11 34 34
14 33 36
12 36 37
12 36 35
15 36 36
16 36 36
17 37 35
16 40 37
17 39 38
15 38 37
14 38 37
12 35 38
11 34 37
10 34 37
11 34 36
07 37 37
03 37 35
04 39 37
09 38 36
10 38 36
08 38 35
07 36 33
09 34 32
11 34 33
15 36 31
17 35 33
17 36 32
18 37 32
18 37 30
16 36 31
15 37 31
14 38 33
10 38 34
10 38 35
08 38 36
06 38 37
09 36 37
12 33 38
12 33 38
11 33 37
10 32 38
14 32 37
17 32 37
18 32 38
16 32 36
15 31 35
15 30 35
14 30 33
12 29 33
12 31 32
11 31 31
09 31 31
07 32 32
03 33 33
06 35 33
12 33 32
09 35 32
10 37 33
11 37 33
13 37 33
15 36 32
15 36 33
15 37 33
15 36 33
16 36 34
14 36 34
13 36 34
10 37 34
09 36 35
06 37 34
06 36 34
04 38 37
11 37 37
15 35 36
13 38 37
14 36 36
14 38 35
17 37 36
18 37 37
17 38 37
18 37 37
18 35 38
17 36 38
14 38 39
14 37 39
14 38 40
10 38 41
08 39 40
06 39 38
04 41 41
10 40 37
09 38 34
08 37 32
09 36 31
14 36 31
15 35 31
15 35 31
17 35 30
16 36 32
16 35 31
14 35 32
11 36 32
09 35 33
08 34 31
09 32 32
06 33 33
10 32 30
14 35 36
12 35 39
10 34 36
11 32 34
16 34 36
16 36 37
15 35 36
17 37 36
16 38 37
15 35 38
15 36 38
11 35 38
10 35 38
08 36 37
08 36 38
02 38 37
03 39 39
08 37 35
10 37 37
10 37 35
10 34 32
11 35 31
14 34 31
16 37 32
18 36 32
18 35 33
15 36 33
15 36 31
15 35 32
11 36 33
08 35 32
07 36 32
08 35 33
07 34 34
13 33 32
14 33 35
12 36 36
12 37 38
14 36 37
18 35 38
17 37 37
17 37 36
16 37 37
15 36 38
15 35 37
13 35 37
11 36 37
08 35 36
07 37 36
07 36 35
03 38 38
06 40 39
11 36 37
08 37 34
09 35 33
10 34 33
11 36 34
13 36 34
15 36 33
16 36 33
17 36 32
16 35 32
16 37 34
16 36 33
15 36 33
10 35 32
08 36 32
09 37 33
05 37 34
06 35 34
13 31 35
11 34 36
13 33 36
13 33 36
16 33 36
17 35 36
18 35 37
17 35 36
17 37 36
17 36 37
12 35 39
11 37 39
09 36 38
09 35 37
07 36 38
03 37 38
04 38 38
11 37 37
10 36 35
09 37 32
09 35 32
12 36 31
15 36 32
16 37 33
16 37 32
17 36 32
17 36 31
18 36 33
15 36 33
13 35 34
12 36 32
09 36 34
08 36 34
05 37 33
09 36 34
14 34 36
12 37 36
11 37 35
13 36 36
15 34 34
15 39 35
16 41 38
18 38 38
17 37 38
16 38 38
15 39 37
13 38 36
12 38 36
09 38 36
07 37 36
05 38 35
05 41 37
07 38 37
08 37 34
07 36 33
08 35 31
08 36 31
13 36 32
15 36 34
18 35 33
17 36 32
18 35 31
17 36 31
16 36 32
17 37 33
12 37 33
09 35 33
09 36 33
05 37 33
04 38 33
11 35 33
13 36 35
13 36 36
13 36 35
15 38 35
16 37 36
18 37 35
18 38 36
17 37 36
15 38 36
13 36 36
12 37 37
10 36 36
08 36 36
06 35 35
03 36 35
01 38 37
08 35 35
08 35 33
09 35 33
11 34 32
12 34 32
16 36 33
17 38 33
20 36 33
19 37 32
18 35 31
15 37 33
16 36 33
12 36 32
08 36 32
05 35 32
07 36 32
06 36 34
07 34 32
14 36 34
14 36 35
15 36 35
13 36 35
14 35 34
18 35 35
17 35 36
17 41 38
16 36 39
13 37 39
11 37 37
11 36 36
09 36 37
08 37 35
07 35 35
05 37 34
04 38 36
07 37 36
11 36 33
09 35 32
10 35 32
11 34 34
14 36 32
14 37 32
15 35 33
17 34 33
17 36 34
16 34 32
16 35 32
16 40 33
14 37 34
10 34 34
11 32 32
07 35 35
07 34 33
13 32 32
11 35 36
12 37 37
12 38 36
14 40 36
17 33 35
18 34 35
17 32 38
15 33 38
15 35 39
13 35 37
12 35 35
10 35 34
08 35 33
04 37 34
02 37 34
06 37 35
09 38 34
08 38 35
09 36 32
11 33 32
11 33 33
15 35 32
15 36 31
17 36 32
18 35 33
16 37 32
17 37 33
15 36 33
13 35 33
11 35 33
07 36 32
07 37 32
04 36 32
08 36 33
13 34 34
10 36 34
13 34 34
14 35 33
17 37 35
16 36 35
18 37 35
17 36 36
16 34 38
13 33 39
11 35 37
11 35 35
08 35 36
06 37 35
05 39 33
02 38 33
07 37 35
10 36 32
09 37 32
11 38 31
09 35 32
12 38 31
15 39 33
16 41 31
18 41 32
20 40 32
19 41 32
19 43 32
19 42 32
18 42 33
16 46 31
15 43 33
13 43 34
12 44 35
12 40 34
13 36 35
12 32 39
07 41 42
10 44 41
16 43 40
20 37 37
21 38 37
20 38 36
19 38 36
18 38 35
15 37 35
10 37 34
08 35 38
08 45 39
05 40 31
06 44 33
08 44 34
06 40 35
10 40 32
12 34 30
12 34 29
13 35 28
16 36 29
15 39 31
17 35 31
18 36 32
17 36 31
15 37 30
15 35 28
10 38 30
07 35 30
08 38 28
06 40 31
08 41 32
12 37 35
11 34 33
12 31 32
12 32 34
14 33 34
15 36 32
17 32 32
18 34 31
17 39 32
16 36 30
14 36 31
11 37 31
04 35 34
01 40 35
04 51 40
03 43 36
07 42 31
11 39 30
14 30 26
14 35 24
15 30 25
15 34 30
16 38 31
17 36 30
17 34 31
16 35 31
14 35 31
13 35 31
11 36 32
08 35 32
07 38 32
08 37 31
08 36 30
06 38 32
13 37 33
13 35 32
12 36 32
11 35 33
14 35 35
17 35 36
18 36 34
19 36 36
19 36 34
16 33 33
14 35 32
12 36 32
12 36 33
12 36 33
09 35 34
04 37 36
05 41 34
05 45 34
12 42 35
10 36 33
11 35 31
08 36 32
11 35 32
13 37 32
16 36 32
17 35 32
17 34 31
18 35 32
15 36 31
15 37 31
14 36 33
11 37 32
09 36 32
09 36 31
05 37 32
05 36 33
13 34 35
15 34 34
14 36 34
12 36 34
14 36 34
17 38 36
15 37 35
17 36 39
16 40 37
15 43 37
15 39 36
13 38 36
11 37 35
08 37 34
06 38 34
05 40 33
04 37 34
10 35 34
11 34 34
11 36 31
09 35 32
09 36 31
12 36 31
15 36 31
18 35 32
18 35 31
17 36 32
16 37 32
16 36 32
15 36 31
11 36 32
07 36 32
08 35 31
08 36 32
07 37 34
06 35 33
13 35 34
15 36 33
12 36 35
14 35 34
14 37 34
17 36 35
16 38 35
16 34 37
14 36 36
15 39 36
13 38 36
13 36 35
11 35 35
10 37 35
07 40 35
08 38 34
05 39 33
07 40 36
12 36 33
12 33 34
09 36 32
08 32 30
09 34 32
13 37 32
16 37 32
16 37 33
17 36 32
17 38 32
15 35 32
15 36 33
13 34 33
09 36 32
07 36 31
08 37 32
08 37 35
07 36 32
10 36 34
15 34 34
16 36 34
14 36 36
15 36 35
15 37 35
17 38 35
16 38 36
17 39 36
14 37 37
15 38 38
12 37 39
11 37 38
09 38 38
06 42 35
05 39 35
05 40 35
07 39 37
10 38 35
12 37 34
11 35 33
09 35 32
11 35 32
13 37 33
15 36 32
17 36 31
16 36 32
16 36 33
17 35 31
16 36 32
14 35 32
12 36 32
09 35 32
09 35 31
08 38 35
05 35 34
13 34 34
14 35 37
16 36 36
12 35 37
13 36 35
15 35 35
16 37 36
15 39 36
16 37 36
15 37 37
14 36 37
14 37 37
12 39 38
09 37 36
10 37 34
09 38 33
06 39 33
04 39 35
09 36 35
11 37 31
08 36 32
09 34 30
10 35 31
12 35 32
14 36 31
16 36 32
17 36 32
16 36 33
16 35 32
15 36 32
14 34 31
14 36 32
11 36 33
09 37 32
07 36 32
08 38 34
07 37 33
13 37 34
13 37 35
13 35 35
13 36 33
12 34 33
13 32 32
13 29 40
15 45 40
16 42 40
17 39 37
15 40 35
15 40 35
15 39 35
14 39 35
14 39 35
11 38 36
08 42 38
07 45 35
07 45 35
10 42 37
16 32 37
14 43 32
13 41 33
12 41 32
10 43 30
09 43 31
13 41 32
15 41 33
19 41 31
19 42 34
18 43 34
20 43 35
18 44 35
17 44 36
16 43 36
15 45 39
14 46 40
14 45 40
12 46 42
13 44 42
17 42 39
21 40 38
21 39 37
22 39 38
19 40 38
16 41 37
13 41 40
12 42 40
11 43 40
10 42 41
13 44 41
13 43 39
15 42 38
14 44 39
14 41 38
14 44 39
13 47 41
11 46 42
12 46 43
15 45 45
17 43 44
19 41 42
22 43 42
25 43 45
27 42 45
26 45 44
27 46 46
29 45 45
27 48 47
30 45 46
32 45 47
33 46 47
35 44 46
36 44 46
36 45 47
35 43 46
35 45 47
36 44 49
35 43 49
35 42 48
33 44 50
34 42 50
34 42 50
32 42 50
36 43 51
35 45 50
35 44 50
36 43 51
36 43 50
37 44 50
35 44 50
35 45 50
36 43 51
35 44 49
36 42 50
35 43 49
34 43 50
35 42 50
36 44 50
35 42 50
35 43 51
35 43 50
36 42 51
35 43 50
34 43 50
37 42 51
35 43 50
34 42 50
35 42 51
35 43 50
35 42 51
35 42 52
35 42 51
36 43 51
34 42 51
34 42 50
34 42 51
35 42 50
36 45 50
35 42 50
35 41 49
35 42 51
34 42 50
35 43 51
36 43 50
34 43 51
34 42 50
35 41 51
34 42 50
35 41 52
35 43 51
36 43 50
35 42 50
34 41 50
35 42 51
35 43 53
36 43 50
36 43 51
37 43 49
36 40 48
35 43 50
36 43 51
36 42 50
36 42 50
36 43 51
37 44 50
37 43 50
