42 32 53
40 33 53
40 34 53
39 36 52
40 34 53
41 36 53
41 36 51
42 34 50
41 36 49
43 36 48
41 36 47
42 37 47
41 40 45
40 40 44
40 41 45
40 44 45
39 45 42
43 47 40
33 47 37
32 52 38
31 53 40
29 49 41
26 48 43
25 46 47
25 44 48
24 38 44
17 44 46
16 43 45
14 40 42
11 37 42
09 38 40
06 39 40
04 41 37
06 41 37
08 41 38
09 41 37
11 42 37
10 41 38
10 39 37
11 39 36
12 38 36
13 39 35
12 39 36
12 39 35
11 38 35
12 38 35
13 37 35
14 36 35
13 36 35
14 37 35
14 36 35
14 37 36
14 38 36
14 39 36
13 37 36
13 38 36
13 39 36
12 38 36
13 39 35
13 38 35
13 39 36
12 38 36
12 39 35
13 38 36
13 38 35
11 39 36
14 39 36
13 38 35
13 38 35
13 38 36
12 38 36
12 39 36
12 38 36
12 38 35
12 37 36
13 37 35
13 37 34
12 37 36
13 37 34
13 38 35
14 37 35
12 39 36
12 38 36
12 36 36
13 38 36
12 37 37
12 38 38
13 39 36
14 38 38
14 40 38
15 39 38
15 41 38
14 39 39
15 41 39
14 40 40
13 39 39
12 41 38
12 40 39
11 40 38
12 40 38
12 38 37
09 40 36
06 39 35
08 39 37
13 37 34
09 36 34
09 34 34
12 36 34
15 35 34
15 37 34
14 36 35
14 37 33
15 37 35
16 36 33
18 36 34
18 37 33
16 37 34
12 40 33
09 43 35
09 42 34
10 41 34
07 41 36
05 42 34
09 43 35
13 43 36
15 42 37
15 43 37
15 41 37
16 39 35
16 39 35
17 39 36
17 39 37
16 39 37
16 40 37
15 40 37
14 39 37
11 40 37
10 39 36
08 38 37
08 40 38
06 40 37
05 41 37
07 40 38
08 38 35
07 36 34
07 34 34
12 35 33
13 36 34
16 38 35
16 38 34
17 37 33
17 37 33
19 37 34
16 37 34
18 39 34
14 39 35
11 38 36
10 37 35
03 37 34
06 37 36
11 38 39
13 39 40
12 37 38
12 37 37
14 37 37
16 38 39
18 38 37
16 38 37
16 39 38
15 39 37
15 38 37
14 39 37
14 39 38
12 40 37
10 39 38
08 39 38
05 38 37
05 39 40
09 39 39
09 37 35
07 38 36
08 36 36
11 36 35
14 36 35
15 36 35
14 36 35
13 37 33
14 36 33
14 35 34
14 36 34
18 37 34
15 38 34
14 37 35
14 37 34
13 37 36
08 39 34
07 42 34
11 39 38
14 35 40
13 35 38
11 34 38
12 36 37
14 37 38
16 37 38
16 39 39
15 38 38
15 39 39
14 39 40
14 38 39
13 37 38
11 40 37
07 38 37
07 38 38
09 38 38
08 37 38
05 40 39
11 37 37
13 36 35
10 37 36
10 37 36
11 36 34
12 34 34
13 34 35
13 36 33
12 36 32
12 36 33
12 37 33
15 36 34
16 36 35
17 38 34
15 37 35
14 36 35
14 37 36
07 36 35
08 37 35
10 38 37
11 38 39
12 39 40
12 38 38
15 37 37
15 37 36
14 38 36
14 39 37
14 40 37
13 39 37
14 40 37
14 38 39
14 38 38
12 39 38
09 42 37
09 39 39
09 37 38
05 39 38
06 38 39
10 37 36
10 36 36
09 36 36
07 36 35
09 36 34
13 35 34
14 35 34
14 37 34
15 36 34
15 36 34
17 37 33
18 35 34
15 37 34
15 37 34
14 38 34
11 37 35
05 36 35
08 37 37
11 38 37
10 39 39
11 39 38
11 37 37
15 36 38
17 36 37
15 38 36
15 39 38
13 39 38
14 39 38
15 39 38
13 38 38
11 38 38
08 39 37
09 40 38
07 39 38
04 40 40
07 39 39
11 37 36
09 37 36
09 36 35
09 37 35
12 36 34
14 36 34
13 36 33
13 35 33
13 35 33
13 35 33
15 36 33
14 38 34
15 37 33
13 37 34
13 36 34
14 37 35
09 37 35
08 36 35
14 36 36
14 38 39
12 39 38
12 38 36
13 37 38
14 36 38
15 38 38
14 39 38
13 38 38
14 38 39
14 38 39
13 39 39
11 40 39
11 39 39
09 39 38
10 39 37
05 40 38
03 39 39
10 37 37
09 35 35
07 37 36
09 37 36
11 36 35
12 37 33
12 36 34
11 36 33
12 34 32
14 35 33
16 37 33
17 35 32
16 37 33
12 37 35
13 36 34
14 38 34
10 38 36
06 37 35
12 36 36
15 39 38
14 37 39
10 41 38
08 37 37
14 38 38
15 36 37
15 40 39
15 40 38
14 40 38
14 40 39
14 39 37
13 39 38
12 40 38
10 39 38
08 39 37
06 40 36
02 40 36
06 39 36
09 37 35
07 37 34
08 35 34
06 35 32
13 24 29
14 35 34
13 36 34
14 36 33
15 37 34
16 37 34
18 36 34
19 38 35
18 37 34
15 37 36
14 37 35
13 36 34
08 37 35
04 37 35
07 37 34
07 38 36
07 38 36
08 40 34
11 37 33
11 36 35
15 37 35
16 40 35
15 38 35
15 40 35
15 39 35
16 38 36
13 40 37
12 39 38
09 39 38
10 38 39
05 39 41
03 39 42
07 37 38
09 34 38
08 35 39
08 35 36
10 35 36
11 34 37
10 35 34
11 37 36
14 35 33
17 35 33
18 37 35
19 36 35
17 36 34
18 38 34
16 40 36
13 36 36
10 36 35
02 37 33
06 38 36
12 39 39
10 38 39
10 38 38
12 37 36
10 37 35
12 35 36
13 38 36
15 40 35
15 37 35
15 39 36
15 39 36
14 39 37
13 40 37
11 40 38
10 40 39
09 38 39
06 40 40
03 39 40
08 38 39
12 36 37
13 37 37
11 37 37
11 37 36
13 36 35
12 37 33
12 35 33
14 36 33
13 35 33
13 35 33
15 38 33
15 37 34
14 37 34
12 37 36
13 37 35
13 36 35
06 36 36
07 37 36
12 38 37
13 38 39
11 39 38
12 37 37
18 37 36
16 37 35
16 39 36
14 37 36
14 37 36
14 38 36
13 38 37
12 38 37
12 40 37
11 39 38
12 38 38
10 37 37
05 38 38
02 40 40
06 39 38
11 36 37
11 37 37
10 37 36
12 36 35
12 36 34
15 35 34
15 37 34
15 35 34
14 36 34
14 36 34
15 36 34
14 37 35
12 36 35
14 36 35
14 35 37
11 37 36
07 37 35
13 37 36
14 39 38
13 40 39
13 39 38
16 37 37
16 35 37
16 38 37
17 39 37
14 38 37
14 38 38
14 39 37
13 38 39
12 39 39
10 40 38
09 38 38
09 38 37
03 41 39
06 39 40
12 38 37
13 39 36
11 37 37
09 35 35
11 35 34
12 35 34
12 37 34
13 36 34
13 36 34
14 36 34
15 37 33
14 35 34
15 36 34
13 35 37
11 36 37
14 37 36
10 37 35
09 36 37
14 37 37
15 38 38
13 38 38
13 40 37
14 39 36
15 37 36
16 38 38
15 39 37
14 40 38
12 39 38
13 38 38
15 39 37
14 38 38
12 39 37
10 39 39
10 40 38
02 41 40
05 40 39
08 38 36
09 38 35
10 36 35
11 36 34
13 35 34
13 36 33
12 36 33
14 37 32
14 36 33
15 36 34
17 37 34
17 36 33
16 37 35
14 37 35
12 36 36
12 37 36
06 37 36
06 37 36
12 37 36
14 37 39
13 38 39
12 38 36
14 37 36
17 36 37
17 38 36
15 38 35
15 38 37
14 38 37
14 38 36
13 39 37
12 37 38
10 39 38
08 39 37
07 40 38
03 43 39
05 39 39
11 36 36
12 37 34
10 39 37
11 39 35
12 38 35
13 35 34
15 36 34
13 34 33
13 36 33
13 36 32
14 35 32
16 37 34
16 36 34
15 36 35
12 37 35
14 35 35
09 36 34
06 35 34
12 37 35
13 38 36
14 39 38
13 39 36
15 38 37
16 37 36
19 37 38
15 39 36
13 39 36
12 38 38
13 40 38
13 38 38
12 40 37
11 40 37
09 39 38
08 39 38
06 40 38
03 39 39
06 39 38
10 37 36
10 38 36
09 37 35
09 35 34
10 33 33
14 35 35
16 36 33
15 36 34
16 36 33
15 35 34
16 35 32
16 36 33
14 36 34
14 36 33
14 36 35
12 36 35
05 36 35
10 36 36
10 37 37
10 38 40
09 39 38
12 37 38
15 39 38
14 39 38
14 40 38
14 40 37
14 40 39
14 39 38
14 39 37
15 38 37
13 39 37
11 38 37
09 37 37
08 36 37
03 39 37
08 39 37
10 35 35
09 36 35
08 36 36
10 36 35
15 36 35
16 35 35
16 36 34
15 38 33
15 36 34
16 36 34
17 37 35
16 37 34
14 37 34
12 37 35
11 37 34
12 36 36
07 37 35
05 38 35
14 38 37
15 39 38
14 39 38
10 37 36
10 36 37
13 35 37
16 37 37
17 39 38
15 38 37
14 39 38
13 38 38
14 36 39
14 38 39
13 38 38
11 38 39
11 37 38
12 38 37
06 39 38
03 40 39
05 38 37
08 35 35
10 36 37
09 36 37
10 36 35
13 35 35
14 35 35
13 36 34
14 35 35
16 35 34
16 37 35
16 36 35
16 37 34
16 37 34
15 36 34
13 37 35
15 36 36
10 38 36
05 37 36
09 36 37
11 37 38
12 38 41
11 39 40
15 39 39
14 38 38
16 35 38
16 38 38
14 41 37
13 40 39
14 40 39
13 38 38
12 38 39
13 38 38
09 39 38
09 38 38
06 38 37
05 38 38
05 37 37
09 35 36
10 37 36
08 37 36
08 37 36
09 35 35
12 35 34
13 35 34
15 35 35
16 34 34
18 36 34
18 37 35
17 40 34
16 43 36
12 43 37
12 42 37
14 42 39
11 42 39
12 41 39
16 39 39
17 39 37
17 39 38
12 39 37
13 38 35
15 38 36
15 38 35
14 39 36
12 39 36
14 38 36
13 38 37
12 38 37
13 40 36
11 39 38
13 38 39
10 40 38
09 39 39
08 38 38
08 38 38
04 38 39
08 37 39
12 36 37
11 35 38
06 36 36
07 36 35
11 35 34
14 36 35
15 35 35
15 35 34
17 36 34
17 36 36
17 36 34
18 38 33
17 37 34
14 37 35
11 38 37
08 37 34
04 37 33
09 38 37
13 37 37
12 39 38
12 39 37
11 38 37
13 37 39
14 40 38
16 39 38
15 39 38
15 38 38
14 39 38
13 38 38
13 39 38
11 40 39
10 40 39
10 38 39
10 37 38
08 39 39
06 39 39
08 38 37
09 35 36
09 36 35
10 37 35
12 37 35
14 35 35
15 36 34
14 35 34
15 36 34
15 36 33
16 36 35
16 37 34
15 36 34
13 38 34
12 37 35
12 36 35
09 39 36
07 37 36
11 37 36
12 38 38
13 37 38
12 38 37
13 38 35
16 37 38
14 38 37
15 38 36
15 37 38
14 38 37
14 38 38
13 39 37
13 38 38
12 38 39
10 39 38
10 39 37
06 39 36
04 39 39
07 39 38
12 37 35
11 37 35
10 37 35
09 36 34
12 35 33
15 35 34
14 35 33
15 36 33
13 35 33
16 35 33
16 36 34
17 36 34
16 36 34
13 37 34
14 37 35
12 36 35
07 38 36
06 39 36
11 38 37
13 37 37
13 37 38
12 37 37
13 37 37
14 39 37
15 38 38
15 37 38
13 37 39
12 38 38
14 38 39
14 37 37
14 37 38
12 37 38
12 39 37
10 37 37
10 38 36
07 38 37
07 39 37
10 39 37
11 37 35
10 38 37
10 36 36
11 35 34
13 35 35
14 35 34
14 38 33
13 36 33
15 37 33
15 37 32
16 37 34
15 36 34
14 37 35
13 35 35
14 37 36
15 37 38
12 37 36
07 38 36
09 38 36
12 38 38
13 39 39
12 39 39
12 37 38
14 37 36
14 39 38
14 40 39
13 39 39
13 38 37
14 38 38
13 37 38
13 36 37
13 38 38
13 37 37
12 36 37
12 37 37
09 37 36
08 38 36
11 38 35
14 38 35
11 36 33
10 36 32
11 34 33
12 36 32
13 36 33
15 36 33
14 37 34
12 35 34
13 35 34
14 36 33
13 37 35
13 37 34
12 37 34
12 37 33
13 37 34
13 37 35
13 39 36
13 38 35
11 39 35
12 38 36
13 38 37
12 38 37
12 38 36
12 38 36
12 38 36
13 36 36
12 36 36
12 37 36
13 38 36
13 37 35
13 38 35
13 37 36
13 36 36
12 37 35
13 37 35
12 37 36
14 36 35
13 38 36
13 36 36
13 37 36
13 37 36
13 37 36
13 37 36
13 37 35
13 37 35
14 37 35
13 36 35
13 38 35
12 37 36
12 39 35
11 39 36
12 37 36
12 37 35
13 37 36
13 37 35
14 37 35
13 37 36
11 38 37
14 37 36
13 37 36
12 37 35
12 38 35
13 37 36
13 37 35
12 37 35
13 37 36
12 38 36
13 38 35
12 38 36
12 38 36
12 38 36
14 37 36
12 38 36
13 37 35
12 38 36
11 38 35
12 37 36
14 38 36
12 39 36
10 41 36
08 47 36
06 51 36
05 54 37
07 54 37
11 58 37
15 58 36
19 54 35
20 53 35
21 52 35
24 50 35
29 46 37
32 41 36
33 39 36
36 39 39
39 37 43
39 36 43
39 36 45
41 36 46
41 36 45
41 33 47
41 36 49
41 33 50
40 30 52
41 33 52
41 33 55
42 34 52
42 36 52
42 35 53
42 35 51
41 34 52
41 36 51
42 36 52
42 36 51
41 36 50
40 37 52
42 36 50
