09 35 36
09 35 36
45 09 35
12 35 35
12 35 35
13 34 36
14 35 37
13 35 36
12 34 36
13 33 37
12 33 36
11 34 37
11 34 37
12 35 36
13 35 38
12 34 37
13 33 37
12 34 38
13 33 38
12 32 37
12 34 37
12 34 37
12 33 37
12 35 37
13 34 37
12 34 37
13 33 37
13 34 36
12 32 37
13 33 37
13 34 37
12 33 36
13 35 36
11 35 37
12 35 37
12 36 36
11 35 36
12 36 36
12 37 37
13 36 36
12 36 36
12 36 36
14 37 35
13 37 35
12 37 36
14 37 35
13 37 36
12 37 36
13 37 36
13 37 36
12 38 35
12 38 36
12 36 35
11 35 34
11 33 34
10 32 33
13 34 33
12 36 34
10 37 34
07 38 34
09 34 35
13 33 36
13 35 35
12 36 36
12 35 36
14 33 36
15 33 36
15 35 35
14 36 37
13 34 36
14 33 36
12 34 37
14 34 35
14 34 36
13 35 36
12 34 36
12 34 35
12 34 35
06 35 34
05 35 35
11 35 34
13 35 33
12 36 33
11 35 35
11 35 34
12 32 34
13 34 33
14 35 33
15 35 33
14 34 33
12 34 34
14 33 33
13 35 33
13 35 33
10 35 33
12 34 34
12 35 35
07 35 35
03 35 33
08 33 35
12 33 35
11 36 38
10 33 37
13 31 34
14 27 34
14 31 34
13 33 35
12 33 34
15 35 35
14 33 36
14 34 36
15 34 35
16 34 35
13 33 35
14 34 35
12 34 34
03 34 34
01 34 34
10 33 33
12 35 34
11 35 35
11 35 33
13 30 34
14 31 33
15 33 33
13 35 33
14 35 33
13 33 33
14 33 34
14 34 33
15 36 34
14 36 33
12 35 34
12 35 34
11 36 36
06 35 35
03 34 35
08 32 37
11 33 36
11 35 38
14 35 36
14 35 34
15 31 35
15 30 32
15 33 34
13 36 34
12 35 35
13 34 36
14 34 37
15 36 38
15 34 37
13 34 38
12 34 36
09 33 35
01 35 36
04 37 35
10 36 36
11 35 35
10 37 33
11 34 33
13 33 34
15 34 34
17 34 34
14 35 33
16 35 34
15 34 34
14 35 33
15 35 33
13 36 33
13 36 33
12 34 35
12 34 33
08 33 35
04 33 34
02 34 36
09 34 36
12 34 38
12 35 39
13 35 36
14 34 36
16 32 37
14 33 37
14 35 37
13 36 37
14 36 38
15 36 38
15 35 39
15 36 37
15 35 38
14 32 37
10 34 36
05 35 36
02 36 36
11 35 36
13 35 35
12 37 34
11 37 34
10 35 35
15 33 35
15 33 34
14 33 34
15 34 34
15 35 33
14 36 33
15 35 33
15 34 34
12 36 33
12 36 34
12 36 35
08 35 35
03 36 34
02 35 35
12 33 36
14 32 36
13 34 37
13 34 36
13 34 35
14 32 36
12 34 37
14 36 38
15 35 38
15 37 37
15 36 37
15 36 36
13 37 38
11 37 36
11 35 36
06 36 36
01 37 35
05 37 36
12 36 34
14 36 34
12 35 33
15 35 33
17 34 33
16 34 33
16 35 33
13 36 33
14 34 34
15 35 34
14 34 33
15 35 34
14 36 33
12 37 34
11 36 34
10 35 35
07 37 35
01 36 36
08 33 36
14 34 38
10 36 37
11 36 35
14 32 34
16 30 36
17 33 35
15 35 34
14 36 35
14 34 35
14 34 36
14 36 37
14 37 36
14 37 37
13 35 37
10 36 35
02 35 35
02 36 35
06 37 34
09 37 34
11 32 33
14 34 34
15 34 34
18 35 34
15 35 33
16 35 33
15 33 33
14 33 34
16 35 32
15 35 34
15 36 33
13 36 35
12 36 36
09 35 35
00 36 35
04 34 35
09 34 37
12 35 39
14 34 36
14 36 35
16 30 35
16 32 35
17 34 35
15 36 35
14 35 35
15 36 37
14 36 38
13 36 37
13 35 38
12 35 37
10 34 36
01 35 35
06 34 35
08 35 34
09 36 33
08 37 33
11 36 33
14 35 35
16 34 34
17 35 34
17 35 34
16 35 33
14 35 34
14 34 33
14 35 32
13 34 33
13 34 33
14 35 34
13 35 35
08 35 34
04 35 35
08 34 36
10 35 37
08 34 38
10 35 37
16 34 36
18 32 36
18 33 36
17 37 36
14 36 36
13 36 36
14 37 37
13 36 37
15 38 36
12 35 37
10 34 36
03 36 35
00 36 35
09 35 35
14 36 35
11 38 34
09 36 33
12 35 34
15 34 34
15 34 34
15 34 34
14 35 33
13 36 33
15 36 34
15 36 34
14 36 34
12 36 34
12 36 34
11 35 34
05 36 33
01 37 34
09 35 37
15 34 38
14 36 38
13 36 36
14 33 37
16 32 36
17 33 36
14 35 37
12 37 36
13 36 37
14 35 37
14 36 37
15 37 38
15 36 37
14 36 37
13 35 38
11 35 36
06 36 36
04 36 36
10 35 36
12 37 35
10 36 35
10 37 35
14 35 35
15 33 35
16 35 34
16 34 35
16 34 34
17 34 35
15 34 33
14 35 33
13 35 33
11 35 33
09 35 34
10 36 36
06 37 36
02 36 37
08 34 38
12 35 38
12 36 39
11 35 35
15 34 35
15 33 36
15 35 35
15 36 36
16 37 37
15 37 37
14 37 38
15 37 39
13 36 38
12 36 38
13 36 38
12 36 37
05 36 36
01 36 37
11 35 36
14 36 35
11 38 34
09 38 34
12 35 34
16 33 34
16 33 35
16 34 33
15 35 33
14 36 34
14 35 33
14 35 33
13 36 32
15 36 34
13 35 35
13 35 36
10 35 35
03 36 34
06 34 35
09 34 37
06 37 37
09 37 37
13 36 35
18 36 34
18 32 34
16 34 36
14 37 35
13 38 34
13 36 36
12 35 36
14 37 36
13 35 36
13 36 35
13 36 37
09 35 36
04 36 35
06 37 35
10 36 35
08 37 34
08 36 33
12 34 34
15 35 34
17 34 34
17 36 34
17 37 33
15 36 33
15 35 33
16 34 33
13 34 34
12 35 32
13 34 33
11 35 34
09 35 35
02 36 35
03 35 35
11 33 35
14 34 38
13 36 38
15 34 36
15 34 34
13 31 35
14 32 37
14 34 37
15 36 36
15 36 37
15 37 38
15 37 37
15 38 37
12 37 38
11 36 37
05 37 36
01 35 38
07 35 37
12 34 36
12 35 36
11 34 36
11 36 35
14 35 35
16 35 34
16 34 34
16 34 33
15 32 33
15 35 33
15 35 33
14 34 34
13 35 33
11 35 34
12 36 34
11 33 34
03 34 34
02 34 35
12 34 38
13 36 40
13 36 38
14 35 36
13 34 35
14 32 36
14 33 36
15 36 37
16 35 37
16 36 36
16 38 36
14 35 36
14 36 36
14 34 38
12 33 37
06 35 36
00 36 36
07 35 37
11 36 36
10 37 35
10 38 35
13 36 36
14 34 36
15 35 35
15 36 34
16 33 34
15 33 34
14 32 34
15 33 32
15 34 34
13 35 34
14 34 35
12 35 35
11 35 36
04 36 36
03 35 36
11 31 38
14 33 39
13 33 37
11 35 34
14 35 35
15 32 37
13 33 37
15 36 38
15 36 38
15 34 37
14 35 38
15 36 37
13 34 37
14 32 36
10 34 35
01 36 34
01 35 36
09 34 35
11 35 35
11 37 34
10 36 34
11 31 35
13 32 35
13 34 34
16 34 34
15 35 33
16 35 34
15 35 34
15 35 33
14 35 33
14 35 32
13 35 32
10 34 32
09 35 32
02 37 34
04 36 35
12 34 36
13 36 37
11 36 37
11 35 35
14 32 34
16 32 36
16 33 36
17 37 37
17 37 36
13 35 37
13 36 38
14 35 36
13 35 37
12 34 38
09 35 36
07 34 35
04 35 36
09 34 37
11 36 34
08 38 33
08 35 34
12 37 34
16 33 34
17 34 34
16 35 33
14 37 33
13 35 33
16 34 33
17 34 33
16 35 33
15 37 33
13 35 35
11 35 35
08 35 34
01 36 34
03 34 36
12 33 37
14 34 38
13 36 37
13 35 34
14 33 34
15 31 36
15 33 36
15 37 35
15 36 35
15 37 36
16 36 36
16 36 37
15 35 38
14 35 37
12 34 37
06 33 35
00 36 36
03 36 36
10 34 36
11 36 35
10 37 33
12 34 34
14 33 34
16 33 34
16 34 32
15 36 33
14 34 32
14 35 33
14 35 33
15 35 33
13 36 32
12 37 33
12 36 34
11 36 34
08 36 36
03 38 36
04 36 36
11 33 37
11 36 38
12 36 36
14 36 35
17 33 33
18 33 34
16 36 35
15 38 34
15 37 36
14 36 37
14 35 36
14 35 36
14 34 36
14 35 36
13 33 36
10 34 35
02 35 34
04 34 35
11 35 35
12 36 34
10 35 33
11 35 33
13 32 34
15 34 34
16 35 33
15 35 33
15 35 34
14 36 34
15 35 34
13 34 34
11 34 34
11 34 34
11 33 34
10 36 35
02 37 34
05 33 36
12 33 37
11 34 37
12 34 36
11 35 36
16 35 34
17 33 34
16 32 35
16 35 36
15 36 36
14 35 37
14 36 38
15 35 37
15 35 37
13 35 37
11 35 37
11 35 37
06 34 36
04 36 36
10 36 37
09 38 34
09 35 34
10 35 35
14 34 35
16 34 35
16 35 34
17 35 34
15 35 35
14 35 34
14 33 33
15 34 33
13 36 34
12 35 34
12 34 35
12 33 35
08 35 36
02 34 36
07 34 38
13 33 37
15 35 38
13 34 36
12 35 35
15 32 36
14 32 37
15 35 38
16 36 37
15 36 37
14 36 37
13 35 37
13 35 38
15 36 38
14 34 38
11 35 36
01 37 35
00 35 37
11 35 37
15 35 34
14 36 33
10 37 34
11 37 35
14 34 34
15 34 33
16 35 34
15 35 34
13 35 33
15 34 33
13 33 34
15 35 33
14 35 33
13 35 34
12 33 35
11 35 36
06 35 33
01 36 35
07 35 38
14 35 37
14 34 39
13 36 36
11 35 36
12 32 37
14 33 37
16 33 38
16 35 36
15 37 38
15 35 37
15 34 38
15 35 36
13 36 36
12 36 37
11 35 36
04 35 36
00 35 35
08 34 36
15 35 35
14 35 34
13 35 34
12 36 33
13 34 33
15 33 33
14 33 33
13 34 32
13 34 31
14 34 33
13 34 33
13 34 34
13 33 34
11 35 34
12 33 36
12 33 35
06 35 35
02 34 35
08 33 36
14 32 36
14 36 36
11 36 35
12 34 36
14 32 35
15 34 35
15 34 35
14 35 35
13 34 36
13 33 36
12 34 37
13 34 37
14 33 37
13 34 36
14 34 36
11 34 35
05 36 34
03 35 36
10 34 33
12 35 33
11 38 32
10 35 32
12 34 31
15 34 33
16 33 33
16 35 32
15 37 32
14 36 32
12 36 33
13 37 34
13 36 34
13 38 34
12 38 34
11 37 35
10 38 35
07 36 34
02 36 33
08 35 36
17 35 36
17 36 35
13 36 34
10 37 35
13 34 34
15 35 35
16 37 35
13 38 34
14 37 35
12 36 36
13 36 36
12 35 34
14 32 33
13 34 33
10 34 32
09 35 32
07 33 30
09 31 31
14 35 32
13 35 33
14 34 32
12 34 29
13 32 28
13 32 30
13 34 32
12 32 31
12 33 30
12 31 31
12 31 32
12 32 32
11 34 31
11 34 31
12 33 32
11 34 33
11 35 33
09 35 32
05 34 33
08 34 33
14 33 36
16 33 36
12 36 33
09 36 33
09 34 34
12 33 36
16 34 35
16 35 35
16 36 36
14 37 34
14 36 36
14 35 35
14 34 36
13 34 36
12 35 36
13 35 34
10 35 35
09 36 35
09 36 35
12 36 33
11 38 35
11 36 34
12 34 33
12 33 34
13 33 32
11 33 32
11 33 32
11 32 32
13 32 32
13 33 31
13 36 32
14 35 32
13 34 31
14 34 32
14 34 33
13 35 34
13 36 34
11 34 35
