16 40 41
16 40 41
15 41 42
15 41 42
15 41 42
16 42 42
16 41 42
15 41 42
16 41 41
15 41 42
17 42 41
16 41 42
17 42 41
17 41 41
17 41 41
16 42 41
15 41 42
16 41 43
15 42 42
16 41 43
17 42 44
16 41 43
16 41 42
16 40 43
17 38 43
18 42 44
17 41 44
17 41 44
19 42 45
18 44 44
18 39 44
18 38 44
19 38 46
18 37 44
19 38 45
18 39 46
20 38 46
19 39 47
20 39 48
19 38 48
21 39 48
22 39 48
22 40 47
22 40 48
22 37 47
20 37 48
21 39 48
20 38 48
19 38 48
19 42 49
17 43 49
17 44 49
18 43 48
18 42 46
22 39 44
23 41 44
22 41 45
23 42 45
23 41 45
21 42 45
20 44 46
21 45 46
21 44 46
23 44 46
22 41 46
23 43 47
24 44 47
23 44 47
24 44 49
23 45 49
23 44 47
22 43 49
23 44 47
21 43 48
17 43 49
18 42 49
18 40 46
19 40 44
20 38 45
20 39 46
20 39 45
22 39 45
23 40 46
23 38 44
23 39 46
24 39 46
22 39 47
22 41 50
22 40 49
23 42 49
25 41 50
24 43 50
26 45 51
25 46 50
23 45 51
20 45 51
17 44 52
15 45 51
19 43 49
23 39 45
27 37 42
26 42 44
25 42 45
25 43 46
26 43 45
25 42 46
25 42 47
25 42 48
24 43 48
23 41 47
24 40 47
24 42 48
23 42 48
23 44 49
22 44 49
21 44 50
19 45 48
15 43 49
14 42 47
15 41 46
16 42 46
19 40 45
21 40 43
20 40 43
20 41 43
20 38 43
20 38 43
19 39 43
19 39 44
20 38 45
19 38 45
19 38 45
18 38 45
18 38 47
17 39 47
17 40 49
16 41 48
17 41 50
16 42 51
16 45 51
15 43 49
14 44 48
16 42 47
19 40 46
23 38 42
23 38 41
23 37 43
22 37 42
22 39 41
19 39 41
15 38 41
14 37 40
14 40 40
14 42 40
14 41 39
12 40 41
12 40 41
12 41 42
13 38 43
11 39 42
10 38 41
10 38 40
12 37 40
11 35 39
13 35 37
14 34 37
14 34 38
15 36 40
17 35 40
18 35 40
17 34 40
17 35 40
16 34 40
16 36 41
15 34 41
15 35 40
14 34 41
14 34 40
11 35 39
09 35 40
09 36 39
08 36 38
10 37 38
10 37 37
11 36 38
12 35 37
12 36 36
14 35 35
12 37 35
14 36 33
14 35 35
14 35 35
12 36 36
13 38 35
12 36 37
12 34 36
12 36 35
12 34 37
13 36 36
12 37 37
12 35 38
12 35 38
12 35 37
10 36 38
08 35 36
06 35 37
08 34 38
14 34 36
15 35 37
13 33 37
15 34 38
14 34 39
14 34 40
14 37 40
15 35 39
15 34 39
14 34 38
13 31 37
14 33 35
13 31 35
12 30 33
10 30 33
11 30 35
11 31 36
13 32 36
12 32 36
12 32 36
10 32 36
10 31 35
11 32 34
12 31 33
14 33 34
12 30 34
10 32 33
10 34 34
08 34 34
09 34 34
11 34 34
14 33 33
12 32 35
12 32 34
14 32 35
12 33 35
12 33 36
13 32 35
15 33 35
13 32 35
11 32 36
13 32 37
12 32 36
11 33 37
11 33 36
10 31 36
13 32 36
13 32 36
13 32 36
12 32 36
13 32 36
13 33 37
13 34 36
13 34 36
13 33 36
12 33 36
11 35 35
11 35 36
11 35 36
13 34 35
13 35 36
13 35 36
13 36 35
12 36 35
12 36 35
12 36 36
12 36 36
10 37 35
10 37 37
12 37 35
12 37 36
14 38 36
13 38 35
13 38 34
13 39 35
14 38 36
13 38 36
14 37 35
13 38 35
12 38 35
12 40 35
11 37 35
11 38 35
09 36 35
08 37 34
13 35 34
09 34 35
07 36 35
10 34 36
15 34 35
16 34 36
16 35 37
15 35 36
16 35 37
15 35 37
16 36 39
15 38 39
13 38 38
16 40 39
15 38 39
15 39 39
17 40 39
15 40 38
14 41 39
13 41 38
11 42 39
10 41 38
09 43 37
06 43 36
05 44 35
10 45 36
12 42 35
14 40 35
13 41 34
12 45 34
14 42 32
15 41 32
17 40 33
16 40 32
17 41 32
18 41 33
20 38 33
20 39 33
17 39 34
15 39 33
14 41 33
12 39 34
11 40 35
10 39 33
06 40 34
03 38 33
02 39 35
07 38 37
13 37 35
15 36 35
15 36 35
14 38 36
17 39 36
17 39 35
17 40 35
18 39 35
16 38 35
14 38 36
14 37 36
13 38 36
14 39 36
12 40 36
10 39 37
09 37 35
07 37 35
05 37 35
03 39 35
04 38 35
10 37 35
12 35 34
10 36 33
12 37 33
13 36 32
15 37 33
15 35 31
15 35 32
15 36 32
15 37 31
16 37 31
16 37 33
16 37 33
13 38 33
12 38 33
11 37 33
13 38 33
08 38 34
07 39 32
05 39 32
04 40 35
10 37 35
15 35 33
16 34 33
15 35 35
17 39 35
18 38 36
18 37 35
15 38 36
15 39 36
14 39 36
12 39 36
14 38 37
16 39 36
15 38 36
12 40 37
08 38 36
09 36 34
07 37 35
03 40 35
01 42 36
03 40 34
09 37 34
12 37 34
12 39 33
12 38 32
15 37 32
16 36 32
17 35 31
15 35 31
16 37 31
15 36 30
15 36 31
16 37 32
15 36 32
15 38 32
14 37 32
13 39 32
12 39 33
08 38 33
06 38 32
04 38 34
05 39 35
12 38 36
15 35 36
13 34 34
15 36 35
13 37 35
16 37 37
17 38 37
16 38 35
15 39 37
14 39 37
16 38 37
15 37 36
13 38 35
11 39 37
10 40 36
09 38 36
09 37 35
09 38 34
04 39 35
03 40 35
04 37 33
11 37 33
13 36 32
12 36 31
11 36 31
13 36 31
15 35 31
17 34 32
16 36 31
13 37 32
12 36 31
14 36 30
15 35 32
14 36 32
15 38 31
13 38 32
13 38 32
14 40 33
11 39 33
06 39 33
06 38 33
05 38 34
11 38 35
15 36 35
15 35 35
15 36 34
15 38 35
15 36 36
16 36 36
15 37 36
16 37 36
15 37 36
15 37 36
14 35 36
12 36 36
12 36 36
11 38 36
12 40 36
10 39 35
09 40 35
09 40 35
08 41 35
07 40 34
09 38 34
12 38 32
11 39 35
09 39 32
11 36 33
16 36 32
17 37 32
18 37 32
16 36 31
15 37 31
15 35 33
15 36 32
13 35 32
14 36 31
13 37 32
12 39 33
10 37 33
12 38 34
12 38 34
11 39 33
08 38 33
05 38 33
04 39 33
13 38 34
17 37 35
17 40 35
15 40 35
15 38 35
16 39 36
18 40 36
16 40 36
14 39 35
14 39 35
13 38 34
14 36 33
12 37 34
13 37 33
13 37 35
14 38 35
13 39 33
12 40 33
12 40 34
08 42 34
05 42 33
05 41 32
10 40 33
12 40 33
12 39 33
11 39 32
12 34 31
15 37 32
17 37 32
16 37 31
16 37 30
13 37 30
14 37 31
15 36 31
12 38 30
10 38 30
09 37 30
10 38 30
11 39 31
08 36 31
07 37 31
07 37 31
07 37 33
10 33 33
12 34 31
14 34 34
16 37 34
18 38 36
18 39 35
18 38 37
16 36 37
13 37 38
13 41 38
13 44 34
15 41 36
13 38 35
11 37 35
09 37 35
10 36 35
06 37 34
03 38 34
01 39 34
06 40 33
11 37 32
11 36 32
11 36 31
11 37 31
13 36 31
17 35 31
18 36 30
18 36 30
19 37 32
17 37 32
17 37 32
15 38 32
14 37 32
11 38 31
10 38 32
12 39 34
09 39 34
07 39 31
05 40 33
02 39 34
08 38 34
12 35 35
14 34 33
14 36 34
18 38 35
18 39 35
19 37 35
18 38 35
18 39 34
16 38 35
13 36 35
14 38 34
15 37 34
12 39 35
09 38 36
08 38 36
09 37 36
04 39 35
02 40 37
02 40 35
09 37 34
11 35 34
11 35 33
12 33 30
14 36 31
16 36 30
19 36 29
18 37 29
16 36 29
15 37 29
17 38 30
18 38 32
15 38 30
13 38 32
11 38 31
10 38 31
10 38 31
06 37 31
03 39 31
05 38 32
11 36 34
15 36 35
14 34 36
15 38 35
17 42 34
19 40 34
20 35 34
18 38 35
16 38 36
13 38 35
14 41 34
13 37 34
14 38 35
11 39 35
08 40 34
08 38 34
09 37 33
04 39 34
02 40 33
05 39 33
10 36 33
09 37 34
09 35 31
12 37 31
12 35 30
17 35 30
17 35 30
18 38 31
17 35 31
19 36 30
18 36 31
17 39 30
15 38 30
13 41 30
11 40 31
11 40 31
11 39 31
09 40 30
04 39 30
04 40 31
09 39 34
13 37 33
13 36 35
14 38 35
14 39 34
16 37 34
18 36 34
17 35 35
16 38 36
16 40 33
14 39 31
14 38 32
14 38 33
12 37 33
10 38 33
08 37 32
09 37 32
05 38 32
03 37 32
05 37 32
10 36 31
11 34 31
11 36 31
12 36 30
15 34 28
17 32 30
18 35 30
17 37 31
18 37 30
18 35 31
17 36 30
16 38 31
14 36 31
13 38 31
11 37 31
11 37 31
10 38 33
06 37 32
06 36 31
05 36 30
08 35 34
11 33 33
11 32 31
12 32 31
13 35 34
16 37 34
16 36 34
17 36 33
16 36 33
15 35 33
15 36 33
13 36 33
13 36 33
12 36 34
10 37 34
10 38 34
10 38 33
07 39 32
06 39 32
04 38 32
08 39 31
08 41 33
11 41 34
14 39 33
14 36 31
16 37 29
16 37 30
17 36 29
18 37 31
16 36 31
13 33 31
14 35 31
14 37 31
13 37 31
12 38 31
10 38 31
12 38 33
08 37 32
06 37 33
06 36 32
09 37 34
11 37 36
13 36 34
14 35 34
15 35 35
16 36 35
17 34 34
16 36 35
16 37 35
15 37 35
14 37 35
13 37 35
15 36 34
14 38 35
13 38 35
12 39 36
11 40 35
10 39 34
10 40 34
06 41 35
02 41 35
04 41 35
09 40 34
11 38 35
07 39 34
09 38 31
12 36 32
14 35 31
15 35 31
16 38 31
18 38 32
21 37 31
21 37 33
19 38 32
16 40 32
13 39 32
10 39 32
11 38 33
06 39 34
05 38 32
05 39 33
07 39 35
10 36 35
13 36 35
14 36 34
15 37 34
17 38 35
17 38 35
18 37 34
18 37 35
17 37 35
16 37 35
15 38 34
12 39 36
13 38 37
11 40 36
10 39 36
10 38 35
09 37 34
07 39 35
05 41 35
02 41 35
07 41 35
11 37 34
12 38 34
11 36 33
11 36 32
14 36 31
16 35 31
15 35 32
15 36 31
16 37 30
16 38 31
18 38 30
18 37 32
16 36 32
15 38 32
12 39 32
12 40 32
10 40 34
08 39 34
06 37 32
04 37 33
08 38 34
14 38 35
13 36 35
13 38 34
14 38 34
18 39 34
18 37 34
19 39 33
17 38 34
16 38 35
17 37 35
14 37 34
12 37 34
10 39 36
09 40 36
09 39 34
09 38 33
04 39 34
01 41 34
02 41 34
08 39 33
11 36 33
13 35 33
13 36 33
16 37 31
18 35 31
18 35 31
18 36 30
16 37 30
16 36 30
16 37 30
15 36 31
14 37 31
13 37 31
11 38 32
11 40 32
13 40 33
10 38 31
06 37 32
04 38 32
06 39 34
13 36 36
14 36 35
14 35 34
15 37 34
18 38 34
19 37 33
19 37 34
18 38 34
16 38 34
15 39 34
14 40 33
13 41 33
13 40 34
12 40 34
12 43 34
10 42 34
08 40 33
04 41 33
04 42 33
04 42 32
08 37 34
11 39 34
12 38 34
14 39 31
15 37 29
17 35 30
17 35 29
17 35 30
15 36 30
14 37 32
16 38 31
16 37 31
15 38 32
11 37 32
10 37 30
12 38 32
12 37 33
09 38 32
05 39 33
04 36 33
14 37 35
15 35 35
12 37 34
13 36 33
16 37 34
16 38 35
18 37 35
18 38 34
16 39 35
17 38 35
15 39 34
15 40 34
15 40 36
14 38 34
12 39 35
09 40 35
10 39 35
09 39 33
06 40 33
02 40 34
02 39 31
08 38 31
13 38 33
13 38 33
13 37 31
14 35 30
15 34 30
16 35 30
17 34 32
16 37 30
15 36 30
16 37 31
15 37 31
14 38 32
14 39 31
13 38 30
12 37 31
13 37 33
11 37 33
06 37 32
05 37 31
05 36 33
13 34 34
14 33 34
13 34 32
14 34 32
15 35 33
17 35 36
16 35 35
16 36 35
16 36 35
13 37 35
13 38 35
14 38 34
14 37 35
13 37 35
12 37 34
12 36 34
10 35 33
10 36 33
08 35 31
06 36 31
05 34 30
08 34 30
15 35 32
15 35 31
14 33 32
12 35 30
11 33 29
11 33 29
11 33 30
13 33 29
13 35 30
13 33 29
14 35 29
13 35 30
13 34 31
12 35 30
11 36 31
12 36 31
12 37 32
13 37 32
12 38 32
12 37 32
11 37 32
11 38 31
09 39 33
12 39 33
13 38 34
16 37 33
16 36 33
14 37 32
14 37 34
14 37 35
15 37 35
14 39 35
12 39 35
12 38 36
12 37 37
12 39 36
12 39 37
11 40 36
11 38 34
08 38 34
10 37 33
10 37 32
09 36 32
08 36 32
11 36 33
09 34 32
12 33 32
13 34 32
14 35 32
13 35 32
13 36 30
12 39 33
13 40 34
13 40 33
13 39 32
13 39 32
11 41 35
11 41 35
12 39 35
13 39 35
16 38 35
17 40 36
16 41 38
14 42 38
14 40 38
14 38 40
14 40 40
14 38 40
15 38 41
15 38 41
16 39 40
15 40 40
16 41 41
14 40 40
16 38 41
14 40 42
15 39 39
15 39 39
14 39 38
17 39 38
14 40 38
12 40 37
13 41 36
16 41 35
17 40 34
17 41 34
15 43 35
14 44 35
13 44 34
11 45 34
12 45 34
13 44 35
13 43 34
14 42 34
15 42 35
15 41 34
16 41 33
15 42 33
15 43 33
