05 37 33
05 37 33
01 38 33
01 38 33
11 38 33
13 38 35
13 37 35
13 37 34
12 38 33
08 39 32
12 39 35
14 38 34
13 38 34
14 37 34
15 37 34
14 39 34
14 40 33
13 39 33
14 40 32
11 41 33
11 40 34
13 39 35
13 40 36
13 40 36
14 40 36
13 40 37
12 40 37
12 41 38
14 41 35
16 42 36
19 40 37
20 41 38
20 40 36
19 42 37
18 42 38
14 43 34
09 47 35
10 46 35
10 43 36
13 45 34
15 43 37
16 41 35
15 44 34
16 44 33
15 43 33
14 42 33
14 42 33
14 43 33
14 42 32
16 42 33
14 42 33
14 43 33
12 43 33
14 43 34
14 44 33
10 43 34
08 42 33
10 40 34
13 40 35
15 39 36
15 40 37
15 39 36
12 41 36
12 40 36
14 38 36
15 40 36
15 39 36
15 39 36
14 37 36
14 37 35
15 37 36
16 36 35
15 37 37
15 37 37
13 37 37
06 38 34
00 38 35
06 40 34
14 39 36
15 40 36
16 39 36
14 38 35
12 38 35
15 39 34
16 41 36
15 38 35
16 38 35
16 38 35
15 39 35
16 38 35
16 39 35
14 39 35
12 40 35
10 40 35
04 38 36
01 39 33
08 38 35
15 38 39
15 37 38
12 34 36
13 34 35
14 35 36
17 36 36
16 36 36
16 36 35
16 37 37
15 36 39
17 36 38
18 36 38
16 37 39
13 38 39
11 37 38
07 37 35
01 38 36
04 41 33
10 42 36
11 41 35
12 41 36
13 39 34
13 39 33
15 39 34
17 39 35
17 37 33
17 39 33
16 40 32
17 39 33
17 40 33
14 38 34
09 39 34
07 40 34
03 39 34
00 39 32
06 37 33
16 37 38
14 34 36
12 35 33
13 33 33
14 36 34
16 37 35
17 34 34
19 38 36
17 39 36
16 39 36
16 39 36
17 38 35
17 37 36
16 39 37
14 40 38
11 39 36
05 39 35
00 40 35
06 41 37
14 41 36
13 40 35
12 39 34
13 39 34
14 38 33
15 40 34
16 38 33
16 38 32
16 39 33
16 40 34
16 39 33
16 38 33
13 39 34
11 39 33
09 38 34
03 37 33
01 38 32
11 38 36
15 38 38
13 35 36
12 34 34
14 36 34
15 36 36
17 37 37
16 37 35
16 37 38
16 37 37
16 37 37
16 38 39
16 38 38
16 38 39
14 38 39
12 38 38
08 38 36
02 40 35
03 39 36
11 40 36
13 38 36
12 39 35
11 38 33
12 37 33
13 38 34
17 38 35
17 38 34
16 36 34
16 37 33
15 38 34
16 38 33
14 38 33
15 38 34
13 38 35
11 38 35
07 39 34
01 39 33
05 38 34
15 39 38
16 38 39
14 38 38
13 35 36
15 38 36
15 36 38
18 40 38
16 40 36
16 39 38
15 38 37
17 40 36
16 39 36
16 40 36
16 38 38
13 39 36
11 40 35
02 41 34
02 39 33
10 43 34
13 42 34
15 40 34
17 40 32
15 39 33
13 39 33
15 41 32
14 39 34
14 39 35
15 39 34
15 40 34
14 38 34
15 40 35
14 39 35
13 39 34
10 39 35
09 39 34
08 37 33
03 40 32
08 39 33
15 38 35
16 37 32
13 37 31
13 37 33
12 38 33
14 38 34
15 38 36
17 37 36
18 38 36
18 37 37
15 38 36
15 38 37
15 38 38
15 40 39
12 39 38
08 39 36
01 40 35
02 39 35
10 41 36
13 41 35
13 40 35
13 37 34
14 37 33
14 37 34
15 38 34
18 38 34
19 38 35
17 39 34
16 38 33
16 38 34
16 38 34
13 39 35
10 40 34
07 39 35
02 40 33
06 39 34
13 40 40
13 39 39
11 37 37
13 36 37
16 37 37
17 39 37
19 38 37
18 37 37
17 38 37
17 39 37
16 39 37
18 40 38
15 39 38
13 39 39
10 38 36
02 40 36
01 40 36
09 40 36
12 40 35
10 40 35
12 38 33
13 38 31
15 39 33
16 39 34
18 39 34
18 37 34
18 36 33
18 39 34
18 37 34
16 39 34
12 37 35
09 39 33
07 39 33
03 40 33
03 38 33
11 38 36
14 39 38
13 38 35
13 35 35
15 37 36
15 38 36
18 38 37
19 38 36
18 38 37
16 38 38
15 39 36
16 39 37
16 39 37
15 40 38
12 38 39
08 38 37
02 40 37
03 40 35
10 39 36
12 41 35
10 41 34
11 36 31
11 37 33
15 37 34
19 38 33
18 37 34
18 37 33
19 38 34
18 37 33
17 39 33
14 40 34
10 39 34
08 38 35
07 40 34
01 37 33
07 39 33
16 41 38
14 38 38
13 37 34
14 34 34
15 35 37
17 39 37
17 39 38
19 38 36
17 37 37
16 37 37
15 38 37
17 38 36
17 38 38
14 40 38
10 37 37
08 37 36
00 40 35
03 39 35
11 40 34
11 40 34
10 40 34
13 36 32
15 39 33
16 40 34
17 39 33
17 37 33
17 36 33
15 36 32
17 38 33
15 40 34
13 38 33
10 37 33
06 38 34
02 38 32
04 38 33
14 39 38
13 36 37
11 35 35
12 34 36
14 38 36
17 38 36
18 38 35
18 37 36
17 37 37
16 36 37
15 38 36
16 37 37
16 39 37
14 37 37
11 39 37
07 37 35
00 41 34
02 41 35
11 40 36
12 39 35
11 38 35
13 37 33
14 36 34
17 37 34
16 38 34
16 38 34
17 36 33
16 37 32
16 36 33
17 38 33
15 38 34
12 39 34
09 39 34
04 39 34
00 38 33
06 38 35
15 39 38
15 37 38
12 36 34
13 35 35
15 38 36
16 39 36
17 36 36
17 36 36
17 38 36
15 38 36
15 39 37
17 38 38
17 39 37
13 39 39
11 37 37
07 37 36
01 41 36
03 41 35
07 41 34
12 38 35
12 39 34
11 39 34
12 38 34
14 39 33
16 38 34
15 38 34
17 37 33
17 38 33
18 39 34
18 39 34
17 38 35
12 38 34
10 37 33
08 38 34
01 39 33
03 39 33
16 39 38
15 37 38
12 36 34
11 33 33
13 34 35
15 38 37
17 39 37
19 38 36
18 36 36
17 38 37
15 38 37
16 38 36
15 38 37
15 39 39
13 38 39
10 38 36
04 39 35
00 41 36
06 40 34
12 41 35
11 38 35
11 37 34
12 38 32
15 38 33
17 39 33
17 36 32
17 37 32
17 36 33
16 37 33
16 38 34
16 38 33
14 39 34
10 38 33
08 39 33
03 40 32
01 38 32
11 40 36
16 36 36
14 35 33
11 34 34
14 35 35
14 37 35
17 38 36
17 38 38
18 35 35
18 36 35
15 38 36
14 39 36
15 38 36
14 37 37
13 39 38
10 38 36
02 40 35
00 41 36
06 40 36
12 38 36
12 39 36
13 36 35
13 36 32
13 37 34
12 37 34
16 37 34
18 36 34
18 36 34
18 37 34
18 37 34
17 38 33
15 38 33
11 39 34
09 38 34
06 39 34
02 39 33
04 38 33
14 38 37
15 37 37
14 36 36
13 35 34
15 36 36
16 37 37
17 38 36
17 36 37
18 37 37
17 38 37
15 38 37
18 37 38
18 39 38
15 39 39
11 38 38
07 37 35
00 40 36
02 41 36
09 40 36
13 40 35
10 38 35
10 38 34
14 38 33
15 37 33
16 37 35
17 38 33
18 38 34
17 37 33
16 37 34
16 38 34
15 38 34
12 39 34
12 39 35
08 39 35
01 38 34
02 38 32
13 37 38
14 38 37
09 36 34
10 35 34
12 35 33
15 36 35
16 38 36
19 39 36
16 36 37
17 38 36
15 38 37
15 39 36
15 39 37
16 41 37
14 39 38
11 38 36
08 37 36
00 42 36
04 39 36
12 40 36
13 39 34
10 37 35
11 37 33
14 37 34
15 38 33
16 37 34
18 36 33
17 36 33
17 38 33
16 37 33
16 38 34
15 38 34
12 39 34
09 39 35
07 38 35
03 38 34
05 38 34
14 38 37
15 35 37
12 35 35
13 35 35
14 36 36
16 37 38
17 37 37
16 37 36
17 36 36
15 37 37
15 39 37
14 38 37
16 38 38
15 38 38
12 38 38
10 37 36
04 39 37
00 39 36
07 40 36
11 40 36
13 39 36
10 38 35
10 36 32
12 38 33
14 39 34
16 37 34
17 36 33
17 36 31
18 37 33
18 38 34
15 36 34
15 39 34
11 39 34
11 38 34
09 38 36
04 37 35
02 38 33
13 38 35
14 38 38
10 37 35
11 34 34
15 35 35
15 38 36
17 37 36
18 38 36
18 38 37
16 38 36
15 39 37
14 39 38
16 39 38
14 39 38
13 38 39
11 37 36
04 38 36
00 38 35
07 40 35
14 38 35
13 37 34
12 36 34
12 37 33
13 37 33
15 38 33
16 37 33
17 37 33
17 37 34
16 36 34
15 38 33
16 38 33
13 38 34
12 38 34
09 38 34
06 38 34
00 38 33
02 37 32
12 37 37
16 37 36
12 36 35
11 35 34
13 34 35
15 36 37
15 36 36
18 36 37
17 37 37
15 38 36
15 38 36
14 38 37
16 38 37
13 38 37
12 38 37
11 38 37
08 38 35
01 40 35
06 40 35
11 39 35
13 38 36
12 36 34
10 37 33
13 38 33
14 37 33
15 36 32
16 36 32
17 37 33
17 37 34
15 38 33
14 39 33
14 39 34
11 38 34
12 39 34
09 39 35
03 38 34
03 38 33
12 40 37
15 38 37
12 35 35
11 36 34
12 36 34
16 38 36
15 38 35
16 37 35
17 38 36
17 38 36
15 38 36
15 38 36
15 38 37
14 38 37
12 37 37
12 38 37
09 38 36
01 39 36
03 38 35
11 37 34
13 36 35
11 36 35
12 37 33
12 37 33
15 37 33
16 37 32
16 37 33
17 37 33
15 37 33
17 36 34
17 37 33
16 38 33
13 38 34
11 38 35
08 38 35
02 37 33
01 37 33
12 36 37
15 36 37
12 36 33
11 34 35
14 36 37
16 36 37
17 36 36
18 35 36
18 36 35
16 37 36
15 38 36
17 37 36
14 38 37
14 38 37
13 37 37
10 37 36
04 39 36
01 39 36
07 39 35
11 39 35
13 37 34
12 37 34
12 36 34
13 38 33
15 37 34
15 36 33
16 36 32
15 36 33
17 37 32
15 39 33
15 38 34
15 38 34
12 38 34
11 39 34
10 38 34
06 37 33
02 39 31
09 38 33
15 37 36
11 37 35
10 36 33
12 37 35
15 38 36
14 37 35
16 37 35
16 37 36
16 37 35
15 39 36
14 38 37
16 38 36
16 38 37
13 37 37
12 37 36
09 38 36
01 42 35
04 40 35
10 40 35
14 39 35
13 36 35
12 37 34
12 36 33
15 38 34
16 37 33
15 36 33
16 36 32
15 37 32
16 36 33
16 37 32
16 37 33
14 38 34
12 38 34
09 38 34
04 39 33
01 38 33
09 37 35
16 37 37
13 35 35
11 35 34
14 37 34
16 37 36
14 36 36
17 36 36
16 36 36
16 38 36
15 37 35
14 38 36
15 39 36
15 38 38
14 39 39
13 39 38
10 36 35
04 41 36
02 39 35
09 40 34
11 37 35
15 36 36
13 35 34
11 37 33
11 37 32
12 39 32
14 37 33
15 37 33
16 37 33
15 38 33
16 37 32
16 37 33
15 38 35
14 38 34
12 38 35
11 40 34
09 40 35
03 39 35
06 39 35
14 38 37
17 39 37
15 37 36
12 36 35
11 38 36
11 39 36
14 37 35
15 37 35
15 36 35
16 36 35
14 38 36
15 38 36
15 38 37
15 37 36
14 40 37
15 37 37
12 37 36
05 39 35
01 40 34
11 38 34
13 39 34
14 38 35
17 37 35
15 36 34
12 37 34
09 38 32
09 38 31
09 38 31
10 37 32
14 37 32
14 37 32
15 37 32
14 37 33
13 38 33
13 37 33
12 39 34
13 40 34
13 39 34
09 40 35
11 39 34
13 40 35
15 40 37
16 40 38
17 39 38
16 39 38
11 39 38
12 40 38
13 40 37
13 40 36
14 40 37
